>data-XVI-cerevisiae-intergenic-358
N: 264
Methods: voss, eiip, qpsk, mem, tbpse, snrse

M: voss
 freq      0.0   0.0038   0.0076   0.0114   0.0152   0.0189   0.0227   0.0265   0.0303   0.0341   0.0379   0.0417   0.0455   0.0492    0.053   0.0568   0.0606   0.0644   0.0682    0.072   0.0758   0.0795   0.0833   0.0871   0.0909   0.0947   0.0985   0.1023   0.1061   0.1098   0.1136   0.1174   0.1212    0.125   0.1288   0.1326   0.1364   0.1402   0.1439   0.1477   0.1515   0.1553   0.1591   0.1629   0.1667   0.1705   0.1742    0.178   0.1818   0.1856   0.1894   0.1932    0.197   0.2008   0.2045   0.2083   0.2121   0.2159   0.2197   0.2235   0.2273   0.2311   0.2348   0.2386   0.2424   0.2462     0.25   0.2538   0.2576   0.2614   0.2652   0.2689   0.2727   0.2765   0.2803   0.2841   0.2879   0.2917   0.2955   0.2992    0.303   0.3068   0.3106   0.3144   0.3182    0.322   0.3258   0.3295   0.3333   0.3371   0.3409   0.3447   0.3485   0.3523   0.3561   0.3598   0.3636   0.3674   0.3712    0.375   0.3788   0.3826   0.3864   0.3902   0.3939   0.3977   0.4015   0.4053   0.4091   0.4129   0.4167   0.4205   0.4242    0.428   0.4318   0.4356   0.4394   0.4432    0.447   0.4508   0.4545   0.4583   0.4621   0.4659   0.4697   0.4735   0.4773   0.4811   0.4848   0.4886   0.4924   0.4962
    S      0.0    0.465   0.4236      1.0   0.6115   0.6316   0.2349    0.336    0.145   0.4314   0.6363   0.3332   0.6186     0.09   0.2254   0.0668   0.2757   0.0448    0.277   0.5359   0.2715   0.0765   0.3405   0.1043   0.0809   0.3205    0.134   0.2276   0.3664   0.3905   0.1546   0.2406   0.2814   0.1735   0.4233   0.5332   0.3551   0.0903   0.8596    0.317   0.2872   0.0798    0.163   0.2028   0.1658   0.2406    0.116   0.2374    0.228   0.1195   0.3878    0.235   0.2102   0.3959   0.2329   0.2123   0.1754   0.5687   0.2837   0.1162   0.1855   0.4388   0.0733   0.4422   0.1831   0.3617   0.4203   0.1822   0.1663   0.1216   0.3688   0.1907   0.1771   0.1933   0.1911   0.4691    0.402   0.4024   0.1944   0.1984   0.0538   0.1183   0.0897   0.0896   0.3017   0.3852   0.3662   0.1909   0.2783   0.0075   0.1553   0.0892   0.2207   0.4537   0.3372   0.2798   0.0632   0.1832   0.4292   0.2823   0.1221   0.2794   0.0362   0.2684   0.0604   0.1015   0.4926   0.4467   0.2663    0.166   0.0739   0.2638    0.187   0.2381   0.3216   0.2248   0.2707    0.105   0.1827    0.521   0.0679   0.2302   0.1838   0.3169   0.3513   0.4391   0.4146   0.2687   0.2868   0.4399   0.6424   0.1576
  snr   -15.43
    H      4.7
 exon    False

M: eiip
 freq      0.0   0.0038   0.0076   0.0114   0.0152   0.0189   0.0227   0.0265   0.0303   0.0341   0.0379   0.0417   0.0455   0.0492    0.053   0.0568   0.0606   0.0644   0.0682    0.072   0.0758   0.0795   0.0833   0.0871   0.0909   0.0947   0.0985   0.1023   0.1061   0.1098   0.1136   0.1174   0.1212    0.125   0.1288   0.1326   0.1364   0.1402   0.1439   0.1477   0.1515   0.1553   0.1591   0.1629   0.1667   0.1705   0.1742    0.178   0.1818   0.1856   0.1894   0.1932    0.197   0.2008   0.2045   0.2083   0.2121   0.2159   0.2197   0.2235   0.2273   0.2311   0.2348   0.2386   0.2424   0.2462     0.25   0.2538   0.2576   0.2614   0.2652   0.2689   0.2727   0.2765   0.2803   0.2841   0.2879   0.2917   0.2955   0.2992    0.303   0.3068   0.3106   0.3144   0.3182    0.322   0.3258   0.3295   0.3333   0.3371   0.3409   0.3447   0.3485   0.3523   0.3561   0.3598   0.3636   0.3674   0.3712    0.375   0.3788   0.3826   0.3864   0.3902   0.3939   0.3977   0.4015   0.4053   0.4091   0.4129   0.4167   0.4205   0.4242    0.428   0.4318   0.4356   0.4394   0.4432    0.447   0.4508   0.4545   0.4583   0.4621   0.4659   0.4697   0.4735   0.4773   0.4811   0.4848   0.4886   0.4924   0.4962
    S      0.0   0.5859      1.0    0.134   0.9221   0.0089   0.5056   0.0402   0.0613   0.2674   0.0282   0.6307   0.5612   0.0844    0.338   0.0053   0.6845   0.0969    0.513   0.1991   0.3373   0.0399   0.7674   0.2403   0.0924   0.1381   0.2723   0.1232   0.1072   0.0875   0.1264   0.3135   0.0348   0.4425   0.4277   0.2967   0.3484   0.2307   0.1072   0.5886   0.1384   0.0484   0.1467   0.0055   0.3077   0.0138   0.0852   0.1297   0.0593    0.024   0.0636   0.0943   0.3163   0.0561   0.3616   0.1872    0.048     0.11   0.0126   0.0534     0.15   0.6537   0.0695   0.8498   0.2507    0.731   0.1377   0.0863   0.1949   0.2349   0.1855   0.0672   0.3659   0.1766   0.0573   0.9429   0.4141   0.7633   0.1019   0.3791   0.0362   0.0365   0.0918   0.1212   0.2484    0.287   0.1636   0.1843   0.6031   0.0086   0.0571   0.2246   0.2759   0.1431   0.5879   0.1004   0.0289   0.1529   0.4233   0.1631   0.0202   0.2949   0.0391   0.1849   0.1148   0.0109   0.1936   0.0878   0.0395   0.0401   0.1239   0.1373   0.2104   0.1359    0.308   0.0784   0.5359   0.0107   0.2087   0.1619    0.082   0.0726   0.1456   0.8302   0.1585   0.0969   0.2365   0.2231   0.2752   0.3354   0.2678   0.2438
  snr   -14.73
    H     4.48
 exon    False

M: qpsk
 freq      0.0   0.0038   0.0076   0.0114   0.0152   0.0189   0.0227   0.0265   0.0303   0.0341   0.0379   0.0417   0.0455   0.0492    0.053   0.0568   0.0606   0.0644   0.0682    0.072   0.0758   0.0795   0.0833   0.0871   0.0909   0.0947   0.0985   0.1023   0.1061   0.1098   0.1136   0.1174   0.1212    0.125   0.1288   0.1326   0.1364   0.1402   0.1439   0.1477   0.1515   0.1553   0.1591   0.1629   0.1667   0.1705   0.1742    0.178   0.1818   0.1856   0.1894   0.1932    0.197   0.2008   0.2045   0.2083   0.2121   0.2159   0.2197   0.2235   0.2273   0.2311   0.2348   0.2386   0.2424   0.2462     0.25   0.2538   0.2576   0.2614   0.2652   0.2689   0.2727   0.2765   0.2803   0.2841   0.2879   0.2917   0.2955   0.2992    0.303   0.3068   0.3106   0.3144   0.3182    0.322   0.3258   0.3295   0.3333   0.3371   0.3409   0.3447   0.3485   0.3523   0.3561   0.3598   0.3636   0.3674   0.3712    0.375   0.3788   0.3826   0.3864   0.3902   0.3939   0.3977   0.4015   0.4053   0.4091   0.4129   0.4167   0.4205   0.4242    0.428   0.4318   0.4356   0.4394   0.4432    0.447   0.4508   0.4545   0.4583   0.4621   0.4659   0.4697   0.4735   0.4773   0.4811   0.4848   0.4886   0.4924   0.4962
    S      0.0   0.7518   0.6338   0.8571   0.8743   0.4381   0.3776   0.3084   0.2049   0.5811   0.3684   0.4378      1.0   0.1073   0.2094   0.0416   0.3706   0.0451   0.4526   0.4808   0.1156   0.0922   0.3689   0.1767   0.1137   0.3158   0.1808   0.3538   0.4254   0.1713   0.1581   0.2209   0.1914   0.1872   0.1217   0.7172   0.5097   0.1384   0.6812   0.2316   0.2106   0.0621   0.1293   0.0871   0.0706   0.1598   0.1187    0.276   0.2782   0.1825   0.1323   0.1188   0.1836   0.3303   0.3141   0.3078   0.1617   0.8999   0.3253   0.1828   0.2707   0.2953   0.0971    0.714   0.2135   0.5775   0.4537    0.253   0.2326   0.0928    0.364   0.2788   0.1087   0.1909   0.2446   0.6108   0.4354   0.4044   0.1265   0.1482   0.0162   0.0712   0.1506   0.1472    0.416   0.5804   0.4204   0.1497   0.4437   0.0053   0.0586   0.1054   0.3724   0.4219   0.5164   0.3004    0.069   0.2619   0.3617   0.4581   0.1865   0.3744    0.019   0.4392   0.0222     0.16   0.1905   0.6194   0.3469   0.1639   0.0546   0.2211   0.3153   0.2021   0.3279   0.1022   0.4542   0.0825   0.1678   0.6179   0.0833   0.2919   0.3067   0.4058     0.06   0.6959   0.4664    0.112   0.4841   0.6313   0.5844    0.182
  snr   -15.84
    H     4.64
 exon    False

M: mem
 freq      0.0   0.0038   0.0076   0.0114   0.0152   0.0189   0.0227   0.0265   0.0303   0.0341   0.0379   0.0417   0.0455   0.0492    0.053   0.0568   0.0606   0.0644   0.0682    0.072   0.0758   0.0795   0.0833   0.0871   0.0909   0.0947   0.0985   0.1023   0.1061   0.1098   0.1136   0.1174   0.1212    0.125   0.1288   0.1326   0.1364   0.1402   0.1439   0.1477   0.1515   0.1553   0.1591   0.1629   0.1667   0.1705   0.1742    0.178   0.1818   0.1856   0.1894   0.1932    0.197   0.2008   0.2045   0.2083   0.2121   0.2159   0.2197   0.2235   0.2273   0.2311   0.2348   0.2386   0.2424   0.2462     0.25   0.2538   0.2576   0.2614   0.2652   0.2689   0.2727   0.2765   0.2803   0.2841   0.2879   0.2917   0.2955   0.2992    0.303   0.3068   0.3106   0.3144   0.3182    0.322   0.3258   0.3295   0.3333   0.3371   0.3409   0.3447   0.3485   0.3523   0.3561   0.3598   0.3636   0.3674   0.3712    0.375   0.3788   0.3826   0.3864   0.3902   0.3939   0.3977   0.4015   0.4053   0.4091   0.4129   0.4167   0.4205   0.4242    0.428   0.4318   0.4356   0.4394   0.4432    0.447   0.4508   0.4545   0.4583   0.4621   0.4659   0.4697   0.4735   0.4773   0.4811   0.4848   0.4886   0.4924   0.4962
    S      0.0   0.8429      1.0    0.031   0.9954   0.0356   0.5617   0.2935   0.0242   0.0965   0.0028   0.4968   0.4635   0.0875   0.3135   0.0046   0.4205   0.0522   0.5601    0.131   0.1051   0.0367   0.4428   0.2156    0.027   0.1077   0.2067   0.3262   0.1009   0.0526   0.1444   0.2852   0.1246   0.2675    0.214   0.2715   0.5123    0.201   0.1659   0.2916   0.0139   0.0416    0.051   0.0248   0.1308   0.0462    0.123   0.2879   0.0398   0.0926   0.0603   0.0273   0.0562    0.038   0.4721   0.3675   0.0413   0.3806   0.1335   0.0671   0.3264   0.5101    0.072   0.6729   0.1299   0.5019   0.1087   0.2705   0.0692   0.1789   0.2553   0.0307   0.1455   0.0871   0.1102   0.9696    0.558   0.7198   0.1265   0.2544   0.0088   0.0245   0.0608   0.1704   0.3456   0.5661   0.2146   0.1871    0.437   0.0075   0.0099   0.1316   0.4796   0.4392   0.6299   0.1467   0.0642   0.2576   0.3283   0.0041   0.0381   0.1593   0.0185   0.2779   0.0532    0.095   0.1142   0.1068   0.1233   0.0214   0.0855   0.0763    0.366   0.1253   0.4363   0.0836    0.372   0.0421    0.217   0.3761   0.0365   0.0599   0.1529   0.6846   0.0275   0.0202   0.1061   0.0877   0.0622   0.0588   0.1449   0.1842
  snr   -14.38
    H     4.43
 exon    False

M: tbpse
 freq      0.0   0.0038   0.0076   0.0114   0.0152   0.0189   0.0227   0.0265   0.0303   0.0341   0.0379   0.0417   0.0455   0.0492    0.053   0.0568   0.0606   0.0644   0.0682    0.072   0.0758   0.0795   0.0833   0.0871   0.0909   0.0947   0.0985   0.1023   0.1061   0.1098   0.1136   0.1174   0.1212    0.125   0.1288   0.1326   0.1364   0.1402   0.1439   0.1477   0.1515   0.1553   0.1591   0.1629   0.1667   0.1705   0.1742    0.178   0.1818   0.1856   0.1894   0.1932    0.197   0.2008   0.2045   0.2083   0.2121   0.2159   0.2197   0.2235   0.2273   0.2311   0.2348   0.2386   0.2424   0.2462     0.25   0.2538   0.2576   0.2614   0.2652   0.2689   0.2727   0.2765   0.2803   0.2841   0.2879   0.2917   0.2955   0.2992    0.303   0.3068   0.3106   0.3144   0.3182    0.322   0.3258   0.3295   0.3333   0.3371   0.3409   0.3447   0.3485   0.3523   0.3561   0.3598   0.3636   0.3674   0.3712    0.375   0.3788   0.3826   0.3864   0.3902   0.3939   0.3977   0.4015   0.4053   0.4091   0.4129   0.4167   0.4205   0.4242    0.428   0.4318   0.4356   0.4394   0.4432    0.447   0.4508   0.4545   0.4583   0.4621   0.4659   0.4697   0.4735   0.4773   0.4811   0.4848   0.4886   0.4924   0.4962
    S      0.0   0.6747   0.5095   0.7508      1.0    0.485    0.313   0.2064   0.1621   0.5417   0.3415   0.5206   0.7541   0.0699   0.1546   0.0263   0.3215   0.0527   0.4856   0.5583   0.1605   0.1073   0.3328    0.201   0.0933   0.1615   0.1351   0.1854   0.4236   0.2392   0.0481   0.1046   0.0628   0.2259   0.0988   0.7048   0.5068   0.1384   0.2954   0.2096   0.1793   0.0138   0.0369   0.1046   0.0871   0.1221   0.0304   0.2892   0.0209   0.0135   0.1408   0.0839   0.0861   0.2672   0.1943   0.0943   0.0523   0.1665   0.0941   0.0559   0.1086   0.2609     0.09   0.8283   0.1676   0.6819    0.469   0.0869   0.1743   0.0633   0.4464   0.0657   0.0929   0.0974   0.0362   0.5205   0.1406   0.2399    0.134   0.0969   0.0136   0.0946   0.0858   0.0716   0.3309   0.1146   0.4863   0.0463   0.5149   0.0019   0.0573   0.0906   0.2409   0.2908   0.3021   0.3578   0.0225   0.2339   0.4169   0.1991   0.0679   0.4147   0.0188   0.1072   0.0234   0.0248   0.1395   0.3317   0.1215     0.17   0.0412   0.1031   0.1969   0.1115   0.2075   0.1313   0.4682   0.0651   0.1229   0.5093   0.0424   0.2519   0.1563   0.3562   0.0988   0.2853   0.4757   0.1631   0.3149   0.4655   0.3752   0.1399
  snr   -14.59
    H     4.53
 exon    False

M: snrse
 freq      0.0   0.0038   0.0076   0.0114   0.0152   0.0189   0.0227   0.0265   0.0303   0.0341   0.0379   0.0417   0.0455   0.0492    0.053   0.0568   0.0606   0.0644   0.0682    0.072   0.0758   0.0795   0.0833   0.0871   0.0909   0.0947   0.0985   0.1023   0.1061   0.1098   0.1136   0.1174   0.1212    0.125   0.1288   0.1326   0.1364   0.1402   0.1439   0.1477   0.1515   0.1553   0.1591   0.1629   0.1667   0.1705   0.1742    0.178   0.1818   0.1856   0.1894   0.1932    0.197   0.2008   0.2045   0.2083   0.2121   0.2159   0.2197   0.2235   0.2273   0.2311   0.2348   0.2386   0.2424   0.2462     0.25   0.2538   0.2576   0.2614   0.2652   0.2689   0.2727   0.2765   0.2803   0.2841   0.2879   0.2917   0.2955   0.2992    0.303   0.3068   0.3106   0.3144   0.3182    0.322   0.3258   0.3295   0.3333   0.3371   0.3409   0.3447   0.3485   0.3523   0.3561   0.3598   0.3636   0.3674   0.3712    0.375   0.3788   0.3826   0.3864   0.3902   0.3939   0.3977   0.4015   0.4053   0.4091   0.4129   0.4167   0.4205   0.4242    0.428   0.4318   0.4356   0.4394   0.4432    0.447   0.4508   0.4545   0.4583   0.4621   0.4659   0.4697   0.4735   0.4773   0.4811   0.4848   0.4886   0.4924   0.4962
    S      0.0   0.1227   0.0144      1.0   0.2305   0.6385   0.0042   0.1054   0.1262   0.3812   0.6398   0.1126   0.3158   0.0561   0.0385   0.0511   0.0157   0.0165   0.0713   0.4639   0.1395   0.0677   0.0178   0.0232   0.0411   0.2676   0.0333   0.0539   0.3376   0.3411   0.0912   0.0356   0.0861   0.0351   0.1993   0.4326   0.1285   0.0101   0.8125   0.1314   0.2245   0.0468    0.012   0.1493   0.0433   0.2111   0.0237   0.1062   0.0386   0.0412   0.2853   0.1009   0.0106   0.3953   0.0388    0.043   0.1369   0.2882   0.1806   0.0613   0.0127   0.1972   0.0282   0.1664   0.1047   0.1472   0.4025   0.0158   0.1031   0.0347   0.2782   0.0541   0.0433   0.1206   0.1086   0.0823   0.1188   0.1076   0.0884   0.0506   0.0383   0.0982   0.0301   0.0085   0.1701   0.0972   0.3026   0.1137   0.1033   0.0039   0.1319   0.0082   0.0088   0.1311   0.0431   0.2331   0.0059   0.0799   0.2915   0.1499   0.0842   0.2096    0.011    0.046   0.0223   0.0307   0.4264   0.3698   0.0923   0.1608   0.0132   0.2053   0.0192   0.1902   0.0704   0.1336    0.105   0.0538   0.0963   0.2829   0.0065    0.208   0.0826   0.0205   0.2818   0.3265   0.3689   0.1672   0.1629    0.331   0.5645   0.0761
  snr   -12.71
    H      4.4
 exon    False