>data-XV-cerevisiae-intergenic-21
N: 220
Methods: voss, eiip, qpsk, mem, tbpse, snrse

M: voss
 freq      0.0   0.0045   0.0091   0.0136   0.0182   0.0227   0.0273   0.0318   0.0364   0.0409   0.0455     0.05   0.0545   0.0591   0.0636   0.0682   0.0727   0.0773   0.0818   0.0864   0.0909   0.0955      0.1   0.1045   0.1091   0.1136   0.1182   0.1227   0.1273   0.1318   0.1364   0.1409   0.1455     0.15   0.1545   0.1591   0.1636   0.1682   0.1727   0.1773   0.1818   0.1864   0.1909   0.1955      0.2   0.2045   0.2091   0.2136   0.2182   0.2227   0.2273   0.2318   0.2364   0.2409   0.2455     0.25   0.2545   0.2591   0.2636   0.2682   0.2727   0.2773   0.2818   0.2864   0.2909   0.2955      0.3   0.3045   0.3091   0.3136   0.3182   0.3227   0.3273   0.3318   0.3364   0.3409   0.3455     0.35   0.3545   0.3591   0.3636   0.3682   0.3727   0.3773   0.3818   0.3864   0.3909   0.3955      0.4   0.4045   0.4091   0.4136   0.4182   0.4227   0.4273   0.4318   0.4364   0.4409   0.4455     0.45   0.4545   0.4591   0.4636   0.4682   0.4727   0.4773   0.4818   0.4864   0.4909   0.4955
    S      0.0   0.3462   0.4293   0.4241   0.9232   0.2401   0.2132   0.4725     0.41   0.2782   0.4139   0.2238   0.2384   0.1575   0.3757   0.6517   0.2794   0.1927   0.3261   0.1579   0.1289   0.3603   0.2501   0.1439   0.3684   0.5367   0.3557   0.1372   0.2134   0.3064    0.201   0.3248   0.4457   0.1959   0.1301   0.1097   0.7651   0.4438   0.2717   0.2481   0.2636   0.1244   0.1752   0.1619   0.3436   0.9009   0.4356   0.3518   0.2408   0.2965    0.217   0.1909   0.1154   0.2414      1.0   0.2437   0.0457   0.4209   0.1653   0.1608   0.2931   0.1081   0.0915   0.2836   0.2301   0.3974   0.2199   0.2977   0.1817   0.2327   0.1853   0.2504   0.6038   0.7961   0.6236   0.4955   0.7095   0.2894   0.2061   0.2296   0.2441   0.6075   0.4147   0.2731   0.2077   0.1638   0.4286   0.2565   0.1922   0.1249   0.1357   0.1144   0.3009    0.319    0.284   0.2531   0.1771   0.6622   0.3605    0.227   0.1148   0.4135    0.703   0.4811   0.1887   0.0499   0.1359   0.3318   0.2019   0.1049
  snr   -15.18
    H     4.53
 exon    False

M: eiip
 freq      0.0   0.0045   0.0091   0.0136   0.0182   0.0227   0.0273   0.0318   0.0364   0.0409   0.0455     0.05   0.0545   0.0591   0.0636   0.0682   0.0727   0.0773   0.0818   0.0864   0.0909   0.0955      0.1   0.1045   0.1091   0.1136   0.1182   0.1227   0.1273   0.1318   0.1364   0.1409   0.1455     0.15   0.1545   0.1591   0.1636   0.1682   0.1727   0.1773   0.1818   0.1864   0.1909   0.1955      0.2   0.2045   0.2091   0.2136   0.2182   0.2227   0.2273   0.2318   0.2364   0.2409   0.2455     0.25   0.2545   0.2591   0.2636   0.2682   0.2727   0.2773   0.2818   0.2864   0.2909   0.2955      0.3   0.3045   0.3091   0.3136   0.3182   0.3227   0.3273   0.3318   0.3364   0.3409   0.3455     0.35   0.3545   0.3591   0.3636   0.3682   0.3727   0.3773   0.3818   0.3864   0.3909   0.3955      0.4   0.4045   0.4091   0.4136   0.4182   0.4227   0.4273   0.4318   0.4364   0.4409   0.4455     0.45   0.4545   0.4591   0.4636   0.4682   0.4727   0.4773   0.4818   0.4864   0.4909   0.4955
    S      0.0   0.0391   0.3778   0.4367   0.2299   0.1552   0.1855   0.0005   0.1062    0.169   0.7189   0.2213   0.0787   0.0541   0.1309   0.1496   0.0984   0.0508   0.1027   0.1397   0.0266   0.0419   0.3408   0.0497   0.1927   0.3097   0.1998   0.1465   0.2235   0.3412    0.161   0.2517   0.2212   0.0031   0.0667   0.0854    0.283   0.3328   0.0273   0.0954   0.2153   0.0421   0.1443   0.0388   0.1842   0.1891   0.5091   0.3177   0.0812   0.1727   0.2439   0.1668   0.0119   0.1531   0.0524   0.0224   0.0147    0.352   0.1889   0.0262   0.0631   0.0192   0.0285   0.2246   0.0499   0.1986   0.1806    0.039    0.264   0.1489   0.2769   0.2622      1.0   0.4374   0.7282   0.2907   0.8121   0.4605   0.0031   0.2797   0.0055   0.0781    0.025   0.0549   0.0195   0.1079   0.3069   0.0779   0.2104   0.0283    0.194   0.0657   0.2806   0.3028   0.3248   0.1358   0.0653   0.0961   0.4916   0.0065   0.0544   0.2634   0.0896    0.001   0.0251   0.0145   0.0016   0.0261   0.0787   0.0781
  snr   -12.61
    H     4.27
 exon     True

M: qpsk
 freq      0.0   0.0045   0.0091   0.0136   0.0182   0.0227   0.0273   0.0318   0.0364   0.0409   0.0455     0.05   0.0545   0.0591   0.0636   0.0682   0.0727   0.0773   0.0818   0.0864   0.0909   0.0955      0.1   0.1045   0.1091   0.1136   0.1182   0.1227   0.1273   0.1318   0.1364   0.1409   0.1455     0.15   0.1545   0.1591   0.1636   0.1682   0.1727   0.1773   0.1818   0.1864   0.1909   0.1955      0.2   0.2045   0.2091   0.2136   0.2182   0.2227   0.2273   0.2318   0.2364   0.2409   0.2455     0.25   0.2545   0.2591   0.2636   0.2682   0.2727   0.2773   0.2818   0.2864   0.2909   0.2955      0.3   0.3045   0.3091   0.3136   0.3182   0.3227   0.3273   0.3318   0.3364   0.3409   0.3455     0.35   0.3545   0.3591   0.3636   0.3682   0.3727   0.3773   0.3818   0.3864   0.3909   0.3955      0.4   0.4045   0.4091   0.4136   0.4182   0.4227   0.4273   0.4318   0.4364   0.4409   0.4455     0.45   0.4545   0.4591   0.4636   0.4682   0.4727   0.4773   0.4818   0.4864   0.4909   0.4955
    S      0.0   0.4127   0.4444   0.5533   0.9864   0.3303   0.2181   0.5513   0.3915   0.2026   0.4828   0.1399   0.3202   0.1948   0.1209   0.6827   0.1827   0.2203   0.2145    0.187   0.1161   0.3081   0.1784   0.0542   0.3501   0.6398   0.1654   0.0439   0.2624   0.3542   0.2777   0.4365    0.287   0.1766   0.0886   0.0514   0.8035   0.4855   0.2319   0.2837   0.3584   0.1163   0.2041   0.1909   0.3657   0.7605   0.4966   0.2433   0.1302   0.2068   0.2648   0.0916   0.1137   0.1469   0.8935   0.2475   0.0493   0.2594   0.2372   0.1783   0.3413   0.0969   0.1278   0.2811   0.2641   0.4528    0.197   0.2941   0.2509   0.1454   0.1423    0.359   0.8182   0.5282   0.8806   0.2733      1.0   0.2759   0.2101   0.0712   0.2089   0.4646   0.5937   0.3539   0.1144   0.2122   0.2384   0.2255     0.26   0.0352    0.181   0.0436    0.384   0.2751   0.3829   0.0584   0.2498   0.1632   0.2292   0.0639   0.1405    0.364   0.7519   0.3981   0.1386   0.0535    0.083   0.1521   0.2607   0.1382
  snr   -14.94
    H     4.47
 exon     True

M: mem
 freq      0.0   0.0045   0.0091   0.0136   0.0182   0.0227   0.0273   0.0318   0.0364   0.0409   0.0455     0.05   0.0545   0.0591   0.0636   0.0682   0.0727   0.0773   0.0818   0.0864   0.0909   0.0955      0.1   0.1045   0.1091   0.1136   0.1182   0.1227   0.1273   0.1318   0.1364   0.1409   0.1455     0.15   0.1545   0.1591   0.1636   0.1682   0.1727   0.1773   0.1818   0.1864   0.1909   0.1955      0.2   0.2045   0.2091   0.2136   0.2182   0.2227   0.2273   0.2318   0.2364   0.2409   0.2455     0.25   0.2545   0.2591   0.2636   0.2682   0.2727   0.2773   0.2818   0.2864   0.2909   0.2955      0.3   0.3045   0.3091   0.3136   0.3182   0.3227   0.3273   0.3318   0.3364   0.3409   0.3455     0.35   0.3545   0.3591   0.3636   0.3682   0.3727   0.3773   0.3818   0.3864   0.3909   0.3955      0.4   0.4045   0.4091   0.4136   0.4182   0.4227   0.4273   0.4318   0.4364   0.4409   0.4455     0.45   0.4545   0.4591   0.4636   0.4682   0.4727   0.4773   0.4818   0.4864   0.4909   0.4955
    S      0.0   0.0614   0.3826   0.4462   0.3451   0.1429     0.15   0.0021   0.1544   0.1669   0.6516   0.1941   0.1189   0.0513   0.1037   0.1952    0.046   0.0658   0.1132   0.1335   0.0244   0.0752   0.3059   0.0352   0.2193   0.2669   0.1396   0.1151    0.236   0.3249   0.1885   0.2497   0.1964   0.0042   0.0693   0.0697   0.1938   0.2871    0.019   0.1324   0.2614   0.0231   0.1196   0.0447   0.2273   0.1167   0.3989   0.2446   0.0678   0.1228   0.1899   0.1297   0.0132   0.1401   0.1012   0.0516   0.0134   0.3167    0.181   0.0324   0.0578   0.0239   0.0208   0.2231   0.0598   0.2427   0.1669   0.0686   0.2585   0.1321   0.2357   0.2424      1.0    0.299   0.6511   0.2259   0.9089   0.4297   0.0123   0.2102   0.0002   0.1259   0.0247   0.0601   0.0099   0.1009   0.2191   0.0483   0.2101   0.0191   0.2014   0.0547   0.3173   0.2334    0.341   0.0863   0.0889   0.0665   0.3906   0.0016   0.0687   0.2147   0.0543   0.0096   0.0413    0.011   0.0023   0.0203   0.1157   0.0634
  snr   -12.34
    H     4.28
 exon     True

M: tbpse
 freq      0.0   0.0045   0.0091   0.0136   0.0182   0.0227   0.0273   0.0318   0.0364   0.0409   0.0455     0.05   0.0545   0.0591   0.0636   0.0682   0.0727   0.0773   0.0818   0.0864   0.0909   0.0955      0.1   0.1045   0.1091   0.1136   0.1182   0.1227   0.1273   0.1318   0.1364   0.1409   0.1455     0.15   0.1545   0.1591   0.1636   0.1682   0.1727   0.1773   0.1818   0.1864   0.1909   0.1955      0.2   0.2045   0.2091   0.2136   0.2182   0.2227   0.2273   0.2318   0.2364   0.2409   0.2455     0.25   0.2545   0.2591   0.2636   0.2682   0.2727   0.2773   0.2818   0.2864   0.2909   0.2955      0.3   0.3045   0.3091   0.3136   0.3182   0.3227   0.3273   0.3318   0.3364   0.3409   0.3455     0.35   0.3545   0.3591   0.3636   0.3682   0.3727   0.3773   0.3818   0.3864   0.3909   0.3955      0.4   0.4045   0.4091   0.4136   0.4182   0.4227   0.4273   0.4318   0.4364   0.4409   0.4455     0.45   0.4545   0.4591   0.4636   0.4682   0.4727   0.4773   0.4818   0.4864   0.4909   0.4955
    S      0.0   0.0811   0.2598   0.2139   0.7156   0.1335   0.2161   0.1683   0.2263   0.2146   0.2534   0.1784   0.1336   0.0992   0.1354    0.136   0.3877   0.0683   0.2835   0.1229   0.1227   0.2311   0.1483   0.1667   0.1632    0.421   0.3087   0.1227   0.0352   0.2129     0.08   0.1457   0.4528   0.2137   0.0751   0.0726   0.6206   0.4273   0.1298   0.1599   0.0979   0.1563   0.1116   0.0266   0.1537   0.5726   0.4248   0.3687   0.2715   0.3782   0.2131   0.2133     0.03   0.2151   0.7906   0.2023    0.045   0.3589   0.0764   0.1155   0.0801    0.041   0.0468   0.0678   0.2055   0.1225   0.1647   0.1938   0.0745   0.2295    0.162   0.1282   0.1882      1.0    0.381   0.2938   0.1398    0.126   0.1413   0.2674   0.2682   0.5636   0.2203   0.0947   0.2404   0.0608   0.5309   0.2497   0.0695   0.1274   0.0384   0.0682   0.1128    0.277   0.0632   0.3031   0.0856   0.5101   0.3875   0.1676   0.0535   0.2878   0.7069    0.536    0.152   0.0551   0.1571   0.2511   0.1088   0.0664
  snr   -13.62
    H     4.43
 exon     True

M: snrse
 freq      0.0   0.0045   0.0091   0.0136   0.0182   0.0227   0.0273   0.0318   0.0364   0.0409   0.0455     0.05   0.0545   0.0591   0.0636   0.0682   0.0727   0.0773   0.0818   0.0864   0.0909   0.0955      0.1   0.1045   0.1091   0.1136   0.1182   0.1227   0.1273   0.1318   0.1364   0.1409   0.1455     0.15   0.1545   0.1591   0.1636   0.1682   0.1727   0.1773   0.1818   0.1864   0.1909   0.1955      0.2   0.2045   0.2091   0.2136   0.2182   0.2227   0.2273   0.2318   0.2364   0.2409   0.2455     0.25   0.2545   0.2591   0.2636   0.2682   0.2727   0.2773   0.2818   0.2864   0.2909   0.2955      0.3   0.3045   0.3091   0.3136   0.3182   0.3227   0.3273   0.3318   0.3364   0.3409   0.3455     0.35   0.3545   0.3591   0.3636   0.3682   0.3727   0.3773   0.3818   0.3864   0.3909   0.3955      0.4   0.4045   0.4091   0.4136   0.4182   0.4227   0.4273   0.4318   0.4364   0.4409   0.4455     0.45   0.4545   0.4591   0.4636   0.4682   0.4727   0.4773   0.4818   0.4864   0.4909   0.4955
    S      0.0   0.1791   0.3067    0.337   0.7502   0.0732   0.0596   0.0797   0.3007   0.1889   0.3297    0.132   0.2622    0.044   0.0531   0.3653     0.02    0.094   0.1707   0.1174   0.0418   0.2059   0.1861    0.038   0.2286   0.1428   0.0167   0.0412   0.2454   0.2554   0.2191   0.1462   0.1826   0.0873   0.0825   0.0247   0.0336   0.1871   0.0483   0.2523    0.333   0.0222    0.031   0.0623   0.3058   0.0086   0.0794   0.0628   0.0876   0.0653   0.0348   0.0623   0.0092   0.1158   0.4003   0.1824   0.0198   0.2427   0.0997   0.0995   0.0252   0.0526   0.0056   0.1694   0.1404   0.3177   0.1024   0.1694   0.1646     0.11   0.0977   0.1059   0.7344   0.1214   0.2564   0.0616      1.0   0.2589   0.0817   0.0447   0.0823   0.3514   0.1426   0.0757   0.0601     0.05   0.0978   0.0535   0.1404   0.0258     0.17   0.0381   0.3327   0.0628    0.303   0.0126   0.1773    0.081   0.1227   0.0142   0.1197   0.0582   0.1844    0.219   0.0969   0.0198   0.0522   0.0694   0.2302   0.0192
  snr   -11.86
    H      4.3
 exon     True