>data-XV-cerevisiae-intergenic-57
N: 407
Methods: voss, eiip, qpsk, mem, tbpse, snrse

M: voss
 freq      0.0   0.0025   0.0049   0.0074   0.0098   0.0123   0.0147   0.0172   0.0197   0.0221   0.0246    0.027   0.0295   0.0319   0.0344   0.0369   0.0393   0.0418   0.0442   0.0467   0.0491   0.0516   0.0541   0.0565    0.059   0.0614   0.0639   0.0663   0.0688   0.0713   0.0737   0.0762   0.0786   0.0811   0.0835    0.086   0.0885   0.0909   0.0934   0.0958   0.0983   0.1007   0.1032   0.1057   0.1081   0.1106    0.113   0.1155   0.1179   0.1204   0.1229   0.1253   0.1278   0.1302   0.1327   0.1351   0.1376     0.14   0.1425    0.145   0.1474   0.1499   0.1523   0.1548   0.1572   0.1597   0.1622   0.1646   0.1671   0.1695    0.172   0.1744   0.1769   0.1794   0.1818   0.1843   0.1867   0.1892   0.1916   0.1941   0.1966    0.199   0.2015   0.2039   0.2064   0.2088   0.2113   0.2138   0.2162   0.2187   0.2211   0.2236    0.226   0.2285    0.231   0.2334   0.2359   0.2383   0.2408   0.2432   0.2457   0.2482   0.2506   0.2531   0.2555    0.258   0.2604   0.2629   0.2654   0.2678   0.2703   0.2727   0.2752   0.2776   0.2801   0.2826    0.285   0.2875   0.2899   0.2924   0.2948   0.2973   0.2998   0.3022   0.3047   0.3071   0.3096    0.312   0.3145    0.317   0.3194   0.3219   0.3243   0.3268   0.3292   0.3317   0.3342   0.3366   0.3391   0.3415    0.344   0.3464   0.3489   0.3514   0.3538   0.3563   0.3587   0.3612   0.3636   0.3661   0.3686    0.371   0.3735   0.3759   0.3784   0.3808   0.3833   0.3857   0.3882   0.3907   0.3931   0.3956    0.398   0.4005   0.4029   0.4054   0.4079   0.4103   0.4128   0.4152   0.4177   0.4201   0.4226   0.4251   0.4275     0.43   0.4324   0.4349   0.4373   0.4398   0.4423   0.4447   0.4472   0.4496   0.4521   0.4545    0.457   0.4595   0.4619   0.4644   0.4668   0.4693   0.4717   0.4742   0.4767   0.4791   0.4816    0.484   0.4865   0.4889   0.4914   0.4939   0.4963   0.4988
    S      0.0   0.6376   0.6943      1.0   0.3319   0.1965   0.2499   0.2979   0.1667   0.2361   0.1717   0.3443   0.1748   0.0444   0.3439   0.1636   0.3673   0.1648   0.1367   0.1242   0.3308   0.2506   0.1754   0.2438   0.1565   0.1907   0.2842   0.2085   0.3437   0.3275   0.3918   0.0836   0.1753   0.4526   0.2271   0.2345   0.1365   0.2192   0.2588    0.234   0.1416   0.0507   0.7081   0.0473   0.3872   0.2375   0.1454   0.2941   0.3703   0.1079   0.3121   0.4683   0.0132   0.1034   0.1748   0.3261   0.4378   0.1513   0.0816   0.0411   0.0912   0.0616   0.1348   0.4176   0.1669    0.223   0.3139   0.1962   0.0972   0.2367   0.6275   0.0717   0.2051   0.1613   0.0276   0.2139   0.1854   0.0648   0.2397   0.5691   0.0324    0.099   0.3083   0.3293   0.0905   0.6939    0.289   0.0977   0.1897   0.1096   0.2607   0.1233   0.3904   0.0279   0.2051   0.1188   0.3006   0.3116   0.2368   0.4007   0.1021   0.2293   0.1495   0.1453   0.1718    0.221    0.478   0.1203   0.1441   0.3401   0.0824   0.0653   0.1951   0.2518   0.0351   0.1721   0.2863    0.155   0.3261   0.2447   0.1066   0.1473   0.3468   0.1504   0.1182   0.1319   0.1842   0.3911   0.3546   0.1293   0.3306   0.2892   0.3377   0.1949   0.2243   0.1817   0.1032   0.0947   0.2531   0.0822   0.1459   0.2556   0.1124   0.3875    0.158   0.3174   0.4652   0.0531   0.2203   0.1573   0.1482   0.0213   0.0743   0.2194   0.1406   0.6482   0.4896   0.1418   0.1749   0.1846    0.506   0.0812   0.1052   0.2277   0.6398   0.1734   0.3598   0.1602   0.4918   0.0295   0.4096   0.2202   0.3184   0.2369     0.06   0.2437    0.214   0.0739   0.1139   0.1776    0.323    0.267   0.1678   0.3662   0.1273   0.0932   0.2714    0.116    0.175   0.0292   0.6086   0.2426   0.1151   0.3479   0.3487   0.2553   0.5457   0.0943   0.0907    0.333   0.7208   0.1604   0.2514   0.2082
  snr   -16.72
    H     5.11
 exon    False

M: eiip
 freq      0.0   0.0025   0.0049   0.0074   0.0098   0.0123   0.0147   0.0172   0.0197   0.0221   0.0246    0.027   0.0295   0.0319   0.0344   0.0369   0.0393   0.0418   0.0442   0.0467   0.0491   0.0516   0.0541   0.0565    0.059   0.0614   0.0639   0.0663   0.0688   0.0713   0.0737   0.0762   0.0786   0.0811   0.0835    0.086   0.0885   0.0909   0.0934   0.0958   0.0983   0.1007   0.1032   0.1057   0.1081   0.1106    0.113   0.1155   0.1179   0.1204   0.1229   0.1253   0.1278   0.1302   0.1327   0.1351   0.1376     0.14   0.1425    0.145   0.1474   0.1499   0.1523   0.1548   0.1572   0.1597   0.1622   0.1646   0.1671   0.1695    0.172   0.1744   0.1769   0.1794   0.1818   0.1843   0.1867   0.1892   0.1916   0.1941   0.1966    0.199   0.2015   0.2039   0.2064   0.2088   0.2113   0.2138   0.2162   0.2187   0.2211   0.2236    0.226   0.2285    0.231   0.2334   0.2359   0.2383   0.2408   0.2432   0.2457   0.2482   0.2506   0.2531   0.2555    0.258   0.2604   0.2629   0.2654   0.2678   0.2703   0.2727   0.2752   0.2776   0.2801   0.2826    0.285   0.2875   0.2899   0.2924   0.2948   0.2973   0.2998   0.3022   0.3047   0.3071   0.3096    0.312   0.3145    0.317   0.3194   0.3219   0.3243   0.3268   0.3292   0.3317   0.3342   0.3366   0.3391   0.3415    0.344   0.3464   0.3489   0.3514   0.3538   0.3563   0.3587   0.3612   0.3636   0.3661   0.3686    0.371   0.3735   0.3759   0.3784   0.3808   0.3833   0.3857   0.3882   0.3907   0.3931   0.3956    0.398   0.4005   0.4029   0.4054   0.4079   0.4103   0.4128   0.4152   0.4177   0.4201   0.4226   0.4251   0.4275     0.43   0.4324   0.4349   0.4373   0.4398   0.4423   0.4447   0.4472   0.4496   0.4521   0.4545    0.457   0.4595   0.4619   0.4644   0.4668   0.4693   0.4717   0.4742   0.4767   0.4791   0.4816    0.484   0.4865   0.4889   0.4914   0.4939   0.4963   0.4988
    S      0.0   0.1029   0.9627   0.0288   0.6116   0.0187   0.2873   0.1133   0.1028   0.1271   0.2222   0.2062   0.0948   0.0112   0.2852   0.2293   0.1026    0.053   0.2416   0.0143   0.3044   0.0004   0.1518   0.0355   0.0372   0.0656   0.3708   0.2737   0.6289   0.8249   0.1787   0.0148   0.0781   0.5404    0.058   0.0105   0.1627   0.3858   0.5289   0.5163    0.302   0.0568   0.4499   0.0963   0.3677   0.1055     0.25   0.1343   0.7628    0.123   0.2916    0.214   0.0042   0.0932   0.0366   0.2555   0.1883   0.0237   0.0018   0.0233   0.0772   0.0212   0.1042    0.052   0.0384   0.1699   0.0471   0.0731   0.0551   0.2353   0.1309   0.0741   0.1773   0.1774   0.0286    0.225    0.047   0.0068   0.0158   0.6566   0.0468    0.064   0.2891   0.1162   0.0306   0.4056   0.1872   0.0524   0.0564   0.0466   0.4798   0.0092   0.2663   0.0341    0.538   0.0863   0.3332   0.0082   0.3302   0.5067   0.0668   0.0154   0.1748   0.1428    0.034   0.0268   0.2226   0.2288   0.1208    0.003   0.1128   0.0496   0.2777    0.265   0.0106   0.0134   0.2482   0.0674   0.1149   0.4139   0.0565   0.1158   0.6583   0.0674   0.0683   0.1737   0.0396   0.2604   0.6367   0.2419   0.3894   0.0494   0.2032   0.1277   0.0777   0.0407   0.1697   0.0636     0.13    0.039   0.1334   0.1356   0.0148   0.0047   0.0304   0.2916   0.4816   0.0078   0.1297   0.1166   0.3322   0.0468    0.017   0.2291   0.1823   0.1241      1.0   0.1588   0.3296   0.0646   0.1457   0.0192   0.0777   0.1514   0.1958   0.1135   0.2177   0.2912   0.0749   0.0226    0.158   0.0373    0.483    0.048   0.1331   0.2615   0.2419   0.0762    0.048   0.0968   0.5585   0.1723   0.4476   0.1337   0.0295   0.0066   0.1704   0.0404   0.2031   0.0155   0.7625   0.2023   0.1533   0.1567   0.0195   0.5583   0.5048   0.0024   0.0881   0.0801   0.0474   0.3484   0.4511   0.2768
  snr   -15.62
    H     4.86
 exon    False

M: qpsk
 freq      0.0   0.0025   0.0049   0.0074   0.0098   0.0123   0.0147   0.0172   0.0197   0.0221   0.0246    0.027   0.0295   0.0319   0.0344   0.0369   0.0393   0.0418   0.0442   0.0467   0.0491   0.0516   0.0541   0.0565    0.059   0.0614   0.0639   0.0663   0.0688   0.0713   0.0737   0.0762   0.0786   0.0811   0.0835    0.086   0.0885   0.0909   0.0934   0.0958   0.0983   0.1007   0.1032   0.1057   0.1081   0.1106    0.113   0.1155   0.1179   0.1204   0.1229   0.1253   0.1278   0.1302   0.1327   0.1351   0.1376     0.14   0.1425    0.145   0.1474   0.1499   0.1523   0.1548   0.1572   0.1597   0.1622   0.1646   0.1671   0.1695    0.172   0.1744   0.1769   0.1794   0.1818   0.1843   0.1867   0.1892   0.1916   0.1941   0.1966    0.199   0.2015   0.2039   0.2064   0.2088   0.2113   0.2138   0.2162   0.2187   0.2211   0.2236    0.226   0.2285    0.231   0.2334   0.2359   0.2383   0.2408   0.2432   0.2457   0.2482   0.2506   0.2531   0.2555    0.258   0.2604   0.2629   0.2654   0.2678   0.2703   0.2727   0.2752   0.2776   0.2801   0.2826    0.285   0.2875   0.2899   0.2924   0.2948   0.2973   0.2998   0.3022   0.3047   0.3071   0.3096    0.312   0.3145    0.317   0.3194   0.3219   0.3243   0.3268   0.3292   0.3317   0.3342   0.3366   0.3391   0.3415    0.344   0.3464   0.3489   0.3514   0.3538   0.3563   0.3587   0.3612   0.3636   0.3661   0.3686    0.371   0.3735   0.3759   0.3784   0.3808   0.3833   0.3857   0.3882   0.3907   0.3931   0.3956    0.398   0.4005   0.4029   0.4054   0.4079   0.4103   0.4128   0.4152   0.4177   0.4201   0.4226   0.4251   0.4275     0.43   0.4324   0.4349   0.4373   0.4398   0.4423   0.4447   0.4472   0.4496   0.4521   0.4545    0.457   0.4595   0.4619   0.4644   0.4668   0.4693   0.4717   0.4742   0.4767   0.4791   0.4816    0.484   0.4865   0.4889   0.4914   0.4939   0.4963   0.4988
    S      0.0   0.6979   0.9386      1.0   0.1804   0.1349    0.212   0.3085   0.1683   0.3436   0.2333   0.4408   0.1989     0.03   0.0231   0.1641   0.0785   0.1823   0.0596    0.089   0.3778   0.1314   0.1494   0.1498   0.1306   0.1401   0.4053   0.0828   0.4508   0.3853   0.4798   0.0609   0.1789   0.6183    0.203   0.3141   0.1539   0.0665   0.1876   0.1792   0.1511    0.058   0.4342    0.054   0.5632   0.3362   0.1231   0.3748   0.5289   0.1605   0.4714   0.5516   0.0097   0.1022   0.0629   0.4151   0.5574   0.1601   0.0802   0.0495   0.0775   0.0313    0.119   0.4322   0.0808   0.2861   0.2686   0.2018   0.0703   0.2099   0.4065   0.0858   0.3095   0.1243   0.0289   0.1683   0.2302   0.0698    0.065   0.7792   0.0314   0.1388   0.3307   0.3587   0.0499    0.664   0.1989   0.1261   0.2593    0.111    0.379   0.0852    0.576    0.041   0.2819   0.1789   0.3391    0.188    0.353    0.595   0.1373   0.2356   0.1315   0.0845   0.1216   0.2814   0.4048   0.1296   0.1886   0.2498   0.1188    0.048   0.1941   0.3369   0.0185   0.1131   0.3508   0.0653    0.369   0.2108   0.1023   0.0806   0.4624   0.1632   0.1303    0.188   0.1132   0.3944    0.463   0.0715   0.4773   0.4073    0.224   0.2078   0.1403   0.2695    0.141   0.1109     0.31    0.024   0.1868     0.31   0.0657   0.5219   0.1137   0.0759   0.6127   0.0255   0.0169   0.1241    0.223   0.0252    0.108   0.2907   0.2097   0.6632   0.3908   0.2077   0.2039   0.2421   0.2422   0.0845   0.1396   0.2191   0.2668   0.1455    0.231   0.2385   0.3945   0.0178   0.5987    0.173   0.4298   0.2741   0.0728   0.2223   0.2938   0.0235   0.1671   0.2044   0.4807   0.0237   0.1648   0.3373   0.0851   0.0384   0.2918   0.0696   0.2371   0.0364   0.8112   0.1177   0.0223   0.2084   0.4563   0.3791   0.6076      0.1   0.0451   0.1772   0.4542   0.1294   0.1759   0.1861
  snr   -16.71
    H     5.03
 exon    False

M: mem
 freq      0.0   0.0025   0.0049   0.0074   0.0099   0.0123   0.0148   0.0172   0.0197   0.0222   0.0246   0.0271   0.0296    0.032   0.0345   0.0369   0.0394   0.0419   0.0443   0.0468   0.0493   0.0517   0.0542   0.0567   0.0591   0.0616    0.064   0.0665    0.069   0.0714   0.0739   0.0764   0.0788   0.0813   0.0837   0.0862   0.0887   0.0911   0.0936   0.0961   0.0985    0.101   0.1034   0.1059   0.1084   0.1108   0.1133   0.1158   0.1182   0.1207   0.1232   0.1256   0.1281   0.1305    0.133   0.1355   0.1379   0.1404   0.1429   0.1453   0.1478   0.1502   0.1527   0.1552   0.1576   0.1601   0.1626    0.165   0.1675     0.17   0.1724   0.1749   0.1773   0.1798   0.1823   0.1847   0.1872   0.1897   0.1921   0.1946    0.197   0.1995    0.202   0.2044   0.2069   0.2094   0.2118   0.2143   0.2167   0.2192   0.2217   0.2241   0.2266   0.2291   0.2315    0.234   0.2365   0.2389   0.2414   0.2438   0.2463   0.2488   0.2512   0.2537   0.2562   0.2586   0.2611   0.2635    0.266   0.2685   0.2709   0.2734   0.2759   0.2783   0.2808   0.2833   0.2857   0.2882   0.2906   0.2931   0.2956    0.298   0.3005    0.303   0.3054   0.3079   0.3103   0.3128   0.3153   0.3177   0.3202   0.3227   0.3251   0.3276     0.33   0.3325    0.335   0.3374   0.3399   0.3424   0.3448   0.3473   0.3498   0.3522   0.3547   0.3571   0.3596   0.3621   0.3645    0.367   0.3695   0.3719   0.3744   0.3768   0.3793   0.3818   0.3842   0.3867   0.3892   0.3916   0.3941   0.3966    0.399   0.4015   0.4039   0.4064   0.4089   0.4113   0.4138   0.4163   0.4187   0.4212   0.4236   0.4261   0.4286    0.431   0.4335    0.436   0.4384   0.4409   0.4433   0.4458   0.4483   0.4507   0.4532   0.4557   0.4581   0.4606   0.4631   0.4655    0.468   0.4704   0.4729   0.4754   0.4778   0.4803   0.4828   0.4852   0.4877   0.4901   0.4926   0.4951   0.4975
    S      0.0   0.5985   0.0103      1.0   0.1515   0.1447   0.2559    0.032    0.017   0.1122   0.0704   0.0046   0.0053   0.0139   0.2222   0.0335    0.216   0.0736   0.1169   0.0764   0.0615   0.0516   0.0802   0.0135    0.029   0.0037   0.0463   0.0671   0.1241   0.1232   0.0364   0.0371   0.1411   0.0042   0.0256   0.0677   0.0645   0.1558   0.0714   0.1526    0.028   0.0106   0.3368   0.0033   0.0982   0.0301   0.0841   0.1644    0.019   0.0178   0.1153   0.0347    0.004   0.0314   0.1059   0.1051   0.0945   0.0228   0.0142   0.0313   0.0184   0.0094   0.0416   0.2551   0.0922   0.0137   0.2941   0.0849   0.0031   0.0458   0.1899   0.0603   0.0425   0.0819      0.0   0.1219   0.1864   0.0004   0.0915   0.2349   0.0014   0.0337   0.0601   0.2467   0.0503    0.164   0.3184   0.1741   0.0001   0.0489   0.0509     0.02   0.1197   0.0101   0.0248   0.0394   0.1511   0.1056   0.0377   0.1813   0.0368   0.0394   0.0019   0.0037   0.0499   0.0059   0.2034    0.002   0.0461   0.0713   0.0158   0.0176    0.176    0.071   0.0521    0.064   0.0907   0.0615   0.0179   0.1517   0.0258    0.113   0.0841   0.0087   0.0016   0.0422   0.0071   0.0603   0.0057   0.0401   0.0575   0.0336   0.0299   0.1134   0.0436   0.0567   0.0075   0.0267   0.0986    0.193   0.0001   0.0044   0.1141   0.0459   0.1115   0.1332   0.0504    0.074   0.2156   0.0412   0.0183   0.0533   0.0068   0.0603   0.0788   0.1791   0.3383   0.0066   0.0192   0.0047    0.137   0.0504   0.0001   0.2173   0.0933   0.0275   0.0495   0.0867   0.0151   0.0321   0.0553   0.2281   0.0407   0.0083   0.0354   0.0407   0.0016    0.107   0.0105   0.1286   0.0676   0.1184   0.1796    0.006   0.0782   0.0029   0.0546   0.1011   0.0127    0.025   0.2691   0.0684   0.1447   0.2736   0.0529   0.0079   0.0819    0.185   0.3356   0.0189   0.1091   0.0977   0.3098
  snr   -12.13
    H     4.78
 exon    False

M: tbpse
 freq      0.0   0.0025   0.0049   0.0074   0.0098   0.0123   0.0147   0.0172   0.0197   0.0221   0.0246    0.027   0.0295   0.0319   0.0344   0.0369   0.0393   0.0418   0.0442   0.0467   0.0491   0.0516   0.0541   0.0565    0.059   0.0614   0.0639   0.0663   0.0688   0.0713   0.0737   0.0762   0.0786   0.0811   0.0835    0.086   0.0885   0.0909   0.0934   0.0958   0.0983   0.1007   0.1032   0.1057   0.1081   0.1106    0.113   0.1155   0.1179   0.1204   0.1229   0.1253   0.1278   0.1302   0.1327   0.1351   0.1376     0.14   0.1425    0.145   0.1474   0.1499   0.1523   0.1548   0.1572   0.1597   0.1622   0.1646   0.1671   0.1695    0.172   0.1744   0.1769   0.1794   0.1818   0.1843   0.1867   0.1892   0.1916   0.1941   0.1966    0.199   0.2015   0.2039   0.2064   0.2088   0.2113   0.2138   0.2162   0.2187   0.2211   0.2236    0.226   0.2285    0.231   0.2334   0.2359   0.2383   0.2408   0.2432   0.2457   0.2482   0.2506   0.2531   0.2555    0.258   0.2604   0.2629   0.2654   0.2678   0.2703   0.2727   0.2752   0.2776   0.2801   0.2826    0.285   0.2875   0.2899   0.2924   0.2948   0.2973   0.2998   0.3022   0.3047   0.3071   0.3096    0.312   0.3145    0.317   0.3194   0.3219   0.3243   0.3268   0.3292   0.3317   0.3342   0.3366   0.3391   0.3415    0.344   0.3464   0.3489   0.3514   0.3538   0.3563   0.3587   0.3612   0.3636   0.3661   0.3686    0.371   0.3735   0.3759   0.3784   0.3808   0.3833   0.3857   0.3882   0.3907   0.3931   0.3956    0.398   0.4005   0.4029   0.4054   0.4079   0.4103   0.4128   0.4152   0.4177   0.4201   0.4226   0.4251   0.4275     0.43   0.4324   0.4349   0.4373   0.4398   0.4423   0.4447   0.4472   0.4496   0.4521   0.4545    0.457   0.4595   0.4619   0.4644   0.4668   0.4693   0.4717   0.4742   0.4767   0.4791   0.4816    0.484   0.4865   0.4889   0.4914   0.4939   0.4963   0.4988
    S      0.0   0.8113   0.1762      1.0    0.097   0.0907   0.1417   0.1369   0.0332   0.4175    0.136   0.3297   0.1078   0.0158   0.0246   0.1777   0.0128   0.0612   0.0198   0.1167   0.1736   0.1044   0.0769   0.2689   0.0254   0.1962   0.1298   0.0984   0.2069   0.1136   0.3519    0.007   0.1064   0.3336   0.0812   0.4578    0.092   0.0224   0.0589   0.0493   0.0538    0.067   0.4968    0.034   0.4755   0.3687    0.072   0.5214   0.1009    0.101   0.4776   0.5631   0.0127   0.1347    0.028   0.1156   0.3888   0.1986   0.1194   0.0488   0.0517    0.007   0.0818   0.2078   0.0414   0.1627   0.3243   0.2189   0.1077   0.0616   0.0347   0.0969   0.2397   0.0597   0.0249   0.0532   0.1956   0.0896   0.0083   0.2393   0.0109   0.1666   0.1329   0.2926   0.0489   0.0838   0.1461   0.1458   0.3688   0.1255   0.0858    0.135   0.6679   0.0127    0.049   0.1871   0.3608   0.0248   0.1598   0.3448   0.1389   0.3775   0.0241   0.1349   0.2184     0.38   0.1582    0.037   0.1652   0.3102   0.0276   0.0228   0.1576   0.0832   0.0036   0.0101   0.1062   0.0619    0.446   0.1954   0.1089   0.0782   0.1737   0.2152    0.032   0.0957   0.2095   0.0792   0.2984   0.0232   0.2027   0.5876   0.3389    0.162   0.0726   0.3688   0.0911    0.126   0.1974   0.0189   0.0483   0.3246   0.0471   0.7645   0.0132   0.1199   0.5225   0.0169   0.0035    0.108    0.041   0.0124   0.1178   0.1282    0.095   0.2404   0.2075   0.1931   0.0315   0.2524   0.3491   0.0781    0.075   0.2396   0.1231   0.2348   0.2936    0.127   0.6431   0.0314   0.7009   0.0648   0.2652   0.3308   0.0158   0.0353    0.057   0.0041   0.1539   0.0926   0.1567   0.0285   0.0374   0.0838   0.0584   0.0032   0.0372    0.044   0.1009   0.0485   0.2204   0.1568   0.0076   0.0749   0.5214   0.0661   0.0756   0.0995   0.0532   0.1545   0.0485   0.0689   0.0777   0.2165
  snr   -15.09
    H     4.89
 exon    False

M: snrse
 freq      0.0   0.0025   0.0049   0.0074   0.0098   0.0123   0.0147   0.0172   0.0197   0.0221   0.0246    0.027   0.0295   0.0319   0.0344   0.0369   0.0393   0.0418   0.0442   0.0467   0.0491   0.0516   0.0541   0.0565    0.059   0.0614   0.0639   0.0663   0.0688   0.0713   0.0737   0.0762   0.0786   0.0811   0.0835    0.086   0.0885   0.0909   0.0934   0.0958   0.0983   0.1007   0.1032   0.1057   0.1081   0.1106    0.113   0.1155   0.1179   0.1204   0.1229   0.1253   0.1278   0.1302   0.1327   0.1351   0.1376     0.14   0.1425    0.145   0.1474   0.1499   0.1523   0.1548   0.1572   0.1597   0.1622   0.1646   0.1671   0.1695    0.172   0.1744   0.1769   0.1794   0.1818   0.1843   0.1867   0.1892   0.1916   0.1941   0.1966    0.199   0.2015   0.2039   0.2064   0.2088   0.2113   0.2138   0.2162   0.2187   0.2211   0.2236    0.226   0.2285    0.231   0.2334   0.2359   0.2383   0.2408   0.2432   0.2457   0.2482   0.2506   0.2531   0.2555    0.258   0.2604   0.2629   0.2654   0.2678   0.2703   0.2727   0.2752   0.2776   0.2801   0.2826    0.285   0.2875   0.2899   0.2924   0.2948   0.2973   0.2998   0.3022   0.3047   0.3071   0.3096    0.312   0.3145    0.317   0.3194   0.3219   0.3243   0.3268   0.3292   0.3317   0.3342   0.3366   0.3391   0.3415    0.344   0.3464   0.3489   0.3514   0.3538   0.3563   0.3587   0.3612   0.3636   0.3661   0.3686    0.371   0.3735   0.3759   0.3784   0.3808   0.3833   0.3857   0.3882   0.3907   0.3931   0.3956    0.398   0.4005   0.4029   0.4054   0.4079   0.4103   0.4128   0.4152   0.4177   0.4201   0.4226   0.4251   0.4275     0.43   0.4324   0.4349   0.4373   0.4398   0.4423   0.4447   0.4472   0.4496   0.4521   0.4545    0.457   0.4595   0.4619   0.4644   0.4668   0.4693   0.4717   0.4742   0.4767   0.4791   0.4816    0.484   0.4865   0.4889   0.4914   0.4939   0.4963   0.4988
    S      0.0   0.6304   0.0212      1.0   0.0539   0.1216   0.1655   0.0244   0.0192   0.1624   0.0759   0.0162   0.0123   0.0146   0.1169   0.0338   0.1356   0.0917    0.055   0.0592   0.1155   0.0176   0.0828   0.0107   0.0227   0.0106   0.0502   0.0143    0.078   0.0537   0.0436   0.0381   0.1325   0.0153   0.0288   0.1263   0.0462    0.045   0.0203   0.0624   0.0044   0.0117   0.2287   0.0058   0.2179    0.055   0.0425   0.1518   0.0233   0.0521   0.1175   0.0348    0.004   0.0395   0.0681   0.1489   0.1455   0.0174   0.0115   0.0144   0.0032   0.0158     0.03   0.3067   0.0226   0.0016   0.2434   0.0349   0.0295    0.106   0.1977   0.0408   0.1116    0.076   0.0016   0.1088   0.1244   0.0276   0.0769   0.2348   0.0042   0.0541   0.1055   0.1521   0.0231   0.2249   0.1535   0.0773   0.0829   0.0811   0.0323    0.012   0.1615   0.0089   0.0058   0.0521    0.112   0.1422   0.0313   0.0743   0.0165   0.0494   0.0299   0.0113   0.0127   0.0601    0.222   0.0229   0.0996   0.0554   0.0172   0.0306   0.1053   0.0304   0.0075   0.0659   0.0786   0.0316   0.0964   0.0696   0.0962   0.0451   0.1064   0.0274    0.011   0.0565   0.0093   0.0563   0.0934   0.0256   0.0457   0.1444   0.0221   0.0072   0.1597   0.1047   0.0258   0.0157   0.1851   0.0569    0.064    0.027   0.0457   0.1808   0.0756    0.033   0.0922    0.043      0.1   0.0087   0.0015   0.0021    0.062   0.0053   0.0456   0.4307   0.2007   0.0538   0.0157    0.032    0.081   0.0017   0.0458   0.1114   0.1296   0.0229   0.1215   0.0208    0.036    0.002   0.1875   0.1411   0.0791   0.0579   0.0078     0.05   0.0321   0.0269   0.0714   0.0812   0.0214   0.1131    0.023   0.0906   0.0214   0.0469   0.0405   0.0902   0.0515   0.0096   0.1891   0.0971   0.0317   0.1444   0.2856   0.0243   0.1039   0.0604   0.0192   0.2065   0.2448   0.0672   0.0739   0.0567
  snr   -11.75
    H     4.81
 exon    False