>data-XIV-cerevisiae-intergenic-388
N: 237
Methods: voss, eiip, qpsk, mem, tbpse, snrse

M: voss
 freq      0.0   0.0042   0.0084   0.0127   0.0169   0.0211   0.0253   0.0295   0.0338    0.038   0.0422   0.0464   0.0506   0.0549   0.0591   0.0633   0.0675   0.0717   0.0759   0.0802   0.0844   0.0886   0.0928    0.097   0.1013   0.1055   0.1097   0.1139   0.1181   0.1224   0.1266   0.1308    0.135   0.1392   0.1435   0.1477   0.1519   0.1561   0.1603   0.1646   0.1688    0.173   0.1772   0.1814   0.1857   0.1899   0.1941   0.1983   0.2025   0.2068    0.211   0.2152   0.2194   0.2236   0.2278   0.2321   0.2363   0.2405   0.2447   0.2489   0.2532   0.2574   0.2616   0.2658     0.27   0.2743   0.2785   0.2827   0.2869   0.2911   0.2954   0.2996   0.3038    0.308   0.3122   0.3165   0.3207   0.3249   0.3291   0.3333   0.3376   0.3418    0.346   0.3502   0.3544   0.3586   0.3629   0.3671   0.3713   0.3755   0.3797    0.384   0.3882   0.3924   0.3966   0.4008   0.4051   0.4093   0.4135   0.4177   0.4219   0.4262   0.4304   0.4346   0.4388    0.443   0.4473   0.4515   0.4557   0.4599   0.4641   0.4684   0.4726   0.4768    0.481   0.4852   0.4895   0.4937   0.4979
    S      0.0   0.1875   0.2278   0.4772   0.2541    0.436   0.4142    0.054   0.2501   0.7772   0.1025   0.1752   0.4793   0.2907   0.2874   0.5694   0.3067   0.7767   0.4541      1.0   0.0747   0.3001   0.2422   0.2405   0.2789   0.1442   0.1345   0.2404   0.1492   0.1173   0.2417   0.2369    0.059   0.1374   0.6636   0.2763   0.1423   0.4379   0.2255   0.5005   0.3309   0.3144   0.5532   0.3436   0.2256   0.4715   0.0594   0.3714   0.2592   0.1739   0.1159   0.3883   0.1877    0.303   0.2132   0.1282    0.394   0.1357   0.2755   0.1314   0.1618   0.1593   0.0196   0.0769   0.1691   0.3254   0.1208   0.1304   0.0803   0.0537   0.1696   0.1982   0.2732   0.3698   0.2285   0.0886   0.6046   0.5609   0.0755   0.7366   0.1963   0.3098   0.0851   0.3931   0.1764   0.0343   0.3783   0.3404   0.1978    0.293   0.5055   0.2837   0.2789   0.0704   0.1418   0.3074   0.1977   0.3748   0.0691   0.6177   0.3744    0.179   0.0985   0.0915   0.2623   0.2794   0.2089   0.1127   0.2721   0.5354   0.3843   0.7321   0.1891   0.2383   0.3759   0.0532   0.0963   0.2515   0.3825
  snr   -15.01
    H     4.57
 exon    False

M: eiip
 freq      0.0   0.0042   0.0084   0.0127   0.0169   0.0211   0.0253   0.0295   0.0338    0.038   0.0422   0.0464   0.0506   0.0549   0.0591   0.0633   0.0675   0.0717   0.0759   0.0802   0.0844   0.0886   0.0928    0.097   0.1013   0.1055   0.1097   0.1139   0.1181   0.1224   0.1266   0.1308    0.135   0.1392   0.1435   0.1477   0.1519   0.1561   0.1603   0.1646   0.1688    0.173   0.1772   0.1814   0.1857   0.1899   0.1941   0.1983   0.2025   0.2068    0.211   0.2152   0.2194   0.2236   0.2278   0.2321   0.2363   0.2405   0.2447   0.2489   0.2532   0.2574   0.2616   0.2658     0.27   0.2743   0.2785   0.2827   0.2869   0.2911   0.2954   0.2996   0.3038    0.308   0.3122   0.3165   0.3207   0.3249   0.3291   0.3333   0.3376   0.3418    0.346   0.3502   0.3544   0.3586   0.3629   0.3671   0.3713   0.3755   0.3797    0.384   0.3882   0.3924   0.3966   0.4008   0.4051   0.4093   0.4135   0.4177   0.4219   0.4262   0.4304   0.4346   0.4388    0.443   0.4473   0.4515   0.4557   0.4599   0.4641   0.4684   0.4726   0.4768    0.481   0.4852   0.4895   0.4937   0.4979
    S      0.0   0.1633   0.0173      1.0   0.3653   0.0505    0.037     0.04   0.0501   0.5053   0.1241   0.0449     0.52   0.3009    0.461   0.6693   0.2917   0.6012   0.4004   0.2429   0.0282    0.332   0.2996   0.2474   0.1062     0.23   0.1044   0.2375   0.0039   0.2374   0.1579   0.1421   0.0224   0.0108   0.5995   0.2066   0.0027   0.3964   0.1167   0.1856   0.2534   0.2389   0.5409   0.5454   0.4124   0.4577   0.0257   0.1762   0.0374   0.0736   0.0717   0.0283   0.0191   0.6316    0.132   0.0038   0.6115   0.0062   0.5475   0.0652   0.0111    0.028   0.0054    0.089   0.1484   0.0217   0.0508   0.1213   0.0863   0.1045   0.3698   0.0589   0.1432   0.1788   0.1333   0.1947   0.3299   0.8524    0.033    0.828   0.2006   0.1176   0.0802   0.0148    0.259   0.0049   0.4314   0.1335   0.0362    0.039   0.7726   0.2157    0.022   0.1603   0.3406   0.7427   0.2235   0.2943   0.0437   0.0726   0.1636   0.0919   0.1903   0.0023   0.2273   0.1985   0.0831    0.045   0.0241   0.2146   0.2112   0.9285   0.2419   0.0458   0.5666   0.0237   0.1369   0.2403   0.0415
  snr    -14.0
    H     4.31
 exon    False

M: qpsk
 freq      0.0   0.0042   0.0084   0.0127   0.0169   0.0211   0.0253   0.0295   0.0338    0.038   0.0422   0.0464   0.0506   0.0549   0.0591   0.0633   0.0675   0.0717   0.0759   0.0802   0.0844   0.0886   0.0928    0.097   0.1013   0.1055   0.1097   0.1139   0.1181   0.1224   0.1266   0.1308    0.135   0.1392   0.1435   0.1477   0.1519   0.1561   0.1603   0.1646   0.1688    0.173   0.1772   0.1814   0.1857   0.1899   0.1941   0.1983   0.2025   0.2068    0.211   0.2152   0.2194   0.2236   0.2278   0.2321   0.2363   0.2405   0.2447   0.2489   0.2532   0.2574   0.2616   0.2658     0.27   0.2743   0.2785   0.2827   0.2869   0.2911   0.2954   0.2996   0.3038    0.308   0.3122   0.3165   0.3207   0.3249   0.3291   0.3333   0.3376   0.3418    0.346   0.3502   0.3544   0.3586   0.3629   0.3671   0.3713   0.3755   0.3797    0.384   0.3882   0.3924   0.3966   0.4008   0.4051   0.4093   0.4135   0.4177   0.4219   0.4262   0.4304   0.4346   0.4388    0.443   0.4473   0.4515   0.4557   0.4599   0.4641   0.4684   0.4726   0.4768    0.481   0.4852   0.4895   0.4937   0.4979
    S      0.0   0.2531   0.1572   0.7265   0.2009   0.2921   0.1207   0.0599   0.2743      1.0   0.1395   0.2701   0.6291   0.4466    0.337   0.3315   0.4079   0.5058   0.5372   0.8611   0.0658   0.1993   0.1878   0.2285   0.3684   0.0653    0.005   0.3539    0.207   0.0741   0.2148   0.2346   0.0143   0.1597   0.8891   0.3673    0.119   0.3139   0.3074    0.563   0.3368   0.3956   0.6965   0.5317   0.1441   0.5855   0.0593   0.4904   0.2042   0.2426   0.1528   0.1887   0.1512   0.4406   0.2839   0.1816   0.2513   0.0424   0.2123   0.0517   0.1248   0.1606   0.0107   0.1178   0.2208   0.2896   0.1825   0.1356    0.088   0.0445   0.2173   0.1178   0.2597   0.1845   0.1231    0.105   0.5384   0.4195   0.0282   0.7084   0.2121   0.3528   0.0579   0.1092   0.2058   0.0326   0.4834   0.4293   0.1592   0.4201   0.7687    0.367   0.4232   0.0766   0.1969   0.3616   0.2243   0.4408   0.0888    0.289   0.4772   0.1083   0.1035   0.1135     0.12   0.2877     0.03   0.1135   0.3075   0.7279   0.5643   0.9331   0.1459   0.3535   0.5388   0.0346    0.046   0.3606   0.1772
  snr   -15.11
    H      4.5
 exon    False

M: mem
 freq      0.0   0.0042   0.0085   0.0127   0.0169   0.0212   0.0254   0.0297   0.0339   0.0381   0.0424   0.0466   0.0508   0.0551   0.0593   0.0636   0.0678    0.072   0.0763   0.0805   0.0847    0.089   0.0932   0.0975   0.1017   0.1059   0.1102   0.1144   0.1186   0.1229   0.1271   0.1314   0.1356   0.1398   0.1441   0.1483   0.1525   0.1568    0.161   0.1653   0.1695   0.1737    0.178   0.1822   0.1864   0.1907   0.1949   0.1992   0.2034   0.2076   0.2119   0.2161   0.2203   0.2246   0.2288   0.2331   0.2373   0.2415   0.2458     0.25   0.2542   0.2585   0.2627   0.2669   0.2712   0.2754   0.2797   0.2839   0.2881   0.2924   0.2966   0.3008   0.3051   0.3093   0.3136   0.3178    0.322   0.3263   0.3305   0.3347    0.339   0.3432   0.3475   0.3517   0.3559   0.3602   0.3644   0.3686   0.3729   0.3771   0.3814   0.3856   0.3898   0.3941   0.3983   0.4025   0.4068    0.411   0.4153   0.4195   0.4237    0.428   0.4322   0.4364   0.4407   0.4449   0.4492   0.4534   0.4576   0.4619   0.4661   0.4703   0.4746   0.4788   0.4831   0.4873   0.4915   0.4958
    S      0.0      0.1   0.0304   0.9655   0.2853   0.0774   0.0022   0.0145   0.0046   0.8495    0.083    0.087   0.5859   0.5394   0.1617   0.5944   0.4126   0.4649   0.2718   0.2576   0.0104   0.3308    0.097   0.0513   0.3281   0.2041   0.0224   0.1385   0.0634   0.1968   0.0055   0.1238   0.0263   0.0211      1.0   0.0445   0.0008   0.3383   0.0483   0.2517   0.2528    0.011   0.3627   0.6961      0.2   0.5889   0.0431   0.2692   0.0435   0.0759   0.1019   0.0035    0.063   0.7546   0.0009   0.0785   0.2279   0.0226   0.3583   0.0085   0.0179   0.0205   0.0001   0.1522   0.1797   0.0826   0.0311   0.0307   0.1763   0.0115    0.194   0.0244   0.0171    0.123   0.0583   0.1924   0.1075   0.2997   0.0242   0.8632   0.0718   0.0853   0.0411   0.0294   0.0651   0.0009   0.3609   0.1784   0.1282   0.1488   0.7241   0.0855   0.0085   0.3224   0.0505   0.8495   0.1851   0.0967   0.0354   0.0125   0.0319   0.1418   0.0756   0.0538   0.1682   0.0756    0.147   0.0916   0.0014   0.1049   0.1182   0.8768   0.3715   0.0982   0.0288   0.0187     0.14   0.1397
  snr   -13.23
    H     4.15
 exon    False

M: tbpse
 freq      0.0   0.0042   0.0084   0.0127   0.0169   0.0211   0.0253   0.0295   0.0338    0.038   0.0422   0.0464   0.0506   0.0549   0.0591   0.0633   0.0675   0.0717   0.0759   0.0802   0.0844   0.0886   0.0928    0.097   0.1013   0.1055   0.1097   0.1139   0.1181   0.1224   0.1266   0.1308    0.135   0.1392   0.1435   0.1477   0.1519   0.1561   0.1603   0.1646   0.1688    0.173   0.1772   0.1814   0.1857   0.1899   0.1941   0.1983   0.2025   0.2068    0.211   0.2152   0.2194   0.2236   0.2278   0.2321   0.2363   0.2405   0.2447   0.2489   0.2532   0.2574   0.2616   0.2658     0.27   0.2743   0.2785   0.2827   0.2869   0.2911   0.2954   0.2996   0.3038    0.308   0.3122   0.3165   0.3207   0.3249   0.3291   0.3333   0.3376   0.3418    0.346   0.3502   0.3544   0.3586   0.3629   0.3671   0.3713   0.3755   0.3797    0.384   0.3882   0.3924   0.3966   0.4008   0.4051   0.4093   0.4135   0.4177   0.4219   0.4262   0.4304   0.4346   0.4388    0.443   0.4473   0.4515   0.4557   0.4599   0.4641   0.4684   0.4726   0.4768    0.481   0.4852   0.4895   0.4937   0.4979
    S      0.0   0.1395   0.0573    0.216   0.1944   0.0924   0.3058   0.0767   0.0655   0.3424   0.1126   0.1213   0.2964   0.1314   0.3556    0.324   0.1484   0.2667   0.1338   0.1417   0.0883   0.1426   0.3227   0.3447   0.0983   0.1295   0.0804   0.0766   0.1118   0.1173   0.2811   0.2367    0.048   0.1353   0.2969   0.0576   0.1603   0.2296   0.1828   0.2037   0.0947   0.3867   0.2281   0.1207   0.3122    0.158   0.0554   0.1943   0.1725   0.1554   0.1026   0.1489   0.1743     0.14   0.0661   0.0792   0.4615    0.035   0.2649   0.1628   0.1907   0.0885   0.0203   0.0345   0.0587   0.1405   0.1026   0.1286   0.0382   0.0347   0.1261   0.2459   0.2618   0.2195   0.2144   0.0726   0.9426   0.4806   0.0345      1.0   0.0418   0.0826   0.1252   0.1425   0.2324   0.0203    0.346    0.265   0.0187    0.202   0.1795   0.2685   0.2874   0.0454   0.0758    0.267   0.0744    0.049   0.0754   0.6741   0.3186   0.0534    0.066   0.1089   0.2606   0.0516   0.0843   0.0101   0.2289   0.6827   0.4236   0.6079   0.2167   0.1346   0.4252   0.0676    0.064   0.2883   0.2318
  snr   -13.35
    H     4.47
 exon     True

M: snrse
 freq      0.0   0.0042   0.0084   0.0127   0.0169   0.0211   0.0253   0.0295   0.0338    0.038   0.0422   0.0464   0.0506   0.0549   0.0591   0.0633   0.0675   0.0717   0.0759   0.0802   0.0844   0.0886   0.0928    0.097   0.1013   0.1055   0.1097   0.1139   0.1181   0.1224   0.1266   0.1308    0.135   0.1392   0.1435   0.1477   0.1519   0.1561   0.1603   0.1646   0.1688    0.173   0.1772   0.1814   0.1857   0.1899   0.1941   0.1983   0.2025   0.2068    0.211   0.2152   0.2194   0.2236   0.2278   0.2321   0.2363   0.2405   0.2447   0.2489   0.2532   0.2574   0.2616   0.2658     0.27   0.2743   0.2785   0.2827   0.2869   0.2911   0.2954   0.2996   0.3038    0.308   0.3122   0.3165   0.3207   0.3249   0.3291   0.3333   0.3376   0.3418    0.346   0.3502   0.3544   0.3586   0.3629   0.3671   0.3713   0.3755   0.3797    0.384   0.3882   0.3924   0.3966   0.4008   0.4051   0.4093   0.4135   0.4177   0.4219   0.4262   0.4304   0.4346   0.4388    0.443   0.4473   0.4515   0.4557   0.4599   0.4641   0.4684   0.4726   0.4768    0.481   0.4852   0.4895   0.4937   0.4979
    S      0.0    0.086   0.2205   0.1866   0.0276   0.4181   0.3056   0.0018   0.1642    0.433   0.0064   0.0208   0.2132   0.0949   0.0347   0.2766   0.1823   0.5513   0.3534      1.0   0.0134   0.1691   0.0199   0.0214   0.0566   0.0258   0.0687   0.1539   0.0213   0.0104   0.0691   0.0866   0.0353   0.0325   0.3248   0.2248   0.0558   0.2782   0.0781   0.3766   0.2479   0.0523   0.3734   0.1536   0.0062   0.3385   0.0254   0.1717   0.1793   0.0481    0.018   0.3309   0.0744   0.0591   0.1552    0.034   0.0641   0.1235   0.0519   0.0437   0.0582    0.108   0.0079   0.0322   0.0257   0.2208   0.0276   0.0431   0.0305   0.0078   0.0442   0.0628   0.0616   0.2688   0.1193   0.0089   0.0446   0.2119   0.0445   0.0369   0.1218   0.1645   0.0126    0.353   0.0184   0.0186   0.1382    0.129   0.1959   0.0879   0.2702   0.0677   0.0117   0.0037    0.024   0.0224   0.0909   0.3248   0.0146   0.3149   0.0878    0.138   0.0148    0.014   0.1093   0.1945   0.1367   0.1059   0.1194   0.0161   0.0304   0.2378   0.0337   0.0265   0.0599   0.0138   0.0202    0.025   0.2847
  snr   -11.39
    H     4.27
 exon    False