>data-XIV-cerevisiae-intergenic-230
N: 493
Methods: voss, eiip, qpsk, mem, alg1, alg2

M: voss
 freq      0.0    0.002   0.0041   0.0061   0.0081   0.0101   0.0122   0.0142   0.0162   0.0183   0.0203   0.0223   0.0243   0.0264   0.0284   0.0304   0.0325   0.0345   0.0365   0.0385   0.0406   0.0426   0.0446   0.0467   0.0487   0.0507   0.0527   0.0548   0.0568   0.0588   0.0609   0.0629   0.0649   0.0669    0.069    0.071    0.073   0.0751   0.0771   0.0791   0.0811   0.0832   0.0852   0.0872   0.0892   0.0913   0.0933   0.0953   0.0974   0.0994   0.1014   0.1034   0.1055   0.1075   0.1095   0.1116   0.1136   0.1156   0.1176   0.1197   0.1217   0.1237   0.1258   0.1278   0.1298   0.1318   0.1339   0.1359   0.1379     0.14    0.142    0.144    0.146   0.1481   0.1501   0.1521   0.1542   0.1562   0.1582   0.1602   0.1623   0.1643   0.1663   0.1684   0.1704   0.1724   0.1744   0.1765   0.1785   0.1805   0.1826   0.1846   0.1866   0.1886   0.1907   0.1927   0.1947   0.1968   0.1988   0.2008   0.2028   0.2049   0.2069   0.2089    0.211    0.213    0.215    0.217   0.2191   0.2211   0.2231   0.2252   0.2272   0.2292   0.2312   0.2333   0.2353   0.2373   0.2394   0.2414   0.2434   0.2454   0.2475   0.2495   0.2515   0.2535   0.2556   0.2576   0.2596   0.2617   0.2637   0.2657   0.2677   0.2698   0.2718   0.2738   0.2759   0.2779   0.2799   0.2819    0.284    0.286    0.288   0.2901   0.2921   0.2941   0.2961   0.2982   0.3002   0.3022   0.3043   0.3063   0.3083   0.3103   0.3124   0.3144   0.3164   0.3185   0.3205   0.3225   0.3245   0.3266   0.3286   0.3306   0.3327   0.3347   0.3367   0.3387   0.3408   0.3428   0.3448   0.3469   0.3489   0.3509   0.3529    0.355    0.357    0.359   0.3611   0.3631   0.3651   0.3671   0.3692   0.3712   0.3732   0.3753   0.3773   0.3793   0.3813   0.3834   0.3854   0.3874   0.3895   0.3915   0.3935   0.3955   0.3976   0.3996   0.4016   0.4037   0.4057   0.4077   0.4097   0.4118   0.4138   0.4158   0.4178   0.4199   0.4219   0.4239    0.426    0.428     0.43    0.432   0.4341   0.4361   0.4381   0.4402   0.4422   0.4442   0.4462   0.4483   0.4503   0.4523   0.4544   0.4564   0.4584   0.4604   0.4625   0.4645   0.4665   0.4686   0.4706   0.4726   0.4746   0.4767   0.4787   0.4807   0.4828   0.4848   0.4868   0.4888   0.4909   0.4929   0.4949    0.497    0.499
    S      0.0   0.3743    0.388   0.2755   0.2925   0.3295   0.2338   0.4061   0.2525   0.1227   0.1732   0.4047   0.4799   0.2919   0.3955    0.385   0.1256   0.4305   0.2024   0.2724   0.3687   0.0995   0.4929   0.1906   0.2823   0.1608   0.5723    0.294   0.1959   0.1557   0.1517   0.4445   0.3234   0.2617   0.2236    0.131     0.27   0.3168   0.1954   0.1152   0.1927   0.2335   0.0916   0.3917   0.1392      0.5   0.5691   0.2734   0.2726   0.1854   0.2718   0.0587   0.3035   0.6431   0.4468   0.1648   0.3818   0.4773   0.0388   0.6581   0.3314    0.159   0.0796   0.2259   0.5066    0.164   0.1857   0.3164   0.1674   0.2467   0.5792   0.2585   0.0947   0.4387   0.3959   0.2334   0.1345    0.282   0.1102   0.2437    0.258   0.2447   0.1374   0.2027   0.3371   0.6779   0.1019   0.3123   0.0849   0.0722   0.4617   0.2829      1.0   0.2172   0.2047   0.3011   0.3502   0.1405   0.3444   0.1804   0.3165   0.4172   0.4807   0.2439   0.2359   0.2889   0.3414   0.3085   0.0299   0.5424    0.026   0.3513   0.0856   0.1145   0.4871   0.2629   0.1134   0.3454    0.633   0.1552   0.2411   0.2149   0.0809   0.2196   0.2353   0.0814   0.2959   0.2186   0.0269   0.1504   0.1003   0.1312   0.1708   0.3832    0.203   0.2308   0.3783    0.088   0.2807   0.0533   0.0337   0.2353   0.2494   0.3062   0.1246   0.2759   0.2952   0.1545   0.0526   0.0836   0.1422   0.2306    0.358   0.1089     0.21   0.1686   0.2733   0.2594    0.034   0.1768   0.0852   0.3596   0.1299    0.153   0.1523   0.2755   0.0516   0.1482   0.2896    0.177   0.1285   0.1879   0.1864   0.2506   0.1804   0.1442   0.1207   0.2472   0.3777   0.4407   0.3916     0.26   0.3238    0.129    0.053   0.1487   0.1511   0.2289   0.2244   0.2426   0.3297   0.3493   0.2651   0.1337   0.2275   0.2989   0.2902    0.221   0.0965    0.255   0.1743   0.4149   0.1739   0.2583   0.2002   0.1491   0.1271   0.2946   0.0542   0.1316   0.2108   0.2176   0.2184   0.1421   0.3008   0.0298   0.4173   0.1446   0.2046   0.2106   0.1717   0.1421   0.2302    0.241   0.3566   0.0964   0.2549   0.0993   0.1727    0.342   0.2456   0.2753   0.0703   0.4135   0.2373   0.2251   0.5775   0.0966   0.1343   0.0534   0.1818   0.2166   0.3583   0.4121   0.1409   0.1071   0.3197
  snr   -17.76
    H     5.35
 exon    False

M: eiip
 freq      0.0    0.002   0.0041   0.0061   0.0081   0.0101   0.0122   0.0142   0.0162   0.0183   0.0203   0.0223   0.0243   0.0264   0.0284   0.0304   0.0325   0.0345   0.0365   0.0385   0.0406   0.0426   0.0446   0.0467   0.0487   0.0507   0.0527   0.0548   0.0568   0.0588   0.0609   0.0629   0.0649   0.0669    0.069    0.071    0.073   0.0751   0.0771   0.0791   0.0811   0.0832   0.0852   0.0872   0.0892   0.0913   0.0933   0.0953   0.0974   0.0994   0.1014   0.1034   0.1055   0.1075   0.1095   0.1116   0.1136   0.1156   0.1176   0.1197   0.1217   0.1237   0.1258   0.1278   0.1298   0.1318   0.1339   0.1359   0.1379     0.14    0.142    0.144    0.146   0.1481   0.1501   0.1521   0.1542   0.1562   0.1582   0.1602   0.1623   0.1643   0.1663   0.1684   0.1704   0.1724   0.1744   0.1765   0.1785   0.1805   0.1826   0.1846   0.1866   0.1886   0.1907   0.1927   0.1947   0.1968   0.1988   0.2008   0.2028   0.2049   0.2069   0.2089    0.211    0.213    0.215    0.217   0.2191   0.2211   0.2231   0.2252   0.2272   0.2292   0.2312   0.2333   0.2353   0.2373   0.2394   0.2414   0.2434   0.2454   0.2475   0.2495   0.2515   0.2535   0.2556   0.2576   0.2596   0.2617   0.2637   0.2657   0.2677   0.2698   0.2718   0.2738   0.2759   0.2779   0.2799   0.2819    0.284    0.286    0.288   0.2901   0.2921   0.2941   0.2961   0.2982   0.3002   0.3022   0.3043   0.3063   0.3083   0.3103   0.3124   0.3144   0.3164   0.3185   0.3205   0.3225   0.3245   0.3266   0.3286   0.3306   0.3327   0.3347   0.3367   0.3387   0.3408   0.3428   0.3448   0.3469   0.3489   0.3509   0.3529    0.355    0.357    0.359   0.3611   0.3631   0.3651   0.3671   0.3692   0.3712   0.3732   0.3753   0.3773   0.3793   0.3813   0.3834   0.3854   0.3874   0.3895   0.3915   0.3935   0.3955   0.3976   0.3996   0.4016   0.4037   0.4057   0.4077   0.4097   0.4118   0.4138   0.4158   0.4178   0.4199   0.4219   0.4239    0.426    0.428     0.43    0.432   0.4341   0.4361   0.4381   0.4402   0.4422   0.4442   0.4462   0.4483   0.4503   0.4523   0.4544   0.4564   0.4584   0.4604   0.4625   0.4645   0.4665   0.4686   0.4706   0.4726   0.4746   0.4767   0.4787   0.4807   0.4828   0.4848   0.4868   0.4888   0.4909   0.4929   0.4949    0.497    0.499
    S      0.0   0.0682   0.2145   0.1636   0.5019   0.2887   0.1063   0.1056   0.2515   0.1893   0.2208   0.3065      1.0   0.2569   0.4139   0.1748   0.1876    0.538   0.1437    0.022    0.248   0.1625    0.603   0.0456   0.3133   0.2314   0.2206   0.3922    0.157   0.2184   0.1688    0.104   0.0838   0.3495    0.164   0.0348   0.2244   0.3112   0.2768   0.0328   0.0008   0.0305   0.0614   0.1875   0.0532   0.0773    0.129   0.2546   0.0653   0.1832   0.2981   0.0102   0.0008   0.4358   0.1169   0.3665   0.2042   0.0584   0.0371    0.257   0.0372   0.2233   0.0328   0.0887    0.023   0.2016   0.0732   0.2532   0.1459   0.0678   0.2376   0.3438   0.0663   0.0335   0.1503   0.2232   0.0038   0.1802   0.0246   0.0362   0.0454   0.0572   0.0189   0.1406   0.3394   0.0394   0.0888   0.4934   0.0159   0.0422   0.2303    0.407   0.3987   0.1403   0.0771   0.4499   0.1998   0.2291   0.0281   0.0351   0.0594   0.0124   0.0958   0.0922   0.0169   0.0055   0.1944   0.1686   0.0161   0.0363   0.0257   0.1113   0.0167   0.1452   0.6246   0.1576   0.0048   0.0524   0.0712   0.3107   0.4509   0.0348   0.0789   0.0637   0.1987   0.0844   0.1659   0.1539   0.0382   0.2057   0.1277   0.1041    0.039   0.9126   0.0355   0.2945   0.0177    0.109   0.0352   0.0943   0.0073   0.2165   0.3258   0.0497    0.005   0.1015   0.0595   0.0622    0.041   0.1467   0.0902   0.0719   0.0231    0.027    0.218   0.0108   0.4007   0.4036    0.007   0.2378   0.0066   0.1252   0.1299   0.0461   0.1544   0.2914    0.006   0.1854   0.1595   0.0893   0.0759   0.1484   0.2511   0.1083   0.2222   0.0268   0.1174   0.4497   0.1704   0.3439   0.1054   0.2158   0.0213     0.17   0.0592   0.0021   0.2899   0.0332   0.1493   0.0675   0.0923   0.2515   0.1207    0.228   0.1685   0.2414   0.0066   0.5154   0.0543   0.3091    0.021   0.0246   0.1413   0.0184   0.3069   0.2251   0.0576    0.363   0.0331   0.1447    0.088    0.032   0.1559   0.0494   0.0743   0.0183   0.1483   0.0782   0.1225   0.4708   0.0552   0.0098   0.0249   0.0952   0.1458   0.1265   0.0144   0.0285    0.242   0.1675   0.1184   0.0152   0.0582    0.275   0.1348   0.1244   0.1461   0.0921   0.1365   0.0517   0.1088   0.0757   0.3961   0.1409   0.1964   0.0879    0.245
  snr   -15.72
    H     5.12
 exon    False

M: qpsk
 freq      0.0    0.002   0.0041   0.0061   0.0081   0.0101   0.0122   0.0142   0.0162   0.0183   0.0203   0.0223   0.0243   0.0264   0.0284   0.0304   0.0325   0.0345   0.0365   0.0385   0.0406   0.0426   0.0446   0.0467   0.0487   0.0507   0.0527   0.0548   0.0568   0.0588   0.0609   0.0629   0.0649   0.0669    0.069    0.071    0.073   0.0751   0.0771   0.0791   0.0811   0.0832   0.0852   0.0872   0.0892   0.0913   0.0933   0.0953   0.0974   0.0994   0.1014   0.1034   0.1055   0.1075   0.1095   0.1116   0.1136   0.1156   0.1176   0.1197   0.1217   0.1237   0.1258   0.1278   0.1298   0.1318   0.1339   0.1359   0.1379     0.14    0.142    0.144    0.146   0.1481   0.1501   0.1521   0.1542   0.1562   0.1582   0.1602   0.1623   0.1643   0.1663   0.1684   0.1704   0.1724   0.1744   0.1765   0.1785   0.1805   0.1826   0.1846   0.1866   0.1886   0.1907   0.1927   0.1947   0.1968   0.1988   0.2008   0.2028   0.2049   0.2069   0.2089    0.211    0.213    0.215    0.217   0.2191   0.2211   0.2231   0.2252   0.2272   0.2292   0.2312   0.2333   0.2353   0.2373   0.2394   0.2414   0.2434   0.2454   0.2475   0.2495   0.2515   0.2535   0.2556   0.2576   0.2596   0.2617   0.2637   0.2657   0.2677   0.2698   0.2718   0.2738   0.2759   0.2779   0.2799   0.2819    0.284    0.286    0.288   0.2901   0.2921   0.2941   0.2961   0.2982   0.3002   0.3022   0.3043   0.3063   0.3083   0.3103   0.3124   0.3144   0.3164   0.3185   0.3205   0.3225   0.3245   0.3266   0.3286   0.3306   0.3327   0.3347   0.3367   0.3387   0.3408   0.3428   0.3448   0.3469   0.3489   0.3509   0.3529    0.355    0.357    0.359   0.3611   0.3631   0.3651   0.3671   0.3692   0.3712   0.3732   0.3753   0.3773   0.3793   0.3813   0.3834   0.3854   0.3874   0.3895   0.3915   0.3935   0.3955   0.3976   0.3996   0.4016   0.4037   0.4057   0.4077   0.4097   0.4118   0.4138   0.4158   0.4178   0.4199   0.4219   0.4239    0.426    0.428     0.43    0.432   0.4341   0.4361   0.4381   0.4402   0.4422   0.4442   0.4462   0.4483   0.4503   0.4523   0.4544   0.4564   0.4584   0.4604   0.4625   0.4645   0.4665   0.4686   0.4706   0.4726   0.4746   0.4767   0.4787   0.4807   0.4828   0.4848   0.4868   0.4888   0.4909   0.4929   0.4949    0.497    0.499
    S      0.0   0.4355   0.7822   0.5349   0.5788   0.5724   0.2609   0.4778   0.1917   0.0797   0.2894   0.7716   0.9185   0.4449   0.3371   0.7408   0.2421   0.8529   0.2981    0.175   0.6227   0.1965      1.0   0.2594   0.2969   0.2591   0.8992   0.4146   0.3916   0.2656   0.3157   0.4172   0.3337    0.323   0.2282   0.1748   0.4659   0.3545   0.1714   0.2255   0.3479   0.3138   0.0397   0.7463   0.0696   0.8813   0.8075   0.3079   0.2222   0.2777   0.5058   0.0916   0.2322   0.9792   0.6918   0.2058   0.4329   0.7457   0.0179   0.9297   0.6424   0.1405   0.1609   0.4393    0.376   0.1766   0.2809   0.2308   0.1718   0.2234   0.5045   0.4927   0.1647   0.6146   0.5339   0.4135   0.2633   0.4249   0.1596   0.4513   0.2842   0.1257   0.1666   0.3445   0.5843   0.6344   0.1094   0.1183   0.1292   0.1381   0.4531   0.3766    0.163    0.424   0.4185    0.516   0.7225   0.1825   0.5202   0.2541   0.4068   0.7387   0.9163    0.364   0.3212   0.3052   0.5714   0.4759   0.0547   0.8625    0.021   0.4962   0.0238   0.0778   0.4348   0.2858   0.2135   0.2836   0.7005   0.2934    0.241     0.44   0.1442   0.1155   0.4589   0.0594   0.2112   0.2969   0.0283   0.1508   0.1978    0.127   0.3299   0.6154   0.3244   0.3728   0.1432   0.1577   0.3837   0.1082   0.0397   0.3138   0.4669   0.5011   0.0736   0.1669   0.3408   0.2868   0.0935   0.1571   0.0487   0.2186   0.6059   0.0835   0.2538   0.2898    0.374   0.4614   0.0531   0.1205   0.0967   0.3997   0.0837   0.2341   0.2074   0.4396   0.0599   0.2757   0.4534   0.2339   0.1687   0.0346    0.301   0.2713   0.3544   0.2936   0.1303    0.187   0.4355    0.143   0.5172   0.5388   0.4424   0.2638   0.0736   0.2224   0.3008   0.2683   0.3697     0.24   0.4203   0.3021   0.3717   0.1804   0.4176    0.511   0.5727   0.2902   0.1527   0.5112   0.2978   0.4175   0.2832   0.2693   0.1968   0.2798   0.1589   0.5325   0.0787   0.1907   0.3001   0.2874   0.1198   0.1426   0.3865   0.0558   0.4518   0.2853   0.2946   0.3333   0.2642   0.2416   0.2806   0.4185   0.5654   0.0739   0.2635   0.1697   0.3043   0.5609    0.486   0.2871   0.0566   0.8217   0.3931   0.2755   0.4374   0.1777   0.2404   0.0668   0.2879   0.3924   0.4456   0.5469   0.1594   0.2119   0.5736
  snr   -19.13
    H     5.32
 exon    False

M: mem
 freq      0.0    0.002   0.0041   0.0061   0.0081   0.0102   0.0122   0.0142   0.0163   0.0183   0.0203   0.0224   0.0244   0.0264   0.0285   0.0305   0.0325   0.0346   0.0366   0.0386   0.0407   0.0427   0.0447   0.0467   0.0488   0.0508   0.0528   0.0549   0.0569   0.0589    0.061    0.063    0.065   0.0671   0.0691   0.0711   0.0732   0.0752   0.0772   0.0793   0.0813   0.0833   0.0854   0.0874   0.0894   0.0915   0.0935   0.0955   0.0976   0.0996   0.1016   0.1037   0.1057   0.1077   0.1098   0.1118   0.1138   0.1159   0.1179   0.1199    0.122    0.124    0.126    0.128   0.1301   0.1321   0.1341   0.1362   0.1382   0.1402   0.1423   0.1443   0.1463   0.1484   0.1504   0.1524   0.1545   0.1565   0.1585   0.1606   0.1626   0.1646   0.1667   0.1687   0.1707   0.1728   0.1748   0.1768   0.1789   0.1809   0.1829    0.185    0.187    0.189   0.1911   0.1931   0.1951   0.1972   0.1992   0.2012   0.2033   0.2053   0.2073   0.2093   0.2114   0.2134   0.2154   0.2175   0.2195   0.2215   0.2236   0.2256   0.2276   0.2297   0.2317   0.2337   0.2358   0.2378   0.2398   0.2419   0.2439   0.2459    0.248     0.25    0.252   0.2541   0.2561   0.2581   0.2602   0.2622   0.2642   0.2663   0.2683   0.2703   0.2724   0.2744   0.2764   0.2785   0.2805   0.2825   0.2846   0.2866   0.2886   0.2907   0.2927   0.2947   0.2967   0.2988   0.3008   0.3028   0.3049   0.3069   0.3089    0.311    0.313    0.315   0.3171   0.3191   0.3211   0.3232   0.3252   0.3272   0.3293   0.3313   0.3333   0.3354   0.3374   0.3394   0.3415   0.3435   0.3455   0.3476   0.3496   0.3516   0.3537   0.3557   0.3577   0.3598   0.3618   0.3638   0.3659   0.3679   0.3699    0.372    0.374    0.376    0.378   0.3801   0.3821   0.3841   0.3862   0.3882   0.3902   0.3923   0.3943   0.3963   0.3984   0.4004   0.4024   0.4045   0.4065   0.4085   0.4106   0.4126   0.4146   0.4167   0.4187   0.4207   0.4228   0.4248   0.4268   0.4289   0.4309   0.4329    0.435    0.437    0.439   0.4411   0.4431   0.4451   0.4472   0.4492   0.4512   0.4533   0.4553   0.4573   0.4593   0.4614   0.4634   0.4654   0.4675   0.4695   0.4715   0.4736   0.4756   0.4776   0.4797   0.4817   0.4837   0.4858   0.4878   0.4898   0.4919   0.4939   0.4959    0.498
    S      0.0   0.3698   0.7283   0.3105   0.1647   0.3558   0.4089   0.3986   0.1274   0.0949   0.0436   0.2777   0.2907   0.0356   0.3937   0.5437   0.0339   0.6811   0.1069   0.0369   0.8064   0.0064   0.3381   0.3252   0.0648   0.1208      1.0   0.1509   0.0888   0.0337   0.1832   0.3691    0.058   0.2921   0.0824   0.0616   0.1105   0.2378   0.0592   0.1823   0.4303   0.1752   0.0249   0.2718   0.1335   0.8578   0.7675   0.0879   0.1399   0.0212   0.2382   0.0414   0.0782   0.5751   0.4294   0.0875   0.1329   0.7049   0.0108   0.0953   0.7813   0.0385   0.1805   0.2796   0.1381   0.1854   0.1476   0.1228   0.1248   0.3419   0.4564   0.4482   0.0326   0.8241   0.5535   0.2272   0.2112   0.0648   0.0208   0.4588   0.1119   0.0897   0.0602   0.0668   0.1486   0.0683   0.0518    0.086   0.0603   0.1122   0.0331   0.0165   0.0606   0.5009   0.2664   0.8297   0.4446   0.0877    0.456   0.2123   0.0079   0.8532   0.5919   0.5842    0.131   0.3385   0.2684   0.0378    0.014   0.8895    0.073   0.0191   0.0052    0.048   0.0122     0.36   0.0684   0.1266    0.612   0.0237   0.0373   0.3983   0.1589   0.1209   0.2858   0.1323   0.0103   0.1274   0.0729   0.1256    0.087   0.2245    0.068   0.1085   0.3663   0.0039   0.0821    0.007   0.2566   0.0364   0.0148   0.2879   0.1905   0.6767   0.2083   0.0428   0.1084   0.1699   0.0128   0.0064   0.0765   0.1996    0.242   0.1141   0.2002   0.4078   0.1988   0.0662   0.0947   0.0069   0.1632   0.0409   0.0648   0.1602   0.0089   0.4653   0.0454   0.1982   0.0823   0.1856     0.01   0.0017   0.2098   0.1269   0.5605   0.0144   0.1517   0.0112   0.0434   0.1249   0.4156   0.2886   0.3955   0.1236   0.1875   0.0478     0.04   0.0744   0.0162   0.2236   0.4052   0.0759      0.0   0.0067   0.3276   0.8406   0.1143   0.0055   0.0716   0.0928   0.0114   0.1491   0.3983    0.087   0.3052   0.0177   0.1306   0.0157   0.0018   0.0402   0.1435   0.2434   0.1717   0.2621   0.0434   0.1775   0.3957   0.0449   0.3975   0.0355   0.1349   0.0277   0.4348   0.2203   0.2972   0.0868   0.3289   0.2111   0.0453   0.2502    0.539   0.0079   0.2864   0.1699   0.1958   0.0394   0.2922   0.0475   0.0105   0.0873   0.4654   0.0088   0.1615   0.5332   0.3932   0.5653
  snr    -17.0
    H     5.05
 exon    False

M: alg1
 freq      0.0    0.002   0.0041   0.0061   0.0081   0.0101   0.0122   0.0142   0.0162   0.0183   0.0203   0.0223   0.0243   0.0264   0.0284   0.0304   0.0325   0.0345   0.0365   0.0385   0.0406   0.0426   0.0446   0.0467   0.0487   0.0507   0.0527   0.0548   0.0568   0.0588   0.0609   0.0629   0.0649   0.0669    0.069    0.071    0.073   0.0751   0.0771   0.0791   0.0811   0.0832   0.0852   0.0872   0.0892   0.0913   0.0933   0.0953   0.0974   0.0994   0.1014   0.1034   0.1055   0.1075   0.1095   0.1116   0.1136   0.1156   0.1176   0.1197   0.1217   0.1237   0.1258   0.1278   0.1298   0.1318   0.1339   0.1359   0.1379     0.14    0.142    0.144    0.146   0.1481   0.1501   0.1521   0.1542   0.1562   0.1582   0.1602   0.1623   0.1643   0.1663   0.1684   0.1704   0.1724   0.1744   0.1765   0.1785   0.1805   0.1826   0.1846   0.1866   0.1886   0.1907   0.1927   0.1947   0.1968   0.1988   0.2008   0.2028   0.2049   0.2069   0.2089    0.211    0.213    0.215    0.217   0.2191   0.2211   0.2231   0.2252   0.2272   0.2292   0.2312   0.2333   0.2353   0.2373   0.2394   0.2414   0.2434   0.2454   0.2475   0.2495   0.2515   0.2535   0.2556   0.2576   0.2596   0.2617   0.2637   0.2657   0.2677   0.2698   0.2718   0.2738   0.2759   0.2779   0.2799   0.2819    0.284    0.286    0.288   0.2901   0.2921   0.2941   0.2961   0.2982   0.3002   0.3022   0.3043   0.3063   0.3083   0.3103   0.3124   0.3144   0.3164   0.3185   0.3205   0.3225   0.3245   0.3266   0.3286   0.3306   0.3327   0.3347   0.3367   0.3387   0.3408   0.3428   0.3448   0.3469   0.3489   0.3509   0.3529    0.355    0.357    0.359   0.3611   0.3631   0.3651   0.3671   0.3692   0.3712   0.3732   0.3753   0.3773   0.3793   0.3813   0.3834   0.3854   0.3874   0.3895   0.3915   0.3935   0.3955   0.3976   0.3996   0.4016   0.4037   0.4057   0.4077   0.4097   0.4118   0.4138   0.4158   0.4178   0.4199   0.4219   0.4239    0.426    0.428     0.43    0.432   0.4341   0.4361   0.4381   0.4402   0.4422   0.4442   0.4462   0.4483   0.4503   0.4523   0.4544   0.4564   0.4584   0.4604   0.4625   0.4645   0.4665   0.4686   0.4706   0.4726   0.4746   0.4767   0.4787   0.4807   0.4828   0.4848   0.4868   0.4888   0.4909   0.4929   0.4949    0.497    0.499
    S      0.0   0.5006   0.4247   0.3808   0.3407   0.0557   0.1161   0.1631   0.2837   0.0837   0.1653   0.5507   0.2957   0.1661   0.2262   0.3163   0.2342     0.24   0.0819   0.2122   0.1656    0.182   0.1204   0.1681   0.4221   0.3184    0.523   0.3476    0.254   0.1125   0.1222   0.2283   0.2276   0.1184   0.2115   0.1467   0.0745   0.3175   0.3005   0.0338   0.1884     0.18   0.1087   0.5667   0.0815    0.289   0.2325   0.2455   0.1277   0.1507   0.4325   0.0205   0.2015   0.3398   0.6554   0.1737   0.2219   0.4519   0.0277    0.554   0.2476   0.2665   0.1006   0.1061   0.3946   0.1528   0.2997   0.5122   0.0807   0.1181   0.3618   0.1133   0.1958    0.381    0.197   0.4852   0.1524   0.1605   0.1084   0.1154   0.0977   0.1758   0.1072   0.1289   0.1588    0.441   0.0615    0.335    0.128   0.0778   0.3032   0.3227      1.0   0.0561   0.0942    0.055   0.0708   0.1659   0.3279   0.1293   0.2771   0.4523   0.5185   0.1233   0.1216   0.2082   0.2448   0.1255   0.0185    0.561   0.0373   0.1766   0.0731   0.1584   0.5933   0.4611   0.1011   0.1762   0.6585   0.1047    0.197   0.2294   0.0099   0.1295   0.1707   0.0413   0.3158   0.0954   0.0386   0.0965   0.1784   0.1648   0.1871   0.4737   0.1316   0.2543    0.232   0.0982    0.285   0.0687    0.045    0.252   0.0829   0.1949   0.0689   0.1757   0.3925   0.1979   0.0107   0.1193   0.0965   0.1857   0.3552   0.0635    0.356   0.1087   0.4529   0.3402   0.0284   0.1992   0.0534   0.2808   0.1832   0.1494   0.2816   0.0738   0.0571   0.0195   0.0898   0.0954   0.1488   0.1668   0.3264     0.18   0.0145   0.1919   0.1166   0.3399   0.1635   0.6138   0.4354   0.2016   0.2193   0.0582   0.0188   0.1533   0.1434   0.2055   0.0871   0.1402   0.1432   0.3409    0.142   0.1072   0.1617   0.1955   0.2705   0.3122   0.0278   0.2336   0.2085   0.2222   0.0475   0.1918   0.1469   0.0196   0.0396   0.2082   0.0352   0.2394   0.0984   0.2342   0.2339   0.0581   0.1233   0.0051   0.2905   0.0599    0.314    0.145   0.1385   0.1549   0.2438   0.2885   0.1976   0.1292    0.164   0.1018    0.128   0.3171    0.137   0.1563   0.1126   0.3972   0.2197   0.2114   0.3935   0.1221   0.1637    0.057   0.0538   0.2983    0.362   0.2185   0.2346   0.1725   0.1141
  snr   -16.98
    H     5.28
 exon    False

M: alg2
 freq      0.0    0.002   0.0041   0.0061   0.0081   0.0101   0.0122   0.0142   0.0162   0.0183   0.0203   0.0223   0.0243   0.0264   0.0284   0.0304   0.0325   0.0345   0.0365   0.0385   0.0406   0.0426   0.0446   0.0467   0.0487   0.0507   0.0527   0.0548   0.0568   0.0588   0.0609   0.0629   0.0649   0.0669    0.069    0.071    0.073   0.0751   0.0771   0.0791   0.0811   0.0832   0.0852   0.0872   0.0892   0.0913   0.0933   0.0953   0.0974   0.0994   0.1014   0.1034   0.1055   0.1075   0.1095   0.1116   0.1136   0.1156   0.1176   0.1197   0.1217   0.1237   0.1258   0.1278   0.1298   0.1318   0.1339   0.1359   0.1379     0.14    0.142    0.144    0.146   0.1481   0.1501   0.1521   0.1542   0.1562   0.1582   0.1602   0.1623   0.1643   0.1663   0.1684   0.1704   0.1724   0.1744   0.1765   0.1785   0.1805   0.1826   0.1846   0.1866   0.1886   0.1907   0.1927   0.1947   0.1968   0.1988   0.2008   0.2028   0.2049   0.2069   0.2089    0.211    0.213    0.215    0.217   0.2191   0.2211   0.2231   0.2252   0.2272   0.2292   0.2312   0.2333   0.2353   0.2373   0.2394   0.2414   0.2434   0.2454   0.2475   0.2495   0.2515   0.2535   0.2556   0.2576   0.2596   0.2617   0.2637   0.2657   0.2677   0.2698   0.2718   0.2738   0.2759   0.2779   0.2799   0.2819    0.284    0.286    0.288   0.2901   0.2921   0.2941   0.2961   0.2982   0.3002   0.3022   0.3043   0.3063   0.3083   0.3103   0.3124   0.3144   0.3164   0.3185   0.3205   0.3225   0.3245   0.3266   0.3286   0.3306   0.3327   0.3347   0.3367   0.3387   0.3408   0.3428   0.3448   0.3469   0.3489   0.3509   0.3529    0.355    0.357    0.359   0.3611   0.3631   0.3651   0.3671   0.3692   0.3712   0.3732   0.3753   0.3773   0.3793   0.3813   0.3834   0.3854   0.3874   0.3895   0.3915   0.3935   0.3955   0.3976   0.3996   0.4016   0.4037   0.4057   0.4077   0.4097   0.4118   0.4138   0.4158   0.4178   0.4199   0.4219   0.4239    0.426    0.428     0.43    0.432   0.4341   0.4361   0.4381   0.4402   0.4422   0.4442   0.4462   0.4483   0.4503   0.4523   0.4544   0.4564   0.4584   0.4604   0.4625   0.4645   0.4665   0.4686   0.4706   0.4726   0.4746   0.4767   0.4787   0.4807   0.4828   0.4848   0.4868   0.4888   0.4909   0.4929   0.4949    0.497    0.499
    S      0.0   0.2922   0.0529   0.0313   0.0527   0.0484   0.0626   0.2029   0.1574   0.0712    0.032   0.0437   0.0543   0.0711   0.1707   0.0194   0.0364    0.039   0.0431   0.1922   0.0287   0.0274   0.0321   0.0448    0.175   0.0892    0.155   0.1564   0.0183   0.0264    0.012   0.1752   0.1164   0.0999   0.1499   0.0594   0.0499   0.1251   0.1479   0.0216   0.0168   0.0461   0.0781    0.041   0.0834   0.0725   0.2388   0.1021   0.1621   0.0605   0.0615   0.0246   0.1441   0.1025    0.202   0.0766   0.2013    0.064   0.0251    0.165    0.018   0.1374    0.013   0.0356   0.3355   0.0686   0.1009   0.3054   0.0812   0.1128   0.2169   0.0321   0.0508   0.0715   0.0825   0.1162   0.0079   0.0614   0.0242   0.0702   0.1183   0.1784   0.0498   0.0256   0.0503   0.2771   0.0426   0.2606   0.0499   0.0067   0.2127   0.1416      1.0   0.0237   0.0174   0.0315   0.0107   0.0583   0.1191    0.063   0.0804   0.0476   0.0291   0.0266   0.0954   0.1738   0.0307   0.0745    0.005   0.0626   0.0223   0.0965   0.0827   0.0928   0.3088   0.2255   0.0306   0.1722   0.2826   0.0249    0.117   0.0217   0.0114   0.1601   0.0104   0.0384   0.2116   0.0654    0.016   0.0618   0.0263   0.0984   0.0242   0.1372   0.0211    0.057   0.2821   0.0173   0.1533   0.0081    0.021   0.0735   0.0232   0.0274   0.0793   0.1479   0.2293   0.0222   0.0092   0.0246   0.0996   0.0946   0.0989   0.0456   0.1576    0.068   0.1572    0.075   0.0059   0.1196   0.0555   0.1682   0.1158   0.0717   0.0897   0.0453   0.0335   0.0101   0.0796   0.0487   0.0645   0.1702   0.0966   0.1643    0.011   0.0335   0.0525   0.1914   0.1762   0.4597    0.111   0.0216   0.1147   0.0073   0.0096   0.0631   0.0211   0.0684   0.0433   0.0706   0.1013   0.1772   0.0851   0.0591   0.0133   0.0351   0.0147   0.1166   0.0241   0.0164   0.0172   0.2506   0.0518   0.1021   0.1109   0.0063   0.0506   0.0361   0.0123   0.0805   0.0449    0.144   0.1552   0.0749    0.096    0.003   0.1308   0.0044   0.0839   0.0537     0.03   0.0124   0.1129   0.0306   0.0399   0.0808   0.0878   0.0162   0.0215   0.0516     0.01   0.1536   0.0646   0.0247   0.0321   0.0678   0.2953   0.0313   0.0199   0.0334     0.03    0.086   0.1319   0.0671   0.1031   0.0236   0.0572
  snr   -13.15
    H     5.12
 exon    False