>data-XIV-cerevisiae-intergenic-76
N: 257
Methods: voss, eiip, qpsk, mem, tbpse, snrse

M: voss
 freq      0.0   0.0039   0.0078   0.0117   0.0156   0.0195   0.0233   0.0272   0.0311    0.035   0.0389   0.0428   0.0467   0.0506   0.0545   0.0584   0.0623   0.0661     0.07   0.0739   0.0778   0.0817   0.0856   0.0895   0.0934   0.0973   0.1012   0.1051   0.1089   0.1128   0.1167   0.1206   0.1245   0.1284   0.1323   0.1362   0.1401    0.144   0.1479   0.1518   0.1556   0.1595   0.1634   0.1673   0.1712   0.1751    0.179   0.1829   0.1868   0.1907   0.1946   0.1984   0.2023   0.2062   0.2101    0.214   0.2179   0.2218   0.2257   0.2296   0.2335   0.2374   0.2412   0.2451    0.249   0.2529   0.2568   0.2607   0.2646   0.2685   0.2724   0.2763   0.2802    0.284   0.2879   0.2918   0.2957   0.2996   0.3035   0.3074   0.3113   0.3152   0.3191    0.323   0.3268   0.3307   0.3346   0.3385   0.3424   0.3463   0.3502   0.3541    0.358   0.3619   0.3658   0.3696   0.3735   0.3774   0.3813   0.3852   0.3891    0.393   0.3969   0.4008   0.4047   0.4086   0.4125   0.4163   0.4202   0.4241    0.428   0.4319   0.4358   0.4397   0.4436   0.4475   0.4514   0.4553   0.4591    0.463   0.4669   0.4708   0.4747   0.4786   0.4825   0.4864   0.4903   0.4942   0.4981
    S      0.0   0.1512   0.2307   0.1125   0.2492   0.1344   0.2154   0.3294    0.091   0.6485   0.1202   0.3193     0.44   0.3076   0.3842   0.1337   0.5483   0.4953   0.4161   0.0661   0.2176   0.2219   0.3562   0.2893   0.4161   0.3094   0.2546   0.3116   0.2575   0.5803    0.412   0.3693   0.1426   0.3664   0.3306   0.2455   0.5173   0.4184   0.2105   0.1669   0.7145   0.2854    0.077   0.3336   0.4145   0.4256   0.2183   0.1378   0.1453   0.0945    0.116   0.1658   0.3993   0.4307   0.2311   0.1123   0.1472     0.21   0.4644   0.5211   0.4804   0.2972   0.5955   0.1778   0.0219   0.7283   0.8682   0.1172   0.2084   0.1905   0.2777    0.166   0.4797    0.496   0.1003    0.185   0.3096   0.1757   0.5549   0.7591   0.6485   0.1737   0.2519   0.2661   0.2865     0.37   0.2153   0.3299   0.7043   0.4103   0.4868      1.0   0.1241    0.154   0.2441   0.1312   0.3289   0.2926   0.5187   0.2431   0.1835   0.1461   0.4218   0.4164   0.6408    0.333   0.1925   0.1516   0.4107   0.2453   0.2177   0.4507   0.3563   0.1797   0.1127   0.5723    0.149   0.3806    0.397   0.1813   0.2943   0.7427    0.342   0.3713   0.3153   0.4868   0.1606   0.2569   0.1893
  snr   -16.03
    H      4.7
 exon    False

M: eiip
 freq      0.0   0.0039   0.0078   0.0117   0.0156   0.0195   0.0233   0.0272   0.0311    0.035   0.0389   0.0428   0.0467   0.0506   0.0545   0.0584   0.0623   0.0661     0.07   0.0739   0.0778   0.0817   0.0856   0.0895   0.0934   0.0973   0.1012   0.1051   0.1089   0.1128   0.1167   0.1206   0.1245   0.1284   0.1323   0.1362   0.1401    0.144   0.1479   0.1518   0.1556   0.1595   0.1634   0.1673   0.1712   0.1751    0.179   0.1829   0.1868   0.1907   0.1946   0.1984   0.2023   0.2062   0.2101    0.214   0.2179   0.2218   0.2257   0.2296   0.2335   0.2374   0.2412   0.2451    0.249   0.2529   0.2568   0.2607   0.2646   0.2685   0.2724   0.2763   0.2802    0.284   0.2879   0.2918   0.2957   0.2996   0.3035   0.3074   0.3113   0.3152   0.3191    0.323   0.3268   0.3307   0.3346   0.3385   0.3424   0.3463   0.3502   0.3541    0.358   0.3619   0.3658   0.3696   0.3735   0.3774   0.3813   0.3852   0.3891    0.393   0.3969   0.4008   0.4047   0.4086   0.4125   0.4163   0.4202   0.4241    0.428   0.4319   0.4358   0.4397   0.4436   0.4475   0.4514   0.4553   0.4591    0.463   0.4669   0.4708   0.4747   0.4786   0.4825   0.4864   0.4903   0.4942   0.4981
    S      0.0    0.063   0.2623   0.1282   0.1624   0.0198   0.0756   0.0704   0.0982   0.1037   0.1439   0.3485   0.0041   0.0964   0.1523   0.0621   0.1313   0.1032   0.2271   0.0674   0.0917   0.2579   0.1051   0.1433   0.3206   0.3992    0.002   0.2322   0.0713   0.0269   0.2568   0.0683   0.0041   0.1149    0.408   0.2942   0.0094   0.2412   0.1112   0.0469   0.9755   0.0451   0.0178   0.1514   0.3459   0.1755   0.0282   0.0211   0.0695   0.0986   0.0329   0.1441   0.0177   0.0158   0.1247    0.053    0.126   0.0448   0.1485   0.0096   0.0125   0.2727   0.3666   0.0077   0.0111   0.1596   0.3342   0.1935   0.0004   0.0481   0.2358   0.0556   0.0041   0.0795   0.0345   0.1098   0.2037   0.0359   0.4833   0.1741   0.2254   0.0888   0.0139    0.138   0.3053   0.6297   0.1879   0.0191   0.5491   0.0904   0.0419    0.084   0.2117   0.1188    0.032   0.1949   0.0393    0.005   0.4821   0.0469   0.2927   0.2448   0.6298   0.2105   0.1236   0.2047   0.0742   0.0509   0.0351   0.4382   0.3017    0.261   0.0696   0.0263    0.084      1.0   0.1995   0.3467   0.0967   0.0289   0.2005   0.2178   0.2351    0.042   0.0998   0.0796   0.2272   0.2997   0.1795
  snr   -12.97
    H     4.42
 exon    False

M: qpsk
 freq      0.0   0.0039   0.0078   0.0117   0.0156   0.0195   0.0233   0.0272   0.0311    0.035   0.0389   0.0428   0.0467   0.0506   0.0545   0.0584   0.0623   0.0661     0.07   0.0739   0.0778   0.0817   0.0856   0.0895   0.0934   0.0973   0.1012   0.1051   0.1089   0.1128   0.1167   0.1206   0.1245   0.1284   0.1323   0.1362   0.1401    0.144   0.1479   0.1518   0.1556   0.1595   0.1634   0.1673   0.1712   0.1751    0.179   0.1829   0.1868   0.1907   0.1946   0.1984   0.2023   0.2062   0.2101    0.214   0.2179   0.2218   0.2257   0.2296   0.2335   0.2374   0.2412   0.2451    0.249   0.2529   0.2568   0.2607   0.2646   0.2685   0.2724   0.2763   0.2802    0.284   0.2879   0.2918   0.2957   0.2996   0.3035   0.3074   0.3113   0.3152   0.3191    0.323   0.3268   0.3307   0.3346   0.3385   0.3424   0.3463   0.3502   0.3541    0.358   0.3619   0.3658   0.3696   0.3735   0.3774   0.3813   0.3852   0.3891    0.393   0.3969   0.4008   0.4047   0.4086   0.4125   0.4163   0.4202   0.4241    0.428   0.4319   0.4358   0.4397   0.4436   0.4475   0.4514   0.4553   0.4591    0.463   0.4669   0.4708   0.4747   0.4786   0.4825   0.4864   0.4903   0.4942   0.4981
    S      0.0   0.1957   0.1906    0.124   0.3187   0.0463   0.0861   0.2226   0.1011   0.4845   0.1477   0.4075   0.3623   0.0831   0.4876   0.1386   0.4423   0.2666   0.3035   0.0686   0.2044   0.1126   0.2019   0.2185   0.4887   0.3773   0.2761   0.2299   0.1699   0.3955   0.5184   0.2446   0.1347   0.4727   0.1642   0.2483   0.2604   0.2756   0.0654   0.0997   0.5193   0.2712   0.0267   0.3273   0.2931    0.407    0.274   0.1022   0.0345   0.1176   0.0781    0.183   0.3841   0.5382   0.2763   0.1087    0.093   0.1016   0.3356   0.4665   0.2214    0.364   0.6338    0.107   0.0249    0.345      1.0    0.139   0.1174   0.1592   0.0478   0.1311   0.4814   0.4087   0.1214   0.2065   0.1868   0.0841   0.6811   0.6313   0.6915   0.2096   0.2261   0.2682   0.2959    0.223   0.2555   0.1697   0.9085   0.2623   0.2702   0.5808   0.1553   0.1256   0.1141   0.1278   0.1746   0.1603   0.6711   0.1513   0.1624   0.0648   0.4049   0.5052    0.541   0.4272   0.2228   0.1039   0.2501   0.1354   0.2414    0.546   0.2662   0.1712   0.1163   0.5575   0.1767   0.4904   0.3233   0.1934    0.204   0.5708   0.0398   0.2485   0.3112   0.2331    0.193    0.208    0.101
  snr   -15.28
    H     4.64
 exon    False

M: mem
 freq      0.0   0.0039   0.0078   0.0117   0.0156   0.0195   0.0234   0.0273   0.0312   0.0352   0.0391    0.043   0.0469   0.0508   0.0547   0.0586   0.0625   0.0664   0.0703   0.0742   0.0781    0.082   0.0859   0.0898   0.0938   0.0977   0.1016   0.1055   0.1094   0.1133   0.1172   0.1211    0.125   0.1289   0.1328   0.1367   0.1406   0.1445   0.1484   0.1523   0.1562   0.1602   0.1641    0.168   0.1719   0.1758   0.1797   0.1836   0.1875   0.1914   0.1953   0.1992   0.2031    0.207   0.2109   0.2148   0.2188   0.2227   0.2266   0.2305   0.2344   0.2383   0.2422   0.2461     0.25   0.2539   0.2578   0.2617   0.2656   0.2695   0.2734   0.2773   0.2812   0.2852   0.2891    0.293   0.2969   0.3008   0.3047   0.3086   0.3125   0.3164   0.3203   0.3242   0.3281    0.332   0.3359   0.3398   0.3438   0.3477   0.3516   0.3555   0.3594   0.3633   0.3672   0.3711    0.375   0.3789   0.3828   0.3867   0.3906   0.3945   0.3984   0.4023   0.4062   0.4102   0.4141    0.418   0.4219   0.4258   0.4297   0.4336   0.4375   0.4414   0.4453   0.4492   0.4531    0.457   0.4609   0.4648   0.4688   0.4727   0.4766   0.4805   0.4844   0.4883   0.4922   0.4961
    S      0.0   0.0264   0.0239   0.0353   0.0311   0.1603   0.2627   0.2828   0.0031   0.3987   0.0084   0.0333    0.127   0.2637   0.0013    0.001   0.5289   0.3058   0.4059   0.0156    0.037   0.1617   0.4754   0.3637    0.047   0.1152   0.0427   0.1455    0.263     0.17   0.0566   0.5452   0.1266   0.0656   0.1739    0.055   0.7847    0.206   0.2288   0.0836   0.1307   0.0312   0.1061   0.0042   0.0305   0.0435    0.063   0.1105   0.2081   0.0019   0.0405    0.112   0.0104   0.2087    0.093   0.0937   0.2295   0.0312    0.641    0.014   0.3204   0.0834   0.3274   0.1184   0.0318      1.0   0.1887     0.07   0.1102    0.006   0.1543   0.1041   0.4397   0.1826   0.0688   0.0199   0.2209     0.22   0.0132   0.2787   0.0316   0.0323   0.3872    0.013   0.0045   0.0389   0.0573   0.6295   0.0422   0.4913   0.1049   0.4783   0.0547   0.0382   0.0871   0.1502   0.0701   0.0713   0.3251   0.0946   0.0772   0.1416   0.1218   0.0009   0.4298   0.0777   0.0091   0.3026   0.3232   0.1478   0.1012   0.0886   0.5701    0.229   0.3773   0.0113   0.0137   0.2771   0.1043   0.0015   0.3905   0.3961   0.1634   0.3756   0.1597   0.2128   0.0622   0.0327
  snr   -13.14
    H     4.36
 exon    False

M: tbpse
 freq      0.0   0.0039   0.0078   0.0117   0.0156   0.0195   0.0233   0.0272   0.0311    0.035   0.0389   0.0428   0.0467   0.0506   0.0545   0.0584   0.0623   0.0661     0.07   0.0739   0.0778   0.0817   0.0856   0.0895   0.0934   0.0973   0.1012   0.1051   0.1089   0.1128   0.1167   0.1206   0.1245   0.1284   0.1323   0.1362   0.1401    0.144   0.1479   0.1518   0.1556   0.1595   0.1634   0.1673   0.1712   0.1751    0.179   0.1829   0.1868   0.1907   0.1946   0.1984   0.2023   0.2062   0.2101    0.214   0.2179   0.2218   0.2257   0.2296   0.2335   0.2374   0.2412   0.2451    0.249   0.2529   0.2568   0.2607   0.2646   0.2685   0.2724   0.2763   0.2802    0.284   0.2879   0.2918   0.2957   0.2996   0.3035   0.3074   0.3113   0.3152   0.3191    0.323   0.3268   0.3307   0.3346   0.3385   0.3424   0.3463   0.3502   0.3541    0.358   0.3619   0.3658   0.3696   0.3735   0.3774   0.3813   0.3852   0.3891    0.393   0.3969   0.4008   0.4047   0.4086   0.4125   0.4163   0.4202   0.4241    0.428   0.4319   0.4358   0.4397   0.4436   0.4475   0.4514   0.4553   0.4591    0.463   0.4669   0.4708   0.4747   0.4786   0.4825   0.4864   0.4903   0.4942   0.4981
    S      0.0   0.0299   0.3085   0.1214   0.0355   0.0267   0.0602   0.1368   0.0682   0.1029   0.1175   0.0444   0.1209   0.2323   0.0193   0.0947   0.0052   0.2836    0.135   0.0383   0.1999   0.1895   0.0776   0.0774   0.0243   0.1541   0.0595    0.244   0.0907    0.249   0.0379   0.1262   0.0025   0.0746   0.3998   0.2553    0.023   0.2728    0.203   0.0679      1.0   0.0443   0.0519   0.1247   0.4438   0.3476   0.0524   0.0336   0.0655   0.0125   0.0517   0.0267   0.1009   0.0878   0.1599   0.0149   0.0662   0.1742   0.1176   0.2439   0.1862   0.2545   0.1699    0.025   0.0052   0.1791   0.0826   0.0926    0.066   0.0018   0.3147   0.1602   0.0277   0.0302   0.0011   0.0035   0.2713    0.029    0.043   0.1944   0.5075   0.0498   0.0119   0.2141   0.3391   0.6114   0.0306   0.0331   0.1963   0.2335   0.0572   0.2975   0.1154   0.1499   0.1516   0.1476    0.129   0.0531   0.3748   0.1037   0.2225   0.1821   0.2208    0.012   0.0214   0.0446   0.1379   0.0209   0.0117    0.338   0.2138   0.1455   0.0111   0.0033   0.0755   0.5761   0.1239   0.0792   0.0032   0.0924   0.2993   0.2822   0.3353   0.1687   0.0555   0.2804   0.0773   0.3517   0.2068
  snr   -12.45
    H     4.43
 exon    False

M: snrse
 freq      0.0   0.0039   0.0078   0.0117   0.0156   0.0195   0.0233   0.0272   0.0311    0.035   0.0389   0.0428   0.0467   0.0506   0.0545   0.0584   0.0623   0.0661     0.07   0.0739   0.0778   0.0817   0.0856   0.0895   0.0934   0.0973   0.1012   0.1051   0.1089   0.1128   0.1167   0.1206   0.1245   0.1284   0.1323   0.1362   0.1401    0.144   0.1479   0.1518   0.1556   0.1595   0.1634   0.1673   0.1712   0.1751    0.179   0.1829   0.1868   0.1907   0.1946   0.1984   0.2023   0.2062   0.2101    0.214   0.2179   0.2218   0.2257   0.2296   0.2335   0.2374   0.2412   0.2451    0.249   0.2529   0.2568   0.2607   0.2646   0.2685   0.2724   0.2763   0.2802    0.284   0.2879   0.2918   0.2957   0.2996   0.3035   0.3074   0.3113   0.3152   0.3191    0.323   0.3268   0.3307   0.3346   0.3385   0.3424   0.3463   0.3502   0.3541    0.358   0.3619   0.3658   0.3696   0.3735   0.3774   0.3813   0.3852   0.3891    0.393   0.3969   0.4008   0.4047   0.4086   0.4125   0.4163   0.4202   0.4241    0.428   0.4319   0.4358   0.4397   0.4436   0.4475   0.4514   0.4553   0.4591    0.463   0.4669   0.4708   0.4747   0.4786   0.4825   0.4864   0.4903   0.4942   0.4981
    S      0.0   0.0468   0.0145   0.0267   0.0447   0.1884   0.3307   0.2155   0.0167   0.1439   0.0152   0.0122   0.0864   0.1951   0.0725   0.0044   0.3246    0.377   0.2562   0.0091   0.0476    0.146   0.3976   0.2803   0.0105   0.0798   0.0752   0.0617   0.1654   0.1377   0.0499    0.334   0.1559   0.1889   0.1418   0.0906    0.525   0.3861   0.0974   0.1251   0.1094   0.0105   0.0392   0.0129   0.0583   0.0341    0.155   0.0844   0.2178   0.0012   0.0222   0.0891   0.0416   0.3238   0.0911   0.0263   0.1089   0.0457   0.3177   0.0541   0.2836   0.0592   0.1107   0.1081   0.0138      1.0   0.0307   0.0202   0.0622   0.0599    0.225    0.007   0.5281   0.1175   0.0195   0.0057   0.0695   0.2665   0.0608   0.0905   0.0458   0.0098   0.2088   0.0758   0.0384   0.0983   0.0571   0.4036   0.1652   0.0672   0.4245   0.3391   0.0093    0.013   0.1122   0.0243   0.1121   0.1247    0.128   0.1485   0.0249   0.1096   0.3239    0.278   0.3907   0.1396   0.0159   0.1016   0.3214   0.1516   0.0671   0.0229   0.3456   0.2079   0.0513    0.165   0.0254   0.0928   0.2648   0.0183   0.1447   0.2741   0.2948    0.123    0.306   0.2799   0.0169   0.0425   0.0964
  snr   -12.35
    H     4.42
 exon    False