>data-XV-cerevisiae-intergenic-69
N: 381
Methods: voss, eiip, qpsk, mem, tbpse, snrse

M: voss
 freq      0.0   0.0026   0.0052   0.0079   0.0105   0.0131   0.0157   0.0184    0.021   0.0236   0.0262   0.0289   0.0315   0.0341   0.0367   0.0394    0.042   0.0446   0.0472   0.0499   0.0525   0.0551   0.0577   0.0604    0.063   0.0656   0.0682   0.0709   0.0735   0.0761   0.0787   0.0814    0.084   0.0866   0.0892   0.0919   0.0945   0.0971   0.0997   0.1024    0.105   0.1076   0.1102   0.1129   0.1155   0.1181   0.1207   0.1234    0.126   0.1286   0.1312   0.1339   0.1365   0.1391   0.1417   0.1444    0.147   0.1496   0.1522   0.1549   0.1575   0.1601   0.1627   0.1654    0.168   0.1706   0.1732   0.1759   0.1785   0.1811   0.1837   0.1864    0.189   0.1916   0.1942   0.1969   0.1995   0.2021   0.2047   0.2073     0.21   0.2126   0.2152   0.2178   0.2205   0.2231   0.2257   0.2283    0.231   0.2336   0.2362   0.2388   0.2415   0.2441   0.2467   0.2493    0.252   0.2546   0.2572   0.2598   0.2625   0.2651   0.2677   0.2703    0.273   0.2756   0.2782   0.2808   0.2835   0.2861   0.2887   0.2913    0.294   0.2966   0.2992   0.3018   0.3045   0.3071   0.3097   0.3123    0.315   0.3176   0.3202   0.3228   0.3255   0.3281   0.3307   0.3333    0.336   0.3386   0.3412   0.3438   0.3465   0.3491   0.3517   0.3543    0.357   0.3596   0.3622   0.3648   0.3675   0.3701   0.3727   0.3753    0.378   0.3806   0.3832   0.3858   0.3885   0.3911   0.3937   0.3963    0.399   0.4016   0.4042   0.4068   0.4094   0.4121   0.4147   0.4173   0.4199   0.4226   0.4252   0.4278   0.4304   0.4331   0.4357   0.4383   0.4409   0.4436   0.4462   0.4488   0.4514   0.4541   0.4567   0.4593   0.4619   0.4646   0.4672   0.4698   0.4724   0.4751   0.4777   0.4803   0.4829   0.4856   0.4882   0.4908   0.4934   0.4961   0.4987
    S      0.0   0.6108      1.0    0.261   0.0978   0.0975   0.2601   0.0981   0.1892   0.1769   0.1329   0.1735    0.153   0.3285   0.0651   0.2906   0.2924   0.2196   0.3495   0.4166   0.3331    0.614    0.213   0.4369   0.2147   0.5075   0.2764   0.2213   0.0984   0.4525    0.493   0.1949    0.051   0.4852   0.4116   0.5593   0.4055   0.5142   0.3382   0.2583   0.4452   0.6024    0.373    0.611    0.208   0.1432   0.3654   0.3956   0.1092   0.0719   0.3072   0.5308    0.374   0.0534   0.0809   0.2582   0.0927   0.3609   0.1942   0.6312   0.3592   0.1061   0.0123   0.2277   0.3453   0.2393   0.2351   0.1557   0.3615   0.3821     0.11    0.281   0.2884    0.169   0.0792   0.1601   0.3645   0.3778   0.0677   0.2558   0.1461   0.1833   0.7916   0.1757   0.1122   0.1707   0.1934    0.311   0.2293   0.1135   0.3441   0.4952   0.0907   0.2337   0.3972   0.2114   0.0534    0.105   0.2779   0.4638   0.1543   0.2193   0.5058   0.2765   0.0826   0.1707   0.1981   0.2395   0.1529   0.2269   0.0506   0.3115   0.1273   0.1021   0.3339   0.5973   0.3145   0.2939   0.2608    0.126   0.2182   0.1104   0.1404   0.1602   0.6444   0.1481   0.5632   0.2275   0.1292   0.4084   0.1954     0.28   0.4003    0.209   0.3425   0.2894   0.1594   0.2748   0.1365    0.465   0.2885   0.0687   0.2707   0.3337   0.3655    0.214   0.3676   0.6749   0.4483   0.2737   0.2997   0.2777   0.3237   0.5589   0.3277   0.9008   0.0783   0.4823    0.312   0.3333   0.4016   0.0814   0.2853   0.2168   0.5412   0.3032   0.2112   0.1125   0.0804   0.1746   0.1507   0.1914   0.4971   0.9534   0.3716   0.1577   0.2543   0.2174   0.0817   0.1131   0.0831   0.3239   0.0295   0.1695   0.4382   0.3781   0.4468   0.2993   0.2925    0.421   0.6966
  snr   -17.29
    H     5.07
 exon    False

M: eiip
 freq      0.0   0.0026   0.0052   0.0079   0.0105   0.0131   0.0157   0.0184    0.021   0.0236   0.0262   0.0289   0.0315   0.0341   0.0367   0.0394    0.042   0.0446   0.0472   0.0499   0.0525   0.0551   0.0577   0.0604    0.063   0.0656   0.0682   0.0709   0.0735   0.0761   0.0787   0.0814    0.084   0.0866   0.0892   0.0919   0.0945   0.0971   0.0997   0.1024    0.105   0.1076   0.1102   0.1129   0.1155   0.1181   0.1207   0.1234    0.126   0.1286   0.1312   0.1339   0.1365   0.1391   0.1417   0.1444    0.147   0.1496   0.1522   0.1549   0.1575   0.1601   0.1627   0.1654    0.168   0.1706   0.1732   0.1759   0.1785   0.1811   0.1837   0.1864    0.189   0.1916   0.1942   0.1969   0.1995   0.2021   0.2047   0.2073     0.21   0.2126   0.2152   0.2178   0.2205   0.2231   0.2257   0.2283    0.231   0.2336   0.2362   0.2388   0.2415   0.2441   0.2467   0.2493    0.252   0.2546   0.2572   0.2598   0.2625   0.2651   0.2677   0.2703    0.273   0.2756   0.2782   0.2808   0.2835   0.2861   0.2887   0.2913    0.294   0.2966   0.2992   0.3018   0.3045   0.3071   0.3097   0.3123    0.315   0.3176   0.3202   0.3228   0.3255   0.3281   0.3307   0.3333    0.336   0.3386   0.3412   0.3438   0.3465   0.3491   0.3517   0.3543    0.357   0.3596   0.3622   0.3648   0.3675   0.3701   0.3727   0.3753    0.378   0.3806   0.3832   0.3858   0.3885   0.3911   0.3937   0.3963    0.399   0.4016   0.4042   0.4068   0.4094   0.4121   0.4147   0.4173   0.4199   0.4226   0.4252   0.4278   0.4304   0.4331   0.4357   0.4383   0.4409   0.4436   0.4462   0.4488   0.4514   0.4541   0.4567   0.4593   0.4619   0.4646   0.4672   0.4698   0.4724   0.4751   0.4777   0.4803   0.4829   0.4856   0.4882   0.4908   0.4934   0.4961   0.4987
    S      0.0   0.1134   0.3404   0.2535   0.0465   0.0073   0.1656   0.0126   0.0784   0.1544   0.2522   0.2835   0.1116   0.5568   0.0095   0.3707    0.062   0.4922   0.1127   0.6087   0.5477    0.082   0.1084   0.2297   0.3263   0.1175   0.3361   0.2603   0.0138   0.0747   0.0342    0.112   0.0183   0.1244   0.2835   0.0155   0.3246   0.1341   0.0111   0.2543   0.1043   0.7997   0.6546   0.2423   0.0449   0.1228   0.4266   0.0591   0.0871   0.0251   0.0354   0.0247   0.1699   0.0417   0.1296   0.0254   0.0154   0.0802   0.3288   0.7647   0.1105    0.079   0.0068   0.2374   0.0787   0.0219   0.3515   0.0535   0.2689   0.0732   0.0199   0.0304   0.4228   0.1342   0.0269   0.1958   0.0663    0.029   0.0015   0.1779   0.2894   0.3445   0.2401   0.0558   0.0424   0.0312   0.3727   0.0814   0.0121   0.1342   0.1733   0.2914   0.0834   0.5027   0.5202     0.33   0.1027   0.0029   0.2373   0.5998   0.1354   0.0835   0.2839   0.0275   0.0562   0.0821   0.2051    0.031   0.0446   0.0058   0.0036   0.3198   0.0378   0.0804   0.1273   0.1848   0.0602   0.0362   0.2462   0.0111   0.0088   0.1065   0.1202   0.1227   0.0913   0.2641   0.0714   0.1251    0.004   0.0017   0.0541   0.0885   0.4157   0.1446   0.1867   0.0074    0.017   0.0254   0.1612   0.3171   0.3184   0.1168   0.2882   0.2474   0.2773   0.1351   0.3045   0.0718   0.5468   0.0631   0.1068   0.1978   0.2843   0.0511   0.0207   0.0503   0.0972   0.7397   0.7036   0.0044   0.2154   0.0854   0.4216   0.2487   0.4258   0.2944   0.0321   0.0172   0.0156   0.0371   0.0488   0.3072   0.2418      1.0    0.123   0.1605    0.299   0.3657   0.0123   0.0511   0.0877   0.6451   0.0139   0.0368   0.3635   0.1425   0.0311   0.0676   0.0675   0.0302   0.1113
  snr   -15.12
    H     4.78
 exon    False

M: qpsk
 freq      0.0   0.0026   0.0052   0.0079   0.0105   0.0131   0.0157   0.0184    0.021   0.0236   0.0262   0.0289   0.0315   0.0341   0.0367   0.0394    0.042   0.0446   0.0472   0.0499   0.0525   0.0551   0.0577   0.0604    0.063   0.0656   0.0682   0.0709   0.0735   0.0761   0.0787   0.0814    0.084   0.0866   0.0892   0.0919   0.0945   0.0971   0.0997   0.1024    0.105   0.1076   0.1102   0.1129   0.1155   0.1181   0.1207   0.1234    0.126   0.1286   0.1312   0.1339   0.1365   0.1391   0.1417   0.1444    0.147   0.1496   0.1522   0.1549   0.1575   0.1601   0.1627   0.1654    0.168   0.1706   0.1732   0.1759   0.1785   0.1811   0.1837   0.1864    0.189   0.1916   0.1942   0.1969   0.1995   0.2021   0.2047   0.2073     0.21   0.2126   0.2152   0.2178   0.2205   0.2231   0.2257   0.2283    0.231   0.2336   0.2362   0.2388   0.2415   0.2441   0.2467   0.2493    0.252   0.2546   0.2572   0.2598   0.2625   0.2651   0.2677   0.2703    0.273   0.2756   0.2782   0.2808   0.2835   0.2861   0.2887   0.2913    0.294   0.2966   0.2992   0.3018   0.3045   0.3071   0.3097   0.3123    0.315   0.3176   0.3202   0.3228   0.3255   0.3281   0.3307   0.3333    0.336   0.3386   0.3412   0.3438   0.3465   0.3491   0.3517   0.3543    0.357   0.3596   0.3622   0.3648   0.3675   0.3701   0.3727   0.3753    0.378   0.3806   0.3832   0.3858   0.3885   0.3911   0.3937   0.3963    0.399   0.4016   0.4042   0.4068   0.4094   0.4121   0.4147   0.4173   0.4199   0.4226   0.4252   0.4278   0.4304   0.4331   0.4357   0.4383   0.4409   0.4436   0.4462   0.4488   0.4514   0.4541   0.4567   0.4593   0.4619   0.4646   0.4672   0.4698   0.4724   0.4751   0.4777   0.4803   0.4829   0.4856   0.4882   0.4908   0.4934   0.4961   0.4987
    S      0.0   0.3477   0.9793   0.0991   0.1066   0.0439   0.2148   0.0466   0.1932   0.1684   0.1422   0.0427   0.1435   0.3319    0.064   0.3322   0.2662   0.1674   0.2284   0.4002    0.149   0.4826   0.2302   0.3132   0.2093   0.4437   0.2767   0.2654   0.1159   0.1468    0.443   0.1875   0.0204   0.3931   0.4716   0.2911   0.2831   0.3061   0.2361   0.3048   0.3458   0.6183   0.2695   0.4041   0.1203   0.1714   0.4292   0.3924    0.111   0.0764   0.1262   0.1611   0.3037   0.0451   0.0792   0.2861   0.0192   0.1377   0.2281   0.3636   0.2893   0.0764   0.0136   0.2682   0.2161   0.2171    0.064   0.1013   0.0398   0.2515    0.029   0.0761   0.2574   0.0794   0.0867   0.1943   0.2681   0.2459     0.08    0.245   0.1438   0.2017   0.6431   0.1523   0.0462   0.1627   0.2011   0.2817   0.2579   0.1053   0.0536   0.5711   0.1066   0.2036   0.4441   0.0564   0.0483   0.0773   0.0862   0.2145   0.1601   0.2458   0.5604   0.2604   0.0059   0.1886   0.0863   0.1418     0.17    0.212   0.0471   0.0692   0.0952   0.0966   0.3482   0.5634   0.2032   0.1662   0.0958    0.058   0.1924   0.1289    0.124   0.1349   0.4311     0.17   0.6156   0.1594   0.1193    0.377   0.1078   0.1055   0.4073   0.2237   0.3795   0.1273   0.1606   0.2775   0.0291   0.4943   0.1879   0.0591   0.2945   0.2564   0.2303   0.1301   0.0956   0.4127   0.3118   0.2941   0.2905    0.241   0.3537   0.2413    0.162   0.3744   0.0589   0.5441   0.2141   0.3587   0.1954   0.0595   0.1528   0.2176   0.4659   0.1497   0.1985   0.1246   0.0641   0.1493   0.1693   0.1428   0.5772      1.0    0.421   0.1651   0.2912   0.2067   0.0904     0.12     0.09   0.3738   0.0041   0.1971   0.4762   0.4218   0.3764   0.1054   0.2079   0.2689   0.6908
  snr   -16.29
    H     5.01
 exon    False

M: mem
 freq      0.0   0.0026   0.0053   0.0079   0.0105   0.0132   0.0158   0.0184   0.0211   0.0237   0.0263   0.0289   0.0316   0.0342   0.0368   0.0395   0.0421   0.0447   0.0474     0.05   0.0526   0.0553   0.0579   0.0605   0.0632   0.0658   0.0684   0.0711   0.0737   0.0763   0.0789   0.0816   0.0842   0.0868   0.0895   0.0921   0.0947   0.0974      0.1   0.1026   0.1053   0.1079   0.1105   0.1132   0.1158   0.1184   0.1211   0.1237   0.1263   0.1289   0.1316   0.1342   0.1368   0.1395   0.1421   0.1447   0.1474     0.15   0.1526   0.1553   0.1579   0.1605   0.1632   0.1658   0.1684   0.1711   0.1737   0.1763   0.1789   0.1816   0.1842   0.1868   0.1895   0.1921   0.1947   0.1974      0.2   0.2026   0.2053   0.2079   0.2105   0.2132   0.2158   0.2184   0.2211   0.2237   0.2263   0.2289   0.2316   0.2342   0.2368   0.2395   0.2421   0.2447   0.2474     0.25   0.2526   0.2553   0.2579   0.2605   0.2632   0.2658   0.2684   0.2711   0.2737   0.2763   0.2789   0.2816   0.2842   0.2868   0.2895   0.2921   0.2947   0.2974      0.3   0.3026   0.3053   0.3079   0.3105   0.3132   0.3158   0.3184   0.3211   0.3237   0.3263   0.3289   0.3316   0.3342   0.3368   0.3395   0.3421   0.3447   0.3474     0.35   0.3526   0.3553   0.3579   0.3605   0.3632   0.3658   0.3684   0.3711   0.3737   0.3763   0.3789   0.3816   0.3842   0.3868   0.3895   0.3921   0.3947   0.3974      0.4   0.4026   0.4053   0.4079   0.4105   0.4132   0.4158   0.4184   0.4211   0.4237   0.4263   0.4289   0.4316   0.4342   0.4368   0.4395   0.4421   0.4447   0.4474     0.45   0.4526   0.4553   0.4579   0.4605   0.4632   0.4658   0.4684   0.4711   0.4737   0.4763   0.4789   0.4816   0.4842   0.4868   0.4895   0.4921   0.4947   0.4974
    S      0.0   0.0555   0.0151   0.0225   0.0999   0.0597   0.1662   0.0886   0.2486   0.0283   0.0065    0.038   0.0088   0.0625   0.0671    0.085   0.1221   0.0199   0.0063   0.1597   0.0889   0.1776   0.1581   0.4345   0.0765   0.1513   0.1759   0.0456   0.0445   0.1985   0.0135   0.0473   0.0451   0.2039   0.1453   0.2488    0.221   0.0088   0.0245   0.2496    0.388    0.142   0.0614   0.1193   0.0196   0.1799   0.1843   0.4593   0.0365   0.0256   0.0839   0.1834   0.1153   0.0084   0.0183   0.2604   0.1258   0.2087   0.0414   0.1051   0.4444    0.064   0.0001   0.1964   0.1566    0.224   0.0383   0.2011   0.0716   0.0632   0.1028   0.1352   0.0491   0.0064   0.0936   0.3458   0.1556   0.1364   0.0289   0.2571   0.1111   0.1706   0.5637   0.0241   0.0073   0.2786   0.0082   0.1518    0.184   0.1499   0.1983   0.0768   0.0332   0.0616   0.1585   0.0596   0.0085   0.0918   0.0196   0.3676   0.0536   0.0159   0.2436   0.3671   0.0017   0.0646     0.16   0.0508   0.0557   0.1061   0.0147   0.1069   0.0084   0.0582   0.0618   0.4009   0.0966   0.1807   0.1588   0.1576   0.1378   0.0761   0.0819   0.3167   0.6127   0.2462   0.0296   0.1681   0.0425   0.1598   0.0033   0.3924   0.1308   0.3172    0.007   0.1741   0.0184   0.3161    0.276   0.0901   0.1256   0.0895   0.0244   0.0385   0.0253   0.1315   0.0339    0.197   0.1189   0.1419   0.3758   0.0631   0.3889   0.5551   0.2006   0.3854   0.0198   0.0639   0.0474   0.0727   0.0435   0.0049   0.0026   0.0284   0.5274   0.0712   0.3071   0.0885   0.0318   0.0187   0.0852   0.4328   0.0087      1.0   0.1703    0.022   0.1152   0.0789   0.0296   0.0156   0.0479   0.0309    0.027   0.0489   0.3805   0.6868   0.1934   0.2367   0.3847   0.0626
  snr   -14.09
    H     4.79
 exon    False

M: tbpse
 freq      0.0   0.0026   0.0052   0.0079   0.0105   0.0131   0.0157   0.0184    0.021   0.0236   0.0262   0.0289   0.0315   0.0341   0.0367   0.0394    0.042   0.0446   0.0472   0.0499   0.0525   0.0551   0.0577   0.0604    0.063   0.0656   0.0682   0.0709   0.0735   0.0761   0.0787   0.0814    0.084   0.0866   0.0892   0.0919   0.0945   0.0971   0.0997   0.1024    0.105   0.1076   0.1102   0.1129   0.1155   0.1181   0.1207   0.1234    0.126   0.1286   0.1312   0.1339   0.1365   0.1391   0.1417   0.1444    0.147   0.1496   0.1522   0.1549   0.1575   0.1601   0.1627   0.1654    0.168   0.1706   0.1732   0.1759   0.1785   0.1811   0.1837   0.1864    0.189   0.1916   0.1942   0.1969   0.1995   0.2021   0.2047   0.2073     0.21   0.2126   0.2152   0.2178   0.2205   0.2231   0.2257   0.2283    0.231   0.2336   0.2362   0.2388   0.2415   0.2441   0.2467   0.2493    0.252   0.2546   0.2572   0.2598   0.2625   0.2651   0.2677   0.2703    0.273   0.2756   0.2782   0.2808   0.2835   0.2861   0.2887   0.2913    0.294   0.2966   0.2992   0.3018   0.3045   0.3071   0.3097   0.3123    0.315   0.3176   0.3202   0.3228   0.3255   0.3281   0.3307   0.3333    0.336   0.3386   0.3412   0.3438   0.3465   0.3491   0.3517   0.3543    0.357   0.3596   0.3622   0.3648   0.3675   0.3701   0.3727   0.3753    0.378   0.3806   0.3832   0.3858   0.3885   0.3911   0.3937   0.3963    0.399   0.4016   0.4042   0.4068   0.4094   0.4121   0.4147   0.4173   0.4199   0.4226   0.4252   0.4278   0.4304   0.4331   0.4357   0.4383   0.4409   0.4436   0.4462   0.4488   0.4514   0.4541   0.4567   0.4593   0.4619   0.4646   0.4672   0.4698   0.4724   0.4751   0.4777   0.4803   0.4829   0.4856   0.4882   0.4908   0.4934   0.4961   0.4987
    S      0.0   0.7032      1.0    0.298   0.0217   0.0748   0.0976   0.0348   0.0196   0.1048   0.0511   0.1149   0.1424   0.0806   0.0194     0.09   0.2209   0.1001   0.4208   0.2044   0.1388    0.493   0.1595   0.1554   0.1171   0.5847   0.0415   0.1138   0.0813   0.4402   0.5862   0.1081   0.0353   0.3351   0.2103    0.441   0.2101   0.7233   0.4343   0.0363   0.2704    0.161   0.3386    0.554   0.1959   0.0358   0.0816   0.0999   0.0946   0.0581   0.2633   0.5072   0.2359    0.054   0.0282   0.1112   0.0635   0.3131   0.0653    0.313   0.0172   0.0247    0.005   0.0757    0.353   0.0824   0.1583   0.0489   0.3154   0.4516   0.0793   0.2008   0.1467   0.1917   0.0313   0.0429   0.0892   0.2239   0.0509   0.0428   0.0767   0.0408   0.3451   0.1099   0.1379   0.0801   0.0495   0.1977   0.1442   0.0417   0.2131    0.368   0.0608   0.0998   0.1905    0.127   0.0283   0.0619   0.3369   0.2339   0.0067   0.1667   0.2673   0.1512   0.0409    0.165   0.1612   0.1591   0.0789   0.2248   0.0529   0.3585   0.0451   0.0198   0.2895   0.6036   0.2044   0.1633   0.2724   0.0474   0.0338   0.0398   0.1288   0.1352   0.0297    0.059   0.6157   0.2783   0.0862   0.1388   0.2367   0.0625   0.2237   0.1257   0.2934   0.0694   0.1921     0.09   0.1211   0.2705   0.2098   0.0425    0.215   0.3503   0.4909   0.1684   0.2955   0.6583   0.4312   0.1179   0.0401   0.1818   0.2239   0.1702    0.408   0.4874   0.0225   0.1871   0.1259   0.3146   0.3451     0.09   0.1675   0.0898   0.0628   0.2427    0.165   0.0446   0.0534   0.2302     0.12   0.0885   0.2178   0.0931   0.2024   0.0108   0.0793   0.0472   0.0659   0.0882   0.0666   0.0662   0.0145   0.1114   0.1526   0.0696   0.2082   0.1652   0.0321   0.4388   0.7901
  snr   -15.33
    H      4.9
 exon    False

M: snrse
 freq      0.0   0.0026   0.0052   0.0079   0.0105   0.0131   0.0157   0.0184    0.021   0.0236   0.0262   0.0289   0.0315   0.0341   0.0367   0.0394    0.042   0.0446   0.0472   0.0499   0.0525   0.0551   0.0577   0.0604    0.063   0.0656   0.0682   0.0709   0.0735   0.0761   0.0787   0.0814    0.084   0.0866   0.0892   0.0919   0.0945   0.0971   0.0997   0.1024    0.105   0.1076   0.1102   0.1129   0.1155   0.1181   0.1207   0.1234    0.126   0.1286   0.1312   0.1339   0.1365   0.1391   0.1417   0.1444    0.147   0.1496   0.1522   0.1549   0.1575   0.1601   0.1627   0.1654    0.168   0.1706   0.1732   0.1759   0.1785   0.1811   0.1837   0.1864    0.189   0.1916   0.1942   0.1969   0.1995   0.2021   0.2047   0.2073     0.21   0.2126   0.2152   0.2178   0.2205   0.2231   0.2257   0.2283    0.231   0.2336   0.2362   0.2388   0.2415   0.2441   0.2467   0.2493    0.252   0.2546   0.2572   0.2598   0.2625   0.2651   0.2677   0.2703    0.273   0.2756   0.2782   0.2808   0.2835   0.2861   0.2887   0.2913    0.294   0.2966   0.2992   0.3018   0.3045   0.3071   0.3097   0.3123    0.315   0.3176   0.3202   0.3228   0.3255   0.3281   0.3307   0.3333    0.336   0.3386   0.3412   0.3438   0.3465   0.3491   0.3517   0.3543    0.357   0.3596   0.3622   0.3648   0.3675   0.3701   0.3727   0.3753    0.378   0.3806   0.3832   0.3858   0.3885   0.3911   0.3937   0.3963    0.399   0.4016   0.4042   0.4068   0.4094   0.4121   0.4147   0.4173   0.4199   0.4226   0.4252   0.4278   0.4304   0.4331   0.4357   0.4383   0.4409   0.4436   0.4462   0.4488   0.4514   0.4541   0.4567   0.4593   0.4619   0.4646   0.4672   0.4698   0.4724   0.4751   0.4777   0.4803   0.4829   0.4856   0.4882   0.4908   0.4934   0.4961   0.4987
    S      0.0   0.1416   0.2577   0.0156   0.0765   0.0429   0.0561   0.0553     0.15    0.112   0.0763   0.0236   0.0138   0.1671   0.0338    0.151   0.1449   0.0895   0.0396   0.1613   0.0402   0.3072   0.1052   0.1536   0.1473    0.063   0.2105   0.1166   0.0017   0.0968   0.0744   0.0856   0.0111   0.2978   0.2693   0.2938   0.2766   0.0148   0.0327   0.2594   0.2288   0.4253   0.1233   0.2612   0.0795   0.1277    0.336   0.1631   0.0459    0.027   0.0944   0.1799   0.2307   0.0063   0.0163   0.0736   0.0318   0.1354   0.0986   0.2767   0.3573   0.0184   0.0052   0.1801   0.0382   0.1472   0.0228   0.0331   0.0513   0.0825   0.0332   0.1084   0.1461   0.0126   0.0263   0.1415   0.3132   0.2246   0.0101   0.2591   0.0954   0.1245   0.5826   0.1144   0.0157   0.0524   0.1353   0.1861   0.0692    0.065   0.1143   0.2007   0.0503   0.1147   0.2123    0.036    0.025   0.0314    0.023   0.1701   0.1603   0.0603   0.0597   0.0776    0.015   0.0333   0.0659   0.1101   0.0132   0.0428   0.0027   0.0202   0.0324   0.0896   0.0078   0.0769   0.1933   0.1922   0.0405   0.0916   0.1386   0.0776   0.0252   0.0648   0.4867   0.1166   0.0284   0.0109   0.0474   0.1727   0.0345   0.1585   0.1643   0.0105   0.0824   0.2153   0.0046   0.0796   0.0231   0.0765    0.124   0.0193   0.1367   0.1048   0.0251   0.0555   0.0422   0.2598   0.1137   0.1169   0.2329    0.058   0.1722   0.2415   0.0543   0.5685   0.0081   0.3026   0.0886   0.0479    0.058   0.0104   0.1129   0.0279   0.4667   0.0941   0.0558   0.0428   0.0485   0.0118   0.0327   0.0658   0.3086      1.0    0.192   0.1668   0.1804   0.1297   0.0113   0.0458   0.0406   0.2466   0.0094   0.0213   0.2338   0.2962   0.1458   0.1188   0.1405   0.1369   0.0575
  snr   -13.41
    H     4.84
 exon    False