>data-XV-cerevisiae-intergenic-425
N: 484
Methods: voss, eiip, qpsk, mem, alg1, alg2

M: voss
 freq      0.0   0.0021   0.0041   0.0062   0.0083   0.0103   0.0124   0.0145   0.0165   0.0186   0.0207   0.0227   0.0248   0.0269   0.0289    0.031   0.0331   0.0351   0.0372   0.0393   0.0413   0.0434   0.0455   0.0475   0.0496   0.0517   0.0537   0.0558   0.0579   0.0599    0.062    0.064   0.0661   0.0682   0.0702   0.0723   0.0744   0.0764   0.0785   0.0806   0.0826   0.0847   0.0868   0.0888   0.0909    0.093    0.095   0.0971   0.0992   0.1012   0.1033   0.1054   0.1074   0.1095   0.1116   0.1136   0.1157   0.1178   0.1198   0.1219    0.124    0.126   0.1281   0.1302   0.1322   0.1343   0.1364   0.1384   0.1405   0.1426   0.1446   0.1467   0.1488   0.1508   0.1529    0.155    0.157   0.1591   0.1612   0.1632   0.1653   0.1674   0.1694   0.1715   0.1736   0.1756   0.1777   0.1798   0.1818   0.1839    0.186    0.188   0.1901   0.1921   0.1942   0.1963   0.1983   0.2004   0.2025   0.2045   0.2066   0.2087   0.2107   0.2128   0.2149   0.2169    0.219   0.2211   0.2231   0.2252   0.2273   0.2293   0.2314   0.2335   0.2355   0.2376   0.2397   0.2417   0.2438   0.2459   0.2479     0.25   0.2521   0.2541   0.2562   0.2583   0.2603   0.2624   0.2645   0.2665   0.2686   0.2707   0.2727   0.2748   0.2769   0.2789    0.281   0.2831   0.2851   0.2872   0.2893   0.2913   0.2934   0.2955   0.2975   0.2996   0.3017   0.3037   0.3058   0.3079   0.3099    0.312    0.314   0.3161   0.3182   0.3202   0.3223   0.3244   0.3264   0.3285   0.3306   0.3326   0.3347   0.3368   0.3388   0.3409    0.343    0.345   0.3471   0.3492   0.3512   0.3533   0.3554   0.3574   0.3595   0.3616   0.3636   0.3657   0.3678   0.3698   0.3719    0.374    0.376   0.3781   0.3802   0.3822   0.3843   0.3864   0.3884   0.3905   0.3926   0.3946   0.3967   0.3988   0.4008   0.4029    0.405    0.407   0.4091   0.4112   0.4132   0.4153   0.4174   0.4194   0.4215   0.4236   0.4256   0.4277   0.4298   0.4318   0.4339    0.436    0.438   0.4401   0.4421   0.4442   0.4463   0.4483   0.4504   0.4525   0.4545   0.4566   0.4587   0.4607   0.4628   0.4649   0.4669    0.469   0.4711   0.4731   0.4752   0.4773   0.4793   0.4814   0.4835   0.4855   0.4876   0.4897   0.4917   0.4938   0.4959   0.4979
    S      0.0   0.2808      1.0   0.1485   0.3808   0.1572   0.3827    0.063   0.2433   0.2142   0.1895   0.1611   0.1763   0.1489   0.0412   0.0805   0.1078   0.1737   0.0792   0.2083   0.0388   0.1141   0.3862   0.4062   0.2365   0.1283   0.1041   0.0926   0.1443   0.2147    0.172   0.2026    0.062   0.2145   0.1337   0.2125     0.12   0.0881   0.0959   0.1001   0.1057   0.0793   0.0825   0.1539   0.0401   0.1884   0.1896   0.1148   0.1944   0.0424   0.0186   0.1176   0.2526   0.0969   0.1221    0.297    0.402   0.1094   0.1511   0.1433   0.3277   0.1249   0.0731   0.3973   0.0257   0.1392   0.2196   0.1244   0.1006   0.1042   0.0984   0.1787   0.1495   0.0644   0.1508   0.1556   0.0891   0.1137   0.0943   0.0774   0.0517   0.1203   0.1899   0.2264   0.2541    0.115   0.0555    0.108   0.0162   0.3292   0.1156   0.0829   0.1885   0.1455    0.361   0.0338   0.1653   0.2642   0.1069   0.0596   0.1402   0.0923   0.1153   0.0476   0.0771   0.0971    0.068   0.1176   0.2463   0.0627   0.2706   0.0645   0.0736   0.1672   0.1344   0.1335   0.1103   0.0926   0.0718   0.3374   0.1475   0.1774   0.1276   0.1023    0.089   0.0374   0.0824   0.1264   0.0876   0.1548   0.1574   0.3045   0.2019   0.1043   0.3416   0.1389   0.0705   0.0639    0.074   0.1477   0.1028   0.1011   0.1049   0.0335   0.1774   0.0142   0.0917   0.1603   0.0562   0.0613   0.1401   0.0112   0.1528   0.0674   0.1435   0.0987   0.0732   0.0784   0.2556   0.0509   0.1848   0.0215   0.1095   0.0444    0.135   0.1191   0.0561   0.1313   0.1397   0.0595    0.077   0.1988   0.1537   0.1737   0.0935   0.0994   0.1461     0.11   0.1717   0.1193   0.1117    0.075   0.2309   0.0807   0.1501   0.2893   0.1584   0.0416   0.1286   0.1001   0.0389    0.113   0.0568   0.1081   0.1471   0.1795   0.0739   0.0923   0.0696    0.109   0.1502   0.0992   0.1577   0.0878   0.0793   0.0597   0.0469   0.1065   0.1418   0.1405   0.0986   0.0792   0.0972   0.2962   0.0352   0.0954   0.3849   0.1412   0.0877    0.229   0.0808   0.0838    0.105    0.049   0.2989   0.4439   0.1287   0.3408   0.0612   0.0991    0.103   0.0985   0.1049   0.1989   0.0663   0.1397   0.2456   0.1571   0.2238   0.4692   0.3956   0.0955
  snr   -15.28
    H     5.28
 exon    False

M: eiip
 freq      0.0   0.0021   0.0041   0.0062   0.0083   0.0103   0.0124   0.0145   0.0165   0.0186   0.0207   0.0227   0.0248   0.0269   0.0289    0.031   0.0331   0.0351   0.0372   0.0393   0.0413   0.0434   0.0455   0.0475   0.0496   0.0517   0.0537   0.0558   0.0579   0.0599    0.062    0.064   0.0661   0.0682   0.0702   0.0723   0.0744   0.0764   0.0785   0.0806   0.0826   0.0847   0.0868   0.0888   0.0909    0.093    0.095   0.0971   0.0992   0.1012   0.1033   0.1054   0.1074   0.1095   0.1116   0.1136   0.1157   0.1178   0.1198   0.1219    0.124    0.126   0.1281   0.1302   0.1322   0.1343   0.1364   0.1384   0.1405   0.1426   0.1446   0.1467   0.1488   0.1508   0.1529    0.155    0.157   0.1591   0.1612   0.1632   0.1653   0.1674   0.1694   0.1715   0.1736   0.1756   0.1777   0.1798   0.1818   0.1839    0.186    0.188   0.1901   0.1921   0.1942   0.1963   0.1983   0.2004   0.2025   0.2045   0.2066   0.2087   0.2107   0.2128   0.2149   0.2169    0.219   0.2211   0.2231   0.2252   0.2273   0.2293   0.2314   0.2335   0.2355   0.2376   0.2397   0.2417   0.2438   0.2459   0.2479     0.25   0.2521   0.2541   0.2562   0.2583   0.2603   0.2624   0.2645   0.2665   0.2686   0.2707   0.2727   0.2748   0.2769   0.2789    0.281   0.2831   0.2851   0.2872   0.2893   0.2913   0.2934   0.2955   0.2975   0.2996   0.3017   0.3037   0.3058   0.3079   0.3099    0.312    0.314   0.3161   0.3182   0.3202   0.3223   0.3244   0.3264   0.3285   0.3306   0.3326   0.3347   0.3368   0.3388   0.3409    0.343    0.345   0.3471   0.3492   0.3512   0.3533   0.3554   0.3574   0.3595   0.3616   0.3636   0.3657   0.3678   0.3698   0.3719    0.374    0.376   0.3781   0.3802   0.3822   0.3843   0.3864   0.3884   0.3905   0.3926   0.3946   0.3967   0.3988   0.4008   0.4029    0.405    0.407   0.4091   0.4112   0.4132   0.4153   0.4174   0.4194   0.4215   0.4236   0.4256   0.4277   0.4298   0.4318   0.4339    0.436    0.438   0.4401   0.4421   0.4442   0.4463   0.4483   0.4504   0.4525   0.4545   0.4566   0.4587   0.4607   0.4628   0.4649   0.4669    0.469   0.4711   0.4731   0.4752   0.4773   0.4793   0.4814   0.4835   0.4855   0.4876   0.4897   0.4917   0.4938   0.4959   0.4979
    S      0.0   0.5923   0.7695   0.2052    0.033   0.0154   0.1348   0.1886   0.0075   0.1984    0.049   0.0289   0.1524   0.1346   0.0863   0.1244    0.393   0.1053   0.0711   0.0033   0.0955   0.0224   0.0402   0.1709   0.0075   0.0146    0.083   0.2154   0.5061   0.0327   0.1228   0.1323    0.145   0.0235   0.3577   0.6561   0.2305   0.2713   0.1122    0.273   0.1407   0.0981   0.0883   0.0417   0.0222   0.3821   0.5234   0.0178   0.2991   0.0359   0.0124   0.2002   0.0316   0.3696   0.1357   0.0425   0.2567   0.2027   0.1002   0.1311   0.3593    0.466   0.0233   0.0473    0.017   0.2342   0.0805   0.0352   0.1798   0.1834   0.0565   0.0886    0.134   0.0491   0.0105    0.559   0.1433   0.0831   0.0412   0.2247   0.0219   0.0915   0.2526   0.2197   0.2743   0.1468   0.1758   0.1911   0.0338   0.0718   0.1141   0.0166   0.1466   0.0665   0.0602   0.0391   0.6504   0.3003   0.0353   0.0868   0.3324   0.0759   0.0288   0.0761   0.1102   0.0031   0.1192   0.3534   0.0198    0.086   0.2022   0.1173   0.1803   0.3457    0.314   0.3689   0.1584   0.0099   0.0723   0.1347   0.1561   0.2837   0.1018   0.0466    0.143   0.0249   0.0052   0.2407   0.1729   0.5021   0.5142   0.2126   0.6376   0.0845   0.0481   0.0616   0.0745   0.2074   0.0383   0.2105   0.1132   0.1161   0.1354   0.0472   0.3988   0.0101   0.1577   0.0093    0.087   0.0168   0.0164   0.0323   0.3303   0.0103   0.1174   0.1161   0.0478    0.136   0.8897   0.0231   0.2065   0.0533   0.0288    0.004   0.2158   0.4369   0.1194   0.2757   0.2232   0.2122   0.0304   0.1176   0.2132   0.0187   0.1966   0.1031   0.0383   0.0601   0.2051   0.2105   0.0938   0.0436    0.133   0.1323   0.0752      1.0   0.3702   0.0053   0.2347   0.0356   0.0944   0.0208   0.0984   0.1613   0.1812   0.2227   0.0058   0.0519   0.0352   0.0058   0.1966   0.0624    0.141   0.1605   0.0411   0.0916   0.0091    0.018   0.1476   0.1936   0.1843   0.1735    0.046   0.3484    0.023   0.1232   0.0148   0.1217    0.004   0.5948   0.1168   0.3598   0.1028   0.0879   0.0236   0.6809   0.2131   0.0231   0.0804   0.1098   0.0254   0.0031   0.1928   0.0039   0.1082   0.0965   0.0034   0.0647   0.2296   0.0561   0.1091   0.2703
  snr   -15.59
    H     5.04
 exon    False

M: qpsk
 freq      0.0   0.0021   0.0041   0.0062   0.0083   0.0103   0.0124   0.0145   0.0165   0.0186   0.0207   0.0227   0.0248   0.0269   0.0289    0.031   0.0331   0.0351   0.0372   0.0393   0.0413   0.0434   0.0455   0.0475   0.0496   0.0517   0.0537   0.0558   0.0579   0.0599    0.062    0.064   0.0661   0.0682   0.0702   0.0723   0.0744   0.0764   0.0785   0.0806   0.0826   0.0847   0.0868   0.0888   0.0909    0.093    0.095   0.0971   0.0992   0.1012   0.1033   0.1054   0.1074   0.1095   0.1116   0.1136   0.1157   0.1178   0.1198   0.1219    0.124    0.126   0.1281   0.1302   0.1322   0.1343   0.1364   0.1384   0.1405   0.1426   0.1446   0.1467   0.1488   0.1508   0.1529    0.155    0.157   0.1591   0.1612   0.1632   0.1653   0.1674   0.1694   0.1715   0.1736   0.1756   0.1777   0.1798   0.1818   0.1839    0.186    0.188   0.1901   0.1921   0.1942   0.1963   0.1983   0.2004   0.2025   0.2045   0.2066   0.2087   0.2107   0.2128   0.2149   0.2169    0.219   0.2211   0.2231   0.2252   0.2273   0.2293   0.2314   0.2335   0.2355   0.2376   0.2397   0.2417   0.2438   0.2459   0.2479     0.25   0.2521   0.2541   0.2562   0.2583   0.2603   0.2624   0.2645   0.2665   0.2686   0.2707   0.2727   0.2748   0.2769   0.2789    0.281   0.2831   0.2851   0.2872   0.2893   0.2913   0.2934   0.2955   0.2975   0.2996   0.3017   0.3037   0.3058   0.3079   0.3099    0.312    0.314   0.3161   0.3182   0.3202   0.3223   0.3244   0.3264   0.3285   0.3306   0.3326   0.3347   0.3368   0.3388   0.3409    0.343    0.345   0.3471   0.3492   0.3512   0.3533   0.3554   0.3574   0.3595   0.3616   0.3636   0.3657   0.3678   0.3698   0.3719    0.374    0.376   0.3781   0.3802   0.3822   0.3843   0.3864   0.3884   0.3905   0.3926   0.3946   0.3967   0.3988   0.4008   0.4029    0.405    0.407   0.4091   0.4112   0.4132   0.4153   0.4174   0.4194   0.4215   0.4236   0.4256   0.4277   0.4298   0.4318   0.4339    0.436    0.438   0.4401   0.4421   0.4442   0.4463   0.4483   0.4504   0.4525   0.4545   0.4566   0.4587   0.4607   0.4628   0.4649   0.4669    0.469   0.4711   0.4731   0.4752   0.4773   0.4793   0.4814   0.4835   0.4855   0.4876   0.4897   0.4917   0.4938   0.4959   0.4979
    S      0.0   0.3556      1.0   0.1618   0.2706   0.1316   0.3269   0.0414   0.2205   0.2938   0.1317   0.1592    0.235   0.1608   0.0525   0.1092   0.0806   0.1737    0.057   0.1371   0.0432   0.0428   0.2733   0.1322   0.1417   0.1313   0.0982   0.1207   0.1773   0.1842   0.1911   0.2584   0.0569   0.1412    0.187   0.2715   0.0386   0.0327    0.114     0.12   0.0914   0.1089   0.1206   0.0706   0.0473   0.1265   0.2021   0.1605   0.1989    0.055   0.0129   0.1375   0.2009   0.0891   0.1503   0.1693   0.3743   0.0789   0.1312   0.1386   0.2075   0.1686   0.0547   0.1995   0.0254   0.1327   0.1423   0.1113   0.1468   0.1512   0.0987   0.1567   0.1263   0.0445   0.1339   0.2031   0.0746   0.0916   0.0543    0.105   0.0453   0.1483   0.2482   0.2881   0.3155    0.141   0.0656   0.0554   0.0056   0.2492   0.1178   0.0936   0.0836   0.0134   0.2168   0.0454   0.1973   0.3389   0.0906   0.0403   0.2038    0.135   0.0864    0.024   0.0839   0.0414   0.0409   0.1168   0.2736   0.0309   0.3838   0.0936   0.0613   0.1312   0.1901   0.0924   0.1455   0.0914   0.0895   0.3157   0.0643   0.0385   0.0855   0.1123   0.1018   0.0313   0.0981   0.1262    0.079   0.1885   0.1623   0.3613   0.2765     0.11   0.3426   0.0691   0.0972    0.067   0.0303   0.1805   0.1401   0.1391   0.1213   0.0358   0.1313   0.0094   0.0286   0.1193   0.0478   0.0218   0.1923   0.0117   0.1845   0.0378   0.1601   0.1087   0.0819   0.0935   0.2406   0.0478   0.1845   0.0167    0.108   0.0278   0.1944   0.1287   0.0289   0.1834   0.1524   0.0566   0.0755   0.2115   0.1707   0.1705   0.1058   0.1125   0.1559   0.1185   0.2362   0.1595   0.0269   0.0642   0.3042   0.1178   0.1341     0.42   0.1895   0.0522   0.0559   0.0987   0.0552   0.0787   0.0767   0.1214   0.1471   0.1881   0.0207   0.0567   0.0519   0.0832    0.181   0.0217   0.1973   0.1122   0.0465   0.0729   0.0194   0.1252   0.2011   0.0956   0.0604   0.0644   0.0495   0.2405   0.0444   0.1213   0.1805   0.1528   0.1024   0.2075   0.1164   0.0992   0.1021   0.0315   0.2977   0.4581     0.12   0.3468   0.0652   0.1444   0.1283   0.1404    0.049   0.1422   0.0177   0.0729   0.1072   0.1654   0.3223   0.3195   0.4683   0.1212
  snr   -15.06
    H     5.25
 exon    False

M: mem
 freq      0.0   0.0021   0.0041   0.0062   0.0083   0.0103   0.0124   0.0145   0.0165   0.0186   0.0207   0.0227   0.0248   0.0269   0.0289    0.031   0.0331   0.0351   0.0372   0.0393   0.0413   0.0434   0.0455   0.0475   0.0496   0.0517   0.0537   0.0558   0.0579   0.0599    0.062    0.064   0.0661   0.0682   0.0702   0.0723   0.0744   0.0764   0.0785   0.0806   0.0826   0.0847   0.0868   0.0888   0.0909    0.093    0.095   0.0971   0.0992   0.1012   0.1033   0.1054   0.1074   0.1095   0.1116   0.1136   0.1157   0.1178   0.1198   0.1219    0.124    0.126   0.1281   0.1302   0.1322   0.1343   0.1364   0.1384   0.1405   0.1426   0.1446   0.1467   0.1488   0.1508   0.1529    0.155    0.157   0.1591   0.1612   0.1632   0.1653   0.1674   0.1694   0.1715   0.1736   0.1756   0.1777   0.1798   0.1818   0.1839    0.186    0.188   0.1901   0.1921   0.1942   0.1963   0.1983   0.2004   0.2025   0.2045   0.2066   0.2087   0.2107   0.2128   0.2149   0.2169    0.219   0.2211   0.2231   0.2252   0.2273   0.2293   0.2314   0.2335   0.2355   0.2376   0.2397   0.2417   0.2438   0.2459   0.2479     0.25   0.2521   0.2541   0.2562   0.2583   0.2603   0.2624   0.2645   0.2665   0.2686   0.2707   0.2727   0.2748   0.2769   0.2789    0.281   0.2831   0.2851   0.2872   0.2893   0.2913   0.2934   0.2955   0.2975   0.2996   0.3017   0.3037   0.3058   0.3079   0.3099    0.312    0.314   0.3161   0.3182   0.3202   0.3223   0.3244   0.3264   0.3285   0.3306   0.3326   0.3347   0.3368   0.3388   0.3409    0.343    0.345   0.3471   0.3492   0.3512   0.3533   0.3554   0.3574   0.3595   0.3616   0.3636   0.3657   0.3678   0.3698   0.3719    0.374    0.376   0.3781   0.3802   0.3822   0.3843   0.3864   0.3884   0.3905   0.3926   0.3946   0.3967   0.3988   0.4008   0.4029    0.405    0.407   0.4091   0.4112   0.4132   0.4153   0.4174   0.4194   0.4215   0.4236   0.4256   0.4277   0.4298   0.4318   0.4339    0.436    0.438   0.4401   0.4421   0.4442   0.4463   0.4483   0.4504   0.4525   0.4545   0.4566   0.4587   0.4607   0.4628   0.4649   0.4669    0.469   0.4711   0.4731   0.4752   0.4773   0.4793   0.4814   0.4835   0.4855   0.4876   0.4897   0.4917   0.4938   0.4959   0.4979
    S      0.0   0.4029   0.2206   0.1338   0.0135    0.046   0.0036   0.1214   0.0671   0.0105    0.013   0.0097   0.0729   0.0267   0.0601   0.0323   0.3579   0.1019   0.0572   0.0249   0.1056   0.0072      0.1   0.2536   0.0039   0.1165   0.0325   0.0679   0.3171   0.0569   0.0737    0.168   0.1681   0.0194   0.1844   0.3642   0.1131   0.2183   0.0219   0.1562    0.169   0.0353    0.003   0.0411   0.0221   0.4945   0.2754   0.0307   0.4506   0.0358   0.0094   0.0834   0.1692   0.2356   0.0888     0.16   0.1321   0.1767    0.027   0.1822   0.2414   0.3718   0.0419   0.0508    0.004   0.0956   0.1573   0.0755   0.1641   0.2385   0.0022   0.0189   0.2155   0.0793   0.0466   0.3874   0.1433    0.065   0.0994   0.2274   0.0584   0.1505    0.167   0.2928   0.5348   0.0644   0.1101   0.0769   0.0294   0.2019   0.1601   0.0628   0.1523   0.0618   0.0927   0.0155   0.3726   0.2799   0.0775    0.029   0.3079   0.0025   0.0116   0.0707   0.1007   0.0224   0.1266   0.2286   0.0395   0.0507   0.1508   0.0625   0.1971   0.3145   0.2357   0.3689    0.254   0.0073   0.0137    0.012   0.1667   0.2873   0.0433   0.0682   0.0457   0.0326   0.0208   0.2141   0.1199   0.2349   0.2299   0.4505   0.3445   0.0372    0.042   0.1031    0.029   0.1018   0.0325    0.075   0.1905   0.0949   0.0277   0.0467   0.1749   0.0096   0.1496   0.0202   0.0977   0.0132   0.0986   0.0255   0.3506   0.0257   0.1105   0.1045   0.0067   0.1039    0.754   0.0221   0.0724   0.0341   0.0508   0.0285   0.1322   0.3673   0.0534    0.057   0.0584   0.1876   0.0502    0.058   0.3144   0.0532   0.2386   0.0706   0.1133   0.0655   0.2026   0.0385   0.0806   0.0095   0.0026   0.1554   0.0102   0.6602   0.4271   0.0047   0.1309    0.039   0.0641   0.0312   0.0458   0.1673   0.1171    0.273   0.0103   0.0541   0.0657   0.0182   0.1498   0.0803   0.0536   0.1534   0.0782   0.1096   0.0341   0.0664   0.0117   0.1355    0.141    0.205   0.0143   0.0855   0.0307   0.1025   0.0332   0.0679    0.047   0.6867   0.0108   0.2304   0.0882   0.0504   0.0978      1.0   0.0861   0.2051   0.0978   0.1321   0.1144   0.0733    0.135   0.0259   0.0634   0.0602   0.0224   0.0183   0.0272   0.0298   0.0628    0.122
  snr   -14.65
    H     5.03
 exon    False

M: alg1
 freq      0.0   0.0021   0.0041   0.0062   0.0083   0.0103   0.0124   0.0145   0.0165   0.0186   0.0207   0.0227   0.0248   0.0269   0.0289    0.031   0.0331   0.0351   0.0372   0.0393   0.0413   0.0434   0.0455   0.0475   0.0496   0.0517   0.0537   0.0558   0.0579   0.0599    0.062    0.064   0.0661   0.0682   0.0702   0.0723   0.0744   0.0764   0.0785   0.0806   0.0826   0.0847   0.0868   0.0888   0.0909    0.093    0.095   0.0971   0.0992   0.1012   0.1033   0.1054   0.1074   0.1095   0.1116   0.1136   0.1157   0.1178   0.1198   0.1219    0.124    0.126   0.1281   0.1302   0.1322   0.1343   0.1364   0.1384   0.1405   0.1426   0.1446   0.1467   0.1488   0.1508   0.1529    0.155    0.157   0.1591   0.1612   0.1632   0.1653   0.1674   0.1694   0.1715   0.1736   0.1756   0.1777   0.1798   0.1818   0.1839    0.186    0.188   0.1901   0.1921   0.1942   0.1963   0.1983   0.2004   0.2025   0.2045   0.2066   0.2087   0.2107   0.2128   0.2149   0.2169    0.219   0.2211   0.2231   0.2252   0.2273   0.2293   0.2314   0.2335   0.2355   0.2376   0.2397   0.2417   0.2438   0.2459   0.2479     0.25   0.2521   0.2541   0.2562   0.2583   0.2603   0.2624   0.2645   0.2665   0.2686   0.2707   0.2727   0.2748   0.2769   0.2789    0.281   0.2831   0.2851   0.2872   0.2893   0.2913   0.2934   0.2955   0.2975   0.2996   0.3017   0.3037   0.3058   0.3079   0.3099    0.312    0.314   0.3161   0.3182   0.3202   0.3223   0.3244   0.3264   0.3285   0.3306   0.3326   0.3347   0.3368   0.3388   0.3409    0.343    0.345   0.3471   0.3492   0.3512   0.3533   0.3554   0.3574   0.3595   0.3616   0.3636   0.3657   0.3678   0.3698   0.3719    0.374    0.376   0.3781   0.3802   0.3822   0.3843   0.3864   0.3884   0.3905   0.3926   0.3946   0.3967   0.3988   0.4008   0.4029    0.405    0.407   0.4091   0.4112   0.4132   0.4153   0.4174   0.4194   0.4215   0.4236   0.4256   0.4277   0.4298   0.4318   0.4339    0.436    0.438   0.4401   0.4421   0.4442   0.4463   0.4483   0.4504   0.4525   0.4545   0.4566   0.4587   0.4607   0.4628   0.4649   0.4669    0.469   0.4711   0.4731   0.4752   0.4773   0.4793   0.4814   0.4835   0.4855   0.4876   0.4897   0.4917   0.4938   0.4959   0.4979
    S      0.0   0.2894   0.0754   0.0743   0.3138   0.0683   0.0102   0.1947   0.1091   0.5094   0.0561   0.1586    0.462   0.0112   0.0434   0.1717   0.3136   0.1163   0.2315   0.1863   0.0711   0.2597   0.2166   0.5627   0.3852   0.1118   0.0308   0.2619    0.298   0.4946   0.0994   0.1858   0.1151   0.0493   0.2451    0.423   0.4694   0.3072   0.0418   0.1358    0.184   0.1963   0.1389   0.1814   0.0268   0.3804   0.6283   0.2082    0.316   0.0342   0.0532   0.2799   0.2069    0.321   0.1447   0.2313   0.1856   0.3245   0.2078   0.1371   0.5717   0.2427   0.1361   0.2302   0.0112   0.3481   0.2346   0.0626   0.1551   0.1478   0.2459   0.0189   0.2567   0.1168   0.0544   0.2829   0.1169   0.1021    0.086   0.1319   0.0653   0.1136   0.1842   0.4926    0.383   0.0652   0.0939   0.3921   0.0461   0.1769   0.2612    0.065   0.3001    0.315   0.3611   0.0228   0.4338    0.201   0.1543   0.1644   0.1629   0.1678   0.1139   0.0836   0.0667    0.096   0.1148   0.2523    0.222   0.1263   0.4302    0.083    0.148   0.4895   0.1606   0.3223   0.1721   0.1404   0.1401   0.0271   0.3114   0.4758   0.3612   0.0655   0.0667    0.023   0.0779   0.1434   0.1626   0.3555    0.573   0.4437   0.3348   0.0287   0.1133   0.1557   0.0676   0.1634   0.0958   0.0358   0.1701   0.1471   0.0752   0.0879   0.6492   0.0119   0.2126   0.1413   0.0731   0.0858    0.174   0.0306   0.2061    0.078   0.0807   0.2501   0.0237   0.2053   0.7376   0.0556   0.1083   0.0763    0.076   0.0276   0.1523   0.3153   0.2147   0.3054   0.2724   0.1614   0.1797   0.0945   0.2942   0.2179   0.1788   0.0875   0.2028   0.1089   0.1602   0.2602   0.2228   0.0197   0.1954   0.1017   0.3925    0.431   0.2686   0.1039   0.4559   0.1443   0.0334   0.1881   0.0359   0.2585   0.0747   0.4052   0.0892   0.1403   0.0522   0.1029   0.1144   0.1782   0.3922   0.0916   0.0886   0.1107   0.0386    0.134   0.2019   0.1981   0.1789     0.18   0.2835      1.0   0.0378   0.0649     0.28    0.039   0.0768   0.4888   0.1675   0.2385   0.2299   0.0991   0.2883    0.692   0.1663   0.2178    0.142   0.1638   0.1457   0.1461   0.2472   0.1423   0.2349   0.2126    0.154   0.0396   0.3982   0.0845   0.4637   0.1426
  snr   -16.69
    H     5.23
 exon    False

M: alg2
 freq      0.0   0.0021   0.0041   0.0062   0.0083   0.0103   0.0124   0.0145   0.0165   0.0186   0.0207   0.0227   0.0248   0.0269   0.0289    0.031   0.0331   0.0351   0.0372   0.0393   0.0413   0.0434   0.0455   0.0475   0.0496   0.0517   0.0537   0.0558   0.0579   0.0599    0.062    0.064   0.0661   0.0682   0.0702   0.0723   0.0744   0.0764   0.0785   0.0806   0.0826   0.0847   0.0868   0.0888   0.0909    0.093    0.095   0.0971   0.0992   0.1012   0.1033   0.1054   0.1074   0.1095   0.1116   0.1136   0.1157   0.1178   0.1198   0.1219    0.124    0.126   0.1281   0.1302   0.1322   0.1343   0.1364   0.1384   0.1405   0.1426   0.1446   0.1467   0.1488   0.1508   0.1529    0.155    0.157   0.1591   0.1612   0.1632   0.1653   0.1674   0.1694   0.1715   0.1736   0.1756   0.1777   0.1798   0.1818   0.1839    0.186    0.188   0.1901   0.1921   0.1942   0.1963   0.1983   0.2004   0.2025   0.2045   0.2066   0.2087   0.2107   0.2128   0.2149   0.2169    0.219   0.2211   0.2231   0.2252   0.2273   0.2293   0.2314   0.2335   0.2355   0.2376   0.2397   0.2417   0.2438   0.2459   0.2479     0.25   0.2521   0.2541   0.2562   0.2583   0.2603   0.2624   0.2645   0.2665   0.2686   0.2707   0.2727   0.2748   0.2769   0.2789    0.281   0.2831   0.2851   0.2872   0.2893   0.2913   0.2934   0.2955   0.2975   0.2996   0.3017   0.3037   0.3058   0.3079   0.3099    0.312    0.314   0.3161   0.3182   0.3202   0.3223   0.3244   0.3264   0.3285   0.3306   0.3326   0.3347   0.3368   0.3388   0.3409    0.343    0.345   0.3471   0.3492   0.3512   0.3533   0.3554   0.3574   0.3595   0.3616   0.3636   0.3657   0.3678   0.3698   0.3719    0.374    0.376   0.3781   0.3802   0.3822   0.3843   0.3864   0.3884   0.3905   0.3926   0.3946   0.3967   0.3988   0.4008   0.4029    0.405    0.407   0.4091   0.4112   0.4132   0.4153   0.4174   0.4194   0.4215   0.4236   0.4256   0.4277   0.4298   0.4318   0.4339    0.436    0.438   0.4401   0.4421   0.4442   0.4463   0.4483   0.4504   0.4525   0.4545   0.4566   0.4587   0.4607   0.4628   0.4649   0.4669    0.469   0.4711   0.4731   0.4752   0.4773   0.4793   0.4814   0.4835   0.4855   0.4876   0.4897   0.4917   0.4938   0.4959   0.4979
    S      0.0    0.184      1.0   0.1281   0.2631   0.0961   0.3509    0.017   0.1248   0.0496   0.1653   0.0798   0.0138   0.1485   0.0262   0.0284    0.008   0.1279   0.0062   0.1274    0.009   0.0404   0.2183    0.162   0.1213   0.0275    0.088   0.0283    0.086   0.0448   0.1375   0.1039     0.01   0.1689   0.0818   0.1329   0.0044   0.0011   0.0875   0.0769   0.0162   0.0172   0.0348   0.0952    0.025   0.0076   0.0358   0.0178   0.0209   0.0245   0.0015   0.0323      0.1   0.0241   0.0788   0.1503   0.3569   0.0074   0.0759   0.0509   0.1756   0.0598   0.0226   0.2785   0.0196   0.0398   0.0777   0.0659   0.0388   0.0284   0.0214   0.1724    0.013   0.0138   0.0852   0.0952   0.0441    0.061   0.0334   0.0256    0.008    0.042   0.1036   0.0082   0.0072   0.0878   0.0364   0.0132   0.0016   0.1697   0.0029   0.0246   0.0663   0.0509   0.2287   0.0247   0.0838   0.1493   0.0223   0.0186   0.0821   0.0294   0.0817   0.0168   0.0427   0.0537   0.0204   0.0536   0.1065   0.0271   0.0918   0.0399   0.0109   0.0062   0.0916   0.0192   0.0075   0.0384   0.0302   0.2876   0.0435   0.0154   0.0181   0.0566   0.0773   0.0211   0.0304   0.0726   0.0469   0.0929   0.0333    0.017   0.1368   0.0977   0.2078   0.0543   0.0402   0.0326   0.0379   0.1504    0.006   0.0315    0.088    0.001    0.024   0.0079   0.0187   0.1015   0.0195    0.032   0.0194   0.0016   0.0595   0.0284   0.0852   0.0141   0.0611   0.0127   0.0318   0.0331   0.1659    0.001   0.0473   0.0189   0.0818   0.0244   0.0052   0.0604    0.068   0.0093   0.0063   0.1298   0.0096   0.0832   0.0136   0.0755   0.0457   0.0717   0.0907   0.0517   0.0446   0.0663   0.1311   0.0335   0.0263   0.2076   0.0374   0.0019   0.0073   0.0522   0.0316   0.0516   0.0505   0.0134   0.1246   0.0195   0.0432   0.0469   0.0291   0.0652   0.1187   0.0354   0.0187   0.0533   0.0249   0.0061     0.02   0.0349   0.0686   0.0866   0.0476    0.001   0.0166   0.0233   0.0184   0.0752   0.2729   0.1259    0.023   0.0185   0.0324   0.0333   0.0133   0.0221   0.1408   0.0675   0.0916   0.1217   0.0008   0.0232   0.0051   0.0042   0.0327   0.1224   0.0058   0.0812   0.1744   0.1138   0.0813   0.3777   0.1855   0.0745
  snr   -11.88
    H     4.97
 exon    False