>data-XVI-cerevisiae-intergenic-357
N: 272
Methods: voss, eiip, qpsk, mem, alg1, alg2

M: voss
 freq      0.0   0.0037   0.0074    0.011   0.0147   0.0184   0.0221   0.0257   0.0294   0.0331   0.0368   0.0404   0.0441   0.0478   0.0515   0.0551   0.0588   0.0625   0.0662   0.0699   0.0735   0.0772   0.0809   0.0846   0.0882   0.0919   0.0956   0.0993   0.1029   0.1066   0.1103    0.114   0.1176   0.1213    0.125   0.1287   0.1324    0.136   0.1397   0.1434   0.1471   0.1507   0.1544   0.1581   0.1618   0.1654   0.1691   0.1728   0.1765   0.1801   0.1838   0.1875   0.1912   0.1949   0.1985   0.2022   0.2059   0.2096   0.2132   0.2169   0.2206   0.2243   0.2279   0.2316   0.2353    0.239   0.2426   0.2463     0.25   0.2537   0.2574    0.261   0.2647   0.2684   0.2721   0.2757   0.2794   0.2831   0.2868   0.2904   0.2941   0.2978   0.3015   0.3051   0.3088   0.3125   0.3162   0.3199   0.3235   0.3272   0.3309   0.3346   0.3382   0.3419   0.3456   0.3493   0.3529   0.3566   0.3603    0.364   0.3676   0.3713    0.375   0.3787   0.3824    0.386   0.3897   0.3934   0.3971   0.4007   0.4044   0.4081   0.4118   0.4154   0.4191   0.4228   0.4265   0.4301   0.4338   0.4375   0.4412   0.4449   0.4485   0.4522   0.4559   0.4596   0.4632   0.4669   0.4706   0.4743   0.4779   0.4816   0.4853    0.489   0.4926   0.4963
    S      0.0      1.0   0.2292   0.5137   0.1775   0.1171   0.0388   0.2055   0.3155   0.1439   0.1164   0.1356   0.0736   0.2358   0.1117   0.0604   0.1996   0.1309     0.48   0.1939   0.1901   0.1155   0.2439    0.427   0.2863   0.2454   0.3578   0.1276   0.0703   0.0482   0.1863   0.1811   0.0331   0.0747   0.0391   0.0193   0.1417   0.0471   0.1145   0.0536   0.3942   0.2187   0.0654   0.0655    0.084   0.1107   0.0804   0.3088   0.2443   0.2411   0.0849   0.3325   0.0484   0.1674   0.1344    0.206   0.2139    0.135   0.2184   0.1482   0.0346   0.1951   0.1278   0.0548   0.1166   0.1342   0.1579    0.122   0.1262   0.3885   0.2444   0.1444   0.1797   0.2946   0.0962   0.1255   0.2265   0.1607   0.0605   0.0666   0.3386   0.0847   0.2775   0.1895   0.0507   0.1579    0.143    0.265     0.14   0.0294     0.18   0.1974   0.0979   0.1275   0.0576   0.2667   0.5707   0.2751   0.1009   0.1569   0.1528   0.1115   0.4281   0.2265   0.2794   0.1932   0.1774   0.3539   0.2127   0.1618    0.264   0.0087   0.3585   0.0934   0.2128   0.2119   0.2204   0.1152   0.2553   0.1624   0.1898   0.2623   0.2734   0.2451   0.1403   0.0735   0.1547   0.0608   0.1298   0.0938   0.1191   0.0974   0.2261   0.1375   0.3817   0.6268
  snr   -13.83
    H      4.7
 exon    False

M: eiip
 freq      0.0   0.0037   0.0074    0.011   0.0147   0.0184   0.0221   0.0257   0.0294   0.0331   0.0368   0.0404   0.0441   0.0478   0.0515   0.0551   0.0588   0.0625   0.0662   0.0699   0.0735   0.0772   0.0809   0.0846   0.0882   0.0919   0.0956   0.0993   0.1029   0.1066   0.1103    0.114   0.1176   0.1213    0.125   0.1287   0.1324    0.136   0.1397   0.1434   0.1471   0.1507   0.1544   0.1581   0.1618   0.1654   0.1691   0.1728   0.1765   0.1801   0.1838   0.1875   0.1912   0.1949   0.1985   0.2022   0.2059   0.2096   0.2132   0.2169   0.2206   0.2243   0.2279   0.2316   0.2353    0.239   0.2426   0.2463     0.25   0.2537   0.2574    0.261   0.2647   0.2684   0.2721   0.2757   0.2794   0.2831   0.2868   0.2904   0.2941   0.2978   0.3015   0.3051   0.3088   0.3125   0.3162   0.3199   0.3235   0.3272   0.3309   0.3346   0.3382   0.3419   0.3456   0.3493   0.3529   0.3566   0.3603    0.364   0.3676   0.3713    0.375   0.3787   0.3824    0.386   0.3897   0.3934   0.3971   0.4007   0.4044   0.4081   0.4118   0.4154   0.4191   0.4228   0.4265   0.4301   0.4338   0.4375   0.4412   0.4449   0.4485   0.4522   0.4559   0.4596   0.4632   0.4669   0.4706   0.4743   0.4779   0.4816   0.4853    0.489   0.4926   0.4963
    S      0.0      1.0   0.2459   0.3888   0.0495   0.1686   0.0601   0.3593   0.0788   0.0613   0.0663    0.169   0.1945   0.4863    0.011   0.0266    0.054   0.0294   0.0855    0.004   0.0508   0.0469   0.2154   0.1571   0.0802   0.0098   0.2608   0.0341   0.0271    0.113   0.0395   0.0174   0.0002   0.0545   0.0887   0.0228   0.0863   0.1067   0.0966   0.0274    0.406   0.2081   0.1214   0.0038   0.1148   0.1102   0.1834    0.001   0.0942   0.4122   0.1726   0.0909   0.1171   0.0642   0.0364   0.2436    0.011   0.1388   0.0601   0.1144   0.0259   0.2348   0.0711   0.0046   0.1303    0.106   0.2903   0.1992   0.0174   0.6242   0.1138   0.0854   0.0452   0.1911   0.0446   0.0824   0.1625    0.271   0.0222   0.0272   0.1739   0.0563   0.0334   0.2009   0.0769   0.2834   0.0943   0.2119   0.2219   0.0163   0.3834   0.4687   0.0978   0.2387   0.1049   0.6787   0.1348   0.3482   0.0235   0.3977   0.1664   0.0095   0.3424   0.2385   0.0542   0.1649   0.0454   0.6359   0.1863   0.1147   0.1458   0.0092   0.1295   0.0145   0.1574    0.159   0.0271   0.0435   0.6158   0.2814   0.0784   0.2466   0.3272    0.275   0.3863   0.0193   0.0379   0.0757   0.2375   0.0802   0.1946   0.0603   0.0737   0.1282   0.2111   0.1812
  snr   -12.99
    H     4.48
 exon    False

M: qpsk
 freq      0.0   0.0037   0.0074    0.011   0.0147   0.0184   0.0221   0.0257   0.0294   0.0331   0.0368   0.0404   0.0441   0.0478   0.0515   0.0551   0.0588   0.0625   0.0662   0.0699   0.0735   0.0772   0.0809   0.0846   0.0882   0.0919   0.0956   0.0993   0.1029   0.1066   0.1103    0.114   0.1176   0.1213    0.125   0.1287   0.1324    0.136   0.1397   0.1434   0.1471   0.1507   0.1544   0.1581   0.1618   0.1654   0.1691   0.1728   0.1765   0.1801   0.1838   0.1875   0.1912   0.1949   0.1985   0.2022   0.2059   0.2096   0.2132   0.2169   0.2206   0.2243   0.2279   0.2316   0.2353    0.239   0.2426   0.2463     0.25   0.2537   0.2574    0.261   0.2647   0.2684   0.2721   0.2757   0.2794   0.2831   0.2868   0.2904   0.2941   0.2978   0.3015   0.3051   0.3088   0.3125   0.3162   0.3199   0.3235   0.3272   0.3309   0.3346   0.3382   0.3419   0.3456   0.3493   0.3529   0.3566   0.3603    0.364   0.3676   0.3713    0.375   0.3787   0.3824    0.386   0.3897   0.3934   0.3971   0.4007   0.4044   0.4081   0.4118   0.4154   0.4191   0.4228   0.4265   0.4301   0.4338   0.4375   0.4412   0.4449   0.4485   0.4522   0.4559   0.4596   0.4632   0.4669   0.4706   0.4743   0.4779   0.4816   0.4853    0.489   0.4926   0.4963
    S      0.0      1.0   0.0812   0.4637    0.098   0.0966   0.0376   0.2051   0.1683   0.0441   0.0934   0.0141   0.0721   0.1221   0.0734     0.06     0.07   0.0935   0.1851   0.1706   0.1897   0.0816   0.2198   0.0289   0.1509   0.2087   0.2529   0.0648   0.0504   0.0258    0.156   0.1582   0.0242   0.0277   0.0323    0.008    0.141   0.0408   0.1086   0.0327   0.2906   0.0966   0.0584   0.0288   0.0347   0.1002   0.0778   0.1164   0.1497   0.2043   0.0272   0.2264   0.0392   0.0253   0.1007   0.1528   0.1818   0.0488    0.126   0.1158   0.0237   0.1905   0.1035   0.0297   0.1122   0.0641   0.0517   0.1139   0.1098   0.3908   0.0987   0.0833   0.0349   0.1651   0.0733   0.0908   0.1806   0.1054   0.0163   0.0289   0.2301   0.0681    0.188   0.1564   0.0411   0.1531   0.0405   0.2652   0.1198   0.0208   0.1694   0.1654   0.0961   0.0941   0.0182   0.1755   0.3304   0.1151   0.0489   0.0568   0.1099   0.0451   0.2066   0.0363   0.2806    0.127   0.1646     0.19   0.1749    0.136   0.1621   0.0088   0.2239   0.0946   0.0562   0.1727   0.1018   0.0304   0.1432    0.128   0.1284    0.262   0.1995   0.2253   0.0764   0.0537   0.1436   0.0575    0.128   0.0759   0.1035   0.0331   0.1308   0.1032   0.3118   0.2706
  snr   -12.01
    H     4.62
 exon    False

M: mem
 freq      0.0   0.0037   0.0074    0.011   0.0147   0.0184   0.0221   0.0257   0.0294   0.0331   0.0368   0.0404   0.0441   0.0478   0.0515   0.0551   0.0588   0.0625   0.0662   0.0699   0.0735   0.0772   0.0809   0.0846   0.0882   0.0919   0.0956   0.0993   0.1029   0.1066   0.1103    0.114   0.1176   0.1213    0.125   0.1287   0.1324    0.136   0.1397   0.1434   0.1471   0.1507   0.1544   0.1581   0.1618   0.1654   0.1691   0.1728   0.1765   0.1801   0.1838   0.1875   0.1912   0.1949   0.1985   0.2022   0.2059   0.2096   0.2132   0.2169   0.2206   0.2243   0.2279   0.2316   0.2353    0.239   0.2426   0.2463     0.25   0.2537   0.2574    0.261   0.2647   0.2684   0.2721   0.2757   0.2794   0.2831   0.2868   0.2904   0.2941   0.2978   0.3015   0.3051   0.3088   0.3125   0.3162   0.3199   0.3235   0.3272   0.3309   0.3346   0.3382   0.3419   0.3456   0.3493   0.3529   0.3566   0.3603    0.364   0.3676   0.3713    0.375   0.3787   0.3824    0.386   0.3897   0.3934   0.3971   0.4007   0.4044   0.4081   0.4118   0.4154   0.4191   0.4228   0.4265   0.4301   0.4338   0.4375   0.4412   0.4449   0.4485   0.4522   0.4559   0.4596   0.4632   0.4669   0.4706   0.4743   0.4779   0.4816   0.4853    0.489   0.4926   0.4963
    S      0.0   0.5773   0.0137      1.0   0.0083   0.0811   0.0486   0.2127   0.0331    0.009    0.016   0.0392   0.0379   0.2497   0.1211   0.0918   0.2028    0.063   0.0212   0.1993   0.1527   0.0171   0.0418   0.0797   0.0014   0.2447   0.0389   0.0038   0.0245   0.0466   0.2502   0.2236   0.0307   0.0292   0.0664   0.0153   0.1433    0.018   0.0331   0.0042   0.0413   0.0556   0.0105   0.0132   0.0575    0.048   0.0305   0.0893   0.0199     0.29   0.0392   0.0781   0.0424   0.0191   0.2104   0.1197   0.1633   0.2184   0.0648   0.0074   0.0001   0.0247   0.2437   0.0048   0.0125   0.0519   0.1213   0.0876   0.1042   0.2789   0.0045   0.0125   0.0755   0.0027   0.0223    0.016   0.0073   0.1086   0.0434   0.0032   0.0265   0.0526   0.0802   0.0305   0.0348    0.135   0.0584   0.3435   0.0138   0.0031   0.0841    0.278   0.1169   0.1014   0.0687   0.1294   0.0501   0.3427   0.0015   0.1173   0.0161   0.0397   0.0546   0.2799   0.2202   0.0039   0.2402   0.5258   0.0598   0.1271   0.1098   0.0147     0.05   0.0907   0.1196   0.0522   0.0766    0.067   0.0718   0.0969   0.2088   0.1906   0.5682   0.3111    0.101    0.049   0.2706   0.0378   0.0747   0.0103   0.0116   0.1273   0.0562   0.2381   0.1995   0.0689
  snr   -11.22
    H     4.34
 exon    False

M: alg1
 freq      0.0   0.0037   0.0074    0.011   0.0147   0.0184   0.0221   0.0257   0.0294   0.0331   0.0368   0.0404   0.0441   0.0478   0.0515   0.0551   0.0588   0.0625   0.0662   0.0699   0.0735   0.0772   0.0809   0.0846   0.0882   0.0919   0.0956   0.0993   0.1029   0.1066   0.1103    0.114   0.1176   0.1213    0.125   0.1287   0.1324    0.136   0.1397   0.1434   0.1471   0.1507   0.1544   0.1581   0.1618   0.1654   0.1691   0.1728   0.1765   0.1801   0.1838   0.1875   0.1912   0.1949   0.1985   0.2022   0.2059   0.2096   0.2132   0.2169   0.2206   0.2243   0.2279   0.2316   0.2353    0.239   0.2426   0.2463     0.25   0.2537   0.2574    0.261   0.2647   0.2684   0.2721   0.2757   0.2794   0.2831   0.2868   0.2904   0.2941   0.2978   0.3015   0.3051   0.3088   0.3125   0.3162   0.3199   0.3235   0.3272   0.3309   0.3346   0.3382   0.3419   0.3456   0.3493   0.3529   0.3566   0.3603    0.364   0.3676   0.3713    0.375   0.3787   0.3824    0.386   0.3897   0.3934   0.3971   0.4007   0.4044   0.4081   0.4118   0.4154   0.4191   0.4228   0.4265   0.4301   0.4338   0.4375   0.4412   0.4449   0.4485   0.4522   0.4559   0.4596   0.4632   0.4669   0.4706   0.4743   0.4779   0.4816   0.4853    0.489   0.4926   0.4963
    S      0.0      1.0   0.1635   0.2457   0.0911   0.1174   0.0385   0.2355    0.149   0.0547   0.0947   0.0689   0.1188   0.2117   0.0307   0.0335    0.023   0.0708   0.1696   0.0875   0.1364   0.0721   0.2419   0.0622   0.1373   0.1047   0.3009   0.0617   0.0461   0.0506   0.0736   0.0752   0.0115   0.0345   0.0404   0.0115   0.1028   0.0678   0.1146    0.034   0.3744   0.1358   0.0875   0.0188   0.0544    0.102   0.1226   0.0635   0.1512    0.231   0.0793    0.177   0.0639    0.039   0.0397   0.1809   0.1104   0.0335   0.1089   0.1251   0.0277   0.2308   0.0444   0.0218     0.14   0.0772   0.1234   0.1353   0.0646   0.4523   0.1188   0.0981   0.0224   0.2033   0.0691    0.105   0.1937   0.1541   0.0096   0.0303   0.2219   0.0624   0.1299   0.1808    0.052   0.1844   0.0525   0.1987   0.1814   0.0214   0.2564   0.2307   0.0827   0.1384    0.037   0.3678   0.2798   0.1287   0.0453   0.1686   0.1538    0.026   0.2845   0.0476   0.1943   0.1565    0.085   0.2475    0.196   0.1171   0.1644   0.0063    0.212   0.0585   0.0693    0.192   0.0634   0.0236   0.3365   0.1863   0.0809   0.2442   0.1296   0.1895   0.1825   0.0347   0.0579    0.062    0.165   0.0819   0.1527   0.0163   0.1218    0.067   0.2783   0.2695
  snr   -12.14
    H     4.61
 exon    False

M: alg2
 freq      0.0   0.0037   0.0074    0.011   0.0147   0.0184   0.0221   0.0257   0.0294   0.0331   0.0368   0.0404   0.0441   0.0478   0.0515   0.0551   0.0588   0.0625   0.0662   0.0699   0.0735   0.0772   0.0809   0.0846   0.0882   0.0919   0.0956   0.0993   0.1029   0.1066   0.1103    0.114   0.1176   0.1213    0.125   0.1287   0.1324    0.136   0.1397   0.1434   0.1471   0.1507   0.1544   0.1581   0.1618   0.1654   0.1691   0.1728   0.1765   0.1801   0.1838   0.1875   0.1912   0.1949   0.1985   0.2022   0.2059   0.2096   0.2132   0.2169   0.2206   0.2243   0.2279   0.2316   0.2353    0.239   0.2426   0.2463     0.25   0.2537   0.2574    0.261   0.2647   0.2684   0.2721   0.2757   0.2794   0.2831   0.2868   0.2904   0.2941   0.2978   0.3015   0.3051   0.3088   0.3125   0.3162   0.3199   0.3235   0.3272   0.3309   0.3346   0.3382   0.3419   0.3456   0.3493   0.3529   0.3566   0.3603    0.364   0.3676   0.3713    0.375   0.3787   0.3824    0.386   0.3897   0.3934   0.3971   0.4007   0.4044   0.4081   0.4118   0.4154   0.4191   0.4228   0.4265   0.4301   0.4338   0.4375   0.4412   0.4449   0.4485   0.4522   0.4559   0.4596   0.4632   0.4669   0.4706   0.4743   0.4779   0.4816   0.4853    0.489   0.4926   0.4963
    S      0.0   0.5736   0.0164      1.0   0.0131   0.0779   0.0482   0.2064   0.0278    0.014   0.0183   0.0434   0.0376   0.2538   0.1248   0.0908   0.2206   0.0707   0.0317    0.201   0.1587   0.0158   0.0585   0.0971   0.0109   0.2451   0.0485   0.0039   0.0264   0.0475   0.2505   0.2247   0.0324   0.0293   0.0657   0.0159   0.1381   0.0179   0.0346   0.0039   0.0411   0.0593   0.0114   0.0181   0.0588   0.0446    0.032   0.1023   0.0193   0.2822   0.0418   0.0685   0.0431   0.0245   0.2161   0.1322   0.1673   0.2265   0.0607   0.0115   0.0013   0.0353   0.2468    0.004   0.0171   0.0505   0.1264   0.0836   0.0986   0.2663   0.0059   0.0167    0.084   0.0055   0.0291   0.0164   0.0194   0.1063   0.0459   0.0046   0.0313   0.0589   0.0702    0.031   0.0336   0.1288   0.0601   0.3441   0.0171    0.005    0.084   0.2742   0.1173   0.0997   0.0708   0.1354   0.0855   0.3527   0.0027   0.1212   0.0181   0.0484   0.0518   0.2948    0.235   0.0103   0.2456   0.5286   0.0743   0.1217   0.1139   0.0143   0.0676   0.0923   0.1293   0.0524   0.0839   0.0713   0.0774   0.1028    0.217   0.1857   0.5726   0.3036   0.1026   0.0499   0.2735   0.0358   0.0714   0.0106   0.0171   0.1336    0.062   0.2385   0.1896   0.0855
  snr   -11.34
    H     4.38
 exon    False