>data-XVI-cerevisiae-intergenic-269
N: 448
Methods: voss, eiip, qpsk, mem, tbpse, snrse

M: voss
 freq      0.0   0.0022   0.0045   0.0067   0.0089   0.0112   0.0134   0.0156   0.0179   0.0201   0.0223   0.0246   0.0268    0.029   0.0312   0.0335   0.0357   0.0379   0.0402   0.0424   0.0446   0.0469   0.0491   0.0513   0.0536   0.0558    0.058   0.0603   0.0625   0.0647    0.067   0.0692   0.0714   0.0737   0.0759   0.0781   0.0804   0.0826   0.0848   0.0871   0.0893   0.0915   0.0938    0.096   0.0982   0.1004   0.1027   0.1049   0.1071   0.1094   0.1116   0.1138   0.1161   0.1183   0.1205   0.1228    0.125   0.1272   0.1295   0.1317   0.1339   0.1362   0.1384   0.1406   0.1429   0.1451   0.1473   0.1496   0.1518    0.154   0.1562   0.1585   0.1607   0.1629   0.1652   0.1674   0.1696   0.1719   0.1741   0.1763   0.1786   0.1808    0.183   0.1853   0.1875   0.1897    0.192   0.1942   0.1964   0.1987   0.2009   0.2031   0.2054   0.2076   0.2098   0.2121   0.2143   0.2165   0.2188    0.221   0.2232   0.2254   0.2277   0.2299   0.2321   0.2344   0.2366   0.2388   0.2411   0.2433   0.2455   0.2478     0.25   0.2522   0.2545   0.2567   0.2589   0.2612   0.2634   0.2656   0.2679   0.2701   0.2723   0.2746   0.2768    0.279   0.2812   0.2835   0.2857   0.2879   0.2902   0.2924   0.2946   0.2969   0.2991   0.3013   0.3036   0.3058    0.308   0.3103   0.3125   0.3147    0.317   0.3192   0.3214   0.3237   0.3259   0.3281   0.3304   0.3326   0.3348   0.3371   0.3393   0.3415   0.3438    0.346   0.3482   0.3504   0.3527   0.3549   0.3571   0.3594   0.3616   0.3638   0.3661   0.3683   0.3705   0.3728    0.375   0.3772   0.3795   0.3817   0.3839   0.3862   0.3884   0.3906   0.3929   0.3951   0.3973   0.3996   0.4018    0.404   0.4062   0.4085   0.4107   0.4129   0.4152   0.4174   0.4196   0.4219   0.4241   0.4263   0.4286   0.4308    0.433   0.4353   0.4375   0.4397    0.442   0.4442   0.4464   0.4487   0.4509   0.4531   0.4554   0.4576   0.4598   0.4621   0.4643   0.4665   0.4688    0.471   0.4732   0.4754   0.4777   0.4799   0.4821   0.4844   0.4866   0.4888   0.4911   0.4933   0.4955   0.4978
    S      0.0   0.2527   0.6042   0.1928   0.1205   0.5847   0.4759   0.1938   0.4213   0.1094   0.4971   0.2234   0.0817   0.4253   0.1566   0.3686    0.371   0.4208    0.666   0.1337   0.3929   0.4043   0.1433   0.2489   0.1904   0.2479   0.7174    0.497    0.223   0.2229   0.1886   0.1008    0.085   0.2781   0.3247    0.783   0.0451   0.2957   0.3019   0.0689   0.1662   0.1922   0.7493   0.1946   0.1668   0.4627   0.4032   0.6328   0.3131   0.3461   0.0822   0.0853   0.6746   0.5851   0.4639   0.1507   0.0879   0.0836    0.075      1.0   0.1194   0.3601    0.434   0.2811   0.3274   0.1778   0.2808   0.3361    0.261   0.1993   0.4631   0.2807   0.4065   0.9518    0.392   0.3642   0.3428   0.2941   0.2557   0.0832   0.2312   0.2018   0.5214   0.3741   0.1497   0.1231   0.2576   0.5236   0.3234   0.2799   0.5625   0.1041   0.1232   0.2423   0.1094   0.7083   0.3791   0.1867   0.1698   0.3259   0.3799   0.1482    0.468   0.1797   0.3396   0.2607   0.1844   0.7022   0.2437   0.1025   0.6805   0.1354    0.917   0.2773   0.5735   0.1374    0.449   0.1348   0.0948   0.1161   0.4903   0.1455   0.1772   0.3596   0.3091   0.1279   0.2918   0.1273    0.304   0.2345   0.1155    0.112   0.1067   0.6736    0.056   0.1905   0.3864   0.4704   0.0593    0.276   0.0527   0.2008   0.3934   0.3351   0.2181   0.3154   0.0929   0.3632   0.8287   0.2926   0.3394   0.4486   0.2152   0.2055   0.4749   0.2598   0.3024   0.6846   0.3269   0.2082    0.269   0.3362   0.1563    0.903   0.2938   0.4348   0.1345   0.2844   0.1622   0.2671   0.2014   0.1365   0.2945   0.3588   0.2786   0.0142   0.1484   0.3588   0.1949   0.1554   0.1636   0.1873   0.2432   0.1637   0.2777   0.2452    0.463   0.1673    0.347   0.2436   0.2166   0.1557   0.3753   0.2088   0.5097   0.1414    0.169   0.1782   0.2161   0.1706   0.2141    0.344   0.2892   0.3618   0.3509   0.4474   0.3721    0.138   0.2876    0.125   0.1334   0.2599   0.4037   0.2559   0.3596   0.1039   0.2771   0.1826     0.08   0.2354   0.2163   0.0756    0.694    0.224
  snr   -18.14
    H     5.23
 exon    False

M: eiip
 freq      0.0   0.0022   0.0045   0.0067   0.0089   0.0112   0.0134   0.0156   0.0179   0.0201   0.0223   0.0246   0.0268    0.029   0.0312   0.0335   0.0357   0.0379   0.0402   0.0424   0.0446   0.0469   0.0491   0.0513   0.0536   0.0558    0.058   0.0603   0.0625   0.0647    0.067   0.0692   0.0714   0.0737   0.0759   0.0781   0.0804   0.0826   0.0848   0.0871   0.0893   0.0915   0.0938    0.096   0.0982   0.1004   0.1027   0.1049   0.1071   0.1094   0.1116   0.1138   0.1161   0.1183   0.1205   0.1228    0.125   0.1272   0.1295   0.1317   0.1339   0.1362   0.1384   0.1406   0.1429   0.1451   0.1473   0.1496   0.1518    0.154   0.1562   0.1585   0.1607   0.1629   0.1652   0.1674   0.1696   0.1719   0.1741   0.1763   0.1786   0.1808    0.183   0.1853   0.1875   0.1897    0.192   0.1942   0.1964   0.1987   0.2009   0.2031   0.2054   0.2076   0.2098   0.2121   0.2143   0.2165   0.2188    0.221   0.2232   0.2254   0.2277   0.2299   0.2321   0.2344   0.2366   0.2388   0.2411   0.2433   0.2455   0.2478     0.25   0.2522   0.2545   0.2567   0.2589   0.2612   0.2634   0.2656   0.2679   0.2701   0.2723   0.2746   0.2768    0.279   0.2812   0.2835   0.2857   0.2879   0.2902   0.2924   0.2946   0.2969   0.2991   0.3013   0.3036   0.3058    0.308   0.3103   0.3125   0.3147    0.317   0.3192   0.3214   0.3237   0.3259   0.3281   0.3304   0.3326   0.3348   0.3371   0.3393   0.3415   0.3438    0.346   0.3482   0.3504   0.3527   0.3549   0.3571   0.3594   0.3616   0.3638   0.3661   0.3683   0.3705   0.3728    0.375   0.3772   0.3795   0.3817   0.3839   0.3862   0.3884   0.3906   0.3929   0.3951   0.3973   0.3996   0.4018    0.404   0.4062   0.4085   0.4107   0.4129   0.4152   0.4174   0.4196   0.4219   0.4241   0.4263   0.4286   0.4308    0.433   0.4353   0.4375   0.4397    0.442   0.4442   0.4464   0.4487   0.4509   0.4531   0.4554   0.4576   0.4598   0.4621   0.4643   0.4665   0.4688    0.471   0.4732   0.4754   0.4777   0.4799   0.4821   0.4844   0.4866   0.4888   0.4911   0.4933   0.4955   0.4978
    S      0.0   0.2139    0.114    0.025   0.1057   0.2171   0.5742   0.1909    0.207   0.0386   0.2821   0.0164   0.0176   0.3717    0.107   0.1765   0.2546   0.1929   0.2255   0.0948   0.1436   0.5068   0.1184   0.0886   0.0019   0.0053    0.007   0.0528   0.1643   0.0415   0.1533   0.0143   0.0868   0.0062   0.1301    0.529   0.0262   0.3155   0.0816   0.0584   0.2824   0.0861   0.3079   0.0448   0.1023   0.1697   0.0861   0.1487   0.0115   0.3116   0.0173    0.039   0.1323   0.0287   0.5426   0.0034   0.0646   0.0726   0.1381   0.1999   0.0497   0.3138   0.1049    0.125   0.0264   0.0323   0.0012   0.0931   0.0722   0.0597   0.0494   0.1274   0.3177   0.2598    0.114   0.5076   0.0339   0.0554   0.0368   0.0448   0.0402   0.1952   0.3453    0.193   0.0229   0.0574   0.0481   0.2297   0.2656   0.0648   0.0297    0.045   0.0338   0.1038   0.0824   0.0722   0.4342   0.2069   0.0131   0.3533   0.1913   0.0254    0.307   0.0946   0.1026   0.3792   0.0183   0.4555   0.0606   0.0489   0.3686   0.0784    0.288   0.0111   0.0409   0.0762   0.1335    0.095   0.1324   0.0224    0.646   0.0609   0.2609   0.2518   0.0455   0.1714    0.033   0.1854   0.5366   0.0499   0.1089   0.0415   0.1789   0.0399   0.0391    0.027   0.3127   0.0184   0.1064   0.0731   0.0665   0.1006    0.063   0.4724   0.1177   0.1273   0.0578    0.367   0.5171   0.2654   0.1363   0.1638   0.0244   0.0114   0.1415   0.0261   0.3232      1.0   0.3515   0.0809   0.0616   0.2155   0.2041   0.5963   0.1503   0.1613   0.0762   0.4006   0.1778   0.0439   0.1629   0.1281   0.1202   0.0955   0.1817   0.0248   0.0551   0.0599   0.0917   0.0423   0.0805   0.0849   0.1713   0.1088   0.0874   0.0252    0.268   0.0049   0.0562   0.2198   0.2135   0.0318   0.1237   0.1025   0.0301   0.0467   0.1745   0.0271   0.0138   0.1372   0.0375   0.1213   0.2531   0.3162   0.1434   0.2789   0.2126   0.0979   0.3338   0.0343   0.0182   0.0465   0.1051   0.1178   0.1423   0.0351   0.0752   0.2256   0.0892    0.095   0.1698   0.0603    0.427    0.211
  snr   -15.08
    H     5.01
 exon     True

M: qpsk
 freq      0.0   0.0022   0.0045   0.0067   0.0089   0.0112   0.0134   0.0156   0.0179   0.0201   0.0223   0.0246   0.0268    0.029   0.0312   0.0335   0.0357   0.0379   0.0402   0.0424   0.0446   0.0469   0.0491   0.0513   0.0536   0.0558    0.058   0.0603   0.0625   0.0647    0.067   0.0692   0.0714   0.0737   0.0759   0.0781   0.0804   0.0826   0.0848   0.0871   0.0893   0.0915   0.0938    0.096   0.0982   0.1004   0.1027   0.1049   0.1071   0.1094   0.1116   0.1138   0.1161   0.1183   0.1205   0.1228    0.125   0.1272   0.1295   0.1317   0.1339   0.1362   0.1384   0.1406   0.1429   0.1451   0.1473   0.1496   0.1518    0.154   0.1562   0.1585   0.1607   0.1629   0.1652   0.1674   0.1696   0.1719   0.1741   0.1763   0.1786   0.1808    0.183   0.1853   0.1875   0.1897    0.192   0.1942   0.1964   0.1987   0.2009   0.2031   0.2054   0.2076   0.2098   0.2121   0.2143   0.2165   0.2188    0.221   0.2232   0.2254   0.2277   0.2299   0.2321   0.2344   0.2366   0.2388   0.2411   0.2433   0.2455   0.2478     0.25   0.2522   0.2545   0.2567   0.2589   0.2612   0.2634   0.2656   0.2679   0.2701   0.2723   0.2746   0.2768    0.279   0.2812   0.2835   0.2857   0.2879   0.2902   0.2924   0.2946   0.2969   0.2991   0.3013   0.3036   0.3058    0.308   0.3103   0.3125   0.3147    0.317   0.3192   0.3214   0.3237   0.3259   0.3281   0.3304   0.3326   0.3348   0.3371   0.3393   0.3415   0.3438    0.346   0.3482   0.3504   0.3527   0.3549   0.3571   0.3594   0.3616   0.3638   0.3661   0.3683   0.3705   0.3728    0.375   0.3772   0.3795   0.3817   0.3839   0.3862   0.3884   0.3906   0.3929   0.3951   0.3973   0.3996   0.4018    0.404   0.4062   0.4085   0.4107   0.4129   0.4152   0.4174   0.4196   0.4219   0.4241   0.4263   0.4286   0.4308    0.433   0.4353   0.4375   0.4397    0.442   0.4442   0.4464   0.4487   0.4509   0.4531   0.4554   0.4576   0.4598   0.4621   0.4643   0.4665   0.4688    0.471   0.4732   0.4754   0.4777   0.4799   0.4821   0.4844   0.4866   0.4888   0.4911   0.4933   0.4955   0.4978
    S      0.0   0.2253   0.4868    0.056   0.1356   0.3715   0.6024   0.2459   0.4283   0.0715   0.5726    0.233   0.0607   0.4711   0.1406   0.3214   0.4081   0.4162   0.6123   0.0754   0.1099   0.4268   0.1477   0.0789   0.1981   0.1373   0.4373    0.383   0.2509   0.2163   0.1004   0.1164   0.1054   0.2376   0.3485   0.8891   0.0299   0.3507   0.1682   0.0822   0.1322   0.0295   0.5098   0.2434   0.0679     0.32   0.3001   0.5016   0.2421   0.3431   0.0426   0.1061   0.5834   0.3069   0.5244   0.1016   0.1065   0.1068   0.0791   0.4204   0.0762   0.2647   0.2399   0.0968   0.3623   0.2159   0.3077   0.3306   0.1949   0.1576   0.3317   0.2087   0.4357      1.0   0.1763   0.3406   0.2597   0.2368   0.2176   0.0347   0.1653   0.2247   0.2846   0.3988   0.1889   0.1151   0.2471   0.4978   0.2482   0.2688   0.1543   0.1066   0.0915   0.2639   0.1278    0.604   0.2388   0.1698   0.0535   0.2086    0.477   0.1359    0.071   0.2159   0.1492   0.2819   0.1179   0.6621   0.2247   0.1122   0.6368   0.1229   0.8095   0.2859    0.316   0.0936   0.4547   0.1384   0.0429   0.0863   0.5455   0.1716   0.2064   0.3632   0.1682   0.1375    0.156   0.1594   0.3398    0.204   0.1364    0.013   0.0874   0.1543   0.0633   0.0658    0.425      0.4   0.0701   0.1799   0.0348   0.2288    0.132   0.3323   0.2424   0.1934   0.1048   0.3759   0.8738   0.2654     0.18   0.4273   0.1402   0.2127   0.1603   0.1713   0.3451   0.2766    0.401   0.2466   0.0704    0.415   0.1756   0.7196   0.1833   0.5248   0.1104   0.2958   0.1228   0.0841   0.0986   0.0647   0.3324   0.4256    0.335   0.0138   0.1701   0.2595   0.2428   0.1239   0.1601   0.2322   0.2222   0.1306   0.3344   0.2034   0.4945   0.1833   0.3279   0.0994   0.1227   0.1801    0.456   0.1541   0.4106   0.1553   0.1693   0.1378   0.2345   0.1191   0.1947   0.3491   0.1073   0.4333   0.2192   0.3646   0.3208    0.176   0.2569    0.144     0.14   0.2722   0.3213   0.2828   0.3965   0.0927   0.0576   0.1125   0.0705   0.2379   0.0245   0.0568   0.7136   0.2414
  snr   -17.38
    H     5.19
 exon    False

M: mem
 freq      0.0   0.0022   0.0045   0.0067   0.0089   0.0112   0.0134   0.0156   0.0179   0.0201   0.0223   0.0246   0.0268    0.029   0.0312   0.0335   0.0357   0.0379   0.0402   0.0424   0.0446   0.0469   0.0491   0.0513   0.0536   0.0558    0.058   0.0603   0.0625   0.0647    0.067   0.0692   0.0714   0.0737   0.0759   0.0781   0.0804   0.0826   0.0848   0.0871   0.0893   0.0915   0.0938    0.096   0.0982   0.1004   0.1027   0.1049   0.1071   0.1094   0.1116   0.1138   0.1161   0.1183   0.1205   0.1228    0.125   0.1272   0.1295   0.1317   0.1339   0.1362   0.1384   0.1406   0.1429   0.1451   0.1473   0.1496   0.1518    0.154   0.1562   0.1585   0.1607   0.1629   0.1652   0.1674   0.1696   0.1719   0.1741   0.1763   0.1786   0.1808    0.183   0.1853   0.1875   0.1897    0.192   0.1942   0.1964   0.1987   0.2009   0.2031   0.2054   0.2076   0.2098   0.2121   0.2143   0.2165   0.2188    0.221   0.2232   0.2254   0.2277   0.2299   0.2321   0.2344   0.2366   0.2388   0.2411   0.2433   0.2455   0.2478     0.25   0.2522   0.2545   0.2567   0.2589   0.2612   0.2634   0.2656   0.2679   0.2701   0.2723   0.2746   0.2768    0.279   0.2812   0.2835   0.2857   0.2879   0.2902   0.2924   0.2946   0.2969   0.2991   0.3013   0.3036   0.3058    0.308   0.3103   0.3125   0.3147    0.317   0.3192   0.3214   0.3237   0.3259   0.3281   0.3304   0.3326   0.3348   0.3371   0.3393   0.3415   0.3438    0.346   0.3482   0.3504   0.3527   0.3549   0.3571   0.3594   0.3616   0.3638   0.3661   0.3683   0.3705   0.3728    0.375   0.3772   0.3795   0.3817   0.3839   0.3862   0.3884   0.3906   0.3929   0.3951   0.3973   0.3996   0.4018    0.404   0.4062   0.4085   0.4107   0.4129   0.4152   0.4174   0.4196   0.4219   0.4241   0.4263   0.4286   0.4308    0.433   0.4353   0.4375   0.4397    0.442   0.4442   0.4464   0.4487   0.4509   0.4531   0.4554   0.4576   0.4598   0.4621   0.4643   0.4665   0.4688    0.471   0.4732   0.4754   0.4777   0.4799   0.4821   0.4844   0.4866   0.4888   0.4911   0.4933   0.4955   0.4978
    S      0.0    0.073   0.6545   0.2414   0.0087    0.112    0.347   0.0861   0.3949   0.0297   0.2351   0.0734   0.1052   0.2273   0.0533    0.358   0.1529   0.0031     0.83   0.0914   0.2578   0.0077   0.0397   0.1388   0.0941   0.3263   0.8485   0.5837   0.2167   0.0872   0.1136   0.0535   0.0073   0.1113   0.3402     0.85   0.0396   0.1695   0.1747   0.0326   0.0002   0.1345   0.2408   0.0589   0.0762   0.2493   0.1736   0.2472    0.151   0.0592   0.1002   0.0069   0.1731   0.5954    0.026   0.1869   0.0112   0.0218   0.0096   0.7157   0.0439   0.0327   0.4172   0.1191   0.1429     0.01   0.0544   0.0423   0.3248   0.0514   0.4184   0.0773   0.0584   0.5927   0.2196   0.0002    0.335    0.323   0.2215   0.0758   0.1677   0.0823   0.1681   0.1896   0.0004     0.05   0.0576   0.3205   0.2888   0.1214   0.6112   0.0418   0.0883    0.195   0.0102    0.656   0.1162   0.1027   0.1973    0.095   0.0755   0.1766   0.3186   0.0612   0.2896   0.1121   0.2087   0.2146   0.2133      0.0   0.5985   0.1309      1.0   0.1032   0.6431   0.0893   0.1455   0.0999   0.0135    0.131   0.1062   0.0707   0.0166   0.2625   0.2225   0.0026   0.1897    0.053   0.0298   0.2502   0.0077   0.0945   0.0012   0.8539   0.0362   0.2006    0.005   0.3104   0.0161   0.1152   0.0103   0.1134    0.349   0.0223   0.1387   0.2674   0.0904    0.257   0.4733   0.1285   0.1502   0.0759   0.1402   0.0793   0.3947   0.3327   0.1541   0.1169   0.2306   0.0466    0.194   0.0362   0.1017   0.3885    0.253   0.1808   0.0136   0.0017   0.0027   0.2859   0.0457   0.0938   0.0734   0.1361   0.0204   0.0007   0.1089   0.1058   0.0885    0.117   0.0289   0.0225   0.0521   0.0883   0.0792   0.3021   0.0087   0.0337   0.2761   0.0861   0.0374   0.0377    0.248   0.1753   0.2146   0.0789   0.0857   0.0659   0.0477   0.0793   0.1605   0.1563   0.0691   0.2733   0.3902   0.0162   0.4029   0.0734   0.1369   0.0113   0.0182   0.2003    0.424   0.1788   0.1398   0.0498    0.284   0.0185   0.0066   0.0557   0.1312   0.0093   0.0941   0.0019
  snr   -15.63
    H     4.93
 exon    False

M: tbpse
 freq      0.0   0.0022   0.0045   0.0067   0.0089   0.0112   0.0134   0.0156   0.0179   0.0201   0.0223   0.0246   0.0268    0.029   0.0312   0.0335   0.0357   0.0379   0.0402   0.0424   0.0446   0.0469   0.0491   0.0513   0.0536   0.0558    0.058   0.0603   0.0625   0.0647    0.067   0.0692   0.0714   0.0737   0.0759   0.0781   0.0804   0.0826   0.0848   0.0871   0.0893   0.0915   0.0938    0.096   0.0982   0.1004   0.1027   0.1049   0.1071   0.1094   0.1116   0.1138   0.1161   0.1183   0.1205   0.1228    0.125   0.1272   0.1295   0.1317   0.1339   0.1362   0.1384   0.1406   0.1429   0.1451   0.1473   0.1496   0.1518    0.154   0.1562   0.1585   0.1607   0.1629   0.1652   0.1674   0.1696   0.1719   0.1741   0.1763   0.1786   0.1808    0.183   0.1853   0.1875   0.1897    0.192   0.1942   0.1964   0.1987   0.2009   0.2031   0.2054   0.2076   0.2098   0.2121   0.2143   0.2165   0.2188    0.221   0.2232   0.2254   0.2277   0.2299   0.2321   0.2344   0.2366   0.2388   0.2411   0.2433   0.2455   0.2478     0.25   0.2522   0.2545   0.2567   0.2589   0.2612   0.2634   0.2656   0.2679   0.2701   0.2723   0.2746   0.2768    0.279   0.2812   0.2835   0.2857   0.2879   0.2902   0.2924   0.2946   0.2969   0.2991   0.3013   0.3036   0.3058    0.308   0.3103   0.3125   0.3147    0.317   0.3192   0.3214   0.3237   0.3259   0.3281   0.3304   0.3326   0.3348   0.3371   0.3393   0.3415   0.3438    0.346   0.3482   0.3504   0.3527   0.3549   0.3571   0.3594   0.3616   0.3638   0.3661   0.3683   0.3705   0.3728    0.375   0.3772   0.3795   0.3817   0.3839   0.3862   0.3884   0.3906   0.3929   0.3951   0.3973   0.3996   0.4018    0.404   0.4062   0.4085   0.4107   0.4129   0.4152   0.4174   0.4196   0.4219   0.4241   0.4263   0.4286   0.4308    0.433   0.4353   0.4375   0.4397    0.442   0.4442   0.4464   0.4487   0.4509   0.4531   0.4554   0.4576   0.4598   0.4621   0.4643   0.4665   0.4688    0.471   0.4732   0.4754   0.4777   0.4799   0.4821   0.4844   0.4866   0.4888   0.4911   0.4933   0.4955   0.4978
    S      0.0   0.1892   0.6592   0.1111   0.0639   0.3513    0.408   0.2456    0.395   0.0555   0.6174   0.1055   0.0585    0.381   0.1265    0.397   0.2672   0.1722   0.2664   0.0778   0.2167    0.366   0.1487   0.1508    0.023   0.1091   0.2755    0.268   0.1405   0.2327   0.1004   0.0111   0.0985   0.2063   0.1266   0.4019   0.0371   0.3336   0.1071   0.0654    0.112   0.1288   0.5829    0.045   0.1182   0.4321   0.2947    0.475   0.2593   0.1177   0.0535   0.0384   0.4434    0.116   0.3393   0.0393   0.0981   0.0977   0.0689   0.8526   0.0445   0.2348     0.19   0.1785   0.2104   0.0434   0.1539   0.1215   0.2387   0.1097   0.4868   0.2357   0.3379      1.0   0.3204   0.3169   0.3757   0.3075   0.0351   0.0578   0.0625   0.0739   0.4077   0.4042   0.0918   0.1109   0.1019   0.1499   0.2603   0.2995   0.3833   0.1172   0.0213     0.22   0.0257    0.438   0.3012   0.1201   0.1152   0.1802   0.0403   0.0325   0.2118   0.1912   0.2876   0.1513    0.107    0.343   0.1275   0.0484   0.2494   0.0914   0.9295   0.2518   0.2145   0.1271   0.2897   0.1577   0.0641   0.0994   0.5643   0.1202   0.2041   0.2944   0.1145   0.1202   0.1773   0.0782    0.335   0.1199   0.0893   0.0724   0.0678   0.4188   0.0227   0.1422   0.2555   0.4523   0.0458    0.174   0.0246   0.0253   0.1809   0.3378   0.0497   0.1772   0.0315   0.2621   0.9659   0.3154   0.1423   0.2028   0.0946   0.1433   0.1436   0.1984   0.3487   0.4083   0.3888    0.047   0.1906   0.1937   0.1472   0.4672   0.2011   0.3781   0.0604   0.2919   0.0877   0.1411   0.1172   0.0951   0.2145    0.029   0.1421   0.0143   0.0461   0.2762   0.0728   0.0676   0.0506   0.0579   0.0705   0.1648   0.2812   0.0519    0.125   0.0868   0.3171   0.1692   0.1041   0.1457   0.0279   0.0636   0.4668   0.1468   0.1874   0.1542   0.0685    0.054   0.0702   0.1095   0.1549   0.1204   0.1643   0.2101   0.2732   0.0266   0.2393    0.109   0.0951   0.1454   0.0916   0.3185   0.4083   0.0522   0.1033   0.1088   0.0296   0.0507   0.1058   0.0559   0.2851   0.1492
  snr   -16.32
    H     5.11
 exon    False

M: snrse
 freq      0.0   0.0022   0.0045   0.0067   0.0089   0.0112   0.0134   0.0156   0.0179   0.0201   0.0223   0.0246   0.0268    0.029   0.0312   0.0335   0.0357   0.0379   0.0402   0.0424   0.0446   0.0469   0.0491   0.0513   0.0536   0.0558    0.058   0.0603   0.0625   0.0647    0.067   0.0692   0.0714   0.0737   0.0759   0.0781   0.0804   0.0826   0.0848   0.0871   0.0893   0.0915   0.0938    0.096   0.0982   0.1004   0.1027   0.1049   0.1071   0.1094   0.1116   0.1138   0.1161   0.1183   0.1205   0.1228    0.125   0.1272   0.1295   0.1317   0.1339   0.1362   0.1384   0.1406   0.1429   0.1451   0.1473   0.1496   0.1518    0.154   0.1562   0.1585   0.1607   0.1629   0.1652   0.1674   0.1696   0.1719   0.1741   0.1763   0.1786   0.1808    0.183   0.1853   0.1875   0.1897    0.192   0.1942   0.1964   0.1987   0.2009   0.2031   0.2054   0.2076   0.2098   0.2121   0.2143   0.2165   0.2188    0.221   0.2232   0.2254   0.2277   0.2299   0.2321   0.2344   0.2366   0.2388   0.2411   0.2433   0.2455   0.2478     0.25   0.2522   0.2545   0.2567   0.2589   0.2612   0.2634   0.2656   0.2679   0.2701   0.2723   0.2746   0.2768    0.279   0.2812   0.2835   0.2857   0.2879   0.2902   0.2924   0.2946   0.2969   0.2991   0.3013   0.3036   0.3058    0.308   0.3103   0.3125   0.3147    0.317   0.3192   0.3214   0.3237   0.3259   0.3281   0.3304   0.3326   0.3348   0.3371   0.3393   0.3415   0.3438    0.346   0.3482   0.3504   0.3527   0.3549   0.3571   0.3594   0.3616   0.3638   0.3661   0.3683   0.3705   0.3728    0.375   0.3772   0.3795   0.3817   0.3839   0.3862   0.3884   0.3906   0.3929   0.3951   0.3973   0.3996   0.4018    0.404   0.4062   0.4085   0.4107   0.4129   0.4152   0.4174   0.4196   0.4219   0.4241   0.4263   0.4286   0.4308    0.433   0.4353   0.4375   0.4397    0.442   0.4442   0.4464   0.4487   0.4509   0.4531   0.4554   0.4576   0.4598   0.4621   0.4643   0.4665   0.4688    0.471   0.4732   0.4754   0.4777   0.4799   0.4821   0.4844   0.4866   0.4888   0.4911   0.4933   0.4955   0.4978
    S      0.0   0.0512   0.4218   0.1237   0.0383   0.0122   0.5127   0.1056   0.3591   0.0119   0.1894   0.0699   0.0803   0.2523   0.0305    0.266   0.1667   0.0696   0.7943   0.0693   0.0733   0.0613   0.0406   0.0252    0.093   0.2162   0.5662   0.4488   0.2562   0.0327   0.0881   0.0704   0.0153   0.0378   0.3671      1.0   0.0286   0.2037   0.0724   0.0436   0.0479   0.0272   0.0782   0.0993   0.0233   0.1082   0.0474   0.1262   0.0444   0.1452   0.0644   0.0263   0.0949   0.3572   0.1558     0.14    0.012   0.0298    0.038   0.1906    0.023   0.0087   0.2797   0.0123   0.1208   0.0493   0.0389   0.0549   0.2332   0.0339   0.2154   0.0146   0.1052   0.4339   0.0446   0.0492   0.1847   0.2125   0.2011   0.0432   0.1257   0.1619   0.0326   0.1594   0.0068   0.0259   0.0365   0.3219   0.2483   0.0552    0.241   0.0236   0.0682   0.1825    0.056   0.4977    0.057   0.1216   0.0925   0.0655   0.2363   0.1675   0.0695   0.0619   0.1257   0.2258    0.142   0.3174   0.1763   0.0172   0.6127   0.1184   0.7413   0.0489   0.4218   0.0447   0.0864    0.085   0.0013   0.0876   0.1741   0.0774   0.0531   0.2491   0.1132   0.0252   0.0743   0.1214   0.1226   0.2064   0.0295   0.0249   0.0345   0.3919   0.0479   0.0839   0.0767   0.1529   0.0483   0.0263   0.0159   0.1734   0.1368   0.0688   0.1962    0.193   0.1113   0.3288   0.3672   0.1044   0.0558   0.0401   0.0655   0.0468   0.1584   0.2242   0.1861    0.097    0.277   0.1078   0.0396   0.1084   0.1414   0.4189    0.184     0.19   0.0142   0.0361   0.0266   0.1402   0.0036   0.0609   0.0954   0.2312   0.0963    0.004   0.1358   0.0106   0.1419   0.0996   0.0588   0.0814   0.1033   0.0584    0.066   0.2651   0.1483   0.0234   0.1887   0.0095   0.0243   0.0266   0.3548   0.1499   0.0561   0.0582   0.0881   0.0119   0.0453   0.0817   0.1315   0.1987   0.0161   0.4133   0.2951   0.0484   0.3528   0.1349   0.1715   0.0063   0.0116   0.1843   0.3795   0.1387   0.0947   0.0322   0.1192   0.0152   0.0297   0.0964   0.0199   0.0013    0.163   0.0462
  snr   -14.66
    H     4.97
 exon    False