>data-XVI-cerevisiae-intergenic-151
N: 395
Methods: voss, eiip, qpsk, mem, tbpse, snrse

M: voss
 freq      0.0   0.0025   0.0051   0.0076   0.0101   0.0127   0.0152   0.0177   0.0203   0.0228   0.0253   0.0278   0.0304   0.0329   0.0354    0.038   0.0405    0.043   0.0456   0.0481   0.0506   0.0532   0.0557   0.0582   0.0608   0.0633   0.0658   0.0684   0.0709   0.0734   0.0759   0.0785    0.081   0.0835   0.0861   0.0886   0.0911   0.0937   0.0962   0.0987   0.1013   0.1038   0.1063   0.1089   0.1114   0.1139   0.1165    0.119   0.1215   0.1241   0.1266   0.1291   0.1316   0.1342   0.1367   0.1392   0.1418   0.1443   0.1468   0.1494   0.1519   0.1544    0.157   0.1595    0.162   0.1646   0.1671   0.1696   0.1722   0.1747   0.1772   0.1797   0.1823   0.1848   0.1873   0.1899   0.1924   0.1949   0.1975      0.2   0.2025   0.2051   0.2076   0.2101   0.2127   0.2152   0.2177   0.2203   0.2228   0.2253   0.2278   0.2304   0.2329   0.2354    0.238   0.2405    0.243   0.2456   0.2481   0.2506   0.2532   0.2557   0.2582   0.2608   0.2633   0.2658   0.2684   0.2709   0.2734   0.2759   0.2785    0.281   0.2835   0.2861   0.2886   0.2911   0.2937   0.2962   0.2987   0.3013   0.3038   0.3063   0.3089   0.3114   0.3139   0.3165    0.319   0.3215   0.3241   0.3266   0.3291   0.3316   0.3342   0.3367   0.3392   0.3418   0.3443   0.3468   0.3494   0.3519   0.3544    0.357   0.3595    0.362   0.3646   0.3671   0.3696   0.3722   0.3747   0.3772   0.3797   0.3823   0.3848   0.3873   0.3899   0.3924   0.3949   0.3975      0.4   0.4025   0.4051   0.4076   0.4101   0.4127   0.4152   0.4177   0.4203   0.4228   0.4253   0.4278   0.4304   0.4329   0.4354    0.438   0.4405    0.443   0.4456   0.4481   0.4506   0.4532   0.4557   0.4582   0.4608   0.4633   0.4658   0.4684   0.4709   0.4734   0.4759   0.4785    0.481   0.4835   0.4861   0.4886   0.4911   0.4937   0.4962   0.4987
    S      0.0      1.0    0.437   0.3275    0.422   0.3211   0.2785   0.1928   0.1354   0.5293   0.2368   0.5544   0.3475   0.1035   0.1691   0.4386   0.2964   0.1367   0.3344   0.0402    0.315   0.2593    0.118   0.2661   0.5082   0.2394   0.0922   0.2011   0.2742   0.3659   0.4102   0.3037   0.1761   0.2687   0.0788   0.2938   0.0488   0.1207   0.2462    0.322   0.1707   0.3262   0.1074   0.0439   0.4242   0.3671   0.2869   0.0521   0.3677   0.2852   0.2322   0.6085   0.0665   0.1789    0.226   0.3255   0.1701   0.4581   0.1283   0.2255   0.1803   0.2266   0.0787   0.1561   0.2032   0.3975   0.0421   0.1167   0.1311   0.3173   0.2166   0.0982   0.1387   0.3467   0.3609   0.1414   0.1747   0.1463   0.1781   0.0596   0.0166   0.1706   0.1527   0.0319    0.186   0.1855   0.4686   0.1677   0.1224   0.5651   0.1081   0.4339   0.1473   0.2588   0.1477   0.0448   0.0959   0.0622   0.0936   0.1165   0.0817   0.5249   0.2265   0.1541   0.1789    0.091   0.1832   0.1574    0.158   0.4359    0.059   0.1787   0.1515   0.1591   0.1387   0.3323   0.1372   0.0712   0.0349   0.2828   0.2251   0.0503   0.0483    0.151   0.1567   0.1427   0.0644   0.1866    0.225   0.1051   0.1208   0.1698   0.2417   0.1607   0.0673   0.1382    0.287   0.0183   0.1687   0.1152   0.2508   0.1109   0.2189   0.0482   0.1524   0.2693   0.5652   0.2084   0.4271   0.2434   0.2116   0.3038   0.1742   0.0777   0.0946   0.2195   0.1117   0.2662   0.1635   0.3089   0.2765   0.2505   0.4637   0.1792   0.1234   0.5379   0.1261   0.2903   0.2802   0.2709   0.0309   0.1429    0.091   0.0875   0.2227   0.1856   0.0964    0.202   0.2485   0.2261   0.1266   0.3257   0.0682   0.2016   0.3031   0.1353   0.1698   0.3774   0.1144    0.249   0.2556   0.1181   0.1782   0.1741   0.2012   0.1784   0.1492   0.3714
  snr   -16.19
    H      5.1
 exon    False

M: eiip
 freq      0.0   0.0025   0.0051   0.0076   0.0101   0.0127   0.0152   0.0177   0.0203   0.0228   0.0253   0.0278   0.0304   0.0329   0.0354    0.038   0.0405    0.043   0.0456   0.0481   0.0506   0.0532   0.0557   0.0582   0.0608   0.0633   0.0658   0.0684   0.0709   0.0734   0.0759   0.0785    0.081   0.0835   0.0861   0.0886   0.0911   0.0937   0.0962   0.0987   0.1013   0.1038   0.1063   0.1089   0.1114   0.1139   0.1165    0.119   0.1215   0.1241   0.1266   0.1291   0.1316   0.1342   0.1367   0.1392   0.1418   0.1443   0.1468   0.1494   0.1519   0.1544    0.157   0.1595    0.162   0.1646   0.1671   0.1696   0.1722   0.1747   0.1772   0.1797   0.1823   0.1848   0.1873   0.1899   0.1924   0.1949   0.1975      0.2   0.2025   0.2051   0.2076   0.2101   0.2127   0.2152   0.2177   0.2203   0.2228   0.2253   0.2278   0.2304   0.2329   0.2354    0.238   0.2405    0.243   0.2456   0.2481   0.2506   0.2532   0.2557   0.2582   0.2608   0.2633   0.2658   0.2684   0.2709   0.2734   0.2759   0.2785    0.281   0.2835   0.2861   0.2886   0.2911   0.2937   0.2962   0.2987   0.3013   0.3038   0.3063   0.3089   0.3114   0.3139   0.3165    0.319   0.3215   0.3241   0.3266   0.3291   0.3316   0.3342   0.3367   0.3392   0.3418   0.3443   0.3468   0.3494   0.3519   0.3544    0.357   0.3595    0.362   0.3646   0.3671   0.3696   0.3722   0.3747   0.3772   0.3797   0.3823   0.3848   0.3873   0.3899   0.3924   0.3949   0.3975      0.4   0.4025   0.4051   0.4076   0.4101   0.4127   0.4152   0.4177   0.4203   0.4228   0.4253   0.4278   0.4304   0.4329   0.4354    0.438   0.4405    0.443   0.4456   0.4481   0.4506   0.4532   0.4557   0.4582   0.4608   0.4633   0.4658   0.4684   0.4709   0.4734   0.4759   0.4785    0.481   0.4835   0.4861   0.4886   0.4911   0.4937   0.4962   0.4987
    S      0.0      1.0   0.4572    0.444   0.0241   0.0553   0.0518   0.0149   0.2512   0.5632   0.1098    0.128   0.1169    0.025   0.0078   0.1627   0.1045   0.1366   0.0673   0.0026   0.3701   0.0668   0.2293   0.1788   0.4487   0.0616    0.056   0.1151   0.4832   0.0925   0.2542   0.2785   0.1149    0.167   0.0172   0.4015   0.0218   0.0462   0.5865   0.0917   0.1722     0.08   0.1086    0.014   0.2696   0.8874   0.0996   0.1043   0.2413    0.182   0.0504   0.0124   0.0408   0.1143   0.4072   0.1778   0.4044   0.1682   0.0423   0.1134   0.3852   0.3254   0.0096    0.013   0.0689   0.2826   0.0852   0.0189   0.0013   0.4499   0.1767   0.0549   0.0487    0.008   0.0149   0.1042   0.0093   0.0496   0.0444   0.0608   0.0301   0.2403   0.0892   0.0136   0.0168   0.0551   0.0039   0.1061   0.0808   0.1389   0.0594   0.0335   0.1597   0.1964   0.1153   0.0327   0.0632   0.0975   0.2106    0.002   0.1368   0.4374   0.1679   0.2146   0.2609   0.1541   0.0621   0.1085   0.2358   0.5599   0.0186   0.0899   0.1668   0.1009    0.086   0.3917   0.1084   0.0044   0.0555   0.0476   0.0266   0.0022   0.0178   0.3124   0.0141   0.2223   0.0305   0.1354   0.0062   0.0838   0.2992   0.0683   0.4954   0.0015   0.0048   0.0024   0.2769   0.0163   0.0909   0.1165   0.1302   0.1034   0.1126   0.0057   0.0481   0.5977   0.3502   0.1206   0.0665    0.006   0.1087   0.0655   0.0096   0.0176   0.1655   0.0341   0.0755   0.1859   0.0021   0.1756   0.0168   0.0667    0.056   0.1795   0.0012   0.0816   0.2374   0.1938   0.3141   0.2929    0.022   0.1804   0.1404   0.1166   0.2397    0.198    0.073    0.258   0.3378   0.0362   0.2547   0.0601   0.0022   0.0529   0.2198   0.0591   0.4149   0.9082   0.1235   0.2034   0.1533   0.0396   0.2896   0.0999   0.1163   0.0474   0.0234   0.6848
  snr   -14.66
    H     4.79
 exon    False

M: qpsk
 freq      0.0   0.0025   0.0051   0.0076   0.0101   0.0127   0.0152   0.0177   0.0203   0.0228   0.0253   0.0278   0.0304   0.0329   0.0354    0.038   0.0405    0.043   0.0456   0.0481   0.0506   0.0532   0.0557   0.0582   0.0608   0.0633   0.0658   0.0684   0.0709   0.0734   0.0759   0.0785    0.081   0.0835   0.0861   0.0886   0.0911   0.0937   0.0962   0.0987   0.1013   0.1038   0.1063   0.1089   0.1114   0.1139   0.1165    0.119   0.1215   0.1241   0.1266   0.1291   0.1316   0.1342   0.1367   0.1392   0.1418   0.1443   0.1468   0.1494   0.1519   0.1544    0.157   0.1595    0.162   0.1646   0.1671   0.1696   0.1722   0.1747   0.1772   0.1797   0.1823   0.1848   0.1873   0.1899   0.1924   0.1949   0.1975      0.2   0.2025   0.2051   0.2076   0.2101   0.2127   0.2152   0.2177   0.2203   0.2228   0.2253   0.2278   0.2304   0.2329   0.2354    0.238   0.2405    0.243   0.2456   0.2481   0.2506   0.2532   0.2557   0.2582   0.2608   0.2633   0.2658   0.2684   0.2709   0.2734   0.2759   0.2785    0.281   0.2835   0.2861   0.2886   0.2911   0.2937   0.2962   0.2987   0.3013   0.3038   0.3063   0.3089   0.3114   0.3139   0.3165    0.319   0.3215   0.3241   0.3266   0.3291   0.3316   0.3342   0.3367   0.3392   0.3418   0.3443   0.3468   0.3494   0.3519   0.3544    0.357   0.3595    0.362   0.3646   0.3671   0.3696   0.3722   0.3747   0.3772   0.3797   0.3823   0.3848   0.3873   0.3899   0.3924   0.3949   0.3975      0.4   0.4025   0.4051   0.4076   0.4101   0.4127   0.4152   0.4177   0.4203   0.4228   0.4253   0.4278   0.4304   0.4329   0.4354    0.438   0.4405    0.443   0.4456   0.4481   0.4506   0.4532   0.4557   0.4582   0.4608   0.4633   0.4658   0.4684   0.4709   0.4734   0.4759   0.4785    0.481   0.4835   0.4861   0.4886   0.4911   0.4937   0.4962   0.4987
    S      0.0      1.0   0.4661    0.234   0.1524   0.3029   0.1027   0.1897   0.0955   0.4823   0.1536   0.3755   0.4109   0.0734   0.1333     0.16   0.3214   0.1329   0.1401     0.03   0.2111   0.1619   0.1487   0.0719   0.6029   0.1963   0.0883    0.213   0.3077   0.2915   0.2788   0.3227   0.0363   0.2702   0.0485   0.1143   0.0315   0.0816    0.246   0.2241   0.1343   0.2098   0.1296   0.0521    0.379   0.2319   0.3527   0.0565    0.065   0.2417   0.1449   0.4135   0.0476   0.1407   0.1352   0.3397   0.2041   0.0877   0.1402   0.2553   0.1448   0.0898    0.093    0.095   0.0383   0.0434   0.0367   0.0624    0.057   0.3692   0.2352   0.0541   0.1412   0.2115   0.3338   0.0187   0.1749   0.1489   0.0823    0.073   0.0207   0.0632     0.17   0.0204   0.1503   0.1586   0.4031   0.1663   0.0673   0.5385   0.1013   0.3966   0.1831   0.2759   0.1039   0.0549   0.0936   0.0718   0.0931   0.0815    0.077   0.6014   0.2864   0.1891   0.2168   0.1148   0.0792   0.1756   0.1844   0.4054   0.0546   0.2046   0.0468   0.1701   0.0825   0.4027   0.1048   0.0677    0.042   0.2123   0.1358   0.0381   0.0314   0.1715   0.0403   0.0211   0.0389   0.1907   0.2181    0.093   0.1327   0.0528   0.2877   0.0998    0.085   0.0968     0.26   0.0151     0.14   0.1326   0.1532   0.1311   0.1444   0.0458    0.127   0.2612   0.6549   0.2406   0.3497   0.2732   0.1303   0.2883   0.1505   0.0697    0.091   0.2222   0.0109   0.2391   0.2022    0.354   0.1667    0.041   0.3754   0.0358   0.0908   0.4206   0.1476   0.2889   0.3176    0.184    0.031   0.0147   0.0967   0.0805   0.0507   0.1213   0.0563   0.1887    0.302   0.2141   0.1458   0.0613   0.0789   0.1598   0.2726   0.1112     0.11   0.2665   0.1065   0.2987   0.2652   0.0792   0.1948   0.0447   0.2488   0.1708    0.162   0.4654
  snr   -15.31
    H     5.02
 exon    False

M: mem
 freq      0.0   0.0025   0.0051   0.0076   0.0102   0.0127   0.0152   0.0178   0.0203   0.0228   0.0254   0.0279   0.0305    0.033   0.0355   0.0381   0.0406   0.0431   0.0457   0.0482   0.0508   0.0533   0.0558   0.0584   0.0609   0.0635    0.066   0.0685   0.0711   0.0736   0.0761   0.0787   0.0812   0.0838   0.0863   0.0888   0.0914   0.0939   0.0964    0.099   0.1015   0.1041   0.1066   0.1091   0.1117   0.1142   0.1168   0.1193   0.1218   0.1244   0.1269   0.1294    0.132   0.1345   0.1371   0.1396   0.1421   0.1447   0.1472   0.1497   0.1523   0.1548   0.1574   0.1599   0.1624    0.165   0.1675   0.1701   0.1726   0.1751   0.1777   0.1802   0.1827   0.1853   0.1878   0.1904   0.1929   0.1954    0.198   0.2005    0.203   0.2056   0.2081   0.2107   0.2132   0.2157   0.2183   0.2208   0.2234   0.2259   0.2284    0.231   0.2335    0.236   0.2386   0.2411   0.2437   0.2462   0.2487   0.2513   0.2538   0.2563   0.2589   0.2614    0.264   0.2665    0.269   0.2716   0.2741   0.2766   0.2792   0.2817   0.2843   0.2868   0.2893   0.2919   0.2944    0.297   0.2995    0.302   0.3046   0.3071   0.3096   0.3122   0.3147   0.3173   0.3198   0.3223   0.3249   0.3274   0.3299   0.3325    0.335   0.3376   0.3401   0.3426   0.3452   0.3477   0.3503   0.3528   0.3553   0.3579   0.3604   0.3629   0.3655    0.368   0.3706   0.3731   0.3756   0.3782   0.3807   0.3832   0.3858   0.3883   0.3909   0.3934   0.3959   0.3985    0.401   0.4036   0.4061   0.4086   0.4112   0.4137   0.4162   0.4188   0.4213   0.4239   0.4264   0.4289   0.4315    0.434   0.4365   0.4391   0.4416   0.4442   0.4467   0.4492   0.4518   0.4543   0.4569   0.4594   0.4619   0.4645    0.467   0.4695   0.4721   0.4746   0.4772   0.4797   0.4822   0.4848   0.4873   0.4898   0.4924   0.4949   0.4975
    S      0.0   0.1593    0.466   0.2477   0.7778   0.2166   0.2945   0.0714   0.2299   0.2682   0.1994   0.2628   0.0306   0.0714   0.2529   0.7683   0.0218   0.1178   0.4637   0.0751   0.2474   0.2074   0.0211   0.3886    0.055   0.4575   0.0236   0.1686   0.1146   0.2994   0.1987   0.0376   0.5128     0.02   0.1508   0.4402   0.0619   0.1412   0.4124   0.3164   0.0694   0.1846   0.0215   0.0124   0.2747   0.6407   0.3394   0.0597   0.9396    0.039   0.1495   0.1976   0.1818   0.1135   0.2648   0.0307   0.0601   0.8181   0.0111   0.0074   0.2749   0.3668   0.0645   0.1354   0.4129      1.0   0.1656   0.0999   0.0688   0.0043   0.0578   0.0848   0.0817   0.0826   0.1011   0.2867   0.0547   0.0376   0.4047   0.0079   0.0047   0.3761   0.2059   0.0964   0.0157   0.2698    0.023   0.1029   0.0742   0.4615   0.1403   0.0818   0.0694   0.1826   0.1093   0.0113   0.0472   0.0012   0.1865   0.0243   0.0433   0.0022   0.0323   0.0124   0.0083    0.041   0.2656   0.1792   0.0035   0.0889   0.0086   0.0885     0.18   0.0633   0.3053   0.2126   0.0722   0.0845   0.0673   0.2129   0.1423   0.0234   0.0846   0.0297   0.3759   0.2465    0.039   0.0897   0.0659   0.1099   0.1893   0.3848   0.0101   0.2531   0.0464    0.055   0.2145   0.0425   0.2434   0.0495   0.0837    0.009   0.1708   0.0942   0.0202   0.1433   0.1958   0.0128    0.054   0.2697   0.0404    0.112   0.0166   0.0923   0.3228   0.0296   0.2097   0.0533   0.0554   0.0203   0.0437   0.7888   0.6136    0.199   0.3794   0.0519   0.0204    0.194   0.1782   0.1311   0.0563   0.2639   0.3027   0.0375   0.4261   0.2166   0.4721   0.2371   0.0054   0.2828   0.2005   0.1056   0.0091   0.2413   0.0855   0.1886   0.0001   0.2859   0.2001   0.1813   0.1997   0.0758   0.2493    0.123   0.0113   0.0168   0.0347
  snr   -15.15
    H     4.82
 exon    False

M: tbpse
 freq      0.0   0.0025   0.0051   0.0076   0.0101   0.0127   0.0152   0.0177   0.0203   0.0228   0.0253   0.0278   0.0304   0.0329   0.0354    0.038   0.0405    0.043   0.0456   0.0481   0.0506   0.0532   0.0557   0.0582   0.0608   0.0633   0.0658   0.0684   0.0709   0.0734   0.0759   0.0785    0.081   0.0835   0.0861   0.0886   0.0911   0.0937   0.0962   0.0987   0.1013   0.1038   0.1063   0.1089   0.1114   0.1139   0.1165    0.119   0.1215   0.1241   0.1266   0.1291   0.1316   0.1342   0.1367   0.1392   0.1418   0.1443   0.1468   0.1494   0.1519   0.1544    0.157   0.1595    0.162   0.1646   0.1671   0.1696   0.1722   0.1747   0.1772   0.1797   0.1823   0.1848   0.1873   0.1899   0.1924   0.1949   0.1975      0.2   0.2025   0.2051   0.2076   0.2101   0.2127   0.2152   0.2177   0.2203   0.2228   0.2253   0.2278   0.2304   0.2329   0.2354    0.238   0.2405    0.243   0.2456   0.2481   0.2506   0.2532   0.2557   0.2582   0.2608   0.2633   0.2658   0.2684   0.2709   0.2734   0.2759   0.2785    0.281   0.2835   0.2861   0.2886   0.2911   0.2937   0.2962   0.2987   0.3013   0.3038   0.3063   0.3089   0.3114   0.3139   0.3165    0.319   0.3215   0.3241   0.3266   0.3291   0.3316   0.3342   0.3367   0.3392   0.3418   0.3443   0.3468   0.3494   0.3519   0.3544    0.357   0.3595    0.362   0.3646   0.3671   0.3696   0.3722   0.3747   0.3772   0.3797   0.3823   0.3848   0.3873   0.3899   0.3924   0.3949   0.3975      0.4   0.4025   0.4051   0.4076   0.4101   0.4127   0.4152   0.4177   0.4203   0.4228   0.4253   0.4278   0.4304   0.4329   0.4354    0.438   0.4405    0.443   0.4456   0.4481   0.4506   0.4532   0.4557   0.4582   0.4608   0.4633   0.4658   0.4684   0.4709   0.4734   0.4759   0.4785    0.481   0.4835   0.4861   0.4886   0.4911   0.4937   0.4962   0.4987
    S      0.0    0.525   0.4656   0.2641   0.9762   0.4062   0.4626   0.1576   0.1503   0.4069   0.3267   0.5348   0.2026   0.1444   0.3351   0.8676   0.1851   0.1654     0.62   0.0679   0.2997   0.3705   0.0129   0.4505    0.162    0.498   0.0618   0.2391   0.0947   0.4822   0.3761   0.1301   0.4742   0.2008   0.1494   0.3972   0.0919   0.1618   0.1173   0.5853   0.1092   0.3241   0.0679   0.0254    0.517   0.3666   0.2791   0.0124   0.8319   0.2992   0.3736   0.6622   0.1012   0.2486   0.2267   0.1804   0.0053    0.928   0.1237   0.1264   0.1142    0.398   0.0668   0.2718   0.4361      1.0   0.0318   0.1545   0.2156   0.0783   0.1899   0.1056   0.1731    0.427    0.306   0.3188   0.1206   0.1312    0.414    0.025   0.0031   0.2874   0.1573   0.0604   0.2723   0.3791   0.3559   0.1826   0.1375   0.7724   0.1217   0.2888   0.0533   0.1863   0.1705   0.0233   0.0681   0.0344   0.0774   0.1518   0.0345   0.1933   0.1271   0.0439   0.0359   0.0116   0.2943   0.1104   0.0687   0.2485   0.0546   0.0822   0.2529   0.1388   0.3176   0.2056    0.159   0.0849   0.0072   0.3611   0.3518   0.0919   0.0603    0.029    0.404    0.291   0.0684   0.0972   0.2203   0.1199   0.0264    0.428   0.0341   0.2677   0.0484   0.3007    0.214   0.0323   0.1711    0.075   0.2824    0.038   0.2064   0.0303   0.1498   0.2094    0.262   0.0859   0.3537   0.2228   0.2197   0.2432   0.1255   0.1435   0.0435   0.3504   0.2739   0.2058   0.1118   0.1851   0.3812    0.672   0.4691   0.4905   0.1112   0.6709   0.0378   0.2583    0.185   0.3086   0.0175   0.2951   0.0663   0.0982   0.4809   0.2065   0.1346   0.1007   0.1041   0.1685   0.0289   0.7021   0.0589   0.1692   0.2105    0.238   0.1949    0.296   0.1022   0.0815   0.1286   0.1315   0.0611   0.3385   0.0997   0.1299   0.0885   0.0492
  snr   -16.48
    H     4.97
 exon    False

M: snrse
 freq      0.0   0.0025   0.0051   0.0076   0.0101   0.0127   0.0152   0.0177   0.0203   0.0228   0.0253   0.0278   0.0304   0.0329   0.0354    0.038   0.0405    0.043   0.0456   0.0481   0.0506   0.0532   0.0557   0.0582   0.0608   0.0633   0.0658   0.0684   0.0709   0.0734   0.0759   0.0785    0.081   0.0835   0.0861   0.0886   0.0911   0.0937   0.0962   0.0987   0.1013   0.1038   0.1063   0.1089   0.1114   0.1139   0.1165    0.119   0.1215   0.1241   0.1266   0.1291   0.1316   0.1342   0.1367   0.1392   0.1418   0.1443   0.1468   0.1494   0.1519   0.1544    0.157   0.1595    0.162   0.1646   0.1671   0.1696   0.1722   0.1747   0.1772   0.1797   0.1823   0.1848   0.1873   0.1899   0.1924   0.1949   0.1975      0.2   0.2025   0.2051   0.2076   0.2101   0.2127   0.2152   0.2177   0.2203   0.2228   0.2253   0.2278   0.2304   0.2329   0.2354    0.238   0.2405    0.243   0.2456   0.2481   0.2506   0.2532   0.2557   0.2582   0.2608   0.2633   0.2658   0.2684   0.2709   0.2734   0.2759   0.2785    0.281   0.2835   0.2861   0.2886   0.2911   0.2937   0.2962   0.2987   0.3013   0.3038   0.3063   0.3089   0.3114   0.3139   0.3165    0.319   0.3215   0.3241   0.3266   0.3291   0.3316   0.3342   0.3367   0.3392   0.3418   0.3443   0.3468   0.3494   0.3519   0.3544    0.357   0.3595    0.362   0.3646   0.3671   0.3696   0.3722   0.3747   0.3772   0.3797   0.3823   0.3848   0.3873   0.3899   0.3924   0.3949   0.3975      0.4   0.4025   0.4051   0.4076   0.4101   0.4127   0.4152   0.4177   0.4203   0.4228   0.4253   0.4278   0.4304   0.4329   0.4354    0.438   0.4405    0.443   0.4456   0.4481   0.4506   0.4532   0.4557   0.4582   0.4608   0.4633   0.4658   0.4684   0.4709   0.4734   0.4759   0.4785    0.481   0.4835   0.4861   0.4886   0.4911   0.4937   0.4962   0.4987
    S      0.0      1.0   0.2891    0.116   0.1167   0.1216   0.1225   0.0356   0.0516   0.5255   0.0898   0.2179   0.1893   0.0898   0.0209   0.0821   0.1039   0.0487   0.1905    0.009   0.0858   0.0934   0.1053   0.0585   0.5824    0.024   0.1002   0.0141   0.1121   0.0876   0.0289   0.2975   0.0175   0.2834   0.0124   0.0465   0.0244   0.0199   0.1774   0.0849   0.0037   0.0923   0.0665   0.0012   0.3495   0.1035   0.0907    0.021   0.0453   0.2746   0.0288    0.428   0.0147   0.0741   0.0279   0.3462   0.1359   0.1427   0.0511   0.1146   0.0496   0.0101   0.0111   0.0457   0.0674   0.0324   0.0286   0.0603   0.0757   0.1612   0.1053   0.0093   0.0662   0.2319   0.1677   0.0232     0.08   0.1131   0.0567   0.0596   0.0126   0.0493   0.0756   0.0171   0.0981   0.0128   0.2587    0.135    0.025   0.0072   0.0039    0.131    0.125   0.0469   0.0533   0.0134   0.1092   0.0363   0.0705   0.0448   0.0444   0.5154   0.0478    0.052   0.2281   0.1139   0.0284   0.0734   0.1533   0.3324   0.0478   0.0441   0.0314   0.1134   0.0171   0.1578    0.005    0.024   0.0408   0.0415   0.1833   0.0193   0.0161   0.1422   0.0385   0.0053   0.0284   0.1223   0.0611   0.0835   0.0826   0.0129   0.2443   0.0595   0.0145   0.0212     0.01   0.0038   0.1524    0.047   0.0791   0.0795   0.0351   0.0289   0.0938   0.2184   0.2668    0.158   0.1821   0.0359   0.0172   0.1651   0.0758   0.0156   0.0673   0.0405   0.0191   0.1719   0.0167   0.0601   0.1029   0.0388   0.3585    0.003   0.0594   0.2847   0.0668   0.1203   0.2477    0.059   0.0148   0.0023   0.0454   0.0649   0.0437   0.0379   0.0189    0.076   0.2074   0.1162   0.0941   0.1196   0.0193    0.133   0.2185   0.0198   0.0593   0.1098   0.0757   0.2278   0.2649   0.0794   0.1569   0.0633   0.1334   0.1459   0.0787   0.2666
  snr   -12.88
    H     4.82
 exon    False