>data-XVI-cerevisiae-intergenic-339
N: 413
Methods: voss, eiip, qpsk, mem, tbpse, snrse

M: voss
 freq      0.0   0.0024   0.0048   0.0073   0.0097   0.0121   0.0145   0.0169   0.0194   0.0218   0.0242   0.0266   0.0291   0.0315   0.0339   0.0363   0.0387   0.0412   0.0436    0.046   0.0484   0.0508   0.0533   0.0557   0.0581   0.0605    0.063   0.0654   0.0678   0.0702   0.0726   0.0751   0.0775   0.0799   0.0823   0.0847   0.0872   0.0896    0.092   0.0944   0.0969   0.0993   0.1017   0.1041   0.1065    0.109   0.1114   0.1138   0.1162   0.1186   0.1211   0.1235   0.1259   0.1283   0.1308   0.1332   0.1356    0.138   0.1404   0.1429   0.1453   0.1477   0.1501   0.1525    0.155   0.1574   0.1598   0.1622   0.1646   0.1671   0.1695   0.1719   0.1743   0.1768   0.1792   0.1816    0.184   0.1864   0.1889   0.1913   0.1937   0.1961   0.1985    0.201   0.2034   0.2058   0.2082   0.2107   0.2131   0.2155   0.2179   0.2203   0.2228   0.2252   0.2276     0.23   0.2324   0.2349   0.2373   0.2397   0.2421   0.2446    0.247   0.2494   0.2518   0.2542   0.2567   0.2591   0.2615   0.2639   0.2663   0.2688   0.2712   0.2736    0.276   0.2785   0.2809   0.2833   0.2857   0.2881   0.2906    0.293   0.2954   0.2978   0.3002   0.3027   0.3051   0.3075   0.3099   0.3123   0.3148   0.3172   0.3196    0.322   0.3245   0.3269   0.3293   0.3317   0.3341   0.3366    0.339   0.3414   0.3438   0.3462   0.3487   0.3511   0.3535   0.3559   0.3584   0.3608   0.3632   0.3656    0.368   0.3705   0.3729   0.3753   0.3777   0.3801   0.3826    0.385   0.3874   0.3898   0.3923   0.3947   0.3971   0.3995   0.4019   0.4044   0.4068   0.4092   0.4116    0.414   0.4165   0.4189   0.4213   0.4237   0.4262   0.4286    0.431   0.4334   0.4358   0.4383   0.4407   0.4431   0.4455   0.4479   0.4504   0.4528   0.4552   0.4576     0.46   0.4625   0.4649   0.4673   0.4697   0.4722   0.4746    0.477   0.4794   0.4818   0.4843   0.4867   0.4891   0.4915   0.4939   0.4964   0.4988
    S      0.0      1.0   0.6182   0.0124   0.4411   0.4294   0.0956   0.1283   0.1798   0.1223   0.2869   0.2366   0.3597   0.1853   0.2691   0.1069   0.1565   0.1519   0.3331   0.2231   0.1209   0.1096    0.153   0.1256   0.0833    0.324   0.1833   0.1385   0.1624   0.1758   0.1418   0.1048   0.0634   0.2361    0.089   0.1992   0.2712   0.2142   0.2441   0.0802    0.107   0.4033   0.0427   0.1372   0.1984   0.1145    0.156   0.0833   0.0774   0.1344   0.2124   0.0758    0.245   0.0665   0.2751    0.106   0.2071   0.0956   0.1942   0.0795   0.1352   0.0738   0.2569   0.2215    0.311    0.268   0.0689   0.3262   0.1194   0.0568    0.026   0.0536   0.1183   0.1766   0.3139   0.1323   0.2957   0.1218   0.0637   0.2686   0.0294   0.2768   0.0763   0.1005   0.0401    0.026   0.1151   0.0298   0.1246   0.0511   0.2104   0.0141   0.0967   0.1279   0.1088   0.2915   0.1597    0.128   0.0677   0.0776   0.0911    0.054   0.1506   0.0579   0.1463   0.0468   0.0805   0.2611   0.1113   0.1394   0.1327   0.1628   0.0942   0.0487   0.0552   0.1201   0.0258     0.11   0.0858   0.2045    0.168   0.0215   0.0884   0.0996   0.1921    0.184   0.0731   0.0584   0.0558   0.0631   0.0653   0.0758   0.0642   0.0639   0.0509   0.1471   0.1796   0.2583   0.0434   0.2227   0.1499   0.1742   0.0481   0.1391   0.1175   0.1122   0.0419   0.3038   0.0571   0.0668   0.0977   0.0621   0.0694   0.0932   0.1084   0.1138   0.1796   0.1266   0.1369   0.1305   0.0577   0.1901   0.5608   0.0485   0.1411   0.1392   0.1435   0.3801   0.1052    0.116    0.037    0.325   0.1671    0.406    0.188   0.0555    0.183   0.0438   0.1013   0.0656   0.0453   0.2056   0.0499   0.2099   0.0683   0.3393   0.2102   0.5232   0.1166   0.1067   0.1011   0.2008   0.0093   0.0459   0.1211   0.1046   0.2757   0.2936   0.0379   0.1261   0.1405   0.2556   0.0752   0.1153   0.0414   0.0456   0.0374
  snr    -14.8
    H     5.08
 exon    False

M: eiip
 freq      0.0   0.0024   0.0048   0.0073   0.0097   0.0121   0.0145   0.0169   0.0194   0.0218   0.0242   0.0266   0.0291   0.0315   0.0339   0.0363   0.0387   0.0412   0.0436    0.046   0.0484   0.0508   0.0533   0.0557   0.0581   0.0605    0.063   0.0654   0.0678   0.0702   0.0726   0.0751   0.0775   0.0799   0.0823   0.0847   0.0872   0.0896    0.092   0.0944   0.0969   0.0993   0.1017   0.1041   0.1065    0.109   0.1114   0.1138   0.1162   0.1186   0.1211   0.1235   0.1259   0.1283   0.1308   0.1332   0.1356    0.138   0.1404   0.1429   0.1453   0.1477   0.1501   0.1525    0.155   0.1574   0.1598   0.1622   0.1646   0.1671   0.1695   0.1719   0.1743   0.1768   0.1792   0.1816    0.184   0.1864   0.1889   0.1913   0.1937   0.1961   0.1985    0.201   0.2034   0.2058   0.2082   0.2107   0.2131   0.2155   0.2179   0.2203   0.2228   0.2252   0.2276     0.23   0.2324   0.2349   0.2373   0.2397   0.2421   0.2446    0.247   0.2494   0.2518   0.2542   0.2567   0.2591   0.2615   0.2639   0.2663   0.2688   0.2712   0.2736    0.276   0.2785   0.2809   0.2833   0.2857   0.2881   0.2906    0.293   0.2954   0.2978   0.3002   0.3027   0.3051   0.3075   0.3099   0.3123   0.3148   0.3172   0.3196    0.322   0.3245   0.3269   0.3293   0.3317   0.3341   0.3366    0.339   0.3414   0.3438   0.3462   0.3487   0.3511   0.3535   0.3559   0.3584   0.3608   0.3632   0.3656    0.368   0.3705   0.3729   0.3753   0.3777   0.3801   0.3826    0.385   0.3874   0.3898   0.3923   0.3947   0.3971   0.3995   0.4019   0.4044   0.4068   0.4092   0.4116    0.414   0.4165   0.4189   0.4213   0.4237   0.4262   0.4286    0.431   0.4334   0.4358   0.4383   0.4407   0.4431   0.4455   0.4479   0.4504   0.4528   0.4552   0.4576     0.46   0.4625   0.4649   0.4673   0.4697   0.4722   0.4746    0.477   0.4794   0.4818   0.4843   0.4867   0.4891   0.4915   0.4939   0.4964   0.4988
    S      0.0   0.1777    0.738   0.0181   0.8441   0.1326   0.2145   0.1731    0.001   0.1838   0.3078   0.6705   0.2003   0.0489   0.2158   0.0389   0.2872   0.0112   0.0527   0.0061   0.0278   0.0672   0.1811    0.025   0.1804   0.2448   0.1453   0.0263   0.0714   0.0865   0.1227   0.0139   0.0203   0.1864   0.0058   0.2577   0.1209   0.0482   0.0741   0.1557   0.1141   0.0471   0.0478   0.1818   0.4736   0.4051   0.4243   0.1049   0.2034   0.1778   0.6604   0.0181   0.4946   0.1244   0.1151   0.3364   0.0242   0.3873    0.295   0.1393   0.4702    0.016   0.2904   0.0384    0.654   0.0553   0.0813   0.3621   0.0225   0.2694   0.0889    0.035   0.4684   0.0508    0.424   0.0098   0.2658   0.1408   0.0264   0.4273   0.0837   0.2352   0.0854   0.0191   0.1291   0.0126   0.0005   0.1128   0.0202   0.0443   0.0527   0.0636   0.4461   0.1499   0.2045   0.3506   0.7338   0.1065   0.2633   0.1667   0.2661   0.0976   0.0812   0.0203   0.0506   0.0437   0.0141   0.2601   0.1275   0.1066   0.1852    0.131   0.0173   0.0932   0.1376   0.0799   0.0127   0.3115   0.1189    0.121   0.1009   0.0948    0.312   0.2251   0.5633   0.3498   0.1984   0.0429   0.1252   0.0869   0.2495   0.0464   0.0337   0.1297   0.0395   0.1609   0.3571   0.1297   0.0026   0.6634   0.0118      1.0   0.0298    0.473   0.0279   0.1071   0.2258   0.2992   0.0624   0.2752   0.4299   0.3381   0.1955    0.011   0.3983   0.3927   0.1878   0.0301   0.2003   0.1697   0.3066   0.2186   0.0698   0.1845   0.4628   0.2381   0.2296   0.1046   0.2418   0.2084   0.0326   0.0802   0.0137   0.0375   0.4914   0.0698   0.5649   0.0325   0.0841   0.1528   0.0373   0.2072   0.1725   0.3958   0.0196   0.4357   0.1119   0.6021   0.2551   0.0931   0.2822   0.8626   0.0166   0.1052   0.2333   0.0432   0.2928   0.1714   0.1154   0.3589   0.3492   0.0962   0.1825   0.0674   0.2392   0.0003   0.0667
  snr   -15.84
    H     4.92
 exon     True

M: qpsk
 freq      0.0   0.0024   0.0048   0.0073   0.0097   0.0121   0.0145   0.0169   0.0194   0.0218   0.0242   0.0266   0.0291   0.0315   0.0339   0.0363   0.0387   0.0412   0.0436    0.046   0.0484   0.0508   0.0533   0.0557   0.0581   0.0605    0.063   0.0654   0.0678   0.0702   0.0726   0.0751   0.0775   0.0799   0.0823   0.0847   0.0872   0.0896    0.092   0.0944   0.0969   0.0993   0.1017   0.1041   0.1065    0.109   0.1114   0.1138   0.1162   0.1186   0.1211   0.1235   0.1259   0.1283   0.1308   0.1332   0.1356    0.138   0.1404   0.1429   0.1453   0.1477   0.1501   0.1525    0.155   0.1574   0.1598   0.1622   0.1646   0.1671   0.1695   0.1719   0.1743   0.1768   0.1792   0.1816    0.184   0.1864   0.1889   0.1913   0.1937   0.1961   0.1985    0.201   0.2034   0.2058   0.2082   0.2107   0.2131   0.2155   0.2179   0.2203   0.2228   0.2252   0.2276     0.23   0.2324   0.2349   0.2373   0.2397   0.2421   0.2446    0.247   0.2494   0.2518   0.2542   0.2567   0.2591   0.2615   0.2639   0.2663   0.2688   0.2712   0.2736    0.276   0.2785   0.2809   0.2833   0.2857   0.2881   0.2906    0.293   0.2954   0.2978   0.3002   0.3027   0.3051   0.3075   0.3099   0.3123   0.3148   0.3172   0.3196    0.322   0.3245   0.3269   0.3293   0.3317   0.3341   0.3366    0.339   0.3414   0.3438   0.3462   0.3487   0.3511   0.3535   0.3559   0.3584   0.3608   0.3632   0.3656    0.368   0.3705   0.3729   0.3753   0.3777   0.3801   0.3826    0.385   0.3874   0.3898   0.3923   0.3947   0.3971   0.3995   0.4019   0.4044   0.4068   0.4092   0.4116    0.414   0.4165   0.4189   0.4213   0.4237   0.4262   0.4286    0.431   0.4334   0.4358   0.4383   0.4407   0.4431   0.4455   0.4479   0.4504   0.4528   0.4552   0.4576     0.46   0.4625   0.4649   0.4673   0.4697   0.4722   0.4746    0.477   0.4794   0.4818   0.4843   0.4867   0.4891   0.4915   0.4939   0.4964   0.4988
    S      0.0      1.0   0.8877   0.0008   0.4631   0.4556   0.1527   0.1748   0.2395   0.1917   0.3679   0.2943   0.4981   0.1707   0.4435   0.1896   0.2043   0.2635     0.25    0.176   0.2011   0.1914    0.217   0.2015   0.1184   0.4567   0.1658   0.1499   0.1566   0.2465   0.1804   0.1726   0.1028   0.3689   0.0595   0.2896   0.3943   0.3518   0.3271   0.1114   0.1365   0.2849   0.0723   0.1893   0.1439   0.0909   0.0218   0.1284   0.1243   0.2231   0.1404   0.1119   0.0276   0.1181   0.4402   0.1476   0.1516   0.1554   0.2858   0.0989   0.0976   0.0312   0.1683   0.3093   0.4771   0.4623   0.0913   0.3452   0.0747     0.06   0.0422   0.0643   0.1708   0.1377   0.1722   0.0749   0.3881   0.0806   0.0451   0.3606   0.0487   0.3569   0.0454     0.06   0.0679   0.0477   0.0972   0.0076   0.1995   0.0353   0.3027   0.0259   0.1561   0.1863   0.1888   0.1322   0.2883   0.1203   0.0467   0.1304   0.1399   0.0596   0.1355   0.0422   0.1725   0.0238   0.0925    0.344    0.156    0.251   0.2069   0.2287   0.1222   0.0884   0.0094   0.2032   0.0213   0.0588   0.0914   0.3296   0.1526   0.0327   0.0109   0.1471   0.3232   0.2763   0.0733   0.0163   0.0945    0.099   0.0514   0.0894   0.0473   0.0236   0.0884   0.1167    0.144   0.3281   0.0742   0.1551   0.1779   0.2581    0.043   0.1901   0.1882   0.1461   0.0336   0.1778   0.1037   0.1136   0.1799   0.0707   0.0294   0.1423   0.1513   0.1336   0.2391   0.1871   0.1551   0.1496   0.0847   0.2566   0.5904   0.0372    0.219   0.2286   0.1936   0.4171   0.1204   0.1071   0.0592    0.216   0.0692   0.1913   0.3241   0.0588   0.3261   0.0564   0.1335   0.1035   0.0534   0.0322   0.0433   0.0625    0.079   0.4767   0.2223     0.47   0.2049   0.1697   0.1413   0.3302   0.0169   0.0656   0.1674   0.1789   0.4318   0.3949   0.0552   0.2027   0.2343   0.2477   0.1264   0.1274   0.0317   0.0576    0.053
  snr   -15.52
    H     5.05
 exon    False

M: mem
 freq      0.0   0.0024   0.0049   0.0073   0.0097   0.0121   0.0146    0.017   0.0194   0.0218   0.0243   0.0267   0.0291   0.0316    0.034   0.0364   0.0388   0.0413   0.0437   0.0461   0.0485    0.051   0.0534   0.0558   0.0583   0.0607   0.0631   0.0655    0.068   0.0704   0.0728   0.0752   0.0777   0.0801   0.0825    0.085   0.0874   0.0898   0.0922   0.0947   0.0971   0.0995   0.1019   0.1044   0.1068   0.1092   0.1117   0.1141   0.1165   0.1189   0.1214   0.1238   0.1262   0.1286   0.1311   0.1335   0.1359   0.1383   0.1408   0.1432   0.1456   0.1481   0.1505   0.1529   0.1553   0.1578   0.1602   0.1626    0.165   0.1675   0.1699   0.1723   0.1748   0.1772   0.1796    0.182   0.1845   0.1869   0.1893   0.1917   0.1942   0.1966    0.199   0.2015   0.2039   0.2063   0.2087   0.2112   0.2136    0.216   0.2184   0.2209   0.2233   0.2257   0.2282   0.2306    0.233   0.2354   0.2379   0.2403   0.2427   0.2451   0.2476     0.25   0.2524   0.2549   0.2573   0.2597   0.2621   0.2646    0.267   0.2694   0.2718   0.2743   0.2767   0.2791   0.2816    0.284   0.2864   0.2888   0.2913   0.2937   0.2961   0.2985    0.301   0.3034   0.3058   0.3083   0.3107   0.3131   0.3155    0.318   0.3204   0.3228   0.3252   0.3277   0.3301   0.3325    0.335   0.3374   0.3398   0.3422   0.3447   0.3471   0.3495   0.3519   0.3544   0.3568   0.3592   0.3617   0.3641   0.3665   0.3689   0.3714   0.3738   0.3762   0.3786   0.3811   0.3835   0.3859   0.3883   0.3908   0.3932   0.3956   0.3981   0.4005   0.4029   0.4053   0.4078   0.4102   0.4126    0.415   0.4175   0.4199   0.4223   0.4248   0.4272   0.4296    0.432   0.4345   0.4369   0.4393   0.4417   0.4442   0.4466    0.449   0.4515   0.4539   0.4563   0.4587   0.4612   0.4636    0.466   0.4684   0.4709   0.4733   0.4757   0.4782   0.4806    0.483   0.4854   0.4879   0.4903   0.4927   0.4951   0.4976
    S      0.0   0.9882      1.0   0.0009   0.5862   0.0679   0.1736   0.0641   0.0487   0.1572   0.3023    0.353   0.3011   0.0124   0.1488    0.011   0.0767   0.0072   0.1988   0.1841   0.0325   0.0495   0.0255   0.0426   0.0321   0.4353   0.1611   0.0264   0.1378   0.1102   0.1158   0.0092    0.023   0.2297   0.0523    0.281   0.1394   0.0025   0.1245   0.1659   0.1356   0.3059   0.0633   0.2123   0.0138     0.04   0.0266   0.0622   0.0128   0.0609   0.1005   0.0199   0.0067   0.0368   0.1837   0.1288   0.0957   0.1569   0.4082    0.053   0.0673   0.0108   0.0983   0.2181   0.4816   0.1441   0.0066   0.1677   0.0836   0.0418   0.0415   0.0429   0.1888   0.1404   0.0346   0.0546   0.1467   0.0101   0.0135   0.4981   0.1232   0.3194   0.0004   0.0284   0.0596   0.0141   0.0438   0.0149   0.0396   0.0039   0.0183   0.0375   0.2882   0.0435   0.0818   0.0606    0.215    0.175   0.0053   0.0466   0.1432   0.0393   0.1391   0.0041   0.1336   0.0806   0.0683   0.0892   0.0904   0.2305    0.041   0.0672   0.0313   0.0803   0.0077   0.0149   0.0285   0.0524   0.1355   0.0267   0.1417   0.0291   0.0107   0.2812   0.1223   0.2407   0.0883   0.0131   0.1203   0.0163   0.1094   0.0175   0.0076   0.0187    0.003   0.0189    0.246   0.1905   0.0499   0.0074   0.1545   0.1447    0.077   0.0743   0.0089   0.0128   0.0169   0.1472   0.0102    0.096   0.3104   0.0573   0.0199   0.1394   0.0101   0.1211   0.2656   0.0521   0.0095   0.0492   0.2344   0.0336    0.624   0.4542    0.127   0.1165   0.0185   0.2802    0.046   0.1393   0.0598   0.3786   0.0324   0.0615   0.2926   0.0957   0.1554   0.0093   0.0142   0.1192   0.0393   0.0095   0.0133   0.0799   0.0122   0.0616   0.1446   0.3976   0.0111   0.0149   0.4048   0.1141     0.04   0.0729   0.0743   0.1083   0.5218   0.0197   0.0405   0.3397   0.3981    0.164    0.047   0.0715   0.1413   0.0394
  snr   -13.77
    H     4.77
 exon    False

M: tbpse
 freq      0.0   0.0024   0.0048   0.0073   0.0097   0.0121   0.0145   0.0169   0.0194   0.0218   0.0242   0.0266   0.0291   0.0315   0.0339   0.0363   0.0387   0.0412   0.0436    0.046   0.0484   0.0508   0.0533   0.0557   0.0581   0.0605    0.063   0.0654   0.0678   0.0702   0.0726   0.0751   0.0775   0.0799   0.0823   0.0847   0.0872   0.0896    0.092   0.0944   0.0969   0.0993   0.1017   0.1041   0.1065    0.109   0.1114   0.1138   0.1162   0.1186   0.1211   0.1235   0.1259   0.1283   0.1308   0.1332   0.1356    0.138   0.1404   0.1429   0.1453   0.1477   0.1501   0.1525    0.155   0.1574   0.1598   0.1622   0.1646   0.1671   0.1695   0.1719   0.1743   0.1768   0.1792   0.1816    0.184   0.1864   0.1889   0.1913   0.1937   0.1961   0.1985    0.201   0.2034   0.2058   0.2082   0.2107   0.2131   0.2155   0.2179   0.2203   0.2228   0.2252   0.2276     0.23   0.2324   0.2349   0.2373   0.2397   0.2421   0.2446    0.247   0.2494   0.2518   0.2542   0.2567   0.2591   0.2615   0.2639   0.2663   0.2688   0.2712   0.2736    0.276   0.2785   0.2809   0.2833   0.2857   0.2881   0.2906    0.293   0.2954   0.2978   0.3002   0.3027   0.3051   0.3075   0.3099   0.3123   0.3148   0.3172   0.3196    0.322   0.3245   0.3269   0.3293   0.3317   0.3341   0.3366    0.339   0.3414   0.3438   0.3462   0.3487   0.3511   0.3535   0.3559   0.3584   0.3608   0.3632   0.3656    0.368   0.3705   0.3729   0.3753   0.3777   0.3801   0.3826    0.385   0.3874   0.3898   0.3923   0.3947   0.3971   0.3995   0.4019   0.4044   0.4068   0.4092   0.4116    0.414   0.4165   0.4189   0.4213   0.4237   0.4262   0.4286    0.431   0.4334   0.4358   0.4383   0.4407   0.4431   0.4455   0.4479   0.4504   0.4528   0.4552   0.4576     0.46   0.4625   0.4649   0.4673   0.4697   0.4722   0.4746    0.477   0.4794   0.4818   0.4843   0.4867   0.4891   0.4915   0.4939   0.4964   0.4988
    S      0.0      1.0   0.5815   0.0062   0.3179   0.3575   0.0451   0.0896   0.1432   0.1119   0.2681   0.0882   0.3513   0.0255   0.1475   0.0249   0.1085   0.0837   0.3174   0.1835   0.0833   0.0638   0.0884   0.0705   0.0262   0.3005    0.118   0.1384   0.0966    0.041   0.0296   0.0805   0.0096   0.1869   0.0857   0.0523   0.2303   0.1509   0.0778   0.0397   0.0962   0.2509   0.0391   0.0473    0.034   0.0285   0.0526   0.0205   0.0325   0.0629   0.1143   0.0232   0.1263   0.0261    0.222   0.0178   0.1814   0.0338   0.1589   0.0444   0.0051   0.0313   0.1549    0.229   0.1138   0.1166   0.0539   0.2765   0.0701   0.0036   0.0058   0.0442   0.0557   0.0831   0.2199   0.0848   0.2533    0.101   0.0304    0.154   0.0138   0.2433   0.0523   0.0327   0.0074   0.0161   0.0236   0.0119   0.1082   0.0071    0.186   0.0026   0.0458   0.0502   0.0484   0.1755   0.0523   0.0424   0.0319   0.0218   0.0319   0.0344   0.0931    0.031   0.1482   0.0284   0.0796   0.2218   0.0603   0.1104   0.0714   0.1302   0.0885    0.016   0.0266   0.0606   0.0125   0.0634   0.0171   0.1186   0.1071   0.0025   0.0287   0.0383   0.0811   0.1395   0.0217   0.0405   0.0462   0.0108   0.0291   0.0454   0.0238    0.025   0.0132   0.0059   0.0941   0.2408   0.0132   0.0947   0.1489   0.0295   0.0409   0.0641   0.0254   0.0397   0.0004   0.1918   0.0143    0.027    0.049   0.0111    0.041   0.0368   0.0434   0.0455    0.166   0.0793   0.0303   0.1048   0.0151   0.0865   0.5787   0.0142   0.0931   0.1123    0.028   0.3822   0.0389   0.0572   0.0198   0.2415   0.0767   0.1387   0.0714   0.0229   0.1344   0.0355   0.0592   0.0346    0.032   0.1046   0.0244    0.116   0.0243   0.2424   0.0731   0.4368   0.0512   0.0739   0.0452   0.0728   0.0031   0.0329   0.0692   0.0539   0.1651   0.2422   0.0222   0.0868   0.1125   0.2207   0.0269   0.0863   0.0102   0.0473   0.0222
  snr   -12.69
    H     4.85
 exon    False

M: snrse
 freq      0.0   0.0024   0.0048   0.0073   0.0097   0.0121   0.0145   0.0169   0.0194   0.0218   0.0242   0.0266   0.0291   0.0315   0.0339   0.0363   0.0387   0.0412   0.0436    0.046   0.0484   0.0508   0.0533   0.0557   0.0581   0.0605    0.063   0.0654   0.0678   0.0702   0.0726   0.0751   0.0775   0.0799   0.0823   0.0847   0.0872   0.0896    0.092   0.0944   0.0969   0.0993   0.1017   0.1041   0.1065    0.109   0.1114   0.1138   0.1162   0.1186   0.1211   0.1235   0.1259   0.1283   0.1308   0.1332   0.1356    0.138   0.1404   0.1429   0.1453   0.1477   0.1501   0.1525    0.155   0.1574   0.1598   0.1622   0.1646   0.1671   0.1695   0.1719   0.1743   0.1768   0.1792   0.1816    0.184   0.1864   0.1889   0.1913   0.1937   0.1961   0.1985    0.201   0.2034   0.2058   0.2082   0.2107   0.2131   0.2155   0.2179   0.2203   0.2228   0.2252   0.2276     0.23   0.2324   0.2349   0.2373   0.2397   0.2421   0.2446    0.247   0.2494   0.2518   0.2542   0.2567   0.2591   0.2615   0.2639   0.2663   0.2688   0.2712   0.2736    0.276   0.2785   0.2809   0.2833   0.2857   0.2881   0.2906    0.293   0.2954   0.2978   0.3002   0.3027   0.3051   0.3075   0.3099   0.3123   0.3148   0.3172   0.3196    0.322   0.3245   0.3269   0.3293   0.3317   0.3341   0.3366    0.339   0.3414   0.3438   0.3462   0.3487   0.3511   0.3535   0.3559   0.3584   0.3608   0.3632   0.3656    0.368   0.3705   0.3729   0.3753   0.3777   0.3801   0.3826    0.385   0.3874   0.3898   0.3923   0.3947   0.3971   0.3995   0.4019   0.4044   0.4068   0.4092   0.4116    0.414   0.4165   0.4189   0.4213   0.4237   0.4262   0.4286    0.431   0.4334   0.4358   0.4383   0.4407   0.4431   0.4455   0.4479   0.4504   0.4528   0.4552   0.4576     0.46   0.4625   0.4649   0.4673   0.4697   0.4722   0.4746    0.477   0.4794   0.4818   0.4843   0.4867   0.4891   0.4915   0.4939   0.4964   0.4988
    S      0.0      1.0   0.6097    0.006   0.3392   0.2869   0.0498   0.0742   0.1209   0.1121   0.2601   0.1042   0.3148     0.02   0.1075   0.0037    0.079   0.0474   0.3144   0.1889   0.0588   0.0505    0.057    0.054   0.0121   0.3003   0.1083   0.1223   0.1108   0.0356   0.0254   0.0563   0.0011   0.1763    0.083   0.0563    0.189   0.0974   0.0698   0.0407   0.1006    0.287   0.0372   0.0548    0.019   0.0177   0.0462   0.0127    0.011   0.0356   0.0914   0.0137    0.117   0.0128   0.1953   0.0119   0.1914   0.0303   0.1594   0.0511   0.0062   0.0341   0.1469   0.2081   0.1317    0.065   0.0479   0.2428    0.071    0.001    0.003   0.0347   0.0537   0.0981   0.1824   0.0947    0.201   0.0801   0.0334   0.1807   0.0117   0.2537   0.0466   0.0392   0.0059   0.0117   0.0273   0.0089   0.0854   0.0077   0.1374    0.001   0.0522   0.0394   0.0431   0.1521   0.0447   0.0485   0.0188   0.0118   0.0342   0.0227   0.1007   0.0339   0.1488   0.0304   0.0705   0.1718   0.0646   0.0942   0.0374   0.1186   0.0769   0.0081   0.0239   0.0324   0.0148   0.0548   0.0159   0.0772   0.1222   0.0009   0.0236   0.0292   0.0861   0.1435   0.0245     0.04   0.0483   0.0057   0.0263   0.0312   0.0204    0.027   0.0049    0.004   0.1047   0.2204   0.0056    0.059   0.1233   0.0012   0.0325   0.0629   0.0078   0.0199   0.0002   0.2055   0.0016   0.0287   0.0531   0.0067     0.03   0.0206   0.0492   0.0514   0.1598   0.0518   0.0236   0.1069   0.0143    0.095   0.5666   0.0069   0.1024   0.1152   0.0286   0.3576   0.0367   0.0658   0.0114   0.2592   0.0885   0.1632   0.0274   0.0223   0.1422   0.0248    0.039   0.0369    0.024   0.1036   0.0174   0.1011   0.0229   0.1535   0.0846   0.3832   0.0436   0.0456    0.048   0.0435   0.0019   0.0305   0.0673   0.0343   0.1596   0.2247   0.0223   0.0954   0.1222    0.233   0.0223   0.0944   0.0045   0.0416   0.0249
  snr   -12.29
    H     4.78
 exon    False