>data-XVI-cerevisiae-intergenic-95
N: 366
Methods: voss, eiip, qpsk, mem, alg1, alg2

M: voss
 freq      0.0   0.0027   0.0055   0.0082   0.0109   0.0137   0.0164   0.0191   0.0219   0.0246   0.0273   0.0301   0.0328   0.0355   0.0383    0.041   0.0437   0.0464   0.0492   0.0519   0.0546   0.0574   0.0601   0.0628   0.0656   0.0683    0.071   0.0738   0.0765   0.0792    0.082   0.0847   0.0874   0.0902   0.0929   0.0956   0.0984   0.1011   0.1038   0.1066   0.1093    0.112   0.1148   0.1175   0.1202    0.123   0.1257   0.1284   0.1311   0.1339   0.1366   0.1393   0.1421   0.1448   0.1475   0.1503    0.153   0.1557   0.1585   0.1612   0.1639   0.1667   0.1694   0.1721   0.1749   0.1776   0.1803   0.1831   0.1858   0.1885   0.1913    0.194   0.1967   0.1995   0.2022   0.2049   0.2077   0.2104   0.2131   0.2158   0.2186   0.2213    0.224   0.2268   0.2295   0.2322    0.235   0.2377   0.2404   0.2432   0.2459   0.2486   0.2514   0.2541   0.2568   0.2596   0.2623    0.265   0.2678   0.2705   0.2732    0.276   0.2787   0.2814   0.2842   0.2869   0.2896   0.2923   0.2951   0.2978   0.3005   0.3033    0.306   0.3087   0.3115   0.3142   0.3169   0.3197   0.3224   0.3251   0.3279   0.3306   0.3333   0.3361   0.3388   0.3415   0.3443    0.347   0.3497   0.3525   0.3552   0.3579   0.3607   0.3634   0.3661   0.3689   0.3716   0.3743    0.377   0.3798   0.3825   0.3852    0.388   0.3907   0.3934   0.3962   0.3989   0.4016   0.4044   0.4071   0.4098   0.4126   0.4153    0.418   0.4208   0.4235   0.4262    0.429   0.4317   0.4344   0.4372   0.4399   0.4426   0.4454   0.4481   0.4508   0.4536   0.4563    0.459   0.4617   0.4645   0.4672   0.4699   0.4727   0.4754   0.4781   0.4809   0.4836   0.4863   0.4891   0.4918   0.4945   0.4973
    S      0.0      1.0   0.2347   0.2049   0.2428    0.056   0.1588    0.165   0.4413   0.4919   0.2085    0.053   0.2181   0.0855   0.2486   0.4973   0.4495   0.0958   0.1013   0.0933    0.048   0.2475   0.1761   0.2208   0.2094   0.2237   0.1357   0.1575   0.0507   0.1089   0.2232   0.1067   0.0247   0.3548   0.1009   0.1321   0.1476   0.1604   0.2147    0.241   0.3619   0.1179   0.2102   0.3263   0.2433   0.1282   0.1961    0.205   0.1229   0.3433    0.039   0.1974   0.0848   0.1219    0.163   0.0653   0.0655   0.2385   0.2257   0.2572   0.2808   0.0729   0.1359    0.064   0.1016   0.6948   0.1535   0.2236   0.5666   0.0739   0.1579   0.1905   0.2888   0.0976   0.1533   0.2257   0.2462   0.0558   0.2018   0.1806   0.2626   0.0578   0.0701   0.1901   0.2462   0.1491   0.0097   0.0506   0.2675   0.2475   0.1157   0.1054   0.1786   0.0515   0.1274   0.1785   0.0822   0.1115   0.1954   0.0504   0.2263   0.0995   0.0865   0.1268   0.1698   0.4352   0.1025   0.3748    0.123   0.0311   0.1957   0.0605   0.1627   0.1544   0.2195    0.246   0.2163   0.1358    0.078   0.2742   0.3212   0.0257   0.0931   0.1053   0.2326   0.3295   0.4419   0.0797   0.1482   0.1477   0.2593   0.1147   0.1095   0.1405   0.0296   0.1284   0.2504   0.1056   0.1824   0.1033   0.2701   0.0667   0.0929   0.0923   0.2667   0.3613   0.6208   0.2019   0.1461   0.2719   0.1634   0.1346   0.2184   0.3626   0.1225   0.2466   0.1109   0.2242   0.2351    0.165   0.1997   0.1186   0.3255   0.0608   0.1371   0.1484   0.1949   0.1967   0.1888    0.144   0.0918    0.347   0.1683   0.2119   0.0548   0.1771   0.0842   0.1931   0.2864    0.153   0.1442    0.188   0.1005
  snr    -15.2
    H     5.01
 exon    False

M: eiip
 freq      0.0   0.0027   0.0055   0.0082   0.0109   0.0137   0.0164   0.0191   0.0219   0.0246   0.0273   0.0301   0.0328   0.0355   0.0383    0.041   0.0437   0.0464   0.0492   0.0519   0.0546   0.0574   0.0601   0.0628   0.0656   0.0683    0.071   0.0738   0.0765   0.0792    0.082   0.0847   0.0874   0.0902   0.0929   0.0956   0.0984   0.1011   0.1038   0.1066   0.1093    0.112   0.1148   0.1175   0.1202    0.123   0.1257   0.1284   0.1311   0.1339   0.1366   0.1393   0.1421   0.1448   0.1475   0.1503    0.153   0.1557   0.1585   0.1612   0.1639   0.1667   0.1694   0.1721   0.1749   0.1776   0.1803   0.1831   0.1858   0.1885   0.1913    0.194   0.1967   0.1995   0.2022   0.2049   0.2077   0.2104   0.2131   0.2158   0.2186   0.2213    0.224   0.2268   0.2295   0.2322    0.235   0.2377   0.2404   0.2432   0.2459   0.2486   0.2514   0.2541   0.2568   0.2596   0.2623    0.265   0.2678   0.2705   0.2732    0.276   0.2787   0.2814   0.2842   0.2869   0.2896   0.2923   0.2951   0.2978   0.3005   0.3033    0.306   0.3087   0.3115   0.3142   0.3169   0.3197   0.3224   0.3251   0.3279   0.3306   0.3333   0.3361   0.3388   0.3415   0.3443    0.347   0.3497   0.3525   0.3552   0.3579   0.3607   0.3634   0.3661   0.3689   0.3716   0.3743    0.377   0.3798   0.3825   0.3852    0.388   0.3907   0.3934   0.3962   0.3989   0.4016   0.4044   0.4071   0.4098   0.4126   0.4153    0.418   0.4208   0.4235   0.4262    0.429   0.4317   0.4344   0.4372   0.4399   0.4426   0.4454   0.4481   0.4508   0.4536   0.4563    0.459   0.4617   0.4645   0.4672   0.4699   0.4727   0.4754   0.4781   0.4809   0.4836   0.4863   0.4891   0.4918   0.4945   0.4973
    S      0.0      1.0   0.0236   0.0402   0.2316   0.0069   0.1406   0.1691   0.1553   0.0131   0.0566   0.0974   0.0199   0.1328   0.0203    0.237   0.0278   0.0661   0.1802   0.1334   0.0528   0.0023   0.3393   0.2458   0.0068   0.1017   0.1427   0.2258   0.0791   0.1581   0.2186   0.1882   0.0718     0.15   0.1733   0.0446   0.0041   0.0103   0.0434    0.142   0.0822   0.1363   0.3611   0.1654   0.0084   0.0023    0.138   0.0295   0.0707   0.0223   0.0567   0.3811     0.03   0.1658   0.0374   0.2054   0.0127   0.0581   0.0833    0.076   0.0293   0.0158   0.0292   0.0725   0.0965   0.1174   0.1758   0.0558   0.2232   0.0573    0.256   0.0304   0.0496   0.0384   0.1854   0.0789   0.2208   0.0189   0.4284   0.0086   0.2289   0.0508   0.0013   0.3212   0.0511   0.2466   0.0087   0.0019   0.0144   0.1321   0.0317   0.0958    0.149   0.0007   0.1919    0.026   0.1152   0.1998   0.2095    0.021   0.4526   0.0186   0.1039   0.3288   0.0678   0.1984   0.0437   0.3704    0.187   0.0391   0.0119   0.1111   0.0331    0.024   0.4643   0.5425   0.0301   0.2496   0.0202   0.0256   0.5781   0.0244   0.1102   0.0231   0.3685   0.4136    0.242   0.0206   0.0279   0.2573   0.6465   0.0606    0.147   0.2555   0.0422   0.0211    0.339   0.0023   0.0886   0.1368   0.1759   0.0863   0.0446   0.0054   0.0035   0.2341   0.0829    0.182   0.1558    0.323   0.1864   0.1647   0.0276   0.2128    0.028    0.244   0.2303   0.0721   0.2633   0.0149   0.4728   0.1986   0.0898   0.0817   0.2819   0.0716   0.4232   0.0694   0.2658   0.2454   0.1208    0.002   0.1777   0.0098   0.0945   0.1227   0.1185   0.1094   0.4977   0.2168   0.0487   0.0818   0.2198
  snr   -13.88
    H     4.76
 exon    False

M: qpsk
 freq      0.0   0.0027   0.0055   0.0082   0.0109   0.0137   0.0164   0.0191   0.0219   0.0246   0.0273   0.0301   0.0328   0.0355   0.0383    0.041   0.0437   0.0464   0.0492   0.0519   0.0546   0.0574   0.0601   0.0628   0.0656   0.0683    0.071   0.0738   0.0765   0.0792    0.082   0.0847   0.0874   0.0902   0.0929   0.0956   0.0984   0.1011   0.1038   0.1066   0.1093    0.112   0.1148   0.1175   0.1202    0.123   0.1257   0.1284   0.1311   0.1339   0.1366   0.1393   0.1421   0.1448   0.1475   0.1503    0.153   0.1557   0.1585   0.1612   0.1639   0.1667   0.1694   0.1721   0.1749   0.1776   0.1803   0.1831   0.1858   0.1885   0.1913    0.194   0.1967   0.1995   0.2022   0.2049   0.2077   0.2104   0.2131   0.2158   0.2186   0.2213    0.224   0.2268   0.2295   0.2322    0.235   0.2377   0.2404   0.2432   0.2459   0.2486   0.2514   0.2541   0.2568   0.2596   0.2623    0.265   0.2678   0.2705   0.2732    0.276   0.2787   0.2814   0.2842   0.2869   0.2896   0.2923   0.2951   0.2978   0.3005   0.3033    0.306   0.3087   0.3115   0.3142   0.3169   0.3197   0.3224   0.3251   0.3279   0.3306   0.3333   0.3361   0.3388   0.3415   0.3443    0.347   0.3497   0.3525   0.3552   0.3579   0.3607   0.3634   0.3661   0.3689   0.3716   0.3743    0.377   0.3798   0.3825   0.3852    0.388   0.3907   0.3934   0.3962   0.3989   0.4016   0.4044   0.4071   0.4098   0.4126   0.4153    0.418   0.4208   0.4235   0.4262    0.429   0.4317   0.4344   0.4372   0.4399   0.4426   0.4454   0.4481   0.4508   0.4536   0.4563    0.459   0.4617   0.4645   0.4672   0.4699   0.4727   0.4754   0.4781   0.4809   0.4836   0.4863   0.4891   0.4918   0.4945   0.4973
    S      0.0      1.0   0.1221    0.127    0.125   0.0583   0.1772   0.1703   0.4402   0.2888    0.214    0.061   0.1216   0.0787   0.1166   0.3096   0.4364   0.0478   0.0624   0.0676    0.023    0.112   0.0967   0.2334    0.214   0.1195   0.1148   0.1623   0.0204   0.0691   0.2355   0.0767   0.0124    0.199   0.0486   0.1055   0.1012   0.1673   0.1642   0.0818   0.0754   0.1295   0.2255   0.2532   0.1135   0.0656   0.0983   0.0431   0.0954   0.1735   0.0265   0.1147    0.037   0.1034   0.1148   0.0242   0.0198   0.1538   0.1672   0.1136   0.2625   0.0734   0.1404   0.0204   0.0585   0.7384   0.1653   0.1506   0.1762    0.075    0.177   0.1266   0.1664   0.1035   0.0892   0.1979   0.2145   0.0604   0.1968   0.0689   0.2479   0.0594   0.0242   0.1879   0.2284    0.152    0.011   0.0152   0.1061   0.1962   0.0419   0.1127   0.1244   0.0178   0.1463   0.1721   0.0707   0.1243   0.1126   0.0151   0.1293   0.1018   0.0354   0.1367   0.1434   0.4777   0.0913   0.1428   0.1419   0.0156   0.0518   0.0516   0.1558   0.1764   0.2421   0.2621   0.1781   0.1458   0.0589   0.1768   0.3064    0.022   0.0967   0.0734   0.2296   0.1646   0.2635   0.0666   0.1546   0.0344   0.2838    0.125   0.0801   0.0602   0.0315   0.0644   0.0776   0.1096    0.128    0.065   0.2424    0.061   0.0817    0.033   0.0881   0.1741   0.4452   0.1571   0.1326   0.2337   0.1796   0.0964   0.1102   0.4167   0.1291   0.0663   0.1122   0.1924    0.217   0.1602   0.2292   0.0886   0.3508   0.0447    0.134   0.1116   0.2136   0.0356   0.1757   0.1519   0.0453   0.2068    0.154   0.1765   0.0608   0.1047   0.0229   0.1636   0.1018   0.1585   0.1173   0.1036   0.0975
  snr   -13.92
    H     4.95
 exon    False

M: mem
 freq      0.0   0.0027   0.0055   0.0082   0.0109   0.0137   0.0164   0.0191   0.0219   0.0246   0.0273   0.0301   0.0328   0.0355   0.0383    0.041   0.0437   0.0464   0.0492   0.0519   0.0546   0.0574   0.0601   0.0628   0.0656   0.0683    0.071   0.0738   0.0765   0.0792    0.082   0.0847   0.0874   0.0902   0.0929   0.0956   0.0984   0.1011   0.1038   0.1066   0.1093    0.112   0.1148   0.1175   0.1202    0.123   0.1257   0.1284   0.1311   0.1339   0.1366   0.1393   0.1421   0.1448   0.1475   0.1503    0.153   0.1557   0.1585   0.1612   0.1639   0.1667   0.1694   0.1721   0.1749   0.1776   0.1803   0.1831   0.1858   0.1885   0.1913    0.194   0.1967   0.1995   0.2022   0.2049   0.2077   0.2104   0.2131   0.2158   0.2186   0.2213    0.224   0.2268   0.2295   0.2322    0.235   0.2377   0.2404   0.2432   0.2459   0.2486   0.2514   0.2541   0.2568   0.2596   0.2623    0.265   0.2678   0.2705   0.2732    0.276   0.2787   0.2814   0.2842   0.2869   0.2896   0.2923   0.2951   0.2978   0.3005   0.3033    0.306   0.3087   0.3115   0.3142   0.3169   0.3197   0.3224   0.3251   0.3279   0.3306   0.3333   0.3361   0.3388   0.3415   0.3443    0.347   0.3497   0.3525   0.3552   0.3579   0.3607   0.3634   0.3661   0.3689   0.3716   0.3743    0.377   0.3798   0.3825   0.3852    0.388   0.3907   0.3934   0.3962   0.3989   0.4016   0.4044   0.4071   0.4098   0.4126   0.4153    0.418   0.4208   0.4235   0.4262    0.429   0.4317   0.4344   0.4372   0.4399   0.4426   0.4454   0.4481   0.4508   0.4536   0.4563    0.459   0.4617   0.4645   0.4672   0.4699   0.4727   0.4754   0.4781   0.4809   0.4836   0.4863   0.4891   0.4918   0.4945   0.4973
    S      0.0      1.0   0.0704   0.1186   0.0955   0.0209   0.1633   0.1439   0.3674   0.2146   0.0594   0.0673   0.0679   0.0013   0.0938   0.1118    0.244   0.0403   0.0148   0.0733   0.0023   0.0965   0.1254   0.0291   0.0449     0.07    0.008    0.142   0.0249   0.0607   0.2078   0.0348   0.0154   0.0057   0.0738   0.0616   0.0784   0.0723   0.0552   0.0484   0.0189    0.129   0.2539   0.2299   0.0791   0.0549   0.0922   0.0089   0.0159   0.0765   0.0303   0.0169    0.004   0.0291   0.0339   0.0344   0.0109   0.0011   0.0959   0.0337   0.1673   0.0292   0.0166    0.005   0.0115   0.5442   0.0117   0.0542   0.1332   0.0707   0.2135   0.1034    0.007   0.0329   0.0873    0.071   0.1951   0.0319   0.2064   0.0144   0.0707   0.0311   0.0176    0.125   0.0151   0.0163   0.0122    0.006    0.022   0.2159   0.0096   0.0749   0.1405   0.0139   0.0803   0.0745   0.0867    0.057   0.0004   0.0035   0.1833    0.081   0.0429   0.1496   0.0613   0.1844   0.0846    0.158   0.0983   0.0048   0.0205   0.0639    0.005   0.0638   0.0472   0.0445   0.1708   0.1127   0.0603   0.0873   0.2711   0.0033   0.0787   0.0099   0.2928   0.1088   0.2807   0.0598   0.0629   0.0591   0.3412   0.0634    0.052   0.0605   0.0316   0.0418   0.0166   0.0447   0.0087   0.0601   0.1041   0.0066   0.0245   0.0077   0.0267   0.0166   0.4435   0.0737   0.1393   0.0509   0.2114   0.0379   0.0812    0.373   0.1161   0.0041   0.0706   0.0221   0.1964   0.1345   0.0665   0.0635   0.3289   0.0455   0.0783   0.0675   0.1465   0.0051   0.1614   0.1385    0.025   0.1552   0.1047   0.1149   0.0735    0.026   0.0191   0.0944   0.1376   0.0214    0.121   0.0337   0.0513
  snr   -11.89
    H     4.71
 exon    False

M: alg1
 freq      0.0   0.0027   0.0055   0.0082   0.0109   0.0137   0.0164   0.0191   0.0219   0.0246   0.0273   0.0301   0.0328   0.0355   0.0383    0.041   0.0437   0.0464   0.0492   0.0519   0.0546   0.0574   0.0601   0.0628   0.0656   0.0683    0.071   0.0738   0.0765   0.0792    0.082   0.0847   0.0874   0.0902   0.0929   0.0956   0.0984   0.1011   0.1038   0.1066   0.1093    0.112   0.1148   0.1175   0.1202    0.123   0.1257   0.1284   0.1311   0.1339   0.1366   0.1393   0.1421   0.1448   0.1475   0.1503    0.153   0.1557   0.1585   0.1612   0.1639   0.1667   0.1694   0.1721   0.1749   0.1776   0.1803   0.1831   0.1858   0.1885   0.1913    0.194   0.1967   0.1995   0.2022   0.2049   0.2077   0.2104   0.2131   0.2158   0.2186   0.2213    0.224   0.2268   0.2295   0.2322    0.235   0.2377   0.2404   0.2432   0.2459   0.2486   0.2514   0.2541   0.2568   0.2596   0.2623    0.265   0.2678   0.2705   0.2732    0.276   0.2787   0.2814   0.2842   0.2869   0.2896   0.2923   0.2951   0.2978   0.3005   0.3033    0.306   0.3087   0.3115   0.3142   0.3169   0.3197   0.3224   0.3251   0.3279   0.3306   0.3333   0.3361   0.3388   0.3415   0.3443    0.347   0.3497   0.3525   0.3552   0.3579   0.3607   0.3634   0.3661   0.3689   0.3716   0.3743    0.377   0.3798   0.3825   0.3852    0.388   0.3907   0.3934   0.3962   0.3989   0.4016   0.4044   0.4071   0.4098   0.4126   0.4153    0.418   0.4208   0.4235   0.4262    0.429   0.4317   0.4344   0.4372   0.4399   0.4426   0.4454   0.4481   0.4508   0.4536   0.4563    0.459   0.4617   0.4645   0.4672   0.4699   0.4727   0.4754   0.4781   0.4809   0.4836   0.4863   0.4891   0.4918   0.4945   0.4973
    S      0.0   0.6198     0.02    0.115   0.0971   0.0739   0.2127   0.2792   0.4653   0.2223   0.3094   0.0679   0.0797   0.0712   0.0187   0.1587   0.6027    0.014     0.04   0.1417   0.0296   0.0542   0.1222    0.184   0.3068   0.1516   0.0683   0.2363   0.0421   0.0764   0.2933   0.0773   0.0166   0.2326   0.1075   0.0828    0.099   0.2709   0.1932   0.2062   0.0357   0.1817   0.1227   0.3799    0.056   0.0465    0.066    0.015   0.1033   0.1753   0.0197   0.0856   0.0392   0.0401   0.1849   0.0408   0.0253   0.1426   0.0596   0.2031   0.3321   0.0953   0.1546   0.0219   0.0616      1.0   0.1115   0.0445   0.1452   0.1177   0.1946   0.0783    0.171   0.1317   0.1305   0.2974   0.0662   0.0687   0.1953   0.0421   0.1107   0.0683    0.009   0.0864    0.237   0.1207    0.017   0.0061   0.0237   0.1391   0.0821    0.099   0.1915   0.0067   0.1283   0.2913   0.1315   0.0618   0.1141   0.0181   0.2164    0.148   0.0349   0.1034   0.2289    0.508   0.0907   0.3844   0.1236   0.0173   0.0062   0.0483   0.1476   0.2479    0.141   0.1712   0.1835   0.0434   0.0387   0.1367   0.3471   0.0135   0.1497   0.0979   0.3096   0.3304   0.2359   0.0575   0.2022   0.0983   0.2656   0.1408   0.0503   0.1358   0.0487   0.0286   0.0707   0.1507   0.1336   0.1057   0.2234   0.0381   0.0915    0.017   0.0099   0.2471   0.3467   0.0306   0.2297   0.1264    0.279    0.045   0.1141   0.6103   0.1662   0.0678   0.0579   0.1408   0.3829   0.2001   0.0986   0.0943   0.4708   0.0375   0.1336   0.1563   0.0745   0.0258   0.0596   0.1769   0.0248   0.1942   0.0278   0.1866   0.0713   0.0945   0.0233   0.1125   0.2199   0.1005   0.1035   0.1226   0.0442
  snr   -13.97
    H     4.86
 exon    False

M: alg2
 freq      0.0   0.0027   0.0055   0.0082   0.0109   0.0137   0.0164   0.0191   0.0219   0.0246   0.0273   0.0301   0.0328   0.0355   0.0383    0.041   0.0437   0.0464   0.0492   0.0519   0.0546   0.0574   0.0601   0.0628   0.0656   0.0683    0.071   0.0738   0.0765   0.0792    0.082   0.0847   0.0874   0.0902   0.0929   0.0956   0.0984   0.1011   0.1038   0.1066   0.1093    0.112   0.1148   0.1175   0.1202    0.123   0.1257   0.1284   0.1311   0.1339   0.1366   0.1393   0.1421   0.1448   0.1475   0.1503    0.153   0.1557   0.1585   0.1612   0.1639   0.1667   0.1694   0.1721   0.1749   0.1776   0.1803   0.1831   0.1858   0.1885   0.1913    0.194   0.1967   0.1995   0.2022   0.2049   0.2077   0.2104   0.2131   0.2158   0.2186   0.2213    0.224   0.2268   0.2295   0.2322    0.235   0.2377   0.2404   0.2432   0.2459   0.2486   0.2514   0.2541   0.2568   0.2596   0.2623    0.265   0.2678   0.2705   0.2732    0.276   0.2787   0.2814   0.2842   0.2869   0.2896   0.2923   0.2951   0.2978   0.3005   0.3033    0.306   0.3087   0.3115   0.3142   0.3169   0.3197   0.3224   0.3251   0.3279   0.3306   0.3333   0.3361   0.3388   0.3415   0.3443    0.347   0.3497   0.3525   0.3552   0.3579   0.3607   0.3634   0.3661   0.3689   0.3716   0.3743    0.377   0.3798   0.3825   0.3852    0.388   0.3907   0.3934   0.3962   0.3989   0.4016   0.4044   0.4071   0.4098   0.4126   0.4153    0.418   0.4208   0.4235   0.4262    0.429   0.4317   0.4344   0.4372   0.4399   0.4426   0.4454   0.4481   0.4508   0.4536   0.4563    0.459   0.4617   0.4645   0.4672   0.4699   0.4727   0.4754   0.4781   0.4809   0.4836   0.4863   0.4891   0.4918   0.4945   0.4973
    S      0.0      1.0   0.1644   0.1315   0.1151   0.0111   0.1013   0.0433   0.2961   0.2977   0.0038    0.041   0.1191   0.0012   0.1849   0.2457   0.1317   0.0651   0.0249   0.0133   0.0022   0.1639    0.081   0.0469   0.0012   0.0677   0.0391   0.0566   0.0098   0.0464   0.1235    0.023   0.0068   0.0429   0.0248   0.0757   0.0857   0.0085   0.0522   0.0092   0.1326   0.0627   0.2381   0.1316   0.1483   0.0799   0.1188   0.0788   0.0178   0.1317    0.028   0.0275   0.0179   0.0604   0.0086   0.0099   0.0207   0.0485   0.1686   0.0241   0.1179   0.0158   0.0163   0.0116   0.0155   0.3112   0.0373    0.142   0.2385   0.0299   0.1388   0.1391   0.0572   0.0127   0.0537   0.0159   0.2505   0.0225   0.1353   0.0719   0.1462   0.0194   0.0398   0.1455   0.0332   0.0198   0.0055   0.0231   0.1316   0.2235   0.0095   0.0652   0.0826   0.0299   0.0622   0.0045   0.0289   0.0703   0.0145   0.0114    0.084   0.0423   0.0424   0.1117   0.0121    0.142   0.0734   0.0284   0.0759   0.0048   0.0949   0.0474   0.0266   0.0156   0.0664   0.0534   0.1549    0.135   0.0687   0.1387   0.1573   0.0087   0.0258   0.0099   0.1629   0.0099   0.2929   0.0601     0.03   0.0191   0.2258   0.0434   0.0613   0.0057   0.0121     0.08   0.0427   0.0193   0.0248   0.0271   0.1059   0.0186   0.0196   0.0388   0.1369   0.0235    0.493   0.1471   0.0501   0.1097   0.0961   0.0666   0.1022   0.1736   0.0748    0.041   0.0739   0.0735   0.0517   0.0953   0.0953   0.0421   0.1981   0.0409   0.0448   0.0398   0.1696   0.0583   0.1895   0.0781   0.0381   0.1921   0.1603   0.1107   0.0446    0.046    0.024   0.1184   0.0526   0.0437   0.1165   0.0417   0.0602
  snr   -11.54
    H     4.74
 exon    False