>data-XV-cerevisiae-intergenic-74
N: 259
Methods: voss, eiip, qpsk, mem, alg1, alg2

M: voss
 freq      0.0   0.0039   0.0077   0.0116   0.0154   0.0193   0.0232    0.027   0.0309   0.0347   0.0386   0.0425   0.0463   0.0502   0.0541   0.0579   0.0618   0.0656   0.0695   0.0734   0.0772   0.0811   0.0849   0.0888   0.0927   0.0965   0.1004   0.1042   0.1081    0.112   0.1158   0.1197   0.1236   0.1274   0.1313   0.1351    0.139   0.1429   0.1467   0.1506   0.1544   0.1583   0.1622    0.166   0.1699   0.1737   0.1776   0.1815   0.1853   0.1892   0.1931   0.1969   0.2008   0.2046   0.2085   0.2124   0.2162   0.2201   0.2239   0.2278   0.2317   0.2355   0.2394   0.2432   0.2471    0.251   0.2548   0.2587   0.2625   0.2664   0.2703   0.2741    0.278   0.2819   0.2857   0.2896   0.2934   0.2973   0.3012    0.305   0.3089   0.3127   0.3166   0.3205   0.3243   0.3282    0.332   0.3359   0.3398   0.3436   0.3475   0.3514   0.3552   0.3591   0.3629   0.3668   0.3707   0.3745   0.3784   0.3822   0.3861     0.39   0.3938   0.3977   0.4015   0.4054   0.4093   0.4131    0.417   0.4208   0.4247   0.4286   0.4324   0.4363   0.4402    0.444   0.4479   0.4517   0.4556   0.4595   0.4633   0.4672    0.471   0.4749   0.4788   0.4826   0.4865   0.4903   0.4942   0.4981
    S      0.0   0.1858   0.1295   0.3406   0.1659    0.166   0.4541   0.2356   0.8442   0.2179   0.2461   0.4059   0.1714   0.8915   0.7209   0.1531   0.2002   0.4884   0.2047   0.0726   0.2651   0.4911    0.064   0.1451   0.3755   0.6786   0.4603   0.1295      1.0   0.1107   0.0819   0.1531   0.1238   0.0515   0.4879   0.3756   0.3868   0.2187   0.6127   0.1279   0.1602   0.1846   0.4518    0.106   0.0842   0.2285   0.3756   0.1454   0.2167   0.2404   0.2202   0.1526   0.2445    0.288   0.2352   0.2643   0.2359   0.2803   0.1839   0.4335   0.3342   0.2299   0.0268   0.3043   0.2228   0.0454   0.3298   0.1765    0.151   0.1014    0.224   0.1935   0.1582   0.2857   0.1404   0.2099   0.2036   0.4227   0.2457   0.1263   0.4389   0.4717   0.2753     0.29   0.0818   0.1608   0.0357   0.2681   0.0756   0.1288   0.2133   0.1644   0.0865   0.0541   0.3747   0.3894   0.3133    0.252   0.3468   0.1535   0.2692   0.2986   0.6664   0.3712   0.4166   0.1627   0.1376   0.2199   0.5199   0.4436   0.1861   0.4946   0.1247   0.1481   0.1089   0.2751   0.1127   0.2298   0.1697   0.3652   0.3031   0.1447    0.254   0.2569   0.1784     0.43    0.459   0.2091   0.2298   0.1151
  snr   -15.23
    H     4.68
 exon    False

M: eiip
 freq      0.0   0.0039   0.0077   0.0116   0.0154   0.0193   0.0232    0.027   0.0309   0.0347   0.0386   0.0425   0.0463   0.0502   0.0541   0.0579   0.0618   0.0656   0.0695   0.0734   0.0772   0.0811   0.0849   0.0888   0.0927   0.0965   0.1004   0.1042   0.1081    0.112   0.1158   0.1197   0.1236   0.1274   0.1313   0.1351    0.139   0.1429   0.1467   0.1506   0.1544   0.1583   0.1622    0.166   0.1699   0.1737   0.1776   0.1815   0.1853   0.1892   0.1931   0.1969   0.2008   0.2046   0.2085   0.2124   0.2162   0.2201   0.2239   0.2278   0.2317   0.2355   0.2394   0.2432   0.2471    0.251   0.2548   0.2587   0.2625   0.2664   0.2703   0.2741    0.278   0.2819   0.2857   0.2896   0.2934   0.2973   0.3012    0.305   0.3089   0.3127   0.3166   0.3205   0.3243   0.3282    0.332   0.3359   0.3398   0.3436   0.3475   0.3514   0.3552   0.3591   0.3629   0.3668   0.3707   0.3745   0.3784   0.3822   0.3861     0.39   0.3938   0.3977   0.4015   0.4054   0.4093   0.4131    0.417   0.4208   0.4247   0.4286   0.4324   0.4363   0.4402    0.444   0.4479   0.4517   0.4556   0.4595   0.4633   0.4672    0.471   0.4749   0.4788   0.4826   0.4865   0.4903   0.4942   0.4981
    S      0.0   0.2751   0.0321   0.0461   0.0388   0.4108   0.1941   0.0255    0.886   0.5359   0.2454   0.3968   0.0121   0.2237   0.9891   0.0142   0.1298   0.7301   0.1592   0.1717   0.2938   0.3473   0.1118   0.0151   0.3243   0.4498    0.537   0.0413   0.0778   0.2544   0.1283   0.3186   0.0117   0.0059   0.1116   0.4882    0.565    0.296   0.0078   0.1586   0.1469   0.0876   0.0182   0.1782   0.0046   0.2265   0.1387     0.06   0.0324   0.2296   0.2389   0.0143   0.4518   0.5699   0.1117   0.4372   0.0147   0.2636   0.2577   0.1766   0.3143   0.1933   0.0299   0.1177   0.3238   0.0426    0.201   0.2677   0.2015   0.1487   0.1197   0.2626   0.1749   0.0342    0.003    0.087   0.2105   0.1955   0.1094   0.0439   0.0803    0.315   0.4656   0.2055   0.0424   0.0628    0.037   0.2003   0.0129   0.2089   0.2296   0.2687   0.0846     0.04   0.2133   0.6729   0.1548   0.6476   0.1104   0.2307   0.3411   0.2809   0.3422      1.0   0.4413   0.1797   0.3494   0.0146   0.4877   0.1378   0.0577   0.1959   0.1704    0.193   0.0484   0.0222   0.0708   0.2184   0.0432   0.0203   0.4392    0.394   0.3092   0.4787   0.2864   0.0074   0.3391   0.1111   0.1912   0.0409
  snr   -14.36
    H     4.48
 exon    False

M: qpsk
 freq      0.0   0.0039   0.0077   0.0116   0.0154   0.0193   0.0232    0.027   0.0309   0.0347   0.0386   0.0425   0.0463   0.0502   0.0541   0.0579   0.0618   0.0656   0.0695   0.0734   0.0772   0.0811   0.0849   0.0888   0.0927   0.0965   0.1004   0.1042   0.1081    0.112   0.1158   0.1197   0.1236   0.1274   0.1313   0.1351    0.139   0.1429   0.1467   0.1506   0.1544   0.1583   0.1622    0.166   0.1699   0.1737   0.1776   0.1815   0.1853   0.1892   0.1931   0.1969   0.2008   0.2046   0.2085   0.2124   0.2162   0.2201   0.2239   0.2278   0.2317   0.2355   0.2394   0.2432   0.2471    0.251   0.2548   0.2587   0.2625   0.2664   0.2703   0.2741    0.278   0.2819   0.2857   0.2896   0.2934   0.2973   0.3012    0.305   0.3089   0.3127   0.3166   0.3205   0.3243   0.3282    0.332   0.3359   0.3398   0.3436   0.3475   0.3514   0.3552   0.3591   0.3629   0.3668   0.3707   0.3745   0.3784   0.3822   0.3861     0.39   0.3938   0.3977   0.4015   0.4054   0.4093   0.4131    0.417   0.4208   0.4247   0.4286   0.4324   0.4363   0.4402    0.444   0.4479   0.4517   0.4556   0.4595   0.4633   0.4672    0.471   0.4749   0.4788   0.4826   0.4865   0.4903   0.4942   0.4981
    S      0.0   0.1718   0.1058   0.1715   0.0344   0.2052   0.2113    0.283      1.0   0.1628    0.289   0.3524   0.1781   0.7538   0.0853   0.0761   0.0454   0.4907   0.1165   0.0841   0.2593   0.5148    0.037   0.1522   0.3741   0.7244   0.4349   0.1189    0.654   0.0849    0.091   0.1727   0.0575   0.0374   0.2766   0.4234    0.178   0.1445   0.2607   0.0538   0.1869   0.1659    0.128   0.0464   0.0991     0.22    0.208    0.126   0.1044    0.294    0.202   0.1796   0.2635    0.297   0.1313   0.0789   0.1507   0.2585   0.1417   0.3561   0.1253   0.2803   0.0225   0.2693   0.1861   0.0492    0.366   0.2018   0.1766   0.0848   0.0727   0.2294   0.1821   0.2314   0.1187    0.012   0.1321   0.3923   0.2746   0.1259   0.4007   0.4994    0.163   0.3056   0.0792   0.1402   0.0312   0.3279   0.0651   0.1196   0.2381   0.1155   0.1016   0.0539   0.3876   0.4611   0.2946   0.2476   0.1836   0.1716    0.199   0.3177   0.6201   0.2739   0.4978   0.0959   0.1256    0.116   0.4597   0.1609   0.1472   0.1579   0.0725   0.1598   0.0848   0.2875   0.1397   0.2377   0.1545   0.1477   0.1885   0.1162   0.1727   0.3024   0.1715   0.2282   0.5101   0.2388   0.2548   0.0156
  snr   -14.33
    H     4.63
 exon    False

M: mem
 freq      0.0   0.0039   0.0078   0.0116   0.0155   0.0194   0.0233   0.0271    0.031   0.0349   0.0388   0.0426   0.0465   0.0504   0.0543   0.0581    0.062   0.0659   0.0698   0.0736   0.0775   0.0814   0.0853   0.0891    0.093   0.0969   0.1008   0.1047   0.1085   0.1124   0.1163   0.1202    0.124   0.1279   0.1318   0.1357   0.1395   0.1434   0.1473   0.1512    0.155   0.1589   0.1628   0.1667   0.1705   0.1744   0.1783   0.1822    0.186   0.1899   0.1938   0.1977   0.2016   0.2054   0.2093   0.2132   0.2171   0.2209   0.2248   0.2287   0.2326   0.2364   0.2403   0.2442   0.2481   0.2519   0.2558   0.2597   0.2636   0.2674   0.2713   0.2752   0.2791   0.2829   0.2868   0.2907   0.2946   0.2984   0.3023   0.3062   0.3101    0.314   0.3178   0.3217   0.3256   0.3295   0.3333   0.3372   0.3411    0.345   0.3488   0.3527   0.3566   0.3605   0.3643   0.3682   0.3721    0.376   0.3798   0.3837   0.3876   0.3915   0.3953   0.3992   0.4031    0.407   0.4109   0.4147   0.4186   0.4225   0.4264   0.4302   0.4341    0.438   0.4419   0.4457   0.4496   0.4535   0.4574   0.4612   0.4651    0.469   0.4729   0.4767   0.4806   0.4845   0.4884   0.4922   0.4961
    S      0.0   0.2398   0.0655    0.042   0.0567   0.1878    0.057   0.2631      1.0   0.2609   0.1039   0.0883   0.1212   0.3289   0.3225   0.0359   0.0365   0.0694   0.0043    0.039   0.0414   0.4753   0.0837   0.2591   0.1215   0.1757   0.7121   0.0084   0.1382    0.041   0.0573   0.0375   0.0032   0.0154   0.0379   0.0071   0.1257    0.091    0.002   0.0408   0.1688   0.0093   0.0025   0.1372   0.1706   0.0097   0.0433   0.0373   0.0843   0.2079   0.0374   0.0792   0.2693   0.0311   0.1662   0.2208   0.0399   0.2075   0.1744   0.0291   0.2953   0.1806   0.0768   0.5009   0.1949   0.2455   0.4064    0.254   0.0999   0.1954   0.0182   0.0703   0.1151   0.2263   0.0366   0.0842   0.5082   0.0517   0.0099   0.0336   0.0821   0.0001   0.0944   0.2692   0.0672    0.023   0.2059   0.1935   0.0454   0.0197   0.2671   0.0746   0.0384   0.0454   0.4896   0.2267   0.3613   0.3066   0.0009   0.0033   0.4534    0.049   0.0061   0.4876   0.1831   0.0594   0.0177   0.0274   0.5305   0.2372   0.3682   0.0009   0.0104   0.0061   0.1208   0.0592   0.2948   0.0128   0.0367   0.0295   0.2371   0.0435   0.0315   0.2598    0.081   0.1067   0.0365    0.067    0.131
  snr   -12.39
    H     4.34
 exon    False

M: alg1
 freq      0.0   0.0039   0.0077   0.0116   0.0154   0.0193   0.0232    0.027   0.0309   0.0347   0.0386   0.0425   0.0463   0.0502   0.0541   0.0579   0.0618   0.0656   0.0695   0.0734   0.0772   0.0811   0.0849   0.0888   0.0927   0.0965   0.1004   0.1042   0.1081    0.112   0.1158   0.1197   0.1236   0.1274   0.1313   0.1351    0.139   0.1429   0.1467   0.1506   0.1544   0.1583   0.1622    0.166   0.1699   0.1737   0.1776   0.1815   0.1853   0.1892   0.1931   0.1969   0.2008   0.2046   0.2085   0.2124   0.2162   0.2201   0.2239   0.2278   0.2317   0.2355   0.2394   0.2432   0.2471    0.251   0.2548   0.2587   0.2625   0.2664   0.2703   0.2741    0.278   0.2819   0.2857   0.2896   0.2934   0.2973   0.3012    0.305   0.3089   0.3127   0.3166   0.3205   0.3243   0.3282    0.332   0.3359   0.3398   0.3436   0.3475   0.3514   0.3552   0.3591   0.3629   0.3668   0.3707   0.3745   0.3784   0.3822   0.3861     0.39   0.3938   0.3977   0.4015   0.4054   0.4093   0.4131    0.417   0.4208   0.4247   0.4286   0.4324   0.4363   0.4402    0.444   0.4479   0.4517   0.4556   0.4595   0.4633   0.4672    0.471   0.4749   0.4788   0.4826   0.4865   0.4903   0.4942   0.4981
    S      0.0   0.2056   0.0543    0.216   0.1113   0.1469   0.2245   0.1241      1.0   0.1587   0.1149   0.1437   0.1193   0.8668   0.3506   0.1242   0.1083   0.1262   0.1167   0.0471   0.1538   0.2903   0.0285   0.1107   0.3803   0.4425   0.5347   0.0476   0.9423   0.0324   0.0594   0.0188   0.1016   0.0505   0.2765   0.0359   0.1504   0.1165    0.484   0.0425    0.205   0.0813   0.3309   0.0759   0.0453   0.0686   0.1821   0.0908    0.183   0.1246   0.0271   0.1042   0.1916   0.1009   0.2097   0.1516   0.1562   0.3229   0.1401   0.2534   0.1907   0.0435   0.0056   0.3092   0.2619   0.0563   0.3438   0.1083    0.136    0.113    0.118   0.0629   0.1688   0.1597   0.0969   0.1322   0.1124   0.4198   0.0494   0.0932    0.269   0.1613   0.1481   0.3282   0.0449   0.0738   0.0412   0.3395   0.0533   0.0252    0.099   0.1601   0.0801   0.0633   0.4369   0.3642   0.0829   0.2729   0.2606   0.1442   0.2075    0.133   0.3958   0.2162   0.4089   0.0493   0.0461   0.1874   0.5808   0.2594   0.1252   0.3883   0.0768   0.0062   0.0488   0.2804   0.0408   0.2665    0.074   0.2462   0.1511   0.0944   0.0839   0.0405   0.1872   0.3262   0.0878   0.0441   0.2097   0.0708
  snr   -13.52
    H     4.53
 exon    False

M: alg2
 freq      0.0   0.0039   0.0077   0.0116   0.0154   0.0193   0.0232    0.027   0.0309   0.0347   0.0386   0.0425   0.0463   0.0502   0.0541   0.0579   0.0618   0.0656   0.0695   0.0734   0.0772   0.0811   0.0849   0.0888   0.0927   0.0965   0.1004   0.1042   0.1081    0.112   0.1158   0.1197   0.1236   0.1274   0.1313   0.1351    0.139   0.1429   0.1467   0.1506   0.1544   0.1583   0.1622    0.166   0.1699   0.1737   0.1776   0.1815   0.1853   0.1892   0.1931   0.1969   0.2008   0.2046   0.2085   0.2124   0.2162   0.2201   0.2239   0.2278   0.2317   0.2355   0.2394   0.2432   0.2471    0.251   0.2548   0.2587   0.2625   0.2664   0.2703   0.2741    0.278   0.2819   0.2857   0.2896   0.2934   0.2973   0.3012    0.305   0.3089   0.3127   0.3166   0.3205   0.3243   0.3282    0.332   0.3359   0.3398   0.3436   0.3475   0.3514   0.3552   0.3591   0.3629   0.3668   0.3707   0.3745   0.3784   0.3822   0.3861     0.39   0.3938   0.3977   0.4015   0.4054   0.4093   0.4131    0.417   0.4208   0.4247   0.4286   0.4324   0.4363   0.4402    0.444   0.4479   0.4517   0.4556   0.4595   0.4633   0.4672    0.471   0.4749   0.4788   0.4826   0.4865   0.4903   0.4942   0.4981
    S      0.0   0.0597   0.0309   0.2928   0.1637   0.0239   0.4562   0.0166   0.0205   0.1608    0.004   0.2844   0.0655   0.2667      1.0   0.1124   0.2403   0.1828   0.1491   0.0198   0.0459   0.2045   0.0669    0.018   0.0515    0.041   0.1671   0.0156   0.5323   0.1018   0.0238   0.0698   0.0993    0.024   0.4281   0.1456   0.4516   0.1599   0.4884   0.1556   0.0166   0.0268   0.4107    0.097   0.0015   0.0745   0.3557   0.0252   0.1594   0.0086   0.1577   0.0221   0.0827   0.1516    0.161   0.2956   0.1446   0.0966   0.1217   0.3013   0.3133   0.0594   0.0213   0.1346   0.0919   0.0056   0.0272   0.0559   0.0336   0.0384   0.2561   0.0123   0.0152   0.0591   0.0484   0.2479   0.1098   0.1608   0.0175   0.0554   0.2554   0.0188   0.2578   0.0334   0.0393   0.0293   0.0121   0.0152   0.0253   0.0929   0.0642   0.0911   0.0084   0.0102   0.0941   0.0239   0.1301    0.106   0.1785   0.0335   0.1236   0.0939   0.0882   0.3216   0.0128   0.1574   0.1022   0.1287   0.1574     0.46   0.0462   0.4562   0.0955   0.0731   0.0368   0.0815   0.0083   0.0347   0.0281   0.2246   0.2885   0.1061   0.1858   0.0935   0.0478   0.3186   0.0484   0.0045    0.054   0.1318
  snr    -12.0
    H     4.38
 exon    False