>data-XV-cerevisiae-intergenic-455
N: 492
Methods: voss, eiip, qpsk, mem, alg1, alg2

M: voss
 freq      0.0    0.002   0.0041   0.0061   0.0081   0.0102   0.0122   0.0142   0.0163   0.0183   0.0203   0.0224   0.0244   0.0264   0.0285   0.0305   0.0325   0.0346   0.0366   0.0386   0.0407   0.0427   0.0447   0.0467   0.0488   0.0508   0.0528   0.0549   0.0569   0.0589    0.061    0.063    0.065   0.0671   0.0691   0.0711   0.0732   0.0752   0.0772   0.0793   0.0813   0.0833   0.0854   0.0874   0.0894   0.0915   0.0935   0.0955   0.0976   0.0996   0.1016   0.1037   0.1057   0.1077   0.1098   0.1118   0.1138   0.1159   0.1179   0.1199    0.122    0.124    0.126    0.128   0.1301   0.1321   0.1341   0.1362   0.1382   0.1402   0.1423   0.1443   0.1463   0.1484   0.1504   0.1524   0.1545   0.1565   0.1585   0.1606   0.1626   0.1646   0.1667   0.1687   0.1707   0.1728   0.1748   0.1768   0.1789   0.1809   0.1829    0.185    0.187    0.189   0.1911   0.1931   0.1951   0.1972   0.1992   0.2012   0.2033   0.2053   0.2073   0.2093   0.2114   0.2134   0.2154   0.2175   0.2195   0.2215   0.2236   0.2256   0.2276   0.2297   0.2317   0.2337   0.2358   0.2378   0.2398   0.2419   0.2439   0.2459    0.248     0.25    0.252   0.2541   0.2561   0.2581   0.2602   0.2622   0.2642   0.2663   0.2683   0.2703   0.2724   0.2744   0.2764   0.2785   0.2805   0.2825   0.2846   0.2866   0.2886   0.2907   0.2927   0.2947   0.2967   0.2988   0.3008   0.3028   0.3049   0.3069   0.3089    0.311    0.313    0.315   0.3171   0.3191   0.3211   0.3232   0.3252   0.3272   0.3293   0.3313   0.3333   0.3354   0.3374   0.3394   0.3415   0.3435   0.3455   0.3476   0.3496   0.3516   0.3537   0.3557   0.3577   0.3598   0.3618   0.3638   0.3659   0.3679   0.3699    0.372    0.374    0.376    0.378   0.3801   0.3821   0.3841   0.3862   0.3882   0.3902   0.3923   0.3943   0.3963   0.3984   0.4004   0.4024   0.4045   0.4065   0.4085   0.4106   0.4126   0.4146   0.4167   0.4187   0.4207   0.4228   0.4248   0.4268   0.4289   0.4309   0.4329    0.435    0.437    0.439   0.4411   0.4431   0.4451   0.4472   0.4492   0.4512   0.4533   0.4553   0.4573   0.4593   0.4614   0.4634   0.4654   0.4675   0.4695   0.4715   0.4736   0.4756   0.4776   0.4797   0.4817   0.4837   0.4858   0.4878   0.4898   0.4919   0.4939   0.4959    0.498
    S      0.0      1.0   0.5761   0.5153   0.1045   0.1811   0.1414   0.0995   0.1779   0.2229   0.3474   0.3794   0.1803   0.1983   0.0459   0.1036   0.0571   0.1108   0.1906   0.1382   0.1703   0.1548   0.0732   0.3317   0.1448   0.2025   0.1141   0.0559    0.145    0.099   0.1101   0.1356   0.0474   0.0688   0.0651   0.0717   0.1001   0.2738    0.112    0.195   0.1206   0.2454    0.047   0.0488   0.1072   0.1465   0.0566   0.0633   0.1121   0.2061   0.1145   0.0573   0.0884   0.0545   0.0653   0.0564   0.1058   0.0997   0.0575   0.1188   0.1968   0.1234   0.0368   0.1771   0.0552   0.0971   0.1895   0.1938   0.0384     0.13   0.0267   0.0408   0.1163   0.1516   0.1285   0.1159   0.1517   0.0321   0.0602   0.0701   0.1104   0.0642   0.0421   0.0273   0.1207   0.0553   0.1884   0.1045   0.1792   0.1683   0.1901    0.123   0.0492   0.1687   0.0479    0.131    0.109   0.0566   0.1172   0.0198    0.055   0.0475    0.099   0.1048   0.0533   0.0488   0.1283   0.1544   0.0201   0.0835   0.2237   0.0658    0.126   0.2393   0.1145   0.0368   0.0505   0.1482   0.2318   0.1459   0.0212   0.1287   0.1172   0.3126   0.0376   0.0753   0.1036   0.0574   0.0912   0.0639   0.1957    0.103   0.0367   0.0961   0.1661   0.0525   0.0361   0.0184    0.148     0.07   0.0505    0.204   0.0455   0.1097    0.112   0.1266   0.0813   0.0679    0.072   0.1005   0.0915   0.2549    0.081   0.0899   0.0476   0.1041   0.0473   0.0669   0.1012    0.059   0.0982   0.1165   0.0726   0.1427   0.1364   0.1039   0.0971   0.0694   0.2272   0.0924   0.0421   0.0694   0.1419   0.0994   0.0607   0.0545   0.0321   0.1621   0.0696   0.0263   0.0776   0.0868    0.208   0.0619   0.1071   0.2195   0.1564   0.3253   0.0785   0.1866   0.2654   0.0768   0.1037   0.0493   0.0628   0.2063   0.1323   0.1135   0.2087   0.2651   0.0697   0.2355   0.0815   0.1464   0.1739   0.2081   0.1798   0.1305   0.1523   0.0708   0.0933   0.1955   0.0186   0.1411   0.0211   0.1404   0.1148   0.0935   0.0903   0.0498   0.1225   0.1032   0.0259   0.3016   0.2061   0.0778   0.0837   0.0408   0.1972   0.0668   0.0956   0.0142   0.0517   0.0868   0.0451   0.1261    0.142   0.0374   0.1834   0.0925   0.1673   0.1577   0.0587   0.0937   0.2101   0.1008
  snr    -14.6
    H     5.28
 exon    False

M: eiip
 freq      0.0    0.002   0.0041   0.0061   0.0081   0.0102   0.0122   0.0142   0.0163   0.0183   0.0203   0.0224   0.0244   0.0264   0.0285   0.0305   0.0325   0.0346   0.0366   0.0386   0.0407   0.0427   0.0447   0.0467   0.0488   0.0508   0.0528   0.0549   0.0569   0.0589    0.061    0.063    0.065   0.0671   0.0691   0.0711   0.0732   0.0752   0.0772   0.0793   0.0813   0.0833   0.0854   0.0874   0.0894   0.0915   0.0935   0.0955   0.0976   0.0996   0.1016   0.1037   0.1057   0.1077   0.1098   0.1118   0.1138   0.1159   0.1179   0.1199    0.122    0.124    0.126    0.128   0.1301   0.1321   0.1341   0.1362   0.1382   0.1402   0.1423   0.1443   0.1463   0.1484   0.1504   0.1524   0.1545   0.1565   0.1585   0.1606   0.1626   0.1646   0.1667   0.1687   0.1707   0.1728   0.1748   0.1768   0.1789   0.1809   0.1829    0.185    0.187    0.189   0.1911   0.1931   0.1951   0.1972   0.1992   0.2012   0.2033   0.2053   0.2073   0.2093   0.2114   0.2134   0.2154   0.2175   0.2195   0.2215   0.2236   0.2256   0.2276   0.2297   0.2317   0.2337   0.2358   0.2378   0.2398   0.2419   0.2439   0.2459    0.248     0.25    0.252   0.2541   0.2561   0.2581   0.2602   0.2622   0.2642   0.2663   0.2683   0.2703   0.2724   0.2744   0.2764   0.2785   0.2805   0.2825   0.2846   0.2866   0.2886   0.2907   0.2927   0.2947   0.2967   0.2988   0.3008   0.3028   0.3049   0.3069   0.3089    0.311    0.313    0.315   0.3171   0.3191   0.3211   0.3232   0.3252   0.3272   0.3293   0.3313   0.3333   0.3354   0.3374   0.3394   0.3415   0.3435   0.3455   0.3476   0.3496   0.3516   0.3537   0.3557   0.3577   0.3598   0.3618   0.3638   0.3659   0.3679   0.3699    0.372    0.374    0.376    0.378   0.3801   0.3821   0.3841   0.3862   0.3882   0.3902   0.3923   0.3943   0.3963   0.3984   0.4004   0.4024   0.4045   0.4065   0.4085   0.4106   0.4126   0.4146   0.4167   0.4187   0.4207   0.4228   0.4248   0.4268   0.4289   0.4309   0.4329    0.435    0.437    0.439   0.4411   0.4431   0.4451   0.4472   0.4492   0.4512   0.4533   0.4553   0.4573   0.4593   0.4614   0.4634   0.4654   0.4675   0.4695   0.4715   0.4736   0.4756   0.4776   0.4797   0.4817   0.4837   0.4858   0.4878   0.4898   0.4919   0.4939   0.4959    0.498
    S      0.0      1.0   0.0821   0.4191   0.0733   0.0228   0.0118    0.018   0.0212   0.0728   0.2611   0.0616   0.0656    0.048   0.0329   0.0991    0.053   0.0522   0.2033   0.2128   0.0885   0.0036   0.0283   0.0627   0.0259   0.1027   0.1204    0.025   0.0139   0.1452   0.0363   0.0608   0.0494   0.0704   0.0416   0.0291   0.0024   0.2738   0.1986   0.1336   0.0758   0.0056   0.0525   0.0588   0.1601   0.0719    0.018    0.017     0.03    0.072   0.1281   0.0383   0.1395   0.0707   0.0062   0.0561   0.0587   0.0936    0.021   0.0035   0.0364   0.0556   0.0505   0.0442   0.0199   0.0526   0.2342   0.0422   0.0382   0.0348   0.0224    0.005   0.0072   0.0184    0.006   0.1227   0.1324   0.0532   0.0497   0.0411   0.0344   0.0085   0.0088    0.012   0.0321   0.0055   0.0071   0.0071   0.2611   0.2489   0.0791   0.0462   0.0431   0.0327   0.0249   0.0429   0.0316   0.1119   0.0509   0.0084   0.0104   0.0092   0.0775   0.0949   0.0648   0.0208   0.0837    0.141   0.0021   0.0287   0.0705   0.0496   0.0717   0.0815   0.1291   0.0097   0.0009   0.0487   0.0441   0.0557   0.0094   0.0766   0.1202   0.2177    0.041   0.0381   0.0513   0.1108   0.0078   0.0285   0.2418   0.0463   0.0374   0.0639   0.0697   0.0101   0.0156   0.0046   0.0941   0.0957   0.0485   0.0828   0.0817   0.0329   0.0502   0.1024   0.0587   0.0177   0.0373   0.0288   0.0649   0.1246   0.0804   0.0108   0.0487   0.1705   0.0403    0.004   0.0605   0.0999   0.0517   0.1206   0.0227   0.0857   0.0245   0.0095   0.0295   0.0105   0.2068   0.0474   0.0061   0.0451   0.2165   0.0533   0.1172    0.008    0.028   0.2055   0.0231   0.0273   0.0435   0.0679   0.0243   0.1091   0.1648    0.105   0.0522     0.05   0.0083   0.0743   0.0881   0.0665   0.0293   0.0145    0.065   0.1025   0.0401   0.1563   0.1303   0.5131   0.1188   0.0465   0.0882    0.039   0.2425   0.0206   0.0489   0.0776   0.0637   0.0559   0.0098   0.1265   0.0213   0.0127   0.0236   0.0039   0.1162   0.1521   0.0685   0.0139   0.0546   0.0048   0.0407   0.0877    0.061   0.0009   0.1377   0.0727   0.1919   0.0774   0.0207   0.0131   0.0174   0.0381   0.0001   0.0058   0.0436   0.0163    0.065   0.1171   0.0913   0.2576   0.0454   0.0041   0.1633   0.0507
  snr   -12.22
    H     5.02
 exon    False

M: qpsk
 freq      0.0    0.002   0.0041   0.0061   0.0081   0.0102   0.0122   0.0142   0.0163   0.0183   0.0203   0.0224   0.0244   0.0264   0.0285   0.0305   0.0325   0.0346   0.0366   0.0386   0.0407   0.0427   0.0447   0.0467   0.0488   0.0508   0.0528   0.0549   0.0569   0.0589    0.061    0.063    0.065   0.0671   0.0691   0.0711   0.0732   0.0752   0.0772   0.0793   0.0813   0.0833   0.0854   0.0874   0.0894   0.0915   0.0935   0.0955   0.0976   0.0996   0.1016   0.1037   0.1057   0.1077   0.1098   0.1118   0.1138   0.1159   0.1179   0.1199    0.122    0.124    0.126    0.128   0.1301   0.1321   0.1341   0.1362   0.1382   0.1402   0.1423   0.1443   0.1463   0.1484   0.1504   0.1524   0.1545   0.1565   0.1585   0.1606   0.1626   0.1646   0.1667   0.1687   0.1707   0.1728   0.1748   0.1768   0.1789   0.1809   0.1829    0.185    0.187    0.189   0.1911   0.1931   0.1951   0.1972   0.1992   0.2012   0.2033   0.2053   0.2073   0.2093   0.2114   0.2134   0.2154   0.2175   0.2195   0.2215   0.2236   0.2256   0.2276   0.2297   0.2317   0.2337   0.2358   0.2378   0.2398   0.2419   0.2439   0.2459    0.248     0.25    0.252   0.2541   0.2561   0.2581   0.2602   0.2622   0.2642   0.2663   0.2683   0.2703   0.2724   0.2744   0.2764   0.2785   0.2805   0.2825   0.2846   0.2866   0.2886   0.2907   0.2927   0.2947   0.2967   0.2988   0.3008   0.3028   0.3049   0.3069   0.3089    0.311    0.313    0.315   0.3171   0.3191   0.3211   0.3232   0.3252   0.3272   0.3293   0.3313   0.3333   0.3354   0.3374   0.3394   0.3415   0.3435   0.3455   0.3476   0.3496   0.3516   0.3537   0.3557   0.3577   0.3598   0.3618   0.3638   0.3659   0.3679   0.3699    0.372    0.374    0.376    0.378   0.3801   0.3821   0.3841   0.3862   0.3882   0.3902   0.3923   0.3943   0.3963   0.3984   0.4004   0.4024   0.4045   0.4065   0.4085   0.4106   0.4126   0.4146   0.4167   0.4187   0.4207   0.4228   0.4248   0.4268   0.4289   0.4309   0.4329    0.435    0.437    0.439   0.4411   0.4431   0.4451   0.4472   0.4492   0.4512   0.4533   0.4553   0.4573   0.4593   0.4614   0.4634   0.4654   0.4675   0.4695   0.4715   0.4736   0.4756   0.4776   0.4797   0.4817   0.4837   0.4858   0.4878   0.4898   0.4919   0.4939   0.4959    0.498
    S      0.0      1.0   0.2912   0.5094   0.0028   0.1564   0.1118   0.1027   0.0712   0.1458   0.3868   0.2256   0.1687   0.2064    0.031   0.1119   0.0654   0.0658   0.0538   0.1004   0.1555   0.0739     0.06   0.3626   0.1151   0.2119    0.095   0.0095    0.115   0.0904   0.1207   0.0701   0.0495   0.0685   0.0684   0.0681   0.0422   0.2809    0.093   0.1138   0.1207    0.128   0.0515   0.0485   0.0892   0.0234   0.0616    0.041   0.0822   0.1093   0.1236   0.0635   0.0817   0.0388   0.0642    0.063   0.1137   0.1101   0.0517    0.074   0.1502   0.1164   0.0051   0.1736   0.0435   0.1054   0.0908   0.1428   0.0178   0.1221   0.0297   0.0209   0.0432    0.123   0.0998   0.1151   0.1554   0.0369   0.0389   0.0331   0.0532   0.0383   0.0318   0.0127   0.0081    0.042   0.0839   0.0824   0.1294   0.1442    0.162   0.0073   0.0096    0.021   0.0423   0.1086   0.1211   0.0398   0.0337   0.0152   0.0523   0.0153   0.0448   0.0571   0.0265    0.043   0.0724   0.0062   0.0162   0.0959   0.1547   0.0644     0.13   0.0698   0.1246   0.0377   0.0284   0.0895   0.1817   0.1127   0.0233   0.0734   0.1147   0.3133   0.0369   0.0699   0.1153   0.0544   0.0584   0.0421   0.1776   0.0983   0.0374   0.0958   0.1426   0.0348   0.0368   0.0059   0.1124   0.0725   0.0531    0.136   0.0445   0.0446   0.1049   0.0503   0.0269   0.0637   0.0683    0.094   0.0985   0.1509   0.0836    0.088   0.0331   0.0716   0.0484   0.0524    0.093   0.0573   0.0636   0.0711   0.0383   0.1076   0.0963   0.0509   0.0831   0.0632   0.0759   0.0788   0.0372   0.0662   0.0933   0.1056   0.0384   0.0514   0.0259   0.0985   0.0342   0.0302   0.0883   0.0822   0.1121   0.0607   0.0395   0.1203   0.1269   0.3225   0.0744   0.1926   0.2283   0.0776   0.0151   0.0459   0.0255    0.234   0.0986   0.0826   0.2104   0.1873   0.0459   0.1436   0.0634   0.1374    0.054   0.1724   0.1888   0.1369   0.0544   0.0765   0.0588    0.118   0.0052   0.1554   0.0158   0.0752   0.0629   0.0811   0.0446    0.045   0.0833   0.1174   0.0274   0.1689   0.2047   0.0504   0.0645   0.0242   0.2242   0.0441   0.0575    0.016   0.0568   0.0539   0.0176   0.0619   0.1225   0.0027   0.1844   0.0986   0.1061   0.0456   0.0348    0.076   0.1279   0.0915
  snr   -13.36
    H      5.2
 exon    False

M: mem
 freq      0.0    0.002   0.0041   0.0061   0.0081   0.0102   0.0122   0.0142   0.0163   0.0183   0.0203   0.0224   0.0244   0.0264   0.0285   0.0305   0.0325   0.0346   0.0366   0.0386   0.0407   0.0427   0.0447   0.0467   0.0488   0.0508   0.0528   0.0549   0.0569   0.0589    0.061    0.063    0.065   0.0671   0.0691   0.0711   0.0732   0.0752   0.0772   0.0793   0.0813   0.0833   0.0854   0.0874   0.0894   0.0915   0.0935   0.0955   0.0976   0.0996   0.1016   0.1037   0.1057   0.1077   0.1098   0.1118   0.1138   0.1159   0.1179   0.1199    0.122    0.124    0.126    0.128   0.1301   0.1321   0.1341   0.1362   0.1382   0.1402   0.1423   0.1443   0.1463   0.1484   0.1504   0.1524   0.1545   0.1565   0.1585   0.1606   0.1626   0.1646   0.1667   0.1687   0.1707   0.1728   0.1748   0.1768   0.1789   0.1809   0.1829    0.185    0.187    0.189   0.1911   0.1931   0.1951   0.1972   0.1992   0.2012   0.2033   0.2053   0.2073   0.2093   0.2114   0.2134   0.2154   0.2175   0.2195   0.2215   0.2236   0.2256   0.2276   0.2297   0.2317   0.2337   0.2358   0.2378   0.2398   0.2419   0.2439   0.2459    0.248     0.25    0.252   0.2541   0.2561   0.2581   0.2602   0.2622   0.2642   0.2663   0.2683   0.2703   0.2724   0.2744   0.2764   0.2785   0.2805   0.2825   0.2846   0.2866   0.2886   0.2907   0.2927   0.2947   0.2967   0.2988   0.3008   0.3028   0.3049   0.3069   0.3089    0.311    0.313    0.315   0.3171   0.3191   0.3211   0.3232   0.3252   0.3272   0.3293   0.3313   0.3333   0.3354   0.3374   0.3394   0.3415   0.3435   0.3455   0.3476   0.3496   0.3516   0.3537   0.3557   0.3577   0.3598   0.3618   0.3638   0.3659   0.3679   0.3699    0.372    0.374    0.376    0.378   0.3801   0.3821   0.3841   0.3862   0.3882   0.3902   0.3923   0.3943   0.3963   0.3984   0.4004   0.4024   0.4045   0.4065   0.4085   0.4106   0.4126   0.4146   0.4167   0.4187   0.4207   0.4228   0.4248   0.4268   0.4289   0.4309   0.4329    0.435    0.437    0.439   0.4411   0.4431   0.4451   0.4472   0.4492   0.4512   0.4533   0.4553   0.4573   0.4593   0.4614   0.4634   0.4654   0.4675   0.4695   0.4715   0.4736   0.4756   0.4776   0.4797   0.4817   0.4837   0.4858   0.4878   0.4898   0.4919   0.4939   0.4959    0.498
    S      0.0      1.0    0.011   0.3609   0.0004   0.0869   0.0151   0.0078   0.0443   0.1306   0.0349   0.2015   0.0476   0.0019   0.0033   0.1022   0.0519   0.0665   0.0095   0.0584   0.1437   0.0511   0.0519   0.1651   0.0161   0.0849   0.0335   0.0015   0.0245   0.0695   0.0609   0.0255   0.0257   0.0457   0.0329   0.0266   0.0099    0.194   0.0334    0.014   0.0177   0.0993   0.0524   0.0349    0.067   0.0128   0.0359   0.0014   0.0929   0.0165   0.0557   0.0411   0.0548   0.0177   0.0157     0.01   0.0171   0.0242    0.043   0.0225   0.0581   0.0969   0.0023   0.0839   0.0154   0.0669   0.0637   0.1304   0.0044   0.0324   0.0101   0.0144   0.0367   0.0433   0.0266   0.0374   0.1592    0.035   0.0246   0.0087   0.0181   0.0192   0.0068   0.0052   0.0102   0.0083   0.0871   0.0657   0.1079   0.1092   0.0611   0.0063      0.0   0.0303   0.0366   0.1024   0.0564    0.019   0.0061   0.0069   0.0071    0.008   0.0368   0.0295   0.0223   0.0113   0.0015   0.0032   0.0049   0.0061   0.0659   0.0056   0.1099    0.034   0.1038   0.0222   0.0068    0.098   0.1683   0.0745   0.0059   0.0601   0.1033   0.1592    0.009   0.0175   0.0096   0.0345   0.0487   0.0227   0.0742   0.0128   0.0181    0.066   0.1295   0.0345   0.0272   0.0007   0.0549   0.0324   0.0246   0.1067   0.0229   0.0528   0.0376   0.0297   0.0179   0.0367   0.0658   0.0383   0.0381   0.0321   0.0443   0.0116   0.0024    0.034   0.0186   0.0255   0.0767   0.0483   0.0031   0.0285   0.0289   0.0433    0.107   0.0271   0.0107   0.0067   0.0532   0.0718    0.013   0.0524   0.0467   0.0242   0.0308   0.0226   0.0197   0.0898   0.0374    0.025   0.0141   0.0153   0.0355   0.0282     0.02   0.0131    0.012   0.1443   0.0013   0.0587   0.1134   0.0637   0.0175   0.0154   0.0147   0.1135   0.0474   0.0616   0.0025   0.0988   0.0225   0.1367   0.0111   0.0348   0.0184   0.0572   0.0261   0.1264   0.0073   0.0462   0.0058   0.0713   0.0001   0.0084   0.0056   0.0661   0.0305   0.0691   0.0203   0.0039    0.006   0.0008   0.0242   0.1446   0.0298   0.0292    0.033    0.015   0.0733   0.0323   0.0008   0.0146   0.0086   0.0276   0.0203   0.0081    0.014   0.0031   0.1576   0.0312   0.0778    0.017   0.0062   0.0008   0.0062   0.0971
  snr   -10.24
    H     4.92
 exon    False

M: alg1
 freq      0.0    0.002   0.0041   0.0061   0.0081   0.0102   0.0122   0.0142   0.0163   0.0183   0.0203   0.0224   0.0244   0.0264   0.0285   0.0305   0.0325   0.0346   0.0366   0.0386   0.0407   0.0427   0.0447   0.0467   0.0488   0.0508   0.0528   0.0549   0.0569   0.0589    0.061    0.063    0.065   0.0671   0.0691   0.0711   0.0732   0.0752   0.0772   0.0793   0.0813   0.0833   0.0854   0.0874   0.0894   0.0915   0.0935   0.0955   0.0976   0.0996   0.1016   0.1037   0.1057   0.1077   0.1098   0.1118   0.1138   0.1159   0.1179   0.1199    0.122    0.124    0.126    0.128   0.1301   0.1321   0.1341   0.1362   0.1382   0.1402   0.1423   0.1443   0.1463   0.1484   0.1504   0.1524   0.1545   0.1565   0.1585   0.1606   0.1626   0.1646   0.1667   0.1687   0.1707   0.1728   0.1748   0.1768   0.1789   0.1809   0.1829    0.185    0.187    0.189   0.1911   0.1931   0.1951   0.1972   0.1992   0.2012   0.2033   0.2053   0.2073   0.2093   0.2114   0.2134   0.2154   0.2175   0.2195   0.2215   0.2236   0.2256   0.2276   0.2297   0.2317   0.2337   0.2358   0.2378   0.2398   0.2419   0.2439   0.2459    0.248     0.25    0.252   0.2541   0.2561   0.2581   0.2602   0.2622   0.2642   0.2663   0.2683   0.2703   0.2724   0.2744   0.2764   0.2785   0.2805   0.2825   0.2846   0.2866   0.2886   0.2907   0.2927   0.2947   0.2967   0.2988   0.3008   0.3028   0.3049   0.3069   0.3089    0.311    0.313    0.315   0.3171   0.3191   0.3211   0.3232   0.3252   0.3272   0.3293   0.3313   0.3333   0.3354   0.3374   0.3394   0.3415   0.3435   0.3455   0.3476   0.3496   0.3516   0.3537   0.3557   0.3577   0.3598   0.3618   0.3638   0.3659   0.3679   0.3699    0.372    0.374    0.376    0.378   0.3801   0.3821   0.3841   0.3862   0.3882   0.3902   0.3923   0.3943   0.3963   0.3984   0.4004   0.4024   0.4045   0.4065   0.4085   0.4106   0.4126   0.4146   0.4167   0.4187   0.4207   0.4228   0.4248   0.4268   0.4289   0.4309   0.4329    0.435    0.437    0.439   0.4411   0.4431   0.4451   0.4472   0.4492   0.4512   0.4533   0.4553   0.4573   0.4593   0.4614   0.4634   0.4654   0.4675   0.4695   0.4715   0.4736   0.4756   0.4776   0.4797   0.4817   0.4837   0.4858   0.4878   0.4898   0.4919   0.4939   0.4959    0.498
    S      0.0      1.0   0.1346    0.351    0.044   0.1453    0.031   0.0301   0.1859   0.2107   0.0073   0.3861   0.0483   0.0258   0.0084   0.0971   0.0442   0.1053   0.0321   0.0074   0.1834   0.1533   0.0844   0.2243   0.0309   0.1171   0.0059    0.021   0.0432   0.0323   0.0745   0.0413   0.0176   0.0446   0.0286   0.0258   0.0467   0.1802   0.0055    0.008   0.0225   0.2465   0.0491   0.0191   0.0275   0.1107   0.0477   0.0214   0.1532   0.1322   0.0381   0.0408    0.026   0.0011   0.0338   0.0012   0.0238   0.0122   0.0595   0.0754    0.107   0.1366   0.0066   0.1096   0.0289   0.0745   0.0564    0.215   0.0013    0.029   0.0059   0.0433    0.133   0.1245   0.0905   0.0082    0.173    0.024   0.0277   0.0347   0.0476   0.0392   0.0277   0.0178   0.0871   0.0356   0.2016   0.1275   0.1003   0.0461   0.0726   0.0814   0.0198   0.1627   0.0503   0.1625   0.0647   0.0009   0.0341    0.012    0.017   0.0436   0.0602   0.0646   0.0216   0.0061   0.0269   0.0604   0.0087   0.0061   0.0951   0.0052   0.1325   0.1189   0.0919   0.0311   0.0222   0.1777   0.2989   0.1031    0.005   0.0968   0.0944   0.1751   0.0012    0.005   0.0033   0.0128   0.0983    0.034   0.0201   0.0029   0.0106     0.08   0.1779   0.0607   0.0364   0.0086    0.093   0.0105   0.0159   0.2012   0.0057   0.1181   0.0283    0.042   0.0488   0.0503   0.0845   0.0507   0.0288    0.163   0.0326   0.0403   0.0061   0.0137   0.0093   0.0506   0.0896   0.0234   0.0331   0.0316   0.0741   0.0345   0.1891   0.1058   0.0016     0.01   0.1356    0.098   0.0215   0.0584   0.0031    0.013   0.0063   0.0368   0.0256   0.0794   0.0713   0.0212   0.0088   0.0114   0.1264   0.0046   0.0187   0.1068   0.0052   0.2142   0.0063    0.077   0.1939   0.0649   0.0917   0.0186   0.0283   0.0989   0.0774   0.0468   0.0221   0.0185   0.0108   0.2456   0.0123   0.0378    0.025   0.1676   0.0351   0.1518   0.0917    0.034   0.0372   0.0929   0.0064   0.0367   0.0015    0.174   0.0532   0.0379   0.0279   0.0006   0.0542   0.0049   0.0155   0.2984   0.0161   0.0827   0.0216    0.004   0.0426   0.0271    0.021   0.0141   0.0047   0.0482   0.0573   0.0431   0.0274   0.0288   0.2181   0.0109   0.1202   0.0177   0.0058   0.0046   0.0757   0.1304
  snr   -11.96
    H     4.96
 exon    False

M: alg2
 freq      0.0    0.002   0.0041   0.0061   0.0081   0.0102   0.0122   0.0142   0.0163   0.0183   0.0203   0.0224   0.0244   0.0264   0.0285   0.0305   0.0325   0.0346   0.0366   0.0386   0.0407   0.0427   0.0447   0.0467   0.0488   0.0508   0.0528   0.0549   0.0569   0.0589    0.061    0.063    0.065   0.0671   0.0691   0.0711   0.0732   0.0752   0.0772   0.0793   0.0813   0.0833   0.0854   0.0874   0.0894   0.0915   0.0935   0.0955   0.0976   0.0996   0.1016   0.1037   0.1057   0.1077   0.1098   0.1118   0.1138   0.1159   0.1179   0.1199    0.122    0.124    0.126    0.128   0.1301   0.1321   0.1341   0.1362   0.1382   0.1402   0.1423   0.1443   0.1463   0.1484   0.1504   0.1524   0.1545   0.1565   0.1585   0.1606   0.1626   0.1646   0.1667   0.1687   0.1707   0.1728   0.1748   0.1768   0.1789   0.1809   0.1829    0.185    0.187    0.189   0.1911   0.1931   0.1951   0.1972   0.1992   0.2012   0.2033   0.2053   0.2073   0.2093   0.2114   0.2134   0.2154   0.2175   0.2195   0.2215   0.2236   0.2256   0.2276   0.2297   0.2317   0.2337   0.2358   0.2378   0.2398   0.2419   0.2439   0.2459    0.248     0.25    0.252   0.2541   0.2561   0.2581   0.2602   0.2622   0.2642   0.2663   0.2683   0.2703   0.2724   0.2744   0.2764   0.2785   0.2805   0.2825   0.2846   0.2866   0.2886   0.2907   0.2927   0.2947   0.2967   0.2988   0.3008   0.3028   0.3049   0.3069   0.3089    0.311    0.313    0.315   0.3171   0.3191   0.3211   0.3232   0.3252   0.3272   0.3293   0.3313   0.3333   0.3354   0.3374   0.3394   0.3415   0.3435   0.3455   0.3476   0.3496   0.3516   0.3537   0.3557   0.3577   0.3598   0.3618   0.3638   0.3659   0.3679   0.3699    0.372    0.374    0.376    0.378   0.3801   0.3821   0.3841   0.3862   0.3882   0.3902   0.3923   0.3943   0.3963   0.3984   0.4004   0.4024   0.4045   0.4065   0.4085   0.4106   0.4126   0.4146   0.4167   0.4187   0.4207   0.4228   0.4248   0.4268   0.4289   0.4309   0.4329    0.435    0.437    0.439   0.4411   0.4431   0.4451   0.4472   0.4492   0.4512   0.4533   0.4553   0.4573   0.4593   0.4614   0.4634   0.4654   0.4675   0.4695   0.4715   0.4736   0.4756   0.4776   0.4797   0.4817   0.4837   0.4858   0.4878   0.4898   0.4919   0.4939   0.4959    0.498
    S      0.0      1.0   0.0379   0.4432   0.0005   0.0639   0.0295   0.0018   0.0193   0.1412   0.1074   0.2176   0.0728   0.0139   0.0031   0.0957   0.0421   0.0637    0.014   0.0572   0.1388   0.0331   0.0431   0.1036   0.0346   0.0705   0.0411   0.0012   0.0239   0.0601   0.0476   0.0236   0.0368   0.0561   0.0404   0.0286   0.0155   0.2446   0.0574   0.0201   0.0385   0.0772   0.0496   0.0285   0.0587   0.0044   0.0248   0.0009   0.0788   0.0012   0.0833   0.0389   0.0706   0.0178    0.005   0.0241   0.0219   0.0472   0.0348   0.0139   0.0839   0.0833   0.0041   0.0531   0.0072   0.0612   0.0562   0.1243   0.0051   0.0195   0.0168   0.0097   0.0197   0.0187   0.0089   0.0519   0.1576   0.0384   0.0179   0.0137    0.011   0.0235   0.0017   0.0024   0.0074    0.002   0.0885   0.0429   0.1163   0.1042   0.0326   0.0036   0.0011   0.0179   0.0371   0.0864   0.0319   0.0306   0.0053   0.0038   0.0114   0.0031   0.0433   0.0327   0.0249   0.0079   0.0045   0.0055   0.0073   0.0153   0.0604   0.0115   0.0829   0.0384   0.1198   0.0135   0.0113   0.0907    0.125   0.0589   0.0092   0.0452   0.1036   0.2099    0.016   0.0094   0.0293   0.0451   0.0448   0.0299   0.1017   0.0109   0.0247   0.0694     0.11   0.0344   0.0224   0.0008   0.0694   0.0475   0.0356   0.1049   0.0314   0.0444   0.0303   0.0248   0.0125   0.0262   0.0585   0.0511   0.0585   0.0206   0.0629   0.0018   0.0091   0.0544   0.0243   0.0235   0.0792   0.0453   0.0091   0.0235    0.023   0.0281   0.0872    0.011   0.0034   0.0013   0.0635   0.0558   0.0163   0.0567   0.0568   0.0195   0.0328   0.0206   0.0221   0.0932   0.0363   0.0217   0.0294   0.0333   0.0181   0.0435   0.0327   0.0023   0.0171   0.0835   0.0007   0.0333   0.1252   0.0757   0.0132   0.0222   0.0208   0.0699   0.0668   0.0777   0.0267   0.1386    0.036   0.1341    0.026   0.0488    0.035   0.0235   0.0516    0.103   0.0039   0.0323   0.0043   0.0864   0.0012   0.0008   0.0079   0.0404   0.0441   0.0759   0.0275   0.0044   0.0012   0.0026   0.0229   0.1496   0.0128   0.0145   0.0469   0.0174   0.1062   0.0384   0.0046   0.0123   0.0113   0.0384   0.0141    0.015   0.0345   0.0013   0.1148   0.0479   0.0557   0.0334   0.0114    0.003    0.019   0.0873
  snr   -10.29
    H     4.92
 exon    False