>data-XVI-cerevisiae-intergenic-442
N: 232
Methods: voss, eiip, qpsk, mem, alg1, alg2

M: voss
 freq      0.0   0.0043   0.0086   0.0129   0.0172   0.0216   0.0259   0.0302   0.0345   0.0388   0.0431   0.0474   0.0517    0.056   0.0603   0.0647    0.069   0.0733   0.0776   0.0819   0.0862   0.0905   0.0948   0.0991   0.1034   0.1078   0.1121   0.1164   0.1207    0.125   0.1293   0.1336   0.1379   0.1422   0.1466   0.1509   0.1552   0.1595   0.1638   0.1681   0.1724   0.1767    0.181   0.1853   0.1897    0.194   0.1983   0.2026   0.2069   0.2112   0.2155   0.2198   0.2241   0.2284   0.2328   0.2371   0.2414   0.2457     0.25   0.2543   0.2586   0.2629   0.2672   0.2716   0.2759   0.2802   0.2845   0.2888   0.2931   0.2974   0.3017    0.306   0.3103   0.3147    0.319   0.3233   0.3276   0.3319   0.3362   0.3405   0.3448   0.3491   0.3534   0.3578   0.3621   0.3664   0.3707    0.375   0.3793   0.3836   0.3879   0.3922   0.3966   0.4009   0.4052   0.4095   0.4138   0.4181   0.4224   0.4267    0.431   0.4353   0.4397    0.444   0.4483   0.4526   0.4569   0.4612   0.4655   0.4698   0.4741   0.4784   0.4828   0.4871   0.4914   0.4957
    S      0.0   0.4267   0.7214    0.196   0.4443   0.1309   0.2996   0.1744   0.1366   0.0781   0.0513   0.0423   0.1192   0.1883   0.0681   0.2015   0.6971   0.1336   0.2174   0.0438   0.2033   0.1791   0.3539   0.4828   0.3843   0.5766   0.1833   0.3972   0.6158   0.3467   0.2476   0.2774   0.1269   0.2805   0.3124   0.3172   0.3052   0.1459   0.0987    0.247   0.1175   0.1488   0.3144   0.1742    0.391   0.1438   0.3646   0.1172   0.1818   0.7267   0.5339   0.3647   0.1892   0.1939   0.3035   0.1121   0.2764   0.5883   0.1852   0.1802   0.0781   0.2325   0.2642   0.3595   0.2936   0.0786   0.3043   0.1903   0.1003   0.0931   0.1206   0.8571   0.1942   0.1157   0.2838    0.256   0.3129   0.2593   0.4698   0.1816   0.1774   0.2816   0.1661   0.0513   0.0857    0.472   0.0477   0.2485   0.2567   0.4276   0.2469   0.4867   0.2666      1.0   0.2239   0.3089   0.2222   0.1793   0.2203   0.0588   0.2708   0.3799   0.3983   0.1294   0.2547   0.2176   0.1833   0.4607   0.2199   0.2801   0.2283   0.2617   0.4051   0.1859   0.6414    0.055
  snr   -14.79
    H     4.56
 exon    False

M: eiip
 freq      0.0   0.0043   0.0086   0.0129   0.0172   0.0216   0.0259   0.0302   0.0345   0.0388   0.0431   0.0474   0.0517    0.056   0.0603   0.0647    0.069   0.0733   0.0776   0.0819   0.0862   0.0905   0.0948   0.0991   0.1034   0.1078   0.1121   0.1164   0.1207    0.125   0.1293   0.1336   0.1379   0.1422   0.1466   0.1509   0.1552   0.1595   0.1638   0.1681   0.1724   0.1767    0.181   0.1853   0.1897    0.194   0.1983   0.2026   0.2069   0.2112   0.2155   0.2198   0.2241   0.2284   0.2328   0.2371   0.2414   0.2457     0.25   0.2543   0.2586   0.2629   0.2672   0.2716   0.2759   0.2802   0.2845   0.2888   0.2931   0.2974   0.3017    0.306   0.3103   0.3147    0.319   0.3233   0.3276   0.3319   0.3362   0.3405   0.3448   0.3491   0.3534   0.3578   0.3621   0.3664   0.3707    0.375   0.3793   0.3836   0.3879   0.3922   0.3966   0.4009   0.4052   0.4095   0.4138   0.4181   0.4224   0.4267    0.431   0.4353   0.4397    0.444   0.4483   0.4526   0.4569   0.4612   0.4655   0.4698   0.4741   0.4784   0.4828   0.4871   0.4914   0.4957
    S      0.0   0.0239   0.3783   0.0473   0.2399   0.0207   0.1789   0.0257   0.0816    0.087   0.0152   0.0195   0.0063   0.1599   0.0119   0.1182   0.0273   0.0836   0.1046    0.051   0.0762   0.1708   0.1987   0.0643   0.2064   0.1215   0.1464   0.1457      1.0    0.047   0.0422   0.0232   0.0703   0.0791   0.0449   0.1333   0.1481   0.1151   0.0778    0.131   0.0338   0.0197   0.0273   0.0161   0.0402   0.0353   0.1072   0.1633   0.0784   0.1925   0.1313    0.095   0.0908   0.0128   0.1247   0.0902   0.0602   0.4303    0.111   0.0478   0.0148   0.0838   0.0394    0.028   0.0864   0.0484   0.2447   0.3355   0.1287   0.0239   0.0856   0.1724   0.2887   0.1061   0.0618   0.1482     0.25    0.103   0.3941   0.1108   0.0851   0.0056   0.0994   0.0095   0.0868    0.105   0.0291   0.2241   0.0909   0.0961    0.019   0.1206   0.1253   0.1907   0.0462   0.0246   0.3762   0.0479   0.2008   0.0643   0.2404   0.1948   0.3355   0.1977   0.2459   0.0215   0.1509   0.1091   0.2715   0.0568   0.1913   0.0021   0.0125   0.3711   0.0514   0.0614
  snr   -11.12
    H     4.36
 exon    False

M: qpsk
 freq      0.0   0.0043   0.0086   0.0129   0.0172   0.0216   0.0259   0.0302   0.0345   0.0388   0.0431   0.0474   0.0517    0.056   0.0603   0.0647    0.069   0.0733   0.0776   0.0819   0.0862   0.0905   0.0948   0.0991   0.1034   0.1078   0.1121   0.1164   0.1207    0.125   0.1293   0.1336   0.1379   0.1422   0.1466   0.1509   0.1552   0.1595   0.1638   0.1681   0.1724   0.1767    0.181   0.1853   0.1897    0.194   0.1983   0.2026   0.2069   0.2112   0.2155   0.2198   0.2241   0.2284   0.2328   0.2371   0.2414   0.2457     0.25   0.2543   0.2586   0.2629   0.2672   0.2716   0.2759   0.2802   0.2845   0.2888   0.2931   0.2974   0.3017    0.306   0.3103   0.3147    0.319   0.3233   0.3276   0.3319   0.3362   0.3405   0.3448   0.3491   0.3534   0.3578   0.3621   0.3664   0.3707    0.375   0.3793   0.3836   0.3879   0.3922   0.3966   0.4009   0.4052   0.4095   0.4138   0.4181   0.4224   0.4267    0.431   0.4353   0.4397    0.444   0.4483   0.4526   0.4569   0.4612   0.4655   0.4698   0.4741   0.4784   0.4828   0.4871   0.4914   0.4957
    S      0.0   0.5171   0.8015   0.0954   0.4216   0.0493   0.2922   0.2155   0.1182   0.0877   0.0354   0.0281   0.0871    0.195   0.0637   0.2474   0.3949   0.1053   0.1904   0.0331   0.1508    0.047   0.1379   0.3881   0.3914   0.5534   0.2305   0.4256   0.4001   0.3416   0.1209   0.2574   0.1168   0.2691   0.2293   0.3909   0.0778   0.1301   0.0673   0.3148   0.0745   0.1622   0.2305   0.1102   0.1061   0.0828   0.3319   0.1371   0.1933    0.866   0.4431   0.3467   0.2349   0.1299   0.0673   0.1211   0.2598   0.1878   0.2011   0.0529    0.077   0.2343    0.176    0.313   0.3058    0.067   0.2915   0.1936   0.0418   0.0771   0.0831    0.968   0.0974   0.1008   0.3296   0.2788   0.3122    0.176   0.3601   0.1483   0.1727   0.1169   0.1821   0.0595   0.0482   0.4371   0.0437   0.2637   0.2716   0.3649   0.0915    0.144   0.1918      1.0   0.0967   0.2183   0.1586    0.194   0.2802   0.0461   0.0619   0.1399   0.1222   0.1202   0.2834    0.232   0.1992   0.4172   0.0914   0.2558   0.1568   0.1555    0.497   0.1975   0.4658   0.0627
  snr   -13.95
    H     4.48
 exon    False

M: mem
 freq      0.0   0.0043   0.0086   0.0129   0.0172   0.0216   0.0259   0.0302   0.0345   0.0388   0.0431   0.0474   0.0517    0.056   0.0603   0.0647    0.069   0.0733   0.0776   0.0819   0.0862   0.0905   0.0948   0.0991   0.1034   0.1078   0.1121   0.1164   0.1207    0.125   0.1293   0.1336   0.1379   0.1422   0.1466   0.1509   0.1552   0.1595   0.1638   0.1681   0.1724   0.1767    0.181   0.1853   0.1897    0.194   0.1983   0.2026   0.2069   0.2112   0.2155   0.2198   0.2241   0.2284   0.2328   0.2371   0.2414   0.2457     0.25   0.2543   0.2586   0.2629   0.2672   0.2716   0.2759   0.2802   0.2845   0.2888   0.2931   0.2974   0.3017    0.306   0.3103   0.3147    0.319   0.3233   0.3276   0.3319   0.3362   0.3405   0.3448   0.3491   0.3534   0.3578   0.3621   0.3664   0.3707    0.375   0.3793   0.3836   0.3879   0.3922   0.3966   0.4009   0.4052   0.4095   0.4138   0.4181   0.4224   0.4267    0.431   0.4353   0.4397    0.444   0.4483   0.4526   0.4569   0.4612   0.4655   0.4698   0.4741   0.4784   0.4828   0.4871   0.4914   0.4957
    S      0.0   0.0514    0.405   0.0295    0.183    0.037   0.0762   0.0314   0.0626   0.0763   0.0257   0.0399   0.0252   0.0901   0.0302   0.1894   0.0457    0.048   0.0848   0.0409   0.0363   0.1471   0.1966   0.0285   0.1379   0.1206   0.1063   0.1009      1.0   0.0086   0.0859   0.0108   0.0997   0.0193   0.0296   0.0848   0.1589    0.122   0.1012   0.0356   0.0725   0.0284   0.0777   0.0685   0.1035   0.0216   0.1048   0.0872   0.0175   0.0576   0.0848   0.1242   0.1191   0.0022   0.1673   0.0351   0.1547   0.6015   0.0546   0.0623   0.0028   0.0855   0.0891    0.009   0.1218   0.0265    0.168   0.2293   0.1278   0.0134   0.0587   0.1756   0.2496   0.0714   0.0365   0.1215   0.2009   0.1366    0.459   0.0692   0.0367    0.024   0.1111   0.0096   0.0669   0.0464    0.043   0.1816   0.0596   0.0411    0.047   0.1318    0.149   0.2999   0.1159   0.0147   0.3978     0.05   0.0875   0.0692    0.271   0.1897   0.3291   0.2307    0.169   0.0152   0.1064   0.0622   0.2173   0.0335   0.1227   0.0012   0.0706   0.3187   0.0009   0.0361
  snr   -10.74
    H      4.3
 exon    False

M: alg1
 freq      0.0   0.0043   0.0086   0.0129   0.0172   0.0216   0.0259   0.0302   0.0345   0.0388   0.0431   0.0474   0.0517    0.056   0.0603   0.0647    0.069   0.0733   0.0776   0.0819   0.0862   0.0905   0.0948   0.0991   0.1034   0.1078   0.1121   0.1164   0.1207    0.125   0.1293   0.1336   0.1379   0.1422   0.1466   0.1509   0.1552   0.1595   0.1638   0.1681   0.1724   0.1767    0.181   0.1853   0.1897    0.194   0.1983   0.2026   0.2069   0.2112   0.2155   0.2198   0.2241   0.2284   0.2328   0.2371   0.2414   0.2457     0.25   0.2543   0.2586   0.2629   0.2672   0.2716   0.2759   0.2802   0.2845   0.2888   0.2931   0.2974   0.3017    0.306   0.3103   0.3147    0.319   0.3233   0.3276   0.3319   0.3362   0.3405   0.3448   0.3491   0.3534   0.3578   0.3621   0.3664   0.3707    0.375   0.3793   0.3836   0.3879   0.3922   0.3966   0.4009   0.4052   0.4095   0.4138   0.4181   0.4224   0.4267    0.431   0.4353   0.4397    0.444   0.4483   0.4526   0.4569   0.4612   0.4655   0.4698   0.4741   0.4784   0.4828   0.4871   0.4914   0.4957
    S      0.0   0.4146   0.7256   0.1611   0.2403   0.1068   0.0952   0.1212   0.0383   0.0553     0.05   0.0341   0.0495   0.0539    0.038   0.1593   0.6223   0.0683   0.0798   0.0193   0.1982   0.2049   0.2247   0.3619   0.1475   0.3499   0.0885   0.2447   0.4526   0.2794   0.2366   0.0903    0.125   0.2802   0.0998   0.1995   0.2791   0.0542    0.095    0.119    0.078   0.0879   0.3186   0.1311   0.3415   0.0748    0.327   0.0428   0.0203     0.75   0.6633   0.2918   0.1307   0.0566   0.3148   0.0975   0.1695   0.4071   0.1516   0.1908   0.0443    0.191   0.1403   0.1256    0.317   0.0231   0.1157    0.077   0.0921   0.0718    0.086   0.8278   0.1744   0.0589   0.3193   0.1282   0.0862   0.2918   0.2275   0.1159   0.0436   0.2331   0.1584   0.0591   0.0888   0.5116   0.0295   0.0743   0.0735    0.179   0.2041   0.3803   0.2835      1.0   0.1794   0.1054   0.1248   0.1559   0.0601   0.0284   0.2182   0.4385   0.3193    0.069   0.0393   0.2419   0.0571   0.3664     0.23   0.2761   0.1447    0.282   0.4643   0.0572   0.3483   0.0225
  snr   -13.42
    H     4.42
 exon    False

M: alg2
 freq      0.0   0.0043   0.0086   0.0129   0.0172   0.0216   0.0259   0.0302   0.0345   0.0388   0.0431   0.0474   0.0517    0.056   0.0603   0.0647    0.069   0.0733   0.0776   0.0819   0.0862   0.0905   0.0948   0.0991   0.1034   0.1078   0.1121   0.1164   0.1207    0.125   0.1293   0.1336   0.1379   0.1422   0.1466   0.1509   0.1552   0.1595   0.1638   0.1681   0.1724   0.1767    0.181   0.1853   0.1897    0.194   0.1983   0.2026   0.2069   0.2112   0.2155   0.2198   0.2241   0.2284   0.2328   0.2371   0.2414   0.2457     0.25   0.2543   0.2586   0.2629   0.2672   0.2716   0.2759   0.2802   0.2845   0.2888   0.2931   0.2974   0.3017    0.306   0.3103   0.3147    0.319   0.3233   0.3276   0.3319   0.3362   0.3405   0.3448   0.3491   0.3534   0.3578   0.3621   0.3664   0.3707    0.375   0.3793   0.3836   0.3879   0.3922   0.3966   0.4009   0.4052   0.4095   0.4138   0.4181   0.4224   0.4267    0.431   0.4353   0.4397    0.444   0.4483   0.4526   0.4569   0.4612   0.4655   0.4698   0.4741   0.4784   0.4828   0.4871   0.4914   0.4957
    S      0.0    0.254   0.5332   0.0913   0.3531    0.041   0.1257   0.0524   0.0555   0.0288    0.036   0.0105   0.0129   0.0836    0.014   0.1207   0.5672    0.062   0.1196   0.0114   0.1286   0.0514   0.0834   0.3873    0.291   0.3788    0.096    0.295    0.113    0.201   0.1014   0.0113     0.09   0.1136   0.0347   0.1528   0.0856   0.0225   0.0462   0.0184   0.0107   0.0525   0.2331   0.0572    0.188   0.0413   0.3468   0.0022   0.0249   0.3442   0.4143   0.3255   0.1104   0.0404   0.1446   0.0213   0.0634   0.1103   0.0343   0.0819   0.0135   0.2272   0.0847   0.0589   0.2696   0.0305   0.0072   0.0065    0.014   0.0759   0.0601   0.7155   0.0249   0.0527   0.1625   0.0196   0.1548   0.1413    0.172   0.1081    0.096    0.181   0.1304   0.0348   0.0308   0.3595   0.0074    0.026   0.0405   0.2399   0.1435   0.1888   0.1947      1.0   0.0559   0.0448   0.0432   0.1682   0.0111   0.0214   0.0555   0.1585   0.1007   0.0399   0.1154   0.1157   0.1215   0.3814   0.0427   0.2371     0.05   0.2393    0.318   0.0372   0.2956    0.018
  snr   -11.66
    H     4.26
 exon    False