>data-XVI-cerevisiae-intergenic-376
N: 389
Methods: voss, eiip, qpsk, mem, tbpse, snrse

M: voss
 freq      0.0   0.0026   0.0051   0.0077   0.0103   0.0129   0.0154    0.018   0.0206   0.0231   0.0257   0.0283   0.0308   0.0334    0.036   0.0386   0.0411   0.0437   0.0463   0.0488   0.0514    0.054   0.0566   0.0591   0.0617   0.0643   0.0668   0.0694    0.072   0.0746   0.0771   0.0797   0.0823   0.0848   0.0874     0.09   0.0925   0.0951   0.0977   0.1003   0.1028   0.1054    0.108   0.1105   0.1131   0.1157   0.1183   0.1208   0.1234    0.126   0.1285   0.1311   0.1337   0.1362   0.1388   0.1414    0.144   0.1465   0.1491   0.1517   0.1542   0.1568   0.1594    0.162   0.1645   0.1671   0.1697   0.1722   0.1748   0.1774   0.1799   0.1825   0.1851   0.1877   0.1902   0.1928   0.1954   0.1979   0.2005   0.2031   0.2057   0.2082   0.2108   0.2134   0.2159   0.2185   0.2211   0.2237   0.2262   0.2288   0.2314   0.2339   0.2365   0.2391   0.2416   0.2442   0.2468   0.2494   0.2519   0.2545   0.2571   0.2596   0.2622   0.2648   0.2674   0.2699   0.2725   0.2751   0.2776   0.2802   0.2828   0.2853   0.2879   0.2905   0.2931   0.2956   0.2982   0.3008   0.3033   0.3059   0.3085   0.3111   0.3136   0.3162   0.3188   0.3213   0.3239   0.3265    0.329   0.3316   0.3342   0.3368   0.3393   0.3419   0.3445    0.347   0.3496   0.3522   0.3548   0.3573   0.3599   0.3625    0.365   0.3676   0.3702   0.3728   0.3753   0.3779   0.3805    0.383   0.3856   0.3882   0.3907   0.3933   0.3959   0.3985    0.401   0.4036   0.4062   0.4087   0.4113   0.4139   0.4165    0.419   0.4216   0.4242   0.4267   0.4293   0.4319   0.4344    0.437   0.4396   0.4422   0.4447   0.4473   0.4499   0.4524    0.455   0.4576   0.4602   0.4627   0.4653   0.4679   0.4704    0.473   0.4756   0.4781   0.4807   0.4833   0.4859   0.4884    0.491   0.4936   0.4961   0.4987
    S      0.0   0.1988   0.1032   0.3204   0.3225   0.3614   0.1654   0.3493   0.1494   0.1918   0.2427   0.1314   0.1208   0.3873   0.5085   0.2493   0.5684   0.3635   0.1219   0.3119   0.5736   0.2366   0.1013   0.4667   0.0712   0.1152   0.2774   0.4518   0.2551    0.398   0.5265   0.1148   0.4203   0.3104   0.3923   0.4356   0.6663   0.1043   0.2603   0.2554   0.3758   0.3853   0.5272   0.2591   0.2192    0.384   0.1679   0.2652    0.159   0.1642   0.2939   0.2538   0.1079    0.993   0.2469   0.1429   0.1721   0.0461   0.3708   0.3533   0.2808   0.0749   0.1704   0.3129   0.1263   0.2517   0.1976   0.5453   0.1575   0.4615    0.448   0.1794    0.261   0.1782   0.3582   0.0883   0.2511    0.279   0.0962   0.1184   0.2423    0.214   0.1328   0.0954   0.4377   0.3865   0.1994   0.3057   0.2795   0.4987   0.1621   0.2204   0.3412   0.0519   0.1141   0.5053   0.3554   0.2743   0.2772   0.0919   0.2409   0.1307   0.0689   0.5386   0.2631    0.244   0.2002   0.1162   0.4205   0.0939   0.2511   0.1985   0.2709   0.2262   0.0373   0.4922   0.2787   0.1844    0.437   0.2023    0.151   0.4531   0.1358   0.3041   0.0598   0.4883   0.3474    0.625   0.2944   0.3652   0.2364   0.2142    0.274   0.1538   0.4056   0.0944   0.4974   0.1509    0.273   0.5808   0.2116   0.1009   0.1816   0.3262   0.3156   0.2867    0.242   0.2451   0.0935   0.1401   0.3838   0.3805   0.1661   0.2872   0.2723   0.6747   0.1225      1.0   0.1997   0.3013    0.318   0.1117   0.2002   0.1985   0.2121   0.1352   0.2902   0.2756   0.4874   0.2028   0.3053   0.2444   0.2691   0.2679   0.0635   0.3875   0.2246   0.4241   0.0909   0.4123   0.2153   0.0871   0.1403   0.3896   0.4154   0.3897   0.2639     0.16   0.0775   0.4108   0.0982   0.3699   0.0812   0.4284    0.244
  snr   -17.19
    H     5.12
 exon    False

M: eiip
 freq      0.0   0.0026   0.0051   0.0077   0.0103   0.0129   0.0154    0.018   0.0206   0.0231   0.0257   0.0283   0.0308   0.0334    0.036   0.0386   0.0411   0.0437   0.0463   0.0488   0.0514    0.054   0.0566   0.0591   0.0617   0.0643   0.0668   0.0694    0.072   0.0746   0.0771   0.0797   0.0823   0.0848   0.0874     0.09   0.0925   0.0951   0.0977   0.1003   0.1028   0.1054    0.108   0.1105   0.1131   0.1157   0.1183   0.1208   0.1234    0.126   0.1285   0.1311   0.1337   0.1362   0.1388   0.1414    0.144   0.1465   0.1491   0.1517   0.1542   0.1568   0.1594    0.162   0.1645   0.1671   0.1697   0.1722   0.1748   0.1774   0.1799   0.1825   0.1851   0.1877   0.1902   0.1928   0.1954   0.1979   0.2005   0.2031   0.2057   0.2082   0.2108   0.2134   0.2159   0.2185   0.2211   0.2237   0.2262   0.2288   0.2314   0.2339   0.2365   0.2391   0.2416   0.2442   0.2468   0.2494   0.2519   0.2545   0.2571   0.2596   0.2622   0.2648   0.2674   0.2699   0.2725   0.2751   0.2776   0.2802   0.2828   0.2853   0.2879   0.2905   0.2931   0.2956   0.2982   0.3008   0.3033   0.3059   0.3085   0.3111   0.3136   0.3162   0.3188   0.3213   0.3239   0.3265    0.329   0.3316   0.3342   0.3368   0.3393   0.3419   0.3445    0.347   0.3496   0.3522   0.3548   0.3573   0.3599   0.3625    0.365   0.3676   0.3702   0.3728   0.3753   0.3779   0.3805    0.383   0.3856   0.3882   0.3907   0.3933   0.3959   0.3985    0.401   0.4036   0.4062   0.4087   0.4113   0.4139   0.4165    0.419   0.4216   0.4242   0.4267   0.4293   0.4319   0.4344    0.437   0.4396   0.4422   0.4447   0.4473   0.4499   0.4524    0.455   0.4576   0.4602   0.4627   0.4653   0.4679   0.4704    0.473   0.4756   0.4781   0.4807   0.4833   0.4859   0.4884    0.491   0.4936   0.4961   0.4987
    S      0.0   0.0907   0.0889    0.131   0.0074   0.0176   0.0267    0.761   0.1804   0.3092   0.2133   0.0528   0.1237   0.1731   0.0064   0.1176   0.4074   0.0078   0.2285   0.0151   0.2911   0.2304   0.0245   0.2887   0.0255   0.1787   0.2144    0.032   0.2544   0.0094   0.1787   0.0897   0.2889   0.3092   0.1005   0.3698   0.0705   0.1367   0.1433   0.0084   0.6292   0.1388   0.2023   0.4693   0.1572    0.026   0.0611   0.2576   0.0157   0.1365   0.3079   0.0365   0.1493   0.3041   0.0865   0.1333    0.222   0.0251   0.1109    0.549    0.025   0.1292   0.0436   0.0547   0.0496   0.1366   0.0925   0.4383   0.0297   0.0205   0.3057   0.0914    0.319   0.1547   0.3593   0.0833    0.509   0.2117   0.0814   0.1119   0.5428   0.2197   0.1039   0.1064   0.0985   0.4585   0.0923   0.1551   0.1388   0.0422   0.2345   0.1061   0.0997   0.0471   0.3027   0.0765   0.1797   0.0853   0.0755   0.0811   0.0784   0.2195   0.0517    0.058   0.0425   0.1325   0.2855   0.0195   0.0519   0.1674   0.1882   0.3433   0.1893   0.0502   0.0429   0.7718   0.0209   0.0621   0.1863   0.0484   0.3175   0.0314   0.0501   0.6784   0.0351   0.3194   0.3848      1.0   0.0722   0.2746   0.0107   0.1702   0.1353   0.0106   0.0939   0.0558   0.3828   0.2935   0.0467   0.4486   0.0509   0.0181   0.0539    0.881   0.2174    0.433   0.2322   0.1317   0.0867   0.1059   0.0772   0.0137   0.0418   0.1129   0.0212   0.9591   0.3351   0.8226   0.0074   0.4904    0.114   0.2232   0.2304    0.341   0.0289   0.0171   0.0462   0.1036   0.0364    0.031   0.0079   0.0155   0.0702   0.2273   0.0428   0.0335   0.2553   0.1032   0.1721   0.7736   0.3582   0.0708   0.2044   0.0834   0.0069    0.027   0.1113   0.2094    0.051   0.3133   0.0266   0.4851   0.0409    0.761   0.2448
  snr   -15.38
    H     4.81
 exon     True

M: qpsk
 freq      0.0   0.0026   0.0051   0.0077   0.0103   0.0129   0.0154    0.018   0.0206   0.0231   0.0257   0.0283   0.0308   0.0334    0.036   0.0386   0.0411   0.0437   0.0463   0.0488   0.0514    0.054   0.0566   0.0591   0.0617   0.0643   0.0668   0.0694    0.072   0.0746   0.0771   0.0797   0.0823   0.0848   0.0874     0.09   0.0925   0.0951   0.0977   0.1003   0.1028   0.1054    0.108   0.1105   0.1131   0.1157   0.1183   0.1208   0.1234    0.126   0.1285   0.1311   0.1337   0.1362   0.1388   0.1414    0.144   0.1465   0.1491   0.1517   0.1542   0.1568   0.1594    0.162   0.1645   0.1671   0.1697   0.1722   0.1748   0.1774   0.1799   0.1825   0.1851   0.1877   0.1902   0.1928   0.1954   0.1979   0.2005   0.2031   0.2057   0.2082   0.2108   0.2134   0.2159   0.2185   0.2211   0.2237   0.2262   0.2288   0.2314   0.2339   0.2365   0.2391   0.2416   0.2442   0.2468   0.2494   0.2519   0.2545   0.2571   0.2596   0.2622   0.2648   0.2674   0.2699   0.2725   0.2751   0.2776   0.2802   0.2828   0.2853   0.2879   0.2905   0.2931   0.2956   0.2982   0.3008   0.3033   0.3059   0.3085   0.3111   0.3136   0.3162   0.3188   0.3213   0.3239   0.3265    0.329   0.3316   0.3342   0.3368   0.3393   0.3419   0.3445    0.347   0.3496   0.3522   0.3548   0.3573   0.3599   0.3625    0.365   0.3676   0.3702   0.3728   0.3753   0.3779   0.3805    0.383   0.3856   0.3882   0.3907   0.3933   0.3959   0.3985    0.401   0.4036   0.4062   0.4087   0.4113   0.4139   0.4165    0.419   0.4216   0.4242   0.4267   0.4293   0.4319   0.4344    0.437   0.4396   0.4422   0.4447   0.4473   0.4499   0.4524    0.455   0.4576   0.4602   0.4627   0.4653   0.4679   0.4704    0.473   0.4756   0.4781   0.4807   0.4833   0.4859   0.4884    0.491   0.4936   0.4961   0.4987
    S      0.0   0.1229   0.0947   0.2706   0.1236    0.205    0.095   0.3037   0.1254   0.1777   0.1747   0.0691   0.0328   0.3136   0.1739    0.077   0.5415   0.2614   0.1199   0.0627   0.0859   0.1894   0.0913   0.1888   0.0345   0.0728   0.2072   0.3189   0.1789   0.1005   0.2631   0.0951   0.2644   0.1061   0.2025    0.346   0.4896   0.0451   0.1713   0.1538   0.1314   0.2913   0.4458   0.2601   0.1609   0.1543   0.1123     0.16   0.1372   0.0931   0.2828   0.1384   0.0885   0.2344   0.1381   0.1217   0.1247   0.0299   0.3637   0.3391   0.2453   0.0214   0.0577    0.259   0.0479   0.2269    0.066   0.4478   0.1573   0.2279   0.1214   0.1229   0.2436   0.1342   0.3022   0.0519   0.1351   0.1262   0.0384   0.0108   0.2162   0.2153   0.0374   0.0814    0.296   0.2803   0.1511   0.0876    0.249   0.4141   0.1332   0.1688   0.3028   0.0437   0.1027   0.1633   0.2795     0.02    0.226   0.0574   0.1541   0.1164    0.041   0.2885    0.154    0.098   0.1385   0.0584   0.3118   0.0818   0.2213   0.0805    0.154   0.1767   0.0243   0.3575   0.0787   0.0799   0.3666   0.1459   0.1432   0.1706   0.1118   0.3059   0.0166   0.4161   0.1444   0.5835   0.1153    0.305    0.197   0.1661   0.1525   0.0795   0.3584   0.0289   0.3165   0.0613   0.1421   0.2599   0.1162   0.0597   0.1434   0.2152   0.1135   0.2597   0.1484   0.1377   0.0641   0.1073   0.2014    0.206   0.0974   0.2267   0.1816    0.634    0.081      1.0   0.1486   0.2339   0.1696   0.0636   0.1891   0.1732   0.2079     0.04   0.2815   0.2738   0.3858   0.1905   0.1881    0.126   0.1248   0.1588   0.0085   0.2904   0.2161   0.1551   0.0914   0.4088   0.1879   0.0344   0.1207   0.3149   0.2899   0.3795     0.25   0.1049   0.0281   0.0799   0.0558   0.3713   0.0807   0.1938   0.0829
  snr   -15.34
    H     5.05
 exon    False

M: mem
 freq      0.0   0.0026   0.0052   0.0077   0.0103   0.0129   0.0155    0.018   0.0206   0.0232   0.0258   0.0284   0.0309   0.0335   0.0361   0.0387   0.0412   0.0438   0.0464    0.049   0.0515   0.0541   0.0567   0.0593   0.0619   0.0644    0.067   0.0696   0.0722   0.0747   0.0773   0.0799   0.0825   0.0851   0.0876   0.0902   0.0928   0.0954   0.0979   0.1005   0.1031   0.1057   0.1082   0.1108   0.1134    0.116   0.1186   0.1211   0.1237   0.1263   0.1289   0.1314    0.134   0.1366   0.1392   0.1418   0.1443   0.1469   0.1495   0.1521   0.1546   0.1572   0.1598   0.1624   0.1649   0.1675   0.1701   0.1727   0.1753   0.1778   0.1804    0.183   0.1856   0.1881   0.1907   0.1933   0.1959   0.1985    0.201   0.2036   0.2062   0.2088   0.2113   0.2139   0.2165   0.2191   0.2216   0.2242   0.2268   0.2294    0.232   0.2345   0.2371   0.2397   0.2423   0.2448   0.2474     0.25   0.2526   0.2552   0.2577   0.2603   0.2629   0.2655    0.268   0.2706   0.2732   0.2758   0.2784   0.2809   0.2835   0.2861   0.2887   0.2912   0.2938   0.2964    0.299   0.3015   0.3041   0.3067   0.3093   0.3119   0.3144    0.317   0.3196   0.3222   0.3247   0.3273   0.3299   0.3325   0.3351   0.3376   0.3402   0.3428   0.3454   0.3479   0.3505   0.3531   0.3557   0.3582   0.3608   0.3634    0.366   0.3686   0.3711   0.3737   0.3763   0.3789   0.3814    0.384   0.3866   0.3892   0.3918   0.3943   0.3969   0.3995   0.4021   0.4046   0.4072   0.4098   0.4124   0.4149   0.4175   0.4201   0.4227   0.4253   0.4278   0.4304    0.433   0.4356   0.4381   0.4407   0.4433   0.4459   0.4485    0.451   0.4536   0.4562   0.4588   0.4613   0.4639   0.4665   0.4691   0.4716   0.4742   0.4768   0.4794    0.482   0.4845   0.4871   0.4897   0.4923   0.4948   0.4974
    S      0.0    0.073   0.0561   0.1822   0.2093   0.1558   0.1159   0.5404   0.2412   0.2066   0.2793   0.0273   0.0086   0.1337   0.3605   0.0177   0.5604   0.0823   0.1111   0.1053   0.1614   0.2683   0.0178   0.1937   0.0231   0.0778    0.098   0.2481   0.1064   0.2084   0.0157   0.1822   0.3235   0.2145   0.0226   0.1937    0.122   0.0868   0.1446   0.0931   0.2318   0.5549   0.3829   0.4464   0.0671   0.1714   0.1736   0.1174   0.0879   0.0241   0.1475   0.0187   0.0539   0.0974    0.045   0.0583   0.3347   0.0063   0.0718   0.4522   0.0116   0.0338   0.0661   0.0841   0.0104   0.2366   0.0163   0.8114   0.0568   0.3072   0.0869   0.2475   0.4114   0.1175   0.4808    0.036   0.0618   0.0804   0.0413   0.0001    0.415   0.2406   0.0095   0.1881   0.1343    0.664   0.0606   0.0394   0.0867   0.0114   0.0789   0.1838   0.2236   0.0254   0.2203   0.1938    0.013   0.0103   0.1367   0.0034   0.2726   0.1379   0.0317   0.0523   0.2173   0.2903   0.0957   0.1123   0.0048    0.032   0.3473   0.1055   0.2689   0.0917   0.1034   0.3736   0.3172   0.0012   0.3217   0.1266   0.2918   0.1435   0.0048   0.5497   0.0289   0.5707    0.938   0.3178   0.0373   0.2913   0.0361   0.1177   0.1304   0.1671   0.0595   0.0144    0.587   0.0556   0.1397   0.1477   0.0931   0.0137   0.0267   0.4484   0.0628   0.4803   0.0185   0.0945   0.1519   0.1023   0.2428   0.0198   0.5101   0.0005   0.1878      1.0   0.2739   0.4613   0.2685   0.1155   0.0175   0.1498   0.2251   0.1001   0.0324   0.0681   0.1191     0.11   0.0294    0.162    0.036   0.1383   0.1432   0.0269   0.0088   0.0739    0.298   0.2368   0.0599   0.7374   0.0349   0.0135   0.0914   0.0102   0.1111   0.0347   0.0561   0.0754   0.0467   0.2319   0.3479   0.0979   0.1849   0.1369
  snr   -15.01
    H     4.81
 exon    False

M: tbpse
 freq      0.0   0.0026   0.0051   0.0077   0.0103   0.0129   0.0154    0.018   0.0206   0.0231   0.0257   0.0283   0.0308   0.0334    0.036   0.0386   0.0411   0.0437   0.0463   0.0488   0.0514    0.054   0.0566   0.0591   0.0617   0.0643   0.0668   0.0694    0.072   0.0746   0.0771   0.0797   0.0823   0.0848   0.0874     0.09   0.0925   0.0951   0.0977   0.1003   0.1028   0.1054    0.108   0.1105   0.1131   0.1157   0.1183   0.1208   0.1234    0.126   0.1285   0.1311   0.1337   0.1362   0.1388   0.1414    0.144   0.1465   0.1491   0.1517   0.1542   0.1568   0.1594    0.162   0.1645   0.1671   0.1697   0.1722   0.1748   0.1774   0.1799   0.1825   0.1851   0.1877   0.1902   0.1928   0.1954   0.1979   0.2005   0.2031   0.2057   0.2082   0.2108   0.2134   0.2159   0.2185   0.2211   0.2237   0.2262   0.2288   0.2314   0.2339   0.2365   0.2391   0.2416   0.2442   0.2468   0.2494   0.2519   0.2545   0.2571   0.2596   0.2622   0.2648   0.2674   0.2699   0.2725   0.2751   0.2776   0.2802   0.2828   0.2853   0.2879   0.2905   0.2931   0.2956   0.2982   0.3008   0.3033   0.3059   0.3085   0.3111   0.3136   0.3162   0.3188   0.3213   0.3239   0.3265    0.329   0.3316   0.3342   0.3368   0.3393   0.3419   0.3445    0.347   0.3496   0.3522   0.3548   0.3573   0.3599   0.3625    0.365   0.3676   0.3702   0.3728   0.3753   0.3779   0.3805    0.383   0.3856   0.3882   0.3907   0.3933   0.3959   0.3985    0.401   0.4036   0.4062   0.4087   0.4113   0.4139   0.4165    0.419   0.4216   0.4242   0.4267   0.4293   0.4319   0.4344    0.437   0.4396   0.4422   0.4447   0.4473   0.4499   0.4524    0.455   0.4576   0.4602   0.4627   0.4653   0.4679   0.4704    0.473   0.4756   0.4781   0.4807   0.4833   0.4859   0.4884    0.491   0.4936   0.4961   0.4987
    S      0.0   0.2021   0.0969   0.2991   0.4445   0.3606   0.2534   0.4337   0.2449   0.1505   0.3687   0.0621   0.0273   0.4227   0.7415   0.0886   0.5971   0.2288   0.1473    0.351   0.4495    0.295   0.0577   0.4197   0.0871   0.0346   0.0701    0.527    0.118   0.4961   0.2649   0.1347   0.5436    0.229   0.2853    0.119   0.5749   0.1014    0.246   0.3363   0.2421   0.6043   0.6778   0.3635   0.1779   0.4839   0.2358   0.1089   0.1233   0.1184   0.2592   0.1352    0.073   0.5029   0.0947   0.1563   0.2383   0.0595   0.2607   0.3465   0.2293    0.003   0.1646   0.3239   0.0515   0.3757   0.1368   0.8447   0.1056   0.4511   0.3895   0.3167   0.4436   0.0832   0.4277    0.083   0.0631   0.1372    0.049   0.0619   0.2152   0.2383   0.1139   0.1616   0.4962   0.4672   0.2256    0.329   0.1678   0.2916   0.1367   0.3374    0.448   0.0875   0.1203   0.3581   0.0934   0.2236   0.2304   0.0267   0.3081   0.0902   0.0982   0.2931   0.4356   0.2233   0.2525   0.1606   0.1903   0.1261   0.3483   0.1261   0.3568    0.132   0.0205   0.4067   0.3325   0.2324   0.5459   0.2133   0.2009   0.6779   0.0899    0.443   0.0396   0.5269   0.3183   0.6182   0.3924   0.5634    0.236   0.3615   0.2297   0.1297    0.379   0.0731   0.5755   0.0627   0.3693   0.2042   0.1997   0.0718    0.163   0.2006   0.3349   0.3222   0.2756   0.1925   0.0735   0.1599    0.592   0.2425   0.2667   0.3394    0.302      1.0   0.0707   0.8467   0.1537   0.2424   0.2013   0.0524   0.2624    0.172   0.1211   0.1808   0.2442   0.2624   0.5122    0.163   0.3087   0.1931   0.3213   0.0727   0.0163   0.1783   0.2305   0.1916   0.1268   0.6057   0.2474   0.0707   0.1151   0.2321   0.2838   0.2305   0.2187   0.2089   0.0887   0.2315    0.123   0.4855   0.0783   0.1506   0.1671
  snr   -16.94
    H     5.05
 exon    False

M: snrse
 freq      0.0   0.0026   0.0051   0.0077   0.0103   0.0129   0.0154    0.018   0.0206   0.0231   0.0257   0.0283   0.0308   0.0334    0.036   0.0386   0.0411   0.0437   0.0463   0.0488   0.0514    0.054   0.0566   0.0591   0.0617   0.0643   0.0668   0.0694    0.072   0.0746   0.0771   0.0797   0.0823   0.0848   0.0874     0.09   0.0925   0.0951   0.0977   0.1003   0.1028   0.1054    0.108   0.1105   0.1131   0.1157   0.1183   0.1208   0.1234    0.126   0.1285   0.1311   0.1337   0.1362   0.1388   0.1414    0.144   0.1465   0.1491   0.1517   0.1542   0.1568   0.1594    0.162   0.1645   0.1671   0.1697   0.1722   0.1748   0.1774   0.1799   0.1825   0.1851   0.1877   0.1902   0.1928   0.1954   0.1979   0.2005   0.2031   0.2057   0.2082   0.2108   0.2134   0.2159   0.2185   0.2211   0.2237   0.2262   0.2288   0.2314   0.2339   0.2365   0.2391   0.2416   0.2442   0.2468   0.2494   0.2519   0.2545   0.2571   0.2596   0.2622   0.2648   0.2674   0.2699   0.2725   0.2751   0.2776   0.2802   0.2828   0.2853   0.2879   0.2905   0.2931   0.2956   0.2982   0.3008   0.3033   0.3059   0.3085   0.3111   0.3136   0.3162   0.3188   0.3213   0.3239   0.3265    0.329   0.3316   0.3342   0.3368   0.3393   0.3419   0.3445    0.347   0.3496   0.3522   0.3548   0.3573   0.3599   0.3625    0.365   0.3676   0.3702   0.3728   0.3753   0.3779   0.3805    0.383   0.3856   0.3882   0.3907   0.3933   0.3959   0.3985    0.401   0.4036   0.4062   0.4087   0.4113   0.4139   0.4165    0.419   0.4216   0.4242   0.4267   0.4293   0.4319   0.4344    0.437   0.4396   0.4422   0.4447   0.4473   0.4499   0.4524    0.455   0.4576   0.4602   0.4627   0.4653   0.4679   0.4704    0.473   0.4756   0.4781   0.4807   0.4833   0.4859   0.4884    0.491   0.4936   0.4961   0.4987
    S      0.0   0.0378   0.0026   0.1345   0.2055   0.2117   0.0353   0.0375   0.0297   0.0362   0.0694    0.107   0.1074   0.0107   0.2844   0.2463   0.1065   0.2293   0.0039   0.2494   0.4834   0.0372   0.0288   0.2873   0.0257   0.0644   0.1647   0.1103   0.1534   0.2841   0.3727   0.0421   0.2116   0.2287   0.1882   0.2326   0.2706   0.0536    0.123   0.0658   0.2233   0.0815   0.0651   0.0109   0.0146   0.2745    0.071   0.1805    0.064   0.1013   0.0477   0.1861   0.0227      1.0   0.2012   0.0137   0.0467   0.0219   0.0856   0.0667     0.03   0.0666   0.1377   0.0176   0.1028   0.0158   0.1669   0.1088   0.0265   0.2542   0.2989   0.0569   0.0307   0.0868   0.0864   0.0161   0.1481   0.2211   0.0802    0.091   0.0479   0.0201   0.0605   0.0168   0.2434   0.1195   0.0811   0.1487    0.065   0.2578   0.0065   0.0761    0.015   0.0121   0.0131   0.4569    0.202   0.2294   0.1347   0.0536   0.1239    0.032   0.0195   0.4424   0.0674   0.1305   0.0426   0.0593   0.2688   0.0074   0.0053   0.1131   0.1178   0.1265    0.014   0.2022   0.1974   0.0951   0.1628   0.1019   0.0159   0.2417   0.0456   0.0043    0.051   0.1834   0.2164   0.0122   0.1651   0.0382   0.0019   0.0395   0.1073   0.0806   0.1588   0.0786   0.2586   0.0942   0.1314   0.4848   0.0495   0.0546   0.0325   0.1101   0.1314   0.0551   0.1237   0.1699   0.0148   0.0535   0.1162   0.2857   0.0636   0.1195   0.0324   0.0992   0.0432   0.1407   0.1149   0.1158   0.1511   0.0453   0.0337    0.033   0.0558   0.0836    0.016   0.0368   0.0504   0.0627   0.1652   0.1424   0.1792   0.1993   0.0681   0.2309   0.0298   0.4057   0.0034   0.0237   0.0537   0.0264   0.0151   0.2097   0.2531   0.0929   0.0186   0.0507   0.0373   0.3731   0.0328    0.028   0.0146    0.263   0.1223
  snr   -13.41
    H     4.87
 exon    False