>data-XVI-cerevisiae-intergenic-228
N: 284
Methods: voss, eiip, qpsk, mem, alg1, alg2

M: voss
 freq      0.0   0.0035    0.007   0.0106   0.0141   0.0176   0.0211   0.0246   0.0282   0.0317   0.0352   0.0387   0.0423   0.0458   0.0493   0.0528   0.0563   0.0599   0.0634   0.0669   0.0704   0.0739   0.0775    0.081   0.0845    0.088   0.0915   0.0951   0.0986   0.1021   0.1056   0.1092   0.1127   0.1162   0.1197   0.1232   0.1268   0.1303   0.1338   0.1373   0.1408   0.1444   0.1479   0.1514   0.1549   0.1585    0.162   0.1655    0.169   0.1725   0.1761   0.1796   0.1831   0.1866   0.1901   0.1937   0.1972   0.2007   0.2042   0.2077   0.2113   0.2148   0.2183   0.2218   0.2254   0.2289   0.2324   0.2359   0.2394    0.243   0.2465     0.25   0.2535    0.257   0.2606   0.2641   0.2676   0.2711   0.2746   0.2782   0.2817   0.2852   0.2887   0.2923   0.2958   0.2993   0.3028   0.3063   0.3099   0.3134   0.3169   0.3204   0.3239   0.3275    0.331   0.3345    0.338   0.3415   0.3451   0.3486   0.3521   0.3556   0.3592   0.3627   0.3662   0.3697   0.3732   0.3768   0.3803   0.3838   0.3873   0.3908   0.3944   0.3979   0.4014   0.4049   0.4085    0.412   0.4155    0.419   0.4225   0.4261   0.4296   0.4331   0.4366   0.4401   0.4437   0.4472   0.4507   0.4542   0.4577   0.4613   0.4648   0.4683   0.4718   0.4754   0.4789   0.4824   0.4859   0.4894    0.493   0.4965
    S      0.0   0.7973   0.3945   0.4759   0.3794   0.7404   0.4815   0.5081   0.1306   0.7258   0.3385    0.229   0.2496   0.3628   0.1448   0.2486   0.1556   0.0415   0.1223   0.2097   0.0953   0.3453   0.1566   0.5515   0.2007   0.4682   0.1793   0.1321   0.4133   0.1381     0.24   0.2056   0.3527   0.1625   0.1173   0.0745   0.2714    0.244   0.1334   0.5086   0.0568   0.2591   0.1724   0.1046   0.5902   0.2939   0.2451   0.1324   0.5147    0.101   0.6659   0.1721   0.1538   0.1753   0.2897   0.2271   0.5488   0.3347   0.3639   0.1244   0.0619   0.1103   0.2895   0.4613   0.7059   0.1335   0.1582   0.5103   0.0819    0.123   0.1751   0.1015   0.1717   0.0507   0.3337   0.1229   0.0789   0.3378   0.4278   0.3042   0.3032   0.1025   0.3765   0.2137   0.2968    0.414   0.1777   0.3552   0.4169   0.3706   0.3848   0.0924   0.1133    0.337    0.231   0.1527   0.1961   0.1057   0.5821   0.5902   0.1683   0.3884   0.1712   0.2504   0.1141   0.2489   0.2902    0.142   0.0884   0.2861   0.2292   0.2606   0.4058   0.1897   0.3348   0.2114   0.0586   0.1809   0.1615   0.6124   0.0806   0.1593      1.0    0.584   0.1226   0.1518   0.0969   0.1362   0.2189   0.4164   0.4645   0.1345   0.3116   0.0646   0.2653   0.2585   0.9999   0.2888   0.8167   0.1531   0.2304   0.2686
  snr   -15.89
    H     4.75
 exon    False

M: eiip
 freq      0.0   0.0035    0.007   0.0106   0.0141   0.0176   0.0211   0.0246   0.0282   0.0317   0.0352   0.0387   0.0423   0.0458   0.0493   0.0528   0.0563   0.0599   0.0634   0.0669   0.0704   0.0739   0.0775    0.081   0.0845    0.088   0.0915   0.0951   0.0986   0.1021   0.1056   0.1092   0.1127   0.1162   0.1197   0.1232   0.1268   0.1303   0.1338   0.1373   0.1408   0.1444   0.1479   0.1514   0.1549   0.1585    0.162   0.1655    0.169   0.1725   0.1761   0.1796   0.1831   0.1866   0.1901   0.1937   0.1972   0.2007   0.2042   0.2077   0.2113   0.2148   0.2183   0.2218   0.2254   0.2289   0.2324   0.2359   0.2394    0.243   0.2465     0.25   0.2535    0.257   0.2606   0.2641   0.2676   0.2711   0.2746   0.2782   0.2817   0.2852   0.2887   0.2923   0.2958   0.2993   0.3028   0.3063   0.3099   0.3134   0.3169   0.3204   0.3239   0.3275    0.331   0.3345    0.338   0.3415   0.3451   0.3486   0.3521   0.3556   0.3592   0.3627   0.3662   0.3697   0.3732   0.3768   0.3803   0.3838   0.3873   0.3908   0.3944   0.3979   0.4014   0.4049   0.4085    0.412   0.4155    0.419   0.4225   0.4261   0.4296   0.4331   0.4366   0.4401   0.4437   0.4472   0.4507   0.4542   0.4577   0.4613   0.4648   0.4683   0.4718   0.4754   0.4789   0.4824   0.4859   0.4894    0.493   0.4965
    S      0.0   0.2971   0.1816   0.3709   0.5292   0.3313    0.381    0.116   0.1256   0.0127   0.1714   0.3085   0.2908   0.0465   0.0073   0.3494   0.0354    0.075   0.2098   0.1137   0.0482   0.5093    0.017   0.2189   0.0839   0.0101   0.1763   0.0236   0.2716   0.0482   0.0318   0.2515    0.044   0.1096   0.1354   0.0143   0.2585   0.2036   0.1797   0.6351   0.0312   0.1431   0.0278   0.0184    0.058   0.0536   0.2288    0.023   0.3969   0.0229   0.2215   0.1601   0.0129   0.0207   0.1283   0.0515   0.0926   0.3251   0.4909   0.1295   0.0162   0.1065   0.1934   0.4127   0.2749   0.0538   0.0033   0.3188   0.0391   0.0108   0.0292   0.0398    0.125   0.0016    0.009   0.0479    0.081   0.2953   0.2792   0.1171    0.208   0.0587   0.6339   0.3289   0.2497   0.3247   0.0513   0.3857   0.6865   0.0627   0.6546   0.0872   0.1568   0.3038   0.1053   0.0301   0.1456   0.0525   0.1902   0.8239     0.05   0.2131   0.0213   0.4179   0.0553   0.1125   0.4338   0.1226    0.035   0.4889   0.0628   0.0483   0.0756   0.0046   0.1212   0.0006    0.019   0.0098   0.1647   0.0393   0.0748   0.1163      1.0   0.7479   0.2686    0.023   0.1125   0.0869   0.0315   0.0641   0.9433   0.0282   0.1941   0.1086   0.1103   0.0399   0.9655   0.5174   0.2089   0.0511     0.12   0.0462
  snr   -14.02
    H     4.44
 exon    False

M: qpsk
 freq      0.0   0.0035    0.007   0.0106   0.0141   0.0176   0.0211   0.0246   0.0282   0.0317   0.0352   0.0387   0.0423   0.0458   0.0493   0.0528   0.0563   0.0599   0.0634   0.0669   0.0704   0.0739   0.0775    0.081   0.0845    0.088   0.0915   0.0951   0.0986   0.1021   0.1056   0.1092   0.1127   0.1162   0.1197   0.1232   0.1268   0.1303   0.1338   0.1373   0.1408   0.1444   0.1479   0.1514   0.1549   0.1585    0.162   0.1655    0.169   0.1725   0.1761   0.1796   0.1831   0.1866   0.1901   0.1937   0.1972   0.2007   0.2042   0.2077   0.2113   0.2148   0.2183   0.2218   0.2254   0.2289   0.2324   0.2359   0.2394    0.243   0.2465     0.25   0.2535    0.257   0.2606   0.2641   0.2676   0.2711   0.2746   0.2782   0.2817   0.2852   0.2887   0.2923   0.2958   0.2993   0.3028   0.3063   0.3099   0.3134   0.3169   0.3204   0.3239   0.3275    0.331   0.3345    0.338   0.3415   0.3451   0.3486   0.3521   0.3556   0.3592   0.3627   0.3662   0.3697   0.3732   0.3768   0.3803   0.3838   0.3873   0.3908   0.3944   0.3979   0.4014   0.4049   0.4085    0.412   0.4155    0.419   0.4225   0.4261   0.4296   0.4331   0.4366   0.4401   0.4437   0.4472   0.4507   0.4542   0.4577   0.4613   0.4648   0.4683   0.4718   0.4754   0.4789   0.4824   0.4859   0.4894    0.493   0.4965
    S      0.0   0.7018   0.4333   0.2358   0.1481   0.7046   0.2551   0.3873   0.1288      0.6   0.2728   0.2398   0.0605   0.3108   0.1002   0.1621   0.1223   0.0413   0.1082   0.1232   0.0606   0.3796   0.1034    0.403   0.1316   0.1338   0.1098   0.1081   0.3382   0.1399   0.0792   0.2222   0.2214   0.0602    0.109   0.0266   0.2587   0.2118    0.135    0.461     0.02   0.0717    0.145   0.0591   0.3433   0.1667   0.1096   0.1031   0.5413   0.0756   0.1491   0.1198   0.1171   0.0749   0.0387    0.246   0.3607   0.3022   0.2277   0.0288   0.0559    0.121    0.275   0.3787   0.3797    0.073   0.1708   0.4484   0.0828   0.1015   0.1343   0.0877   0.1126   0.0486   0.3176   0.0779   0.0777   0.3111   0.3601   0.0251   0.2447   0.0571   0.3449   0.0654   0.3123   0.3027   0.0974   0.0541   0.2252   0.3286   0.0719   0.0663   0.1147   0.2669   0.0754   0.0885   0.2073   0.0167   0.6227   0.5098   0.0625   0.2283   0.0237   0.2504   0.0586   0.1839   0.1238    0.145   0.0731   0.1702   0.1571   0.1995   0.1582   0.1147   0.3055   0.1428   0.0336   0.0835   0.0141   0.5106   0.0255   0.1593   0.5464   0.6398   0.1117   0.0775   0.0756   0.0735   0.1126   0.1959   0.5035   0.1096   0.2569   0.0693   0.0856   0.2315      1.0   0.3038   0.7074   0.1376   0.2468   0.2455
  snr   -14.44
    H     4.65
 exon    False

M: mem
 freq      0.0   0.0035    0.007   0.0106   0.0141   0.0176   0.0211   0.0246   0.0282   0.0317   0.0352   0.0387   0.0423   0.0458   0.0493   0.0528   0.0563   0.0599   0.0634   0.0669   0.0704   0.0739   0.0775    0.081   0.0845    0.088   0.0915   0.0951   0.0986   0.1021   0.1056   0.1092   0.1127   0.1162   0.1197   0.1232   0.1268   0.1303   0.1338   0.1373   0.1408   0.1444   0.1479   0.1514   0.1549   0.1585    0.162   0.1655    0.169   0.1725   0.1761   0.1796   0.1831   0.1866   0.1901   0.1937   0.1972   0.2007   0.2042   0.2077   0.2113   0.2148   0.2183   0.2218   0.2254   0.2289   0.2324   0.2359   0.2394    0.243   0.2465     0.25   0.2535    0.257   0.2606   0.2641   0.2676   0.2711   0.2746   0.2782   0.2817   0.2852   0.2887   0.2923   0.2958   0.2993   0.3028   0.3063   0.3099   0.3134   0.3169   0.3204   0.3239   0.3275    0.331   0.3345    0.338   0.3415   0.3451   0.3486   0.3521   0.3556   0.3592   0.3627   0.3662   0.3697   0.3732   0.3768   0.3803   0.3838   0.3873   0.3908   0.3944   0.3979   0.4014   0.4049   0.4085    0.412   0.4155    0.419   0.4225   0.4261   0.4296   0.4331   0.4366   0.4401   0.4437   0.4472   0.4507   0.4542   0.4577   0.4613   0.4648   0.4683   0.4718   0.4754   0.4789   0.4824   0.4859   0.4894    0.493   0.4965
    S      0.0   0.7053   0.0842    0.141    0.159   0.6957   0.1896   0.2221   0.0596    0.101   0.1916   0.0591   0.0091   0.1715   0.0031   0.1626   0.0516   0.0211   0.0371   0.1257   0.0251   0.1341   0.0915   0.2578    0.106   0.0329   0.0008   0.0433   0.0865   0.0316   0.0413   0.1622   0.0506   0.0031   0.0567   0.0044   0.1692   0.0015   0.1076   0.0747   0.0013   0.0282   0.0654   0.0561   0.3373   0.0808   0.0774   0.0035    0.536   0.0156   0.1428   0.0289   0.0034   0.0267   0.0131   0.0868   0.2601   0.0531   0.0675   0.0238    0.012    0.102     0.09    0.172   0.3348   0.0714   0.0584   0.3592   0.0612   0.0248    0.083   0.0819   0.0004    0.004   0.2028    0.037   0.0818   0.3241   0.0111      0.0   0.1428   0.0006   0.0603   0.0667   0.0431   0.0954   0.0256   0.0012   0.0194   0.0457   0.0873   0.0707   0.0622   0.0233   0.0516   0.0866    0.031   0.0049   0.0062   0.5517   0.0154   0.0812   0.0183    0.091   0.0432    0.178   0.0282   0.1407   0.0424   0.1207   0.0962   0.1443   0.0835   0.0858   0.0034   0.0802   0.0165   0.0439   0.0133   0.3905   0.0097   0.1682   0.0389   0.6275   0.0536   0.0109   0.0636   0.0753   0.0024   0.0869    0.279   0.1018   0.2647   0.0413   0.0014   0.1782      1.0   0.2411   0.5706   0.1336   0.0061   0.2141
  snr   -11.78
    H     4.32
 exon    False

M: alg1
 freq      0.0   0.0035    0.007   0.0106   0.0141   0.0176   0.0211   0.0246   0.0282   0.0317   0.0352   0.0387   0.0423   0.0458   0.0493   0.0528   0.0563   0.0599   0.0634   0.0669   0.0704   0.0739   0.0775    0.081   0.0845    0.088   0.0915   0.0951   0.0986   0.1021   0.1056   0.1092   0.1127   0.1162   0.1197   0.1232   0.1268   0.1303   0.1338   0.1373   0.1408   0.1444   0.1479   0.1514   0.1549   0.1585    0.162   0.1655    0.169   0.1725   0.1761   0.1796   0.1831   0.1866   0.1901   0.1937   0.1972   0.2007   0.2042   0.2077   0.2113   0.2148   0.2183   0.2218   0.2254   0.2289   0.2324   0.2359   0.2394    0.243   0.2465     0.25   0.2535    0.257   0.2606   0.2641   0.2676   0.2711   0.2746   0.2782   0.2817   0.2852   0.2887   0.2923   0.2958   0.2993   0.3028   0.3063   0.3099   0.3134   0.3169   0.3204   0.3239   0.3275    0.331   0.3345    0.338   0.3415   0.3451   0.3486   0.3521   0.3556   0.3592   0.3627   0.3662   0.3697   0.3732   0.3768   0.3803   0.3838   0.3873   0.3908   0.3944   0.3979   0.4014   0.4049   0.4085    0.412   0.4155    0.419   0.4225   0.4261   0.4296   0.4331   0.4366   0.4401   0.4437   0.4472   0.4507   0.4542   0.4577   0.4613   0.4648   0.4683   0.4718   0.4754   0.4789   0.4824   0.4859   0.4894    0.493   0.4965
    S      0.0   0.7896   0.0632   0.1911    0.173    0.649   0.2618   0.4832   0.0367   0.1414   0.2306    0.081   0.2875     0.24   0.0571   0.0542   0.0324   0.0104   0.0552   0.2285   0.1156   0.0794   0.1853   0.4632   0.1846   0.4871   0.1884   0.0637   0.2001   0.0113   0.2508   0.0645   0.2278   0.2094   0.0401   0.0831   0.1513   0.1784   0.0423   0.2762   0.0484   0.3545   0.1689   0.1329   0.8156   0.3921   0.3023   0.0584   0.2973    0.101   0.9695   0.1656   0.0467   0.2218   0.4414    0.094   0.7192   0.2084   0.2552   0.0749   0.0236   0.0463   0.2001   0.2135   0.9264   0.1417    0.037   0.4015   0.0489   0.0779   0.1188   0.1053   0.1379   0.0068   0.2989   0.1114    0.053   0.2375   0.1534   0.3451   0.2757    0.078   0.1824   0.1739   0.1094   0.1687    0.105    0.485   0.3983   0.0588   0.3098   0.0806   0.0555   0.2539   0.3358   0.1927   0.0321   0.1396   0.0616   0.2713   0.0917   0.4468   0.2554   0.0563   0.1321   0.2329   0.2462   0.1001   0.0191    0.242   0.1386    0.204   0.6222   0.2251   0.1158   0.2183   0.0648    0.186   0.1972   0.6425   0.1009   0.1267      1.0   0.2593    0.044   0.0731   0.0099   0.1332   0.0991   0.3404   0.1077   0.1444   0.2816   0.0137   0.2079   0.2179   0.7289   0.1185   0.7195   0.1498   0.0773   0.2677
  snr   -14.71
    H      4.6
 exon    False

M: alg2
 freq      0.0   0.0035    0.007   0.0106   0.0141   0.0176   0.0211   0.0246   0.0282   0.0317   0.0352   0.0387   0.0423   0.0458   0.0493   0.0528   0.0563   0.0599   0.0634   0.0669   0.0704   0.0739   0.0775    0.081   0.0845    0.088   0.0915   0.0951   0.0986   0.1021   0.1056   0.1092   0.1127   0.1162   0.1197   0.1232   0.1268   0.1303   0.1338   0.1373   0.1408   0.1444   0.1479   0.1514   0.1549   0.1585    0.162   0.1655    0.169   0.1725   0.1761   0.1796   0.1831   0.1866   0.1901   0.1937   0.1972   0.2007   0.2042   0.2077   0.2113   0.2148   0.2183   0.2218   0.2254   0.2289   0.2324   0.2359   0.2394    0.243   0.2465     0.25   0.2535    0.257   0.2606   0.2641   0.2676   0.2711   0.2746   0.2782   0.2817   0.2852   0.2887   0.2923   0.2958   0.2993   0.3028   0.3063   0.3099   0.3134   0.3169   0.3204   0.3239   0.3275    0.331   0.3345    0.338   0.3415   0.3451   0.3486   0.3521   0.3556   0.3592   0.3627   0.3662   0.3697   0.3732   0.3768   0.3803   0.3838   0.3873   0.3908   0.3944   0.3979   0.4014   0.4049   0.4085    0.412   0.4155    0.419   0.4225   0.4261   0.4296   0.4331   0.4366   0.4401   0.4437   0.4472   0.4507   0.4542   0.4577   0.4613   0.4648   0.4683   0.4718   0.4754   0.4789   0.4824   0.4859   0.4894    0.493   0.4965
    S      0.0    0.081   0.1546   0.0596   0.1226   0.0489   0.1313   0.1208   0.0207   0.0481   0.0009   0.1601   0.2164   0.0439    0.021   0.0484   0.0049   0.0259   0.1066   0.0359    0.073   0.1648   0.0235   0.0048   0.0057   0.0613   0.1994   0.0359   0.0928   0.0367   0.0518   0.0598   0.0016   0.1463   0.0229   0.0326   0.0195   0.2474   0.0151   0.4102   0.0279   0.1962   0.1028   0.0285   0.1412   0.1808    0.179   0.0363    0.033   0.0753   0.3135   0.1635   0.0062   0.0879   0.2069   0.0876   0.2641   0.2524    0.249   0.0405   0.0094   0.0125   0.1841   0.0772   0.3312   0.0185   0.0379   0.0159   0.0081   0.0535   0.0316   0.0188   0.1399    0.011   0.1188    0.065   0.0084   0.0086   0.2016   0.1085   0.1869   0.0568    0.376   0.1406   0.2145   0.2002   0.0094   0.3496   0.5013   0.0843   0.2672   0.0232   0.0519   0.2857   0.1433   0.0178    0.064    0.058   0.2185   0.1122   0.0164   0.2577   0.0695   0.1422   0.0611   0.0124   0.2539   0.0087   0.0009   0.2183   0.0049   0.0413   0.2851    0.049   0.1686   0.0612   0.0207   0.0075    0.115   0.1638   0.0625   0.0026      1.0   0.0542   0.0956   0.0182   0.0122   0.0352   0.0156   0.0845    0.241   0.0262   0.0135   0.0226   0.0828   0.0427   0.0339   0.1055   0.2062   0.0151   0.1614   0.0542
  snr   -11.46
    H     4.44
 exon    False