>data-XV-cerevisiae-intergenic-523
N: 450
Methods: voss, eiip, qpsk, mem, alg1, alg2

M: voss
 freq      0.0   0.0022   0.0044   0.0067   0.0089   0.0111   0.0133   0.0156   0.0178     0.02   0.0222   0.0244   0.0267   0.0289   0.0311   0.0333   0.0356   0.0378     0.04   0.0422   0.0444   0.0467   0.0489   0.0511   0.0533   0.0556   0.0578     0.06   0.0622   0.0644   0.0667   0.0689   0.0711   0.0733   0.0756   0.0778     0.08   0.0822   0.0844   0.0867   0.0889   0.0911   0.0933   0.0956   0.0978      0.1   0.1022   0.1044   0.1067   0.1089   0.1111   0.1133   0.1156   0.1178     0.12   0.1222   0.1244   0.1267   0.1289   0.1311   0.1333   0.1356   0.1378     0.14   0.1422   0.1444   0.1467   0.1489   0.1511   0.1533   0.1556   0.1578     0.16   0.1622   0.1644   0.1667   0.1689   0.1711   0.1733   0.1756   0.1778     0.18   0.1822   0.1844   0.1867   0.1889   0.1911   0.1933   0.1956   0.1978      0.2   0.2022   0.2044   0.2067   0.2089   0.2111   0.2133   0.2156   0.2178     0.22   0.2222   0.2244   0.2267   0.2289   0.2311   0.2333   0.2356   0.2378     0.24   0.2422   0.2444   0.2467   0.2489   0.2511   0.2533   0.2556   0.2578     0.26   0.2622   0.2644   0.2667   0.2689   0.2711   0.2733   0.2756   0.2778     0.28   0.2822   0.2844   0.2867   0.2889   0.2911   0.2933   0.2956   0.2978      0.3   0.3022   0.3044   0.3067   0.3089   0.3111   0.3133   0.3156   0.3178     0.32   0.3222   0.3244   0.3267   0.3289   0.3311   0.3333   0.3356   0.3378     0.34   0.3422   0.3444   0.3467   0.3489   0.3511   0.3533   0.3556   0.3578     0.36   0.3622   0.3644   0.3667   0.3689   0.3711   0.3733   0.3756   0.3778     0.38   0.3822   0.3844   0.3867   0.3889   0.3911   0.3933   0.3956   0.3978      0.4   0.4022   0.4044   0.4067   0.4089   0.4111   0.4133   0.4156   0.4178     0.42   0.4222   0.4244   0.4267   0.4289   0.4311   0.4333   0.4356   0.4378     0.44   0.4422   0.4444   0.4467   0.4489   0.4511   0.4533   0.4556   0.4578     0.46   0.4622   0.4644   0.4667   0.4689   0.4711   0.4733   0.4756   0.4778     0.48   0.4822   0.4844   0.4867   0.4889   0.4911   0.4933   0.4956   0.4978
    S      0.0      1.0   0.7909     0.31   0.2741   0.0828   0.4692   0.3429   0.2658   0.2871   0.2337   0.1897   0.1041   0.1213   0.2002   0.0547   0.0961   0.3201   0.2941   0.2584   0.4007   0.2727    0.075   0.3229   0.0998   0.0487   0.3739   0.2932   0.1251   0.2214   0.1556   0.1686   0.1086   0.1718   0.1348   0.1247   0.1226   0.2485   0.3395   0.1583   0.0674   0.1734   0.0299   0.0653   0.1062   0.0658   0.1077   0.0337   0.2648     0.52   0.0563   0.1466   0.1071   0.0647     0.02   0.1744   0.2414   0.0951   0.1917   0.0343   0.2107   0.2199   0.1382   0.0583   0.1066   0.0924   0.0387   0.1063   0.2229   0.1261   0.1478   0.1309   0.1885   0.0652    0.214   0.0963   0.1829   0.2914   0.0694   0.4021   0.1635   0.2505    0.063   0.0799   0.0633    0.122   0.0492   0.1184   0.0251   0.0825   0.1654    0.059   0.1417   0.1711   0.0524   0.0444   0.1565   0.3099   0.1357   0.2129   0.0159   0.1083   0.1115    0.392   0.1211   0.0552   0.3353   0.3829   0.1424   0.1662   0.3495   0.4162   0.1666   0.1458   0.2091    0.157    0.056   0.0675   0.1621   0.3221   0.0765   0.2136   0.1529   0.0727   0.0525   0.2733   0.1353    0.273   0.1494   0.2562   0.1006   0.1017   0.0676   0.1649   0.0813    0.082   0.0903   0.4048    0.068   0.1148   0.0604   0.2821   0.1305   0.1592   0.0991   0.0878   0.3224   0.0573   0.3089   0.1348   0.1156     0.12   0.1596   0.0923   0.1286   0.1263   0.1966   0.2133   0.0734   0.0288   0.1679   0.2039   0.0516   0.1374   0.0939    0.227   0.1399   0.1071   0.2653    0.328   0.1102   0.1453   0.1345    0.006    0.062   0.1534    0.144   0.0729   0.1742    0.109   0.0287    0.107   0.0809   0.1067   0.0819   0.0867   0.1923    0.267   0.0854   0.0616   0.0969    0.109   0.0757    0.119   0.1885   0.1134   0.0736   0.0779   0.0638   0.1329    0.068   0.1444   0.0135   0.1476   0.1704   0.0459   0.1272   0.0314    0.246    0.103    0.253   0.2656   0.1942   0.2698   0.0556    0.121   0.0456   0.2842   0.1836   0.1851   0.1499   0.1559   0.0739   0.1818   0.1714
  snr   -15.46
    H     5.19
 exon    False

M: eiip
 freq      0.0   0.0022   0.0044   0.0067   0.0089   0.0111   0.0133   0.0156   0.0178     0.02   0.0222   0.0244   0.0267   0.0289   0.0311   0.0333   0.0356   0.0378     0.04   0.0422   0.0444   0.0467   0.0489   0.0511   0.0533   0.0556   0.0578     0.06   0.0622   0.0644   0.0667   0.0689   0.0711   0.0733   0.0756   0.0778     0.08   0.0822   0.0844   0.0867   0.0889   0.0911   0.0933   0.0956   0.0978      0.1   0.1022   0.1044   0.1067   0.1089   0.1111   0.1133   0.1156   0.1178     0.12   0.1222   0.1244   0.1267   0.1289   0.1311   0.1333   0.1356   0.1378     0.14   0.1422   0.1444   0.1467   0.1489   0.1511   0.1533   0.1556   0.1578     0.16   0.1622   0.1644   0.1667   0.1689   0.1711   0.1733   0.1756   0.1778     0.18   0.1822   0.1844   0.1867   0.1889   0.1911   0.1933   0.1956   0.1978      0.2   0.2022   0.2044   0.2067   0.2089   0.2111   0.2133   0.2156   0.2178     0.22   0.2222   0.2244   0.2267   0.2289   0.2311   0.2333   0.2356   0.2378     0.24   0.2422   0.2444   0.2467   0.2489   0.2511   0.2533   0.2556   0.2578     0.26   0.2622   0.2644   0.2667   0.2689   0.2711   0.2733   0.2756   0.2778     0.28   0.2822   0.2844   0.2867   0.2889   0.2911   0.2933   0.2956   0.2978      0.3   0.3022   0.3044   0.3067   0.3089   0.3111   0.3133   0.3156   0.3178     0.32   0.3222   0.3244   0.3267   0.3289   0.3311   0.3333   0.3356   0.3378     0.34   0.3422   0.3444   0.3467   0.3489   0.3511   0.3533   0.3556   0.3578     0.36   0.3622   0.3644   0.3667   0.3689   0.3711   0.3733   0.3756   0.3778     0.38   0.3822   0.3844   0.3867   0.3889   0.3911   0.3933   0.3956   0.3978      0.4   0.4022   0.4044   0.4067   0.4089   0.4111   0.4133   0.4156   0.4178     0.42   0.4222   0.4244   0.4267   0.4289   0.4311   0.4333   0.4356   0.4378     0.44   0.4422   0.4444   0.4467   0.4489   0.4511   0.4533   0.4556   0.4578     0.46   0.4622   0.4644   0.4667   0.4689   0.4711   0.4733   0.4756   0.4778     0.48   0.4822   0.4844   0.4867   0.4889   0.4911   0.4933   0.4956   0.4978
    S      0.0      1.0   0.0492   0.1291   0.2699   0.0055   0.8041   0.4695   0.1755   0.0011   0.3561   0.0312   0.0375   0.0166   0.0485   0.0088   0.0043   0.4406   0.0713     0.08   0.3047   0.1612   0.1058   0.0285   0.0876   0.0466   0.1412   0.1192   0.0769    0.145   0.0113   0.2455   0.1727   0.0552      0.1   0.0618   0.1313   0.1587    0.035   0.0509   0.0824   0.1031   0.0271    0.014   0.0145   0.0405   0.0234   0.0362   0.2786   0.0598   0.0019   0.0163   0.0562    0.084   0.0028   0.0606   0.2418   0.1101   0.1962   0.0056   0.2095   0.2968   0.0491   0.0383   0.1039   0.1009   0.0011   0.0431   0.1225   0.1134   0.0815   0.0596    0.004   0.0545    0.064   0.0649   0.1159   0.2085   0.0881   0.1331   0.0052   0.0411   0.0102   0.0645   0.0082   0.0006   0.0062   0.1435   0.0125   0.0524   0.2507   0.0463   0.0728   0.1249   0.0143   0.0413   0.1911   0.0115   0.1565    0.168   0.0047   0.0617   0.0058   0.1474   0.1261   0.0225   0.0861   0.0145   0.0565   0.1825   0.0571   0.2994   0.0862   0.1941   0.2304   0.2051   0.0992   0.0737    0.057   0.0415   0.0891   0.2711   0.0397   0.0014   0.0139   0.4335   0.0118   0.2047    0.293   0.1769   0.0694    0.066   0.0429   0.2437   0.0792   0.1175   0.0489   0.1068   0.0054   0.0508   0.0515   0.1361   0.1108   0.1127   0.0801   0.0081   0.1009   0.0287   0.1007   0.1164   0.0811   0.0667   0.1206      0.1   0.2238   0.1091   0.0385   0.1052   0.0266   0.0387   0.1214    0.048   0.0009   0.0941   0.0297    0.048   0.1809   0.0414   0.1462   0.0813   0.0066   0.0274   0.0681   0.0034     0.05   0.0283   0.0683   0.0414   0.1267   0.1501   0.0035     0.05   0.0018   0.0264   0.0232    0.095   0.1141   0.4027   0.1228   0.1059   0.0065   0.1268   0.0228   0.0738   0.1559   0.0666   0.0305   0.0218   0.1036   0.0408    0.059   0.0359   0.0038   0.2221   0.3395   0.0034   0.0073   0.0444   0.0177   0.1125   0.0489   0.0941   0.1434   0.1696   0.0149   0.0672   0.0422   0.0556   0.1148    0.034   0.0563   0.1802   0.0584   0.1403   0.1091
  snr    -13.3
    H     4.94
 exon    False

M: qpsk
 freq      0.0   0.0022   0.0044   0.0067   0.0089   0.0111   0.0133   0.0156   0.0178     0.02   0.0222   0.0244   0.0267   0.0289   0.0311   0.0333   0.0356   0.0378     0.04   0.0422   0.0444   0.0467   0.0489   0.0511   0.0533   0.0556   0.0578     0.06   0.0622   0.0644   0.0667   0.0689   0.0711   0.0733   0.0756   0.0778     0.08   0.0822   0.0844   0.0867   0.0889   0.0911   0.0933   0.0956   0.0978      0.1   0.1022   0.1044   0.1067   0.1089   0.1111   0.1133   0.1156   0.1178     0.12   0.1222   0.1244   0.1267   0.1289   0.1311   0.1333   0.1356   0.1378     0.14   0.1422   0.1444   0.1467   0.1489   0.1511   0.1533   0.1556   0.1578     0.16   0.1622   0.1644   0.1667   0.1689   0.1711   0.1733   0.1756   0.1778     0.18   0.1822   0.1844   0.1867   0.1889   0.1911   0.1933   0.1956   0.1978      0.2   0.2022   0.2044   0.2067   0.2089   0.2111   0.2133   0.2156   0.2178     0.22   0.2222   0.2244   0.2267   0.2289   0.2311   0.2333   0.2356   0.2378     0.24   0.2422   0.2444   0.2467   0.2489   0.2511   0.2533   0.2556   0.2578     0.26   0.2622   0.2644   0.2667   0.2689   0.2711   0.2733   0.2756   0.2778     0.28   0.2822   0.2844   0.2867   0.2889   0.2911   0.2933   0.2956   0.2978      0.3   0.3022   0.3044   0.3067   0.3089   0.3111   0.3133   0.3156   0.3178     0.32   0.3222   0.3244   0.3267   0.3289   0.3311   0.3333   0.3356   0.3378     0.34   0.3422   0.3444   0.3467   0.3489   0.3511   0.3533   0.3556   0.3578     0.36   0.3622   0.3644   0.3667   0.3689   0.3711   0.3733   0.3756   0.3778     0.38   0.3822   0.3844   0.3867   0.3889   0.3911   0.3933   0.3956   0.3978      0.4   0.4022   0.4044   0.4067   0.4089   0.4111   0.4133   0.4156   0.4178     0.42   0.4222   0.4244   0.4267   0.4289   0.4311   0.4333   0.4356   0.4378     0.44   0.4422   0.4444   0.4467   0.4489   0.4511   0.4533   0.4556   0.4578     0.46   0.4622   0.4644   0.4667   0.4689   0.4711   0.4733   0.4756   0.4778     0.48   0.4822   0.4844   0.4867   0.4889   0.4911   0.4933   0.4956   0.4978
    S      0.0      1.0   0.5305   0.2643    0.236   0.0879   0.5041   0.2055   0.1061   0.3061   0.2767   0.0856    0.009    0.097   0.2182   0.0369   0.0774   0.1304   0.3529   0.2174   0.2846   0.2704   0.0943   0.1391    0.043   0.0275   0.2938   0.3554   0.1504   0.2295   0.0575   0.1904   0.1099   0.1673   0.1613   0.0338   0.1292   0.1294   0.3196    0.095   0.0824   0.1874   0.0079   0.0539   0.1072    0.078   0.0723    0.024   0.1878   0.4016   0.0336   0.1218   0.0923   0.0799   0.0146   0.1562   0.2439   0.0174   0.1928   0.0227   0.2461   0.2627   0.0804   0.0594   0.1092    0.111   0.0146   0.0149   0.1533   0.0495   0.1738   0.1318   0.1045   0.0697   0.2675   0.0735   0.0967   0.2017   0.0591   0.0902   0.1455   0.0936   0.0128   0.0783   0.0644   0.0569   0.0419   0.1357   0.0296   0.0617   0.1253   0.0671   0.1397   0.0467   0.0271   0.0173   0.1591   0.2653   0.1542   0.1775   0.0056   0.1251   0.0864   0.2881   0.0614    0.028   0.3866   0.3019   0.1698   0.1713    0.099    0.125   0.1737   0.1087   0.1551   0.1565   0.0441   0.0726   0.1252   0.1062   0.0648   0.2379   0.1169   0.0248   0.0637   0.1275   0.0715   0.1168   0.1568   0.2418   0.0971    0.103    0.049   0.1982   0.0757   0.1011   0.0828    0.381   0.0826   0.1129   0.0563   0.2244   0.1042   0.1875   0.0185    0.051   0.3714   0.0287    0.362     0.12   0.1439   0.1181   0.1377   0.0536   0.1194   0.1446   0.0566   0.2462   0.0795   0.0189   0.1755   0.1963   0.0608   0.0072   0.0426   0.1305   0.1296   0.1059    0.323   0.3088   0.0766   0.1507   0.1314   0.0019   0.0118   0.0654   0.1722   0.0598   0.1769   0.1351   0.0235   0.1131   0.0497   0.1087   0.0638   0.0572   0.1558   0.2504   0.0737   0.0337   0.1201    0.124   0.0914   0.1268   0.1754   0.1136   0.0804    0.089   0.0719   0.1204   0.0682   0.1345   0.0139   0.1225   0.1843   0.0429   0.0716   0.0238   0.1095    0.107   0.2223   0.2401   0.1968   0.3373   0.0396    0.121    0.017   0.2492   0.1953   0.1808    0.126   0.0603    0.086   0.1797    0.212
  snr   -14.66
    H     5.14
 exon    False

M: mem
 freq      0.0   0.0022   0.0044   0.0067   0.0089   0.0111   0.0133   0.0156   0.0178     0.02   0.0222   0.0244   0.0267   0.0289   0.0311   0.0333   0.0356   0.0378     0.04   0.0422   0.0444   0.0467   0.0489   0.0511   0.0533   0.0556   0.0578     0.06   0.0622   0.0644   0.0667   0.0689   0.0711   0.0733   0.0756   0.0778     0.08   0.0822   0.0844   0.0867   0.0889   0.0911   0.0933   0.0956   0.0978      0.1   0.1022   0.1044   0.1067   0.1089   0.1111   0.1133   0.1156   0.1178     0.12   0.1222   0.1244   0.1267   0.1289   0.1311   0.1333   0.1356   0.1378     0.14   0.1422   0.1444   0.1467   0.1489   0.1511   0.1533   0.1556   0.1578     0.16   0.1622   0.1644   0.1667   0.1689   0.1711   0.1733   0.1756   0.1778     0.18   0.1822   0.1844   0.1867   0.1889   0.1911   0.1933   0.1956   0.1978      0.2   0.2022   0.2044   0.2067   0.2089   0.2111   0.2133   0.2156   0.2178     0.22   0.2222   0.2244   0.2267   0.2289   0.2311   0.2333   0.2356   0.2378     0.24   0.2422   0.2444   0.2467   0.2489   0.2511   0.2533   0.2556   0.2578     0.26   0.2622   0.2644   0.2667   0.2689   0.2711   0.2733   0.2756   0.2778     0.28   0.2822   0.2844   0.2867   0.2889   0.2911   0.2933   0.2956   0.2978      0.3   0.3022   0.3044   0.3067   0.3089   0.3111   0.3133   0.3156   0.3178     0.32   0.3222   0.3244   0.3267   0.3289   0.3311   0.3333   0.3356   0.3378     0.34   0.3422   0.3444   0.3467   0.3489   0.3511   0.3533   0.3556   0.3578     0.36   0.3622   0.3644   0.3667   0.3689   0.3711   0.3733   0.3756   0.3778     0.38   0.3822   0.3844   0.3867   0.3889   0.3911   0.3933   0.3956   0.3978      0.4   0.4022   0.4044   0.4067   0.4089   0.4111   0.4133   0.4156   0.4178     0.42   0.4222   0.4244   0.4267   0.4289   0.4311   0.4333   0.4356   0.4378     0.44   0.4422   0.4444   0.4467   0.4489   0.4511   0.4533   0.4556   0.4578     0.46   0.4622   0.4644   0.4667   0.4689   0.4711   0.4733   0.4756   0.4778     0.48   0.4822   0.4844   0.4867   0.4889   0.4911   0.4933   0.4956   0.4978
    S      0.0      1.0   0.4129   0.2632   0.4215   0.0151   0.8459   0.2375   0.0878   0.0315   0.5288   0.0411   0.0059   0.0271   0.1985   0.0069   0.0371   0.1378   0.2825    0.024     0.29   0.3942   0.0826   0.0086   0.0535     0.01    0.056   0.0093   0.1083   0.2473   0.0154   0.2575   0.1917    0.059   0.0526   0.0271    0.223   0.1191   0.2018   0.0568   0.0905   0.1341   0.0044   0.0616   0.0869   0.0135   0.0168   0.0383   0.1944   0.1423   0.0319   0.1377   0.0885   0.0689   0.0122   0.1545   0.3804   0.0535   0.3039   0.0107   0.1576   0.4163   0.0449   0.0054   0.0258    0.128   0.0067   0.0018    0.052   0.1045   0.0472   0.1744   0.0845   0.0639    0.113   0.1097   0.0211   0.1382   0.0966   0.0023   0.0615   0.1005   0.0077   0.0802   0.0075   0.0225    0.029    0.123   0.0127   0.0108   0.1156   0.1037   0.2034   0.0191   0.0041    0.017   0.2486   0.1028    0.141   0.0563    0.004   0.1095   0.0293   0.1779   0.0454   0.0165   0.0159   0.2249   0.2044   0.2536   0.0561   0.0461   0.2312   0.0641   0.2462   0.2208   0.0759   0.0325    0.082   0.0935   0.0688   0.1677   0.0725   0.0024    0.032    0.282   0.0528   0.0151    0.271   0.0803   0.0914   0.1531   0.0571   0.2526   0.0843    0.169    0.098   0.4958   0.0027   0.1624   0.0103   0.0229   0.1032   0.1257   0.0535   0.0209   0.4592   0.0246   0.3687    0.016   0.2168   0.1681   0.0962   0.0946   0.2255   0.0715   0.0433   0.0747   0.0088   0.0198   0.0882   0.2189   0.0127   0.0379   0.0024   0.1608    0.242   0.0108    0.456   0.3367   0.0142   0.0157   0.1344   0.0004   0.0314   0.0583   0.0239    0.039   0.2393   0.1095   0.0017    0.035   0.0058   0.0042   0.0057   0.0893   0.0579   0.2334   0.0704    0.078   0.0705   0.0938   0.0015   0.1274   0.1874   0.1383   0.0512   0.0065   0.0941   0.0399   0.0462   0.0531   0.0169   0.1614   0.2913   0.0307   0.0126   0.0492   0.0338   0.1677   0.2487   0.1518   0.2615   0.2759   0.0365   0.0785   0.0122   0.2818   0.2215   0.1475   0.1693     0.09   0.1058   0.2371   0.1061
  snr   -14.04
    H     4.92
 exon    False

M: alg1
 freq      0.0   0.0022   0.0044   0.0067   0.0089   0.0111   0.0133   0.0156   0.0178     0.02   0.0222   0.0244   0.0267   0.0289   0.0311   0.0333   0.0356   0.0378     0.04   0.0422   0.0444   0.0467   0.0489   0.0511   0.0533   0.0556   0.0578     0.06   0.0622   0.0644   0.0667   0.0689   0.0711   0.0733   0.0756   0.0778     0.08   0.0822   0.0844   0.0867   0.0889   0.0911   0.0933   0.0956   0.0978      0.1   0.1022   0.1044   0.1067   0.1089   0.1111   0.1133   0.1156   0.1178     0.12   0.1222   0.1244   0.1267   0.1289   0.1311   0.1333   0.1356   0.1378     0.14   0.1422   0.1444   0.1467   0.1489   0.1511   0.1533   0.1556   0.1578     0.16   0.1622   0.1644   0.1667   0.1689   0.1711   0.1733   0.1756   0.1778     0.18   0.1822   0.1844   0.1867   0.1889   0.1911   0.1933   0.1956   0.1978      0.2   0.2022   0.2044   0.2067   0.2089   0.2111   0.2133   0.2156   0.2178     0.22   0.2222   0.2244   0.2267   0.2289   0.2311   0.2333   0.2356   0.2378     0.24   0.2422   0.2444   0.2467   0.2489   0.2511   0.2533   0.2556   0.2578     0.26   0.2622   0.2644   0.2667   0.2689   0.2711   0.2733   0.2756   0.2778     0.28   0.2822   0.2844   0.2867   0.2889   0.2911   0.2933   0.2956   0.2978      0.3   0.3022   0.3044   0.3067   0.3089   0.3111   0.3133   0.3156   0.3178     0.32   0.3222   0.3244   0.3267   0.3289   0.3311   0.3333   0.3356   0.3378     0.34   0.3422   0.3444   0.3467   0.3489   0.3511   0.3533   0.3556   0.3578     0.36   0.3622   0.3644   0.3667   0.3689   0.3711   0.3733   0.3756   0.3778     0.38   0.3822   0.3844   0.3867   0.3889   0.3911   0.3933   0.3956   0.3978      0.4   0.4022   0.4044   0.4067   0.4089   0.4111   0.4133   0.4156   0.4178     0.42   0.4222   0.4244   0.4267   0.4289   0.4311   0.4333   0.4356   0.4378     0.44   0.4422   0.4444   0.4467   0.4489   0.4511   0.4533   0.4556   0.4578     0.46   0.4622   0.4644   0.4667   0.4689   0.4711   0.4733   0.4756   0.4778     0.48   0.4822   0.4844   0.4867   0.4889   0.4911   0.4933   0.4956   0.4978
    S      0.0      1.0   0.8241   0.4081   0.3785   0.0358   0.5635   0.1035   0.0244   0.0969   0.4314   0.1001   0.0042   0.0297   0.3062   0.0084   0.0656   0.0075   0.3966   0.0923   0.3624   0.4494   0.0418   0.0943   0.0523   0.0058   0.1575   0.0866   0.1187   0.2334   0.0346   0.1659   0.1302   0.0553   0.0278   0.0156   0.1971   0.1629   0.4661   0.0396   0.0721   0.1873    0.003   0.0992   0.1682   0.0159   0.0141   0.0252   0.1508   0.2749   0.0656   0.2378   0.1242   0.0375   0.0219     0.22   0.3251   0.0128   0.2537   0.0154   0.1005   0.3485   0.0278   0.0173   0.0137   0.1116   0.0165   0.0288   0.0334   0.0535    0.028   0.2207   0.2234   0.0557   0.1993   0.1268   0.0502   0.0563   0.0778   0.1295   0.1705    0.201   0.0217   0.0786   0.0251   0.0561   0.0428   0.0713   0.0121   0.0121   0.0219   0.1132   0.2528   0.0101   0.0346    0.005   0.2159   0.3002   0.0845   0.0124   0.0025   0.1378   0.0516   0.2621   0.0049    0.022   0.0264   0.4361   0.2798   0.2178   0.1112   0.0549   0.2673   0.0104   0.1612   0.1687   0.0377    0.009   0.1719     0.24   0.0324   0.0635   0.0863    0.014   0.0594    0.087   0.1012   0.0533   0.1481   0.0328   0.1192   0.1681   0.0619   0.1755   0.0782   0.1381   0.1031   0.7335   0.0216   0.2127   0.0089   0.0766    0.078   0.1535   0.0228   0.0622   0.6654   0.0221   0.5382   0.0163    0.252   0.1923   0.0602   0.0547   0.1309   0.0342   0.1314   0.1272   0.0148     0.01   0.1132   0.3415   0.0313   0.0044   0.0078    0.258   0.1989   0.0166   0.5686   0.5287   0.0179   0.0253   0.1458   0.0019   0.0152   0.0852   0.0461    0.029   0.2468   0.0513   0.0028   0.0231   0.0151    0.014    0.016   0.0614    0.108   0.1041   0.0365   0.0294   0.1346   0.0618   0.0291   0.1268   0.1513   0.1546   0.0805   0.0089   0.0586   0.1174    0.039   0.0591   0.0253   0.0667   0.1458   0.0625   0.0178   0.0343   0.1592   0.1514    0.377   0.1607   0.2538   0.3256    0.051   0.0669    0.004   0.4343   0.2473   0.2712   0.2283   0.0474   0.1061   0.2189   0.0997
  snr   -14.52
    H     4.89
 exon    False

M: alg2
 freq      0.0   0.0022   0.0044   0.0067   0.0089   0.0111   0.0133   0.0156   0.0178     0.02   0.0222   0.0244   0.0267   0.0289   0.0311   0.0333   0.0356   0.0378     0.04   0.0422   0.0444   0.0467   0.0489   0.0511   0.0533   0.0556   0.0578     0.06   0.0622   0.0644   0.0667   0.0689   0.0711   0.0733   0.0756   0.0778     0.08   0.0822   0.0844   0.0867   0.0889   0.0911   0.0933   0.0956   0.0978      0.1   0.1022   0.1044   0.1067   0.1089   0.1111   0.1133   0.1156   0.1178     0.12   0.1222   0.1244   0.1267   0.1289   0.1311   0.1333   0.1356   0.1378     0.14   0.1422   0.1444   0.1467   0.1489   0.1511   0.1533   0.1556   0.1578     0.16   0.1622   0.1644   0.1667   0.1689   0.1711   0.1733   0.1756   0.1778     0.18   0.1822   0.1844   0.1867   0.1889   0.1911   0.1933   0.1956   0.1978      0.2   0.2022   0.2044   0.2067   0.2089   0.2111   0.2133   0.2156   0.2178     0.22   0.2222   0.2244   0.2267   0.2289   0.2311   0.2333   0.2356   0.2378     0.24   0.2422   0.2444   0.2467   0.2489   0.2511   0.2533   0.2556   0.2578     0.26   0.2622   0.2644   0.2667   0.2689   0.2711   0.2733   0.2756   0.2778     0.28   0.2822   0.2844   0.2867   0.2889   0.2911   0.2933   0.2956   0.2978      0.3   0.3022   0.3044   0.3067   0.3089   0.3111   0.3133   0.3156   0.3178     0.32   0.3222   0.3244   0.3267   0.3289   0.3311   0.3333   0.3356   0.3378     0.34   0.3422   0.3444   0.3467   0.3489   0.3511   0.3533   0.3556   0.3578     0.36   0.3622   0.3644   0.3667   0.3689   0.3711   0.3733   0.3756   0.3778     0.38   0.3822   0.3844   0.3867   0.3889   0.3911   0.3933   0.3956   0.3978      0.4   0.4022   0.4044   0.4067   0.4089   0.4111   0.4133   0.4156   0.4178     0.42   0.4222   0.4244   0.4267   0.4289   0.4311   0.4333   0.4356   0.4378     0.44   0.4422   0.4444   0.4467   0.4489   0.4511   0.4533   0.4556   0.4578     0.46   0.4622   0.4644   0.4667   0.4689   0.4711   0.4733   0.4756   0.4778     0.48   0.4822   0.4844   0.4867   0.4889   0.4911   0.4933   0.4956   0.4978
    S      0.0      1.0   0.2102   0.1829   0.1346   0.0244   0.4801   0.4423   0.1415   0.0679   0.1572   0.0633   0.0387   0.0137   0.0712   0.0082    0.013   0.4543   0.0889    0.185   0.3627    0.073   0.0784   0.0965   0.0968   0.0609   0.2938   0.2846   0.0714   0.0707   0.0103   0.1451   0.0951   0.0453   0.1085   0.0548   0.0549   0.2018   0.2045   0.0238   0.0605   0.1409   0.0352    0.022   0.0551   0.0618   0.0189   0.0194   0.2648   0.1188   0.0127   0.0386    0.073   0.0611   0.0065    0.062   0.1108   0.0891   0.0857   0.0067   0.1898   0.1531   0.0269   0.0713   0.1389   0.0675   0.0028    0.079   0.1402   0.0566   0.0866   0.0327   0.0799   0.0383   0.1396   0.0487   0.1898   0.1549   0.0621   0.2859   0.0815   0.0766   0.0171     0.05   0.0298   0.0091   0.0064   0.1013    0.013   0.0769   0.2277   0.0205   0.0393   0.1574   0.0472   0.0385   0.1178   0.1587   0.1062   0.1847   0.0022   0.0687   0.0108   0.2122   0.1228   0.0286   0.1542    0.089   0.0497   0.0966   0.0734    0.412    0.042   0.2105   0.1224   0.1361   0.0713   0.0743   0.1285    0.118   0.0625   0.2265   0.0229   0.0038   0.0348   0.3006   0.0262    0.331   0.1777   0.1878   0.0831   0.0287   0.0382   0.1585   0.0661   0.0553   0.0214   0.1042   0.0321   0.0326   0.0743    0.256   0.0808   0.1398   0.0525   0.0375   0.1072   0.0225   0.1322    0.176   0.0399   0.0315   0.0994   0.0555   0.1231   0.0944    0.098   0.1852    0.047   0.0381   0.1718   0.0718   0.0174   0.0727   0.0436    0.058   0.0953   0.0662    0.088   0.1132   0.0046   0.0468   0.0336    0.006   0.0368   0.0231   0.1273   0.0334   0.0589   0.1158   0.0057   0.0467   0.0033   0.0535   0.0437   0.0671   0.1969   0.3669   0.1168   0.0681   0.0422   0.1134   0.0694   0.0387   0.1052   0.0344    0.049   0.0371    0.073   0.1211   0.0576   0.0288   0.0045   0.1568   0.2161   0.0202   0.0025   0.0246    0.112    0.059   0.0508   0.0547   0.0622   0.1699   0.0117   0.0443   0.0465   0.0615   0.0711   0.0908   0.0387   0.1724   0.0348   0.0717   0.1109
  snr   -13.22
    H     5.02
 exon    False