>data-XIV-cerevisiae-intergenic-73
N: 319
Methods: voss, eiip, qpsk, mem, tbpse, snrse

M: voss
 freq      0.0   0.0031   0.0063   0.0094   0.0125   0.0157   0.0188   0.0219   0.0251   0.0282   0.0313   0.0345   0.0376   0.0408   0.0439    0.047   0.0502   0.0533   0.0564   0.0596   0.0627   0.0658    0.069   0.0721   0.0752   0.0784   0.0815   0.0846   0.0878   0.0909    0.094   0.0972   0.1003   0.1034   0.1066   0.1097   0.1129    0.116   0.1191   0.1223   0.1254   0.1285   0.1317   0.1348   0.1379   0.1411   0.1442   0.1473   0.1505   0.1536   0.1567   0.1599    0.163   0.1661   0.1693   0.1724   0.1755   0.1787   0.1818    0.185   0.1881   0.1912   0.1944   0.1975   0.2006   0.2038   0.2069     0.21   0.2132   0.2163   0.2194   0.2226   0.2257   0.2288    0.232   0.2351   0.2382   0.2414   0.2445   0.2476   0.2508   0.2539   0.2571   0.2602   0.2633   0.2665   0.2696   0.2727   0.2759    0.279   0.2821   0.2853   0.2884   0.2915   0.2947   0.2978   0.3009   0.3041   0.3072   0.3103   0.3135   0.3166   0.3197   0.3229    0.326   0.3292   0.3323   0.3354   0.3386   0.3417   0.3448    0.348   0.3511   0.3542   0.3574   0.3605   0.3636   0.3668   0.3699    0.373   0.3762   0.3793   0.3824   0.3856   0.3887   0.3918    0.395   0.3981   0.4013   0.4044   0.4075   0.4107   0.4138   0.4169   0.4201   0.4232   0.4263   0.4295   0.4326   0.4357   0.4389    0.442   0.4451   0.4483   0.4514   0.4545   0.4577   0.4608   0.4639   0.4671   0.4702   0.4734   0.4765   0.4796   0.4828   0.4859    0.489   0.4922   0.4953   0.4984
    S      0.0   0.2118      1.0   0.2636   0.3434    0.352   0.5489   0.1849   0.4608   0.3834   0.2804   0.1666   0.3172   0.1777   0.2533   0.3871    0.187   0.5141   0.1921   0.4535   0.0989   0.4089   0.2749   0.1621   0.1724   0.2359    0.296   0.0871   0.1681   0.2833   0.1962   0.4195   0.3268   0.1159   0.2765   0.1108   0.4339   0.2251   0.2686   0.1468    0.063   0.2742   0.1815    0.106   0.2463   0.4282   0.2641   0.2055   0.0623    0.408   0.1514   0.2084    0.184   0.1288    0.042   0.1417   0.2501   0.0139   0.1207     0.28    0.123   0.1326   0.0562   0.2306   0.1303    0.306   0.1724   0.4514   0.4095   0.1599   0.1453   0.4893   0.3862   0.1647   0.3204   0.1037   0.0999   0.0704   0.3303   0.1145   0.4537   0.9118   0.1244   0.3149   0.2083   0.4092   0.1574    0.118   0.2243    0.136   0.2341   0.2286   0.2756   0.2271   0.3767   0.2099   0.5609   0.2641   0.4885   0.1108    0.385   0.2483   0.1197   0.2985     0.15   0.1459     0.06   0.4849   0.0809   0.0635   0.1479   0.3981    0.092   0.2309   0.1553   0.2762    0.167   0.1122     0.23    0.246   0.1038   0.0794   0.3106   0.4607   0.2216   0.0831   0.0662   0.3255   0.3068   0.1118   0.2437   0.3865   0.1667    0.167   0.2325   0.2311   0.2714   0.2588   0.1416   0.1452   0.5442    0.114     0.15   0.4047   0.0535   0.1225   0.2723   0.4213   0.1439   0.1777   0.5441   0.0581   0.3808   0.1787   0.2534   0.2128   0.3654   0.1922   0.1871   0.0892
  snr   -15.78
    H      4.9
 exon    False

M: eiip
 freq      0.0   0.0031   0.0063   0.0094   0.0125   0.0157   0.0188   0.0219   0.0251   0.0282   0.0313   0.0345   0.0376   0.0408   0.0439    0.047   0.0502   0.0533   0.0564   0.0596   0.0627   0.0658    0.069   0.0721   0.0752   0.0784   0.0815   0.0846   0.0878   0.0909    0.094   0.0972   0.1003   0.1034   0.1066   0.1097   0.1129    0.116   0.1191   0.1223   0.1254   0.1285   0.1317   0.1348   0.1379   0.1411   0.1442   0.1473   0.1505   0.1536   0.1567   0.1599    0.163   0.1661   0.1693   0.1724   0.1755   0.1787   0.1818    0.185   0.1881   0.1912   0.1944   0.1975   0.2006   0.2038   0.2069     0.21   0.2132   0.2163   0.2194   0.2226   0.2257   0.2288    0.232   0.2351   0.2382   0.2414   0.2445   0.2476   0.2508   0.2539   0.2571   0.2602   0.2633   0.2665   0.2696   0.2727   0.2759    0.279   0.2821   0.2853   0.2884   0.2915   0.2947   0.2978   0.3009   0.3041   0.3072   0.3103   0.3135   0.3166   0.3197   0.3229    0.326   0.3292   0.3323   0.3354   0.3386   0.3417   0.3448    0.348   0.3511   0.3542   0.3574   0.3605   0.3636   0.3668   0.3699    0.373   0.3762   0.3793   0.3824   0.3856   0.3887   0.3918    0.395   0.3981   0.4013   0.4044   0.4075   0.4107   0.4138   0.4169   0.4201   0.4232   0.4263   0.4295   0.4326   0.4357   0.4389    0.442   0.4451   0.4483   0.4514   0.4545   0.4577   0.4608   0.4639   0.4671   0.4702   0.4734   0.4765   0.4796   0.4828   0.4859    0.489   0.4922   0.4953   0.4984
    S      0.0    0.359   0.0324   0.1919    0.133   0.4742    0.701    0.287   0.0137   0.1232   0.0437   0.0935   0.1612   0.1668   0.2743   0.2408    0.129   0.0449   0.2766   0.1617   0.0183   0.5788   0.2624   0.0512   0.2646   0.1508   0.2022   0.1092   0.0458   0.3458   0.1243   0.2844   0.0226   0.2166   0.3362   0.0269   0.2633   0.0327   0.3277   0.0538   0.0759   0.1011   0.1934   0.1855     0.44   0.0107   0.0092   0.3623   0.0779    0.364   0.1512   0.0249   0.3007   0.0413   0.0474   0.2427   0.0603   0.0212   0.0095    0.129   0.2688    0.126   0.0559   0.0613   0.1017   0.3403   0.1405   0.1356    0.873   0.1737   0.0985   0.3723   0.0466   0.0626   0.5707   0.0648   0.0728    0.001   0.5237   0.2063      1.0   0.4962   0.0051    0.238   0.0744   0.0116   0.0923   0.0019   0.3328    0.101   0.0515   0.4992   0.2453    0.024   0.0621   0.0675   0.0548   0.2588   0.4791   0.0121    0.094     0.04   0.2161   0.2943   0.1875   0.2616   0.1058   0.2378   0.0486   0.0566   0.2881   0.1561   0.0502   0.3206   0.2284   0.1442   0.1001   0.0091   0.0825   0.0474   0.0749   0.0392   0.0023   0.1116   0.1034   0.0668   0.0027   0.6556   0.2821   0.0112   0.1374    0.023   0.3955   0.1602    0.193   0.1847   0.0428   0.1194   0.0051   0.0071   0.1867   0.1779   0.0484   0.2919   0.0007   0.0786   0.5585   0.0872   0.2888   0.0325   0.2861   0.0582    0.356    0.033    0.089    0.248   0.1269   0.1768   0.1045   0.0201
  snr   -14.27
    H     4.65
 exon    False

M: qpsk
 freq      0.0   0.0031   0.0063   0.0094   0.0125   0.0157   0.0188   0.0219   0.0251   0.0282   0.0313   0.0345   0.0376   0.0408   0.0439    0.047   0.0502   0.0533   0.0564   0.0596   0.0627   0.0658    0.069   0.0721   0.0752   0.0784   0.0815   0.0846   0.0878   0.0909    0.094   0.0972   0.1003   0.1034   0.1066   0.1097   0.1129    0.116   0.1191   0.1223   0.1254   0.1285   0.1317   0.1348   0.1379   0.1411   0.1442   0.1473   0.1505   0.1536   0.1567   0.1599    0.163   0.1661   0.1693   0.1724   0.1755   0.1787   0.1818    0.185   0.1881   0.1912   0.1944   0.1975   0.2006   0.2038   0.2069     0.21   0.2132   0.2163   0.2194   0.2226   0.2257   0.2288    0.232   0.2351   0.2382   0.2414   0.2445   0.2476   0.2508   0.2539   0.2571   0.2602   0.2633   0.2665   0.2696   0.2727   0.2759    0.279   0.2821   0.2853   0.2884   0.2915   0.2947   0.2978   0.3009   0.3041   0.3072   0.3103   0.3135   0.3166   0.3197   0.3229    0.326   0.3292   0.3323   0.3354   0.3386   0.3417   0.3448    0.348   0.3511   0.3542   0.3574   0.3605   0.3636   0.3668   0.3699    0.373   0.3762   0.3793   0.3824   0.3856   0.3887   0.3918    0.395   0.3981   0.4013   0.4044   0.4075   0.4107   0.4138   0.4169   0.4201   0.4232   0.4263   0.4295   0.4326   0.4357   0.4389    0.442   0.4451   0.4483   0.4514   0.4545   0.4577   0.4608   0.4639   0.4671   0.4702   0.4734   0.4765   0.4796   0.4828   0.4859    0.489   0.4922   0.4953   0.4984
    S      0.0   0.2117   0.7302   0.3196   0.4303   0.3755   0.5964   0.2337   0.2997   0.3194   0.1153    0.143   0.2044   0.2107   0.3105   0.1597   0.2237   0.4065   0.2112    0.466    0.052   0.3983   0.1624   0.1298    0.111   0.2374   0.2973   0.1108   0.2001    0.353   0.0921   0.1491   0.2579   0.1185   0.1928   0.0808   0.4045   0.0362   0.2013   0.1293   0.0514   0.1889   0.2108   0.0859   0.1628   0.3763    0.155    0.226   0.0741   0.2056   0.0161    0.201   0.1784   0.0272    0.048    0.168   0.1682   0.0117   0.1086   0.2104   0.0987   0.0817   0.0619   0.2864   0.1237   0.2339   0.2015    0.182   0.4592   0.1688   0.1597   0.4217   0.2746    0.053   0.3375   0.1133   0.1189   0.0425   0.3776   0.0612   0.4662      1.0   0.0543   0.2402    0.116   0.2474   0.1987   0.1251   0.0987   0.1561   0.0288   0.1881   0.2946   0.1237   0.2552   0.1834   0.3752   0.2743   0.5562   0.1338   0.4606    0.213   0.1004   0.2773   0.1742   0.1733   0.0658   0.3705   0.0993   0.0741   0.1256   0.2296   0.0919   0.2702   0.1951   0.1937   0.1478   0.0397   0.1314   0.2311   0.1248   0.0413   0.1791     0.34   0.2071   0.0905   0.0538   0.1675   0.1136   0.1227   0.2333   0.2852    0.138    0.153   0.2866   0.2893   0.2104   0.2683   0.1402   0.1362   0.4754   0.1234    0.121   0.4023   0.0535   0.0535   0.3071   0.1505   0.1317   0.2208   0.3635   0.0378   0.2878   0.1684   0.2484   0.0879   0.3156   0.0434   0.2105    0.031
  snr    -15.0
    H     4.86
 exon    False

M: mem
 freq      0.0   0.0031   0.0063   0.0094   0.0126   0.0157   0.0189    0.022   0.0252   0.0283   0.0314   0.0346   0.0377   0.0409    0.044   0.0472   0.0503   0.0535   0.0566   0.0597   0.0629    0.066   0.0692   0.0723   0.0755   0.0786   0.0818   0.0849   0.0881   0.0912   0.0943   0.0975   0.1006   0.1038   0.1069   0.1101   0.1132   0.1164   0.1195   0.1226   0.1258   0.1289   0.1321   0.1352   0.1384   0.1415   0.1447   0.1478   0.1509   0.1541   0.1572   0.1604   0.1635   0.1667   0.1698    0.173   0.1761   0.1792   0.1824   0.1855   0.1887   0.1918    0.195   0.1981   0.2013   0.2044   0.2075   0.2107   0.2138    0.217   0.2201   0.2233   0.2264   0.2296   0.2327   0.2358    0.239   0.2421   0.2453   0.2484   0.2516   0.2547   0.2579    0.261   0.2642   0.2673   0.2704   0.2736   0.2767   0.2799    0.283   0.2862   0.2893   0.2925   0.2956   0.2987   0.3019    0.305   0.3082   0.3113   0.3145   0.3176   0.3208   0.3239    0.327   0.3302   0.3333   0.3365   0.3396   0.3428   0.3459   0.3491   0.3522   0.3553   0.3585   0.3616   0.3648   0.3679   0.3711   0.3742   0.3774   0.3805   0.3836   0.3868   0.3899   0.3931   0.3962   0.3994   0.4025   0.4057   0.4088   0.4119   0.4151   0.4182   0.4214   0.4245   0.4277   0.4308    0.434   0.4371   0.4403   0.4434   0.4465   0.4497   0.4528    0.456   0.4591   0.4623   0.4654   0.4686   0.4717   0.4748    0.478   0.4811   0.4843   0.4874   0.4906   0.4937   0.4969
    S      0.0   0.2054   0.0962   0.2664   0.0308   0.2308   0.6969    0.219   0.4751   0.1518   0.0619   0.0754   0.2163   0.2478   0.2039   0.1039   0.2067   0.6087   0.0725   0.5374   0.1108   0.1426   0.0225   0.1596   0.0691   0.2072   0.0018   0.1343   0.0921   0.3791   0.0477   0.0148   0.0076   0.0507    0.153   0.1505   0.0487   0.1002   0.1582   0.1093   0.0007   0.1374   0.0174   0.0823   0.1763   0.0885   0.0394   0.2142   0.0232   0.2113   0.0289   0.1981   0.0969   0.0598   0.0149   0.1571   0.0004    0.003   0.1432   0.0294   0.1111   0.0565   0.0072   0.0708   0.0438   0.2039   0.1333   0.0781   0.6064   0.0407   0.0205   0.3315   0.5855   0.0438   0.2093   0.0848   0.0144   0.0021   0.2711   0.0655      1.0   0.1267   0.1444   0.1534   0.2829   0.0311   0.0329   0.1237   0.0003    0.096   0.1023   0.0199   0.2204   0.0442   0.0118   0.3321   0.0363   0.2087   0.1744   0.1478   0.0217   0.0721   0.1991   0.0427   0.5505   0.1135   0.2628   0.1913   0.0099   0.0585   0.1033   0.2614   0.0458    0.036   0.1962   0.1947   0.0208   0.0589   0.0172   0.0778   0.0135   0.0069   0.1436   0.3793    0.099   0.1271   0.0319   0.0045   0.0168   0.0084   0.0922   0.2708   0.0231   0.3105   0.2065   0.0864    0.067   0.0005    0.004   0.1252   0.4219   0.1124   0.4482   0.0754   0.0278    0.119   0.1288   0.0504   0.3923   0.3304   0.1843   0.0355   0.1317   0.0475   0.2162   0.0251   0.0181    0.049   0.0325
  snr   -13.28
    H     4.59
 exon    False

M: tbpse
 freq      0.0   0.0031   0.0063   0.0094   0.0125   0.0157   0.0188   0.0219   0.0251   0.0282   0.0313   0.0345   0.0376   0.0408   0.0439    0.047   0.0502   0.0533   0.0564   0.0596   0.0627   0.0658    0.069   0.0721   0.0752   0.0784   0.0815   0.0846   0.0878   0.0909    0.094   0.0972   0.1003   0.1034   0.1066   0.1097   0.1129    0.116   0.1191   0.1223   0.1254   0.1285   0.1317   0.1348   0.1379   0.1411   0.1442   0.1473   0.1505   0.1536   0.1567   0.1599    0.163   0.1661   0.1693   0.1724   0.1755   0.1787   0.1818    0.185   0.1881   0.1912   0.1944   0.1975   0.2006   0.2038   0.2069     0.21   0.2132   0.2163   0.2194   0.2226   0.2257   0.2288    0.232   0.2351   0.2382   0.2414   0.2445   0.2476   0.2508   0.2539   0.2571   0.2602   0.2633   0.2665   0.2696   0.2727   0.2759    0.279   0.2821   0.2853   0.2884   0.2915   0.2947   0.2978   0.3009   0.3041   0.3072   0.3103   0.3135   0.3166   0.3197   0.3229    0.326   0.3292   0.3323   0.3354   0.3386   0.3417   0.3448    0.348   0.3511   0.3542   0.3574   0.3605   0.3636   0.3668   0.3699    0.373   0.3762   0.3793   0.3824   0.3856   0.3887   0.3918    0.395   0.3981   0.4013   0.4044   0.4075   0.4107   0.4138   0.4169   0.4201   0.4232   0.4263   0.4295   0.4326   0.4357   0.4389    0.442   0.4451   0.4483   0.4514   0.4545   0.4577   0.4608   0.4639   0.4671   0.4702   0.4734   0.4765   0.4796   0.4828   0.4859    0.489   0.4922   0.4953   0.4984
    S      0.0   0.3905   0.7292   0.3068   0.4399   0.6063   0.8373   0.3488   0.0666   0.3629   0.1043   0.1445   0.2392   0.2321   0.3924   0.2664   0.2083   0.1335   0.3489   0.3459    0.031   0.6642   0.3281   0.1173   0.2601    0.265   0.3737   0.1321   0.1772   0.4318   0.1593   0.3497   0.2635   0.2366   0.3787    0.049    0.475   0.0458   0.3936    0.112   0.0876   0.1702   0.2951   0.1923   0.4004   0.3339   0.1384    0.401   0.0949    0.323   0.1226   0.1518   0.3319   0.0337   0.0648   0.2667   0.2164   0.0239   0.0804   0.2665   0.2577   0.1228   0.0741   0.2488   0.1468   0.4325   0.2331   0.2722   0.8922   0.2452   0.1809     0.44   0.1073   0.1044    0.637   0.1171   0.1332   0.0401   0.6099   0.1956   0.9953      1.0   0.0612   0.2781    0.125   0.1474   0.2087   0.0719   0.3292   0.1497   0.0463   0.4757    0.385   0.1102   0.2982   0.1459   0.3789   0.3698   0.7582   0.1104    0.422   0.1789   0.2125   0.4162   0.2132   0.2792   0.1201   0.2932   0.1136   0.0838   0.2944   0.2357   0.1085   0.3792   0.2657   0.1713   0.1628   0.0321    0.164   0.1985   0.1335   0.0713   0.0929   0.3588   0.1877   0.0927   0.0542   0.5669   0.2611   0.1157   0.2254   0.2411   0.3691    0.178   0.3131    0.297   0.1784   0.2562   0.1298   0.1252   0.3465   0.2107   0.0876   0.4622   0.0442   0.0871   0.5898   0.0641   0.2913   0.1574   0.3818   0.0621   0.4889   0.1553   0.2532   0.2423    0.366    0.182   0.2217   0.0388
  snr   -16.02
    H     4.84
 exon    False

M: snrse
 freq      0.0   0.0031   0.0063   0.0094   0.0125   0.0157   0.0188   0.0219   0.0251   0.0282   0.0313   0.0345   0.0376   0.0408   0.0439    0.047   0.0502   0.0533   0.0564   0.0596   0.0627   0.0658    0.069   0.0721   0.0752   0.0784   0.0815   0.0846   0.0878   0.0909    0.094   0.0972   0.1003   0.1034   0.1066   0.1097   0.1129    0.116   0.1191   0.1223   0.1254   0.1285   0.1317   0.1348   0.1379   0.1411   0.1442   0.1473   0.1505   0.1536   0.1567   0.1599    0.163   0.1661   0.1693   0.1724   0.1755   0.1787   0.1818    0.185   0.1881   0.1912   0.1944   0.1975   0.2006   0.2038   0.2069     0.21   0.2132   0.2163   0.2194   0.2226   0.2257   0.2288    0.232   0.2351   0.2382   0.2414   0.2445   0.2476   0.2508   0.2539   0.2571   0.2602   0.2633   0.2665   0.2696   0.2727   0.2759    0.279   0.2821   0.2853   0.2884   0.2915   0.2947   0.2978   0.3009   0.3041   0.3072   0.3103   0.3135   0.3166   0.3197   0.3229    0.326   0.3292   0.3323   0.3354   0.3386   0.3417   0.3448    0.348   0.3511   0.3542   0.3574   0.3605   0.3636   0.3668   0.3699    0.373   0.3762   0.3793   0.3824   0.3856   0.3887   0.3918    0.395   0.3981   0.4013   0.4044   0.4075   0.4107   0.4138   0.4169   0.4201   0.4232   0.4263   0.4295   0.4326   0.4357   0.4389    0.442   0.4451   0.4483   0.4514   0.4545   0.4577   0.4608   0.4639   0.4671   0.4702   0.4734   0.4765   0.4796   0.4828   0.4859    0.489   0.4922   0.4953   0.4984
    S      0.0   0.0411      1.0   0.0414    0.255   0.1761   0.1467   0.0541    0.052   0.3032   0.1431   0.0257   0.1803   0.0337   0.0647   0.1643   0.0314   0.0313   0.0648   0.1253   0.0208   0.1141   0.1577   0.0854    0.035   0.1097   0.1586   0.0018   0.0807   0.0459   0.1056    0.242   0.3054   0.0315   0.1281   0.0236   0.1637   0.1357   0.1348   0.0835   0.0114   0.0693   0.0826   0.0335   0.0174   0.3763   0.2391   0.0533   0.0144   0.0294   0.0593   0.0968   0.0395   0.0387   0.0191   0.0145   0.2262   0.0047   0.0762   0.1808   0.0151   0.0232   0.0061   0.1157   0.0381    0.152   0.0806   0.3385    0.022   0.0599   0.0866   0.1097   0.0793   0.1267   0.1018   0.0376   0.0356   0.0663    0.066   0.0332   0.0285   0.3822   0.1172   0.0887    0.126   0.1892   0.0792   0.0296   0.0932     0.03   0.1171   0.0096   0.1087   0.1464   0.3375   0.1022   0.4879   0.1143   0.3136   0.0681   0.2474   0.1793   0.0212   0.1178   0.0054   0.0065   0.0154   0.0875   0.0557   0.0104    0.037   0.2135   0.0748   0.0472   0.0106   0.0088   0.0509   0.0771   0.1357   0.1707    0.029   0.0658   0.1474   0.3364   0.1101   0.0269   0.0683   0.0058   0.0749   0.1014   0.0458   0.3257   0.0053   0.0179    0.078   0.0437   0.1358   0.0652   0.1383   0.1387   0.1528   0.0433   0.0626   0.2293   0.0404   0.0341   0.0328   0.0317   0.0214   0.0512   0.2439   0.0134   0.1867   0.1121   0.2092   0.0916   0.3269   0.1156    0.078   0.0563
  snr   -12.04
    H     4.65
 exon    False