>data-XV-cerevisiae-intergenic-222
N: 314
Methods: voss, eiip, qpsk, mem, tbpse, snrse

M: voss
 freq      0.0   0.0032   0.0064   0.0096   0.0127   0.0159   0.0191   0.0223   0.0255   0.0287   0.0318    0.035   0.0382   0.0414   0.0446   0.0478    0.051   0.0541   0.0573   0.0605   0.0637   0.0669   0.0701   0.0732   0.0764   0.0796   0.0828    0.086   0.0892   0.0924   0.0955   0.0987   0.1019   0.1051   0.1083   0.1115   0.1146   0.1178    0.121   0.1242   0.1274   0.1306   0.1338   0.1369   0.1401   0.1433   0.1465   0.1497   0.1529   0.1561   0.1592   0.1624   0.1656   0.1688    0.172   0.1752   0.1783   0.1815   0.1847   0.1879   0.1911   0.1943   0.1975   0.2006   0.2038    0.207   0.2102   0.2134   0.2166   0.2197   0.2229   0.2261   0.2293   0.2325   0.2357   0.2389    0.242   0.2452   0.2484   0.2516   0.2548    0.258   0.2611   0.2643   0.2675   0.2707   0.2739   0.2771   0.2803   0.2834   0.2866   0.2898    0.293   0.2962   0.2994   0.3025   0.3057   0.3089   0.3121   0.3153   0.3185   0.3217   0.3248    0.328   0.3312   0.3344   0.3376   0.3408   0.3439   0.3471   0.3503   0.3535   0.3567   0.3599   0.3631   0.3662   0.3694   0.3726   0.3758    0.379   0.3822   0.3854   0.3885   0.3917   0.3949   0.3981   0.4013   0.4045   0.4076   0.4108    0.414   0.4172   0.4204   0.4236   0.4268   0.4299   0.4331   0.4363   0.4395   0.4427   0.4459    0.449   0.4522   0.4554   0.4586   0.4618    0.465   0.4682   0.4713   0.4745   0.4777   0.4809   0.4841   0.4873   0.4904   0.4936   0.4968
    S      0.0      1.0   0.1218   0.1348   0.4047   0.4473    0.056   0.1462   0.0511   0.1419   0.0509    0.044   0.2562   0.1354   0.1598   0.0773   0.2806   0.0588   0.0556   0.0582   0.0842   0.1628   0.1908   0.1133   0.1016   0.0471   0.0798   0.1508   0.1163   0.0704   0.2572   0.1038   0.1144   0.0342   0.1451    0.055   0.1021   0.0421   0.1721   0.2132   0.1768   0.2947   0.0805    0.149   0.1746   0.1314   0.3752   0.3618   0.1216   0.1836   0.0871   0.2378   0.0969   0.1013   0.1555   0.1959    0.136   0.0539   0.0527   0.1526   0.1007   0.1379   0.0464   0.2107   0.1795   0.1832   0.1736    0.019   0.2263   0.0544   0.1071   0.1056   0.2089   0.1854   0.1435   0.2667   0.1616   0.2957    0.496   0.5259   0.0893   0.1401   0.0743   0.1118   0.0601   0.1519   0.0912   0.0301   0.2023   0.0183   0.2196   0.0339   0.0389   0.1857   0.0617   0.1213   0.0721   0.0373   0.1204   0.1032   0.1151   0.1244   0.0949   0.0874   0.2014   0.0705   0.1943   0.2288   0.1345    0.086   0.0544   0.2875   0.1925    0.175   0.1786     0.32   0.1036   0.1808   0.2649   0.1219   0.3955   0.0718   0.1147   0.1085   0.0934   0.2348   0.0474   0.2969   0.1437   0.0121   0.2144   0.1073   0.0451     0.14   0.1549   0.1001   0.1795   0.1873    0.173    0.227   0.0787   0.0604   0.0742    0.081   0.1479   0.1231   0.2583   0.3944   0.2479    0.169   0.4665   0.1763   0.0577   0.2148   0.1314    0.278   0.1078
  snr   -13.71
    H     4.83
 exon    False

M: eiip
 freq      0.0   0.0032   0.0064   0.0096   0.0127   0.0159   0.0191   0.0223   0.0255   0.0287   0.0318    0.035   0.0382   0.0414   0.0446   0.0478    0.051   0.0541   0.0573   0.0605   0.0637   0.0669   0.0701   0.0732   0.0764   0.0796   0.0828    0.086   0.0892   0.0924   0.0955   0.0987   0.1019   0.1051   0.1083   0.1115   0.1146   0.1178    0.121   0.1242   0.1274   0.1306   0.1338   0.1369   0.1401   0.1433   0.1465   0.1497   0.1529   0.1561   0.1592   0.1624   0.1656   0.1688    0.172   0.1752   0.1783   0.1815   0.1847   0.1879   0.1911   0.1943   0.1975   0.2006   0.2038    0.207   0.2102   0.2134   0.2166   0.2197   0.2229   0.2261   0.2293   0.2325   0.2357   0.2389    0.242   0.2452   0.2484   0.2516   0.2548    0.258   0.2611   0.2643   0.2675   0.2707   0.2739   0.2771   0.2803   0.2834   0.2866   0.2898    0.293   0.2962   0.2994   0.3025   0.3057   0.3089   0.3121   0.3153   0.3185   0.3217   0.3248    0.328   0.3312   0.3344   0.3376   0.3408   0.3439   0.3471   0.3503   0.3535   0.3567   0.3599   0.3631   0.3662   0.3694   0.3726   0.3758    0.379   0.3822   0.3854   0.3885   0.3917   0.3949   0.3981   0.4013   0.4045   0.4076   0.4108    0.414   0.4172   0.4204   0.4236   0.4268   0.4299   0.4331   0.4363   0.4395   0.4427   0.4459    0.449   0.4522   0.4554   0.4586   0.4618    0.465   0.4682   0.4713   0.4745   0.4777   0.4809   0.4841   0.4873   0.4904   0.4936   0.4968
    S      0.0   0.8058   0.3733   0.3757   0.0065   0.9229   0.0584   0.0439    0.192   0.1669   0.0069   0.0237   0.1762   0.0195     0.28   0.1006   0.1518   0.0317   0.1081    0.079   0.0081   0.0289   0.1277   0.0366   0.1937   0.0563    0.085   0.3819   0.1431   0.1055   0.7165   0.0965    0.059   0.0532   0.0923   0.0143   0.1276   0.0149   0.0883   0.0533   0.0967   0.8696   0.1972   0.1845   0.3477   0.0586   0.2664   0.0321   0.4201   0.0891   0.0609   0.2791   0.1879   0.0047   0.0606   0.1048   0.0267   0.0959    0.152   0.4603    0.225   0.3669   0.0338   0.6011   0.0136   0.0907   0.1517   0.0167   0.0875   0.0012   0.0528   0.0434   0.0906   0.6223   0.1225   0.6555    0.006   0.3384   0.9642   0.3771   0.0868   0.3842   0.0297   0.1535   0.1092   0.3873   0.1786   0.0262   0.1869   0.0046   0.1435   0.0252   0.0196   0.0168   0.0382   0.0233    0.008   0.0108   0.0945     0.24    0.134   0.0897   0.0037   0.1057   0.0647   0.0698   0.0722   0.0541   0.0649   0.0717   0.0571   0.3311   0.3895   0.3828   0.0695   0.6144   0.0557   0.6631   0.2687   0.0095   0.3796   0.0927   0.0916   0.0438    0.245   0.4921   0.0604   0.2558   0.5286     0.01   0.2102   0.0937   0.0347    0.091   0.0039   0.0493   0.4443   0.0994   0.1455   0.0102   0.0047   0.0441   0.1548   0.0875   0.0111   0.3442      1.0   0.0549   0.3197   0.5328   0.0254    0.158   0.1792   0.4894   0.2188   0.0881   0.0693
  snr   -14.34
    H     4.51
 exon    False

M: qpsk
 freq      0.0   0.0032   0.0064   0.0096   0.0127   0.0159   0.0191   0.0223   0.0255   0.0287   0.0318    0.035   0.0382   0.0414   0.0446   0.0478    0.051   0.0541   0.0573   0.0605   0.0637   0.0669   0.0701   0.0732   0.0764   0.0796   0.0828    0.086   0.0892   0.0924   0.0955   0.0987   0.1019   0.1051   0.1083   0.1115   0.1146   0.1178    0.121   0.1242   0.1274   0.1306   0.1338   0.1369   0.1401   0.1433   0.1465   0.1497   0.1529   0.1561   0.1592   0.1624   0.1656   0.1688    0.172   0.1752   0.1783   0.1815   0.1847   0.1879   0.1911   0.1943   0.1975   0.2006   0.2038    0.207   0.2102   0.2134   0.2166   0.2197   0.2229   0.2261   0.2293   0.2325   0.2357   0.2389    0.242   0.2452   0.2484   0.2516   0.2548    0.258   0.2611   0.2643   0.2675   0.2707   0.2739   0.2771   0.2803   0.2834   0.2866   0.2898    0.293   0.2962   0.2994   0.3025   0.3057   0.3089   0.3121   0.3153   0.3185   0.3217   0.3248    0.328   0.3312   0.3344   0.3376   0.3408   0.3439   0.3471   0.3503   0.3535   0.3567   0.3599   0.3631   0.3662   0.3694   0.3726   0.3758    0.379   0.3822   0.3854   0.3885   0.3917   0.3949   0.3981   0.4013   0.4045   0.4076   0.4108    0.414   0.4172   0.4204   0.4236   0.4268   0.4299   0.4331   0.4363   0.4395   0.4427   0.4459    0.449   0.4522   0.4554   0.4586   0.4618    0.465   0.4682   0.4713   0.4745   0.4777   0.4809   0.4841   0.4873   0.4904   0.4936   0.4968
    S      0.0      1.0   0.1426   0.1476    0.357   0.2258   0.0334   0.0444   0.0379   0.1256   0.0238   0.0481   0.1985   0.1261   0.0904   0.0465   0.2273   0.0286   0.0542   0.0539   0.0437   0.1366   0.1784   0.1182   0.1155    0.052   0.0633    0.149   0.0977    0.087   0.2553   0.0646   0.1324   0.0313   0.0988    0.045   0.1001   0.0307    0.075   0.1722   0.1391   0.1631   0.0335   0.0198    0.134   0.0716   0.2686    0.157   0.1108    0.072   0.0628   0.2139   0.1071   0.0598   0.1708   0.1115   0.1329   0.0359   0.0136   0.1809   0.0704   0.1135   0.0324   0.2431   0.1901   0.0248    0.153   0.0096   0.2379   0.0331   0.0487   0.1115   0.2157   0.1787   0.1649   0.2254     0.19   0.1318    0.577   0.4892   0.0275   0.0812   0.0664   0.0271   0.0192    0.148   0.1113   0.0098   0.0896    0.017   0.0364   0.0416   0.0443   0.1217   0.0449   0.0708   0.0316   0.0418    0.112   0.1019   0.1147   0.0829   0.0969   0.0936   0.2016   0.0375   0.0863   0.1045   0.1038   0.0454   0.0303   0.3234   0.0753   0.1695   0.1547   0.2727   0.0795   0.1029   0.2788   0.0932    0.404   0.0226   0.1067   0.1042   0.1151   0.1905   0.0304    0.151   0.0884   0.0138   0.1483   0.0932   0.0403    0.125   0.1283   0.0682   0.1855   0.2209   0.1214   0.0847   0.0659   0.0632   0.0441   0.0843   0.1239   0.1511   0.2522   0.2567   0.1798   0.1874   0.4331   0.1168   0.0692   0.0843   0.0913   0.2283   0.0843
  snr   -12.67
    H     4.75
 exon    False

M: mem
 freq      0.0   0.0032   0.0064   0.0096   0.0127   0.0159   0.0191   0.0223   0.0255   0.0287   0.0318    0.035   0.0382   0.0414   0.0446   0.0478    0.051   0.0541   0.0573   0.0605   0.0637   0.0669   0.0701   0.0732   0.0764   0.0796   0.0828    0.086   0.0892   0.0924   0.0955   0.0987   0.1019   0.1051   0.1083   0.1115   0.1146   0.1178    0.121   0.1242   0.1274   0.1306   0.1338   0.1369   0.1401   0.1433   0.1465   0.1497   0.1529   0.1561   0.1592   0.1624   0.1656   0.1688    0.172   0.1752   0.1783   0.1815   0.1847   0.1879   0.1911   0.1943   0.1975   0.2006   0.2038    0.207   0.2102   0.2134   0.2166   0.2197   0.2229   0.2261   0.2293   0.2325   0.2357   0.2389    0.242   0.2452   0.2484   0.2516   0.2548    0.258   0.2611   0.2643   0.2675   0.2707   0.2739   0.2771   0.2803   0.2834   0.2866   0.2898    0.293   0.2962   0.2994   0.3025   0.3057   0.3089   0.3121   0.3153   0.3185   0.3217   0.3248    0.328   0.3312   0.3344   0.3376   0.3408   0.3439   0.3471   0.3503   0.3535   0.3567   0.3599   0.3631   0.3662   0.3694   0.3726   0.3758    0.379   0.3822   0.3854   0.3885   0.3917   0.3949   0.3981   0.4013   0.4045   0.4076   0.4108    0.414   0.4172   0.4204   0.4236   0.4268   0.4299   0.4331   0.4363   0.4395   0.4427   0.4459    0.449   0.4522   0.4554   0.4586   0.4618    0.465   0.4682   0.4713   0.4745   0.4777   0.4809   0.4841   0.4873   0.4904   0.4936   0.4968
    S      0.0   0.1285   0.0198   0.1094   0.6088   0.4006   0.0638   0.0398   0.0023   0.1612   0.0313   0.1016    0.043   0.2655   0.1534   0.0464   0.4908   0.0256   0.0952   0.0692   0.0653   0.2277   0.3063   0.1529   0.1812    0.065   0.0285   0.0221   0.0407    0.116   0.2454   0.1301   0.1573   0.0369   0.0643   0.0259   0.2145   0.0205   0.1513    0.102   0.0634   0.1915   0.0151   0.0367   0.0088   0.1228   0.2591   0.2469   0.0888   0.0374   0.0865    0.464   0.0154   0.0697   0.3686   0.0803   0.1698   0.0212   0.0044   0.0971    0.009   0.1592   0.0031   0.1205   0.3865   0.0371   0.0506   0.0207   0.4722   0.0102   0.0758   0.1954    0.152   0.0775   0.1627   0.3266   0.3559   0.2298   0.4984      1.0   0.0554   0.0993   0.1115   0.0046   0.0153   0.0841   0.1303   0.0064   0.0185    0.009   0.0526   0.0928   0.0842   0.0716   0.0073   0.0501   0.0581   0.0703   0.1899    0.154   0.0478    0.169   0.1327   0.1654   0.1899   0.0723   0.0703   0.0612   0.1327   0.0927   0.0386   0.1473   0.1394   0.1243   0.1085   0.3721   0.0161   0.0097   0.0517   0.0445   0.3618    0.034   0.0391   0.0666   0.0208   0.3649   0.0638    0.058   0.0301   0.0246   0.0244   0.0139   0.0037   0.1242   0.1351   0.1172   0.3108   0.4555   0.0968   0.0265   0.0905   0.1063   0.0407   0.1773   0.1509   0.1297   0.0359   0.0374   0.2886   0.0718   0.4856   0.1533   0.0428   0.1049   0.1308   0.3268   0.1239
  snr   -12.88
    H      4.6
 exon    False

M: tbpse
 freq      0.0   0.0032   0.0064   0.0096   0.0127   0.0159   0.0191   0.0223   0.0255   0.0287   0.0318    0.035   0.0382   0.0414   0.0446   0.0478    0.051   0.0541   0.0573   0.0605   0.0637   0.0669   0.0701   0.0732   0.0764   0.0796   0.0828    0.086   0.0892   0.0924   0.0955   0.0987   0.1019   0.1051   0.1083   0.1115   0.1146   0.1178    0.121   0.1242   0.1274   0.1306   0.1338   0.1369   0.1401   0.1433   0.1465   0.1497   0.1529   0.1561   0.1592   0.1624   0.1656   0.1688    0.172   0.1752   0.1783   0.1815   0.1847   0.1879   0.1911   0.1943   0.1975   0.2006   0.2038    0.207   0.2102   0.2134   0.2166   0.2197   0.2229   0.2261   0.2293   0.2325   0.2357   0.2389    0.242   0.2452   0.2484   0.2516   0.2548    0.258   0.2611   0.2643   0.2675   0.2707   0.2739   0.2771   0.2803   0.2834   0.2866   0.2898    0.293   0.2962   0.2994   0.3025   0.3057   0.3089   0.3121   0.3153   0.3185   0.3217   0.3248    0.328   0.3312   0.3344   0.3376   0.3408   0.3439   0.3471   0.3503   0.3535   0.3567   0.3599   0.3631   0.3662   0.3694   0.3726   0.3758    0.379   0.3822   0.3854   0.3885   0.3917   0.3949   0.3981   0.4013   0.4045   0.4076   0.4108    0.414   0.4172   0.4204   0.4236   0.4268   0.4299   0.4331   0.4363   0.4395   0.4427   0.4459    0.449   0.4522   0.4554   0.4586   0.4618    0.465   0.4682   0.4713   0.4745   0.4777   0.4809   0.4841   0.4873   0.4904   0.4936   0.4968
    S      0.0      1.0   0.0484   0.0333     0.33   0.1011   0.0301   0.1033   0.0039    0.038   0.0276   0.0177   0.1739   0.0871   0.0161   0.0376   0.1901   0.0499   0.0161   0.0117   0.0412   0.1548   0.1334   0.1152   0.0398   0.0315   0.0472   0.0657    0.062   0.0307   0.0444   0.0465   0.1037   0.0214   0.1254   0.0583   0.0363   0.0333   0.0217   0.1884   0.1234   0.0446   0.0233   0.0575   0.0853   0.1078   0.2452   0.1974    0.019   0.0933   0.0757   0.1423   0.0707   0.0501    0.109   0.1315   0.1024   0.0232   0.0043   0.0418   0.0487   0.0434     0.04   0.0775   0.1369   0.0802   0.1652   0.0033    0.134   0.0561   0.0873   0.0874   0.2067   0.0399   0.1021    0.069   0.1433   0.0839   0.1483   0.3954   0.0512   0.0247   0.0676   0.0309   0.0222   0.0594   0.0402   0.0201   0.1346   0.0206   0.0535   0.0143   0.0248    0.163   0.0421   0.0583   0.0323   0.0256   0.0541   0.0353   0.0863    0.098   0.1034   0.0195   0.2034   0.0054   0.1543   0.2075   0.0893   0.0084   0.0346    0.276   0.0715   0.0736   0.1334   0.1724   0.0947   0.0054   0.2348   0.1336   0.3597   0.0063   0.0988   0.1121   0.0462   0.0913   0.0095   0.2202   0.0069    0.003   0.1651   0.0954    0.041   0.0735   0.1526   0.0888   0.0472   0.1143   0.1335   0.1682   0.0763   0.0237   0.0344   0.0455   0.1126   0.0284   0.0486   0.3594   0.1131   0.0631   0.4754   0.1425   0.0156   0.0702    0.073   0.2495   0.0272
  snr   -11.39
    H     4.63
 exon    False

M: snrse
 freq      0.0   0.0032   0.0064   0.0096   0.0127   0.0159   0.0191   0.0223   0.0255   0.0287   0.0318    0.035   0.0382   0.0414   0.0446   0.0478    0.051   0.0541   0.0573   0.0605   0.0637   0.0669   0.0701   0.0732   0.0764   0.0796   0.0828    0.086   0.0892   0.0924   0.0955   0.0987   0.1019   0.1051   0.1083   0.1115   0.1146   0.1178    0.121   0.1242   0.1274   0.1306   0.1338   0.1369   0.1401   0.1433   0.1465   0.1497   0.1529   0.1561   0.1592   0.1624   0.1656   0.1688    0.172   0.1752   0.1783   0.1815   0.1847   0.1879   0.1911   0.1943   0.1975   0.2006   0.2038    0.207   0.2102   0.2134   0.2166   0.2197   0.2229   0.2261   0.2293   0.2325   0.2357   0.2389    0.242   0.2452   0.2484   0.2516   0.2548    0.258   0.2611   0.2643   0.2675   0.2707   0.2739   0.2771   0.2803   0.2834   0.2866   0.2898    0.293   0.2962   0.2994   0.3025   0.3057   0.3089   0.3121   0.3153   0.3185   0.3217   0.3248    0.328   0.3312   0.3344   0.3376   0.3408   0.3439   0.3471   0.3503   0.3535   0.3567   0.3599   0.3631   0.3662   0.3694   0.3726   0.3758    0.379   0.3822   0.3854   0.3885   0.3917   0.3949   0.3981   0.4013   0.4045   0.4076   0.4108    0.414   0.4172   0.4204   0.4236   0.4268   0.4299   0.4331   0.4363   0.4395   0.4427   0.4459    0.449   0.4522   0.4554   0.4586   0.4618    0.465   0.4682   0.4713   0.4745   0.4777   0.4809   0.4841   0.4873   0.4904   0.4936   0.4968
    S      0.0      1.0    0.085   0.0631   0.1686   0.0176   0.0133   0.0704   0.0101    0.039   0.0229   0.0038   0.2229   0.0308   0.0068   0.0333   0.0558   0.0307   0.0079   0.0226     0.04   0.0727   0.0695   0.0619   0.0195   0.0169   0.0588   0.0845   0.0867   0.0296   0.0804   0.0222   0.0597   0.0111   0.0887   0.0449   0.0066   0.0282   0.0356   0.1662   0.1455   0.0105   0.0163   0.0272   0.1097    0.051   0.2229   0.1578   0.0265   0.0936    0.039   0.0256   0.0834   0.0586   0.0282   0.1229   0.0793   0.0257   0.0001   0.0815     0.05    0.015   0.0378    0.102   0.0474   0.0586   0.1397   0.0026   0.0619   0.0453   0.0439   0.0391   0.1628   0.0733   0.0944    0.041   0.0526   0.0651   0.2954   0.1155   0.0201   0.0048   0.0282   0.0317   0.0139   0.0785   0.0347   0.0128   0.1094   0.0159    0.056   0.0024   0.0076   0.1431   0.0519   0.0831   0.0265   0.0109   0.0432   0.0138   0.0969   0.0313   0.0541   0.0223   0.1458   0.0071   0.1034    0.147   0.0553   0.0038   0.0216   0.2347   0.0125   0.0912   0.1398   0.0835   0.0913   0.0164   0.2597    0.104   0.2489   0.0056    0.101   0.0851   0.0781   0.0129   0.0027   0.1768   0.0133   0.0038   0.1508   0.0969   0.0435   0.0921   0.1044   0.0383   0.0156    0.036   0.1054   0.1506   0.0445   0.0097   0.0179   0.0104   0.0867   0.0591   0.0954   0.3506   0.0726   0.0901   0.3037   0.0742   0.0279   0.0245   0.0355   0.1261   0.0465
  snr   -10.21
    H     4.55
 exon    False