>data-XIV-cerevisiae-intergenic-284
N: 297
Methods: voss, eiip, qpsk, mem, alg1, alg2

M: voss
 freq      0.0   0.0034   0.0067   0.0101   0.0135   0.0168   0.0202   0.0236   0.0269   0.0303   0.0337    0.037   0.0404   0.0438   0.0471   0.0505   0.0539   0.0572   0.0606    0.064   0.0673   0.0707   0.0741   0.0774   0.0808   0.0842   0.0875   0.0909   0.0943   0.0976    0.101   0.1044   0.1077   0.1111   0.1145   0.1178   0.1212   0.1246   0.1279   0.1313   0.1347    0.138   0.1414   0.1448   0.1481   0.1515   0.1549   0.1582   0.1616    0.165   0.1684   0.1717   0.1751   0.1785   0.1818   0.1852   0.1886   0.1919   0.1953   0.1987    0.202   0.2054   0.2088   0.2121   0.2155   0.2189   0.2222   0.2256    0.229   0.2323   0.2357   0.2391   0.2424   0.2458   0.2492   0.2525   0.2559   0.2593   0.2626    0.266   0.2694   0.2727   0.2761   0.2795   0.2828   0.2862   0.2896   0.2929   0.2963   0.2997    0.303   0.3064   0.3098   0.3131   0.3165   0.3199   0.3232   0.3266     0.33   0.3333   0.3367   0.3401   0.3434   0.3468   0.3502   0.3535   0.3569   0.3603   0.3636    0.367   0.3704   0.3737   0.3771   0.3805   0.3838   0.3872   0.3906   0.3939   0.3973   0.4007    0.404   0.4074   0.4108   0.4141   0.4175   0.4209   0.4242   0.4276    0.431   0.4343   0.4377   0.4411   0.4444   0.4478   0.4512   0.4545   0.4579   0.4613   0.4646    0.468   0.4714   0.4747   0.4781   0.4815   0.4848   0.4882   0.4916   0.4949   0.4983
    S      0.0      1.0    0.153   0.3302   0.6712    0.397   0.4882   0.2713   0.4243    0.277   0.0607   0.1118   0.2985   0.0937   0.1396   0.1273   0.3145   0.1437   0.5159   0.1537   0.2629   0.2314   0.1115   0.1791   0.4371   0.1492   0.3895   0.2725   0.0449   0.1055   0.0979   0.2293   0.0617   0.2308   0.2065   0.1626   0.1366   0.1169   0.2006   0.8996   0.1077   0.5045   0.6163   0.0727   0.2917    0.077   0.1227   0.2419   0.0944   0.2024   0.3833   0.2712   0.3068   0.1618   0.1869   0.2281    0.463   0.1547   0.0257     0.19   0.1915   0.1108   0.3855   0.4805   0.1832    0.319    0.147   0.3247   0.0649   0.0995   0.1004   0.0766   0.1382   0.1501   0.0524   0.3498   0.1122   0.3214   0.1146   0.0827   0.2577      0.3   0.3903   0.2878   0.5052   0.6276   0.1709   0.2967   0.0156    0.397   0.2242   0.1284   0.0699   0.2043   0.5295   0.1429   0.2191   0.1207   0.2053   0.0704   0.1307    0.294   0.0912   0.2169   0.1335   0.2742   0.1934   0.0763   0.2335   0.0358   0.4781   0.2949    0.145   0.1758   0.1061   0.0788    0.364   0.0903    0.441   0.1946   0.2221    0.202   0.1336   0.1133   0.0883   0.2589   0.3672   0.1656   0.2229   0.1797   0.3011   0.0577   0.0382   0.2123   0.3593   0.2778   0.0774   0.2064    0.144   0.2202   0.1946   0.1322    0.334   0.1218   0.2633   0.1389   0.3299   0.0959   0.0896
  snr   -15.15
    H     4.79
 exon    False

M: eiip
 freq      0.0   0.0034   0.0067   0.0101   0.0135   0.0168   0.0202   0.0236   0.0269   0.0303   0.0337    0.037   0.0404   0.0438   0.0471   0.0505   0.0539   0.0572   0.0606    0.064   0.0673   0.0707   0.0741   0.0774   0.0808   0.0842   0.0875   0.0909   0.0943   0.0976    0.101   0.1044   0.1077   0.1111   0.1145   0.1178   0.1212   0.1246   0.1279   0.1313   0.1347    0.138   0.1414   0.1448   0.1481   0.1515   0.1549   0.1582   0.1616    0.165   0.1684   0.1717   0.1751   0.1785   0.1818   0.1852   0.1886   0.1919   0.1953   0.1987    0.202   0.2054   0.2088   0.2121   0.2155   0.2189   0.2222   0.2256    0.229   0.2323   0.2357   0.2391   0.2424   0.2458   0.2492   0.2525   0.2559   0.2593   0.2626    0.266   0.2694   0.2727   0.2761   0.2795   0.2828   0.2862   0.2896   0.2929   0.2963   0.2997    0.303   0.3064   0.3098   0.3131   0.3165   0.3199   0.3232   0.3266     0.33   0.3333   0.3367   0.3401   0.3434   0.3468   0.3502   0.3535   0.3569   0.3603   0.3636    0.367   0.3704   0.3737   0.3771   0.3805   0.3838   0.3872   0.3906   0.3939   0.3973   0.4007    0.404   0.4074   0.4108   0.4141   0.4175   0.4209   0.4242   0.4276    0.431   0.4343   0.4377   0.4411   0.4444   0.4478   0.4512   0.4545   0.4579   0.4613   0.4646    0.468   0.4714   0.4747   0.4781   0.4815   0.4848   0.4882   0.4916   0.4949   0.4983
    S      0.0   0.5085   0.0142   0.0425   0.8958   0.1212   0.2043   0.0603   0.1384   0.4602   0.0376   0.2548   0.2732   0.1752   0.1901   0.1161   0.6539   0.1222   0.6005   0.0404   0.2225   0.2991   0.1887   0.4213   0.5746   0.0818   0.2812    0.182   0.0544   0.1355   0.0134   0.2166    0.017   0.2228   0.0261   0.1287   0.3397   0.0934   0.3435   0.4238   0.2601   0.5715   0.6646   0.2818   0.0719    0.121   0.2141   0.2763   0.1688   0.1584   0.0212   0.5447   0.2923    0.377    0.387   0.6444   0.1695   0.0631   0.0153   0.0029   0.1179   0.1037   0.4371   0.3077   0.1739   0.2858   0.2991   0.2821   0.1214   0.1001    0.296   0.1865   0.0887   0.1058      0.1   0.4953   0.3483    0.224   0.1082   0.0144   0.8033    0.096   0.2707    0.319   0.5332   0.4474   0.1219   0.0913   0.0141   0.1696   0.0735   0.1952   0.0241    0.637   0.5905    0.022   0.0172   0.2544   0.4691   0.0529   0.1028   0.4722   0.3011    0.879   0.0044   0.2816   0.3023   0.0711   0.3619   0.0499   0.6532   0.3318   0.1683   0.0259   0.0501   0.2549   0.9524   0.2066   0.1727   0.0934   0.4164    0.208   0.0026   0.0427   0.0613   0.0282   0.4378   0.2267   0.1901   0.2338   0.0535   0.0478   0.1054   0.0697      1.0   0.3223   0.0841   0.2284   0.0924    0.295   0.0717   0.0112   0.3473    0.006   0.5103   0.0074   0.2922   0.0343   0.1933
  snr   -15.34
    H     4.63
 exon    False

M: qpsk
 freq      0.0   0.0034   0.0067   0.0101   0.0135   0.0168   0.0202   0.0236   0.0269   0.0303   0.0337    0.037   0.0404   0.0438   0.0471   0.0505   0.0539   0.0572   0.0606    0.064   0.0673   0.0707   0.0741   0.0774   0.0808   0.0842   0.0875   0.0909   0.0943   0.0976    0.101   0.1044   0.1077   0.1111   0.1145   0.1178   0.1212   0.1246   0.1279   0.1313   0.1347    0.138   0.1414   0.1448   0.1481   0.1515   0.1549   0.1582   0.1616    0.165   0.1684   0.1717   0.1751   0.1785   0.1818   0.1852   0.1886   0.1919   0.1953   0.1987    0.202   0.2054   0.2088   0.2121   0.2155   0.2189   0.2222   0.2256    0.229   0.2323   0.2357   0.2391   0.2424   0.2458   0.2492   0.2525   0.2559   0.2593   0.2626    0.266   0.2694   0.2727   0.2761   0.2795   0.2828   0.2862   0.2896   0.2929   0.2963   0.2997    0.303   0.3064   0.3098   0.3131   0.3165   0.3199   0.3232   0.3266     0.33   0.3333   0.3367   0.3401   0.3434   0.3468   0.3502   0.3535   0.3569   0.3603   0.3636    0.367   0.3704   0.3737   0.3771   0.3805   0.3838   0.3872   0.3906   0.3939   0.3973   0.4007    0.404   0.4074   0.4108   0.4141   0.4175   0.4209   0.4242   0.4276    0.431   0.4343   0.4377   0.4411   0.4444   0.4478   0.4512   0.4545   0.4579   0.4613   0.4646    0.468   0.4714   0.4747   0.4781   0.4815   0.4848   0.4882   0.4916   0.4949   0.4983
    S      0.0   0.4035   0.1936   0.1044   0.9224    0.386   0.4962   0.3155   0.6305   0.4082   0.0844   0.1437   0.3157   0.1097   0.1626   0.1563   0.0813   0.0353   0.6578   0.2353   0.0221   0.2796   0.1276   0.2231   0.6369   0.2181   0.5358   0.2881   0.0158   0.1082   0.1352   0.2634   0.0675    0.184   0.0706   0.2089   0.2036   0.1392    0.138      1.0   0.1116   0.4685   0.4788   0.1008     0.12   0.0705   0.1836   0.1558   0.0993    0.191   0.3223   0.2401    0.285   0.1502   0.0283    0.198   0.6029   0.1414   0.0238   0.2803   0.1208   0.1034   0.5378   0.5829   0.2646   0.3589   0.0558   0.0812   0.0681   0.1541   0.1535   0.1149   0.0736   0.1266    0.082    0.152   0.0887   0.4482   0.1043   0.0698   0.3678   0.2542   0.4751   0.3629   0.7739   0.6071   0.1524   0.3218   0.0183   0.3771   0.2938   0.1249   0.0738   0.3171   0.7075   0.0723   0.3206   0.1417    0.224   0.0786   0.1234   0.1273   0.1203    0.235   0.1685   0.1551   0.2526   0.0178   0.1961   0.0248   0.1668   0.3917   0.0112   0.0594   0.1282   0.0965   0.2347   0.0994   0.4673   0.2845   0.2616   0.1892   0.1474   0.1478   0.0869   0.3053   0.4873   0.1519   0.2686   0.2497   0.2135   0.0569   0.0562   0.1801   0.5459   0.3539   0.0992   0.3169   0.0522   0.3279    0.272   0.1533   0.3729   0.1235   0.3924   0.1125   0.3161   0.1396   0.0943
  snr   -15.26
    H     4.73
 exon    False

M: mem
 freq      0.0   0.0034   0.0068   0.0101   0.0135   0.0169   0.0203   0.0236    0.027   0.0304   0.0338   0.0372   0.0405   0.0439   0.0473   0.0507   0.0541   0.0574   0.0608   0.0642   0.0676   0.0709   0.0743   0.0777   0.0811   0.0845   0.0878   0.0912   0.0946    0.098   0.1014   0.1047   0.1081   0.1115   0.1149   0.1182   0.1216    0.125   0.1284   0.1318   0.1351   0.1385   0.1419   0.1453   0.1486    0.152   0.1554   0.1588   0.1622   0.1655   0.1689   0.1723   0.1757   0.1791   0.1824   0.1858   0.1892   0.1926   0.1959   0.1993   0.2027   0.2061   0.2095   0.2128   0.2162   0.2196    0.223   0.2264   0.2297   0.2331   0.2365   0.2399   0.2432   0.2466     0.25   0.2534   0.2568   0.2601   0.2635   0.2669   0.2703   0.2736    0.277   0.2804   0.2838   0.2872   0.2905   0.2939   0.2973   0.3007   0.3041   0.3074   0.3108   0.3142   0.3176   0.3209   0.3243   0.3277   0.3311   0.3345   0.3378   0.3412   0.3446    0.348   0.3514   0.3547   0.3581   0.3615   0.3649   0.3682   0.3716    0.375   0.3784   0.3818   0.3851   0.3885   0.3919   0.3953   0.3986    0.402   0.4054   0.4088   0.4122   0.4155   0.4189   0.4223   0.4257   0.4291   0.4324   0.4358   0.4392   0.4426   0.4459   0.4493   0.4527   0.4561   0.4595   0.4628   0.4662   0.4696    0.473   0.4764   0.4797   0.4831   0.4865   0.4899   0.4932   0.4966
    S      0.0      1.0   0.1876   0.3289   0.2778   0.2342   0.4867   0.3378   0.4944   0.0877   0.0625   0.0279   0.0295   0.0163   0.1282   0.1288   0.1392    0.207   0.2211    0.135    0.131   0.1021   0.0354    0.021   0.0976   0.1748   0.3651   0.0266   0.0572   0.0426   0.0531   0.0755    0.009   0.0701   0.2052   0.0431   0.0448   0.0631   0.0196   0.7179   0.0255    0.239   0.5341   0.0148   0.0856   0.0097   0.0088   0.2061    0.104   0.3015   0.3869   0.1583   0.0218   0.0983   0.0242   0.0448    0.217   0.0325   0.0063   0.2513   0.1757    0.059   0.1499   0.4667   0.2644   0.1659   0.1449   0.1744   0.0019   0.0594   0.0629   0.0587   0.1145    0.123   0.0138   0.3108   0.0694   0.0003   0.0608    0.197   0.0106   0.0102   0.4483   0.1532   0.0721   0.9449   0.0844   0.1679   0.0391   0.4227   0.0267   0.1404   0.0318   0.1007   0.2404   0.3224   0.0634   0.0263   0.0168   0.0165   0.0753   0.2649   0.0035   0.0196   0.0533   0.3193   0.0134   0.0054   0.0134   0.0681   0.2334   0.2783    0.111   0.1214    0.009   0.0449    0.042   0.0701   0.0028   0.0525   0.2926   0.0722   0.0111   0.1231   0.0255   0.2981   0.1178   0.0356   0.0641   0.0281   0.3272   0.0198   0.0732    0.331   0.0559   0.0476   0.0483   0.2741   0.0801   0.1143   0.0017   0.0699   0.3461   0.5055   0.0866   0.1594   0.0605   0.1101
  snr   -13.06
    H     4.48
 exon    False

M: alg1
 freq      0.0   0.0034   0.0067   0.0101   0.0135   0.0168   0.0202   0.0236   0.0269   0.0303   0.0337    0.037   0.0404   0.0438   0.0471   0.0505   0.0539   0.0572   0.0606    0.064   0.0673   0.0707   0.0741   0.0774   0.0808   0.0842   0.0875   0.0909   0.0943   0.0976    0.101   0.1044   0.1077   0.1111   0.1145   0.1178   0.1212   0.1246   0.1279   0.1313   0.1347    0.138   0.1414   0.1448   0.1481   0.1515   0.1549   0.1582   0.1616    0.165   0.1684   0.1717   0.1751   0.1785   0.1818   0.1852   0.1886   0.1919   0.1953   0.1987    0.202   0.2054   0.2088   0.2121   0.2155   0.2189   0.2222   0.2256    0.229   0.2323   0.2357   0.2391   0.2424   0.2458   0.2492   0.2525   0.2559   0.2593   0.2626    0.266   0.2694   0.2727   0.2761   0.2795   0.2828   0.2862   0.2896   0.2929   0.2963   0.2997    0.303   0.3064   0.3098   0.3131   0.3165   0.3199   0.3232   0.3266     0.33   0.3333   0.3367   0.3401   0.3434   0.3468   0.3502   0.3535   0.3569   0.3603   0.3636    0.367   0.3704   0.3737   0.3771   0.3805   0.3838   0.3872   0.3906   0.3939   0.3973   0.4007    0.404   0.4074   0.4108   0.4141   0.4175   0.4209   0.4242   0.4276    0.431   0.4343   0.4377   0.4411   0.4444   0.4478   0.4512   0.4545   0.4579   0.4613   0.4646    0.468   0.4714   0.4747   0.4781   0.4815   0.4848   0.4882   0.4916   0.4949   0.4983
    S      0.0    0.678   0.0416   0.2789   0.6093   0.3248    0.537   0.1284    0.071   0.2991   0.0338   0.1211   0.3427   0.0036   0.1184   0.1162   0.0805   0.0515   0.6594   0.0197   0.1381   0.1057   0.0976   0.1693    0.285   0.0534    0.172    0.261   0.0136   0.0142   0.0222   0.0531   0.0279   0.2561   0.2033   0.0183    0.053   0.0747   0.1343      1.0   0.0114   0.1993   0.1932   0.0451   0.2569   0.0086   0.1363   0.1098   0.0387   0.0124   0.1492   0.0739   0.1396   0.0046   0.0466   0.0337   0.3399   0.2071   0.0239   0.0158   0.0374   0.0219   0.0846   0.2347   0.0894   0.1798   0.0442    0.248   0.0137   0.0072   0.0718   0.0933   0.0985   0.0622   0.0335    0.037   0.0332   0.3603    0.057   0.0835   0.1424   0.2322   0.1206   0.0074   0.2509   0.1462   0.1197   0.0565   0.0036   0.1781   0.1483   0.0098   0.0558   0.1956    0.505   0.1448   0.0486   0.0588   0.0947   0.1056   0.0075   0.0269   0.0658   0.0602   0.0751   0.1086   0.2037   0.0396   0.1369   0.0246    0.269   0.0943   0.0662   0.1463   0.1153   0.0151   0.1646   0.0081   0.6273   0.1626   0.1807   0.1732   0.0774   0.0091   0.0372   0.1142   0.4635   0.1376   0.0716   0.1293   0.2932   0.0274   0.0319   0.0783   0.2515   0.2537   0.0252   0.1101   0.1045   0.0168   0.0445   0.0554   0.1856   0.0813   0.2586   0.1043   0.0312    0.017   0.0035
  snr   -12.79
    H     4.53
 exon    False

M: alg2
 freq      0.0   0.0034   0.0067   0.0101   0.0135   0.0168   0.0202   0.0236   0.0269   0.0303   0.0337    0.037   0.0404   0.0438   0.0471   0.0505   0.0539   0.0572   0.0606    0.064   0.0673   0.0707   0.0741   0.0774   0.0808   0.0842   0.0875   0.0909   0.0943   0.0976    0.101   0.1044   0.1077   0.1111   0.1145   0.1178   0.1212   0.1246   0.1279   0.1313   0.1347    0.138   0.1414   0.1448   0.1481   0.1515   0.1549   0.1582   0.1616    0.165   0.1684   0.1717   0.1751   0.1785   0.1818   0.1852   0.1886   0.1919   0.1953   0.1987    0.202   0.2054   0.2088   0.2121   0.2155   0.2189   0.2222   0.2256    0.229   0.2323   0.2357   0.2391   0.2424   0.2458   0.2492   0.2525   0.2559   0.2593   0.2626    0.266   0.2694   0.2727   0.2761   0.2795   0.2828   0.2862   0.2896   0.2929   0.2963   0.2997    0.303   0.3064   0.3098   0.3131   0.3165   0.3199   0.3232   0.3266     0.33   0.3333   0.3367   0.3401   0.3434   0.3468   0.3502   0.3535   0.3569   0.3603   0.3636    0.367   0.3704   0.3737   0.3771   0.3805   0.3838   0.3872   0.3906   0.3939   0.3973   0.4007    0.404   0.4074   0.4108   0.4141   0.4175   0.4209   0.4242   0.4276    0.431   0.4343   0.4377   0.4411   0.4444   0.4478   0.4512   0.4545   0.4579   0.4613   0.4646    0.468   0.4714   0.4747   0.4781   0.4815   0.4848   0.4882   0.4916   0.4949   0.4983
    S      0.0      1.0   0.0539   0.3472    0.138    0.199   0.2603   0.1192   0.0591   0.0338    0.014   0.0306   0.1134   0.0236    0.057   0.0463   0.3308   0.1619   0.1487    0.012   0.3099   0.0635    0.042   0.0477   0.0514   0.0253    0.096   0.0942   0.0468   0.0375   0.0219   0.0677   0.0176   0.1424   0.2099   0.0258   0.0098   0.0321   0.1309   0.3786   0.0392   0.2852   0.4358   0.0132   0.2464   0.0378    0.008   0.1992   0.0464   0.1227   0.2642   0.1616   0.1334   0.0879   0.2055   0.1307   0.1045   0.0751   0.0129   0.0267   0.1631   0.0447   0.0803   0.1794   0.0297   0.1419   0.1426   0.3378    0.022   0.0025   0.0066   0.0068   0.1222   0.1015   0.0018   0.3463   0.0677   0.0366   0.0562   0.0556   0.0419   0.1456   0.1327   0.0593   0.0439   0.3654   0.0878   0.1456   0.0043   0.2386   0.0317    0.069   0.0322   0.0117   0.1416   0.1279   0.0164   0.0457   0.0684   0.0266   0.0765     0.29   0.0202   0.0867   0.0328   0.2204    0.055   0.0744    0.125   0.0258   0.4769   0.0798   0.1735   0.1812   0.0256   0.0195   0.2602   0.0316   0.1648   0.0119    0.086    0.117   0.0467   0.0329   0.0489   0.0795   0.0864   0.0916   0.0603   0.0385   0.2327   0.0262   0.0046    0.144   0.0268   0.0864   0.0236   0.0166   0.1275    0.014   0.0249   0.0566   0.1443   0.0449   0.0357   0.0981   0.1967   0.0113   0.0337
  snr   -11.73
    H     4.54
 exon    False