>data-XIV-cerevisiae-intergenic-222
N: 472
Methods: voss, eiip, qpsk, mem, alg1, alg2

M: voss
 freq      0.0   0.0021   0.0042   0.0064   0.0085   0.0106   0.0127   0.0148   0.0169   0.0191   0.0212   0.0233   0.0254   0.0275   0.0297   0.0318   0.0339    0.036   0.0381   0.0403   0.0424   0.0445   0.0466   0.0487   0.0508    0.053   0.0551   0.0572   0.0593   0.0614   0.0636   0.0657   0.0678   0.0699    0.072   0.0742   0.0763   0.0784   0.0805   0.0826   0.0847   0.0869    0.089   0.0911   0.0932   0.0953   0.0975   0.0996   0.1017   0.1038   0.1059   0.1081   0.1102   0.1123   0.1144   0.1165   0.1186   0.1208   0.1229    0.125   0.1271   0.1292   0.1314   0.1335   0.1356   0.1377   0.1398   0.1419   0.1441   0.1462   0.1483   0.1504   0.1525   0.1547   0.1568   0.1589    0.161   0.1631   0.1653   0.1674   0.1695   0.1716   0.1737   0.1758    0.178   0.1801   0.1822   0.1843   0.1864   0.1886   0.1907   0.1928   0.1949    0.197   0.1992   0.2013   0.2034   0.2055   0.2076   0.2097   0.2119    0.214   0.2161   0.2182   0.2203   0.2225   0.2246   0.2267   0.2288   0.2309   0.2331   0.2352   0.2373   0.2394   0.2415   0.2436   0.2458   0.2479     0.25   0.2521   0.2542   0.2564   0.2585   0.2606   0.2627   0.2648   0.2669   0.2691   0.2712   0.2733   0.2754   0.2775   0.2797   0.2818   0.2839    0.286   0.2881   0.2903   0.2924   0.2945   0.2966   0.2987   0.3008    0.303   0.3051   0.3072   0.3093   0.3114   0.3136   0.3157   0.3178   0.3199    0.322   0.3242   0.3263   0.3284   0.3305   0.3326   0.3347   0.3369    0.339   0.3411   0.3432   0.3453   0.3475   0.3496   0.3517   0.3538   0.3559   0.3581   0.3602   0.3623   0.3644   0.3665   0.3686   0.3708   0.3729    0.375   0.3771   0.3792   0.3814   0.3835   0.3856   0.3877   0.3898   0.3919   0.3941   0.3962   0.3983   0.4004   0.4025   0.4047   0.4068   0.4089    0.411   0.4131   0.4153   0.4174   0.4195   0.4216   0.4237   0.4258    0.428   0.4301   0.4322   0.4343   0.4364   0.4386   0.4407   0.4428   0.4449    0.447   0.4492   0.4513   0.4534   0.4555   0.4576   0.4597   0.4619    0.464   0.4661   0.4682   0.4703   0.4725   0.4746   0.4767   0.4788   0.4809   0.4831   0.4852   0.4873   0.4894   0.4915   0.4936   0.4958   0.4979
    S      0.0   0.2072   0.7105   0.2434   0.5795   0.7611   0.3399   0.4678   0.0626   0.9056   0.3526   0.3221   0.8393   0.2931    0.356   0.7859   0.1422   0.2003   0.2755   0.4141   0.5879   0.2827   0.6531   0.7421   0.3162   0.3441   0.1014   0.1548   0.0762   0.3568   0.2423   0.1259   0.2122   0.2328   0.1087   0.3436   0.4512   0.3747    0.295   0.1697    0.097   0.1184   0.3829   0.2981   0.2923   0.3169    0.538   0.3183   0.2825   0.0488   0.6781   0.3876   0.6475   0.6858   0.3172   0.7288   0.3278   0.4392      1.0   0.1676    0.278   0.3176   0.4684   0.8685   0.1898   0.2541   0.4959   0.2407   0.2905   0.4127   0.5627   0.3794   0.0855   0.5856   0.2938   0.2118    0.069   0.2674   0.2252   0.2072   0.6165   0.4491   0.1429   0.2471   0.2443   0.2584   0.1386    0.261   0.2153   0.2664   0.1849   0.1946    0.241   0.2419   0.3924   0.1875   0.3832   0.3629   0.3292   0.6012   0.1948   0.1923   0.1019   0.2242   0.2703   0.5313   0.1768   0.6131   0.5865   0.0785   0.1699   0.1902   0.1694   0.3083   0.0479   0.1949    0.586   0.6067   0.7321   0.0791   0.0623   0.2555   0.5712   0.8309   0.3388   0.1634    0.121   0.3421   0.4252   0.6489   0.2632   0.4064   0.4619   0.0895   0.3506   0.7355   0.4718   0.3996   0.1825   0.2215   0.2283   0.6677   0.7831   0.1191   0.1759   0.3369   0.4848   0.3271   0.1839   0.2788   0.4216   0.2487   0.8003   0.5076   0.1745    0.145   0.2352   0.3871   0.4289   0.7381   0.8054   0.4311   0.7531   0.7909   0.2127   0.4719   0.4636   0.1115   0.4149   0.2821   0.2988   0.4479   0.3477   0.2624   0.2405   0.6212   0.2431   0.0737    0.284   0.3248   0.2444   0.8175   0.1906   0.2732   0.2397   0.2375   0.4408   0.3424   0.0411    0.114   0.4843    0.504   0.0463   0.1518    0.322   0.4975   0.5237   0.0453   0.2015   0.4628   0.3218   0.0906    0.343   0.2466   0.3598   0.0656   0.2322    0.069   0.1107   0.4095   0.0798   0.1765   0.2398   0.3045   0.2654   0.7241   0.5873   0.3371   0.2741   0.4755   0.5957   0.3154   0.0501   0.3108   0.1919   0.5579   0.0933   0.3071   0.8472   0.2168   0.1807   0.4176   0.1415   0.2864   0.2602   0.5099
  snr   -19.05
    H     5.29
 exon    False

M: eiip
 freq      0.0   0.0021   0.0042   0.0064   0.0085   0.0106   0.0127   0.0148   0.0169   0.0191   0.0212   0.0233   0.0254   0.0275   0.0297   0.0318   0.0339    0.036   0.0381   0.0403   0.0424   0.0445   0.0466   0.0487   0.0508    0.053   0.0551   0.0572   0.0593   0.0614   0.0636   0.0657   0.0678   0.0699    0.072   0.0742   0.0763   0.0784   0.0805   0.0826   0.0847   0.0869    0.089   0.0911   0.0932   0.0953   0.0975   0.0996   0.1017   0.1038   0.1059   0.1081   0.1102   0.1123   0.1144   0.1165   0.1186   0.1208   0.1229    0.125   0.1271   0.1292   0.1314   0.1335   0.1356   0.1377   0.1398   0.1419   0.1441   0.1462   0.1483   0.1504   0.1525   0.1547   0.1568   0.1589    0.161   0.1631   0.1653   0.1674   0.1695   0.1716   0.1737   0.1758    0.178   0.1801   0.1822   0.1843   0.1864   0.1886   0.1907   0.1928   0.1949    0.197   0.1992   0.2013   0.2034   0.2055   0.2076   0.2097   0.2119    0.214   0.2161   0.2182   0.2203   0.2225   0.2246   0.2267   0.2288   0.2309   0.2331   0.2352   0.2373   0.2394   0.2415   0.2436   0.2458   0.2479     0.25   0.2521   0.2542   0.2564   0.2585   0.2606   0.2627   0.2648   0.2669   0.2691   0.2712   0.2733   0.2754   0.2775   0.2797   0.2818   0.2839    0.286   0.2881   0.2903   0.2924   0.2945   0.2966   0.2987   0.3008    0.303   0.3051   0.3072   0.3093   0.3114   0.3136   0.3157   0.3178   0.3199    0.322   0.3242   0.3263   0.3284   0.3305   0.3326   0.3347   0.3369    0.339   0.3411   0.3432   0.3453   0.3475   0.3496   0.3517   0.3538   0.3559   0.3581   0.3602   0.3623   0.3644   0.3665   0.3686   0.3708   0.3729    0.375   0.3771   0.3792   0.3814   0.3835   0.3856   0.3877   0.3898   0.3919   0.3941   0.3962   0.3983   0.4004   0.4025   0.4047   0.4068   0.4089    0.411   0.4131   0.4153   0.4174   0.4195   0.4216   0.4237   0.4258    0.428   0.4301   0.4322   0.4343   0.4364   0.4386   0.4407   0.4428   0.4449    0.447   0.4492   0.4513   0.4534   0.4555   0.4576   0.4597   0.4619    0.464   0.4661   0.4682   0.4703   0.4725   0.4746   0.4767   0.4788   0.4809   0.4831   0.4852   0.4873   0.4894   0.4915   0.4936   0.4958   0.4979
    S      0.0   0.0673    0.117   0.2119   0.0944   0.2909   0.3667   0.1058   0.0666   0.9007   0.1488   0.1329      1.0   0.2077   0.0318    0.279   0.0378   0.0386   0.2558   0.1022   0.0235   0.1652   0.2181   0.0198   0.2476   0.1305   0.0268   0.1134   0.0219   0.1394   0.0834   0.1321   0.1438   0.0039   0.0167     0.08   0.0151   0.0464   0.0002   0.0427    0.104   0.0947   0.1003   0.0516   0.3261   0.0108   0.0602   0.2268   0.2123   0.0033   0.5742   0.1101   0.0397   0.2177   0.0055   0.2896   0.0042    0.105   0.0578   0.0456   0.1939   0.0462   0.2811   0.0047   0.0526   0.1112   0.2705   0.1847   0.0579   0.0712    0.107   0.2878   0.0615   0.1878   0.1405    0.102   0.0829   0.1964   0.0627   0.0495   0.0987   0.0853   0.0189   0.0567   0.0267   0.1377   0.1466   0.2078   0.0392   0.1328   0.0122   0.2168   0.1106   0.3044   0.5986   0.2249   0.3909   0.3294   0.1048   0.1021   0.0304   0.1237   0.0202   0.0289   0.1532   0.0507   0.2417   0.0181   0.3189   0.0567   0.0709    0.101   0.0869   0.4155   0.0177   0.1141   0.1217   0.5602   0.3357   0.0369   0.0673    0.095   0.1489   0.4648   0.3208   0.2694   0.0419   0.1057   0.1505   0.2598   0.0048   0.0029   0.1306   0.0664   0.1968   0.1065   0.2063   0.0595   0.1011   0.2166   0.1049   0.8657   0.6076   0.0155   0.0143   0.3915   0.1662    0.107   0.0601   0.4341    0.407   0.3243   0.0074   0.3519   0.2661   0.0502   0.0256   0.1157   0.1024   0.3741   0.3098   0.3539   0.1475   0.1825   0.0707   0.2471   0.3149   0.0097   0.0097   0.1702   0.0184   0.1287   0.1368   0.0861   0.2118   0.6131   0.0036    0.008   0.2215   0.0592   0.1546   0.7215   0.2699   0.1299   0.1251   0.0266   0.0242   0.1892   0.0444    0.013   0.0606   0.1849   0.0707   0.1775   0.0164   0.1718    0.356   0.0178    0.155   0.0014   0.0756   0.0863   0.1041    0.052    0.334   0.0479   0.2067   0.0399   0.1353   0.1666   0.0061   0.0059   0.1067   0.2423    0.303   0.4346   0.3082   0.0921   0.0864   0.1609   0.0244   0.2083     0.01   0.0681   0.1259   0.6234   0.0158   0.1576   0.3488   0.0196   0.0355   0.2479   0.1432   0.0922   0.0052   0.6928
  snr   -15.61
    H     5.02
 exon    False

M: qpsk
 freq      0.0   0.0021   0.0042   0.0064   0.0085   0.0106   0.0127   0.0148   0.0169   0.0191   0.0212   0.0233   0.0254   0.0275   0.0297   0.0318   0.0339    0.036   0.0381   0.0403   0.0424   0.0445   0.0466   0.0487   0.0508    0.053   0.0551   0.0572   0.0593   0.0614   0.0636   0.0657   0.0678   0.0699    0.072   0.0742   0.0763   0.0784   0.0805   0.0826   0.0847   0.0869    0.089   0.0911   0.0932   0.0953   0.0975   0.0996   0.1017   0.1038   0.1059   0.1081   0.1102   0.1123   0.1144   0.1165   0.1186   0.1208   0.1229    0.125   0.1271   0.1292   0.1314   0.1335   0.1356   0.1377   0.1398   0.1419   0.1441   0.1462   0.1483   0.1504   0.1525   0.1547   0.1568   0.1589    0.161   0.1631   0.1653   0.1674   0.1695   0.1716   0.1737   0.1758    0.178   0.1801   0.1822   0.1843   0.1864   0.1886   0.1907   0.1928   0.1949    0.197   0.1992   0.2013   0.2034   0.2055   0.2076   0.2097   0.2119    0.214   0.2161   0.2182   0.2203   0.2225   0.2246   0.2267   0.2288   0.2309   0.2331   0.2352   0.2373   0.2394   0.2415   0.2436   0.2458   0.2479     0.25   0.2521   0.2542   0.2564   0.2585   0.2606   0.2627   0.2648   0.2669   0.2691   0.2712   0.2733   0.2754   0.2775   0.2797   0.2818   0.2839    0.286   0.2881   0.2903   0.2924   0.2945   0.2966   0.2987   0.3008    0.303   0.3051   0.3072   0.3093   0.3114   0.3136   0.3157   0.3178   0.3199    0.322   0.3242   0.3263   0.3284   0.3305   0.3326   0.3347   0.3369    0.339   0.3411   0.3432   0.3453   0.3475   0.3496   0.3517   0.3538   0.3559   0.3581   0.3602   0.3623   0.3644   0.3665   0.3686   0.3708   0.3729    0.375   0.3771   0.3792   0.3814   0.3835   0.3856   0.3877   0.3898   0.3919   0.3941   0.3962   0.3983   0.4004   0.4025   0.4047   0.4068   0.4089    0.411   0.4131   0.4153   0.4174   0.4195   0.4216   0.4237   0.4258    0.428   0.4301   0.4322   0.4343   0.4364   0.4386   0.4407   0.4428   0.4449    0.447   0.4492   0.4513   0.4534   0.4555   0.4576   0.4597   0.4619    0.464   0.4661   0.4682   0.4703   0.4725   0.4746   0.4767   0.4788   0.4809   0.4831   0.4852   0.4873   0.4894   0.4915   0.4936   0.4958   0.4979
    S      0.0   0.1608   0.6081   0.0561   0.4951   0.3448   0.2085   0.3419    0.014      1.0   0.2558   0.2939   0.9164   0.1496   0.1802   0.3145   0.1529   0.2114   0.2604   0.0665   0.3028    0.286    0.512    0.267   0.3073   0.2357   0.1074   0.1434   0.0379   0.0479   0.2551   0.1256   0.2015   0.0782   0.0683   0.3729   0.4085   0.2902   0.1605   0.1858   0.0455   0.1232   0.1559   0.1743   0.1617   0.2812   0.3862    0.326   0.1443   0.0414    0.507   0.4223   0.2235    0.614   0.2553   0.7812     0.16   0.0844   0.6342   0.1665   0.2117   0.2359   0.4976   0.2887   0.0082   0.2652   0.2224   0.2264   0.1344   0.3693   0.2954   0.2985   0.0938   0.3126   0.3215   0.1253   0.0364   0.2222   0.1569   0.2046   0.4232   0.1059    0.115    0.219   0.2196   0.2385   0.0384   0.1089   0.0942   0.0989   0.1028   0.0362   0.2535   0.2524   0.3203   0.1911   0.3963    0.357   0.1146   0.6051   0.1022   0.1469   0.0708   0.1111   0.1134   0.2401   0.1283   0.4109   0.2959    0.086   0.1562   0.1822   0.1588   0.1884   0.0406   0.0147   0.5423   0.5154    0.621   0.0863   0.0656   0.1564   0.5188   0.3785   0.2068   0.0793   0.1257   0.2709    0.327   0.3882   0.1501   0.2784   0.4303   0.0886   0.2462   0.5667   0.4536   0.2887   0.1695   0.2288   0.1584   0.3705   0.8033   0.1303   0.1814   0.3399   0.3955   0.2887   0.0663   0.1919   0.1337   0.0665   0.2804   0.3896   0.1401   0.1544    0.234   0.3821   0.3946   0.5112   0.0928   0.2695   0.5401   0.8587    0.168   0.3894   0.4716   0.0967   0.2859   0.2242   0.1683   0.3643   0.3127    0.194      0.2   0.5603   0.1987   0.0783   0.2661   0.2509   0.2344   0.6142   0.0898   0.2664    0.118   0.1455   0.2143    0.292   0.0276   0.0785   0.4545    0.332   0.0453   0.1543   0.2704   0.2261   0.4927   0.0473   0.1653   0.4203   0.0854   0.0494   0.3421   0.1496   0.3974   0.0578   0.0924   0.0436   0.0659   0.2954   0.0292   0.0871   0.2025   0.1846   0.1922   0.7353   0.5303   0.1133   0.2292   0.2942   0.5319    0.334    0.026   0.3415   0.1509   0.4019   0.0777    0.194   0.4993   0.1151   0.1417   0.3254   0.0761   0.0473    0.165   0.5528
  snr   -17.64
    H     5.23
 exon    False

M: mem
 freq      0.0   0.0021   0.0042   0.0064   0.0085   0.0106   0.0127   0.0148   0.0169   0.0191   0.0212   0.0233   0.0254   0.0275   0.0297   0.0318   0.0339    0.036   0.0381   0.0403   0.0424   0.0445   0.0466   0.0487   0.0508    0.053   0.0551   0.0572   0.0593   0.0614   0.0636   0.0657   0.0678   0.0699    0.072   0.0742   0.0763   0.0784   0.0805   0.0826   0.0847   0.0869    0.089   0.0911   0.0932   0.0953   0.0975   0.0996   0.1017   0.1038   0.1059   0.1081   0.1102   0.1123   0.1144   0.1165   0.1186   0.1208   0.1229    0.125   0.1271   0.1292   0.1314   0.1335   0.1356   0.1377   0.1398   0.1419   0.1441   0.1462   0.1483   0.1504   0.1525   0.1547   0.1568   0.1589    0.161   0.1631   0.1653   0.1674   0.1695   0.1716   0.1737   0.1758    0.178   0.1801   0.1822   0.1843   0.1864   0.1886   0.1907   0.1928   0.1949    0.197   0.1992   0.2013   0.2034   0.2055   0.2076   0.2097   0.2119    0.214   0.2161   0.2182   0.2203   0.2225   0.2246   0.2267   0.2288   0.2309   0.2331   0.2352   0.2373   0.2394   0.2415   0.2436   0.2458   0.2479     0.25   0.2521   0.2542   0.2564   0.2585   0.2606   0.2627   0.2648   0.2669   0.2691   0.2712   0.2733   0.2754   0.2775   0.2797   0.2818   0.2839    0.286   0.2881   0.2903   0.2924   0.2945   0.2966   0.2987   0.3008    0.303   0.3051   0.3072   0.3093   0.3114   0.3136   0.3157   0.3178   0.3199    0.322   0.3242   0.3263   0.3284   0.3305   0.3326   0.3347   0.3369    0.339   0.3411   0.3432   0.3453   0.3475   0.3496   0.3517   0.3538   0.3559   0.3581   0.3602   0.3623   0.3644   0.3665   0.3686   0.3708   0.3729    0.375   0.3771   0.3792   0.3814   0.3835   0.3856   0.3877   0.3898   0.3919   0.3941   0.3962   0.3983   0.4004   0.4025   0.4047   0.4068   0.4089    0.411   0.4131   0.4153   0.4174   0.4195   0.4216   0.4237   0.4258    0.428   0.4301   0.4322   0.4343   0.4364   0.4386   0.4407   0.4428   0.4449    0.447   0.4492   0.4513   0.4534   0.4555   0.4576   0.4597   0.4619    0.464   0.4661   0.4682   0.4703   0.4725   0.4746   0.4767   0.4788   0.4809   0.4831   0.4852   0.4873   0.4894   0.4915   0.4936   0.4958   0.4979
    S      0.0   0.0308   0.1159   0.1198   0.1439   0.2556   0.4193   0.0588   0.0238    0.792   0.0892   0.1902   0.3252   0.2663   0.0203     0.25   0.0421   0.2177   0.2448    0.146   0.1491   0.0745   0.6595   0.1402   0.1678   0.0558     0.01   0.1181    0.062   0.1327   0.0214   0.0294   0.0774   0.0013   0.0337   0.3114    0.336   0.2162   0.0754   0.0324    0.041   0.0897   0.0967   0.0793   0.3311   0.1348    0.282   0.4104   0.0115   0.0292   0.0378   0.0571   0.1704   0.1016   0.1298      1.0   0.0809   0.0565    0.397   0.1928   0.1749   0.1754   0.4373   0.0086   0.0146   0.3223   0.0876   0.0719   0.0186   0.2212   0.2544   0.4128   0.0032   0.0262    0.153   0.1038   0.0106   0.0737   0.0414   0.1823   0.0226    0.024   0.0831   0.0219   0.1107   0.1106   0.0949   0.2002   0.0953   0.0023   0.0059   0.1433   0.0697   0.1249   0.3199   0.0729   0.3367   0.2349    0.053    0.578   0.0521   0.0645   0.0279   0.1124   0.2757   0.0048   0.1475   0.0837   0.4006   0.1081   0.0134   0.0282   0.2343   0.1428   0.0058   0.0218   0.4576    0.173   0.9019    0.048   0.0339   0.1039   0.3667   0.7172   0.2585   0.1457   0.0057   0.0075   0.0271   0.3806   0.0516   0.1737   0.3604   0.0698   0.0581   0.6602   0.0147   0.0121   0.2505   0.3411   0.0899   0.8087   0.0758   0.0627    0.167   0.0708   0.0759   0.2511   0.0093   0.2637   0.3662   0.1315   0.0137   0.6923   0.2558   0.1389   0.2122   0.1279    0.149   0.3683   0.0927      0.4   0.0029    0.766    0.048   0.2157   0.5671    0.074   0.1342   0.0851    0.058   0.0458   0.2087   0.0773     0.14   0.9512   0.0956   0.0281   0.1569   0.1386   0.0151   0.5575   0.1206   0.1243    0.147   0.1434    0.173    0.026   0.0458    0.057   0.1281   0.0257   0.0374   0.0242   0.1594   0.1571   0.0341   0.0416   0.0035   0.2845   0.1592   0.0549    0.213   0.0056   0.2092   0.0086   0.1931   0.0774   0.0209   0.0527   0.0046   0.0204   0.1484   0.0113    0.231   0.6598    0.309   0.1616   0.2429   0.3252   0.3578   0.2225   0.0363   0.2037   0.2515   0.4953   0.0728    0.028   0.8428   0.1206   0.0654   0.2052    0.014   0.0481   0.1194   0.4029
  snr   -15.97
    H     4.98
 exon    False

M: alg1
 freq      0.0   0.0021   0.0042   0.0064   0.0085   0.0106   0.0127   0.0148   0.0169   0.0191   0.0212   0.0233   0.0254   0.0275   0.0297   0.0318   0.0339    0.036   0.0381   0.0403   0.0424   0.0445   0.0466   0.0487   0.0508    0.053   0.0551   0.0572   0.0593   0.0614   0.0636   0.0657   0.0678   0.0699    0.072   0.0742   0.0763   0.0784   0.0805   0.0826   0.0847   0.0869    0.089   0.0911   0.0932   0.0953   0.0975   0.0996   0.1017   0.1038   0.1059   0.1081   0.1102   0.1123   0.1144   0.1165   0.1186   0.1208   0.1229    0.125   0.1271   0.1292   0.1314   0.1335   0.1356   0.1377   0.1398   0.1419   0.1441   0.1462   0.1483   0.1504   0.1525   0.1547   0.1568   0.1589    0.161   0.1631   0.1653   0.1674   0.1695   0.1716   0.1737   0.1758    0.178   0.1801   0.1822   0.1843   0.1864   0.1886   0.1907   0.1928   0.1949    0.197   0.1992   0.2013   0.2034   0.2055   0.2076   0.2097   0.2119    0.214   0.2161   0.2182   0.2203   0.2225   0.2246   0.2267   0.2288   0.2309   0.2331   0.2352   0.2373   0.2394   0.2415   0.2436   0.2458   0.2479     0.25   0.2521   0.2542   0.2564   0.2585   0.2606   0.2627   0.2648   0.2669   0.2691   0.2712   0.2733   0.2754   0.2775   0.2797   0.2818   0.2839    0.286   0.2881   0.2903   0.2924   0.2945   0.2966   0.2987   0.3008    0.303   0.3051   0.3072   0.3093   0.3114   0.3136   0.3157   0.3178   0.3199    0.322   0.3242   0.3263   0.3284   0.3305   0.3326   0.3347   0.3369    0.339   0.3411   0.3432   0.3453   0.3475   0.3496   0.3517   0.3538   0.3559   0.3581   0.3602   0.3623   0.3644   0.3665   0.3686   0.3708   0.3729    0.375   0.3771   0.3792   0.3814   0.3835   0.3856   0.3877   0.3898   0.3919   0.3941   0.3962   0.3983   0.4004   0.4025   0.4047   0.4068   0.4089    0.411   0.4131   0.4153   0.4174   0.4195   0.4216   0.4237   0.4258    0.428   0.4301   0.4322   0.4343   0.4364   0.4386   0.4407   0.4428   0.4449    0.447   0.4492   0.4513   0.4534   0.4555   0.4576   0.4597   0.4619    0.464   0.4661   0.4682   0.4703   0.4725   0.4746   0.4767   0.4788   0.4809   0.4831   0.4852   0.4873   0.4894   0.4915   0.4936   0.4958   0.4979
    S      0.0    0.058   0.7113   0.1211   0.7415   0.0839   0.1381   0.5829   0.0218   0.3402   0.1146   0.0921   0.4551   0.0914    0.057   0.0931   0.2369    0.269   0.0166   0.1624   0.0763   0.3309   0.6896   0.2942   0.2342   0.2871    0.169   0.0098   0.0593   0.1533   0.4115   0.0892   0.0491   0.0383   0.0074   0.4863   0.6265   0.4073   0.1349   0.2982   0.0321   0.0303   0.2485   0.0143   0.0747   0.3645   0.3382   0.0849   0.2248   0.0308   0.7116   0.6825   0.4232   0.6877   0.2833   0.5765   0.1436   0.1143   0.6326   0.1321   0.0445    0.211   0.2876   0.1243   0.0417    0.264   0.4496   0.3001   0.1712   0.2721   0.5603   0.1875   0.1157   0.4739   0.3921   0.0689   0.0595   0.0906   0.0285   0.1395   0.3229   0.1968   0.1034   0.2558   0.3671   0.2075   0.0334   0.1013   0.1527   0.1688    0.122   0.0536   0.3539   0.1961   0.1229   0.0977   0.2886   0.1608   0.2391   0.3652   0.0613   0.0665   0.0141   0.1211   0.1754   0.2611   0.0674   0.6363   0.1526    0.038   0.2072   0.1581    0.148   0.1456   0.0668   0.0689   0.7658   0.3511   0.7481     0.09   0.0276   0.2218   0.4833   0.5859   0.1383   0.0516   0.1804   0.2184   0.3971   0.3944   0.2441   0.2394   0.1148   0.1035   0.1249   0.8321   0.5917   0.2891   0.1599   0.0809   0.0863   0.2458   0.9812   0.2084   0.1605   0.2817    0.695   0.1018   0.1295    0.117    0.143   0.0892   0.2135   0.3437    0.038   0.1072   0.3536   0.6473   0.6435   0.8794   0.1972   0.0793   0.5136      1.0   0.3008   0.5482   0.2786   0.0582   0.5019   0.3152   0.2598   0.2939   0.1947   0.1114   0.2505   0.3405   0.2534   0.1326   0.3204   0.1495   0.3865   0.1476    0.066   0.3548    0.177   0.2644   0.2668   0.4352   0.0224   0.0237   0.7293    0.229   0.0257   0.1503   0.4363    0.361   0.4327   0.0598   0.2543   0.5545   0.1984   0.0518   0.5055    0.187   0.2788   0.0411   0.1187   0.0469   0.1015   0.4781   0.0267   0.1112   0.0089   0.3058   0.1971   0.0384   0.3253   0.2264   0.3242   0.2877   0.7665   0.2069   0.0401   0.4337   0.1476   0.0768   0.1095   0.1669   0.7558   0.2085    0.086   0.5065   0.1353   0.0503    0.299   0.1996
  snr   -17.64
    H     5.14
 exon     True

M: alg2
 freq      0.0   0.0021   0.0042   0.0064   0.0085   0.0106   0.0127   0.0148   0.0169   0.0191   0.0212   0.0233   0.0254   0.0275   0.0297   0.0318   0.0339    0.036   0.0381   0.0403   0.0424   0.0445   0.0466   0.0487   0.0508    0.053   0.0551   0.0572   0.0593   0.0614   0.0636   0.0657   0.0678   0.0699    0.072   0.0742   0.0763   0.0784   0.0805   0.0826   0.0847   0.0869    0.089   0.0911   0.0932   0.0953   0.0975   0.0996   0.1017   0.1038   0.1059   0.1081   0.1102   0.1123   0.1144   0.1165   0.1186   0.1208   0.1229    0.125   0.1271   0.1292   0.1314   0.1335   0.1356   0.1377   0.1398   0.1419   0.1441   0.1462   0.1483   0.1504   0.1525   0.1547   0.1568   0.1589    0.161   0.1631   0.1653   0.1674   0.1695   0.1716   0.1737   0.1758    0.178   0.1801   0.1822   0.1843   0.1864   0.1886   0.1907   0.1928   0.1949    0.197   0.1992   0.2013   0.2034   0.2055   0.2076   0.2097   0.2119    0.214   0.2161   0.2182   0.2203   0.2225   0.2246   0.2267   0.2288   0.2309   0.2331   0.2352   0.2373   0.2394   0.2415   0.2436   0.2458   0.2479     0.25   0.2521   0.2542   0.2564   0.2585   0.2606   0.2627   0.2648   0.2669   0.2691   0.2712   0.2733   0.2754   0.2775   0.2797   0.2818   0.2839    0.286   0.2881   0.2903   0.2924   0.2945   0.2966   0.2987   0.3008    0.303   0.3051   0.3072   0.3093   0.3114   0.3136   0.3157   0.3178   0.3199    0.322   0.3242   0.3263   0.3284   0.3305   0.3326   0.3347   0.3369    0.339   0.3411   0.3432   0.3453   0.3475   0.3496   0.3517   0.3538   0.3559   0.3581   0.3602   0.3623   0.3644   0.3665   0.3686   0.3708   0.3729    0.375   0.3771   0.3792   0.3814   0.3835   0.3856   0.3877   0.3898   0.3919   0.3941   0.3962   0.3983   0.4004   0.4025   0.4047   0.4068   0.4089    0.411   0.4131   0.4153   0.4174   0.4195   0.4216   0.4237   0.4258    0.428   0.4301   0.4322   0.4343   0.4364   0.4386   0.4407   0.4428   0.4449    0.447   0.4492   0.4513   0.4534   0.4555   0.4576   0.4597   0.4619    0.464   0.4661   0.4682   0.4703   0.4725   0.4746   0.4767   0.4788   0.4809   0.4831   0.4852   0.4873   0.4894   0.4915   0.4936   0.4958   0.4979
    S      0.0   0.1786   0.4656     0.02   0.0689    0.282   0.0671   0.1738   0.0135   0.7808   0.2805   0.2238      1.0   0.0757   0.2146   0.2539   0.0469    0.017   0.2111   0.0462   0.1792   0.1647   0.0107    0.173   0.1887   0.2231   0.0649   0.1225    0.007   0.0216   0.1306   0.1357   0.2192   0.0984   0.0512   0.0515   0.0354   0.1239   0.0666   0.0856   0.0476   0.1041   0.1362   0.1489   0.0867   0.0313    0.193   0.1449   0.1076    0.007   0.3411   0.2177    0.171   0.5425   0.0475   0.0894   0.0505   0.1112    0.351   0.0159   0.1954   0.0234   0.2724   0.3585   0.0099   0.0309   0.0508    0.164   0.0386   0.1303   0.0715   0.1533   0.0809   0.2597   0.1312   0.0551   0.0276   0.2497   0.1723   0.0684   0.4642   0.0846   0.0118   0.1845   0.0283   0.1981   0.0286   0.0741   0.0573   0.0495   0.1093   0.0226   0.1542     0.23   0.2943    0.204    0.224   0.3284   0.0511   0.1152   0.0958    0.125   0.0604   0.0245   0.0049   0.2645   0.0948   0.3181   0.2024   0.0316   0.0963   0.1826   0.0221   0.1786    0.024   0.0037   0.1543   0.5616   0.0723   0.0367    0.067   0.0091   0.0952   0.1031   0.1715   0.0697   0.0911   0.3041   0.3135   0.2675   0.1133   0.0418   0.2048   0.0397   0.2794   0.0347    0.391   0.2917    0.015    0.086   0.0897   0.1654   0.6049   0.0251   0.0121   0.3454   0.0678   0.1582   0.0249   0.1606   0.0725   0.0609   0.3554   0.0428    0.084    0.053   0.0237   0.1192   0.0452   0.1381   0.1178   0.1595   0.5729   0.1562   0.0474   0.2369   0.1959   0.0212   0.1396   0.1636   0.1353   0.3779   0.2197   0.1914   0.1254   0.1627   0.0313    0.017   0.1694   0.1025   0.1046   0.5819    0.089   0.1556    0.066   0.0425   0.0924   0.2182   0.0094   0.0338   0.0993   0.3694   0.0404   0.1493   0.1048   0.0046   0.5193   0.0103   0.1156   0.0551   0.0314   0.0201   0.1184   0.1065   0.3174   0.0612   0.0472    0.003    0.051   0.2009   0.0122   0.0858   0.1617   0.0947   0.1132   0.4962   0.2937   0.0166   0.0581   0.1612   0.1554   0.2344   0.0045   0.0805   0.0297   0.3252   0.0011   0.1677   0.0667   0.0397    0.109   0.1553   0.0411   0.0389   0.0671   0.5071
  snr   -15.17
    H     5.06
 exon    False