>data-XV-cerevisiae-intergenic-341
N: 350
Methods: voss, eiip, qpsk, mem, tbpse, snrse

M: voss
 freq      0.0   0.0029   0.0057   0.0086   0.0114   0.0143   0.0171     0.02   0.0229   0.0257   0.0286   0.0314   0.0343   0.0371     0.04   0.0429   0.0457   0.0486   0.0514   0.0543   0.0571     0.06   0.0629   0.0657   0.0686   0.0714   0.0743   0.0771     0.08   0.0829   0.0857   0.0886   0.0914   0.0943   0.0971      0.1   0.1029   0.1057   0.1086   0.1114   0.1143   0.1171     0.12   0.1229   0.1257   0.1286   0.1314   0.1343   0.1371     0.14   0.1429   0.1457   0.1486   0.1514   0.1543   0.1571     0.16   0.1629   0.1657   0.1686   0.1714   0.1743   0.1771     0.18   0.1829   0.1857   0.1886   0.1914   0.1943   0.1971      0.2   0.2029   0.2057   0.2086   0.2114   0.2143   0.2171     0.22   0.2229   0.2257   0.2286   0.2314   0.2343   0.2371     0.24   0.2429   0.2457   0.2486   0.2514   0.2543   0.2571     0.26   0.2629   0.2657   0.2686   0.2714   0.2743   0.2771     0.28   0.2829   0.2857   0.2886   0.2914   0.2943   0.2971      0.3   0.3029   0.3057   0.3086   0.3114   0.3143   0.3171     0.32   0.3229   0.3257   0.3286   0.3314   0.3343   0.3371     0.34   0.3429   0.3457   0.3486   0.3514   0.3543   0.3571     0.36   0.3629   0.3657   0.3686   0.3714   0.3743   0.3771     0.38   0.3829   0.3857   0.3886   0.3914   0.3943   0.3971      0.4   0.4029   0.4057   0.4086   0.4114   0.4143   0.4171     0.42   0.4229   0.4257   0.4286   0.4314   0.4343   0.4371     0.44   0.4429   0.4457   0.4486   0.4514   0.4543   0.4571     0.46   0.4629   0.4657   0.4686   0.4714   0.4743   0.4771     0.48   0.4829   0.4857   0.4886   0.4914   0.4943   0.4971
    S      0.0   0.7425   0.3625   0.5174    0.202   0.1974   0.4148      1.0   0.2521   0.0438   0.4025   0.3223   0.3173   0.3048   0.3091    0.236   0.0485   0.1379   0.6629   0.4977   0.1456   0.2385   0.3791   0.2801   0.5575   0.3795    0.633   0.6162   0.4426    0.169   0.3451   0.2344   0.1988   0.2464   0.3279   0.6299   0.5224   0.2039   0.4099    0.234   0.1658   0.8071   0.8596    0.449   0.1284   0.4173   0.4088   0.2345   0.3943   0.2848   0.1442   0.4308   0.1265   0.4909   0.1018   0.1113   0.1992   0.5059   0.6194   0.4765   0.3346   0.2543   0.8735   0.2977   0.6247   0.2489   0.1742   0.5155   0.2505   0.1599   0.1645   0.2461   0.3036   0.1745   0.1974   0.2165   0.4101   0.3323   0.5245   0.3701   0.7109   0.1717   0.4533   0.1986   0.1295   0.1656   0.5132   0.5331   0.5198   0.2141   0.1918   0.6813   0.2077   0.1473   0.1677   0.6094   0.7366   0.3172   0.1397   0.4087   0.2931   0.2712   0.2034   0.2033   0.7891   0.1202   0.1356   0.2841   0.9144    0.141   0.4274   0.3068   0.3219   0.4079   0.4684   0.0712   0.5362   0.0525   0.4322   0.3956   0.1956   0.6084   0.4449   0.3076   0.2255   0.7331   0.1295   0.2118   0.3059   0.4345   0.1455   0.1244   0.1726   0.2785   0.0829   0.4965   0.2836   0.4515    0.313   0.3709   0.0441   0.1657   0.1754   0.3278   0.4293   0.5025   0.3252   0.4406   0.5006   0.2039   0.0297   0.3965   0.3442   0.4659   0.1614   0.0536    0.213   0.2323   0.2099    0.336   0.3471   0.3473   0.1173    0.573   0.6123   0.6177   0.1284    0.055   0.1534   0.3198   0.1411   0.6114   0.4884    0.118   0.6626
  snr   -17.66
    H      5.0
 exon    False

M: eiip
 freq      0.0   0.0029   0.0057   0.0086   0.0114   0.0143   0.0171     0.02   0.0229   0.0257   0.0286   0.0314   0.0343   0.0371     0.04   0.0429   0.0457   0.0486   0.0514   0.0543   0.0571     0.06   0.0629   0.0657   0.0686   0.0714   0.0743   0.0771     0.08   0.0829   0.0857   0.0886   0.0914   0.0943   0.0971      0.1   0.1029   0.1057   0.1086   0.1114   0.1143   0.1171     0.12   0.1229   0.1257   0.1286   0.1314   0.1343   0.1371     0.14   0.1429   0.1457   0.1486   0.1514   0.1543   0.1571     0.16   0.1629   0.1657   0.1686   0.1714   0.1743   0.1771     0.18   0.1829   0.1857   0.1886   0.1914   0.1943   0.1971      0.2   0.2029   0.2057   0.2086   0.2114   0.2143   0.2171     0.22   0.2229   0.2257   0.2286   0.2314   0.2343   0.2371     0.24   0.2429   0.2457   0.2486   0.2514   0.2543   0.2571     0.26   0.2629   0.2657   0.2686   0.2714   0.2743   0.2771     0.28   0.2829   0.2857   0.2886   0.2914   0.2943   0.2971      0.3   0.3029   0.3057   0.3086   0.3114   0.3143   0.3171     0.32   0.3229   0.3257   0.3286   0.3314   0.3343   0.3371     0.34   0.3429   0.3457   0.3486   0.3514   0.3543   0.3571     0.36   0.3629   0.3657   0.3686   0.3714   0.3743   0.3771     0.38   0.3829   0.3857   0.3886   0.3914   0.3943   0.3971      0.4   0.4029   0.4057   0.4086   0.4114   0.4143   0.4171     0.42   0.4229   0.4257   0.4286   0.4314   0.4343   0.4371     0.44   0.4429   0.4457   0.4486   0.4514   0.4543   0.4571     0.46   0.4629   0.4657   0.4686   0.4714   0.4743   0.4771     0.48   0.4829   0.4857   0.4886   0.4914   0.4943   0.4971
    S      0.0   0.5271   0.4422   0.3967   0.0199    0.063   0.0274   0.1434   0.0305   0.0191   0.3156   0.1171   0.0734     0.41   0.1513   0.1093   0.0988    0.102   0.1251   0.1661   0.2565   0.0102    0.233   0.4079   0.4479   0.5152   0.3694   0.1867   0.2257   0.1773   0.7586   0.1492   0.0904   0.0725   0.1049   0.0096    0.149   0.0886   0.1916   0.0335   0.2266   0.1887   0.8341   0.0269   0.1588   0.7297   0.8771   0.0447   0.2674   0.1357   0.0591   0.0936   0.0097   0.1362   0.0549   0.0797   0.0142   0.5811   0.1838   0.2197   0.1422   0.3543   0.4858   0.3931   0.0928   0.2462    0.032    0.482   0.1119   0.0258   0.1706   0.0141   0.3903   0.2648   0.1684   0.2105    0.286   0.3227   0.0381   0.4175   0.2634   0.0592   0.3118    0.255   0.1964   0.1429   0.6912   0.3417   0.1545   0.3353   0.0546   0.3153   0.0488   0.0522   0.3161   0.1796   0.6303   0.1742   0.1359   0.6317   0.5349   0.1005   0.2331   0.1409   0.6751   0.0564   0.2232   0.0625   0.5808   0.0022   0.3314    0.231   0.3787   0.0535      1.0   0.0033   0.1192   0.0094   0.7261   0.2056   0.1861    0.299   0.1639   0.1075   0.0686   0.8288   0.0831   0.0891   0.0018   0.4688   0.0122   0.0796   0.1823   0.0584   0.0444   0.3545    0.214    0.056   0.0964   0.1497   0.0148   0.2344   0.0677   0.2793   0.0417   0.7026   0.1036    0.106   0.3988   0.0916   0.0024   0.0741   0.0382    0.066   0.0553   0.0267   0.0012   0.2782   0.0612   0.5897   0.0863   0.4307   0.0444   0.0417   0.6273    0.343   0.0029   0.0166   0.0042   0.1963   0.0655   0.5699   0.0973   0.0309   0.1126
  snr   -15.66
    H     4.74
 exon     True

M: qpsk
 freq      0.0   0.0029   0.0057   0.0086   0.0114   0.0143   0.0171     0.02   0.0229   0.0257   0.0286   0.0314   0.0343   0.0371     0.04   0.0429   0.0457   0.0486   0.0514   0.0543   0.0571     0.06   0.0629   0.0657   0.0686   0.0714   0.0743   0.0771     0.08   0.0829   0.0857   0.0886   0.0914   0.0943   0.0971      0.1   0.1029   0.1057   0.1086   0.1114   0.1143   0.1171     0.12   0.1229   0.1257   0.1286   0.1314   0.1343   0.1371     0.14   0.1429   0.1457   0.1486   0.1514   0.1543   0.1571     0.16   0.1629   0.1657   0.1686   0.1714   0.1743   0.1771     0.18   0.1829   0.1857   0.1886   0.1914   0.1943   0.1971      0.2   0.2029   0.2057   0.2086   0.2114   0.2143   0.2171     0.22   0.2229   0.2257   0.2286   0.2314   0.2343   0.2371     0.24   0.2429   0.2457   0.2486   0.2514   0.2543   0.2571     0.26   0.2629   0.2657   0.2686   0.2714   0.2743   0.2771     0.28   0.2829   0.2857   0.2886   0.2914   0.2943   0.2971      0.3   0.3029   0.3057   0.3086   0.3114   0.3143   0.3171     0.32   0.3229   0.3257   0.3286   0.3314   0.3343   0.3371     0.34   0.3429   0.3457   0.3486   0.3514   0.3543   0.3571     0.36   0.3629   0.3657   0.3686   0.3714   0.3743   0.3771     0.38   0.3829   0.3857   0.3886   0.3914   0.3943   0.3971      0.4   0.4029   0.4057   0.4086   0.4114   0.4143   0.4171     0.42   0.4229   0.4257   0.4286   0.4314   0.4343   0.4371     0.44   0.4429   0.4457   0.4486   0.4514   0.4543   0.4571     0.46   0.4629   0.4657   0.4686   0.4714   0.4743   0.4771     0.48   0.4829   0.4857   0.4886   0.4914   0.4943   0.4971
    S      0.0   0.7026   0.4008    0.549    0.184    0.148   0.4023   0.7726   0.1684   0.0056    0.323   0.1624   0.4074   0.2632   0.1228   0.2753   0.0453   0.1482   0.5237   0.5655   0.1551   0.1555   0.1881   0.2609   0.5359   0.3282   0.3786   0.5511   0.4626   0.0352   0.2273   0.2868    0.204   0.1275   0.3181    0.319   0.5703   0.1991   0.1747    0.123   0.1674   0.2489    0.839   0.1129   0.0914   0.5395   0.4957   0.2123   0.3129   0.2861    0.131    0.184   0.1123    0.256   0.1313   0.1067   0.0445   0.6154   0.4837   0.5708   0.3082   0.2235   0.7567   0.2045   0.4497     0.31   0.0842   0.3745   0.2711   0.0771   0.0718   0.1255   0.3047   0.1932   0.2257    0.276    0.249   0.1879   0.2836   0.4705   0.2273   0.0728   0.3539    0.144   0.0485   0.1779   0.5362   0.6596   0.3019   0.1989   0.2269   0.4943   0.1614   0.1157    0.134   0.6965     0.71   0.3058   0.1481   0.2465   0.2491    0.323   0.1516   0.1758      1.0   0.0313   0.0876   0.0927   0.9087   0.0923   0.4887   0.3815   0.1743   0.3685   0.5152   0.0525   0.3266   0.0194   0.4702   0.3855   0.2195   0.5065   0.3498   0.2812   0.2445   0.9023   0.1105   0.0324    0.253   0.5411   0.1845   0.1268   0.0377   0.1985    0.021   0.6352   0.1327   0.2543   0.2441   0.2651   0.0318    0.134   0.1212   0.3446    0.088   0.3796    0.245   0.3732    0.036   0.1102   0.0112   0.3338   0.2406   0.2456   0.1546   0.0541   0.2524   0.1628   0.1699   0.4248   0.2127   0.4353   0.1103   0.4677   0.5998   0.5774   0.1568   0.0637   0.1555   0.3588   0.0578   0.6855   0.6207   0.0269   0.2316
  snr   -16.87
    H     4.92
 exon    False

M: mem
 freq      0.0   0.0029   0.0057   0.0086   0.0114   0.0143   0.0171     0.02   0.0229   0.0257   0.0286   0.0314   0.0343   0.0371     0.04   0.0429   0.0457   0.0486   0.0514   0.0543   0.0571     0.06   0.0629   0.0657   0.0686   0.0714   0.0743   0.0771     0.08   0.0829   0.0857   0.0886   0.0914   0.0943   0.0971      0.1   0.1029   0.1057   0.1086   0.1114   0.1143   0.1171     0.12   0.1229   0.1257   0.1286   0.1314   0.1343   0.1371     0.14   0.1429   0.1457   0.1486   0.1514   0.1543   0.1571     0.16   0.1629   0.1657   0.1686   0.1714   0.1743   0.1771     0.18   0.1829   0.1857   0.1886   0.1914   0.1943   0.1971      0.2   0.2029   0.2057   0.2086   0.2114   0.2143   0.2171     0.22   0.2229   0.2257   0.2286   0.2314   0.2343   0.2371     0.24   0.2429   0.2457   0.2486   0.2514   0.2543   0.2571     0.26   0.2629   0.2657   0.2686   0.2714   0.2743   0.2771     0.28   0.2829   0.2857   0.2886   0.2914   0.2943   0.2971      0.3   0.3029   0.3057   0.3086   0.3114   0.3143   0.3171     0.32   0.3229   0.3257   0.3286   0.3314   0.3343   0.3371     0.34   0.3429   0.3457   0.3486   0.3514   0.3543   0.3571     0.36   0.3629   0.3657   0.3686   0.3714   0.3743   0.3771     0.38   0.3829   0.3857   0.3886   0.3914   0.3943   0.3971      0.4   0.4029   0.4057   0.4086   0.4114   0.4143   0.4171     0.42   0.4229   0.4257   0.4286   0.4314   0.4343   0.4371     0.44   0.4429   0.4457   0.4486   0.4514   0.4543   0.4571     0.46   0.4629   0.4657   0.4686   0.4714   0.4743   0.4771     0.48   0.4829   0.4857   0.4886   0.4914   0.4943   0.4971
    S      0.0    0.393   0.0658   0.1824   0.2442   0.2028   0.7535   0.0237   0.3566   0.0289   0.0124   0.1239   0.5589   0.0765   0.4293   0.2047     0.04   0.0108   0.0119   0.3116   0.0048   0.0336    0.689   0.0744   0.6344   0.0538   0.1692   0.3578   0.6023   0.1968   0.1237   0.1545   0.1092   0.1183   0.2049   0.0915   0.4966   0.1629   0.0953   0.1087   0.1727   0.0698   0.0099   0.2029    0.026    0.007   0.0342   0.4167   0.4531   0.0915    0.026   0.0223   0.1591   0.2397   0.1558   0.1346   0.0564   0.0639   0.5984      1.0   0.0473   0.0915   0.3941   0.3867   0.3585   0.3655   0.0103   0.1526   0.2949   0.0018   0.0046   0.2069    0.074   0.1043   0.1466   0.1559   0.1388   0.0555   0.0756   0.1404   0.4479   0.1461   0.0543   0.0581   0.1422   0.1123    0.475   0.5216   0.1028   0.0174   0.3542     0.05   0.0471   0.0456   0.0199   0.7987   0.1605   0.1797   0.0996   0.0203   0.0631   0.2262   0.0757   0.1384   0.5434   0.0584    0.013   0.0107   0.1239   0.1406   0.0571   0.2228   0.1249   0.2679   0.3124   0.0375   0.0374   0.0475   0.2098   0.0156   0.0744    0.064   0.3638   0.0171   0.2069   0.1014   0.0059   0.0736   0.1337   0.2644   0.2294   0.2347    0.026   0.0744   0.1055   0.4737   0.0029   0.0234   0.2132   0.0789   0.0114   0.1701    0.001   0.0818   0.1086   0.0345   0.4613   0.0741    0.197   0.0662   0.0014   0.1024    0.077   0.2417   0.0543   0.0175      0.3    0.181   0.4886   0.0575    0.216   0.0959   0.0905   0.3794   0.5057   0.1625   0.2061   0.0527   0.1281   0.1345   0.0472   0.0296   0.7955   0.0254   0.0153
  snr   -14.72
    H      4.7
 exon    False

M: tbpse
 freq      0.0   0.0029   0.0057   0.0086   0.0114   0.0143   0.0171     0.02   0.0229   0.0257   0.0286   0.0314   0.0343   0.0371     0.04   0.0429   0.0457   0.0486   0.0514   0.0543   0.0571     0.06   0.0629   0.0657   0.0686   0.0714   0.0743   0.0771     0.08   0.0829   0.0857   0.0886   0.0914   0.0943   0.0971      0.1   0.1029   0.1057   0.1086   0.1114   0.1143   0.1171     0.12   0.1229   0.1257   0.1286   0.1314   0.1343   0.1371     0.14   0.1429   0.1457   0.1486   0.1514   0.1543   0.1571     0.16   0.1629   0.1657   0.1686   0.1714   0.1743   0.1771     0.18   0.1829   0.1857   0.1886   0.1914   0.1943   0.1971      0.2   0.2029   0.2057   0.2086   0.2114   0.2143   0.2171     0.22   0.2229   0.2257   0.2286   0.2314   0.2343   0.2371     0.24   0.2429   0.2457   0.2486   0.2514   0.2543   0.2571     0.26   0.2629   0.2657   0.2686   0.2714   0.2743   0.2771     0.28   0.2829   0.2857   0.2886   0.2914   0.2943   0.2971      0.3   0.3029   0.3057   0.3086   0.3114   0.3143   0.3171     0.32   0.3229   0.3257   0.3286   0.3314   0.3343   0.3371     0.34   0.3429   0.3457   0.3486   0.3514   0.3543   0.3571     0.36   0.3629   0.3657   0.3686   0.3714   0.3743   0.3771     0.38   0.3829   0.3857   0.3886   0.3914   0.3943   0.3971      0.4   0.4029   0.4057   0.4086   0.4114   0.4143   0.4171     0.42   0.4229   0.4257   0.4286   0.4314   0.4343   0.4371     0.44   0.4429   0.4457   0.4486   0.4514   0.4543   0.4571     0.46   0.4629   0.4657   0.4686   0.4714   0.4743   0.4771     0.48   0.4829   0.4857   0.4886   0.4914   0.4943   0.4971
    S      0.0   0.2134   0.1563   0.3647   0.0714    0.091   0.1101      1.0   0.0723   0.0284   0.2895   0.2503   0.0764   0.0582    0.114   0.1639   0.0088   0.1049   0.6451   0.3844    0.047   0.2352   0.0864   0.0983    0.075   0.1199   0.3434   0.3313   0.0413   0.0536   0.0437   0.1405    0.148   0.1801   0.1563   0.5981   0.2305   0.0595   0.2795   0.1917   0.0388   0.6908   0.5447    0.359   0.0445   0.1193   0.0751   0.0803   0.1974   0.2372   0.1017   0.3919   0.0462   0.3564   0.0447   0.0214   0.1722   0.1944   0.3059   0.0857   0.2468   0.0599   0.3648   0.0737   0.4823   0.0651    0.155   0.2289   0.0925   0.1497   0.0873   0.1654   0.0477   0.0215   0.0178   0.1326   0.2496   0.1643    0.477   0.0598   0.4259   0.1058   0.3444   0.0489   0.0293   0.0755   0.1468   0.2805   0.3824   0.0377   0.0051   0.5018   0.1581   0.1029   0.0299   0.0752   0.4867   0.1147   0.0184   0.1146    0.067   0.1602    0.071   0.0529   0.4095    0.083   0.0315   0.2506   0.5583   0.0802   0.3327    0.048   0.1097   0.3244   0.0856   0.0597   0.5065   0.0333   0.0704   0.3377   0.1065   0.4901    0.222   0.2822    0.095   0.3062   0.0878    0.159   0.2649    0.177   0.0306   0.0324   0.0902   0.2088   0.0298   0.0133    0.179   0.4178   0.1908   0.2816   0.0293   0.0366   0.1492   0.1588   0.3698   0.2342   0.0785   0.3674   0.2918    0.163   0.0281   0.3276   0.2882   0.3489   0.1218   0.0302   0.0915   0.1008   0.0208   0.0932   0.1863   0.1401   0.0397   0.3701   0.2452   0.3363   0.0344   0.0355   0.1024   0.1835   0.1008   0.4078   0.1672   0.0938   0.6019
  snr   -14.96
    H     4.82
 exon    False

M: snrse
 freq      0.0   0.0029   0.0057   0.0086   0.0114   0.0143   0.0171     0.02   0.0229   0.0257   0.0286   0.0314   0.0343   0.0371     0.04   0.0429   0.0457   0.0486   0.0514   0.0543   0.0571     0.06   0.0629   0.0657   0.0686   0.0714   0.0743   0.0771     0.08   0.0829   0.0857   0.0886   0.0914   0.0943   0.0971      0.1   0.1029   0.1057   0.1086   0.1114   0.1143   0.1171     0.12   0.1229   0.1257   0.1286   0.1314   0.1343   0.1371     0.14   0.1429   0.1457   0.1486   0.1514   0.1543   0.1571     0.16   0.1629   0.1657   0.1686   0.1714   0.1743   0.1771     0.18   0.1829   0.1857   0.1886   0.1914   0.1943   0.1971      0.2   0.2029   0.2057   0.2086   0.2114   0.2143   0.2171     0.22   0.2229   0.2257   0.2286   0.2314   0.2343   0.2371     0.24   0.2429   0.2457   0.2486   0.2514   0.2543   0.2571     0.26   0.2629   0.2657   0.2686   0.2714   0.2743   0.2771     0.28   0.2829   0.2857   0.2886   0.2914   0.2943   0.2971      0.3   0.3029   0.3057   0.3086   0.3114   0.3143   0.3171     0.32   0.3229   0.3257   0.3286   0.3314   0.3343   0.3371     0.34   0.3429   0.3457   0.3486   0.3514   0.3543   0.3571     0.36   0.3629   0.3657   0.3686   0.3714   0.3743   0.3771     0.38   0.3829   0.3857   0.3886   0.3914   0.3943   0.3971      0.4   0.4029   0.4057   0.4086   0.4114   0.4143   0.4171     0.42   0.4229   0.4257   0.4286   0.4314   0.4343   0.4371     0.44   0.4429   0.4457   0.4486   0.4514   0.4543   0.4571     0.46   0.4629   0.4657   0.4686   0.4714   0.4743   0.4771     0.48   0.4829   0.4857   0.4886   0.4914   0.4943   0.4971
    S      0.0   0.9108   0.1358   0.0137   0.0614   0.0135   0.0992   0.0512   0.0787   0.0089   0.1693    0.024   0.1562   0.4217   0.0083   0.0139   0.0177   0.0221   0.0216    0.096   0.1007   0.0477   0.0396   0.1388   0.2994   0.4492   0.6563   0.6504   0.2536   0.0491   0.3052   0.0587    0.005   0.1297   0.3595   0.0528   0.4831   0.1555   0.3376   0.0694   0.0912   0.3122   0.3512   0.0244   0.1071    0.264   0.3061   0.0475    0.013   0.0482   0.0401   0.0927   0.0337   0.2665   0.0156   0.0994   0.0212   0.2462   0.4356   0.1285   0.0334   0.1925      1.0    0.084   0.2797   0.0508   0.0376   0.5695   0.0537   0.0398   0.1523   0.0413   0.4501   0.1274   0.2355   0.0065   0.0889   0.3582    0.282   0.3149    0.359   0.0501   0.1759   0.2509   0.0449   0.0262   0.2764   0.0786   0.4601   0.2842   0.1424   0.4016   0.0949   0.0089      0.2   0.3844   0.3391   0.4111   0.1791   0.5174   0.2265    0.115   0.1208   0.1759   0.2018   0.0482    0.173   0.1268   0.3007   0.0441   0.0194   0.2914   0.2446   0.0607   0.1848   0.0183   0.1112    0.004   0.2819   0.0079   0.0294   0.2515   0.3654   0.0231    0.087   0.3353   0.0577   0.0721   0.1129    0.234   0.1353   0.0191   0.1515   0.0108   0.0189   0.6224   0.2606   0.2008   0.2305   0.0227   0.0359   0.0964   0.0397   0.0996   0.0671    0.359   0.0712    0.091   0.2613   0.0468   0.0123   0.0568   0.0664   0.2242   0.0159   0.0195   0.1352   0.0897   0.0137   0.1873   0.1716   0.1354    0.059    0.391   0.0822   0.2743   0.0986   0.0196   0.0776   0.1786   0.0861   0.1468   0.2634   0.0478   0.3485
  snr   -14.53
    H     4.73
 exon    False