>data-XIV-cerevisiae-intergenic-176
N: 268
Methods: voss, eiip, qpsk, mem, tbpse, snrse

M: voss
 freq      0.0   0.0037   0.0075   0.0112   0.0149   0.0187   0.0224   0.0261   0.0299   0.0336   0.0373    0.041   0.0448   0.0485   0.0522    0.056   0.0597   0.0634   0.0672   0.0709   0.0746   0.0784   0.0821   0.0858   0.0896   0.0933    0.097   0.1007   0.1045   0.1082   0.1119   0.1157   0.1194   0.1231   0.1269   0.1306   0.1343   0.1381   0.1418   0.1455   0.1493    0.153   0.1567   0.1604   0.1642   0.1679   0.1716   0.1754   0.1791   0.1828   0.1866   0.1903    0.194   0.1978   0.2015   0.2052    0.209   0.2127   0.2164   0.2201   0.2239   0.2276   0.2313   0.2351   0.2388   0.2425   0.2463     0.25   0.2537   0.2575   0.2612   0.2649   0.2687   0.2724   0.2761   0.2799   0.2836   0.2873    0.291   0.2948   0.2985   0.3022    0.306   0.3097   0.3134   0.3172   0.3209   0.3246   0.3284   0.3321   0.3358   0.3396   0.3433    0.347   0.3507   0.3545   0.3582   0.3619   0.3657   0.3694   0.3731   0.3769   0.3806   0.3843   0.3881   0.3918   0.3955   0.3993    0.403   0.4067   0.4104   0.4142   0.4179   0.4216   0.4254   0.4291   0.4328   0.4366   0.4403    0.444   0.4478   0.4515   0.4552    0.459   0.4627   0.4664   0.4701   0.4739   0.4776   0.4813   0.4851   0.4888   0.4925   0.4963
    S      0.0      1.0   0.2998   0.1548   0.0355   0.3607    0.313   0.1168   0.1066   0.1202   0.2901   0.1746   0.2459   0.1645   0.1125   0.1934   0.3964   0.4122   0.1588   0.1519   0.2334    0.053   0.0569    0.053   0.0945   0.1252   0.0642   0.1106    0.018   0.0796   0.1275   0.0784    0.061   0.1611   0.1893   0.3163   0.1092   0.1346   0.1571   0.0574   0.2668   0.2506   0.0959   0.3605   0.0592   0.0363   0.0194   0.0765   0.0972   0.1533   0.0544   0.2672   0.1319   0.0495   0.2461   0.1981   0.0263    0.161   0.1614   0.0899   0.1233   0.1502   0.0721   0.1146   0.1873   0.2122   0.1442   0.0577   0.1607   0.1247   0.0956   0.1033   0.0899    0.053   0.1158   0.1443   0.1428   0.2171   0.1065    0.158   0.1367   0.1448    0.345   0.1424   0.0701    0.099   0.1822   0.2423   0.2268   0.0585   0.0575     0.14   0.0251   0.0816   0.1185   0.5303   0.0733   0.0489   0.1565   0.0499   0.0944   0.1096   0.1202    0.241   0.3679   0.2025   0.1294   0.1459   0.0375   0.1216   0.2744   0.1159   0.1161   0.2147    0.147   0.0561   0.1718   0.2297   0.0898    0.165   0.1104   0.0477   0.1448   0.1658   0.0741   0.1094   0.1752     0.03   0.1873   0.1106   0.1113   0.1491    0.091   0.3215
  snr   -12.87
    H     4.67
 exon    False

M: eiip
 freq      0.0   0.0037   0.0075   0.0112   0.0149   0.0187   0.0224   0.0261   0.0299   0.0336   0.0373    0.041   0.0448   0.0485   0.0522    0.056   0.0597   0.0634   0.0672   0.0709   0.0746   0.0784   0.0821   0.0858   0.0896   0.0933    0.097   0.1007   0.1045   0.1082   0.1119   0.1157   0.1194   0.1231   0.1269   0.1306   0.1343   0.1381   0.1418   0.1455   0.1493    0.153   0.1567   0.1604   0.1642   0.1679   0.1716   0.1754   0.1791   0.1828   0.1866   0.1903    0.194   0.1978   0.2015   0.2052    0.209   0.2127   0.2164   0.2201   0.2239   0.2276   0.2313   0.2351   0.2388   0.2425   0.2463     0.25   0.2537   0.2575   0.2612   0.2649   0.2687   0.2724   0.2761   0.2799   0.2836   0.2873    0.291   0.2948   0.2985   0.3022    0.306   0.3097   0.3134   0.3172   0.3209   0.3246   0.3284   0.3321   0.3358   0.3396   0.3433    0.347   0.3507   0.3545   0.3582   0.3619   0.3657   0.3694   0.3731   0.3769   0.3806   0.3843   0.3881   0.3918   0.3955   0.3993    0.403   0.4067   0.4104   0.4142   0.4179   0.4216   0.4254   0.4291   0.4328   0.4366   0.4403    0.444   0.4478   0.4515   0.4552    0.459   0.4627   0.4664   0.4701   0.4739   0.4776   0.4813   0.4851   0.4888   0.4925   0.4963
    S      0.0   0.5124   0.0356    0.032   0.0162   0.0964   0.3768   0.0135   0.0542   0.2862   0.0015   0.0382   0.0774   0.2327   0.0103   0.0054    0.255   0.1852    0.045    0.047   0.1308   0.0729   0.1563   0.0358   0.1966   0.1517   0.0048   0.0136   0.0072    0.091   0.1326   0.0601   0.0394   0.2456   0.0817   0.4025   0.2036   0.0637   0.2287   0.1587   0.1121    0.366   0.0803   0.2458   0.0511   0.0245   0.0103   0.0216   0.0126   0.1242    0.018   0.1103    0.198   0.1058   0.1285   0.1731   0.0408   0.2915   0.0341   0.0633   0.0084   0.1045    0.017    0.039   0.1638   0.0516   0.4286   0.1269   0.2211   0.2349    0.002   0.2287   0.2252   0.1276   0.0215   0.2117   0.0538   0.1956   0.0918   0.1767   0.0468   0.2794   0.9645   0.0021   0.2222   0.2919   0.2122    0.248    0.323   0.0118   0.0636   0.1305   0.0205   0.0123    0.042   0.1839   0.0639   0.0957   0.1818   0.1163   0.0461   0.0122   0.0635   0.1019      1.0   0.3751   0.0828   0.2427   0.0093   0.1394   0.1283   0.0658    0.004   0.0747   0.3043   0.0254    0.089   0.7016   0.0349   0.0645   0.1416   0.0113   0.2848   0.0786   0.1413   0.1246   0.2905   0.0473   0.2147   0.3503   0.0554    0.241   0.0552   0.1131
  snr   -12.55
    H     4.43
 exon    False

M: qpsk
 freq      0.0   0.0037   0.0075   0.0112   0.0149   0.0187   0.0224   0.0261   0.0299   0.0336   0.0373    0.041   0.0448   0.0485   0.0522    0.056   0.0597   0.0634   0.0672   0.0709   0.0746   0.0784   0.0821   0.0858   0.0896   0.0933    0.097   0.1007   0.1045   0.1082   0.1119   0.1157   0.1194   0.1231   0.1269   0.1306   0.1343   0.1381   0.1418   0.1455   0.1493    0.153   0.1567   0.1604   0.1642   0.1679   0.1716   0.1754   0.1791   0.1828   0.1866   0.1903    0.194   0.1978   0.2015   0.2052    0.209   0.2127   0.2164   0.2201   0.2239   0.2276   0.2313   0.2351   0.2388   0.2425   0.2463     0.25   0.2537   0.2575   0.2612   0.2649   0.2687   0.2724   0.2761   0.2799   0.2836   0.2873    0.291   0.2948   0.2985   0.3022    0.306   0.3097   0.3134   0.3172   0.3209   0.3246   0.3284   0.3321   0.3358   0.3396   0.3433    0.347   0.3507   0.3545   0.3582   0.3619   0.3657   0.3694   0.3731   0.3769   0.3806   0.3843   0.3881   0.3918   0.3955   0.3993    0.403   0.4067   0.4104   0.4142   0.4179   0.4216   0.4254   0.4291   0.4328   0.4366   0.4403    0.444   0.4478   0.4515   0.4552    0.459   0.4627   0.4664   0.4701   0.4739   0.4776   0.4813   0.4851   0.4888   0.4925   0.4963
    S      0.0      1.0   0.2318    0.096   0.0143   0.2875   0.2477   0.1366   0.1192   0.1584   0.1978   0.0865   0.2975   0.1966   0.1013    0.137   0.3482   0.0508   0.1766   0.1305    0.256     0.04   0.0501   0.0462   0.0142   0.0709   0.0502   0.1456   0.0193   0.0992   0.1259    0.014   0.0176   0.1603   0.1847   0.3628   0.0738   0.1593   0.1798   0.0558   0.1396   0.0748   0.1079   0.1837   0.0322   0.0473   0.0176    0.076   0.0269     0.16   0.0431   0.1817   0.1255   0.0599   0.0818   0.1523   0.0167   0.2026   0.0327   0.0401    0.138   0.0431   0.0461   0.1406   0.2044    0.196   0.0892   0.0433   0.1865     0.13   0.0557   0.0567   0.0782   0.0597   0.1147   0.1782   0.1755   0.2602   0.1399   0.1899   0.1669   0.1705   0.1619   0.0533   0.0636   0.0984    0.236   0.1965   0.2393   0.0317   0.0029    0.157   0.0246   0.0771   0.0642   0.5812   0.0416    0.057    0.045   0.0626   0.1149     0.14   0.1349   0.1861   0.4085   0.2654    0.047   0.1891   0.0087   0.1177   0.2561   0.0792   0.1129   0.2778   0.0377   0.0553   0.2105   0.1644   0.0477   0.1617   0.0904   0.0628   0.0892   0.1127   0.0962   0.1126   0.1318   0.0322   0.2121   0.1304   0.0404   0.1833   0.1201   0.2705
  snr   -12.23
    H      4.6
 exon    False

M: mem
 freq      0.0   0.0037   0.0075   0.0112   0.0149   0.0187   0.0224   0.0261   0.0299   0.0336   0.0373    0.041   0.0448   0.0485   0.0522    0.056   0.0597   0.0634   0.0672   0.0709   0.0746   0.0784   0.0821   0.0858   0.0896   0.0933    0.097   0.1007   0.1045   0.1082   0.1119   0.1157   0.1194   0.1231   0.1269   0.1306   0.1343   0.1381   0.1418   0.1455   0.1493    0.153   0.1567   0.1604   0.1642   0.1679   0.1716   0.1754   0.1791   0.1828   0.1866   0.1903    0.194   0.1978   0.2015   0.2052    0.209   0.2127   0.2164   0.2201   0.2239   0.2276   0.2313   0.2351   0.2388   0.2425   0.2463     0.25   0.2537   0.2575   0.2612   0.2649   0.2687   0.2724   0.2761   0.2799   0.2836   0.2873    0.291   0.2948   0.2985   0.3022    0.306   0.3097   0.3134   0.3172   0.3209   0.3246   0.3284   0.3321   0.3358   0.3396   0.3433    0.347   0.3507   0.3545   0.3582   0.3619   0.3657   0.3694   0.3731   0.3769   0.3806   0.3843   0.3881   0.3918   0.3955   0.3993    0.403   0.4067   0.4104   0.4142   0.4179   0.4216   0.4254   0.4291   0.4328   0.4366   0.4403    0.444   0.4478   0.4515   0.4552    0.459   0.4627   0.4664   0.4701   0.4739   0.4776   0.4813   0.4851   0.4888   0.4925   0.4963
    S      0.0      1.0   0.3576   0.1574   0.0456   0.4265   0.2734   0.0545   0.0662   0.0308    0.374   0.2632   0.0715   0.1245   0.0896   0.2495   0.4676   0.6247    0.038   0.1809   0.1911   0.0449   0.0101   0.0471    0.084   0.0867   0.0718   0.0015   0.0039   0.0124   0.0388   0.1115   0.0679   0.0491   0.0754   0.0228   0.0583   0.0044   0.1301   0.0121   0.3185   0.1914   0.0324   0.4444   0.0691   0.0036   0.0227   0.0247   0.1444    0.145    0.067   0.2231   0.0237   0.0135   0.2557   0.1887   0.0244   0.0807    0.256   0.0997   0.0397    0.157   0.0905   0.0101   0.1666    0.227   0.0332    0.033   0.0229   0.0311   0.1145   0.0724   0.0239   0.0032   0.0482   0.0063   0.0336   0.0466   0.0093   0.1019   0.0113   0.0646   0.1628   0.2089     0.01   0.0041    0.018   0.2062   0.0403   0.0709    0.076   0.0162   0.0127   0.0816    0.107    0.194    0.087   0.0243   0.1356   0.0046   0.0277   0.0026   0.0855   0.1741   0.0933   0.0792   0.1705    0.013   0.0584   0.0458    0.155   0.0906   0.0845   0.0343   0.1071    0.061    0.018   0.0704   0.0918   0.0419   0.0665   0.0046   0.0729   0.2086   0.0106   0.0668   0.0641   0.0214    0.152   0.0072   0.1413   0.0537   0.0015   0.4171
  snr   -11.22
    H     4.35
 exon    False

M: tbpse
 freq      0.0   0.0037   0.0075   0.0112   0.0149   0.0187   0.0224   0.0261   0.0299   0.0336   0.0373    0.041   0.0448   0.0485   0.0522    0.056   0.0597   0.0634   0.0672   0.0709   0.0746   0.0784   0.0821   0.0858   0.0896   0.0933    0.097   0.1007   0.1045   0.1082   0.1119   0.1157   0.1194   0.1231   0.1269   0.1306   0.1343   0.1381   0.1418   0.1455   0.1493    0.153   0.1567   0.1604   0.1642   0.1679   0.1716   0.1754   0.1791   0.1828   0.1866   0.1903    0.194   0.1978   0.2015   0.2052    0.209   0.2127   0.2164   0.2201   0.2239   0.2276   0.2313   0.2351   0.2388   0.2425   0.2463     0.25   0.2537   0.2575   0.2612   0.2649   0.2687   0.2724   0.2761   0.2799   0.2836   0.2873    0.291   0.2948   0.2985   0.3022    0.306   0.3097   0.3134   0.3172   0.3209   0.3246   0.3284   0.3321   0.3358   0.3396   0.3433    0.347   0.3507   0.3545   0.3582   0.3619   0.3657   0.3694   0.3731   0.3769   0.3806   0.3843   0.3881   0.3918   0.3955   0.3993    0.403   0.4067   0.4104   0.4142   0.4179   0.4216   0.4254   0.4291   0.4328   0.4366   0.4403    0.444   0.4478   0.4515   0.4552    0.459   0.4627   0.4664   0.4701   0.4739   0.4776   0.4813   0.4851   0.4888   0.4925   0.4963
    S      0.0      1.0   0.3789   0.2665   0.0433   0.4033   0.2832   0.0741    0.104   0.0381   0.3467   0.2644   0.1716   0.1352    0.085   0.2468   0.6379   0.6664   0.1245   0.1617     0.16   0.0587     0.02   0.0704   0.0936   0.0996   0.0724   0.0672   0.0108   0.0498   0.1098   0.1213   0.0911   0.1349   0.1731   0.1716   0.0932    0.075   0.1787   0.0124   0.3567   0.2718   0.0354   0.4838   0.0908   0.0078   0.0293   0.0702   0.1683   0.1971   0.0909   0.2371   0.0723   0.0191   0.3819   0.2813   0.0252   0.1664   0.2748   0.1319    0.079   0.2278   0.0862   0.0887   0.1446    0.243   0.0489   0.0492   0.0625   0.0705   0.1788   0.0773   0.0501   0.0174   0.0936   0.0228   0.1349   0.0952   0.0595   0.1148    0.113   0.1139   0.2112   0.2787   0.0284   0.0278   0.0262   0.2024   0.1583   0.0969   0.0794   0.0699   0.0264   0.0792   0.1856   0.4814   0.0904   0.0281   0.1865   0.0277   0.1142   0.0548   0.1203   0.1889   0.2226   0.1108   0.1659   0.0361   0.0613   0.1221   0.3737   0.1184   0.0824    0.157   0.1306   0.0559   0.1534   0.1087   0.1175   0.1536   0.0642   0.0151   0.1072   0.2843   0.0295   0.1047   0.0875   0.0259   0.2547   0.0102   0.1438   0.1259   0.0675    0.405
  snr   -12.68
    H     4.54
 exon    False

M: snrse
 freq      0.0   0.0037   0.0075   0.0112   0.0149   0.0187   0.0224   0.0261   0.0299   0.0336   0.0373    0.041   0.0448   0.0485   0.0522    0.056   0.0597   0.0634   0.0672   0.0709   0.0746   0.0784   0.0821   0.0858   0.0896   0.0933    0.097   0.1007   0.1045   0.1082   0.1119   0.1157   0.1194   0.1231   0.1269   0.1306   0.1343   0.1381   0.1418   0.1455   0.1493    0.153   0.1567   0.1604   0.1642   0.1679   0.1716   0.1754   0.1791   0.1828   0.1866   0.1903    0.194   0.1978   0.2015   0.2052    0.209   0.2127   0.2164   0.2201   0.2239   0.2276   0.2313   0.2351   0.2388   0.2425   0.2463     0.25   0.2537   0.2575   0.2612   0.2649   0.2687   0.2724   0.2761   0.2799   0.2836   0.2873    0.291   0.2948   0.2985   0.3022    0.306   0.3097   0.3134   0.3172   0.3209   0.3246   0.3284   0.3321   0.3358   0.3396   0.3433    0.347   0.3507   0.3545   0.3582   0.3619   0.3657   0.3694   0.3731   0.3769   0.3806   0.3843   0.3881   0.3918   0.3955   0.3993    0.403   0.4067   0.4104   0.4142   0.4179   0.4216   0.4254   0.4291   0.4328   0.4366   0.4403    0.444   0.4478   0.4515   0.4552    0.459   0.4627   0.4664   0.4701   0.4739   0.4776   0.4813   0.4851   0.4888   0.4925   0.4963
    S      0.0      1.0   0.2514   0.0249   0.0222   0.3542   0.2123    0.079   0.0619   0.1015   0.2698   0.1452    0.098    0.168   0.0867   0.1755   0.2735    0.174   0.0277   0.1645   0.2545   0.0284   0.0128    0.024   0.0084   0.0349   0.0536    0.021   0.0052   0.0233   0.0093   0.0326   0.0113   0.0334   0.0315   0.0408   0.0129   0.0306   0.1271    0.031   0.1607   0.0088   0.0667   0.2079   0.0244   0.0252    0.015   0.0143   0.0445   0.1155   0.0341   0.1318   0.0165   0.0362   0.0188    0.077   0.0157   0.0848   0.0872   0.0307   0.0514   0.0124   0.0603   0.0093   0.2119   0.1956   0.0239   0.0157   0.0649   0.0337   0.0253   0.0386   0.0232   0.0208   0.0421   0.0909   0.0298   0.1076     0.04   0.1496   0.0065   0.0789   0.0243    0.053   0.0124   0.0253   0.1366   0.1907   0.0145   0.0217   0.0154   0.0324    0.008   0.0787   0.0089   0.1758   0.0482   0.0389   0.0123   0.0142   0.0044   0.0346   0.0857   0.1167   0.1331   0.1673   0.0801   0.0924    0.021   0.0081    0.026   0.0379   0.0894   0.0634   0.0126   0.0632   0.0084   0.0403     0.03   0.0075   0.0659   0.0284   0.0136   0.0882    0.044   0.0634   0.0606   0.0247   0.1117   0.0705   0.0618   0.0705   0.0076   0.3466
  snr    -9.62
    H     4.33
 exon    False