>data-XV-cerevisiae-intergenic-400
N: 289
Methods: voss, eiip, qpsk, mem, tbpse, snrse

M: voss
 freq      0.0   0.0035   0.0069   0.0104   0.0138   0.0173   0.0208   0.0242   0.0277   0.0311   0.0346   0.0381   0.0415    0.045   0.0484   0.0519   0.0554   0.0588   0.0623   0.0657   0.0692   0.0727   0.0761   0.0796    0.083   0.0865     0.09   0.0934   0.0969   0.1003   0.1038   0.1073   0.1107   0.1142   0.1176   0.1211   0.1246    0.128   0.1315   0.1349   0.1384   0.1419   0.1453   0.1488   0.1522   0.1557   0.1592   0.1626   0.1661   0.1696    0.173   0.1765   0.1799   0.1834   0.1869   0.1903   0.1938   0.1972   0.2007   0.2042   0.2076   0.2111   0.2145    0.218   0.2215   0.2249   0.2284   0.2318   0.2353   0.2388   0.2422   0.2457   0.2491   0.2526   0.2561   0.2595    0.263   0.2664   0.2699   0.2734   0.2768   0.2803   0.2837   0.2872   0.2907   0.2941   0.2976    0.301   0.3045    0.308   0.3114   0.3149   0.3183   0.3218   0.3253   0.3287   0.3322   0.3356   0.3391   0.3426    0.346   0.3495   0.3529   0.3564   0.3599   0.3633   0.3668   0.3702   0.3737   0.3772   0.3806   0.3841   0.3875    0.391   0.3945   0.3979   0.4014   0.4048   0.4083   0.4118   0.4152   0.4187   0.4221   0.4256   0.4291   0.4325    0.436   0.4394   0.4429   0.4464   0.4498   0.4533   0.4567   0.4602   0.4637   0.4671   0.4706    0.474   0.4775    0.481   0.4844   0.4879   0.4913   0.4948   0.4983
    S      0.0   0.2219   0.6877   0.3147   0.2623    0.861   0.1747   0.3811   0.4994   0.5436   0.6157   0.6536    0.173   0.3427   0.6372   0.1027   0.1203   0.1766   0.1481   0.1322   0.2864   0.8073   0.1926   0.3441   0.4228   0.1475   0.6035   0.3813   0.2042   0.3512   0.8462   0.1425    0.297   0.2474   0.2424   0.3225   0.8487   0.3363     0.09    0.174   0.4741   0.1793    0.254   0.5349   0.1989   0.3639   0.1997   0.1842   0.1612   0.4389   0.2824   0.2177   0.0922   0.2684   0.2161   0.2252   0.2019   0.1621   0.0837   0.2559   0.2854    0.161   0.4284   0.1363   0.3367    0.433    0.397   0.4499   0.1183   0.3507   0.0972   0.3828   0.3455   0.4787   0.3599   0.3857   0.2802   0.2265   0.3032   0.7944   0.4138   0.6757   0.2223   0.3018   0.2279   0.1455   0.2342   0.0928   0.1153   0.5231      1.0   0.0752   0.3307    0.078   0.6888   0.4839   0.3678    0.223   0.2956   0.2587   0.5397    0.354   0.5544   0.5955   0.6018   0.4624   0.3739   0.1592   0.2184   0.3172   0.1502   0.3779   0.2287   0.2182   0.1695   0.3785   0.3088   0.3421   0.4968   0.0914    0.035   0.5113   0.2472   0.2565   0.3909   0.1629   0.1168   0.2667    0.142    0.635   0.1579   0.1206   0.2626   0.1225   0.1797   0.3624   0.2576   0.2681   0.0522   0.3145   0.2122   0.0875   0.1304   0.0899   0.1117
  snr   -16.46
    H      4.8
 exon    False

M: eiip
 freq      0.0   0.0035   0.0069   0.0104   0.0138   0.0173   0.0208   0.0242   0.0277   0.0311   0.0346   0.0381   0.0415    0.045   0.0484   0.0519   0.0554   0.0588   0.0623   0.0657   0.0692   0.0727   0.0761   0.0796    0.083   0.0865     0.09   0.0934   0.0969   0.1003   0.1038   0.1073   0.1107   0.1142   0.1176   0.1211   0.1246    0.128   0.1315   0.1349   0.1384   0.1419   0.1453   0.1488   0.1522   0.1557   0.1592   0.1626   0.1661   0.1696    0.173   0.1765   0.1799   0.1834   0.1869   0.1903   0.1938   0.1972   0.2007   0.2042   0.2076   0.2111   0.2145    0.218   0.2215   0.2249   0.2284   0.2318   0.2353   0.2388   0.2422   0.2457   0.2491   0.2526   0.2561   0.2595    0.263   0.2664   0.2699   0.2734   0.2768   0.2803   0.2837   0.2872   0.2907   0.2941   0.2976    0.301   0.3045    0.308   0.3114   0.3149   0.3183   0.3218   0.3253   0.3287   0.3322   0.3356   0.3391   0.3426    0.346   0.3495   0.3529   0.3564   0.3599   0.3633   0.3668   0.3702   0.3737   0.3772   0.3806   0.3841   0.3875    0.391   0.3945   0.3979   0.4014   0.4048   0.4083   0.4118   0.4152   0.4187   0.4221   0.4256   0.4291   0.4325    0.436   0.4394   0.4429   0.4464   0.4498   0.4533   0.4567   0.4602   0.4637   0.4671   0.4706    0.474   0.4775    0.481   0.4844   0.4879   0.4913   0.4948   0.4983
    S      0.0   0.0511   0.4021   0.0813   0.1159   0.2217   0.0156   0.0201   0.5035   0.4814   0.5612   0.2094    0.143   0.0205   0.1113   0.0394    0.171   0.1174   0.2016   0.1549   0.2262   0.8512   0.2002   0.2405   0.0068   0.0019   0.8868    0.421   0.0531   0.0164   0.0963   0.1204    0.026   0.0964   0.0528   0.0198   0.7153   0.2152   0.0284   0.0768   0.2863   0.0746   0.0708   0.3291   0.2423   0.2674    0.056   0.1484   0.0103   0.4289     0.14   0.2332   0.1826   0.1766   0.0338   0.0445    0.008    0.126   0.0384   0.1505   0.1134   0.1173   0.1023   0.0079   0.2722    0.444   0.1964    0.177   0.0721   0.0092   0.1189   0.1176   0.2517   0.0891   0.3782   0.1016   0.0096   0.1883   0.0797   0.4816   0.1111   0.2463    0.287   0.0824   0.0061   0.2837   0.3016   0.0736   0.2214   0.2598   0.1897   0.0462   0.0153   0.0021      1.0   0.4645   0.2066   0.0848   0.1332   0.0695   0.2996   0.0224    0.054   0.1778   0.0653   0.2915   0.3371   0.0429   0.2618   0.1087     0.14   0.0135   0.0372    0.187   0.0859   0.4202   0.3406   0.3018   0.2712   0.1518   0.0203   0.2937   0.2516   0.3557   0.5804   0.0296   0.0445    0.149   0.0657   0.1168   0.0175   0.0118     0.06    0.084   0.1689   0.3753   0.0185   0.2043   0.0566   0.3119   0.1207   0.1463    0.023   0.1339   0.0789
  snr   -13.94
    H     4.56
 exon     True

M: qpsk
 freq      0.0   0.0035   0.0069   0.0104   0.0138   0.0173   0.0208   0.0242   0.0277   0.0311   0.0346   0.0381   0.0415    0.045   0.0484   0.0519   0.0554   0.0588   0.0623   0.0657   0.0692   0.0727   0.0761   0.0796    0.083   0.0865     0.09   0.0934   0.0969   0.1003   0.1038   0.1073   0.1107   0.1142   0.1176   0.1211   0.1246    0.128   0.1315   0.1349   0.1384   0.1419   0.1453   0.1488   0.1522   0.1557   0.1592   0.1626   0.1661   0.1696    0.173   0.1765   0.1799   0.1834   0.1869   0.1903   0.1938   0.1972   0.2007   0.2042   0.2076   0.2111   0.2145    0.218   0.2215   0.2249   0.2284   0.2318   0.2353   0.2388   0.2422   0.2457   0.2491   0.2526   0.2561   0.2595    0.263   0.2664   0.2699   0.2734   0.2768   0.2803   0.2837   0.2872   0.2907   0.2941   0.2976    0.301   0.3045    0.308   0.3114   0.3149   0.3183   0.3218   0.3253   0.3287   0.3322   0.3356   0.3391   0.3426    0.346   0.3495   0.3529   0.3564   0.3599   0.3633   0.3668   0.3702   0.3737   0.3772   0.3806   0.3841   0.3875    0.391   0.3945   0.3979   0.4014   0.4048   0.4083   0.4118   0.4152   0.4187   0.4221   0.4256   0.4291   0.4325    0.436   0.4394   0.4429   0.4464   0.4498   0.4533   0.4567   0.4602   0.4637   0.4671   0.4706    0.474   0.4775    0.481   0.4844   0.4879   0.4913   0.4948   0.4983
    S      0.0     0.21   0.7946   0.4075   0.2534   0.8355   0.1436   0.3214   0.6297   0.6325   0.7776   0.6932   0.2037   0.2684   0.7862   0.0125   0.1499   0.1778   0.0579   0.1115   0.2383      1.0   0.0449   0.1859   0.2053   0.1625   0.6324   0.4756   0.1972   0.3317   0.5475   0.0735   0.1497   0.2505   0.3035   0.1004   0.3913   0.3028   0.0392   0.0686   0.0584   0.2038   0.1581   0.6882   0.2273   0.3135   0.1191   0.1309   0.1317   0.3391   0.2225    0.214   0.0877   0.1149   0.1798   0.2524   0.2521   0.1934   0.0801   0.3174   0.1549    0.198   0.1121   0.0858   0.1972   0.2109   0.5054   0.5359   0.1019   0.4031   0.1218   0.2976   0.3881   0.5607   0.3499   0.2056   0.1257    0.124   0.0732   0.8869   0.2641   0.6206   0.2313   0.1431   0.2002   0.1141   0.2774   0.0965   0.0801   0.4699   0.6859   0.0632   0.2356   0.0278   0.6074   0.4067   0.3545   0.2872   0.2316   0.2483   0.6688   0.3775   0.6293   0.5065   0.3057   0.1271   0.4157   0.0797   0.1605   0.2629   0.1751   0.2427   0.2676   0.2805   0.1656   0.4645   0.1494   0.1718   0.4194   0.0839   0.0235   0.1591    0.082   0.2485   0.3996   0.1788   0.0828   0.1862   0.0906   0.3297   0.1934   0.0905   0.2163   0.1445   0.2196   0.3109   0.1557   0.3019   0.0669   0.1548   0.1795    0.084   0.0583    0.081   0.0116
  snr   -15.77
    H     4.72
 exon    False

M: mem
 freq      0.0   0.0035   0.0069   0.0104   0.0139   0.0174   0.0208   0.0243   0.0278   0.0312   0.0347   0.0382   0.0417   0.0451   0.0486   0.0521   0.0556    0.059   0.0625    0.066   0.0694   0.0729   0.0764   0.0799   0.0833   0.0868   0.0903   0.0938   0.0972   0.1007   0.1042   0.1076   0.1111   0.1146   0.1181   0.1215    0.125   0.1285   0.1319   0.1354   0.1389   0.1424   0.1458   0.1493   0.1528   0.1562   0.1597   0.1632   0.1667   0.1701   0.1736   0.1771   0.1806    0.184   0.1875    0.191   0.1944   0.1979   0.2014   0.2049   0.2083   0.2118   0.2153   0.2188   0.2222   0.2257   0.2292   0.2326   0.2361   0.2396   0.2431   0.2465     0.25   0.2535   0.2569   0.2604   0.2639   0.2674   0.2708   0.2743   0.2778   0.2812   0.2847   0.2882   0.2917   0.2951   0.2986   0.3021   0.3056    0.309   0.3125    0.316   0.3194   0.3229   0.3264   0.3299   0.3333   0.3368   0.3403   0.3438   0.3472   0.3507   0.3542   0.3576   0.3611   0.3646   0.3681   0.3715    0.375   0.3785   0.3819   0.3854   0.3889   0.3924   0.3958   0.3993   0.4028   0.4062   0.4097   0.4132   0.4167   0.4201   0.4236   0.4271   0.4306    0.434   0.4375    0.441   0.4444   0.4479   0.4514   0.4549   0.4583   0.4618   0.4653   0.4688   0.4722   0.4757   0.4792   0.4826   0.4861   0.4896   0.4931   0.4965
    S      0.0    0.226    0.318   0.1752   0.1724      1.0    0.162   0.3171   0.3535   0.2231    0.159   0.8446   0.0309   0.3327   0.6946    0.042   0.1025   0.1542   0.0174   0.0249   0.0002   0.7933   0.0224   0.2223    0.192   0.1527   0.0879   0.0486   0.1424   0.4339   0.6978   0.1235   0.1621   0.1084   0.1014   0.1336   0.1303   0.1207   0.0354   0.0607   0.0828   0.1051   0.1171   0.1794   0.0297   0.0143   0.0344   0.0196   0.0901   0.1247   0.0113   0.1526   0.0121   0.0722   0.3335   0.2185   0.1973   0.1072   0.0783   0.1449   0.1152    0.217   0.0383   0.1336   0.0272   0.1244   0.0534   0.5968   0.0945   0.2239   0.1493   0.0416   0.0324   0.4748   0.2873   0.0004   0.1105   0.1574   0.2621   0.4218   0.3133   0.3841   0.0388    0.122   0.2415    0.123   0.0284   0.0968   0.1164    0.277   0.5033   0.1217   0.0382    0.045   0.1119    0.187   0.2928   0.0963   0.1443   0.5703   0.4533   0.2943   0.4139   0.8803   0.0943   0.0112   0.1669   0.0332   0.1929   0.1425   0.3909   0.0048   0.2185   0.0524   0.2905   0.0544   0.2972   0.0841   0.1512   0.0406   0.0391   0.1805   0.2258   0.0009   0.0172   0.1462   0.3627   0.1046   0.2165   0.0273   0.2707   0.0073   0.0394   0.0715   0.0188   0.4449   0.0591   0.2179   0.1819   0.0315   0.0707    0.082   0.0008   0.0566
  snr   -13.94
    H     4.53
 exon    False

M: tbpse
 freq      0.0   0.0035   0.0069   0.0104   0.0138   0.0173   0.0208   0.0242   0.0277   0.0311   0.0346   0.0381   0.0415    0.045   0.0484   0.0519   0.0554   0.0588   0.0623   0.0657   0.0692   0.0727   0.0761   0.0796    0.083   0.0865     0.09   0.0934   0.0969   0.1003   0.1038   0.1073   0.1107   0.1142   0.1176   0.1211   0.1246    0.128   0.1315   0.1349   0.1384   0.1419   0.1453   0.1488   0.1522   0.1557   0.1592   0.1626   0.1661   0.1696    0.173   0.1765   0.1799   0.1834   0.1869   0.1903   0.1938   0.1972   0.2007   0.2042   0.2076   0.2111   0.2145    0.218   0.2215   0.2249   0.2284   0.2318   0.2353   0.2388   0.2422   0.2457   0.2491   0.2526   0.2561   0.2595    0.263   0.2664   0.2699   0.2734   0.2768   0.2803   0.2837   0.2872   0.2907   0.2941   0.2976    0.301   0.3045    0.308   0.3114   0.3149   0.3183   0.3218   0.3253   0.3287   0.3322   0.3356   0.3391   0.3426    0.346   0.3495   0.3529   0.3564   0.3599   0.3633   0.3668   0.3702   0.3737   0.3772   0.3806   0.3841   0.3875    0.391   0.3945   0.3979   0.4014   0.4048   0.4083   0.4118   0.4152   0.4187   0.4221   0.4256   0.4291   0.4325    0.436   0.4394   0.4429   0.4464   0.4498   0.4533   0.4567   0.4602   0.4637   0.4671   0.4706    0.474   0.4775    0.481   0.4844   0.4879   0.4913   0.4948   0.4983
    S      0.0   0.1972   0.4168   0.1127   0.2899   0.6581   0.0506    0.154   0.4839   0.2899   0.4976   0.3491   0.1372   0.2991    0.228   0.0498     0.11   0.0805   0.0416   0.0414   0.1939   0.2878   0.0333   0.0629    0.439   0.0478   0.4742   0.4102   0.1522   0.2209   0.5932   0.0884   0.1617   0.2792   0.0874   0.2774   0.3714   0.1142   0.0519   0.0918   0.1574    0.146   0.0899    0.232   0.1189   0.2336   0.1104   0.1109   0.0523   0.1508   0.1985   0.1281   0.0307   0.0351   0.0948   0.0326   0.0266   0.0549   0.0111   0.2057   0.1202   0.0327   0.2965   0.0886   0.0809   0.2223   0.2389   0.0895   0.1212   0.0956     0.05   0.2078   0.1052   0.0757   0.0414   0.3646   0.2892   0.1143   0.1513   0.3031   0.3287   0.5504   0.1842   0.1256   0.1501   0.0314   0.2108   0.0839   0.0262   0.0683      1.0   0.0349    0.146   0.0745    0.331   0.4198   0.4362   0.0554   0.3276   0.0462    0.364   0.0604    0.067   0.6495   0.4549   0.2024    0.124   0.0819   0.0467    0.345   0.1062    0.199   0.0115   0.1441   0.2098   0.2596    0.051   0.0604   0.2928    0.023   0.0136   0.2063    0.039   0.0458   0.1666   0.0401   0.0254   0.1471   0.0315    0.525   0.0498    0.125     0.32   0.1357   0.1183    0.028   0.2763   0.2657   0.0357   0.0519   0.0387   0.0552   0.0585    0.011   0.0442
  snr   -13.89
    H     4.62
 exon    False

M: snrse
 freq      0.0   0.0035   0.0069   0.0104   0.0138   0.0173   0.0208   0.0242   0.0277   0.0311   0.0346   0.0381   0.0415    0.045   0.0484   0.0519   0.0554   0.0588   0.0623   0.0657   0.0692   0.0727   0.0761   0.0796    0.083   0.0865     0.09   0.0934   0.0969   0.1003   0.1038   0.1073   0.1107   0.1142   0.1176   0.1211   0.1246    0.128   0.1315   0.1349   0.1384   0.1419   0.1453   0.1488   0.1522   0.1557   0.1592   0.1626   0.1661   0.1696    0.173   0.1765   0.1799   0.1834   0.1869   0.1903   0.1938   0.1972   0.2007   0.2042   0.2076   0.2111   0.2145    0.218   0.2215   0.2249   0.2284   0.2318   0.2353   0.2388   0.2422   0.2457   0.2491   0.2526   0.2561   0.2595    0.263   0.2664   0.2699   0.2734   0.2768   0.2803   0.2837   0.2872   0.2907   0.2941   0.2976    0.301   0.3045    0.308   0.3114   0.3149   0.3183   0.3218   0.3253   0.3287   0.3322   0.3356   0.3391   0.3426    0.346   0.3495   0.3529   0.3564   0.3599   0.3633   0.3668   0.3702   0.3737   0.3772   0.3806   0.3841   0.3875    0.391   0.3945   0.3979   0.4014   0.4048   0.4083   0.4118   0.4152   0.4187   0.4221   0.4256   0.4291   0.4325    0.436   0.4394   0.4429   0.4464   0.4498   0.4533   0.4567   0.4602   0.4637   0.4671   0.4706    0.474   0.4775    0.481   0.4844   0.4879   0.4913   0.4948   0.4983
    S      0.0   0.1539   0.4113   0.1199   0.2382   0.4894   0.0617   0.1586   0.3637   0.1947   0.4256   0.2183   0.1126    0.255   0.1657   0.0488   0.0742   0.0603   0.0283   0.0276   0.1899   0.1458    0.025   0.0287   0.4169   0.0269   0.3305   0.3364   0.1416   0.1819   0.4926   0.0726   0.1273   0.2602   0.0984   0.2839   0.3011   0.1016   0.0434   0.1023   0.1687   0.1263   0.1009   0.2004   0.0791   0.2431   0.1465    0.091   0.0892   0.0788   0.2189   0.0771   0.0096   0.0748   0.0611   0.0461   0.0101   0.0343   0.0029   0.1725   0.1091   0.0196   0.3553   0.0712   0.0905    0.181   0.2299   0.0467    0.112   0.0546   0.0256   0.2633   0.0842    0.025   0.0101   0.3799   0.2799    0.105   0.1383   0.2188    0.278   0.5667   0.1405   0.1057   0.1405   0.0048   0.1667   0.0614   0.0033   0.1256      1.0   0.0224   0.1498   0.0735   0.1719   0.3311   0.3861   0.0351   0.2987   0.0126   0.2587   0.0429   0.0372   0.5539   0.3992   0.2484   0.0705   0.0835   0.0379   0.3088   0.0785   0.2219   0.0202   0.1168   0.1798   0.1809   0.0094   0.0222   0.2191   0.0058   0.0121   0.1871   0.0397   0.0149   0.0741   0.0168   0.0098     0.17   0.0449   0.4766   0.0307   0.1199   0.3159   0.1241   0.0716    0.035   0.2523   0.2289   0.0217   0.0145   0.0081   0.0339    0.047   0.0017   0.0503
  snr   -13.16
    H     4.56
 exon    False