>data-XVI-cerevisiae-intergenic-432
N: 434
Methods: voss, eiip, qpsk, mem, tbpse, snrse

M: voss
 freq      0.0   0.0023   0.0046   0.0069   0.0092   0.0115   0.0138   0.0161   0.0184   0.0207    0.023   0.0253   0.0276     0.03   0.0323   0.0346   0.0369   0.0392   0.0415   0.0438   0.0461   0.0484   0.0507    0.053   0.0553   0.0576   0.0599   0.0622   0.0645   0.0668   0.0691   0.0714   0.0737    0.076   0.0783   0.0806   0.0829   0.0853   0.0876   0.0899   0.0922   0.0945   0.0968   0.0991   0.1014   0.1037    0.106   0.1083   0.1106   0.1129   0.1152   0.1175   0.1198   0.1221   0.1244   0.1267    0.129   0.1313   0.1336   0.1359   0.1382   0.1406   0.1429   0.1452   0.1475   0.1498   0.1521   0.1544   0.1567    0.159   0.1613   0.1636   0.1659   0.1682   0.1705   0.1728   0.1751   0.1774   0.1797    0.182   0.1843   0.1866   0.1889   0.1912   0.1935   0.1959   0.1982   0.2005   0.2028   0.2051   0.2074   0.2097    0.212   0.2143   0.2166   0.2189   0.2212   0.2235   0.2258   0.2281   0.2304   0.2327    0.235   0.2373   0.2396   0.2419   0.2442   0.2465   0.2488   0.2512   0.2535   0.2558   0.2581   0.2604   0.2627    0.265   0.2673   0.2696   0.2719   0.2742   0.2765   0.2788   0.2811   0.2834   0.2857    0.288   0.2903   0.2926   0.2949   0.2972   0.2995   0.3018   0.3041   0.3065   0.3088   0.3111   0.3134   0.3157    0.318   0.3203   0.3226   0.3249   0.3272   0.3295   0.3318   0.3341   0.3364   0.3387    0.341   0.3433   0.3456   0.3479   0.3502   0.3525   0.3548   0.3571   0.3594   0.3618   0.3641   0.3664   0.3687    0.371   0.3733   0.3756   0.3779   0.3802   0.3825   0.3848   0.3871   0.3894   0.3917    0.394   0.3963   0.3986   0.4009   0.4032   0.4055   0.4078   0.4101   0.4124   0.4147   0.4171   0.4194   0.4217    0.424   0.4263   0.4286   0.4309   0.4332   0.4355   0.4378   0.4401   0.4424   0.4447    0.447   0.4493   0.4516   0.4539   0.4562   0.4585   0.4608   0.4631   0.4654   0.4677     0.47   0.4724   0.4747    0.477   0.4793   0.4816   0.4839   0.4862   0.4885   0.4908   0.4931   0.4954   0.4977
    S      0.0   0.5638      1.0   0.1378   0.3189   0.2826   0.5943   0.6004   0.6289   0.3543   0.1948   0.3104   0.2946   0.1455   0.4276   0.2947   0.0762   0.5203   0.0382    0.208   0.2591   0.1883   0.2215   0.1911   0.2606   0.3702   0.5323   0.6535    0.173   0.4642   0.1347   0.0654   0.2466    0.418    0.303   0.1365   0.3866   0.4526   0.5524   0.5845   0.2182   0.0299   0.5109   0.2268   0.8335   0.2649   0.0665   0.2447   0.2176   0.5649   0.5139   0.3491   0.5745   0.3016   0.3001   0.2375   0.3439   0.1392   0.2585   0.2867   0.1374   0.6357   0.1144   0.2354   0.1952   0.3169   0.1977   0.1724   0.2159   0.1225   0.3838   0.1115   0.2842   0.2607   0.1456    0.393   0.1739   0.3509   0.1588   0.2102   0.1374   0.3297   0.2545     0.27   0.1175   0.2609   0.1716   0.2728   0.2006   0.1474   0.2375   0.1565   0.1702   0.5154   0.0785   0.3239   0.2048   0.1178   0.5728    0.101   0.2681   0.2659   0.2375   0.3726   0.4024   0.2386   0.3376   0.3794   0.2041   0.1327   0.1608   0.2986   0.0719   0.4659   0.1818   0.1767   0.0937   0.0688   0.4325   0.1026     0.29   0.5872    0.597   0.2483    0.127   0.2059    0.133   0.1841   0.1089   0.1831   0.1291   0.6894   0.2829   0.2693   0.0632   0.1752   0.1014   0.1774   0.0858   0.4081   0.1435   0.1928   0.2555   0.3694   0.2539   0.2925   0.3751   0.6492   0.1548   0.1547   0.1767   0.3265   0.1771   0.1487    0.271   0.0727   0.1642   0.1567   0.1703   0.0244   0.2607   0.1806   0.0694   0.3797   0.2803   0.3142   0.2165    0.016   0.2465   0.1989   0.3926   0.3531   0.1157   0.1444   0.7395   0.4203   0.3479   0.2182   0.6315   0.3426   0.1333   0.3242   0.7702   0.2124   0.2206   0.3402   0.2202   0.4641   0.1499   0.0796   0.1989   0.3539   0.3384   0.3113   0.4101   0.1584   0.2328    0.184   0.1759    0.223   0.1135   0.1033   0.3744   0.1386   0.3783    0.178   0.2463   0.1565   0.2157   0.4725   0.4053   0.1374   0.4024   0.5163   0.3524   0.3687   0.2117
  snr   -17.72
    H     5.21
 exon    False

M: eiip
 freq      0.0   0.0023   0.0046   0.0069   0.0092   0.0115   0.0138   0.0161   0.0184   0.0207    0.023   0.0253   0.0276     0.03   0.0323   0.0346   0.0369   0.0392   0.0415   0.0438   0.0461   0.0484   0.0507    0.053   0.0553   0.0576   0.0599   0.0622   0.0645   0.0668   0.0691   0.0714   0.0737    0.076   0.0783   0.0806   0.0829   0.0853   0.0876   0.0899   0.0922   0.0945   0.0968   0.0991   0.1014   0.1037    0.106   0.1083   0.1106   0.1129   0.1152   0.1175   0.1198   0.1221   0.1244   0.1267    0.129   0.1313   0.1336   0.1359   0.1382   0.1406   0.1429   0.1452   0.1475   0.1498   0.1521   0.1544   0.1567    0.159   0.1613   0.1636   0.1659   0.1682   0.1705   0.1728   0.1751   0.1774   0.1797    0.182   0.1843   0.1866   0.1889   0.1912   0.1935   0.1959   0.1982   0.2005   0.2028   0.2051   0.2074   0.2097    0.212   0.2143   0.2166   0.2189   0.2212   0.2235   0.2258   0.2281   0.2304   0.2327    0.235   0.2373   0.2396   0.2419   0.2442   0.2465   0.2488   0.2512   0.2535   0.2558   0.2581   0.2604   0.2627    0.265   0.2673   0.2696   0.2719   0.2742   0.2765   0.2788   0.2811   0.2834   0.2857    0.288   0.2903   0.2926   0.2949   0.2972   0.2995   0.3018   0.3041   0.3065   0.3088   0.3111   0.3134   0.3157    0.318   0.3203   0.3226   0.3249   0.3272   0.3295   0.3318   0.3341   0.3364   0.3387    0.341   0.3433   0.3456   0.3479   0.3502   0.3525   0.3548   0.3571   0.3594   0.3618   0.3641   0.3664   0.3687    0.371   0.3733   0.3756   0.3779   0.3802   0.3825   0.3848   0.3871   0.3894   0.3917    0.394   0.3963   0.3986   0.4009   0.4032   0.4055   0.4078   0.4101   0.4124   0.4147   0.4171   0.4194   0.4217    0.424   0.4263   0.4286   0.4309   0.4332   0.4355   0.4378   0.4401   0.4424   0.4447    0.447   0.4493   0.4516   0.4539   0.4562   0.4585   0.4608   0.4631   0.4654   0.4677     0.47   0.4724   0.4747    0.477   0.4793   0.4816   0.4839   0.4862   0.4885   0.4908   0.4931   0.4954   0.4977
    S      0.0   0.8616   0.5149   0.0429   0.5374   0.0102   0.6198   0.4893    0.052    0.093   0.1094    0.334   0.6083   0.1709    0.093   0.3266   0.0032   0.2305    0.009   0.0815   0.3616   0.1885   0.4928   0.1354   0.0183   0.1991   0.0865   0.2828   0.3239   0.0506   0.0188    0.115   0.2601   0.0158   0.1426   0.1824   0.0881   0.1254   0.9692   0.3883   0.1542   0.0644   0.4692    0.073   0.1268   0.1396   0.0211   0.0759   0.2573   0.0153   0.0004   0.2557   0.2163    0.491   0.1295   0.0695   0.0265   0.3237   0.2811    0.125   0.0734      1.0   0.0878   0.3346   0.0329    0.021   0.0819    0.269   0.1305   0.0516   0.1239    0.212   0.4239   0.0242   0.1012   0.0995   0.0915   0.0246   0.2281   0.0936   0.1105   0.4454   0.0936   0.2977   0.0154   0.3438   0.0654   0.3182   0.0479   0.0347   0.2941   0.0952   0.2104   0.8341   0.0199   0.1329   0.0204   0.0056   0.4726   0.1523   0.2891   0.0408    0.334   0.4159   0.5679   0.4818   0.6984   0.5077   0.1247     0.19   0.0249   0.0949   0.1687   0.7361   0.1142   0.4195   0.1563   0.0023   0.7122   0.0055   0.0622    0.202   0.0696   0.2088   0.1825   0.0278   0.1149   0.1957   0.0949   0.1065    0.117    0.675   0.0805   0.1736   0.0614   0.1334   0.0573   0.2742    0.134   0.5806   0.0114   0.1811   0.1605   0.5228   0.2066   0.1871   0.2039   0.5209   0.1218   0.0483   0.1402   0.2485   0.2322   0.1949   0.2975   0.0011   0.0131   0.0919   0.0849   0.0341   0.1011   0.2273   0.0357   0.2266   0.0313   0.0241   0.0124   0.0114    0.406    0.418   0.0294   0.1786   0.1711   0.0878   0.7473   0.0079   0.0018   0.0022   0.4596   0.1774   0.0291   0.1497   0.2781   0.5153   0.1606   0.3124   0.2271   0.0154   0.0098    0.121   0.0647   0.1749   0.4746   0.1944   0.2591   0.0823   0.1476   0.2494   0.1621   0.2115   0.0626   0.1334   0.6371   0.1526   0.0335   0.0029   0.0682   0.2762   0.1841   0.0398   0.2129   0.0198   0.1205   0.9756    0.331   0.4368   0.3279
  snr   -16.42
    H     4.95
 exon    False

M: qpsk
 freq      0.0   0.0023   0.0046   0.0069   0.0092   0.0115   0.0138   0.0161   0.0184   0.0207    0.023   0.0253   0.0276     0.03   0.0323   0.0346   0.0369   0.0392   0.0415   0.0438   0.0461   0.0484   0.0507    0.053   0.0553   0.0576   0.0599   0.0622   0.0645   0.0668   0.0691   0.0714   0.0737    0.076   0.0783   0.0806   0.0829   0.0853   0.0876   0.0899   0.0922   0.0945   0.0968   0.0991   0.1014   0.1037    0.106   0.1083   0.1106   0.1129   0.1152   0.1175   0.1198   0.1221   0.1244   0.1267    0.129   0.1313   0.1336   0.1359   0.1382   0.1406   0.1429   0.1452   0.1475   0.1498   0.1521   0.1544   0.1567    0.159   0.1613   0.1636   0.1659   0.1682   0.1705   0.1728   0.1751   0.1774   0.1797    0.182   0.1843   0.1866   0.1889   0.1912   0.1935   0.1959   0.1982   0.2005   0.2028   0.2051   0.2074   0.2097    0.212   0.2143   0.2166   0.2189   0.2212   0.2235   0.2258   0.2281   0.2304   0.2327    0.235   0.2373   0.2396   0.2419   0.2442   0.2465   0.2488   0.2512   0.2535   0.2558   0.2581   0.2604   0.2627    0.265   0.2673   0.2696   0.2719   0.2742   0.2765   0.2788   0.2811   0.2834   0.2857    0.288   0.2903   0.2926   0.2949   0.2972   0.2995   0.3018   0.3041   0.3065   0.3088   0.3111   0.3134   0.3157    0.318   0.3203   0.3226   0.3249   0.3272   0.3295   0.3318   0.3341   0.3364   0.3387    0.341   0.3433   0.3456   0.3479   0.3502   0.3525   0.3548   0.3571   0.3594   0.3618   0.3641   0.3664   0.3687    0.371   0.3733   0.3756   0.3779   0.3802   0.3825   0.3848   0.3871   0.3894   0.3917    0.394   0.3963   0.3986   0.4009   0.4032   0.4055   0.4078   0.4101   0.4124   0.4147   0.4171   0.4194   0.4217    0.424   0.4263   0.4286   0.4309   0.4332   0.4355   0.4378   0.4401   0.4424   0.4447    0.447   0.4493   0.4516   0.4539   0.4562   0.4585   0.4608   0.4631   0.4654   0.4677     0.47   0.4724   0.4747    0.477   0.4793   0.4816   0.4839   0.4862   0.4885   0.4908   0.4931   0.4954   0.4977
    S      0.0   0.5642      1.0   0.0585    0.234   0.2142   0.5861   0.5311   0.2438   0.2724   0.0763    0.305   0.2847   0.1174   0.1752   0.2217   0.0613   0.3367   0.0259   0.1981   0.2688   0.1766   0.2104      0.2    0.239   0.2298   0.2844   0.6126   0.1206   0.3449   0.0632   0.0386   0.1865   0.3858   0.1672   0.0581    0.293   0.0926   0.5838   0.5061   0.0737   0.0254   0.5385   0.1604   0.1105   0.2768   0.0304   0.0575   0.1426   0.4501   0.3208   0.3307   0.0913    0.241   0.2398   0.2232   0.0924   0.0903   0.2318   0.2569   0.1023   0.4735   0.0958    0.247   0.1169   0.1096   0.1834   0.1591   0.1135   0.1179    0.394   0.0539   0.2299   0.1286   0.0804    0.072   0.1507   0.2111   0.0526   0.1677    0.093   0.3113    0.062   0.2901   0.1053   0.2702   0.0413   0.1335   0.1633   0.1205   0.2533   0.1024   0.0755   0.3704   0.0489   0.1321   0.1096   0.0823   0.2901   0.1085   0.1638   0.1503   0.0506   0.3769   0.3783   0.1587   0.1872   0.3373   0.2067   0.1107   0.0986   0.0507   0.0444   0.4872    0.058   0.1703   0.0806   0.0628   0.2951   0.0386    0.303   0.4204   0.3258   0.2394   0.1082   0.1443   0.1369   0.1811   0.1037    0.096   0.0877   0.3644   0.1505   0.2585   0.0558   0.1251   0.0291   0.1899   0.0592   0.1568   0.0923    0.199   0.2051   0.3644   0.2581   0.0776   0.3211   0.5758   0.0904   0.1445   0.1181      0.3    0.187    0.149   0.2795   0.0774   0.0842    0.151   0.0697    0.015   0.2013   0.1791   0.0115   0.2779   0.1602   0.1485   0.1069   0.0085   0.2011   0.2121   0.3422   0.3627   0.1204   0.1237   0.4475   0.2295     0.15   0.0517   0.6828   0.0808    0.078   0.2906   0.1649   0.1423   0.1737   0.3281   0.2314   0.3162   0.1368   0.0776   0.1678   0.2934   0.3506   0.2021    0.186   0.1696   0.0765   0.1178   0.1003   0.0986   0.0402   0.1002   0.3177   0.0853   0.2567   0.1175   0.2225    0.145    0.058   0.4582   0.1257   0.0731   0.4281   0.3952   0.3126   0.1789   0.1587
  snr   -16.24
    H     5.15
 exon    False

M: mem
 freq      0.0   0.0023   0.0046   0.0069   0.0092   0.0115   0.0138   0.0161   0.0184   0.0207    0.023   0.0253   0.0276     0.03   0.0323   0.0346   0.0369   0.0392   0.0415   0.0438   0.0461   0.0484   0.0507    0.053   0.0553   0.0576   0.0599   0.0622   0.0645   0.0668   0.0691   0.0714   0.0737    0.076   0.0783   0.0806   0.0829   0.0853   0.0876   0.0899   0.0922   0.0945   0.0968   0.0991   0.1014   0.1037    0.106   0.1083   0.1106   0.1129   0.1152   0.1175   0.1198   0.1221   0.1244   0.1267    0.129   0.1313   0.1336   0.1359   0.1382   0.1406   0.1429   0.1452   0.1475   0.1498   0.1521   0.1544   0.1567    0.159   0.1613   0.1636   0.1659   0.1682   0.1705   0.1728   0.1751   0.1774   0.1797    0.182   0.1843   0.1866   0.1889   0.1912   0.1935   0.1959   0.1982   0.2005   0.2028   0.2051   0.2074   0.2097    0.212   0.2143   0.2166   0.2189   0.2212   0.2235   0.2258   0.2281   0.2304   0.2327    0.235   0.2373   0.2396   0.2419   0.2442   0.2465   0.2488   0.2512   0.2535   0.2558   0.2581   0.2604   0.2627    0.265   0.2673   0.2696   0.2719   0.2742   0.2765   0.2788   0.2811   0.2834   0.2857    0.288   0.2903   0.2926   0.2949   0.2972   0.2995   0.3018   0.3041   0.3065   0.3088   0.3111   0.3134   0.3157    0.318   0.3203   0.3226   0.3249   0.3272   0.3295   0.3318   0.3341   0.3364   0.3387    0.341   0.3433   0.3456   0.3479   0.3502   0.3525   0.3548   0.3571   0.3594   0.3618   0.3641   0.3664   0.3687    0.371   0.3733   0.3756   0.3779   0.3802   0.3825   0.3848   0.3871   0.3894   0.3917    0.394   0.3963   0.3986   0.4009   0.4032   0.4055   0.4078   0.4101   0.4124   0.4147   0.4171   0.4194   0.4217    0.424   0.4263   0.4286   0.4309   0.4332   0.4355   0.4378   0.4401   0.4424   0.4447    0.447   0.4493   0.4516   0.4539   0.4562   0.4585   0.4608   0.4631   0.4654   0.4677     0.47   0.4724   0.4747    0.477   0.4793   0.4816   0.4839   0.4862   0.4885   0.4908   0.4931   0.4954   0.4977
    S      0.0   0.6174   0.3931   0.0109   0.2959   0.0114   0.4401   0.4661   0.0155   0.0494   0.0714   0.2472   0.5186   0.1083   0.0697   0.2505   0.0125    0.208   0.0076   0.1528   0.2011   0.1944   0.3479   0.0541    0.019   0.1242   0.1366   0.5095   0.1658   0.1283   0.0177    0.103   0.1621   0.0911   0.1757   0.1594   0.1642   0.0606   0.6918   0.2741   0.1195   0.0379   0.4964   0.0576   0.0822   0.0905   0.0115   0.0645   0.2065   0.0633   0.0536    0.099   0.1699   0.4842   0.1924   0.1381   0.0009   0.2148   0.3306   0.2121    0.066      1.0   0.0449   0.2616   0.0323   0.0038   0.0177   0.2633   0.0774   0.0108   0.2528   0.1594   0.4132   0.0361   0.0866   0.0276   0.1327   0.0096   0.1091   0.0432   0.1129   0.3068   0.0758   0.2816   0.0128   0.3944   0.0148   0.1917   0.0097   0.0219   0.3255   0.0725   0.1005   0.8369    0.032   0.0678   0.0049   0.0248   0.4508   0.1278   0.1352   0.0617   0.2729   0.4226   0.2682   0.3122   0.6048   0.5485   0.1675    0.191   0.0194   0.0554   0.1289   0.7937   0.1074    0.303   0.1347   0.0125   0.5277   0.0005   0.0623   0.1259   0.0503   0.1208   0.1376   0.0283   0.1473    0.234   0.1073   0.0299   0.1225   0.7143   0.0771   0.2247   0.0279   0.1764    0.051   0.2869   0.0634    0.351   0.0043   0.0904   0.1276   0.5122   0.1571   0.1206   0.1295   0.4284   0.1391   0.0439   0.0383   0.2067   0.1177   0.1692   0.1734   0.0157   0.0257   0.0867   0.0324   0.0255   0.1154   0.2083   0.0295   0.0424   0.0161   0.0406   0.0023   0.0118   0.3147   0.3305   0.0301   0.2111   0.1338   0.0966   0.8072   0.0502   0.0051   0.0001   0.3716   0.1709   0.0166   0.0408   0.2505   0.3923   0.2015   0.2652   0.2985   0.0296   0.0385   0.0804    0.068   0.0982    0.475   0.2165   0.1313   0.1484   0.0787   0.2256    0.177   0.1675   0.0438   0.1203   0.4222   0.1234   0.0746   0.0194   0.1446   0.2615   0.1489   0.1397   0.2243   0.0194   0.0539   0.6903   0.2993   0.4254    0.319
  snr    -15.7
    H     4.93
 exon    False

M: tbpse
 freq      0.0   0.0023   0.0046   0.0069   0.0092   0.0115   0.0138   0.0161   0.0184   0.0207    0.023   0.0253   0.0276     0.03   0.0323   0.0346   0.0369   0.0392   0.0415   0.0438   0.0461   0.0484   0.0507    0.053   0.0553   0.0576   0.0599   0.0622   0.0645   0.0668   0.0691   0.0714   0.0737    0.076   0.0783   0.0806   0.0829   0.0853   0.0876   0.0899   0.0922   0.0945   0.0968   0.0991   0.1014   0.1037    0.106   0.1083   0.1106   0.1129   0.1152   0.1175   0.1198   0.1221   0.1244   0.1267    0.129   0.1313   0.1336   0.1359   0.1382   0.1406   0.1429   0.1452   0.1475   0.1498   0.1521   0.1544   0.1567    0.159   0.1613   0.1636   0.1659   0.1682   0.1705   0.1728   0.1751   0.1774   0.1797    0.182   0.1843   0.1866   0.1889   0.1912   0.1935   0.1959   0.1982   0.2005   0.2028   0.2051   0.2074   0.2097    0.212   0.2143   0.2166   0.2189   0.2212   0.2235   0.2258   0.2281   0.2304   0.2327    0.235   0.2373   0.2396   0.2419   0.2442   0.2465   0.2488   0.2512   0.2535   0.2558   0.2581   0.2604   0.2627    0.265   0.2673   0.2696   0.2719   0.2742   0.2765   0.2788   0.2811   0.2834   0.2857    0.288   0.2903   0.2926   0.2949   0.2972   0.2995   0.3018   0.3041   0.3065   0.3088   0.3111   0.3134   0.3157    0.318   0.3203   0.3226   0.3249   0.3272   0.3295   0.3318   0.3341   0.3364   0.3387    0.341   0.3433   0.3456   0.3479   0.3502   0.3525   0.3548   0.3571   0.3594   0.3618   0.3641   0.3664   0.3687    0.371   0.3733   0.3756   0.3779   0.3802   0.3825   0.3848   0.3871   0.3894   0.3917    0.394   0.3963   0.3986   0.4009   0.4032   0.4055   0.4078   0.4101   0.4124   0.4147   0.4171   0.4194   0.4217    0.424   0.4263   0.4286   0.4309   0.4332   0.4355   0.4378   0.4401   0.4424   0.4447    0.447   0.4493   0.4516   0.4539   0.4562   0.4585   0.4608   0.4631   0.4654   0.4677     0.47   0.4724   0.4747    0.477   0.4793   0.4816   0.4839   0.4862   0.4885   0.4908   0.4931   0.4954   0.4977
    S      0.0   0.6599      1.0    0.076   0.2159   0.1972   0.6239   0.6853   0.3737   0.3929   0.1181   0.2737   0.1979   0.1403   0.1509   0.1382   0.0456   0.5167   0.0406   0.0777   0.2363   0.1966   0.1878   0.1948   0.2063    0.195   0.4259   0.2788   0.0874   0.2333   0.0815   0.0169    0.206   0.2356   0.1726    0.039   0.1428   0.1243   0.6437   0.7151   0.0662   0.0213    0.455     0.22   0.3497   0.2482    0.041   0.1164   0.1523   0.3329   0.2486   0.2577   0.1981   0.0954   0.1909    0.109   0.1457   0.0635   0.0849   0.1123   0.1498   0.1616   0.0644   0.2655   0.1973    0.126   0.1403   0.1248   0.0641    0.066   0.2166    0.036   0.1726    0.102   0.0791   0.1411   0.0588   0.3186   0.0273   0.2249   0.0471   0.3773   0.0687   0.2161   0.1023   0.1782   0.0432   0.1269   0.1795   0.1039   0.1587   0.1545   0.0465   0.1261   0.0486    0.223   0.0808    0.054   0.3245   0.0998   0.1442   0.0975   0.0045   0.3685   0.3402   0.0966    0.058   0.2065   0.1016   0.0719   0.0653   0.0768   0.0245   0.2926   0.0597   0.1519   0.0431   0.0375   0.1588   0.0449    0.216   0.6592    0.561   0.2719   0.1123   0.0703    0.096    0.115    0.111   0.0851   0.0303      0.2    0.213   0.2325   0.0355   0.0425   0.0191   0.1286   0.0415   0.1526   0.1333   0.2249   0.2927   0.2254   0.2777   0.1252   0.4249   0.7968   0.0289   0.0646   0.0735   0.3895   0.1937   0.1115   0.2348   0.0326   0.0913   0.1121     0.04   0.0066    0.267   0.1438   0.0147   0.1542   0.1883   0.2271   0.0815   0.0092   0.1103    0.207    0.323   0.1655   0.0947   0.1367    0.127   0.2016   0.2246   0.1317   0.5231   0.0758   0.1118   0.2738    0.294    0.085   0.1152   0.3095   0.1149   0.3752   0.0773   0.0838   0.1641   0.4154   0.3253   0.2119   0.2657   0.0733   0.1181   0.0671   0.0331    0.094   0.0353   0.1069   0.2431   0.0624   0.1774   0.0876   0.1572   0.0923   0.0586   0.2356   0.0891   0.1249   0.3038   0.2435   0.1657   0.0681   0.0878
  snr   -15.75
    H     5.08
 exon    False

M: snrse
 freq      0.0   0.0023   0.0046   0.0069   0.0092   0.0115   0.0138   0.0161   0.0184   0.0207    0.023   0.0253   0.0276     0.03   0.0323   0.0346   0.0369   0.0392   0.0415   0.0438   0.0461   0.0484   0.0507    0.053   0.0553   0.0576   0.0599   0.0622   0.0645   0.0668   0.0691   0.0714   0.0737    0.076   0.0783   0.0806   0.0829   0.0853   0.0876   0.0899   0.0922   0.0945   0.0968   0.0991   0.1014   0.1037    0.106   0.1083   0.1106   0.1129   0.1152   0.1175   0.1198   0.1221   0.1244   0.1267    0.129   0.1313   0.1336   0.1359   0.1382   0.1406   0.1429   0.1452   0.1475   0.1498   0.1521   0.1544   0.1567    0.159   0.1613   0.1636   0.1659   0.1682   0.1705   0.1728   0.1751   0.1774   0.1797    0.182   0.1843   0.1866   0.1889   0.1912   0.1935   0.1959   0.1982   0.2005   0.2028   0.2051   0.2074   0.2097    0.212   0.2143   0.2166   0.2189   0.2212   0.2235   0.2258   0.2281   0.2304   0.2327    0.235   0.2373   0.2396   0.2419   0.2442   0.2465   0.2488   0.2512   0.2535   0.2558   0.2581   0.2604   0.2627    0.265   0.2673   0.2696   0.2719   0.2742   0.2765   0.2788   0.2811   0.2834   0.2857    0.288   0.2903   0.2926   0.2949   0.2972   0.2995   0.3018   0.3041   0.3065   0.3088   0.3111   0.3134   0.3157    0.318   0.3203   0.3226   0.3249   0.3272   0.3295   0.3318   0.3341   0.3364   0.3387    0.341   0.3433   0.3456   0.3479   0.3502   0.3525   0.3548   0.3571   0.3594   0.3618   0.3641   0.3664   0.3687    0.371   0.3733   0.3756   0.3779   0.3802   0.3825   0.3848   0.3871   0.3894   0.3917    0.394   0.3963   0.3986   0.4009   0.4032   0.4055   0.4078   0.4101   0.4124   0.4147   0.4171   0.4194   0.4217    0.424   0.4263   0.4286   0.4309   0.4332   0.4355   0.4378   0.4401   0.4424   0.4447    0.447   0.4493   0.4516   0.4539   0.4562   0.4585   0.4608   0.4631   0.4654   0.4677     0.47   0.4724   0.4747    0.477   0.4793   0.4816   0.4839   0.4862   0.4885   0.4908   0.4931   0.4954   0.4977
    S      0.0   0.1434   0.3285   0.1083   0.0733   0.1733   0.1466    0.299   0.6103    0.264    0.178   0.0458   0.0091   0.0583   0.2883   0.0609    0.042    0.417   0.0315   0.0323    0.005   0.0704   0.0061   0.0361   0.1184   0.2187    0.456    0.153   0.0186   0.2746   0.1022   0.0241   0.1177    0.151   0.2269    0.087   0.1342   0.4252   0.0746   0.3509    0.159   0.0008   0.0838   0.1536      1.0   0.0645   0.0502    0.268   0.1234   0.2945   0.2618   0.0365   0.6506   0.0609   0.1474   0.0335    0.321    0.025   0.0348    0.058   0.0935   0.1636   0.0258   0.0495   0.1755   0.2558   0.0355   0.0373    0.091   0.0032    0.045   0.0495   0.0899   0.1715   0.0828   0.3929   0.0512   0.3193    0.073   0.1347    0.066    0.111   0.2316   0.0147    0.057   0.0223   0.1339   0.1599   0.1064   0.0538   0.0123   0.1182    0.067   0.1491   0.0471   0.2944   0.1067   0.0544   0.4205   0.0105   0.0961   0.1463   0.1843   0.0854   0.0337   0.0383   0.1176   0.0893   0.0097   0.0381   0.0875   0.2916   0.0171   0.0097   0.1699    0.002   0.0114   0.0248   0.1107   0.0819   0.0582   0.4646   0.5785   0.0934   0.0446    0.067    0.022   0.0232   0.0388   0.0939   0.0512   0.4356   0.2548   0.0778   0.0026   0.0765   0.0856    0.004    0.013   0.2442   0.1199   0.0506   0.1668   0.0169   0.0755    0.262   0.2248   0.3519   0.0815   0.0097   0.0392   0.1647   0.0209   0.0201    0.026   0.0021   0.1474   0.0449   0.0964   0.0067   0.1678    0.035   0.0728   0.0636   0.1927   0.3055   0.1242   0.0118   0.0233   0.0086   0.2073   0.0068   0.0024   0.0739   0.3529   0.2567   0.3211    0.248    0.061   0.3436   0.1156   0.1143   0.8439   0.0393   0.0754    0.109   0.0083    0.359   0.0546   0.0179   0.1077   0.2301   0.0616   0.2085   0.3243   0.0047   0.1957   0.0652   0.0886    0.141   0.0789   0.0319   0.0314   0.0726   0.1574   0.0822   0.0698   0.0206   0.1956   0.0572   0.3716   0.1244   0.0429   0.0703   0.0699   0.2049   0.0569
  snr   -14.45
    H     4.92
 exon    False