>data-XVI-cerevisiae-intergenic-242
N: 359
Methods: voss, eiip, qpsk, mem, alg1, alg2

M: voss
 freq      0.0   0.0028   0.0056   0.0084   0.0111   0.0139   0.0167   0.0195   0.0223   0.0251   0.0279   0.0306   0.0334   0.0362    0.039   0.0418   0.0446   0.0474   0.0501   0.0529   0.0557   0.0585   0.0613   0.0641   0.0669   0.0696   0.0724   0.0752    0.078   0.0808   0.0836   0.0864   0.0891   0.0919   0.0947   0.0975   0.1003   0.1031   0.1058   0.1086   0.1114   0.1142    0.117   0.1198   0.1226   0.1253   0.1281   0.1309   0.1337   0.1365   0.1393   0.1421   0.1448   0.1476   0.1504   0.1532    0.156   0.1588   0.1616   0.1643   0.1671   0.1699   0.1727   0.1755   0.1783   0.1811   0.1838   0.1866   0.1894   0.1922    0.195   0.1978   0.2006   0.2033   0.2061   0.2089   0.2117   0.2145   0.2173   0.2201   0.2228   0.2256   0.2284   0.2312    0.234   0.2368   0.2396   0.2423   0.2451   0.2479   0.2507   0.2535   0.2563   0.2591   0.2618   0.2646   0.2674   0.2702    0.273   0.2758   0.2786   0.2813   0.2841   0.2869   0.2897   0.2925   0.2953   0.2981   0.3008   0.3036   0.3064   0.3092    0.312   0.3148   0.3175   0.3203   0.3231   0.3259   0.3287   0.3315   0.3343    0.337   0.3398   0.3426   0.3454   0.3482    0.351   0.3538   0.3565   0.3593   0.3621   0.3649   0.3677   0.3705   0.3733    0.376   0.3788   0.3816   0.3844   0.3872     0.39   0.3928   0.3955   0.3983   0.4011   0.4039   0.4067   0.4095   0.4123    0.415   0.4178   0.4206   0.4234   0.4262    0.429   0.4318   0.4345   0.4373   0.4401   0.4429   0.4457   0.4485   0.4513    0.454   0.4568   0.4596   0.4624   0.4652    0.468   0.4708   0.4735   0.4763   0.4791   0.4819   0.4847   0.4875   0.4903    0.493   0.4958   0.4986
    S      0.0    0.822   0.3279   0.7337    0.553   0.1436   0.2026   0.6862   0.4758   0.2586   0.2939   0.0698    0.183   0.6128   0.0722   0.0916   0.2558   0.0284   0.2616   0.1928   0.0223   0.0453   0.3714   0.0998   0.1266    0.189   0.1688   0.3344   0.1017   0.1423   0.3614   0.2083   0.1655   0.2459   0.2231   0.2945   0.1943   0.1181   0.1004   0.1325   0.0912    0.202    0.035   0.0316   0.0713    0.075   0.3406   0.2218    0.094    0.111   0.0798   0.2476   0.1667   0.1323   0.1518   0.1958   0.4129    0.208   0.1667   0.1073   0.2262   0.2909   0.3362   0.1982   0.1477   0.0735   0.1157   0.2029   0.1711   0.0436   0.1576   0.1039   0.1645   0.1143   0.1734   0.1783   0.2514   0.0628   0.0845    0.031   0.1314   0.0809   0.1893   0.0402   0.0728   0.1026   0.1622   0.0828   0.0733   0.1121     0.18   0.3926   0.0989     0.13   0.0705    0.186   0.0711   0.2597   0.0431   0.1062    0.256   0.0963   0.0612   0.1067   0.0558   0.0964      0.1   0.0835   0.0846   0.0621   0.2591   0.1296   0.1096   0.0854   0.1926   0.2793   0.2728   0.1583    0.043   0.1107   0.2285   0.1337   0.1836   0.1162   0.0866   0.1894   0.0906   0.1777    0.129   0.2357    0.338   0.0603   0.3203   0.0469   0.3141   0.1159   0.1962   0.3324   0.0906   0.1806   0.1495   0.2962   0.1655   0.3259   0.1714   0.2948   0.1011   0.0955   0.3269   0.1211   0.0779    0.154   0.2266   0.0756   0.3491   0.2149   0.3058   0.1453   0.2159   0.1162   0.1331   0.1356   0.2248   0.0263   0.2143   0.1011   0.1233   0.3235   0.1846   0.0823   0.1222   0.0407   0.2799   0.3751   0.3946   0.3633    0.231   0.0537   0.2275      1.0
  snr   -15.12
    H     4.96
 exon    False

M: eiip
 freq      0.0   0.0028   0.0056   0.0084   0.0111   0.0139   0.0167   0.0195   0.0223   0.0251   0.0279   0.0306   0.0334   0.0362    0.039   0.0418   0.0446   0.0474   0.0501   0.0529   0.0557   0.0585   0.0613   0.0641   0.0669   0.0696   0.0724   0.0752    0.078   0.0808   0.0836   0.0864   0.0891   0.0919   0.0947   0.0975   0.1003   0.1031   0.1058   0.1086   0.1114   0.1142    0.117   0.1198   0.1226   0.1253   0.1281   0.1309   0.1337   0.1365   0.1393   0.1421   0.1448   0.1476   0.1504   0.1532    0.156   0.1588   0.1616   0.1643   0.1671   0.1699   0.1727   0.1755   0.1783   0.1811   0.1838   0.1866   0.1894   0.1922    0.195   0.1978   0.2006   0.2033   0.2061   0.2089   0.2117   0.2145   0.2173   0.2201   0.2228   0.2256   0.2284   0.2312    0.234   0.2368   0.2396   0.2423   0.2451   0.2479   0.2507   0.2535   0.2563   0.2591   0.2618   0.2646   0.2674   0.2702    0.273   0.2758   0.2786   0.2813   0.2841   0.2869   0.2897   0.2925   0.2953   0.2981   0.3008   0.3036   0.3064   0.3092    0.312   0.3148   0.3175   0.3203   0.3231   0.3259   0.3287   0.3315   0.3343    0.337   0.3398   0.3426   0.3454   0.3482    0.351   0.3538   0.3565   0.3593   0.3621   0.3649   0.3677   0.3705   0.3733    0.376   0.3788   0.3816   0.3844   0.3872     0.39   0.3928   0.3955   0.3983   0.4011   0.4039   0.4067   0.4095   0.4123    0.415   0.4178   0.4206   0.4234   0.4262    0.429   0.4318   0.4345   0.4373   0.4401   0.4429   0.4457   0.4485   0.4513    0.454   0.4568   0.4596   0.4624   0.4652    0.468   0.4708   0.4735   0.4763   0.4791   0.4819   0.4847   0.4875   0.4903    0.493   0.4958   0.4986
    S      0.0   0.0234   0.1589   0.0641   0.7747   0.0634   0.2026   0.7297     0.25   0.5394   0.1905   0.0549   0.0662   0.2068    0.075   0.0855   0.4386   0.0475   0.0234   0.0159   0.0355   0.0048   0.0342   0.0303   0.1612    0.153   0.2586    0.421   0.0952   0.1122   0.3526    0.317   0.0583   0.1665   0.0544   0.2977    0.029   0.3118   0.0325   0.0254   0.0149   0.0614   0.0918   0.0327   0.0869   0.0688   0.0953   0.5043    0.035   0.0554    0.067   0.1719   0.1334   0.2267   0.2545   0.2145   0.3796   0.3215   0.1061   0.1526   0.2467   0.2151   0.8267   0.1565   0.2372   0.0642    0.052   0.0909   0.3987    0.115   0.1304   0.0776   0.0589   0.2362   0.1164    0.221   0.1384   0.1422   0.0915   0.0837    0.056   0.0299   0.2242   0.0314   0.1775   0.1732   0.0555   0.0999   0.1264   0.0024   0.4732   0.0443   0.1113   0.0419   0.0811   0.1236   0.2493   0.1558   0.0229   0.0471   0.0203   0.0148   0.1152   0.1578   0.1395   0.1958   0.2442   0.1598   0.0441   0.1413   0.7645   0.0903   0.2797   0.0399   0.1675   0.4187   0.7596   0.2334   0.0977    0.218   0.2874   0.2474   0.0117    0.129    0.104   0.2548   0.2045   0.3077   0.1582   0.0049    0.537   0.0505   0.3288   0.0125   0.0939   0.0472   0.0447   0.1523   0.0889   0.0929   0.3056   0.3435   0.3889   0.9879   0.1295   0.3826   0.2281   0.2644   0.4138   0.4121     0.12   0.0378   0.3718   0.2086   0.4599   0.2128   0.4337    0.037    0.159   0.2184   0.3907   0.1601   0.2377   0.0176   0.1644   0.1622   0.3406   0.5588   0.1007   0.0895    0.036   0.0554   0.0059   0.0912      1.0   0.0465   0.2891   0.0226   0.1575   0.4685
  snr   -15.19
    H      4.8
 exon    False

M: qpsk
 freq      0.0   0.0028   0.0056   0.0084   0.0111   0.0139   0.0167   0.0195   0.0223   0.0251   0.0279   0.0306   0.0334   0.0362    0.039   0.0418   0.0446   0.0474   0.0501   0.0529   0.0557   0.0585   0.0613   0.0641   0.0669   0.0696   0.0724   0.0752    0.078   0.0808   0.0836   0.0864   0.0891   0.0919   0.0947   0.0975   0.1003   0.1031   0.1058   0.1086   0.1114   0.1142    0.117   0.1198   0.1226   0.1253   0.1281   0.1309   0.1337   0.1365   0.1393   0.1421   0.1448   0.1476   0.1504   0.1532    0.156   0.1588   0.1616   0.1643   0.1671   0.1699   0.1727   0.1755   0.1783   0.1811   0.1838   0.1866   0.1894   0.1922    0.195   0.1978   0.2006   0.2033   0.2061   0.2089   0.2117   0.2145   0.2173   0.2201   0.2228   0.2256   0.2284   0.2312    0.234   0.2368   0.2396   0.2423   0.2451   0.2479   0.2507   0.2535   0.2563   0.2591   0.2618   0.2646   0.2674   0.2702    0.273   0.2758   0.2786   0.2813   0.2841   0.2869   0.2897   0.2925   0.2953   0.2981   0.3008   0.3036   0.3064   0.3092    0.312   0.3148   0.3175   0.3203   0.3231   0.3259   0.3287   0.3315   0.3343    0.337   0.3398   0.3426   0.3454   0.3482    0.351   0.3538   0.3565   0.3593   0.3621   0.3649   0.3677   0.3705   0.3733    0.376   0.3788   0.3816   0.3844   0.3872     0.39   0.3928   0.3955   0.3983   0.4011   0.4039   0.4067   0.4095   0.4123    0.415   0.4178   0.4206   0.4234   0.4262    0.429   0.4318   0.4345   0.4373   0.4401   0.4429   0.4457   0.4485   0.4513    0.454   0.4568   0.4596   0.4624   0.4652    0.468   0.4708   0.4735   0.4763   0.4791   0.4819   0.4847   0.4875   0.4903    0.493   0.4958   0.4986
    S      0.0   0.5841   0.3854   0.5857   0.6333   0.1215    0.239   0.6049   0.4365   0.3035   0.3672   0.0909   0.1389   0.4789    0.081   0.0751   0.2438   0.0242   0.0645   0.1157   0.0041   0.0271   0.2332   0.0671   0.1589   0.0065   0.2105   0.1732    0.037   0.0887   0.4091   0.1131   0.0739   0.2577   0.1385   0.1045   0.1038   0.1601   0.0688   0.0665   0.0787   0.2266   0.0494   0.0379   0.0872   0.0686   0.3133   0.0973   0.0905   0.0626   0.0529   0.0464   0.1455   0.1232   0.2043   0.2294   0.5051   0.2884   0.2017   0.1024   0.0269   0.2144   0.2717   0.2177   0.0753   0.0873   0.1224   0.2443   0.0263   0.0296   0.1849   0.1043   0.1916    0.152   0.1172    0.221   0.0937   0.0682   0.1079   0.0192   0.0985   0.0945   0.2329   0.0407   0.0914   0.1193   0.1764   0.0802   0.1007   0.1494    0.255   0.2198    0.031   0.1044   0.0903   0.1566   0.0519   0.2016   0.0544    0.126   0.2701   0.0979   0.0708   0.1515   0.0674   0.1265   0.0289   0.1068   0.0436   0.0347   0.1735   0.0085   0.1137   0.0133   0.1381   0.2835   0.3296   0.1703   0.0442   0.1036   0.2952     0.15   0.2164   0.0902   0.1233   0.1989   0.0576   0.2355   0.1562   0.2939    0.344   0.0756   0.3554   0.0468   0.1413   0.1033   0.2732   0.4074   0.0585   0.2111   0.2084   0.3312   0.1488   0.4292   0.1618   0.3568   0.1428   0.1028   0.3227   0.1584   0.0374   0.1142    0.301   0.0508   0.2999    0.238   0.3868    0.177   0.1073   0.0688   0.1789   0.1782   0.1681   0.0168   0.2513   0.1241   0.1135   0.2999   0.1345   0.0625   0.1566   0.0229    0.169   0.3799   0.2907   0.2953    0.318   0.0456   0.1989      1.0
  snr   -14.76
    H     4.91
 exon    False

M: mem
 freq      0.0   0.0028   0.0056   0.0084   0.0112    0.014   0.0168   0.0196   0.0223   0.0251   0.0279   0.0307   0.0335   0.0363   0.0391   0.0419   0.0447   0.0475   0.0503   0.0531   0.0559   0.0587   0.0615   0.0642    0.067   0.0698   0.0726   0.0754   0.0782    0.081   0.0838   0.0866   0.0894   0.0922    0.095   0.0978   0.1006   0.1034   0.1061   0.1089   0.1117   0.1145   0.1173   0.1201   0.1229   0.1257   0.1285   0.1313   0.1341   0.1369   0.1397   0.1425   0.1453    0.148   0.1508   0.1536   0.1564   0.1592    0.162   0.1648   0.1676   0.1704   0.1732    0.176   0.1788   0.1816   0.1844   0.1872   0.1899   0.1927   0.1955   0.1983   0.2011   0.2039   0.2067   0.2095   0.2123   0.2151   0.2179   0.2207   0.2235   0.2263   0.2291   0.2318   0.2346   0.2374   0.2402    0.243   0.2458   0.2486   0.2514   0.2542    0.257   0.2598   0.2626   0.2654   0.2682   0.2709   0.2737   0.2765   0.2793   0.2821   0.2849   0.2877   0.2905   0.2933   0.2961   0.2989   0.3017   0.3045   0.3073   0.3101   0.3128   0.3156   0.3184   0.3212    0.324   0.3268   0.3296   0.3324   0.3352    0.338   0.3408   0.3436   0.3464   0.3492    0.352   0.3547   0.3575   0.3603   0.3631   0.3659   0.3687   0.3715   0.3743   0.3771   0.3799   0.3827   0.3855   0.3883   0.3911   0.3939   0.3966   0.3994   0.4022    0.405   0.4078   0.4106   0.4134   0.4162    0.419   0.4218   0.4246   0.4274   0.4302    0.433   0.4358   0.4385   0.4413   0.4441   0.4469   0.4497   0.4525   0.4553   0.4581   0.4609   0.4637   0.4665   0.4693   0.4721   0.4749   0.4777   0.4804   0.4832    0.486   0.4888   0.4916   0.4944   0.4972
    S      0.0   0.9941   0.2972   0.8865    0.946   0.0709   0.0819   0.9462   0.8669   0.0517   0.2512   0.0873   0.2081      1.0   0.1005   0.0582   0.3485   0.0028   0.3233   0.1641   0.0095   0.0554   0.6252   0.1248   0.0027   0.1617   0.1066   0.0981   0.0504   0.0551   0.0052   0.0325   0.2214   0.0092   0.2677   0.1763   0.2993   0.0743   0.0984   0.1622   0.0871   0.0582   0.0538   0.0387   0.1041   0.1776   0.3862   0.1114   0.1036   0.0977   0.0807   0.2832    0.148   0.1813   0.2241   0.1646   0.4258   0.2744   0.2461   0.0674   0.0873   0.2939   0.1192   0.2421   0.0307   0.0977   0.1554   0.0616   0.0501   0.0094   0.0774   0.0974   0.2142    0.115    0.472   0.2212   0.2123   0.0758   0.0726   0.0403    0.156   0.0225   0.1451   0.0493   0.0796   0.0403   0.1883   0.2979   0.0608   0.0844   0.0115   0.2242   0.1133   0.1318   0.1666   0.1281   0.0399   0.2355   0.0276   0.0576   0.2185   0.0191   0.0523   0.0507   0.0225   0.1187   0.0701   0.0549   0.0197   0.0039   0.0001   0.1001   0.0069   0.1303   0.4116    0.094   0.0843    0.197   0.0324   0.0022   0.2681   0.0967   0.0249   0.0421   0.0922   0.0092   0.1371   0.0517   0.0331   0.1518   0.1584   0.2348    0.248   0.1091   0.4374   0.0226   0.0273   0.1333    0.173   0.1662   0.1843   0.0862   0.0932   0.1265   0.6126    0.288    0.033   0.2117    0.369    0.075   0.2009   0.0014   0.3681   0.1349   0.1518   0.5173   0.1341   0.2153   0.0284   0.2911   0.0277   0.1045   0.1962   0.1582   0.0599   0.0263    0.008   0.1279   0.1078   0.1907   0.0355   0.1068   0.1614   0.1767   0.0382   0.1525   0.2804   0.5468   0.8716
  snr   -14.69
    H     4.71
 exon    False

M: alg1
 freq      0.0   0.0028   0.0056   0.0084   0.0111   0.0139   0.0167   0.0195   0.0223   0.0251   0.0279   0.0306   0.0334   0.0362    0.039   0.0418   0.0446   0.0474   0.0501   0.0529   0.0557   0.0585   0.0613   0.0641   0.0669   0.0696   0.0724   0.0752    0.078   0.0808   0.0836   0.0864   0.0891   0.0919   0.0947   0.0975   0.1003   0.1031   0.1058   0.1086   0.1114   0.1142    0.117   0.1198   0.1226   0.1253   0.1281   0.1309   0.1337   0.1365   0.1393   0.1421   0.1448   0.1476   0.1504   0.1532    0.156   0.1588   0.1616   0.1643   0.1671   0.1699   0.1727   0.1755   0.1783   0.1811   0.1838   0.1866   0.1894   0.1922    0.195   0.1978   0.2006   0.2033   0.2061   0.2089   0.2117   0.2145   0.2173   0.2201   0.2228   0.2256   0.2284   0.2312    0.234   0.2368   0.2396   0.2423   0.2451   0.2479   0.2507   0.2535   0.2563   0.2591   0.2618   0.2646   0.2674   0.2702    0.273   0.2758   0.2786   0.2813   0.2841   0.2869   0.2897   0.2925   0.2953   0.2981   0.3008   0.3036   0.3064   0.3092    0.312   0.3148   0.3175   0.3203   0.3231   0.3259   0.3287   0.3315   0.3343    0.337   0.3398   0.3426   0.3454   0.3482    0.351   0.3538   0.3565   0.3593   0.3621   0.3649   0.3677   0.3705   0.3733    0.376   0.3788   0.3816   0.3844   0.3872     0.39   0.3928   0.3955   0.3983   0.4011   0.4039   0.4067   0.4095   0.4123    0.415   0.4178   0.4206   0.4234   0.4262    0.429   0.4318   0.4345   0.4373   0.4401   0.4429   0.4457   0.4485   0.4513    0.454   0.4568   0.4596   0.4624   0.4652    0.468   0.4708   0.4735   0.4763   0.4791   0.4819   0.4847   0.4875   0.4903    0.493   0.4958   0.4986
    S      0.0   0.6778    0.257    0.927   0.7047   0.3469   0.0915      1.0    0.367   0.4447   0.5845    0.058   0.2516   0.4207   0.0375   0.0912   0.4994   0.1127   0.2488   0.0673   0.0355   0.0227   0.2304   0.0624   0.0841   0.3301   0.0674   0.1382   0.1136    0.153   0.4572   0.0806   0.1015   0.1355    0.065   0.2879   0.1862   0.3444   0.0616   0.1037   0.2002    0.335   0.0813   0.0438   0.1422   0.0574   0.2833   0.4096   0.0887   0.0195   0.0758     0.23   0.1211   0.0933   0.2884   0.1463   0.3076   0.3572   0.1826   0.0445   0.5272   0.1867   0.2293    0.127    0.312   0.0551   0.2513   0.3413   0.3745   0.0407    0.246   0.0846   0.1717   0.3312   0.2325   0.2439    0.192   0.1557   0.0566   0.0347   0.0926   0.0365   0.2918   0.0202   0.2358   0.1577   0.1854    0.129   0.0187   0.2413   0.1206   0.1379    0.088   0.1424   0.0962   0.1647   0.1643   0.3911   0.0258   0.0565   0.4358   0.1885   0.0546    0.254   0.0728   0.1732   0.1414   0.2124   0.2601   0.1345   0.8744   0.2525   0.0491    0.104   0.3443   0.5749   0.3268   0.1353   0.0671   0.4387   0.2446   0.0599   0.2441     0.34   0.0615   0.6618   0.1891   0.0384    0.071   0.3714   0.1316   0.0867    0.387   0.0246   0.1736   0.1174   0.3913   0.3747   0.1208   0.2716   0.3173   0.5655   0.0956   0.3156   0.2146   0.3652   0.1751   0.1517   0.4628   0.1892   0.0962   0.1907   0.4143   0.0743    0.477   0.1512   0.4891   0.2079   0.3478   0.2509   0.3274   0.1564   0.3454   0.0222   0.5337    0.259    0.513   0.6463   0.2295    0.048   0.2925   0.0355   0.1191   0.1781   0.2513   0.1249   0.5633   0.0311   0.5003   0.7594
  snr    -16.1
    H      4.9
 exon    False

M: alg2
 freq      0.0   0.0028   0.0056   0.0084   0.0111   0.0139   0.0167   0.0195   0.0223   0.0251   0.0279   0.0306   0.0334   0.0362    0.039   0.0418   0.0446   0.0474   0.0501   0.0529   0.0557   0.0585   0.0613   0.0641   0.0669   0.0696   0.0724   0.0752    0.078   0.0808   0.0836   0.0864   0.0891   0.0919   0.0947   0.0975   0.1003   0.1031   0.1058   0.1086   0.1114   0.1142    0.117   0.1198   0.1226   0.1253   0.1281   0.1309   0.1337   0.1365   0.1393   0.1421   0.1448   0.1476   0.1504   0.1532    0.156   0.1588   0.1616   0.1643   0.1671   0.1699   0.1727   0.1755   0.1783   0.1811   0.1838   0.1866   0.1894   0.1922    0.195   0.1978   0.2006   0.2033   0.2061   0.2089   0.2117   0.2145   0.2173   0.2201   0.2228   0.2256   0.2284   0.2312    0.234   0.2368   0.2396   0.2423   0.2451   0.2479   0.2507   0.2535   0.2563   0.2591   0.2618   0.2646   0.2674   0.2702    0.273   0.2758   0.2786   0.2813   0.2841   0.2869   0.2897   0.2925   0.2953   0.2981   0.3008   0.3036   0.3064   0.3092    0.312   0.3148   0.3175   0.3203   0.3231   0.3259   0.3287   0.3315   0.3343    0.337   0.3398   0.3426   0.3454   0.3482    0.351   0.3538   0.3565   0.3593   0.3621   0.3649   0.3677   0.3705   0.3733    0.376   0.3788   0.3816   0.3844   0.3872     0.39   0.3928   0.3955   0.3983   0.4011   0.4039   0.4067   0.4095   0.4123    0.415   0.4178   0.4206   0.4234   0.4262    0.429   0.4318   0.4345   0.4373   0.4401   0.4429   0.4457   0.4485   0.4513    0.454   0.4568   0.4596   0.4624   0.4652    0.468   0.4708   0.4735   0.4763   0.4791   0.4819   0.4847   0.4875   0.4903    0.493   0.4958   0.4986
    S      0.0     0.57    0.273   0.4556   0.2952   0.0935   0.1421   0.5877   0.3471   0.1375   0.3534   0.0322   0.0514   0.4787   0.0262   0.0835   0.1552   0.0116   0.1301   0.1939   0.0064   0.0375   0.3172   0.0885   0.0566   0.0411   0.0269   0.1934   0.0315   0.0988   0.1387   0.1016   0.0952    0.146   0.2065   0.0969   0.1326     0.08   0.0829   0.0756   0.0027   0.0259   0.0237    0.032   0.0604   0.0538   0.1315   0.0527    0.086   0.0946   0.0194   0.1349   0.0933   0.0632   0.1263   0.0584    0.041   0.0981   0.1578   0.0445   0.0401   0.2544   0.0982   0.0409   0.0732   0.0047    0.108   0.0256   0.0132   0.0058   0.0358   0.0406   0.1412   0.0608   0.1366   0.1366    0.152   0.0103   0.0167   0.0035   0.0828   0.0596    0.182    0.021   0.0443    0.079   0.1529   0.0569   0.0088   0.0639   0.0049   0.3853    0.055   0.1091   0.0189   0.1676   0.0051   0.0299   0.0177   0.0945   0.1624   0.0256   0.0256   0.0699   0.0111   0.0369   0.0173    0.075   0.0063    0.011   0.0465   0.0211   0.0219   0.0328   0.1261    0.214   0.0442   0.0295   0.0131   0.0395   0.1515   0.0541   0.1741   0.0658   0.0124   0.0526   0.0248   0.0373   0.0653   0.1312   0.1202     0.03   0.0496   0.0361   0.2602    0.088   0.1329   0.2964   0.0497   0.2162   0.1284   0.2299   0.0363   0.0066   0.0972   0.2345   0.0459   0.0014   0.1945   0.0192   0.0198   0.0184   0.2084   0.0133   0.2881   0.1487   0.2891   0.1896   0.1387   0.0198   0.0758   0.0755   0.0278   0.0234   0.1979   0.0455   0.0421   0.1543   0.1269    0.063    0.107   0.0104    0.291   0.3216   0.0928   0.3828   0.2367   0.0435   0.1824      1.0
  snr   -12.75
    H     4.72
 exon    False