>data-XV-cerevisiae-intergenic-202
N: 339
Methods: voss, eiip, qpsk, mem, tbpse, snrse

M: voss
 freq      0.0   0.0029   0.0059   0.0088   0.0118   0.0147   0.0177   0.0206   0.0236   0.0265   0.0295   0.0324   0.0354   0.0383   0.0413   0.0442   0.0472   0.0501   0.0531    0.056    0.059   0.0619   0.0649   0.0678   0.0708   0.0737   0.0767   0.0796   0.0826   0.0855   0.0885   0.0914   0.0944   0.0973   0.1003   0.1032   0.1062   0.1091   0.1121    0.115    0.118   0.1209   0.1239   0.1268   0.1298   0.1327   0.1357   0.1386   0.1416   0.1445   0.1475   0.1504   0.1534   0.1563   0.1593   0.1622   0.1652   0.1681   0.1711    0.174    0.177   0.1799   0.1829   0.1858   0.1888   0.1917   0.1947   0.1976   0.2006   0.2035   0.2065   0.2094   0.2124   0.2153   0.2183   0.2212   0.2242   0.2271   0.2301    0.233    0.236   0.2389   0.2419   0.2448   0.2478   0.2507   0.2537   0.2566   0.2596   0.2625   0.2655   0.2684   0.2714   0.2743   0.2773   0.2802   0.2832   0.2861   0.2891    0.292    0.295   0.2979   0.3009   0.3038   0.3068   0.3097   0.3127   0.3156   0.3186   0.3215   0.3245   0.3274   0.3304   0.3333   0.3363   0.3392   0.3422   0.3451   0.3481    0.351    0.354   0.3569   0.3599   0.3628   0.3658   0.3687   0.3717   0.3746   0.3776   0.3805   0.3835   0.3864   0.3894   0.3923   0.3953   0.3982   0.4012   0.4041   0.4071     0.41    0.413   0.4159   0.4189   0.4218   0.4248   0.4277   0.4307   0.4336   0.4366   0.4395   0.4425   0.4454   0.4484   0.4513   0.4543   0.4572   0.4602   0.4631   0.4661    0.469    0.472   0.4749   0.4779   0.4808   0.4838   0.4867   0.4897   0.4926   0.4956   0.4985
    S      0.0    0.369   0.5927     0.44   0.5195   0.1576   0.2117   0.1141   0.6893   0.1164   0.3608   0.2972   0.1286   0.1557   0.3267   0.1333   0.0921   0.5537   0.3674   0.2273   0.1205   0.4505    0.158   0.2265   0.4161   0.3083   0.3386   0.4664   0.3192   0.0857   0.1415   0.1899    0.056   0.2871   0.3436   0.2624   0.2515    0.374   0.0875      0.2    0.191   0.1435   0.3375      1.0   0.1666   0.3196   0.2181   0.2553   0.1436   0.2345   0.4366   0.1779    0.474   0.2115   0.4167    0.614   0.3994   0.2039   0.1092   0.2054   0.0993   0.2038   0.1315   0.3898   0.2232   0.5487   0.0853   0.7212   0.2933   0.1498   0.0406   0.1002    0.321   0.1185   0.1216   0.3268   0.1539   0.1872   0.0758   0.4991   0.1885   0.1302   0.4125   0.3796   0.3398   0.8858   0.3438   0.3126   0.5417   0.4801   0.3715   0.2846   0.0977   0.5842   0.5871   0.2906   0.5639   0.3382   0.3461   0.7548   0.1934   0.1036   0.2937   0.2263   0.4217   0.4568   0.2455   0.2415   0.1163   0.3388   0.1778   0.2947   0.1767   0.1507   0.4705   0.1352   0.3263   0.2232    0.519   0.1951    0.166   0.2834   0.1172   0.0989   0.2463   0.4886   0.3247    0.087   0.1863   0.4691   0.5467   0.2761   0.1545    0.231   0.1344   0.3469   0.2089   0.3249   0.1297    0.091   0.2557   0.2165   0.0394   0.2509   0.4256   0.0792   0.2788   0.3213   0.1216    0.337   0.2298   0.2317   0.1644   0.1111   0.5502   0.2691    0.121   0.6369    0.215   0.2018   0.2048   0.1022   0.1089   0.3434   0.2715   0.2746   0.1096   0.1556   0.1682   0.1618
  snr   -16.66
    H     4.96
 exon    False

M: eiip
 freq      0.0   0.0029   0.0059   0.0088   0.0118   0.0147   0.0177   0.0206   0.0236   0.0265   0.0295   0.0324   0.0354   0.0383   0.0413   0.0442   0.0472   0.0501   0.0531    0.056    0.059   0.0619   0.0649   0.0678   0.0708   0.0737   0.0767   0.0796   0.0826   0.0855   0.0885   0.0914   0.0944   0.0973   0.1003   0.1032   0.1062   0.1091   0.1121    0.115    0.118   0.1209   0.1239   0.1268   0.1298   0.1327   0.1357   0.1386   0.1416   0.1445   0.1475   0.1504   0.1534   0.1563   0.1593   0.1622   0.1652   0.1681   0.1711    0.174    0.177   0.1799   0.1829   0.1858   0.1888   0.1917   0.1947   0.1976   0.2006   0.2035   0.2065   0.2094   0.2124   0.2153   0.2183   0.2212   0.2242   0.2271   0.2301    0.233    0.236   0.2389   0.2419   0.2448   0.2478   0.2507   0.2537   0.2566   0.2596   0.2625   0.2655   0.2684   0.2714   0.2743   0.2773   0.2802   0.2832   0.2861   0.2891    0.292    0.295   0.2979   0.3009   0.3038   0.3068   0.3097   0.3127   0.3156   0.3186   0.3215   0.3245   0.3274   0.3304   0.3333   0.3363   0.3392   0.3422   0.3451   0.3481    0.351    0.354   0.3569   0.3599   0.3628   0.3658   0.3687   0.3717   0.3746   0.3776   0.3805   0.3835   0.3864   0.3894   0.3923   0.3953   0.3982   0.4012   0.4041   0.4071     0.41    0.413   0.4159   0.4189   0.4218   0.4248   0.4277   0.4307   0.4336   0.4366   0.4395   0.4425   0.4454   0.4484   0.4513   0.4543   0.4572   0.4602   0.4631   0.4661    0.469    0.472   0.4749   0.4779   0.4808   0.4838   0.4867   0.4897   0.4926   0.4956   0.4985
    S      0.0   0.1208   0.0778   0.0159   0.4655   0.1061   0.0025   0.0253      1.0   0.0441   0.2052   0.4849   0.0692   0.0448   0.1334   0.0692   0.1742   0.0665   0.5531   0.0504   0.1782   0.1623     0.09   0.0856   0.0865   0.4431   0.0201   0.5903   0.2688   0.1204   0.0519   0.4262   0.1503   0.0349   0.1434   0.1406   0.3386   0.3449   0.0001   0.0566   0.0134   0.1311   0.0184   0.3599   0.0423   0.0668    0.107   0.1107   0.2013   0.2453    0.199   0.1633   0.0217   0.3997   0.4418    0.083   0.2587   0.0029   0.0121   0.0538   0.0485   0.0071   0.2223   0.3059   0.4041   0.2343   0.0984   0.8869   0.3421   0.1154   0.0681    0.096    0.031   0.0304   0.1135   0.3455   0.0355   0.0396    0.076   0.2926   0.0832   0.2374   0.7293    0.557   0.0777    0.263   0.7378   0.1992   0.7114   0.0423   0.6527    0.057   0.1601   0.6614   0.5295   0.2329   0.7135   0.3959   0.1329   0.9318    0.515   0.2123   0.2918   0.0331   0.2949   0.1785   0.0866   0.0334   0.1509   0.1717   0.2143   0.4475   0.1626   0.0195   0.5815   0.1328   0.7948   0.1858    0.478   0.0371   0.2017   0.6338   0.1527   0.2487   0.4199   0.3035     0.09   0.0454   0.0374   0.6516    0.625   0.4513   0.1414   0.5307   0.3592   0.0046   0.2332   0.4818   0.0712   0.0752   0.0515   0.0051   0.0994   0.3167   0.4269    0.009   0.5519   0.2401    0.122   0.1453   0.5863   0.0275   0.0808   0.1203   0.2179   0.4976   0.0746   0.1858   0.3132   0.1295   0.3169   0.0477   0.0012   0.4772   0.1366   0.3144   0.0392   0.4417   0.2103   0.0882
  snr   -15.84
    H     4.72
 exon    False

M: qpsk
 freq      0.0   0.0029   0.0059   0.0088   0.0118   0.0147   0.0177   0.0206   0.0236   0.0265   0.0295   0.0324   0.0354   0.0383   0.0413   0.0442   0.0472   0.0501   0.0531    0.056    0.059   0.0619   0.0649   0.0678   0.0708   0.0737   0.0767   0.0796   0.0826   0.0855   0.0885   0.0914   0.0944   0.0973   0.1003   0.1032   0.1062   0.1091   0.1121    0.115    0.118   0.1209   0.1239   0.1268   0.1298   0.1327   0.1357   0.1386   0.1416   0.1445   0.1475   0.1504   0.1534   0.1563   0.1593   0.1622   0.1652   0.1681   0.1711    0.174    0.177   0.1799   0.1829   0.1858   0.1888   0.1917   0.1947   0.1976   0.2006   0.2035   0.2065   0.2094   0.2124   0.2153   0.2183   0.2212   0.2242   0.2271   0.2301    0.233    0.236   0.2389   0.2419   0.2448   0.2478   0.2507   0.2537   0.2566   0.2596   0.2625   0.2655   0.2684   0.2714   0.2743   0.2773   0.2802   0.2832   0.2861   0.2891    0.292    0.295   0.2979   0.3009   0.3038   0.3068   0.3097   0.3127   0.3156   0.3186   0.3215   0.3245   0.3274   0.3304   0.3333   0.3363   0.3392   0.3422   0.3451   0.3481    0.351    0.354   0.3569   0.3599   0.3628   0.3658   0.3687   0.3717   0.3746   0.3776   0.3805   0.3835   0.3864   0.3894   0.3923   0.3953   0.3982   0.4012   0.4041   0.4071     0.41    0.413   0.4159   0.4189   0.4218   0.4248   0.4277   0.4307   0.4336   0.4366   0.4395   0.4425   0.4454   0.4484   0.4513   0.4543   0.4572   0.4602   0.4631   0.4661    0.469    0.472   0.4749   0.4779   0.4808   0.4838   0.4867   0.4897   0.4926   0.4956   0.4985
    S      0.0   0.1475   0.4572   0.4169   0.6269   0.1214   0.1646   0.0746   0.6255   0.1295   0.3977   0.3409    0.127   0.0934   0.3361   0.0527   0.0995   0.5324   0.4229   0.2282   0.0547   0.0945   0.0784   0.2109   0.1213    0.274   0.2336   0.3097    0.215     0.11   0.1755   0.1477   0.0568   0.3507   0.2698   0.3148   0.2429   0.3057    0.044   0.1532   0.1882   0.1196   0.2697   0.9811   0.0365   0.1594   0.2159   0.2209   0.1727   0.0596    0.201   0.1467   0.1647   0.0982   0.3473   0.4196   0.3317   0.2365   0.0257   0.2478   0.0676   0.1199   0.1537   0.4501   0.1711   0.6159   0.0617   0.2618   0.2759   0.1543   0.0483   0.1066   0.2716   0.1092   0.1491   0.3877   0.1941   0.1968   0.0734    0.144   0.2331   0.0655   0.4433   0.4764   0.3117      1.0   0.3725   0.1566   0.0887   0.2496   0.4773   0.3031   0.1195    0.654   0.3011   0.3713   0.6923   0.4048   0.4017   0.7543   0.1783   0.0943   0.1497   0.1542   0.3663    0.355   0.2247   0.1407   0.1452   0.3271   0.0734   0.3635   0.1801   0.0847   0.1735   0.1588   0.2708   0.1731   0.5925   0.1374   0.1759   0.1553   0.0988   0.1047   0.3019   0.2694   0.1404   0.0622   0.1914   0.3653   0.6878    0.129   0.1228   0.2523   0.1611   0.3691   0.1898   0.1268   0.1279   0.0817   0.3136    0.117   0.0281   0.0922   0.5167   0.0816   0.1328   0.1975   0.1087   0.3874   0.2318   0.2289   0.0931   0.1305    0.114   0.2518   0.1436   0.6822   0.1319   0.2579   0.1904   0.0951   0.1329   0.2765   0.2758   0.1638   0.1367   0.1677   0.0357   0.1537
  snr   -15.91
    H      4.9
 exon    False

M: mem
 freq      0.0    0.003   0.0059   0.0089   0.0118   0.0148   0.0178   0.0207   0.0237   0.0266   0.0296   0.0325   0.0355   0.0385   0.0414   0.0444   0.0473   0.0503   0.0533   0.0562   0.0592   0.0621   0.0651    0.068    0.071    0.074   0.0769   0.0799   0.0828   0.0858   0.0888   0.0917   0.0947   0.0976   0.1006   0.1036   0.1065   0.1095   0.1124   0.1154   0.1183   0.1213   0.1243   0.1272   0.1302   0.1331   0.1361   0.1391    0.142    0.145   0.1479   0.1509   0.1538   0.1568   0.1598   0.1627   0.1657   0.1686   0.1716   0.1746   0.1775   0.1805   0.1834   0.1864   0.1893   0.1923   0.1953   0.1982   0.2012   0.2041   0.2071   0.2101    0.213    0.216   0.2189   0.2219   0.2249   0.2278   0.2308   0.2337   0.2367   0.2396   0.2426   0.2456   0.2485   0.2515   0.2544   0.2574   0.2604   0.2633   0.2663   0.2692   0.2722   0.2751   0.2781   0.2811    0.284    0.287   0.2899   0.2929   0.2959   0.2988   0.3018   0.3047   0.3077   0.3107   0.3136   0.3166   0.3195   0.3225   0.3254   0.3284   0.3314   0.3343   0.3373   0.3402   0.3432   0.3462   0.3491   0.3521    0.355    0.358   0.3609   0.3639   0.3669   0.3698   0.3728   0.3757   0.3787   0.3817   0.3846   0.3876   0.3905   0.3935   0.3964   0.3994   0.4024   0.4053   0.4083   0.4112   0.4142   0.4172   0.4201   0.4231    0.426    0.429    0.432   0.4349   0.4379   0.4408   0.4438   0.4467   0.4497   0.4527   0.4556   0.4586   0.4615   0.4645   0.4675   0.4704   0.4734   0.4763   0.4793   0.4822   0.4852   0.4882   0.4911   0.4941    0.497
    S      0.0    0.052   0.6008   0.3794   0.5513   0.0199   0.1714   0.0687   0.2846   0.1041   0.3426   0.0166   0.1146   0.1126   0.3661   0.0771   0.0091   0.3616   0.1114   0.2351   0.0103   0.2625   0.0884   0.0502   0.2673   0.1169   0.0109   0.2921   0.1521   0.0179   0.0424   0.0336   0.0306   0.2933   0.1216   0.1982   0.0922   0.3617   0.0221   0.0992   0.0274    0.104   0.5187      1.0   0.1152   0.2165   0.1586   0.2151   0.1048   0.0454   0.2243   0.1025   0.0411   0.0058   0.1607   0.5722   0.2631   0.0637   0.0507   0.0678   0.0728   0.2507    0.178   0.2272   0.0345   0.6355   0.0039    0.238   0.1856   0.0003   0.0373   0.1078   0.3145   0.1046   0.0374   0.4438    0.059    0.146   0.0511   0.0414   0.2168   0.0527   0.0247   0.2054   0.5276   0.4594   0.0511   0.1574   0.0424   0.4942   0.0193   0.3366   0.3435   0.0486   0.2162   0.0437   0.2104   0.0429   0.5431   0.3027   0.0086   0.0046   0.0154   0.0677   0.0903   0.4485   0.1797   0.1622   0.1454     0.23   0.0515   0.1262   0.0134   0.0211   0.1808   0.1386   0.0043   0.2408   0.0502   0.0834   0.0159   0.0488   0.0161   0.1502   0.0131    0.383   0.0984   0.0483   0.0129   0.0842   0.1039   0.1109   0.0351    0.046   0.0472   0.2751   0.3157   0.1943   0.1077   0.0371   0.1006   0.1477   0.0159   0.4256   0.0587   0.0239   0.0244    0.133   0.1171   0.1112   0.0097   0.0698   0.1717   0.0181   0.2561   0.0653   0.2454   0.0732   0.0501   0.0456   0.1735   0.0007   0.2749   0.2013   0.0242   0.0608   0.0276   0.0066   0.0032
  snr   -13.88
    H     4.67
 exon    False

M: tbpse
 freq      0.0   0.0029   0.0059   0.0088   0.0118   0.0147   0.0177   0.0206   0.0236   0.0265   0.0295   0.0324   0.0354   0.0383   0.0413   0.0442   0.0472   0.0501   0.0531    0.056    0.059   0.0619   0.0649   0.0678   0.0708   0.0737   0.0767   0.0796   0.0826   0.0855   0.0885   0.0914   0.0944   0.0973   0.1003   0.1032   0.1062   0.1091   0.1121    0.115    0.118   0.1209   0.1239   0.1268   0.1298   0.1327   0.1357   0.1386   0.1416   0.1445   0.1475   0.1504   0.1534   0.1563   0.1593   0.1622   0.1652   0.1681   0.1711    0.174    0.177   0.1799   0.1829   0.1858   0.1888   0.1917   0.1947   0.1976   0.2006   0.2035   0.2065   0.2094   0.2124   0.2153   0.2183   0.2212   0.2242   0.2271   0.2301    0.233    0.236   0.2389   0.2419   0.2448   0.2478   0.2507   0.2537   0.2566   0.2596   0.2625   0.2655   0.2684   0.2714   0.2743   0.2773   0.2802   0.2832   0.2861   0.2891    0.292    0.295   0.2979   0.3009   0.3038   0.3068   0.3097   0.3127   0.3156   0.3186   0.3215   0.3245   0.3274   0.3304   0.3333   0.3363   0.3392   0.3422   0.3451   0.3481    0.351    0.354   0.3569   0.3599   0.3628   0.3658   0.3687   0.3717   0.3746   0.3776   0.3805   0.3835   0.3864   0.3894   0.3923   0.3953   0.3982   0.4012   0.4041   0.4071     0.41    0.413   0.4159   0.4189   0.4218   0.4248   0.4277   0.4307   0.4336   0.4366   0.4395   0.4425   0.4454   0.4484   0.4513   0.4543   0.4572   0.4602   0.4631   0.4661    0.469    0.472   0.4749   0.4779   0.4808   0.4838   0.4867   0.4897   0.4926   0.4956   0.4985
    S      0.0   0.7165   0.2854   0.2249   0.1855   0.1986   0.1922   0.1372   0.0555   0.0791   0.0786   0.2037   0.0936   0.0758   0.1543   0.1222   0.0556    0.548   0.2362   0.0869   0.0741   0.4359   0.0797   0.2231   0.4079   0.0263   0.7738   0.2071   0.1491   0.0511   0.1234   0.1015   0.0087   0.1111   0.5198   0.2208   0.2461    0.283   0.1062    0.226   0.3132   0.0685   0.1568   0.4449   0.1973   0.2858   0.0772   0.0479   0.0539   0.2327   0.6303   0.1502      1.0   0.0719   0.3014    0.199   0.0979   0.2116   0.2261   0.0882   0.0467   0.1192   0.0397   0.1309   0.1117   0.1693   0.1247   0.8325   0.0913   0.2258   0.0196   0.0765   0.1279   0.0265   0.0381   0.0915   0.1697   0.1462   0.0194   0.6512   0.1265    0.151   0.3536   0.2415   0.3437   0.2216   0.2137   0.2137   0.8222    0.299   0.2321   0.0655   0.0236   0.2044   0.1834   0.2193   0.2843   0.2858   0.3576   0.4372   0.0661   0.0099   0.2867   0.3688   0.7297   0.2217   0.0541   0.1158   0.0432    0.253   0.0515   0.1783   0.1187   0.3231   0.3602   0.1271    0.047   0.0531   0.4338    0.364   0.0872   0.2599   0.1526   0.0382   0.1171   0.3698   0.2703   0.1566   0.2781   0.0959   0.2751   0.0949   0.2297   0.0826    0.022   0.1437   0.1603   0.2666   0.2122   0.0321   0.2099   0.2178   0.0036   0.2418   0.1816   0.0588   0.3431   0.4499   0.1784   0.1136   0.0195   0.2832   0.1959   0.1018    0.893   0.0283   0.0596   0.4197   0.0754   0.1501   0.1177   0.1748   0.0956   0.0974   0.1667   0.2909   0.1071   0.0249   0.2705    0.279
  snr    -15.3
    H     4.82
 exon    False

M: snrse
 freq      0.0   0.0029   0.0059   0.0088   0.0118   0.0147   0.0177   0.0206   0.0236   0.0265   0.0295   0.0324   0.0354   0.0383   0.0413   0.0442   0.0472   0.0501   0.0531    0.056    0.059   0.0619   0.0649   0.0678   0.0708   0.0737   0.0767   0.0796   0.0826   0.0855   0.0885   0.0914   0.0944   0.0973   0.1003   0.1032   0.1062   0.1091   0.1121    0.115    0.118   0.1209   0.1239   0.1268   0.1298   0.1327   0.1357   0.1386   0.1416   0.1445   0.1475   0.1504   0.1534   0.1563   0.1593   0.1622   0.1652   0.1681   0.1711    0.174    0.177   0.1799   0.1829   0.1858   0.1888   0.1917   0.1947   0.1976   0.2006   0.2035   0.2065   0.2094   0.2124   0.2153   0.2183   0.2212   0.2242   0.2271   0.2301    0.233    0.236   0.2389   0.2419   0.2448   0.2478   0.2507   0.2537   0.2566   0.2596   0.2625   0.2655   0.2684   0.2714   0.2743   0.2773   0.2802   0.2832   0.2861   0.2891    0.292    0.295   0.2979   0.3009   0.3038   0.3068   0.3097   0.3127   0.3156   0.3186   0.3215   0.3245   0.3274   0.3304   0.3333   0.3363   0.3392   0.3422   0.3451   0.3481    0.351    0.354   0.3569   0.3599   0.3628   0.3658   0.3687   0.3717   0.3746   0.3776   0.3805   0.3835   0.3864   0.3894   0.3923   0.3953   0.3982   0.4012   0.4041   0.4071     0.41    0.413   0.4159   0.4189   0.4218   0.4248   0.4277   0.4307   0.4336   0.4366   0.4395   0.4425   0.4454   0.4484   0.4513   0.4543   0.4572   0.4602   0.4631   0.4661    0.469    0.472   0.4749   0.4779   0.4808   0.4838   0.4867   0.4897   0.4926   0.4956   0.4985
    S      0.0   0.0751     0.54   0.2891   0.4533   0.0143   0.1248   0.0756   0.1813    0.093   0.2854   0.0283   0.1072   0.1089   0.2903   0.0498    0.004   0.2632   0.1218   0.1727   0.0119   0.1975   0.0638   0.0457   0.2126   0.0885   0.0035   0.2197   0.1689   0.0131   0.0327   0.0247    0.018   0.2484   0.1398   0.1357   0.1102   0.2577    0.053   0.1158   0.0462   0.0938   0.3039      1.0   0.0749    0.211   0.1129   0.1599   0.1173   0.0641   0.1829   0.0176   0.0811   0.0133    0.129    0.437   0.1453   0.0752   0.0205   0.0774   0.0556   0.1591   0.0939    0.204   0.0542   0.5704    0.013   0.1826   0.2115   0.0073   0.0252   0.0279   0.2925   0.0824   0.0635   0.2842   0.0536   0.1283   0.0396   0.1096   0.1351   0.0166   0.0659   0.1262   0.1407   0.7793   0.0795   0.1672   0.0158   0.3608   0.0806   0.1732   0.0411   0.2693   0.1851    0.013   0.1023   0.1639      0.2   0.5328   0.0201   0.0018   0.0407   0.0527   0.0371   0.2621   0.1768   0.1737   0.0319   0.2475   0.0449   0.1075   0.0182   0.0185   0.1575   0.0691    0.014   0.1027   0.0283   0.0374   0.1229   0.0396   0.0305   0.0438   0.0687   0.2872   0.2021   0.0016   0.0638   0.0832   0.0542   0.0377   0.0445   0.1035   0.0328   0.2837   0.1387   0.0195   0.0215   0.0547   0.1686   0.1313   0.0016   0.0772   0.3515   0.0402   0.0222   0.0193   0.0347   0.1559   0.0541   0.1012   0.0893   0.0402   0.1623   0.0645   0.0929   0.2018   0.0826    0.021    0.126   0.0069   0.0527   0.1722   0.0872   0.0559   0.0287   0.0293   0.0025   0.0051
  snr    -13.0
    H     4.68
 exon    False