>data-XVI-cerevisiae-intergenic-81
N: 328
Methods: voss, eiip, qpsk, mem, tbpse, snrse

M: voss
 freq      0.0    0.003   0.0061   0.0091   0.0122   0.0152   0.0183   0.0213   0.0244   0.0274   0.0305   0.0335   0.0366   0.0396   0.0427   0.0457   0.0488   0.0518   0.0549   0.0579    0.061    0.064   0.0671   0.0701   0.0732   0.0762   0.0793   0.0823   0.0854   0.0884   0.0915   0.0945   0.0976   0.1006   0.1037   0.1067   0.1098   0.1128   0.1159   0.1189    0.122    0.125    0.128   0.1311   0.1341   0.1372   0.1402   0.1433   0.1463   0.1494   0.1524   0.1555   0.1585   0.1616   0.1646   0.1677   0.1707   0.1738   0.1768   0.1799   0.1829    0.186    0.189   0.1921   0.1951   0.1982   0.2012   0.2043   0.2073   0.2104   0.2134   0.2165   0.2195   0.2226   0.2256   0.2287   0.2317   0.2348   0.2378   0.2409   0.2439    0.247     0.25    0.253   0.2561   0.2591   0.2622   0.2652   0.2683   0.2713   0.2744   0.2774   0.2805   0.2835   0.2866   0.2896   0.2927   0.2957   0.2988   0.3018   0.3049   0.3079    0.311    0.314   0.3171   0.3201   0.3232   0.3262   0.3293   0.3323   0.3354   0.3384   0.3415   0.3445   0.3476   0.3506   0.3537   0.3567   0.3598   0.3628   0.3659   0.3689    0.372    0.375    0.378   0.3811   0.3841   0.3872   0.3902   0.3933   0.3963   0.3994   0.4024   0.4055   0.4085   0.4116   0.4146   0.4177   0.4207   0.4238   0.4268   0.4299   0.4329    0.436    0.439   0.4421   0.4451   0.4482   0.4512   0.4543   0.4573   0.4604   0.4634   0.4665   0.4695   0.4726   0.4756   0.4787   0.4817   0.4848   0.4878   0.4909   0.4939    0.497
    S      0.0      1.0   0.6362   0.0527   0.9156   0.4389   0.6458   0.6316    0.617   0.1736   0.3851   0.1682   0.3694   0.3349   0.1268   0.4102   0.0584   0.1257   0.2061    0.411   0.1076   0.3061   0.3783   0.6037   0.3542   0.3652   0.1503   0.3421   0.2554   0.2059   0.3792   0.4024   0.4308   0.4943   0.4179   0.3111   0.0425   0.3863    0.277   0.2765   0.7995   0.1985   0.2278   0.1956   0.5377   0.2208   0.1682   0.2611   0.1113   0.4698   0.6205   0.2005    0.043   0.0455   0.1988   0.0718   0.0914   0.0852   0.2885   0.0662   0.1902    0.353   0.2281   0.1497   0.2981   0.3425   0.1142   0.1254   0.1815   0.4957    0.417    0.192   0.3052   0.0923   0.2519   0.2037    0.135   0.2142   0.0832    0.195   0.2914   0.1028   0.1435   0.2482   0.3426   0.3345   0.1926    0.239   0.1703   0.2116   0.3365   0.2011   0.2871   0.5516   0.2948   0.1872   0.0621   0.1569   0.4203   0.2997   0.2525   0.3388   0.3128   0.1054   0.1234   0.3237   0.3343   0.2362   0.2174   0.4753   0.5673   0.3111   0.3024   0.2438   0.3451   0.2139    0.781   0.1886   0.4264   0.1021   0.2793   0.2869   0.3398   0.2738   0.2082   0.2157   0.4847   0.5657   0.1118   0.3243   0.0779   0.1273   0.4045   0.0236   0.1741   0.3555   0.1631   0.3338   0.0241   0.1255   0.0901   0.1691   0.1851   0.0919   0.1803   0.1703   0.5832   0.1087   0.4435   0.3115   0.2588      0.2   0.2776    0.085   0.4263   0.1003   0.2857   0.3922     0.23   0.1509   0.1322   0.2396   0.1696   0.1079
  snr   -16.46
    H     4.91
 exon    False

M: eiip
 freq      0.0    0.003   0.0061   0.0091   0.0122   0.0152   0.0183   0.0213   0.0244   0.0274   0.0305   0.0335   0.0366   0.0396   0.0427   0.0457   0.0488   0.0518   0.0549   0.0579    0.061    0.064   0.0671   0.0701   0.0732   0.0762   0.0793   0.0823   0.0854   0.0884   0.0915   0.0945   0.0976   0.1006   0.1037   0.1067   0.1098   0.1128   0.1159   0.1189    0.122    0.125    0.128   0.1311   0.1341   0.1372   0.1402   0.1433   0.1463   0.1494   0.1524   0.1555   0.1585   0.1616   0.1646   0.1677   0.1707   0.1738   0.1768   0.1799   0.1829    0.186    0.189   0.1921   0.1951   0.1982   0.2012   0.2043   0.2073   0.2104   0.2134   0.2165   0.2195   0.2226   0.2256   0.2287   0.2317   0.2348   0.2378   0.2409   0.2439    0.247     0.25    0.253   0.2561   0.2591   0.2622   0.2652   0.2683   0.2713   0.2744   0.2774   0.2805   0.2835   0.2866   0.2896   0.2927   0.2957   0.2988   0.3018   0.3049   0.3079    0.311    0.314   0.3171   0.3201   0.3232   0.3262   0.3293   0.3323   0.3354   0.3384   0.3415   0.3445   0.3476   0.3506   0.3537   0.3567   0.3598   0.3628   0.3659   0.3689    0.372    0.375    0.378   0.3811   0.3841   0.3872   0.3902   0.3933   0.3963   0.3994   0.4024   0.4055   0.4085   0.4116   0.4146   0.4177   0.4207   0.4238   0.4268   0.4299   0.4329    0.436    0.439   0.4421   0.4451   0.4482   0.4512   0.4543   0.4573   0.4604   0.4634   0.4665   0.4695   0.4726   0.4756   0.4787   0.4817   0.4848   0.4878   0.4909   0.4939    0.497
    S      0.0   0.2878   0.2245    0.093    0.154   0.7265   0.1725    0.848   0.7927    0.155   0.1362   0.1064    0.729   0.8681   0.1779   0.6025    0.005   0.0452   0.3362   0.0428   0.0001   0.3002   0.8682   0.0589   0.6482   0.4578   0.0836   0.7014   0.0848   0.0422   0.0151   0.1516   0.1005   0.3646   0.8094      1.0   0.0333   0.1163    0.236     0.04   0.8239   0.0564   0.3892   0.0743   0.6009   0.1032    0.163   0.1607   0.0664   0.1764     0.09   0.2069   0.0851   0.0624   0.0199   0.0761   0.1275   0.2451   0.3491   0.0682   0.6343   0.2688   0.0851   0.2012   0.1674   0.6675   0.1923   0.0001   0.0497   0.8771   0.5301   0.2553   0.2404   0.0564   0.1383   0.5063   0.1229    0.142   0.0909   0.0014   0.0232   0.0615   0.0899   0.2366   0.2686    0.675   0.0509   0.2043   0.0072   0.0588   0.1353   0.3432   0.1527   0.3122   0.0133   0.4757   0.0013   0.4403   0.2712   0.1633   0.2583   0.1139   0.6447   0.1228   0.1182   0.2184   0.0818   0.4156   0.4534   0.9379   0.4741    0.638   0.9145   0.0658   0.4757   0.3945   0.3899   0.5052    0.227   0.2521   0.1093   0.2607   0.7913   0.0934   0.3058   0.5781   0.1033   0.5696   0.3558   0.1063   0.1794   0.2787   0.0076   0.0235     0.24   0.4913   0.3278   0.0625   0.0153   0.2329   0.0391   0.0739   0.0953   0.2116   0.1345   0.2843   0.1696   0.0841   0.0632   0.2842   0.1425   0.3378   0.3506   0.0889   0.3905   0.2725   0.5901    0.285   0.2784   0.1609    0.018   0.7678   0.4385   0.1433
  snr   -16.37
    H     4.71
 exon    False

M: qpsk
 freq      0.0    0.003   0.0061   0.0091   0.0122   0.0152   0.0183   0.0213   0.0244   0.0274   0.0305   0.0335   0.0366   0.0396   0.0427   0.0457   0.0488   0.0518   0.0549   0.0579    0.061    0.064   0.0671   0.0701   0.0732   0.0762   0.0793   0.0823   0.0854   0.0884   0.0915   0.0945   0.0976   0.1006   0.1037   0.1067   0.1098   0.1128   0.1159   0.1189    0.122    0.125    0.128   0.1311   0.1341   0.1372   0.1402   0.1433   0.1463   0.1494   0.1524   0.1555   0.1585   0.1616   0.1646   0.1677   0.1707   0.1738   0.1768   0.1799   0.1829    0.186    0.189   0.1921   0.1951   0.1982   0.2012   0.2043   0.2073   0.2104   0.2134   0.2165   0.2195   0.2226   0.2256   0.2287   0.2317   0.2348   0.2378   0.2409   0.2439    0.247     0.25    0.253   0.2561   0.2591   0.2622   0.2652   0.2683   0.2713   0.2744   0.2774   0.2805   0.2835   0.2866   0.2896   0.2927   0.2957   0.2988   0.3018   0.3049   0.3079    0.311    0.314   0.3171   0.3201   0.3232   0.3262   0.3293   0.3323   0.3354   0.3384   0.3415   0.3445   0.3476   0.3506   0.3537   0.3567   0.3598   0.3628   0.3659   0.3689    0.372    0.375    0.378   0.3811   0.3841   0.3872   0.3902   0.3933   0.3963   0.3994   0.4024   0.4055   0.4085   0.4116   0.4146   0.4177   0.4207   0.4238   0.4268   0.4299   0.4329    0.436    0.439   0.4421   0.4451   0.4482   0.4512   0.4543   0.4573   0.4604   0.4634   0.4665   0.4695   0.4726   0.4756   0.4787   0.4817   0.4848   0.4878   0.4909   0.4939    0.497
    S      0.0   0.7257    0.389     0.03   0.6887   0.5475   0.7897   0.8306   0.5203   0.2295   0.4146   0.1964   0.3071   0.1472   0.0862   0.5655   0.0475   0.1361   0.2397   0.4961   0.1273   0.3904   0.5066   0.4103   0.4406   0.1669   0.1573   0.1891   0.3047   0.2234   0.5008   0.4899   0.2962   0.6464   0.2274    0.276   0.0379   0.2278    0.155   0.3545      1.0   0.1207   0.2623   0.1072   0.6306   0.1155   0.1663   0.2632   0.0928   0.6056   0.4788    0.216   0.0476     0.05   0.1351   0.0777   0.0507   0.1125   0.0386   0.0255   0.1955   0.3501   0.1977   0.1201   0.3989   0.3355    0.135   0.1448   0.0519   0.5268   0.3309   0.2636   0.2928   0.0945    0.199   0.1018   0.1103   0.1909   0.0551   0.0707   0.1046   0.1296   0.1819   0.2771    0.059   0.1467   0.2271    0.324   0.2052   0.2657   0.2263   0.1438   0.2783   0.7036   0.2118   0.1582   0.0595   0.1293   0.4124   0.2439   0.1658   0.0873   0.1244   0.0715   0.1494   0.2192   0.2414   0.0651   0.2236   0.6527    0.515    0.095   0.3894   0.3211   0.4206   0.2715   0.9775   0.1421   0.2276   0.0924   0.3184   0.3724   0.3945   0.1027   0.2454   0.1798   0.2922   0.4832   0.1329   0.3663   0.0286    0.112   0.5022   0.0122   0.1331   0.2164   0.2172   0.3583   0.0173   0.0823   0.0981   0.1848   0.2469   0.1055   0.1515   0.1097   0.2233   0.0689   0.2871   0.3585   0.2714   0.0246    0.311   0.1032   0.2149   0.1367   0.2077    0.255   0.1101   0.1665   0.0864   0.3225   0.1502   0.0541
  snr   -16.02
    H     4.84
 exon    False

M: mem
 freq      0.0    0.003   0.0061   0.0091   0.0122   0.0152   0.0183   0.0213   0.0244   0.0274   0.0305   0.0335   0.0366   0.0396   0.0427   0.0457   0.0488   0.0518   0.0549   0.0579    0.061    0.064   0.0671   0.0701   0.0732   0.0762   0.0793   0.0823   0.0854   0.0884   0.0915   0.0945   0.0976   0.1006   0.1037   0.1067   0.1098   0.1128   0.1159   0.1189    0.122    0.125    0.128   0.1311   0.1341   0.1372   0.1402   0.1433   0.1463   0.1494   0.1524   0.1555   0.1585   0.1616   0.1646   0.1677   0.1707   0.1738   0.1768   0.1799   0.1829    0.186    0.189   0.1921   0.1951   0.1982   0.2012   0.2043   0.2073   0.2104   0.2134   0.2165   0.2195   0.2226   0.2256   0.2287   0.2317   0.2348   0.2378   0.2409   0.2439    0.247     0.25    0.253   0.2561   0.2591   0.2622   0.2652   0.2683   0.2713   0.2744   0.2774   0.2805   0.2835   0.2866   0.2896   0.2927   0.2957   0.2988   0.3018   0.3049   0.3079    0.311    0.314   0.3171   0.3201   0.3232   0.3262   0.3293   0.3323   0.3354   0.3384   0.3415   0.3445   0.3476   0.3506   0.3537   0.3567   0.3598   0.3628   0.3659   0.3689    0.372    0.375    0.378   0.3811   0.3841   0.3872   0.3902   0.3933   0.3963   0.3994   0.4024   0.4055   0.4085   0.4116   0.4146   0.4177   0.4207   0.4238   0.4268   0.4299   0.4329    0.436    0.439   0.4421   0.4451   0.4482   0.4512   0.4543   0.4573   0.4604   0.4634   0.4665   0.4695   0.4726   0.4756   0.4787   0.4817   0.4848   0.4878   0.4909   0.4939    0.497
    S      0.0   0.0127   0.0042   0.0381     0.25   0.2233   0.5392   0.7886   0.8962   0.2246   0.0834   0.0577   0.3868   0.5543   0.2023   0.0571   0.0059   0.0109   0.3828   0.0791   0.0351   0.3856   0.4228    0.006   0.2006   0.3047   0.0427   0.4773   0.1516   0.0285   0.1507   0.1653   0.0666   0.2626   0.6921   0.6735   0.0104    0.118   0.2543   0.0915   0.7628   0.0027   0.3504   0.0219   0.2154   0.1457   0.1361   0.2228   0.0236   0.4548   0.2991    0.121   0.0728   0.0184   0.0008   0.0846   0.0318   0.1313   0.1691   0.0732   0.4064   0.1262    0.026   0.1762   0.0862   0.3454   0.1371   0.0408   0.0819      1.0   0.4562   0.2371    0.103   0.0527   0.0014   0.2212   0.0156   0.0298   0.0942   0.0001   0.0018   0.0088   0.0264   0.2019   0.1494   0.2936    0.098   0.1877    0.092   0.1657   0.0126   0.0871   0.0034    0.052   0.0433   0.1563   0.0205   0.1452   0.4924   0.0067   0.1095   0.0933   0.5391   0.0988   0.0379   0.1641   0.1218   0.1887   0.4623   0.4786   0.6309   0.2627   0.3476   0.1715   0.0678   0.2743   0.2564   0.3807   0.2851   0.1661   0.1582   0.0226   0.4806   0.0776   0.2192   0.1702   0.0988   0.3959   0.1476   0.2197   0.0641   0.0808   0.1721   0.0207   0.1784   0.3693   0.1018   0.0422    0.025   0.0677   0.0543    0.035   0.2161   0.0844   0.0419   0.2475   0.3347   0.0726   0.0132   0.2295    0.075   0.2469    0.209   0.0952   0.3771   0.1016   0.3144   0.1245   0.1013   0.0566   0.0632    0.402   0.1695   0.1057
  snr   -14.71
    H     4.66
 exon    False

M: tbpse
 freq      0.0    0.003   0.0061   0.0091   0.0122   0.0152   0.0183   0.0213   0.0244   0.0274   0.0305   0.0335   0.0366   0.0396   0.0427   0.0457   0.0488   0.0518   0.0549   0.0579    0.061    0.064   0.0671   0.0701   0.0732   0.0762   0.0793   0.0823   0.0854   0.0884   0.0915   0.0945   0.0976   0.1006   0.1037   0.1067   0.1098   0.1128   0.1159   0.1189    0.122    0.125    0.128   0.1311   0.1341   0.1372   0.1402   0.1433   0.1463   0.1494   0.1524   0.1555   0.1585   0.1616   0.1646   0.1677   0.1707   0.1738   0.1768   0.1799   0.1829    0.186    0.189   0.1921   0.1951   0.1982   0.2012   0.2043   0.2073   0.2104   0.2134   0.2165   0.2195   0.2226   0.2256   0.2287   0.2317   0.2348   0.2378   0.2409   0.2439    0.247     0.25    0.253   0.2561   0.2591   0.2622   0.2652   0.2683   0.2713   0.2744   0.2774   0.2805   0.2835   0.2866   0.2896   0.2927   0.2957   0.2988   0.3018   0.3049   0.3079    0.311    0.314   0.3171   0.3201   0.3232   0.3262   0.3293   0.3323   0.3354   0.3384   0.3415   0.3445   0.3476   0.3506   0.3537   0.3567   0.3598   0.3628   0.3659   0.3689    0.372    0.375    0.378   0.3811   0.3841   0.3872   0.3902   0.3933   0.3963   0.3994   0.4024   0.4055   0.4085   0.4116   0.4146   0.4177   0.4207   0.4238   0.4268   0.4299   0.4329    0.436    0.439   0.4421   0.4451   0.4482   0.4512   0.4543   0.4573   0.4604   0.4634   0.4665   0.4695   0.4726   0.4756   0.4787   0.4817   0.4848   0.4878   0.4909   0.4939    0.497
    S      0.0   0.9029   0.3124   0.0269   0.5517   0.7409   0.5555   0.8432   0.4723   0.1671   0.4592    0.144    0.372   0.1854   0.0715   0.6584   0.0432   0.1531   0.1969   0.3398    0.077   0.2999   0.6247   0.5331   0.6173   0.1534   0.1005   0.1792   0.2032   0.2208   0.3332   0.4171   0.3022   0.5548   0.2435   0.3394   0.0496   0.1284   0.1393   0.2229      1.0   0.0972   0.2651   0.0624   0.8489   0.0865   0.1249   0.2525   0.1302   0.4271   0.4348   0.2804   0.0496   0.0698   0.1843   0.0679   0.0434   0.1498   0.0239   0.0241   0.2445   0.4648   0.2615   0.0886   0.3749    0.427   0.1466   0.0803   0.0619   0.4462   0.2704   0.2421   0.4033   0.0579   0.1094   0.1356   0.0869   0.2471   0.0531   0.0742   0.0788   0.1416   0.1645   0.3137   0.0467   0.1491   0.1342   0.2734    0.133   0.1764   0.1792   0.1211      0.2    0.752   0.2463   0.2058   0.0408   0.1709   0.2887   0.2558   0.2356   0.1262   0.1299   0.0756   0.1594   0.2599   0.2188   0.0633   0.2005   0.7745   0.4475   0.0983   0.5445   0.2152   0.5318   0.2882   0.9242   0.1688   0.2537    0.109   0.2128   0.4416   0.4687   0.1359   0.2657   0.2266   0.3801   0.6223   0.1763   0.2813   0.0343   0.1408   0.3153    0.011    0.152   0.1587   0.3066   0.2899   0.0149   0.1021   0.0604   0.2092   0.1619   0.1272   0.2015   0.0897     0.23   0.0719   0.4007   0.4034   0.1794   0.0319   0.3542   0.1027   0.2522   0.1925    0.196   0.3638    0.072   0.2346   0.0692   0.4469   0.1816   0.0676
  snr   -16.04
    H     4.82
 exon    False

M: snrse
 freq      0.0    0.003   0.0061   0.0091   0.0122   0.0152   0.0183   0.0213   0.0244   0.0274   0.0305   0.0335   0.0366   0.0396   0.0427   0.0457   0.0488   0.0518   0.0549   0.0579    0.061    0.064   0.0671   0.0701   0.0732   0.0762   0.0793   0.0823   0.0854   0.0884   0.0915   0.0945   0.0976   0.1006   0.1037   0.1067   0.1098   0.1128   0.1159   0.1189    0.122    0.125    0.128   0.1311   0.1341   0.1372   0.1402   0.1433   0.1463   0.1494   0.1524   0.1555   0.1585   0.1616   0.1646   0.1677   0.1707   0.1738   0.1768   0.1799   0.1829    0.186    0.189   0.1921   0.1951   0.1982   0.2012   0.2043   0.2073   0.2104   0.2134   0.2165   0.2195   0.2226   0.2256   0.2287   0.2317   0.2348   0.2378   0.2409   0.2439    0.247     0.25    0.253   0.2561   0.2591   0.2622   0.2652   0.2683   0.2713   0.2744   0.2774   0.2805   0.2835   0.2866   0.2896   0.2927   0.2957   0.2988   0.3018   0.3049   0.3079    0.311    0.314   0.3171   0.3201   0.3232   0.3262   0.3293   0.3323   0.3354   0.3384   0.3415   0.3445   0.3476   0.3506   0.3537   0.3567   0.3598   0.3628   0.3659   0.3689    0.372    0.375    0.378   0.3811   0.3841   0.3872   0.3902   0.3933   0.3963   0.3994   0.4024   0.4055   0.4085   0.4116   0.4146   0.4177   0.4207   0.4238   0.4268   0.4299   0.4329    0.436    0.439   0.4421   0.4451   0.4482   0.4512   0.4543   0.4573   0.4604   0.4634   0.4665   0.4695   0.4726   0.4756   0.4787   0.4817   0.4848   0.4878   0.4909   0.4939    0.497
    S      0.0   0.5707   0.3506   0.0065   0.2045    0.207   0.1845   0.5904    0.151   0.1183   0.1321   0.0423   0.0516   0.0242   0.0382   0.0729   0.0462   0.0521   0.1252   0.1428   0.0727   0.3158   0.2134   0.2384   0.1966   0.0192   0.0569   0.1025   0.2608   0.0898   0.1941   0.3274   0.4279   0.1253   0.1197   0.1453   0.0346   0.2012   0.0083   0.1171      1.0   0.1358   0.1213   0.0898   0.3953   0.0313   0.1425   0.1408   0.0653   0.3472   0.2586   0.1871   0.0221   0.0231   0.0851   0.0199    0.016   0.0635   0.0659   0.0128   0.1048   0.3603   0.1655   0.0737   0.0945   0.0934    0.125   0.1132   0.0244   0.2923   0.2992    0.154   0.2285   0.0602   0.1309   0.0503   0.0665   0.1507    0.048   0.1481   0.2214   0.0285   0.0173   0.2977   0.1345   0.0891   0.1579   0.1937   0.0666   0.0734   0.2279   0.0438   0.1065   0.1241   0.0472   0.0569   0.0505   0.0319   0.2409   0.1332   0.1034   0.1145   0.0206   0.0806   0.0833    0.283    0.335   0.0549   0.1239    0.316   0.4295   0.0309   0.1674   0.0953   0.1188   0.1095   0.1321   0.0772   0.0747   0.0282   0.0849   0.0724    0.148   0.0597   0.2372   0.0348   0.1378    0.459   0.0419   0.4039   0.0076   0.0192   0.1887   0.0009   0.1416   0.0915   0.1086   0.0753   0.0041   0.0367   0.0406   0.0449    0.167   0.0563   0.0564   0.0556   0.0406    0.006   0.2831   0.2423   0.1859   0.0019   0.0811   0.0881   0.1317   0.0657   0.1079   0.2095    0.091   0.1317   0.0434   0.2016   0.0661   0.0148
  snr   -13.28
    H     4.74
 exon    False