>data-XIV-cerevisiae-intergenic-215
N: 525
Methods: voss, eiip, qpsk, mem, alg1, alg2

M: voss
 freq      0.0   0.0019   0.0038   0.0057   0.0076   0.0095   0.0114   0.0133   0.0152   0.0171    0.019    0.021   0.0229   0.0248   0.0267   0.0286   0.0305   0.0324   0.0343   0.0362   0.0381     0.04   0.0419   0.0438   0.0457   0.0476   0.0495   0.0514   0.0533   0.0552   0.0571    0.059    0.061   0.0629   0.0648   0.0667   0.0686   0.0705   0.0724   0.0743   0.0762   0.0781     0.08   0.0819   0.0838   0.0857   0.0876   0.0895   0.0914   0.0933   0.0952   0.0971    0.099    0.101   0.1029   0.1048   0.1067   0.1086   0.1105   0.1124   0.1143   0.1162   0.1181     0.12   0.1219   0.1238   0.1257   0.1276   0.1295   0.1314   0.1333   0.1352   0.1371    0.139    0.141   0.1429   0.1448   0.1467   0.1486   0.1505   0.1524   0.1543   0.1562   0.1581     0.16   0.1619   0.1638   0.1657   0.1676   0.1695   0.1714   0.1733   0.1752   0.1771    0.179    0.181   0.1829   0.1848   0.1867   0.1886   0.1905   0.1924   0.1943   0.1962   0.1981      0.2   0.2019   0.2038   0.2057   0.2076   0.2095   0.2114   0.2133   0.2152   0.2171    0.219    0.221   0.2229   0.2248   0.2267   0.2286   0.2305   0.2324   0.2343   0.2362   0.2381     0.24   0.2419   0.2438   0.2457   0.2476   0.2495   0.2514   0.2533   0.2552   0.2571    0.259    0.261   0.2629   0.2648   0.2667   0.2686   0.2705   0.2724   0.2743   0.2762   0.2781     0.28   0.2819   0.2838   0.2857   0.2876   0.2895   0.2914   0.2933   0.2952   0.2971    0.299    0.301   0.3029   0.3048   0.3067   0.3086   0.3105   0.3124   0.3143   0.3162   0.3181     0.32   0.3219   0.3238   0.3257   0.3276   0.3295   0.3314   0.3333   0.3352   0.3371    0.339    0.341   0.3429   0.3448   0.3467   0.3486   0.3505   0.3524   0.3543   0.3562   0.3581     0.36   0.3619   0.3638   0.3657   0.3676   0.3695   0.3714   0.3733   0.3752   0.3771    0.379    0.381   0.3829   0.3848   0.3867   0.3886   0.3905   0.3924   0.3943   0.3962   0.3981      0.4   0.4019   0.4038   0.4057   0.4076   0.4095   0.4114   0.4133   0.4152   0.4171    0.419    0.421   0.4229   0.4248   0.4267   0.4286   0.4305   0.4324   0.4343   0.4362   0.4381     0.44   0.4419   0.4438   0.4457   0.4476   0.4495   0.4514   0.4533   0.4552   0.4571    0.459    0.461   0.4629   0.4648   0.4667   0.4686   0.4705   0.4724   0.4743   0.4762   0.4781     0.48   0.4819   0.4838   0.4857   0.4876   0.4895   0.4914   0.4933   0.4952   0.4971    0.499
    S      0.0   0.4248   0.1004   0.2779   0.3071      1.0   0.0899   0.1515   0.4739   0.1962   0.2977    0.009   0.2234    0.292   0.1992   0.1184   0.1416   0.3506    0.202   0.1972   0.4871   0.1057   0.1434   0.1876   0.2423   0.4276   0.1069   0.0252    0.271   0.2009   0.0425   0.1019   0.1072   0.4054   0.1424   0.1039   0.1009   0.1748   0.2641   0.3098   0.1497   0.1812   0.0784   0.0353   0.1032   0.2451   0.1762   0.1041   0.0624   0.1661   0.3024   0.2923   0.1404   0.1391   0.2937   0.7776   0.4837   0.1448   0.0592    0.295   0.1424   0.3316   0.2407   0.0505   0.1326   0.0511   0.2871   0.0571   0.1692   0.4849   0.1047    0.312   0.2216   0.3754   0.8169   0.3893    0.204   0.4839   0.1431   0.1763   0.5517   0.1352   0.1476   0.2669    0.647    0.146   0.1525   0.1879   0.3208   0.3947   0.2278   0.1757   0.2393   0.1442   0.2352   0.1403   0.1678    0.168   0.4722   0.3036   0.2016   0.1282   0.1213   0.4032   0.5153   0.2626    0.087   0.1703   0.1221   0.0682   0.1242    0.085   0.2507   0.0758   0.3125   0.2144   0.1315   0.1403   0.2218    0.105   0.5965   0.1232   0.1366   0.1634   0.2896   0.1647   0.1785   0.1062   0.0383    0.211   0.1924   0.2915   0.1696   0.2576   0.0933   0.0317   0.1484   0.1764   0.2492   0.2269   0.2052      0.2   0.1762   0.3448   0.1833   0.0904   0.2358   0.2225    0.064   0.0937    0.378   0.2182   0.3108   0.0949   0.2151   0.2806   0.1105    0.142   0.3183   0.0493   0.2293   0.2285   0.1433   0.3115   0.3339   0.2072   0.2523   0.1992   0.1752   0.0437    0.202   0.3359   0.2892   0.4675   0.2517   0.2006   0.2339   0.2086   0.1937   0.3002    0.295   0.0643   0.4332   0.2941   0.1806   0.2104    0.397   0.1944    0.261   0.2127   0.0624   0.5989   0.0784   0.2817   0.1764   0.2212   0.2709   0.1138   0.1706   0.1834   0.2128   0.3366   0.2418   0.1992   0.0882   0.1183    0.196   0.1578    0.182   0.0778   0.4734   0.2264   0.4826     0.11   0.3655   0.2836   0.4539   0.2309   0.4851   0.0854   0.6035    0.111   0.2651   0.1192    0.121   0.1415   0.3766   0.2383   0.3368   0.2451   0.3851   0.3557   0.1259   0.1234   0.1944   0.1683   0.1593   0.1654   0.3539   0.3508   0.0819    0.187   0.1795   0.4385   0.3012   0.0504   0.1077    0.127   0.1248   0.2964   0.4615   0.1028   0.1825   0.3347   0.2017     0.32   0.2204   0.4184   0.4171   0.4904   0.3163   0.1941     0.04
  snr   -17.72
    H      5.4
 exon    False

M: eiip
 freq      0.0   0.0019   0.0038   0.0057   0.0076   0.0095   0.0114   0.0133   0.0152   0.0171    0.019    0.021   0.0229   0.0248   0.0267   0.0286   0.0305   0.0324   0.0343   0.0362   0.0381     0.04   0.0419   0.0438   0.0457   0.0476   0.0495   0.0514   0.0533   0.0552   0.0571    0.059    0.061   0.0629   0.0648   0.0667   0.0686   0.0705   0.0724   0.0743   0.0762   0.0781     0.08   0.0819   0.0838   0.0857   0.0876   0.0895   0.0914   0.0933   0.0952   0.0971    0.099    0.101   0.1029   0.1048   0.1067   0.1086   0.1105   0.1124   0.1143   0.1162   0.1181     0.12   0.1219   0.1238   0.1257   0.1276   0.1295   0.1314   0.1333   0.1352   0.1371    0.139    0.141   0.1429   0.1448   0.1467   0.1486   0.1505   0.1524   0.1543   0.1562   0.1581     0.16   0.1619   0.1638   0.1657   0.1676   0.1695   0.1714   0.1733   0.1752   0.1771    0.179    0.181   0.1829   0.1848   0.1867   0.1886   0.1905   0.1924   0.1943   0.1962   0.1981      0.2   0.2019   0.2038   0.2057   0.2076   0.2095   0.2114   0.2133   0.2152   0.2171    0.219    0.221   0.2229   0.2248   0.2267   0.2286   0.2305   0.2324   0.2343   0.2362   0.2381     0.24   0.2419   0.2438   0.2457   0.2476   0.2495   0.2514   0.2533   0.2552   0.2571    0.259    0.261   0.2629   0.2648   0.2667   0.2686   0.2705   0.2724   0.2743   0.2762   0.2781     0.28   0.2819   0.2838   0.2857   0.2876   0.2895   0.2914   0.2933   0.2952   0.2971    0.299    0.301   0.3029   0.3048   0.3067   0.3086   0.3105   0.3124   0.3143   0.3162   0.3181     0.32   0.3219   0.3238   0.3257   0.3276   0.3295   0.3314   0.3333   0.3352   0.3371    0.339    0.341   0.3429   0.3448   0.3467   0.3486   0.3505   0.3524   0.3543   0.3562   0.3581     0.36   0.3619   0.3638   0.3657   0.3676   0.3695   0.3714   0.3733   0.3752   0.3771    0.379    0.381   0.3829   0.3848   0.3867   0.3886   0.3905   0.3924   0.3943   0.3962   0.3981      0.4   0.4019   0.4038   0.4057   0.4076   0.4095   0.4114   0.4133   0.4152   0.4171    0.419    0.421   0.4229   0.4248   0.4267   0.4286   0.4305   0.4324   0.4343   0.4362   0.4381     0.44   0.4419   0.4438   0.4457   0.4476   0.4495   0.4514   0.4533   0.4552   0.4571    0.459    0.461   0.4629   0.4648   0.4667   0.4686   0.4705   0.4724   0.4743   0.4762   0.4781     0.48   0.4819   0.4838   0.4857   0.4876   0.4895   0.4914   0.4933   0.4952   0.4971    0.499
    S      0.0   0.7534    0.027   0.0319   0.2016   0.6128   0.0014   0.0355   0.2752   0.0089   0.4082   0.0053   0.2427   0.3094   0.2673   0.1811   0.0372    0.069    0.098   0.0578   0.2207   0.0444   0.0732   0.0921   0.1183   0.8468   0.1044   0.0349   0.3556   0.0312   0.0222   0.0379   0.0612   0.1473   0.2623    0.138   0.1261   0.0278   0.1488   0.6552   0.1292   0.2153   0.0573    0.017   0.1679   0.0248   0.0618    0.098   0.0698     0.17   0.0502    0.054   0.0768   0.1783   0.3038   0.2206   0.1853   0.1365   0.0218   0.1013   0.1205   0.5681   0.2664   0.0483   0.1223   0.0307   0.3454    0.043   0.2404   0.0391   0.0915   0.2381     0.21   0.2261   0.0473   0.0401    0.117   0.0845   0.0543   0.1807   0.5654   0.1108   0.0026   0.0937   0.4089   0.1059   0.1445   0.1094   0.0126   0.4597   0.2638   0.1881   0.0213   0.2346   0.0075   0.0503    0.013    0.186   0.2242   0.2063   0.1855   0.1585   0.1947   0.5625   0.0693   0.2895   0.0362   0.0521   0.0154   0.0119   0.1199   0.0158   0.3242   0.0207    0.296   0.1717   0.0738   0.0259     0.12   0.1833   0.3696   0.0144   0.1335   0.0968   0.0456     0.05   0.1194   0.0303   0.0236   0.1524   0.1194   0.2137   0.1978   0.0773   0.0663   0.0172   0.0512   0.0272   0.0429   0.1491   0.1765   0.2087   0.0416   0.1197   0.0869   0.0504   0.2709   0.1381   0.0694   0.1663    0.375   0.0652   0.2263   0.0569   0.1511    0.064   0.1146    0.104   0.1398   0.0597   0.2895   0.0204    0.246   0.4814   0.0684   0.0997   0.1804    0.081   0.0567   0.0414   0.3484   0.5477   0.0017   0.3477   0.2759   0.2427   0.5147    0.006   0.1689   0.2768   0.1747   0.0266   0.9056   0.1855   0.0913   0.0061   0.0308    0.237   0.0895   0.0462   0.0234   0.1412   0.0861   0.4862   0.0616   0.0705   0.0781   0.1555   0.0781   0.1093    0.144   0.0078   0.1806    0.294    0.068   0.1031   0.1247   0.2498   0.2259   0.1184   0.6851   0.1228   0.6901    0.006   0.4925   0.0045   0.0542   0.0056      1.0   0.0078   0.1727   0.1586   0.4636   0.0826   0.1262   0.0577   0.0282   0.0293   0.1095   0.0737   0.1098   0.0263   0.0474   0.1236   0.0582   0.1972   0.0828    0.232   0.0313   0.0024   0.0049   0.2652   0.0462   0.2525   0.1241   0.0443   0.2213   0.0831   0.0754   0.1862   0.0356   0.0819   0.3103   0.3602   0.0258   0.0775   0.0082   0.0621   0.0299   0.0455   0.0458   0.1035   0.0238
  snr   -15.95
    H     5.13
 exon    False

M: qpsk
 freq      0.0   0.0019   0.0038   0.0057   0.0076   0.0095   0.0114   0.0133   0.0152   0.0171    0.019    0.021   0.0229   0.0248   0.0267   0.0286   0.0305   0.0324   0.0343   0.0362   0.0381     0.04   0.0419   0.0438   0.0457   0.0476   0.0495   0.0514   0.0533   0.0552   0.0571    0.059    0.061   0.0629   0.0648   0.0667   0.0686   0.0705   0.0724   0.0743   0.0762   0.0781     0.08   0.0819   0.0838   0.0857   0.0876   0.0895   0.0914   0.0933   0.0952   0.0971    0.099    0.101   0.1029   0.1048   0.1067   0.1086   0.1105   0.1124   0.1143   0.1162   0.1181     0.12   0.1219   0.1238   0.1257   0.1276   0.1295   0.1314   0.1333   0.1352   0.1371    0.139    0.141   0.1429   0.1448   0.1467   0.1486   0.1505   0.1524   0.1543   0.1562   0.1581     0.16   0.1619   0.1638   0.1657   0.1676   0.1695   0.1714   0.1733   0.1752   0.1771    0.179    0.181   0.1829   0.1848   0.1867   0.1886   0.1905   0.1924   0.1943   0.1962   0.1981      0.2   0.2019   0.2038   0.2057   0.2076   0.2095   0.2114   0.2133   0.2152   0.2171    0.219    0.221   0.2229   0.2248   0.2267   0.2286   0.2305   0.2324   0.2343   0.2362   0.2381     0.24   0.2419   0.2438   0.2457   0.2476   0.2495   0.2514   0.2533   0.2552   0.2571    0.259    0.261   0.2629   0.2648   0.2667   0.2686   0.2705   0.2724   0.2743   0.2762   0.2781     0.28   0.2819   0.2838   0.2857   0.2876   0.2895   0.2914   0.2933   0.2952   0.2971    0.299    0.301   0.3029   0.3048   0.3067   0.3086   0.3105   0.3124   0.3143   0.3162   0.3181     0.32   0.3219   0.3238   0.3257   0.3276   0.3295   0.3314   0.3333   0.3352   0.3371    0.339    0.341   0.3429   0.3448   0.3467   0.3486   0.3505   0.3524   0.3543   0.3562   0.3581     0.36   0.3619   0.3638   0.3657   0.3676   0.3695   0.3714   0.3733   0.3752   0.3771    0.379    0.381   0.3829   0.3848   0.3867   0.3886   0.3905   0.3924   0.3943   0.3962   0.3981      0.4   0.4019   0.4038   0.4057   0.4076   0.4095   0.4114   0.4133   0.4152   0.4171    0.419    0.421   0.4229   0.4248   0.4267   0.4286   0.4305   0.4324   0.4343   0.4362   0.4381     0.44   0.4419   0.4438   0.4457   0.4476   0.4495   0.4514   0.4533   0.4552   0.4571    0.459    0.461   0.4629   0.4648   0.4667   0.4686   0.4705   0.4724   0.4743   0.4762   0.4781     0.48   0.4819   0.4838   0.4857   0.4876   0.4895   0.4914   0.4933   0.4952   0.4971    0.499
    S      0.0   0.3883   0.0753   0.2403    0.159      1.0   0.0593   0.0837   0.4385    0.073   0.2328   0.0089    0.032   0.2698   0.1936   0.0596   0.1179   0.2042   0.0523   0.1759   0.1665   0.0206   0.1205   0.1589    0.092   0.3132   0.0697    0.022   0.2646   0.1906   0.0363   0.0705   0.0286   0.2947   0.1434   0.1007   0.0697   0.1677   0.2009   0.2718    0.064   0.1531   0.0788    0.029   0.0897    0.104   0.0792   0.0868   0.0488   0.0811   0.1003    0.234   0.1301   0.1247   0.1852   0.5382   0.3037   0.1431   0.0561   0.2063   0.1459   0.2767   0.1793   0.0421    0.004   0.0431   0.2332   0.0024   0.0609   0.4175   0.0419   0.3106   0.2009   0.2842   0.2886   0.2338   0.1234   0.2698   0.1259    0.084   0.3341   0.1138   0.0584   0.1777   0.5629   0.0533   0.1501   0.1782   0.2073   0.3843   0.1422   0.0735   0.0842    0.045   0.0911   0.1367   0.1126   0.0771   0.1246   0.2907   0.1621   0.0835    0.082   0.2907   0.3307   0.1866   0.0591   0.0714   0.0955   0.0356   0.1144   0.0423   0.2547    0.055   0.1811   0.1399   0.0668   0.0198   0.1255   0.1068   0.4731   0.0532   0.0952    0.038   0.2194    0.082   0.0428   0.0478   0.0365   0.1853   0.0249   0.2894   0.1486   0.1938   0.0143   0.0231   0.1135   0.0982   0.1518   0.0892   0.1544   0.0864    0.103   0.0403   0.1527   0.0823   0.1999   0.1306    0.064   0.0733    0.331   0.1399   0.0169   0.0915   0.2068   0.1842   0.0219   0.1252   0.2519   0.0396   0.2348   0.1502   0.1389   0.1536   0.0934    0.209   0.1561   0.1182   0.1187   0.0286   0.1413   0.2258   0.2106   0.3814   0.1709   0.1889   0.2136   0.0875   0.1725   0.1712   0.1959   0.0616    0.166   0.1733   0.1068   0.2037   0.1098   0.0843   0.2214   0.1966   0.0618   0.3174   0.0487   0.2789   0.1732   0.1105   0.2193   0.1115   0.0722   0.0837   0.1499    0.319   0.1881   0.0693   0.0488   0.1079   0.1435   0.0446   0.1082   0.0605   0.3839   0.1897   0.4059   0.1004   0.2942   0.2379   0.3673   0.1269   0.3486   0.0544   0.4593   0.0945   0.2443   0.1194   0.1192   0.1287   0.2096   0.2416   0.3454   0.1528   0.2969   0.1416   0.0279   0.0634   0.1448   0.1331   0.0491   0.1368   0.1678   0.2813   0.0488   0.0437    0.076   0.3015   0.0083   0.0144   0.0659   0.0739   0.0642   0.1788   0.2217   0.0135   0.1288   0.3059   0.0706   0.2565   0.1208    0.218   0.2813   0.3017   0.1789   0.1395   0.0337
  snr   -15.97
    H     5.32
 exon    False

M: mem
 freq      0.0   0.0019   0.0038   0.0057   0.0076   0.0095   0.0115   0.0134   0.0153   0.0172   0.0191    0.021   0.0229   0.0248   0.0267   0.0286   0.0305   0.0324   0.0344   0.0363   0.0382   0.0401    0.042   0.0439   0.0458   0.0477   0.0496   0.0515   0.0534   0.0553   0.0573   0.0592   0.0611    0.063   0.0649   0.0668   0.0687   0.0706   0.0725   0.0744   0.0763   0.0782   0.0802   0.0821    0.084   0.0859   0.0878   0.0897   0.0916   0.0935   0.0954   0.0973   0.0992   0.1011   0.1031    0.105   0.1069   0.1088   0.1107   0.1126   0.1145   0.1164   0.1183   0.1202   0.1221    0.124    0.126   0.1279   0.1298   0.1317   0.1336   0.1355   0.1374   0.1393   0.1412   0.1431    0.145   0.1469   0.1489   0.1508   0.1527   0.1546   0.1565   0.1584   0.1603   0.1622   0.1641    0.166   0.1679   0.1698   0.1718   0.1737   0.1756   0.1775   0.1794   0.1813   0.1832   0.1851    0.187   0.1889   0.1908   0.1927   0.1947   0.1966   0.1985   0.2004   0.2023   0.2042   0.2061    0.208   0.2099   0.2118   0.2137   0.2156   0.2176   0.2195   0.2214   0.2233   0.2252   0.2271    0.229   0.2309   0.2328   0.2347   0.2366   0.2385   0.2405   0.2424   0.2443   0.2462   0.2481     0.25   0.2519   0.2538   0.2557   0.2576   0.2595   0.2615   0.2634   0.2653   0.2672   0.2691    0.271   0.2729   0.2748   0.2767   0.2786   0.2805   0.2824   0.2844   0.2863   0.2882   0.2901    0.292   0.2939   0.2958   0.2977   0.2996   0.3015   0.3034   0.3053   0.3073   0.3092   0.3111    0.313   0.3149   0.3168   0.3187   0.3206   0.3225   0.3244   0.3263   0.3282   0.3302   0.3321    0.334   0.3359   0.3378   0.3397   0.3416   0.3435   0.3454   0.3473   0.3492   0.3511   0.3531    0.355   0.3569   0.3588   0.3607   0.3626   0.3645   0.3664   0.3683   0.3702   0.3721    0.374    0.376   0.3779   0.3798   0.3817   0.3836   0.3855   0.3874   0.3893   0.3912   0.3931    0.395   0.3969   0.3989   0.4008   0.4027   0.4046   0.4065   0.4084   0.4103   0.4122   0.4141    0.416   0.4179   0.4198   0.4218   0.4237   0.4256   0.4275   0.4294   0.4313   0.4332   0.4351    0.437   0.4389   0.4408   0.4427   0.4447   0.4466   0.4485   0.4504   0.4523   0.4542   0.4561    0.458   0.4599   0.4618   0.4637   0.4656   0.4676   0.4695   0.4714   0.4733   0.4752   0.4771    0.479   0.4809   0.4828   0.4847   0.4866   0.4885   0.4905   0.4924   0.4943   0.4962   0.4981
    S      0.0   0.3915   0.0342    0.297   0.1042   0.7404   0.1657   0.0837   0.2704   0.2009   0.0113   0.0061   0.2902   0.0609   0.0115   0.1678   0.1991   0.2644   0.1596   0.1713   0.3407   0.1701   0.0985   0.1085   0.1364    0.496   0.0002   0.0024   0.0292   0.2305   0.0205   0.0364   0.0533   0.2634    0.014    0.008   0.1782   0.2276   0.5254   0.0133   0.0728   0.0596   0.0517    0.007   0.1124   0.0118   0.3903   0.0271   0.0911   0.2544   0.4946   0.5609    0.209   0.1411   0.0678    0.623   0.2555   0.1056   0.0414   0.1551   0.1512   0.3196   0.0211   0.0096    0.184   0.0279   0.2561   0.0831   0.2505   0.6804   0.1026   0.2575    0.231   0.1924   0.7419   0.2573   0.0929   0.6074   0.1496   0.0006      1.0   0.0689   0.0615   0.0565   0.5473   0.2884   0.0282   0.0449   0.5032   0.2893   0.6934   0.0455   0.2448   0.0693   0.0369   0.0536   0.2134   0.3536   0.2901   0.2202    0.132   0.1941   0.4583   0.1965   0.8409   0.4514   0.2912   0.0637   0.0665    0.043   0.0291   0.0409   0.1468   0.0121   0.5247   0.1061   0.0339   0.0103   0.4158   0.0455    0.009   0.0729   0.0653   0.2174   0.2553   0.3095    0.351   0.0706   0.1845     0.11   0.1233   0.4853   0.0154   0.3296   0.0243   0.0022   0.0591   0.6307   0.0403   0.1766   0.1681   0.0755   0.1436   0.1801   0.3665   0.0432   0.1746   0.1293   0.0118    0.194   0.0646   0.2453   0.1346   0.0236   0.1499   0.0934   0.0075   0.0351   0.3603   0.0024   0.2769    0.118   0.1015   0.4142   0.7147   0.1321   0.3591   0.0603   0.1953   0.0449    0.175   0.2153   0.0686   0.0777   0.0467   0.0079   0.0486   0.1223   0.0543   0.3466   0.0566   0.1384    0.125   0.0153   0.0217   0.5681     0.23   0.1867   0.2732    0.221   0.1008   0.8491   0.0012   0.0392    0.091   0.5718   0.0494   0.1926   0.1346   0.1433   0.1462   0.3007   0.3071   0.1588   0.0256   0.1324    0.181   0.0418   0.0002    0.034   0.1442    0.018   0.3045   0.7414   0.0052   0.5382   0.4376   0.3968   0.1213   0.0352   0.1194   0.2204   0.0072   0.0034   0.1362   0.0176   0.0313   0.3501   0.0576   0.6995   0.5052    0.018   0.1508   0.1378   0.1263   0.0929   0.1318   0.0602   0.4562   0.1542   0.0419   0.2244   0.6837   0.5197   0.0633   0.0169   0.0132   0.1885   0.0239   0.0241   0.0432   0.3135   0.1464   0.0297   0.1497   0.4074   0.6432   0.5751   0.6872   0.6461   0.2101   0.1385
  snr   -17.01
    H     5.11
 exon    False

M: alg1
 freq      0.0   0.0019   0.0038   0.0057   0.0076   0.0095   0.0114   0.0133   0.0152   0.0171    0.019    0.021   0.0229   0.0248   0.0267   0.0286   0.0305   0.0324   0.0343   0.0362   0.0381     0.04   0.0419   0.0438   0.0457   0.0476   0.0495   0.0514   0.0533   0.0552   0.0571    0.059    0.061   0.0629   0.0648   0.0667   0.0686   0.0705   0.0724   0.0743   0.0762   0.0781     0.08   0.0819   0.0838   0.0857   0.0876   0.0895   0.0914   0.0933   0.0952   0.0971    0.099    0.101   0.1029   0.1048   0.1067   0.1086   0.1105   0.1124   0.1143   0.1162   0.1181     0.12   0.1219   0.1238   0.1257   0.1276   0.1295   0.1314   0.1333   0.1352   0.1371    0.139    0.141   0.1429   0.1448   0.1467   0.1486   0.1505   0.1524   0.1543   0.1562   0.1581     0.16   0.1619   0.1638   0.1657   0.1676   0.1695   0.1714   0.1733   0.1752   0.1771    0.179    0.181   0.1829   0.1848   0.1867   0.1886   0.1905   0.1924   0.1943   0.1962   0.1981      0.2   0.2019   0.2038   0.2057   0.2076   0.2095   0.2114   0.2133   0.2152   0.2171    0.219    0.221   0.2229   0.2248   0.2267   0.2286   0.2305   0.2324   0.2343   0.2362   0.2381     0.24   0.2419   0.2438   0.2457   0.2476   0.2495   0.2514   0.2533   0.2552   0.2571    0.259    0.261   0.2629   0.2648   0.2667   0.2686   0.2705   0.2724   0.2743   0.2762   0.2781     0.28   0.2819   0.2838   0.2857   0.2876   0.2895   0.2914   0.2933   0.2952   0.2971    0.299    0.301   0.3029   0.3048   0.3067   0.3086   0.3105   0.3124   0.3143   0.3162   0.3181     0.32   0.3219   0.3238   0.3257   0.3276   0.3295   0.3314   0.3333   0.3352   0.3371    0.339    0.341   0.3429   0.3448   0.3467   0.3486   0.3505   0.3524   0.3543   0.3562   0.3581     0.36   0.3619   0.3638   0.3657   0.3676   0.3695   0.3714   0.3733   0.3752   0.3771    0.379    0.381   0.3829   0.3848   0.3867   0.3886   0.3905   0.3924   0.3943   0.3962   0.3981      0.4   0.4019   0.4038   0.4057   0.4076   0.4095   0.4114   0.4133   0.4152   0.4171    0.419    0.421   0.4229   0.4248   0.4267   0.4286   0.4305   0.4324   0.4343   0.4362   0.4381     0.44   0.4419   0.4438   0.4457   0.4476   0.4495   0.4514   0.4533   0.4552   0.4571    0.459    0.461   0.4629   0.4648   0.4667   0.4686   0.4705   0.4724   0.4743   0.4762   0.4781     0.48   0.4819   0.4838   0.4857   0.4876   0.4895   0.4914   0.4933   0.4952   0.4971    0.499
    S      0.0   0.8056   0.1407   0.1902   0.2925   0.8556   0.0247   0.1773    0.429   0.0569   0.3608   0.0153   0.0932   0.3519   0.3639   0.1122   0.1082   0.3429   0.1081   0.1581   0.4116   0.0139   0.1159   0.1356   0.1605   0.6616   0.1467   0.0456   0.3724   0.2037   0.0499   0.0882    0.083   0.2775   0.2336   0.1423   0.1035   0.2129   0.2268    0.503   0.1605   0.3325   0.0807   0.0445   0.1755   0.2875   0.0404   0.0971   0.0675   0.1068   0.0718   0.1823   0.1621   0.2542   0.3383   0.4847   0.3037   0.2727   0.0667   0.2419   0.2841   0.5252   0.2751   0.0514   0.0371   0.0901   0.3559   0.0167   0.1393   0.2078   0.0451   0.4047    0.294   0.5519    0.225   0.1836   0.2067   0.1509   0.1263   0.1774   0.5085   0.1899   0.0744    0.277      1.0   0.0517   0.1948   0.2673   0.0935    0.608   0.2187   0.1584   0.0846   0.1374   0.2457   0.1754    0.124   0.1516   0.1236   0.3715   0.2993   0.1436    0.162   0.5152   0.1378   0.2962   0.0656   0.1411   0.2061    0.079   0.1646   0.0464   0.3093   0.0386   0.2207   0.2877   0.1515   0.0854    0.111   0.2186   0.7265   0.0302   0.1138   0.0651   0.2637   0.0516   0.1131   0.1209   0.0592   0.2687   0.1039   0.3675   0.1895   0.1273   0.0393    0.045   0.1983   0.0349   0.1133   0.1253   0.2797    0.218   0.1348   0.0431   0.1798   0.1312   0.4087     0.25   0.0863   0.1342   0.6345   0.1545   0.1608   0.1921   0.1987   0.4284   0.0626   0.2666    0.216   0.0744   0.4417   0.1793   0.1925   0.3256   0.0034   0.2375    0.139   0.1188   0.1251    0.067   0.2572   0.3813   0.3701   0.6992   0.3652   0.3596   0.4359   0.0803   0.2921   0.2395   0.2957    0.059   0.4634   0.3651   0.2369   0.2802   0.1597   0.1408   0.4755    0.127   0.0738   0.1627   0.0668   0.4918   0.2749   0.1113   0.4671   0.1662   0.1694   0.0948   0.2428   0.2245    0.333   0.2019   0.0525   0.1346    0.226   0.1257   0.1938   0.1058   0.7237   0.3706   0.5302   0.0643   0.4966   0.2422   0.1907   0.2486   0.7372   0.0265   0.9867   0.1222   0.5126   0.1541   0.1816   0.1279   0.4708   0.3671   0.5606   0.0932   0.2786   0.2783     0.05    0.101    0.257   0.1757   0.0668   0.2843   0.4286   0.2943   0.0627   0.1389    0.057   0.3003   0.0714   0.0443   0.1365   0.1414   0.1027   0.3545   0.5389    0.057   0.2442   0.6028   0.1785   0.1477   0.0675   0.1544   0.1053   0.1023   0.0634   0.1185   0.0422
  snr    -17.6
    H      5.3
 exon    False

M: alg2
 freq      0.0   0.0019   0.0038   0.0057   0.0076   0.0095   0.0114   0.0133   0.0152   0.0171    0.019    0.021   0.0229   0.0248   0.0267   0.0286   0.0305   0.0324   0.0343   0.0362   0.0381     0.04   0.0419   0.0438   0.0457   0.0476   0.0495   0.0514   0.0533   0.0552   0.0571    0.059    0.061   0.0629   0.0648   0.0667   0.0686   0.0705   0.0724   0.0743   0.0762   0.0781     0.08   0.0819   0.0838   0.0857   0.0876   0.0895   0.0914   0.0933   0.0952   0.0971    0.099    0.101   0.1029   0.1048   0.1067   0.1086   0.1105   0.1124   0.1143   0.1162   0.1181     0.12   0.1219   0.1238   0.1257   0.1276   0.1295   0.1314   0.1333   0.1352   0.1371    0.139    0.141   0.1429   0.1448   0.1467   0.1486   0.1505   0.1524   0.1543   0.1562   0.1581     0.16   0.1619   0.1638   0.1657   0.1676   0.1695   0.1714   0.1733   0.1752   0.1771    0.179    0.181   0.1829   0.1848   0.1867   0.1886   0.1905   0.1924   0.1943   0.1962   0.1981      0.2   0.2019   0.2038   0.2057   0.2076   0.2095   0.2114   0.2133   0.2152   0.2171    0.219    0.221   0.2229   0.2248   0.2267   0.2286   0.2305   0.2324   0.2343   0.2362   0.2381     0.24   0.2419   0.2438   0.2457   0.2476   0.2495   0.2514   0.2533   0.2552   0.2571    0.259    0.261   0.2629   0.2648   0.2667   0.2686   0.2705   0.2724   0.2743   0.2762   0.2781     0.28   0.2819   0.2838   0.2857   0.2876   0.2895   0.2914   0.2933   0.2952   0.2971    0.299    0.301   0.3029   0.3048   0.3067   0.3086   0.3105   0.3124   0.3143   0.3162   0.3181     0.32   0.3219   0.3238   0.3257   0.3276   0.3295   0.3314   0.3333   0.3352   0.3371    0.339    0.341   0.3429   0.3448   0.3467   0.3486   0.3505   0.3524   0.3543   0.3562   0.3581     0.36   0.3619   0.3638   0.3657   0.3676   0.3695   0.3714   0.3733   0.3752   0.3771    0.379    0.381   0.3829   0.3848   0.3867   0.3886   0.3905   0.3924   0.3943   0.3962   0.3981      0.4   0.4019   0.4038   0.4057   0.4076   0.4095   0.4114   0.4133   0.4152   0.4171    0.419    0.421   0.4229   0.4248   0.4267   0.4286   0.4305   0.4324   0.4343   0.4362   0.4381     0.44   0.4419   0.4438   0.4457   0.4476   0.4495   0.4514   0.4533   0.4552   0.4571    0.459    0.461   0.4629   0.4648   0.4667   0.4686   0.4705   0.4724   0.4743   0.4762   0.4781     0.48   0.4819   0.4838   0.4857   0.4876   0.4895   0.4914   0.4933   0.4952   0.4971    0.499
    S      0.0   0.0201   0.0186   0.2201   0.0714      1.0   0.0502   0.0136   0.4037   0.0522   0.2613   0.0039   0.0047   0.2874   0.0692   0.0121   0.0736   0.0592   0.0533   0.1653   0.0232   0.0102   0.1025   0.1437   0.0535   0.0134   0.0458   0.0067   0.2022     0.16   0.0249   0.0429   0.0275   0.2313   0.0879    0.077   0.0242   0.0814   0.0707   0.1649   0.0138   0.0146   0.0837   0.0283   0.0127   0.0256   0.0442   0.0968   0.0383   0.0206   0.0843    0.146   0.0587   0.0051   0.0723   0.4657   0.2477   0.0195   0.0331   0.1342   0.0187   0.0464   0.2113   0.0481   0.0023   0.0057   0.0831   0.0011   0.0106   0.4169   0.0317   0.1989   0.0699   0.0549   0.2473   0.1866    0.131   0.2513   0.1024   0.0671   0.1544   0.0165    0.032   0.0815   0.0944   0.0194   0.1287   0.1053   0.1894   0.1707   0.0164   0.0083   0.0627   0.0392   0.0142    0.086   0.0653   0.0255   0.1259   0.1799   0.0302   0.0325   0.0157   0.0161   0.2693   0.0203   0.0222   0.0286   0.0206   0.0265   0.0662   0.0329   0.2289   0.0529   0.1418   0.0273   0.0142   0.0086   0.1123   0.0167   0.2255   0.0457   0.0857   0.0179   0.1068   0.0463    0.006   0.0399   0.0144   0.0548   0.0109    0.178   0.1683   0.1977   0.0177   0.0043    0.043   0.0738   0.1258   0.0644   0.0583     0.01   0.0936   0.0306   0.0685   0.0297   0.0538    0.018   0.0546   0.0279    0.045   0.1403   0.0299   0.0069   0.2266   0.0408     0.01   0.0131    0.221   0.0264    0.046   0.0839   0.1336   0.0315   0.0723    0.146   0.1134   0.0832   0.0847   0.0069   0.0469   0.1662   0.1054   0.1389   0.0587   0.0748   0.0728    0.067   0.1092    0.132   0.2046   0.0471   0.0998   0.0703   0.0616   0.1122   0.0509   0.0049   0.0291   0.1911    0.042   0.2263    0.055   0.1151   0.0654   0.1054   0.0574   0.0809   0.0228   0.0251   0.0747   0.2769   0.0382   0.0269   0.0175   0.0602   0.0586   0.0456   0.1311   0.0366   0.1599   0.0227   0.3526   0.0898   0.0839   0.1749    0.338   0.0721   0.0546   0.0511   0.0585   0.0892   0.0492   0.0995   0.0587   0.1038   0.0451   0.0996   0.1091   0.1517   0.1704   0.0389   0.0163   0.0105   0.0343   0.1495   0.0545   0.0524   0.0397   0.2175   0.0365   0.0332   0.0459   0.1321    0.008   0.0174    0.057   0.0097   0.0322    0.079   0.0457   0.0067   0.0274   0.1041   0.0229   0.2604   0.1039   0.1895   0.2741   0.2586   0.1377   0.1389   0.0238
  snr   -13.44
    H     5.13
 exon    False