>data-XVI-cerevisiae-intergenic-42
N: 262
Methods: voss, eiip, qpsk, mem, alg1, alg2

M: voss
 freq      0.0   0.0038   0.0076   0.0115   0.0153   0.0191   0.0229   0.0267   0.0305   0.0344   0.0382    0.042   0.0458   0.0496   0.0534   0.0573   0.0611   0.0649   0.0687   0.0725   0.0763   0.0802    0.084   0.0878   0.0916   0.0954   0.0992   0.1031   0.1069   0.1107   0.1145   0.1183   0.1221    0.126   0.1298   0.1336   0.1374   0.1412    0.145   0.1489   0.1527   0.1565   0.1603   0.1641   0.1679   0.1718   0.1756   0.1794   0.1832    0.187   0.1908   0.1947   0.1985   0.2023   0.2061   0.2099   0.2137   0.2176   0.2214   0.2252    0.229   0.2328   0.2366   0.2405   0.2443   0.2481   0.2519   0.2557   0.2595   0.2634   0.2672    0.271   0.2748   0.2786   0.2824   0.2863   0.2901   0.2939   0.2977   0.3015   0.3053   0.3092    0.313   0.3168   0.3206   0.3244   0.3282   0.3321   0.3359   0.3397   0.3435   0.3473   0.3511    0.355   0.3588   0.3626   0.3664   0.3702    0.374   0.3779   0.3817   0.3855   0.3893   0.3931   0.3969   0.4008   0.4046   0.4084   0.4122    0.416   0.4198   0.4237   0.4275   0.4313   0.4351   0.4389   0.4427   0.4466   0.4504   0.4542    0.458   0.4618   0.4656   0.4695   0.4733   0.4771   0.4809   0.4847   0.4885   0.4924   0.4962
    S      0.0   0.1204   0.0964   0.3666   0.0754    0.188   0.1915   0.1528   0.7483   0.1755   0.2828    0.515      1.0   0.2245    0.537   0.1629   0.2931    0.318   0.4557   0.2323   0.0885   0.1795   0.4167   0.2475   0.4776   0.3703   0.1344   0.1579   0.2001   0.1993   0.1248   0.2079   0.1542   0.3464    0.625   0.1925   0.1878   0.4443   0.2987   0.2441   0.0611   0.0384    0.278   0.1477   0.1339   0.2136   0.3411   0.1229   0.3122   0.2888   0.0321   0.1128   0.3899   0.2239   0.1535   0.1201   0.1935   0.0909   0.3422   0.4629   0.2886   0.0593   0.2137   0.0893   0.4991   0.1676   0.3145   0.2424   0.2338   0.1301   0.2507   0.1633   0.2127    0.123   0.1538     0.22   0.3156   0.1144   0.2278   0.3364   0.1687   0.2148    0.377    0.287   0.1823   0.3763   0.1739   0.3235   0.0897    0.113   0.2702   0.1272   0.1432   0.2702   0.1065   0.3018   0.1567   0.0821   0.3744   0.4436   0.2319    0.045   0.1767   0.2666   0.3915   0.4415    0.344   0.1603   0.2685   0.2389   0.2096   0.0935   0.1343   0.1967   0.4406   0.4655   0.2137   0.0752   0.0807    0.045   0.2595   0.1035   0.2735   0.2266   0.0617   0.1908   0.3009   0.1905   0.0906   0.3722   0.2914
  snr   -14.82
    H      4.7
 exon    False

M: eiip
 freq      0.0   0.0038   0.0076   0.0115   0.0153   0.0191   0.0229   0.0267   0.0305   0.0344   0.0382    0.042   0.0458   0.0496   0.0534   0.0573   0.0611   0.0649   0.0687   0.0725   0.0763   0.0802    0.084   0.0878   0.0916   0.0954   0.0992   0.1031   0.1069   0.1107   0.1145   0.1183   0.1221    0.126   0.1298   0.1336   0.1374   0.1412    0.145   0.1489   0.1527   0.1565   0.1603   0.1641   0.1679   0.1718   0.1756   0.1794   0.1832    0.187   0.1908   0.1947   0.1985   0.2023   0.2061   0.2099   0.2137   0.2176   0.2214   0.2252    0.229   0.2328   0.2366   0.2405   0.2443   0.2481   0.2519   0.2557   0.2595   0.2634   0.2672    0.271   0.2748   0.2786   0.2824   0.2863   0.2901   0.2939   0.2977   0.3015   0.3053   0.3092    0.313   0.3168   0.3206   0.3244   0.3282   0.3321   0.3359   0.3397   0.3435   0.3473   0.3511    0.355   0.3588   0.3626   0.3664   0.3702    0.374   0.3779   0.3817   0.3855   0.3893   0.3931   0.3969   0.4008   0.4046   0.4084   0.4122    0.416   0.4198   0.4237   0.4275   0.4313   0.4351   0.4389   0.4427   0.4466   0.4504   0.4542    0.458   0.4618   0.4656   0.4695   0.4733   0.4771   0.4809   0.4847   0.4885   0.4924   0.4962
    S      0.0    0.022   0.1619   0.0449   0.0862   0.1808   0.3062   0.3284   0.0922   0.3657   0.0453   0.1546   0.0628   0.1613      1.0   0.0222   0.1649   0.0781   0.1304    0.176   0.0466   0.0271   0.2336    0.123   0.1642   0.0385   0.2547   0.0606   0.1739      0.2   0.0469   0.0149   0.0266   0.0895   0.4303   0.0043   0.1983   0.2812   0.2757   0.1096    0.068   0.0328   0.0562   0.1951   0.0591   0.0499   0.0687   0.0621    0.193   0.3114   0.0326   0.1213   0.4487   0.4087   0.1117   0.1005   0.3878   0.0021   0.4251   0.1026   0.0475   0.0252   0.1022   0.0111    0.063   0.0343   0.1086   0.0473   0.0871   0.1824   0.0284   0.0844   0.2385   0.0636   0.0826   0.1644   0.1069   0.1603   0.3562   0.1208   0.1334   0.1182   0.1562   0.4964   0.2323     0.11   0.2151   0.0541   0.0014   0.0179   0.4847   0.0429   0.1391   0.0264    0.166   0.0299   0.1878   0.0497   0.1668   0.5748   0.2046   0.0829   0.0569   0.1125   0.9161   0.1928    0.063   0.0359   0.3687   0.3021   0.0618   0.0083   0.0939   0.3025   0.2158   0.0063   0.1251   0.1246   0.1029   0.0103   0.3471   0.0055   0.0548   0.0809   0.0204   0.1054   0.1405   0.2076   0.0913   0.0109   0.2485
  snr   -12.75
    H     4.46
 exon    False

M: qpsk
 freq      0.0   0.0038   0.0076   0.0115   0.0153   0.0191   0.0229   0.0267   0.0305   0.0344   0.0382    0.042   0.0458   0.0496   0.0534   0.0573   0.0611   0.0649   0.0687   0.0725   0.0763   0.0802    0.084   0.0878   0.0916   0.0954   0.0992   0.1031   0.1069   0.1107   0.1145   0.1183   0.1221    0.126   0.1298   0.1336   0.1374   0.1412    0.145   0.1489   0.1527   0.1565   0.1603   0.1641   0.1679   0.1718   0.1756   0.1794   0.1832    0.187   0.1908   0.1947   0.1985   0.2023   0.2061   0.2099   0.2137   0.2176   0.2214   0.2252    0.229   0.2328   0.2366   0.2405   0.2443   0.2481   0.2519   0.2557   0.2595   0.2634   0.2672    0.271   0.2748   0.2786   0.2824   0.2863   0.2901   0.2939   0.2977   0.3015   0.3053   0.3092    0.313   0.3168   0.3206   0.3244   0.3282   0.3321   0.3359   0.3397   0.3435   0.3473   0.3511    0.355   0.3588   0.3626   0.3664   0.3702    0.374   0.3779   0.3817   0.3855   0.3893   0.3931   0.3969   0.4008   0.4046   0.4084   0.4122    0.416   0.4198   0.4237   0.4275   0.4313   0.4351   0.4389   0.4427   0.4466   0.4504   0.4542    0.458   0.4618   0.4656   0.4695   0.4733   0.4771   0.4809   0.4847   0.4885   0.4924   0.4962
    S      0.0   0.0743   0.0924   0.4892   0.0665   0.2849   0.2425   0.1327      1.0    0.271   0.2334   0.5387   0.4079   0.2622   0.6366   0.1787   0.0623   0.3597   0.3409   0.3591   0.1265   0.1702   0.5955   0.0399   0.4061   0.3107   0.1639   0.2159   0.1427   0.2062   0.0512   0.0816   0.0289   0.4272   0.8781   0.0984   0.3011   0.6292   0.4003   0.1367   0.0898   0.0362   0.0493   0.1001   0.1491   0.1741   0.4333   0.1432   0.3152   0.3597   0.0299   0.1654   0.5941   0.3659   0.2345   0.0843   0.2389   0.0607   0.5072   0.3001   0.2424   0.0301   0.2562    0.141   0.3862   0.1963   0.4201   0.1686   0.1405   0.1057   0.2897   0.1886   0.2033   0.1194   0.2482   0.3608   0.1364   0.1813   0.3121   0.0951   0.2769   0.3264   0.5884   0.2924   0.2843   0.4607   0.2492   0.5151   0.1304   0.1086   0.4348   0.2057   0.1665    0.246   0.1673   0.2342   0.2568   0.0907   0.4476   0.3448   0.3171   0.0621   0.2733   0.0326   0.5998   0.6194   0.3107   0.2009   0.0836   0.2591   0.1756    0.058   0.1933    0.212    0.623   0.4562   0.3501   0.0925   0.1012   0.0537   0.3935   0.0676   0.1225   0.3301   0.0351   0.2508   0.3479    0.183   0.0496   0.2174   0.3523
  snr    -15.1
    H     4.64
 exon    False

M: mem
 freq      0.0   0.0038   0.0076   0.0115   0.0153   0.0191   0.0229   0.0267   0.0305   0.0344   0.0382    0.042   0.0458   0.0496   0.0534   0.0573   0.0611   0.0649   0.0687   0.0725   0.0763   0.0802    0.084   0.0878   0.0916   0.0954   0.0992   0.1031   0.1069   0.1107   0.1145   0.1183   0.1221    0.126   0.1298   0.1336   0.1374   0.1412    0.145   0.1489   0.1527   0.1565   0.1603   0.1641   0.1679   0.1718   0.1756   0.1794   0.1832    0.187   0.1908   0.1947   0.1985   0.2023   0.2061   0.2099   0.2137   0.2176   0.2214   0.2252    0.229   0.2328   0.2366   0.2405   0.2443   0.2481   0.2519   0.2557   0.2595   0.2634   0.2672    0.271   0.2748   0.2786   0.2824   0.2863   0.2901   0.2939   0.2977   0.3015   0.3053   0.3092    0.313   0.3168   0.3206   0.3244   0.3282   0.3321   0.3359   0.3397   0.3435   0.3473   0.3511    0.355   0.3588   0.3626   0.3664   0.3702    0.374   0.3779   0.3817   0.3855   0.3893   0.3931   0.3969   0.4008   0.4046   0.4084   0.4122    0.416   0.4198   0.4237   0.4275   0.4313   0.4351   0.4389   0.4427   0.4466   0.4504   0.4542    0.458   0.4618   0.4656   0.4695   0.4733   0.4771   0.4809   0.4847   0.4885   0.4924   0.4962
    S      0.0   0.0077    0.001   0.4267   0.0484   0.3181   0.1711   0.1025      1.0   0.0055    0.168   0.0606   0.0231   0.1772   0.0462   0.0944   0.0109    0.174   0.0515   0.2796   0.0792   0.1545   0.3095   0.0263   0.0321   0.2907   0.1518   0.0981   0.0156   0.2798   0.0177    0.026   0.0057   0.2019    0.244   0.0029   0.2229   0.5089   0.0276   0.0417   0.0279   0.0416   0.0729   0.0135   0.2505   0.3362   0.3422   0.1474   0.2579   0.1164   0.0275   0.0498   0.3067    0.031   0.2678    0.071   0.1144   0.0144   0.0418   0.0766   0.2772   0.0389   0.0385   0.1385   0.0336   0.0996   0.2687   0.0118     0.13   0.2212   0.4619   0.0854   0.0011   0.1854   0.2084   0.4231   0.0392   0.1453   0.1103   0.1046   0.1189   0.3824   0.6425   0.0966   0.0805   0.2168   0.0215   0.5472   0.1352   0.0677   0.2175   0.1584   0.0329   0.1879   0.1109   0.0168   0.2769   0.0429   0.1855   0.0349   0.0697   0.0016   0.3591   0.0131   0.3358   0.6863   0.0921    0.162      0.2   0.0146   0.0102   0.0245   0.1922   0.2147   0.4792   0.4553   0.4375   0.0826   0.0537    0.027   0.1947   0.0757   0.0721   0.2728   0.0177   0.0649   0.0442   0.3791   0.0163   0.0325   0.3944
  snr   -12.92
    H      4.4
 exon    False

M: alg1
 freq      0.0   0.0038   0.0076   0.0115   0.0153   0.0191   0.0229   0.0267   0.0305   0.0344   0.0382    0.042   0.0458   0.0496   0.0534   0.0573   0.0611   0.0649   0.0687   0.0725   0.0763   0.0802    0.084   0.0878   0.0916   0.0954   0.0992   0.1031   0.1069   0.1107   0.1145   0.1183   0.1221    0.126   0.1298   0.1336   0.1374   0.1412    0.145   0.1489   0.1527   0.1565   0.1603   0.1641   0.1679   0.1718   0.1756   0.1794   0.1832    0.187   0.1908   0.1947   0.1985   0.2023   0.2061   0.2099   0.2137   0.2176   0.2214   0.2252    0.229   0.2328   0.2366   0.2405   0.2443   0.2481   0.2519   0.2557   0.2595   0.2634   0.2672    0.271   0.2748   0.2786   0.2824   0.2863   0.2901   0.2939   0.2977   0.3015   0.3053   0.3092    0.313   0.3168   0.3206   0.3244   0.3282   0.3321   0.3359   0.3397   0.3435   0.3473   0.3511    0.355   0.3588   0.3626   0.3664   0.3702    0.374   0.3779   0.3817   0.3855   0.3893   0.3931   0.3969   0.4008   0.4046   0.4084   0.4122    0.416   0.4198   0.4237   0.4275   0.4313   0.4351   0.4389   0.4427   0.4466   0.4504   0.4542    0.458   0.4618   0.4656   0.4695   0.4733   0.4771   0.4809   0.4847   0.4885   0.4924   0.4962
    S      0.0   0.0029   0.0366     0.38   0.0566   0.1739   0.1303   0.0386      1.0   0.0513   0.1263   0.0506   0.3035   0.0774   0.1378   0.0989   0.1063   0.1653   0.2078   0.2634   0.0629    0.056   0.3565    0.051    0.116    0.089   0.0655   0.0923   0.1313   0.1358   0.0059   0.0057   0.0179   0.2523   0.1848    0.029   0.1689   0.4449   0.0482   0.0063   0.0166   0.0278   0.0147   0.0707   0.0924   0.1128   0.4603   0.1393    0.282   0.2399   0.0074   0.0333   0.3633   0.0605   0.1475   0.0513   0.0175   0.0348   0.0655   0.2704    0.155   0.0322   0.0686    0.104   0.1156   0.0814    0.205   0.0458    0.151    0.053    0.234   0.1785   0.0658   0.0572   0.1474   0.2229   0.1846   0.0746   0.1175    0.004   0.1599   0.2079   0.3718   0.1676   0.0765   0.1977    0.055    0.474   0.1286   0.0316   0.0734   0.1729   0.0414   0.2686   0.0645   0.0532   0.1121   0.0965   0.1091   0.2548   0.0925   0.0262    0.196   0.0616   0.0612   0.3369   0.0501   0.1409   0.0427   0.0273    0.032   0.0035   0.0927   0.0963   0.3674   0.2205    0.234   0.0172    0.038   0.0194   0.1212   0.0402   0.1257   0.2025   0.0152   0.0779   0.0469   0.0919   0.0073    0.015   0.2797
  snr    -12.0
    H     4.48
 exon    False

M: alg2
 freq      0.0   0.0038   0.0076   0.0115   0.0153   0.0191   0.0229   0.0267   0.0305   0.0344   0.0382    0.042   0.0458   0.0496   0.0534   0.0573   0.0611   0.0649   0.0687   0.0725   0.0763   0.0802    0.084   0.0878   0.0916   0.0954   0.0992   0.1031   0.1069   0.1107   0.1145   0.1183   0.1221    0.126   0.1298   0.1336   0.1374   0.1412    0.145   0.1489   0.1527   0.1565   0.1603   0.1641   0.1679   0.1718   0.1756   0.1794   0.1832    0.187   0.1908   0.1947   0.1985   0.2023   0.2061   0.2099   0.2137   0.2176   0.2214   0.2252    0.229   0.2328   0.2366   0.2405   0.2443   0.2481   0.2519   0.2557   0.2595   0.2634   0.2672    0.271   0.2748   0.2786   0.2824   0.2863   0.2901   0.2939   0.2977   0.3015   0.3053   0.3092    0.313   0.3168   0.3206   0.3244   0.3282   0.3321   0.3359   0.3397   0.3435   0.3473   0.3511    0.355   0.3588   0.3626   0.3664   0.3702    0.374   0.3779   0.3817   0.3855   0.3893   0.3931   0.3969   0.4008   0.4046   0.4084   0.4122    0.416   0.4198   0.4237   0.4275   0.4313   0.4351   0.4389   0.4427   0.4466   0.4504   0.4542    0.458   0.4618   0.4656   0.4695   0.4733   0.4771   0.4809   0.4847   0.4885   0.4924   0.4962
    S      0.0   0.0886    0.045   0.1719   0.0397    0.028   0.0479    0.064   0.3104    0.008   0.1952   0.2426      1.0   0.0925   0.1708   0.0968   0.3082    0.184   0.3548   0.0244   0.0068   0.0623   0.1289   0.2599   0.3319   0.1654   0.0261   0.0236   0.1528   0.0559   0.1065    0.182   0.1613   0.1448   0.1475   0.1714   0.0141   0.1448   0.0606   0.1765   0.0054   0.0205   0.2698   0.1062   0.0322   0.0865    0.162   0.0522   0.1834   0.0876   0.0149   0.0286   0.0525   0.0004   0.0286   0.0851   0.0399   0.0792   0.0339   0.4094   0.1337   0.0466   0.0835    0.001   0.3811   0.0715   0.1228   0.1922   0.1945   0.0437   0.0585   0.0826   0.1082   0.0329   0.0046   0.0181    0.315   0.0015   0.0576    0.292   0.0044   0.0426   0.0273    0.116   0.0043   0.0981   0.0384   0.0505   0.0313   0.0538   0.0162   0.0122   0.0648   0.1961    0.003    0.223   0.0083    0.045   0.1552   0.2793    0.075   0.0087   0.0051   0.2911    0.006   0.0357   0.1954   0.0812   0.2041   0.0921   0.1289   0.0615    0.031   0.0711   0.1621   0.1766   0.0226    0.016   0.0292   0.0112   0.0075   0.0705   0.2494    0.075   0.0442   0.0678   0.1482   0.0441   0.0656   0.2826   0.0779
  snr   -11.25
    H     4.41
 exon    False