>data-XIV-cerevisiae-intergenic-363
N: 613
Methods: voss, eiip, qpsk, mem, alg1, alg2

M: voss
 freq      0.0   0.0016   0.0033   0.0049   0.0065   0.0082   0.0098   0.0114   0.0131   0.0147   0.0163   0.0179   0.0196   0.0212   0.0228   0.0245   0.0261   0.0277   0.0294    0.031   0.0326   0.0343   0.0359   0.0375   0.0392   0.0408   0.0424    0.044   0.0457   0.0473   0.0489   0.0506   0.0522   0.0538   0.0555   0.0571   0.0587   0.0604    0.062   0.0636   0.0653   0.0669   0.0685   0.0701   0.0718   0.0734    0.075   0.0767   0.0783   0.0799   0.0816   0.0832   0.0848   0.0865   0.0881   0.0897   0.0914    0.093   0.0946   0.0962   0.0979   0.0995   0.1011   0.1028   0.1044    0.106   0.1077   0.1093   0.1109   0.1126   0.1142   0.1158   0.1175   0.1191   0.1207   0.1223    0.124   0.1256   0.1272   0.1289   0.1305   0.1321   0.1338   0.1354    0.137   0.1387   0.1403   0.1419   0.1436   0.1452   0.1468   0.1485   0.1501   0.1517   0.1533    0.155   0.1566   0.1582   0.1599   0.1615   0.1631   0.1648   0.1664    0.168   0.1697   0.1713   0.1729   0.1746   0.1762   0.1778   0.1794   0.1811   0.1827   0.1843    0.186   0.1876   0.1892   0.1909   0.1925   0.1941   0.1958   0.1974    0.199   0.2007   0.2023   0.2039   0.2055   0.2072   0.2088   0.2104   0.2121   0.2137   0.2153    0.217   0.2186   0.2202   0.2219   0.2235   0.2251   0.2268   0.2284     0.23   0.2316   0.2333   0.2349   0.2365   0.2382   0.2398   0.2414   0.2431   0.2447   0.2463    0.248   0.2496   0.2512   0.2529   0.2545   0.2561   0.2577   0.2594    0.261   0.2626   0.2643   0.2659   0.2675   0.2692   0.2708   0.2724   0.2741   0.2757   0.2773    0.279   0.2806   0.2822   0.2838   0.2855   0.2871   0.2887   0.2904    0.292   0.2936   0.2953   0.2969   0.2985   0.3002   0.3018   0.3034   0.3051   0.3067   0.3083     0.31   0.3116   0.3132   0.3148   0.3165   0.3181   0.3197   0.3214    0.323   0.3246   0.3263   0.3279   0.3295   0.3312   0.3328   0.3344   0.3361   0.3377   0.3393   0.3409   0.3426   0.3442   0.3458   0.3475   0.3491   0.3507   0.3524    0.354   0.3556   0.3573   0.3589   0.3605   0.3622   0.3638   0.3654    0.367   0.3687   0.3703   0.3719   0.3736   0.3752   0.3768   0.3785   0.3801   0.3817   0.3834    0.385   0.3866   0.3883   0.3899   0.3915   0.3931   0.3948   0.3964    0.398   0.3997   0.4013   0.4029   0.4046   0.4062   0.4078   0.4095   0.4111   0.4127   0.4144    0.416   0.4176   0.4192   0.4209   0.4225   0.4241   0.4258   0.4274    0.429   0.4307   0.4323   0.4339   0.4356   0.4372   0.4388   0.4405   0.4421   0.4437   0.4454    0.447   0.4486   0.4502   0.4519   0.4535   0.4551   0.4568   0.4584     0.46   0.4617   0.4633   0.4649   0.4666   0.4682   0.4698   0.4715   0.4731   0.4747   0.4763    0.478   0.4796   0.4812   0.4829   0.4845   0.4861   0.4878   0.4894    0.491   0.4927   0.4943   0.4959   0.4976   0.4992
    S      0.0    0.733   0.2761    0.131      1.0   0.4874   0.5561   0.2666   0.3688   0.1181   0.1995   0.0906   0.2068   0.4085   0.1425   0.0867   0.1309    0.189   0.2408   0.4049   0.2871    0.094   0.2185   0.1039    0.163   0.1311   0.1763   0.0586   0.0661   0.3024   0.2183   0.3836   0.2032   0.3658   0.2071   0.4357   0.1211   0.1502   0.2657   0.1377    0.346   0.3661   0.1757   0.2422   0.2377   0.2212   0.0777   0.1438   0.0858   0.0659   0.1981   0.6518   0.0484    0.045    0.078   0.1177   0.4595   0.3567   0.1988   0.2874   0.2566    0.202   0.7973   0.1357   0.1182   0.2934   0.0398   0.1345    0.117   0.5681   0.1818   0.2803   0.3033   0.0195   0.1906   0.2384   0.0643   0.0973   0.6023    0.249   0.3141   0.6243    0.315   0.1202   0.2885   0.1459   0.2367   0.4774   0.0952   0.1745   0.2037    0.312   0.1672   0.3422   0.1348   0.3679   0.0619   0.2145    0.246   0.1291   0.1351    0.182   0.7775   0.2909   0.2358   0.1498   0.2165   0.0423   0.2928   0.1094   0.1745   0.0479   0.3385   0.4548   0.2719   0.0812   0.3112   0.3442   0.1374   0.1314   0.5597   0.2696   0.4351   0.3146    0.103   0.3439   0.2526   0.1041   0.2684   0.1876   0.1395   0.2005   0.0145   0.5108   0.1341   0.3171   0.2771   0.1543   0.0907   0.1606   0.1893   0.1056   0.2323   0.1419   0.2106   0.0947   0.1605   0.2409   0.1165   0.0757   0.1653   0.0872   0.1092   0.0803   0.0395   0.4058   0.1322   0.5771   0.6976   0.0596   0.1118   0.0436   0.3859    0.098   0.1593   0.3317   0.0384   0.3422   0.2838    0.119    0.327    0.598   0.2487   0.1334   0.1997   0.2342   0.1556   0.1085   0.4655   0.4594   0.2541   0.4863   0.3729   0.1241   0.1894   0.1874   0.1568   0.2581   0.0877   0.1536   0.2293    0.601   0.1656    0.095    0.228    0.202   0.2341   0.3334   0.0811   0.2784    0.156   0.0873    0.364   0.3811   0.2397   0.0854   0.3262   0.2258   0.1812    0.135   0.1563   0.0482   0.1154   0.0967   0.3585   0.1193   0.1433   0.1215   0.1757   0.1115   0.1703   0.2652   0.1738   0.0851   0.1812    0.201   0.0539    0.028   0.2316   0.1873   0.0751    0.549   0.1367   0.1862   0.2876   0.1659   0.0629   0.2002    0.462   0.2253   0.5355   0.6354   0.2733   0.1495   0.1649   0.1287   0.1255   0.1689   0.1754   0.1145   0.0641   0.0951   0.3513   0.3206   0.2925   0.1413   0.2406   0.1803   0.1654   0.3512   0.3313   0.2401   0.1738    0.325   0.2571    0.103   0.0917   0.1614   0.0591   0.2104   0.1844   0.0856   0.1527   0.0803   0.0922   0.0756   0.2275    0.122    0.181   0.3888   0.3849   0.2615     0.25   0.2312   0.0591   0.1394   0.1067   0.2984   0.3132   0.2671   0.2475   0.1773   0.0478   0.1544   0.0668   0.3401   0.1655   0.1221   0.3464   0.1164   0.0537   0.0571   0.3179   0.2207   0.1408     0.21    0.115
  snr   -18.29
    H     5.53
 exon    False

M: eiip
 freq      0.0   0.0016   0.0033   0.0049   0.0065   0.0082   0.0098   0.0114   0.0131   0.0147   0.0163   0.0179   0.0196   0.0212   0.0228   0.0245   0.0261   0.0277   0.0294    0.031   0.0326   0.0343   0.0359   0.0375   0.0392   0.0408   0.0424    0.044   0.0457   0.0473   0.0489   0.0506   0.0522   0.0538   0.0555   0.0571   0.0587   0.0604    0.062   0.0636   0.0653   0.0669   0.0685   0.0701   0.0718   0.0734    0.075   0.0767   0.0783   0.0799   0.0816   0.0832   0.0848   0.0865   0.0881   0.0897   0.0914    0.093   0.0946   0.0962   0.0979   0.0995   0.1011   0.1028   0.1044    0.106   0.1077   0.1093   0.1109   0.1126   0.1142   0.1158   0.1175   0.1191   0.1207   0.1223    0.124   0.1256   0.1272   0.1289   0.1305   0.1321   0.1338   0.1354    0.137   0.1387   0.1403   0.1419   0.1436   0.1452   0.1468   0.1485   0.1501   0.1517   0.1533    0.155   0.1566   0.1582   0.1599   0.1615   0.1631   0.1648   0.1664    0.168   0.1697   0.1713   0.1729   0.1746   0.1762   0.1778   0.1794   0.1811   0.1827   0.1843    0.186   0.1876   0.1892   0.1909   0.1925   0.1941   0.1958   0.1974    0.199   0.2007   0.2023   0.2039   0.2055   0.2072   0.2088   0.2104   0.2121   0.2137   0.2153    0.217   0.2186   0.2202   0.2219   0.2235   0.2251   0.2268   0.2284     0.23   0.2316   0.2333   0.2349   0.2365   0.2382   0.2398   0.2414   0.2431   0.2447   0.2463    0.248   0.2496   0.2512   0.2529   0.2545   0.2561   0.2577   0.2594    0.261   0.2626   0.2643   0.2659   0.2675   0.2692   0.2708   0.2724   0.2741   0.2757   0.2773    0.279   0.2806   0.2822   0.2838   0.2855   0.2871   0.2887   0.2904    0.292   0.2936   0.2953   0.2969   0.2985   0.3002   0.3018   0.3034   0.3051   0.3067   0.3083     0.31   0.3116   0.3132   0.3148   0.3165   0.3181   0.3197   0.3214    0.323   0.3246   0.3263   0.3279   0.3295   0.3312   0.3328   0.3344   0.3361   0.3377   0.3393   0.3409   0.3426   0.3442   0.3458   0.3475   0.3491   0.3507   0.3524    0.354   0.3556   0.3573   0.3589   0.3605   0.3622   0.3638   0.3654    0.367   0.3687   0.3703   0.3719   0.3736   0.3752   0.3768   0.3785   0.3801   0.3817   0.3834    0.385   0.3866   0.3883   0.3899   0.3915   0.3931   0.3948   0.3964    0.398   0.3997   0.4013   0.4029   0.4046   0.4062   0.4078   0.4095   0.4111   0.4127   0.4144    0.416   0.4176   0.4192   0.4209   0.4225   0.4241   0.4258   0.4274    0.429   0.4307   0.4323   0.4339   0.4356   0.4372   0.4388   0.4405   0.4421   0.4437   0.4454    0.447   0.4486   0.4502   0.4519   0.4535   0.4551   0.4568   0.4584     0.46   0.4617   0.4633   0.4649   0.4666   0.4682   0.4698   0.4715   0.4731   0.4747   0.4763    0.478   0.4796   0.4812   0.4829   0.4845   0.4861   0.4878   0.4894    0.491   0.4927   0.4943   0.4959   0.4976   0.4992
    S      0.0   0.1636   0.0503   0.0396   0.1353   0.3308    0.292   0.0503   0.4166   0.3588   0.5353   0.0633   0.1076   0.0703   0.2053   0.1354   0.2819   0.0044    0.089   0.4387   0.0206   0.2132   0.7018    0.118   0.0789   0.2589    0.048   0.0285   0.2212   0.2181   0.4966   0.0683   0.5008   0.1223   0.1492   0.1736   0.0045   0.0777   0.5412   0.1058   0.1574   0.4941   0.4264   0.0223   0.3591   0.1774   0.2169   0.3177   0.0418   0.0225   0.1486   0.0548   0.0136   0.0277   0.1402   0.0954   0.4451   0.1663   0.4238   0.9426   0.2013   0.0753   0.7428   0.0078   0.0926    0.552   0.1636   0.2235   0.0338   0.5987   0.0022   0.2798    0.215   0.0355   0.0711   0.3167   0.0615   0.0062   0.0784   0.1666   0.4199   0.0769   0.2306   0.1465   0.2356   0.1577   0.2452   0.0663   0.0602    0.239   0.3087   0.0114   0.0896   0.2161   0.0584    0.086   0.1099   0.3517   0.2648   0.1682   0.0659   0.2823   0.4505   0.3649   0.0632   0.0307   0.2212   0.0111    0.178   0.0696   0.2038   0.0456   0.2933   0.3716   0.8339   0.1018   0.3026   0.1032   0.2868   0.0702    0.775   0.1236   0.5259   0.5484   0.1214   0.2056   0.4487   0.1548     0.43   0.4205   0.0383   0.3171    0.041   0.1616   0.0787   0.4809   0.1122   0.2174   0.0099   0.1401   0.0497   0.1571   0.0867   0.0403   0.0667   0.1027    0.017   0.1617   0.1261   0.0067   0.2748   0.0888   0.0119    0.006   0.0309   0.2371   0.0382    0.654   0.1267   0.0471   0.0476   0.0685   0.2778   0.0903   0.3883   0.3925   0.0013   0.5397   0.1513   0.3366   0.0875   0.6296   0.5326   0.0786   0.4916   0.7598   0.2281   0.1005   0.0833      1.0   0.1007   0.3189   0.2049   0.1122   0.4296   0.2274   0.2151   0.4942   0.0116   0.0398   0.3121   0.0419   0.0303   0.0355   0.0847   0.1018   0.7001   0.0634   0.0953   0.1209   0.0006   0.1324   0.1534   0.0469   0.6125   0.1508   0.5624   0.2183    0.196   0.0634   0.0379   0.0075   0.1651   0.0456   0.2567   0.0536   0.3344   0.4011   0.2175   0.1827   0.2383   0.0046   0.0465   0.1017   0.3349   0.1287   0.0555   0.0652   0.4865   0.0014   0.1179    0.146   0.3239   0.2203   0.3821   0.1352   0.1828   0.5733   0.5434   0.1354   0.3716   0.6141   0.5788   0.1192   0.0737    0.091   0.2559   0.0595   0.7275   0.0003   0.1078   0.0058   0.2543   0.0929   0.5703   0.0057   0.5122   0.5728   0.2214   0.0716   0.0125   0.1296      0.1   0.1116   0.0511   0.0233   0.1997   0.3204   0.0295    0.042   0.0359   0.0119   0.1034   0.0356   0.2568   0.0086   0.0844    0.196   0.0314   0.0212   0.1041   0.3562   0.2928   0.2411   0.0355   0.2754   0.0726   0.0629   0.6084   0.1489   0.2642   0.2957   0.0569   0.4343   0.0086   0.2856   0.6672   0.2101    0.414   0.0426   0.0805   0.1647   0.1334   0.3396   0.4336   0.2065   0.1036
  snr   -17.97
    H     5.33
 exon    False

M: qpsk
 freq      0.0   0.0016   0.0033   0.0049   0.0065   0.0082   0.0098   0.0114   0.0131   0.0147   0.0163   0.0179   0.0196   0.0212   0.0228   0.0245   0.0261   0.0277   0.0294    0.031   0.0326   0.0343   0.0359   0.0375   0.0392   0.0408   0.0424    0.044   0.0457   0.0473   0.0489   0.0506   0.0522   0.0538   0.0555   0.0571   0.0587   0.0604    0.062   0.0636   0.0653   0.0669   0.0685   0.0701   0.0718   0.0734    0.075   0.0767   0.0783   0.0799   0.0816   0.0832   0.0848   0.0865   0.0881   0.0897   0.0914    0.093   0.0946   0.0962   0.0979   0.0995   0.1011   0.1028   0.1044    0.106   0.1077   0.1093   0.1109   0.1126   0.1142   0.1158   0.1175   0.1191   0.1207   0.1223    0.124   0.1256   0.1272   0.1289   0.1305   0.1321   0.1338   0.1354    0.137   0.1387   0.1403   0.1419   0.1436   0.1452   0.1468   0.1485   0.1501   0.1517   0.1533    0.155   0.1566   0.1582   0.1599   0.1615   0.1631   0.1648   0.1664    0.168   0.1697   0.1713   0.1729   0.1746   0.1762   0.1778   0.1794   0.1811   0.1827   0.1843    0.186   0.1876   0.1892   0.1909   0.1925   0.1941   0.1958   0.1974    0.199   0.2007   0.2023   0.2039   0.2055   0.2072   0.2088   0.2104   0.2121   0.2137   0.2153    0.217   0.2186   0.2202   0.2219   0.2235   0.2251   0.2268   0.2284     0.23   0.2316   0.2333   0.2349   0.2365   0.2382   0.2398   0.2414   0.2431   0.2447   0.2463    0.248   0.2496   0.2512   0.2529   0.2545   0.2561   0.2577   0.2594    0.261   0.2626   0.2643   0.2659   0.2675   0.2692   0.2708   0.2724   0.2741   0.2757   0.2773    0.279   0.2806   0.2822   0.2838   0.2855   0.2871   0.2887   0.2904    0.292   0.2936   0.2953   0.2969   0.2985   0.3002   0.3018   0.3034   0.3051   0.3067   0.3083     0.31   0.3116   0.3132   0.3148   0.3165   0.3181   0.3197   0.3214    0.323   0.3246   0.3263   0.3279   0.3295   0.3312   0.3328   0.3344   0.3361   0.3377   0.3393   0.3409   0.3426   0.3442   0.3458   0.3475   0.3491   0.3507   0.3524    0.354   0.3556   0.3573   0.3589   0.3605   0.3622   0.3638   0.3654    0.367   0.3687   0.3703   0.3719   0.3736   0.3752   0.3768   0.3785   0.3801   0.3817   0.3834    0.385   0.3866   0.3883   0.3899   0.3915   0.3931   0.3948   0.3964    0.398   0.3997   0.4013   0.4029   0.4046   0.4062   0.4078   0.4095   0.4111   0.4127   0.4144    0.416   0.4176   0.4192   0.4209   0.4225   0.4241   0.4258   0.4274    0.429   0.4307   0.4323   0.4339   0.4356   0.4372   0.4388   0.4405   0.4421   0.4437   0.4454    0.447   0.4486   0.4502   0.4519   0.4535   0.4551   0.4568   0.4584     0.46   0.4617   0.4633   0.4649   0.4666   0.4682   0.4698   0.4715   0.4731   0.4747   0.4763    0.478   0.4796   0.4812   0.4829   0.4845   0.4861   0.4878   0.4894    0.491   0.4927   0.4943   0.4959   0.4976   0.4992
    S      0.0      1.0   0.1993   0.0797   0.7909   0.5834   0.5819   0.3301   0.5171   0.0431    0.299    0.129   0.2026   0.3135   0.1387   0.1006   0.1548   0.1533   0.2502   0.4285   0.3074   0.1398   0.2794   0.1496    0.143   0.2005   0.2138   0.0582   0.0804   0.4618   0.1665   0.4173   0.2963   0.3336   0.1684   0.4551   0.1177   0.2216   0.2757   0.1345   0.4597   0.2274   0.1246   0.2266   0.1475   0.3122   0.0238   0.2069    0.074   0.0654   0.2294    0.495   0.0547   0.0474    0.103   0.1655   0.4402   0.4216   0.3046   0.3932   0.3455   0.2979   0.7943   0.2116   0.0972   0.4652   0.0388   0.1089   0.0769   0.6597   0.2223   0.3148   0.3659    0.027   0.2138   0.2799   0.0362   0.1245   0.4668    0.271   0.3816   0.5365   0.2587   0.1494   0.1673   0.0719   0.0458   0.4731   0.1013    0.031     0.25   0.2159   0.2423   0.3196   0.1689   0.2319   0.0957   0.2069   0.2793   0.0781   0.0992   0.2454   0.7558   0.0466   0.2171   0.1292   0.1371   0.0214   0.3536   0.1677   0.1001   0.0281   0.3674   0.5489   0.2152   0.0829   0.4646   0.5136   0.1728   0.1404   0.7862   0.2501    0.636   0.3638    0.134   0.2178   0.1557   0.1003   0.1304   0.1118   0.1348   0.1469   0.0183   0.5915   0.1575   0.2447   0.3863    0.234   0.1334   0.1409   0.2359   0.1078   0.0562   0.1954   0.2094   0.0544   0.0891   0.0621   0.0445   0.1148   0.1367   0.0716   0.0824   0.0731    0.031   0.2851    0.162   0.5689   0.7676    0.014   0.1115   0.0224   0.6141   0.0938   0.2035   0.4746   0.0265   0.4107   0.2369   0.1191   0.1444   0.6529   0.3493   0.1843   0.2736   0.1697    0.141   0.1168   0.6278   0.5971   0.3212   0.7147     0.39   0.1809    0.199   0.2764   0.2385   0.3893   0.1085   0.1236   0.2845   0.8308   0.2622   0.1265   0.2682   0.2538    0.303   0.3369   0.1165   0.3892   0.1186   0.0658   0.4703   0.2821   0.0993   0.1152   0.5084   0.1195   0.1919   0.2055   0.2377   0.0215   0.1189   0.1049   0.2537   0.0289   0.1952   0.1764   0.1187   0.0966   0.1423    0.309   0.2118   0.0362   0.2168   0.2528    0.072   0.0396    0.349   0.1925    0.055    0.637   0.1744   0.1327    0.243   0.2462   0.0955     0.31   0.6665   0.2384   0.3839   0.3776   0.1791   0.1296   0.1135   0.2024   0.1229   0.1146   0.1887   0.1607   0.0966   0.1133   0.3142   0.5013   0.1539   0.1293   0.1529   0.2855   0.0071   0.2326   0.2919   0.3418   0.1442   0.3301   0.2648   0.1109   0.0799   0.2191    0.032   0.3086    0.286   0.0932   0.1436   0.0493   0.1195   0.1136   0.2309   0.1835    0.237   0.3603   0.2583   0.4096   0.0648   0.3333   0.0619   0.1563   0.0687    0.239   0.4813   0.1407   0.2087   0.2028   0.0605    0.202   0.0848   0.1369   0.2145   0.1556   0.2797   0.1726    0.078   0.0826   0.4104   0.1622   0.1914   0.2616   0.1702
  snr   -18.48
    H     5.48
 exon    False

M: mem
 freq      0.0   0.0016   0.0033   0.0049   0.0065   0.0082   0.0098   0.0114   0.0131   0.0147   0.0163    0.018   0.0196   0.0212   0.0229   0.0245   0.0261   0.0278   0.0294    0.031   0.0327   0.0343   0.0359   0.0376   0.0392   0.0408   0.0425   0.0441   0.0458   0.0474    0.049   0.0507   0.0523   0.0539   0.0556   0.0572   0.0588   0.0605   0.0621   0.0637   0.0654    0.067   0.0686   0.0703   0.0719   0.0735   0.0752   0.0768   0.0784   0.0801   0.0817   0.0833    0.085   0.0866   0.0882   0.0899   0.0915   0.0931   0.0948   0.0964    0.098   0.0997   0.1013   0.1029   0.1046   0.1062   0.1078   0.1095   0.1111   0.1127   0.1144    0.116   0.1176   0.1193   0.1209   0.1225   0.1242   0.1258   0.1275   0.1291   0.1307   0.1324    0.134   0.1356   0.1373   0.1389   0.1405   0.1422   0.1438   0.1454   0.1471   0.1487   0.1503    0.152   0.1536   0.1552   0.1569   0.1585   0.1601   0.1618   0.1634    0.165   0.1667   0.1683   0.1699   0.1716   0.1732   0.1748   0.1765   0.1781   0.1797   0.1814    0.183   0.1846   0.1863   0.1879   0.1895   0.1912   0.1928   0.1944   0.1961   0.1977   0.1993    0.201   0.2026   0.2042   0.2059   0.2075   0.2092   0.2108   0.2124   0.2141   0.2157   0.2173    0.219   0.2206   0.2222   0.2239   0.2255   0.2271   0.2288   0.2304    0.232   0.2337   0.2353   0.2369   0.2386   0.2402   0.2418   0.2435   0.2451   0.2467   0.2484     0.25   0.2516   0.2533   0.2549   0.2565   0.2582   0.2598   0.2614   0.2631   0.2647   0.2663    0.268   0.2696   0.2712   0.2729   0.2745   0.2761   0.2778   0.2794    0.281   0.2827   0.2843   0.2859   0.2876   0.2892   0.2908   0.2925   0.2941   0.2958   0.2974    0.299   0.3007   0.3023   0.3039   0.3056   0.3072   0.3088   0.3105   0.3121   0.3137   0.3154    0.317   0.3186   0.3203   0.3219   0.3235   0.3252   0.3268   0.3284   0.3301   0.3317   0.3333    0.335   0.3366   0.3382   0.3399   0.3415   0.3431   0.3448   0.3464    0.348   0.3497   0.3513   0.3529   0.3546   0.3562   0.3578   0.3595   0.3611   0.3627   0.3644    0.366   0.3676   0.3693   0.3709   0.3725   0.3742   0.3758   0.3775   0.3791   0.3807   0.3824    0.384   0.3856   0.3873   0.3889   0.3905   0.3922   0.3938   0.3954   0.3971   0.3987   0.4003    0.402   0.4036   0.4052   0.4069   0.4085   0.4101   0.4118   0.4134    0.415   0.4167   0.4183   0.4199   0.4216   0.4232   0.4248   0.4265   0.4281   0.4297   0.4314    0.433   0.4346   0.4363   0.4379   0.4395   0.4412   0.4428   0.4444   0.4461   0.4477   0.4493    0.451   0.4526   0.4542   0.4559   0.4575   0.4592   0.4608   0.4624   0.4641   0.4657   0.4673    0.469   0.4706   0.4722   0.4739   0.4755   0.4771   0.4788   0.4804    0.482   0.4837   0.4853   0.4869   0.4886   0.4902   0.4918   0.4935   0.4951   0.4967   0.4984
    S      0.0   0.5014   0.2097   0.0434      1.0   0.5633   0.5018   0.2492   0.1971   0.0089   0.0731    0.033    0.197   0.4303   0.0805   0.0254   0.0796   0.1595   0.1802    0.109   0.0572   0.0633   0.0464   0.0084   0.0287   0.0897   0.0004    0.065   0.0279   0.2062   0.0002   0.2297   0.0777   0.4078   0.0934   0.2478   0.0814   0.0852   0.0924   0.1455   0.3235   0.1849   0.0162   0.1713    0.015   0.0793    0.008   0.0833   0.0906   0.0126   0.2461   0.6638   0.0906   0.0029   0.0192   0.0036   0.2924   0.2517   0.0884   0.0691    0.022   0.2202   0.5168   0.0209     0.11   0.1623   0.0041   0.0181   0.0581   0.2545   0.1251   0.0887   0.2627   0.0206   0.1269    0.163   0.0512    0.024   0.5912   0.4535   0.2104   0.4284   0.2239   0.0107   0.0786    0.037   0.0813   0.3385   0.0408   0.0517   0.1376    0.211    0.024   0.2027   0.1354   0.2108   0.0035   0.1632   0.2163   0.0446   0.0954   0.2098   0.7972   0.0719    0.482   0.0485   0.0217   0.0197   0.0161   0.0169   0.0678   0.0603   0.1466   0.4278   0.0047   0.0191   0.1376   0.0229   0.0866   0.0962   0.1419   0.1904   0.0968   0.0453   0.0434   0.0032   0.0802   0.0252   0.0038   0.0168   0.0232   0.0609   0.0366   0.5755   0.1426   0.0133   0.0912   0.0271   0.0802   0.0184   0.0466    0.128   0.0767   0.0612   0.1025   0.0283   0.0081   0.0797   0.0856   0.0176   0.0173   0.1219   0.0363   0.0321   0.0354    0.061   0.0293   0.5598   0.6297   0.0037   0.0151   0.0132   0.0052    0.055   0.0297   0.0809   0.0342   0.2507    0.264   0.2156   0.0185   0.0696   0.1035   0.0344    0.063   0.0354   0.0722   0.0676   0.0515   0.0321   0.1087   0.7144   0.3056    0.023   0.0666   0.1678   0.0076   0.2392   0.1474   0.2532   0.1012   0.0751   0.0619   0.0174   0.0158   0.0148   0.0563   0.0175    0.005   0.0385   0.1159    0.229    0.169    0.312   0.1296   0.0858   0.1394    0.096   0.0005   0.0117   0.0541   0.0097   0.0035   0.0227   0.0415   0.1835   0.0681   0.0482   0.0433   0.0162   0.0145   0.0881    0.004    0.024   0.1652   0.0103   0.0716   0.0501   0.0328   0.0398   0.0245    0.344   0.1028   0.1192   0.1521   0.0821    0.074   0.1434   0.5109   0.0097   0.2983   0.2695   0.0661   0.0278   0.1536   0.0051   0.0035   0.0599   0.0284   0.0277   0.0323   0.1259    0.032   0.0345   0.0959    0.008   0.1409   0.0761    0.006   0.1843    0.282   0.0115   0.0092   0.0788   0.1229   0.0388   0.0036   0.1799   0.0624   0.1467   0.0904   0.0513   0.0521   0.0262   0.0336   0.1737   0.0668   0.1339   0.0038   0.1822   0.2134   0.4079   0.0604   0.0018   0.0551    0.091   0.0038   0.3587   0.3129   0.2297   0.0407    0.001   0.1177   0.0035   0.0129   0.1646   0.0107   0.0851   0.1258   0.0303   0.0209   0.0146   0.2294    0.133    0.028   0.2974
  snr   -15.51
    H     5.16
 exon    False

M: alg1
 freq      0.0   0.0016   0.0033   0.0049   0.0065   0.0082   0.0098   0.0114   0.0131   0.0147   0.0163   0.0179   0.0196   0.0212   0.0228   0.0245   0.0261   0.0277   0.0294    0.031   0.0326   0.0343   0.0359   0.0375   0.0392   0.0408   0.0424    0.044   0.0457   0.0473   0.0489   0.0506   0.0522   0.0538   0.0555   0.0571   0.0587   0.0604    0.062   0.0636   0.0653   0.0669   0.0685   0.0701   0.0718   0.0734    0.075   0.0767   0.0783   0.0799   0.0816   0.0832   0.0848   0.0865   0.0881   0.0897   0.0914    0.093   0.0946   0.0962   0.0979   0.0995   0.1011   0.1028   0.1044    0.106   0.1077   0.1093   0.1109   0.1126   0.1142   0.1158   0.1175   0.1191   0.1207   0.1223    0.124   0.1256   0.1272   0.1289   0.1305   0.1321   0.1338   0.1354    0.137   0.1387   0.1403   0.1419   0.1436   0.1452   0.1468   0.1485   0.1501   0.1517   0.1533    0.155   0.1566   0.1582   0.1599   0.1615   0.1631   0.1648   0.1664    0.168   0.1697   0.1713   0.1729   0.1746   0.1762   0.1778   0.1794   0.1811   0.1827   0.1843    0.186   0.1876   0.1892   0.1909   0.1925   0.1941   0.1958   0.1974    0.199   0.2007   0.2023   0.2039   0.2055   0.2072   0.2088   0.2104   0.2121   0.2137   0.2153    0.217   0.2186   0.2202   0.2219   0.2235   0.2251   0.2268   0.2284     0.23   0.2316   0.2333   0.2349   0.2365   0.2382   0.2398   0.2414   0.2431   0.2447   0.2463    0.248   0.2496   0.2512   0.2529   0.2545   0.2561   0.2577   0.2594    0.261   0.2626   0.2643   0.2659   0.2675   0.2692   0.2708   0.2724   0.2741   0.2757   0.2773    0.279   0.2806   0.2822   0.2838   0.2855   0.2871   0.2887   0.2904    0.292   0.2936   0.2953   0.2969   0.2985   0.3002   0.3018   0.3034   0.3051   0.3067   0.3083     0.31   0.3116   0.3132   0.3148   0.3165   0.3181   0.3197   0.3214    0.323   0.3246   0.3263   0.3279   0.3295   0.3312   0.3328   0.3344   0.3361   0.3377   0.3393   0.3409   0.3426   0.3442   0.3458   0.3475   0.3491   0.3507   0.3524    0.354   0.3556   0.3573   0.3589   0.3605   0.3622   0.3638   0.3654    0.367   0.3687   0.3703   0.3719   0.3736   0.3752   0.3768   0.3785   0.3801   0.3817   0.3834    0.385   0.3866   0.3883   0.3899   0.3915   0.3931   0.3948   0.3964    0.398   0.3997   0.4013   0.4029   0.4046   0.4062   0.4078   0.4095   0.4111   0.4127   0.4144    0.416   0.4176   0.4192   0.4209   0.4225   0.4241   0.4258   0.4274    0.429   0.4307   0.4323   0.4339   0.4356   0.4372   0.4388   0.4405   0.4421   0.4437   0.4454    0.447   0.4486   0.4502   0.4519   0.4535   0.4551   0.4568   0.4584     0.46   0.4617   0.4633   0.4649   0.4666   0.4682   0.4698   0.4715   0.4731   0.4747   0.4763    0.478   0.4796   0.4812   0.4829   0.4845   0.4861   0.4878   0.4894    0.491   0.4927   0.4943   0.4959   0.4976   0.4992
    S      0.0   0.3313   0.1983   0.1345   0.8712   0.1969   0.2329   0.1556   0.1667   0.3057   0.1267   0.0027   0.0636   0.2852   0.1838   0.1059   0.1019   0.1675   0.1718   0.3825   0.1856   0.0447    0.265   0.0547   0.1333   0.0725    0.106   0.0185   0.0958   0.1163   0.4056   0.3418   0.1866   0.2163   0.1873   0.3569   0.0718   0.0445   0.3454   0.0759   0.1768   0.5437    0.365   0.1267   0.4328   0.0361   0.2017   0.1315   0.0562   0.0373   0.0938    0.525     0.03   0.0459   0.0505   0.0835   0.2953   0.1734    0.034    0.334   0.1611   0.0877   0.7758   0.0386   0.1065     0.11   0.0816   0.1911    0.152   0.5586   0.1306   0.2586   0.1145   0.0121   0.0778    0.178   0.0863   0.0702   0.4648    0.047   0.1028   0.5191   0.3864   0.1211   0.4172   0.2381   0.5079   0.3057   0.0484   0.3695    0.194   0.2439   0.1066   0.3633   0.0223   0.2908   0.0257   0.1897   0.1472   0.1931   0.1108   0.1106   0.4997   0.6334   0.1425   0.1084   0.3274    0.052   0.2305   0.0508   0.3104   0.0655   0.1941   0.0546    0.566   0.1062   0.0584   0.1787   0.1163   0.0763   0.2597   0.1513   0.1813    0.418   0.0971    0.449   0.4724   0.1579   0.5231   0.4064   0.1279   0.2867    0.015   0.2775   0.0532   0.4799    0.169    0.103     0.04   0.1426   0.1031    0.132   0.3875   0.0701   0.0916   0.1712   0.1557    0.438   0.1938   0.0217   0.2365   0.0961   0.0721   0.0528    0.033   0.5008   0.0676   0.4983   0.4507   0.1208   0.0962   0.0802   0.1043   0.0955   0.1528   0.1369   0.0359   0.1714   0.1972   0.1988   0.3917   0.7531   0.2576   0.0571   0.2322   0.5268   0.1853   0.0378   0.2097   0.5345   0.1394   0.2435      0.2   0.0389   0.2864   0.0693   0.0379   0.0893    0.045   0.2011   0.1195   0.3602   0.0573   0.0686   0.1641   0.0902   0.3081   0.2896   0.0411   0.1755   0.1452   0.1341   0.2091   0.4847   0.5785   0.0798   0.1532   0.4125   0.1823   0.0488   0.0301   0.0569   0.1532   0.0838   0.4558   0.2174   0.0976   0.0987   0.3057   0.1663   0.2613    0.083   0.1513   0.1527   0.1329   0.1709   0.0314   0.0261    0.121   0.0883   0.1324   0.3686   0.1685    0.256   0.3819   0.0591   0.0424   0.0944   0.3584   0.1415   0.5062      1.0   0.5119    0.207   0.1305   0.0598   0.1751   0.2099   0.3354    0.054   0.0334   0.0625   0.2792     0.04   0.5652    0.092   0.4865   0.1103   0.3836   0.3176   0.2027   0.1093   0.2126   0.2133   0.2092   0.0313   0.1643   0.0908   0.0936   0.0761   0.0764    0.052   0.0806    0.093   0.0964   0.0346   0.1356   0.0605   0.1042   0.2433   0.4194   0.1169   0.5311    0.176   0.0143   0.1904   0.1178   0.2465     0.05   0.3113   0.2116   0.1974   0.0151   0.1558   0.0283   0.6263   0.2488     0.11    0.501   0.0449   0.0454   0.0566   0.1327   0.2776   0.1495   0.0367   0.0547
  snr   -17.73
    H     5.42
 exon    False

M: alg2
 freq      0.0   0.0016   0.0033   0.0049   0.0065   0.0082   0.0098   0.0114   0.0131   0.0147   0.0163   0.0179   0.0196   0.0212   0.0228   0.0245   0.0261   0.0277   0.0294    0.031   0.0326   0.0343   0.0359   0.0375   0.0392   0.0408   0.0424    0.044   0.0457   0.0473   0.0489   0.0506   0.0522   0.0538   0.0555   0.0571   0.0587   0.0604    0.062   0.0636   0.0653   0.0669   0.0685   0.0701   0.0718   0.0734    0.075   0.0767   0.0783   0.0799   0.0816   0.0832   0.0848   0.0865   0.0881   0.0897   0.0914    0.093   0.0946   0.0962   0.0979   0.0995   0.1011   0.1028   0.1044    0.106   0.1077   0.1093   0.1109   0.1126   0.1142   0.1158   0.1175   0.1191   0.1207   0.1223    0.124   0.1256   0.1272   0.1289   0.1305   0.1321   0.1338   0.1354    0.137   0.1387   0.1403   0.1419   0.1436   0.1452   0.1468   0.1485   0.1501   0.1517   0.1533    0.155   0.1566   0.1582   0.1599   0.1615   0.1631   0.1648   0.1664    0.168   0.1697   0.1713   0.1729   0.1746   0.1762   0.1778   0.1794   0.1811   0.1827   0.1843    0.186   0.1876   0.1892   0.1909   0.1925   0.1941   0.1958   0.1974    0.199   0.2007   0.2023   0.2039   0.2055   0.2072   0.2088   0.2104   0.2121   0.2137   0.2153    0.217   0.2186   0.2202   0.2219   0.2235   0.2251   0.2268   0.2284     0.23   0.2316   0.2333   0.2349   0.2365   0.2382   0.2398   0.2414   0.2431   0.2447   0.2463    0.248   0.2496   0.2512   0.2529   0.2545   0.2561   0.2577   0.2594    0.261   0.2626   0.2643   0.2659   0.2675   0.2692   0.2708   0.2724   0.2741   0.2757   0.2773    0.279   0.2806   0.2822   0.2838   0.2855   0.2871   0.2887   0.2904    0.292   0.2936   0.2953   0.2969   0.2985   0.3002   0.3018   0.3034   0.3051   0.3067   0.3083     0.31   0.3116   0.3132   0.3148   0.3165   0.3181   0.3197   0.3214    0.323   0.3246   0.3263   0.3279   0.3295   0.3312   0.3328   0.3344   0.3361   0.3377   0.3393   0.3409   0.3426   0.3442   0.3458   0.3475   0.3491   0.3507   0.3524    0.354   0.3556   0.3573   0.3589   0.3605   0.3622   0.3638   0.3654    0.367   0.3687   0.3703   0.3719   0.3736   0.3752   0.3768   0.3785   0.3801   0.3817   0.3834    0.385   0.3866   0.3883   0.3899   0.3915   0.3931   0.3948   0.3964    0.398   0.3997   0.4013   0.4029   0.4046   0.4062   0.4078   0.4095   0.4111   0.4127   0.4144    0.416   0.4176   0.4192   0.4209   0.4225   0.4241   0.4258   0.4274    0.429   0.4307   0.4323   0.4339   0.4356   0.4372   0.4388   0.4405   0.4421   0.4437   0.4454    0.447   0.4486   0.4502   0.4519   0.4535   0.4551   0.4568   0.4584     0.46   0.4617   0.4633   0.4649   0.4666   0.4682   0.4698   0.4715   0.4731   0.4747   0.4763    0.478   0.4796   0.4812   0.4829   0.4845   0.4861   0.4878   0.4894    0.491   0.4927   0.4943   0.4959   0.4976   0.4992
    S      0.0   0.4721   0.1881    0.042      1.0   0.4859   0.4275   0.2266   0.1513   0.0151   0.0395   0.0211   0.1487   0.4131   0.0811   0.0291   0.0486   0.1742     0.17   0.0763   0.0569   0.0327   0.0186    0.001   0.0274    0.051    0.004   0.0502   0.0126   0.1831   0.0091   0.2399   0.0227   0.3715   0.0975   0.2985   0.0712   0.0669   0.0728   0.1283    0.272   0.2159   0.0232   0.1614   0.0447   0.0593   0.0137   0.0493   0.0849   0.0179   0.1676    0.677   0.0468   0.0055   0.0165   0.0084    0.233   0.1398   0.1006    0.025   0.0361   0.1255   0.5994   0.0175   0.0806   0.1157   0.0013   0.0197   0.0705   0.2454   0.1246   0.1179   0.2253   0.0123   0.1078   0.0997    0.024   0.0553   0.4835   0.1874   0.2408   0.5992     0.24   0.0053   0.1179   0.0316   0.1373   0.2416    0.098   0.0798   0.0944   0.2432   0.0232   0.2257   0.0304   0.3087   0.0047    0.107   0.2264   0.0232   0.0965   0.1472   0.7778   0.1104   0.2524    0.149   0.0347   0.0164   0.0176   0.0127   0.0937   0.0113   0.1945   0.2624   0.0039   0.0113   0.0834   0.0555   0.0549   0.1302   0.0518   0.1991   0.0166   0.0321   0.0108   0.0584   0.0974   0.0184   0.0276   0.0357   0.0457   0.0507   0.0068   0.4894   0.0252   0.0863   0.0365   0.0753   0.0427   0.0543   0.0525   0.0436   0.1473   0.0101   0.1617   0.0466   0.0689   0.1664   0.0707   0.0172   0.0093   0.0633   0.0921     0.05   0.0337   0.0532   0.0116   0.4275   0.6769   0.0388   0.0037   0.0032   0.0101   0.0386   0.0267   0.0407   0.0204   0.1688   0.2686   0.0133   0.1894   0.1845   0.0487   0.0013   0.0429    0.022   0.0767   0.0749   0.0336    0.009   0.2139   0.3316   0.3869   0.0859   0.0491   0.0763   0.0584   0.2079   0.0593   0.1035   0.1926   0.1979   0.0259   0.0487   0.0121   0.0103   0.0011    0.092    0.001   0.0712   0.1334   0.0431   0.2962   0.3007   0.0491   0.0421   0.2326   0.1221     0.01   0.0103   0.0235   0.0393   0.0114   0.0053   0.0885   0.0863   0.0942   0.0431   0.0578   0.0016   0.0378   0.0387   0.0666   0.0323   0.0855   0.0237    0.042   0.0064   0.0938   0.0333   0.0243   0.3959   0.0015   0.1313   0.1978   0.0718   0.0312   0.1128   0.1159   0.2237   0.2326   0.3326   0.0874   0.0433   0.1311   0.0273   0.0108   0.0765   0.0086   0.0366   0.0069   0.0758    0.086   0.0016   0.1256   0.0337   0.0812   0.0563   0.0592   0.1441   0.1208   0.1928   0.0384   0.1944     0.08   0.0286   0.0124   0.1003   0.0393   0.0147   0.0799   0.0167   0.0968   0.0381    0.008   0.0355   0.1899   0.0932   0.0606   0.0802   0.3667    0.177   0.1023   0.0749   0.0433   0.0148   0.0887   0.2776   0.1432   0.1929   0.1896   0.0018   0.0344   0.0505   0.0079   0.1871   0.0144   0.0751   0.0603    0.066   0.0118   0.0063   0.1562   0.1144   0.0548   0.1676   0.0857
  snr    -15.1
    H     5.19
 exon    False