>data-XVI-cerevisiae-intergenic-159
N: 440
Methods: voss, eiip, qpsk, mem, tbpse, snrse

M: voss
 freq      0.0   0.0023   0.0045   0.0068   0.0091   0.0114   0.0136   0.0159   0.0182   0.0205   0.0227    0.025   0.0273   0.0295   0.0318   0.0341   0.0364   0.0386   0.0409   0.0432   0.0455   0.0477     0.05   0.0523   0.0545   0.0568   0.0591   0.0614   0.0636   0.0659   0.0682   0.0705   0.0727    0.075   0.0773   0.0795   0.0818   0.0841   0.0864   0.0886   0.0909   0.0932   0.0955   0.0977      0.1   0.1023   0.1045   0.1068   0.1091   0.1114   0.1136   0.1159   0.1182   0.1205   0.1227    0.125   0.1273   0.1295   0.1318   0.1341   0.1364   0.1386   0.1409   0.1432   0.1455   0.1477     0.15   0.1523   0.1545   0.1568   0.1591   0.1614   0.1636   0.1659   0.1682   0.1705   0.1727    0.175   0.1773   0.1795   0.1818   0.1841   0.1864   0.1886   0.1909   0.1932   0.1955   0.1977      0.2   0.2023   0.2045   0.2068   0.2091   0.2114   0.2136   0.2159   0.2182   0.2205   0.2227    0.225   0.2273   0.2295   0.2318   0.2341   0.2364   0.2386   0.2409   0.2432   0.2455   0.2477     0.25   0.2523   0.2545   0.2568   0.2591   0.2614   0.2636   0.2659   0.2682   0.2705   0.2727    0.275   0.2773   0.2795   0.2818   0.2841   0.2864   0.2886   0.2909   0.2932   0.2955   0.2977      0.3   0.3023   0.3045   0.3068   0.3091   0.3114   0.3136   0.3159   0.3182   0.3205   0.3227    0.325   0.3273   0.3295   0.3318   0.3341   0.3364   0.3386   0.3409   0.3432   0.3455   0.3477     0.35   0.3523   0.3545   0.3568   0.3591   0.3614   0.3636   0.3659   0.3682   0.3705   0.3727    0.375   0.3773   0.3795   0.3818   0.3841   0.3864   0.3886   0.3909   0.3932   0.3955   0.3977      0.4   0.4023   0.4045   0.4068   0.4091   0.4114   0.4136   0.4159   0.4182   0.4205   0.4227    0.425   0.4273   0.4295   0.4318   0.4341   0.4364   0.4386   0.4409   0.4432   0.4455   0.4477     0.45   0.4523   0.4545   0.4568   0.4591   0.4614   0.4636   0.4659   0.4682   0.4705   0.4727    0.475   0.4773   0.4795   0.4818   0.4841   0.4864   0.4886   0.4909   0.4932   0.4955   0.4977
    S      0.0   0.2132   0.3846   0.2487   0.2884   0.1851   0.4139   0.2905    0.443   0.5156   0.0519   0.1132   0.2658   0.5017    0.033   0.1943   0.2146   0.2933   0.3896   0.2146   0.2638   0.3698      0.3   0.2653   0.4173   0.1597   0.4184   0.5081   0.3819   0.6266   0.1091   0.0901   0.2077   0.2283   0.2256   0.2621    0.123   0.2556   0.0501   0.3372   0.0721      1.0    0.318   0.1246   0.3876   0.2579   0.1106   0.0755   0.1708   0.1144   0.2941   0.1142   0.1502   0.1776   0.4051   0.4178   0.2387   0.1798   0.2358   0.2705    0.041   0.0794   0.5928   0.1777   0.0594   0.3394   0.4208   0.2025   0.4418   0.3511   0.3647   0.3187   0.3017   0.2851   0.3071   0.1799   0.1589   0.1979   0.1935   0.1361   0.3651   0.3484   0.2984   0.4457   0.1425   0.1413   0.1598   0.2782   0.1121   0.4297   0.4745   0.3802    0.132   0.2847   0.1773   0.2308   0.3841   0.1911   0.1824    0.094   0.1762   0.1297   0.1528   0.4357     0.22   0.2446   0.3338   0.2249   0.2336   0.1179    0.359   0.0529   0.3737   0.1792   0.1335   0.5562   0.1354   0.4006   0.3039   0.2395    0.107   0.0711   0.1407   0.1468   0.4202    0.191   0.2539   0.1881   0.3688    0.335    0.135   0.3955   0.1712   0.3629   0.1948   0.0869   0.3345   0.3123   0.2585   0.1385   0.2684    0.255   0.1857    0.228   0.2053   0.2862    0.313   0.2389   0.2123   0.2599    0.067   0.1528   0.3524   0.2921   0.0996   0.3279   0.2276   0.5028   0.3367   0.1621   0.0385   0.2646    0.186   0.1298   0.4187   0.2721   0.0886   0.1888   0.9458   0.2709   0.1881    0.238   0.2383   0.1421   0.2113   0.4779    0.147   0.1786   0.0671   0.1135   0.2527   0.2424   0.1076   0.2092   0.1005   0.2445   0.1868   0.1127   0.1319   0.2134   0.1042   0.3613   0.2683   0.3645   0.1695   0.3273   0.1875    0.143   0.1785   0.2236    0.143   0.5073   0.2002   0.2218   0.3663   0.3172    0.166    0.929   0.2256   0.1536   0.1017   0.3109   0.3822   0.1823   0.1381   0.0687   0.4502   0.0885   0.0893    0.135
  snr   -17.33
    H     5.24
 exon    False

M: eiip
 freq      0.0   0.0023   0.0045   0.0068   0.0091   0.0114   0.0136   0.0159   0.0182   0.0205   0.0227    0.025   0.0273   0.0295   0.0318   0.0341   0.0364   0.0386   0.0409   0.0432   0.0455   0.0477     0.05   0.0523   0.0545   0.0568   0.0591   0.0614   0.0636   0.0659   0.0682   0.0705   0.0727    0.075   0.0773   0.0795   0.0818   0.0841   0.0864   0.0886   0.0909   0.0932   0.0955   0.0977      0.1   0.1023   0.1045   0.1068   0.1091   0.1114   0.1136   0.1159   0.1182   0.1205   0.1227    0.125   0.1273   0.1295   0.1318   0.1341   0.1364   0.1386   0.1409   0.1432   0.1455   0.1477     0.15   0.1523   0.1545   0.1568   0.1591   0.1614   0.1636   0.1659   0.1682   0.1705   0.1727    0.175   0.1773   0.1795   0.1818   0.1841   0.1864   0.1886   0.1909   0.1932   0.1955   0.1977      0.2   0.2023   0.2045   0.2068   0.2091   0.2114   0.2136   0.2159   0.2182   0.2205   0.2227    0.225   0.2273   0.2295   0.2318   0.2341   0.2364   0.2386   0.2409   0.2432   0.2455   0.2477     0.25   0.2523   0.2545   0.2568   0.2591   0.2614   0.2636   0.2659   0.2682   0.2705   0.2727    0.275   0.2773   0.2795   0.2818   0.2841   0.2864   0.2886   0.2909   0.2932   0.2955   0.2977      0.3   0.3023   0.3045   0.3068   0.3091   0.3114   0.3136   0.3159   0.3182   0.3205   0.3227    0.325   0.3273   0.3295   0.3318   0.3341   0.3364   0.3386   0.3409   0.3432   0.3455   0.3477     0.35   0.3523   0.3545   0.3568   0.3591   0.3614   0.3636   0.3659   0.3682   0.3705   0.3727    0.375   0.3773   0.3795   0.3818   0.3841   0.3864   0.3886   0.3909   0.3932   0.3955   0.3977      0.4   0.4023   0.4045   0.4068   0.4091   0.4114   0.4136   0.4159   0.4182   0.4205   0.4227    0.425   0.4273   0.4295   0.4318   0.4341   0.4364   0.4386   0.4409   0.4432   0.4455   0.4477     0.45   0.4523   0.4545   0.4568   0.4591   0.4614   0.4636   0.4659   0.4682   0.4705   0.4727    0.475   0.4773   0.4795   0.4818   0.4841   0.4864   0.4886   0.4909   0.4932   0.4955   0.4977
    S      0.0   0.0404   0.0271   0.2151   0.2863   0.0354    0.474   0.2384   0.2029   0.3359   0.0113   0.0675   0.1649   0.2602   0.0167   0.0062   0.0628   0.2225   0.1784   0.0962   0.1847   0.6783   0.2129   0.0001   0.2985   0.1524   0.4917     0.21   0.1628   0.2155   0.0466   0.0938   0.0183   0.3638    0.274   0.1997    0.069   0.0104   0.0126   0.2784   0.1019      1.0   0.3721   0.1767   0.3902   0.0072   0.1644   0.1237   0.0053   0.0635   0.2234   0.0173   0.0033   0.1532   0.3451   0.6099   0.2282    0.089   0.0554   0.0729   0.0399   0.0878   0.4097   0.0092   0.0177   0.1894   0.1274   0.1859   0.4158   0.1265   0.3279   0.3923   0.0995   0.2053   0.0121   0.1015   0.0113   0.0261   0.0218    0.067    0.029   0.0142   0.2197   0.4332   0.0036   0.2347   0.0118   0.0683   0.0602   0.0878   0.0208   0.1309   0.0113   0.3756   0.1041   0.1191   0.2608   0.0604   0.1583   0.0297   0.2781   0.0411   0.0122   0.7196   0.1887   0.0156    0.184   0.2482    0.129     0.06   0.4574   0.0164   0.1036   0.0805   0.1232   0.4461   0.1357   0.4664    0.109    0.116   0.0696   0.0812   0.1404   0.0043   0.3227   0.0629   0.0293   0.1469   0.6093   0.0155   0.0314   0.0004   0.0117   0.3935   0.0549   0.0198   0.0943   0.0327   0.2609   0.2012   0.2012   0.2252   0.0811   0.0535   0.2732   0.2319   0.1774   0.1703    0.339   0.0042   0.0407   0.0154   0.1872    0.171   0.0677   0.0209   0.0537   0.4837   0.2172   0.1058   0.0304   0.0679   0.1086   0.1462   0.0335   0.0251   0.1402   0.0708   0.5329   0.1827   0.0376   0.2094    0.222   0.0709   0.1811   0.1169   0.0172   0.2516   0.0701   0.0269   0.1692   0.2413   0.0684   0.0305   0.0598   0.4023   0.1309   0.0963   0.0804   0.0629   0.0205   0.3345   0.0147   0.0105   0.0616   0.3769   0.1188   0.2509   0.1044   0.0279   0.1449   0.2302   0.2026   0.0371   0.2992   0.4887   0.1233   0.0139   0.2204   0.1378   0.0781   0.0379   0.0449    0.149    0.028    0.024    0.224   0.0475   0.0633   0.0474
  snr   -15.17
    H     4.96
 exon    False

M: qpsk
 freq      0.0   0.0023   0.0045   0.0068   0.0091   0.0114   0.0136   0.0159   0.0182   0.0205   0.0227    0.025   0.0273   0.0295   0.0318   0.0341   0.0364   0.0386   0.0409   0.0432   0.0455   0.0477     0.05   0.0523   0.0545   0.0568   0.0591   0.0614   0.0636   0.0659   0.0682   0.0705   0.0727    0.075   0.0773   0.0795   0.0818   0.0841   0.0864   0.0886   0.0909   0.0932   0.0955   0.0977      0.1   0.1023   0.1045   0.1068   0.1091   0.1114   0.1136   0.1159   0.1182   0.1205   0.1227    0.125   0.1273   0.1295   0.1318   0.1341   0.1364   0.1386   0.1409   0.1432   0.1455   0.1477     0.15   0.1523   0.1545   0.1568   0.1591   0.1614   0.1636   0.1659   0.1682   0.1705   0.1727    0.175   0.1773   0.1795   0.1818   0.1841   0.1864   0.1886   0.1909   0.1932   0.1955   0.1977      0.2   0.2023   0.2045   0.2068   0.2091   0.2114   0.2136   0.2159   0.2182   0.2205   0.2227    0.225   0.2273   0.2295   0.2318   0.2341   0.2364   0.2386   0.2409   0.2432   0.2455   0.2477     0.25   0.2523   0.2545   0.2568   0.2591   0.2614   0.2636   0.2659   0.2682   0.2705   0.2727    0.275   0.2773   0.2795   0.2818   0.2841   0.2864   0.2886   0.2909   0.2932   0.2955   0.2977      0.3   0.3023   0.3045   0.3068   0.3091   0.3114   0.3136   0.3159   0.3182   0.3205   0.3227    0.325   0.3273   0.3295   0.3318   0.3341   0.3364   0.3386   0.3409   0.3432   0.3455   0.3477     0.35   0.3523   0.3545   0.3568   0.3591   0.3614   0.3636   0.3659   0.3682   0.3705   0.3727    0.375   0.3773   0.3795   0.3818   0.3841   0.3864   0.3886   0.3909   0.3932   0.3955   0.3977      0.4   0.4023   0.4045   0.4068   0.4091   0.4114   0.4136   0.4159   0.4182   0.4205   0.4227    0.425   0.4273   0.4295   0.4318   0.4341   0.4364   0.4386   0.4409   0.4432   0.4455   0.4477     0.45   0.4523   0.4545   0.4568   0.4591   0.4614   0.4636   0.4659   0.4682   0.4705   0.4727    0.475   0.4773   0.4795   0.4818   0.4841   0.4864   0.4886   0.4909   0.4932   0.4955   0.4977
    S      0.0   0.1893   0.2694   0.1735   0.2712   0.1983    0.414   0.2863   0.4801   0.6326   0.0067   0.1142   0.2679   0.3063   0.0253   0.1793   0.1431   0.1168   0.4129   0.1876   0.3028   0.3507   0.3542   0.2782   0.1996   0.1806    0.521   0.2001   0.4101   0.7318   0.0336   0.0933   0.0722   0.1648   0.1878   0.3144   0.1044   0.1458   0.0315   0.2177   0.0902      1.0   0.3459   0.1092   0.1072   0.2411   0.1212   0.0926   0.0502   0.1334   0.3461   0.0696   0.1337   0.2225   0.4748   0.4114   0.2898   0.1665   0.2783   0.2877   0.0514   0.0476   0.4447   0.1556   0.0662   0.2046   0.1657   0.0706   0.3518    0.088   0.1458   0.3145   0.3463   0.1404   0.0636    0.219    0.107   0.0645     0.19   0.0376   0.1374    0.136    0.204   0.5568   0.1035   0.1356   0.0693    0.333   0.0449   0.1235   0.2661   0.0719    0.091   0.1646   0.1219   0.2018   0.3374   0.1799   0.2262   0.0875   0.2127   0.0211   0.0972    0.519   0.1692   0.2019   0.3281   0.2821   0.1792    0.017   0.1296    0.062   0.1598   0.1583    0.153   0.6574   0.1627    0.284   0.3128   0.1938   0.0848   0.0476   0.1697   0.0651   0.2333   0.1812   0.1807   0.2213   0.3546   0.3541   0.1613   0.4937   0.1884   0.2578   0.1209   0.0596   0.3457     0.36   0.0587   0.1188   0.3006   0.1318   0.1888   0.0441   0.2544   0.2345   0.3534   0.1497   0.2336   0.2799   0.0583   0.1917   0.3038   0.2607   0.0253   0.2176   0.2058   0.4996   0.2582   0.1292   0.0466      0.2   0.0728   0.1615   0.2907   0.0836   0.0395   0.1951   0.9335   0.1953   0.1858   0.1211   0.2266   0.1345   0.2072   0.3037   0.0779   0.1182   0.0813   0.0954   0.0645   0.3048   0.0487   0.0918   0.1061   0.2317   0.0429   0.1415   0.0674   0.1359   0.0863   0.3991   0.3111   0.3478   0.1577   0.4061   0.1028   0.1684   0.2189    0.209   0.1192   0.1337   0.1541   0.2195   0.4573   0.3851   0.1777     0.55   0.2061   0.1569   0.0929   0.2597   0.4792   0.1818   0.0987   0.0663   0.4519   0.0907   0.0663    0.071
  snr   -16.52
    H     5.16
 exon    False

M: mem
 freq      0.0   0.0023   0.0045   0.0068   0.0091   0.0114   0.0136   0.0159   0.0182   0.0205   0.0227    0.025   0.0273   0.0295   0.0318   0.0341   0.0364   0.0386   0.0409   0.0432   0.0455   0.0477     0.05   0.0523   0.0545   0.0568   0.0591   0.0614   0.0636   0.0659   0.0682   0.0705   0.0727    0.075   0.0773   0.0795   0.0818   0.0841   0.0864   0.0886   0.0909   0.0932   0.0955   0.0977      0.1   0.1023   0.1045   0.1068   0.1091   0.1114   0.1136   0.1159   0.1182   0.1205   0.1227    0.125   0.1273   0.1295   0.1318   0.1341   0.1364   0.1386   0.1409   0.1432   0.1455   0.1477     0.15   0.1523   0.1545   0.1568   0.1591   0.1614   0.1636   0.1659   0.1682   0.1705   0.1727    0.175   0.1773   0.1795   0.1818   0.1841   0.1864   0.1886   0.1909   0.1932   0.1955   0.1977      0.2   0.2023   0.2045   0.2068   0.2091   0.2114   0.2136   0.2159   0.2182   0.2205   0.2227    0.225   0.2273   0.2295   0.2318   0.2341   0.2364   0.2386   0.2409   0.2432   0.2455   0.2477     0.25   0.2523   0.2545   0.2568   0.2591   0.2614   0.2636   0.2659   0.2682   0.2705   0.2727    0.275   0.2773   0.2795   0.2818   0.2841   0.2864   0.2886   0.2909   0.2932   0.2955   0.2977      0.3   0.3023   0.3045   0.3068   0.3091   0.3114   0.3136   0.3159   0.3182   0.3205   0.3227    0.325   0.3273   0.3295   0.3318   0.3341   0.3364   0.3386   0.3409   0.3432   0.3455   0.3477     0.35   0.3523   0.3545   0.3568   0.3591   0.3614   0.3636   0.3659   0.3682   0.3705   0.3727    0.375   0.3773   0.3795   0.3818   0.3841   0.3864   0.3886   0.3909   0.3932   0.3955   0.3977      0.4   0.4023   0.4045   0.4068   0.4091   0.4114   0.4136   0.4159   0.4182   0.4205   0.4227    0.425   0.4273   0.4295   0.4318   0.4341   0.4364   0.4386   0.4409   0.4432   0.4455   0.4477     0.45   0.4523   0.4545   0.4568   0.4591   0.4614   0.4636   0.4659   0.4682   0.4705   0.4727    0.475   0.4773   0.4795   0.4818   0.4841   0.4864   0.4886   0.4909   0.4932   0.4955   0.4977
    S      0.0   0.0333   0.0271    0.219   0.2348   0.0358    0.394   0.1831   0.1291   0.2507    0.018   0.0545   0.1662   0.3161   0.0174   0.0129   0.0504   0.2369   0.1152   0.1105   0.1771   0.6214   0.1827   0.0007   0.3106   0.1158   0.3755   0.2256   0.1254     0.12   0.0583   0.0814    0.027   0.3681   0.2431    0.131   0.0635   0.0028   0.0198   0.2803   0.0812      1.0   0.3178   0.1618   0.4559   0.0028   0.1427   0.1026   0.0209   0.0397   0.1661   0.0113   0.0046   0.1289   0.2387   0.5595   0.1919   0.0767   0.0386   0.0826   0.0327   0.0949   0.3468   0.0037   0.0114   0.2073   0.1431   0.2189   0.4275   0.1935    0.363   0.3266   0.0892   0.2258   0.0388   0.0821   0.0088   0.0406    0.034   0.0802   0.0662   0.0201   0.2476   0.3277   0.0062   0.2158   0.0283   0.0707   0.0649   0.1441   0.0205   0.1844   0.0069   0.4048   0.1065   0.0775   0.2064   0.0362   0.1315    0.023   0.2274   0.0563   0.0212   0.6187    0.167   0.0341   0.2145   0.1824   0.1454   0.0764   0.4859   0.0132   0.1378   0.0966   0.1085   0.3231   0.1068    0.453   0.0614   0.1272   0.0574   0.0775   0.1053   0.0054   0.3426   0.0414   0.0097   0.1003   0.5742   0.0078   0.0303   0.0006   0.0134   0.3909   0.0716   0.0196   0.0643   0.0299   0.2895   0.1837   0.1359   0.2623    0.042    0.077   0.2309   0.2474   0.1558   0.1754   0.2872   0.0045   0.0409   0.0137   0.1265    0.175   0.0821   0.0331   0.0305   0.4201   0.2215   0.0865   0.0266   0.0361   0.1266   0.1211   0.0206   0.0398   0.1459   0.0628   0.3403   0.1777   0.0419    0.226   0.1935   0.0612   0.1375   0.0757   0.0331   0.2664   0.0525   0.0103   0.1904    0.204   0.0692   0.0361    0.045   0.3919   0.1654   0.0765   0.1027   0.0647   0.0237   0.2684   0.0025   0.0283   0.0364   0.2767   0.1239   0.2174   0.0915   0.0367   0.1255    0.273   0.2124   0.0342   0.2068   0.4059   0.1168    0.066   0.2223   0.1307   0.0737   0.0579   0.0504   0.1526   0.0293   0.0273   0.1552   0.0447   0.0673   0.0696
  snr   -14.83
    H     4.98
 exon    False

M: tbpse
 freq      0.0   0.0023   0.0045   0.0068   0.0091   0.0114   0.0136   0.0159   0.0182   0.0205   0.0227    0.025   0.0273   0.0295   0.0318   0.0341   0.0364   0.0386   0.0409   0.0432   0.0455   0.0477     0.05   0.0523   0.0545   0.0568   0.0591   0.0614   0.0636   0.0659   0.0682   0.0705   0.0727    0.075   0.0773   0.0795   0.0818   0.0841   0.0864   0.0886   0.0909   0.0932   0.0955   0.0977      0.1   0.1023   0.1045   0.1068   0.1091   0.1114   0.1136   0.1159   0.1182   0.1205   0.1227    0.125   0.1273   0.1295   0.1318   0.1341   0.1364   0.1386   0.1409   0.1432   0.1455   0.1477     0.15   0.1523   0.1545   0.1568   0.1591   0.1614   0.1636   0.1659   0.1682   0.1705   0.1727    0.175   0.1773   0.1795   0.1818   0.1841   0.1864   0.1886   0.1909   0.1932   0.1955   0.1977      0.2   0.2023   0.2045   0.2068   0.2091   0.2114   0.2136   0.2159   0.2182   0.2205   0.2227    0.225   0.2273   0.2295   0.2318   0.2341   0.2364   0.2386   0.2409   0.2432   0.2455   0.2477     0.25   0.2523   0.2545   0.2568   0.2591   0.2614   0.2636   0.2659   0.2682   0.2705   0.2727    0.275   0.2773   0.2795   0.2818   0.2841   0.2864   0.2886   0.2909   0.2932   0.2955   0.2977      0.3   0.3023   0.3045   0.3068   0.3091   0.3114   0.3136   0.3159   0.3182   0.3205   0.3227    0.325   0.3273   0.3295   0.3318   0.3341   0.3364   0.3386   0.3409   0.3432   0.3455   0.3477     0.35   0.3523   0.3545   0.3568   0.3591   0.3614   0.3636   0.3659   0.3682   0.3705   0.3727    0.375   0.3773   0.3795   0.3818   0.3841   0.3864   0.3886   0.3909   0.3932   0.3955   0.3977      0.4   0.4023   0.4045   0.4068   0.4091   0.4114   0.4136   0.4159   0.4182   0.4205   0.4227    0.425   0.4273   0.4295   0.4318   0.4341   0.4364   0.4386   0.4409   0.4432   0.4455   0.4477     0.45   0.4523   0.4545   0.4568   0.4591   0.4614   0.4636   0.4659   0.4682   0.4705   0.4727    0.475   0.4773   0.4795   0.4818   0.4841   0.4864   0.4886   0.4909   0.4932   0.4955   0.4977
    S      0.0   0.1295    0.114   0.0553   0.1754   0.0716   0.2071   0.0534   0.3719   0.0924   0.0179   0.0062   0.2818   0.2022    0.005   0.0883   0.0354    0.127   0.1553   0.0966   0.2294   0.1694   0.3623   0.2126   0.1166   0.1504   0.0741   0.2374   0.2592   0.0653   0.0377    0.075   0.1073   0.1191   0.0772   0.0496   0.0322   0.0978   0.0169   0.1763   0.0575      1.0    0.014   0.0334   0.0943   0.1348   0.0768   0.0414   0.0288   0.0182   0.3492   0.0845   0.1361   0.1969   0.2677   0.1284   0.2699   0.0508   0.1241   0.1438   0.0329   0.0293   0.3436   0.0342   0.0534    0.042   0.2168    0.067   0.1521   0.0609   0.0478   0.1435   0.1888   0.1179   0.1155   0.2203   0.0719   0.1019   0.0951   0.0413   0.0748   0.1105   0.1835    0.067   0.0623   0.0669    0.029   0.2375   0.0161   0.0717   0.2814   0.1072   0.0195   0.1505   0.1085   0.0998   0.2987   0.1299    0.173    0.065   0.0379   0.0286   0.0519   0.3385   0.0825   0.1137   0.2683   0.0465   0.0745   0.0289   0.0507   0.0583   0.0509   0.1023   0.0554   0.5663   0.1205    0.255   0.0685   0.0859   0.0213   0.0346   0.1339   0.0792   0.2308   0.1626   0.0447   0.0242    0.277   0.2069    0.126   0.2651   0.1708   0.1176   0.0297   0.0148   0.2759   0.2233   0.0513    0.069   0.1081   0.1002   0.0453   0.0691   0.1684   0.1224    0.385   0.1516   0.0481   0.1483   0.0425   0.1234   0.2072   0.1247    0.036   0.0947   0.1017   0.1083   0.1775   0.1035    0.047   0.1773    0.098   0.1042   0.0511   0.0762    0.021   0.1113   0.5819   0.1988   0.1766   0.0644   0.2221   0.0217   0.1267   0.2613   0.0339   0.1065   0.0395   0.0295   0.0568   0.3091   0.0207   0.1356   0.1094   0.2016    0.053    0.064   0.0527   0.0428   0.0271   0.3715   0.0492   0.1806   0.1652    0.099   0.1189   0.1017   0.1398   0.0596    0.059     0.12   0.1484   0.0683   0.0156   0.1402   0.1422   0.3085   0.1142   0.1171   0.0233   0.1418   0.3523   0.1819   0.0643   0.0299   0.1655   0.0446   0.0522    0.045
  snr   -14.23
    H     5.08
 exon    False

M: snrse
 freq      0.0   0.0023   0.0045   0.0068   0.0091   0.0114   0.0136   0.0159   0.0182   0.0205   0.0227    0.025   0.0273   0.0295   0.0318   0.0341   0.0364   0.0386   0.0409   0.0432   0.0455   0.0477     0.05   0.0523   0.0545   0.0568   0.0591   0.0614   0.0636   0.0659   0.0682   0.0705   0.0727    0.075   0.0773   0.0795   0.0818   0.0841   0.0864   0.0886   0.0909   0.0932   0.0955   0.0977      0.1   0.1023   0.1045   0.1068   0.1091   0.1114   0.1136   0.1159   0.1182   0.1205   0.1227    0.125   0.1273   0.1295   0.1318   0.1341   0.1364   0.1386   0.1409   0.1432   0.1455   0.1477     0.15   0.1523   0.1545   0.1568   0.1591   0.1614   0.1636   0.1659   0.1682   0.1705   0.1727    0.175   0.1773   0.1795   0.1818   0.1841   0.1864   0.1886   0.1909   0.1932   0.1955   0.1977      0.2   0.2023   0.2045   0.2068   0.2091   0.2114   0.2136   0.2159   0.2182   0.2205   0.2227    0.225   0.2273   0.2295   0.2318   0.2341   0.2364   0.2386   0.2409   0.2432   0.2455   0.2477     0.25   0.2523   0.2545   0.2568   0.2591   0.2614   0.2636   0.2659   0.2682   0.2705   0.2727    0.275   0.2773   0.2795   0.2818   0.2841   0.2864   0.2886   0.2909   0.2932   0.2955   0.2977      0.3   0.3023   0.3045   0.3068   0.3091   0.3114   0.3136   0.3159   0.3182   0.3205   0.3227    0.325   0.3273   0.3295   0.3318   0.3341   0.3364   0.3386   0.3409   0.3432   0.3455   0.3477     0.35   0.3523   0.3545   0.3568   0.3591   0.3614   0.3636   0.3659   0.3682   0.3705   0.3727    0.375   0.3773   0.3795   0.3818   0.3841   0.3864   0.3886   0.3909   0.3932   0.3955   0.3977      0.4   0.4023   0.4045   0.4068   0.4091   0.4114   0.4136   0.4159   0.4182   0.4205   0.4227    0.425   0.4273   0.4295   0.4318   0.4341   0.4364   0.4386   0.4409   0.4432   0.4455   0.4477     0.45   0.4523   0.4545   0.4568   0.4591   0.4614   0.4636   0.4659   0.4682   0.4705   0.4727    0.475   0.4773   0.4795   0.4818   0.4841   0.4864   0.4886   0.4909   0.4932   0.4955   0.4977
    S      0.0    0.064   0.0565   0.0779   0.1394   0.0293   0.2516   0.0793    0.159   0.1126   0.0052   0.0202   0.2055   0.3162   0.0078   0.0493   0.0131   0.1159   0.0451   0.0981   0.2095   0.3544   0.2376   0.0412    0.192   0.0995   0.1441   0.1281   0.1619   0.0393    0.041   0.0713    0.005   0.2518   0.1101   0.0503   0.0071   0.0017   0.0254   0.2209   0.0582      1.0   0.0883   0.0882   0.2868   0.0383   0.0924   0.0612   0.0146   0.0158   0.1931   0.0128   0.0292   0.1393   0.1691   0.3098   0.2056   0.0631   0.0252   0.1024   0.0272   0.0636   0.2445   0.0061   0.0174   0.1255    0.092   0.1624   0.2596   0.1578    0.163   0.1855   0.1366   0.1746   0.0058   0.1226   0.0215   0.0033   0.0633   0.0167   0.0661   0.0045   0.2428   0.1255   0.0068   0.1352   0.0325   0.1505   0.0251   0.1119   0.0063   0.1137   0.0018   0.3026   0.1018   0.0444   0.1525   0.0296   0.1237   0.0132   0.1008   0.0199   0.0363   0.4297   0.0637   0.0736    0.286   0.0739   0.1316   0.0185   0.2427   0.0234   0.1027   0.1232   0.0616   0.3246   0.0954   0.2951    0.038   0.0729   0.0273   0.0416   0.0935    0.007   0.2731   0.0648   0.0044   0.0295   0.4254   0.0667   0.0553   0.0793   0.0547   0.2607   0.0605   0.0037   0.1181   0.1062   0.1214   0.1131   0.0655   0.2167   0.0165   0.0181   0.1781   0.2087   0.2234   0.1037   0.1278   0.0301   0.0251   0.0473   0.0925   0.0931   0.0521    0.063   0.0113   0.2355   0.2112   0.0672   0.0334   0.0447   0.0811   0.0993   0.0225   0.0115   0.0795   0.0854   0.2848   0.1161   0.0883   0.1541   0.1668   0.0058   0.0946   0.0581   0.0429   0.2076   0.0359   0.0048   0.0804   0.2273   0.0263   0.0249   0.0508   0.3109   0.1103   0.0556   0.0941   0.0098   0.0129   0.2449   0.0194    0.101   0.0544   0.1278   0.0749   0.1464   0.0916   0.0657    0.075   0.0739   0.1748   0.0583    0.052   0.2233   0.1319   0.0953   0.1602   0.1282   0.0484    0.115   0.1685    0.173   0.0005   0.0275   0.0487   0.0228   0.0436   0.0749
  snr   -13.49
    H      5.0
 exon    False