>data-XIV-cerevisiae-intergenic-209
N: 318
Methods: voss, eiip, qpsk, mem, alg1, alg2

M: voss
 freq      0.0   0.0031   0.0063   0.0094   0.0126   0.0157   0.0189    0.022   0.0252   0.0283   0.0314   0.0346   0.0377   0.0409    0.044   0.0472   0.0503   0.0535   0.0566   0.0597   0.0629    0.066   0.0692   0.0723   0.0755   0.0786   0.0818   0.0849   0.0881   0.0912   0.0943   0.0975   0.1006   0.1038   0.1069   0.1101   0.1132   0.1164   0.1195   0.1226   0.1258   0.1289   0.1321   0.1352   0.1384   0.1415   0.1447   0.1478   0.1509   0.1541   0.1572   0.1604   0.1635   0.1667   0.1698    0.173   0.1761   0.1792   0.1824   0.1855   0.1887   0.1918    0.195   0.1981   0.2013   0.2044   0.2075   0.2107   0.2138    0.217   0.2201   0.2233   0.2264   0.2296   0.2327   0.2358    0.239   0.2421   0.2453   0.2484   0.2516   0.2547   0.2579    0.261   0.2642   0.2673   0.2704   0.2736   0.2767   0.2799    0.283   0.2862   0.2893   0.2925   0.2956   0.2987   0.3019    0.305   0.3082   0.3113   0.3145   0.3176   0.3208   0.3239    0.327   0.3302   0.3333   0.3365   0.3396   0.3428   0.3459   0.3491   0.3522   0.3553   0.3585   0.3616   0.3648   0.3679   0.3711   0.3742   0.3774   0.3805   0.3836   0.3868   0.3899   0.3931   0.3962   0.3994   0.4025   0.4057   0.4088   0.4119   0.4151   0.4182   0.4214   0.4245   0.4277   0.4308    0.434   0.4371   0.4403   0.4434   0.4465   0.4497   0.4528    0.456   0.4591   0.4623   0.4654   0.4686   0.4717   0.4748    0.478   0.4811   0.4843   0.4874   0.4906   0.4937   0.4969
    S      0.0    0.521   0.3898   0.2302    0.292   0.1021   0.7755      1.0   0.7114    0.112   0.1895   0.2077   0.6755   0.3416   0.2695    0.293   0.4118   0.2677   0.3977   0.2838   0.1338   0.1281   0.2492    0.468    0.173   0.5933   0.1344   0.1484   0.2257   0.3235   0.1028   0.0886   0.4905   0.8089   0.4678   0.2053   0.0625   0.0749   0.2783   0.3622    0.327   0.4614   0.2431   0.2697   0.3653   0.1524   0.6198   0.3517   0.3397    0.106   0.1923   0.3742   0.4422   0.2349   0.5694   0.3895   0.3232   0.2244   0.3772   0.3035   0.7438   0.0987   0.2732   0.2338    0.108   0.0857   0.3195     0.29   0.6725   0.2313   0.3141    0.085   0.4158   0.2721   0.2761   0.1356   0.4115   0.3193   0.2705   0.1927   0.2233   0.1016   0.8622   0.2696   0.3129   0.5203   0.5108   0.4934   0.2923    0.233   0.1286   0.5805   0.1014   0.5591   0.0879   0.1013   0.0356   0.0944   0.3594   0.3768   0.2683   0.3814   0.1348   0.3571   0.5646   0.0865   0.1942   0.4329   0.2859   0.3631   0.1274   0.3241   0.1551   0.2857   0.4343   0.3683   0.2641   0.2376   0.2474   0.1423    0.606    0.164   0.2587   0.4437   0.1322   0.5154   0.6294   0.8591   0.4401   0.2252   0.4898   0.2722   0.1601   0.3642   0.2543   0.1405   0.0736   0.1183   0.0828   0.2591   0.2483   0.3161    0.403   0.3653   0.2207   0.0964   0.0732   0.2022   0.3992   0.2293   0.1723   0.1805   0.2431   0.3464   0.4152   0.1097   0.7114   0.5933   0.2798
  snr   -16.85
    H      4.9
 exon    False

M: eiip
 freq      0.0   0.0031   0.0063   0.0094   0.0126   0.0157   0.0189    0.022   0.0252   0.0283   0.0314   0.0346   0.0377   0.0409    0.044   0.0472   0.0503   0.0535   0.0566   0.0597   0.0629    0.066   0.0692   0.0723   0.0755   0.0786   0.0818   0.0849   0.0881   0.0912   0.0943   0.0975   0.1006   0.1038   0.1069   0.1101   0.1132   0.1164   0.1195   0.1226   0.1258   0.1289   0.1321   0.1352   0.1384   0.1415   0.1447   0.1478   0.1509   0.1541   0.1572   0.1604   0.1635   0.1667   0.1698    0.173   0.1761   0.1792   0.1824   0.1855   0.1887   0.1918    0.195   0.1981   0.2013   0.2044   0.2075   0.2107   0.2138    0.217   0.2201   0.2233   0.2264   0.2296   0.2327   0.2358    0.239   0.2421   0.2453   0.2484   0.2516   0.2547   0.2579    0.261   0.2642   0.2673   0.2704   0.2736   0.2767   0.2799    0.283   0.2862   0.2893   0.2925   0.2956   0.2987   0.3019    0.305   0.3082   0.3113   0.3145   0.3176   0.3208   0.3239    0.327   0.3302   0.3333   0.3365   0.3396   0.3428   0.3459   0.3491   0.3522   0.3553   0.3585   0.3616   0.3648   0.3679   0.3711   0.3742   0.3774   0.3805   0.3836   0.3868   0.3899   0.3931   0.3962   0.3994   0.4025   0.4057   0.4088   0.4119   0.4151   0.4182   0.4214   0.4245   0.4277   0.4308    0.434   0.4371   0.4403   0.4434   0.4465   0.4497   0.4528    0.456   0.4591   0.4623   0.4654   0.4686   0.4717   0.4748    0.478   0.4811   0.4843   0.4874   0.4906   0.4937   0.4969
    S      0.0   0.4424   0.0827   0.2087   0.2266   0.2194   0.2244   0.0351    0.345   0.0606   0.1091   0.3056   0.2376   0.1181   0.1979    0.501    0.155   0.0527   0.3564   0.1335   0.1045   0.1815    0.389   0.1593   0.0571   0.4222   0.1556   0.2746   0.0624   0.2933   0.1873   0.0247   0.0567   0.0207   0.4051   0.1518   0.0323   0.0807   0.0015   0.0338   0.0118    0.011   0.4554   0.0279   0.0022   0.0999   0.4576   0.0691   0.2789   0.1536   0.3074   0.5715   0.4598   0.1562   0.2004    0.292   0.1833   0.1894   0.4342   0.3959   0.4066   0.0383   0.2714   0.4138    0.008   0.0275   0.2974   0.2058   0.3555   0.2508   0.3064    0.136   0.1375   0.0201   0.2104   0.0197   0.5302   0.1759   0.1345    0.093   0.0114   0.1473   0.1051   0.3269   0.0417   0.1625   0.0737   0.0567   0.2579   0.2205   0.0642   0.1007   0.0213    0.847   0.1032   0.1994   0.0018   0.0952   0.2319   0.4045   0.1213   0.6565   0.1169   0.5143   0.3236   0.0687   0.0353    0.515   0.1624   0.0865   0.0901   0.1413    0.075   0.3564      1.0   0.2238   0.1739   0.2921   0.0654   0.1735   0.5021   0.1401   0.2557   0.5093   0.0452   0.0131    0.737   0.0582   0.6206   0.0722   0.4359   0.0191   0.0347   0.4635   0.4897    0.099   0.0626   0.0679   0.0842   0.3128   0.0382   0.2142    0.059   0.0124   0.1285   0.0245   0.0934   0.2622   0.2042   0.0786   0.1343   0.0584   0.2987   0.1126   0.0887   0.1189   0.1288   0.1184   0.4131
  snr   -14.94
    H     4.71
 exon    False

M: qpsk
 freq      0.0   0.0031   0.0063   0.0094   0.0126   0.0157   0.0189    0.022   0.0252   0.0283   0.0314   0.0346   0.0377   0.0409    0.044   0.0472   0.0503   0.0535   0.0566   0.0597   0.0629    0.066   0.0692   0.0723   0.0755   0.0786   0.0818   0.0849   0.0881   0.0912   0.0943   0.0975   0.1006   0.1038   0.1069   0.1101   0.1132   0.1164   0.1195   0.1226   0.1258   0.1289   0.1321   0.1352   0.1384   0.1415   0.1447   0.1478   0.1509   0.1541   0.1572   0.1604   0.1635   0.1667   0.1698    0.173   0.1761   0.1792   0.1824   0.1855   0.1887   0.1918    0.195   0.1981   0.2013   0.2044   0.2075   0.2107   0.2138    0.217   0.2201   0.2233   0.2264   0.2296   0.2327   0.2358    0.239   0.2421   0.2453   0.2484   0.2516   0.2547   0.2579    0.261   0.2642   0.2673   0.2704   0.2736   0.2767   0.2799    0.283   0.2862   0.2893   0.2925   0.2956   0.2987   0.3019    0.305   0.3082   0.3113   0.3145   0.3176   0.3208   0.3239    0.327   0.3302   0.3333   0.3365   0.3396   0.3428   0.3459   0.3491   0.3522   0.3553   0.3585   0.3616   0.3648   0.3679   0.3711   0.3742   0.3774   0.3805   0.3836   0.3868   0.3899   0.3931   0.3962   0.3994   0.4025   0.4057   0.4088   0.4119   0.4151   0.4182   0.4214   0.4245   0.4277   0.4308    0.434   0.4371   0.4403   0.4434   0.4465   0.4497   0.4528    0.456   0.4591   0.4623   0.4654   0.4686   0.4717   0.4748    0.478   0.4811   0.4843   0.4874   0.4906   0.4937   0.4969
    S      0.0   0.6218   0.3648   0.3475   0.4001   0.1457   0.8856   0.7355   0.8849   0.0912   0.2331   0.1837   0.7247    0.157   0.0527   0.4353   0.3148   0.0661   0.4611   0.3637   0.1776   0.0812   0.3512   0.6595   0.1174    0.404    0.167   0.2258   0.1399   0.4873   0.0865   0.1071   0.2865   0.2913    0.567   0.2367   0.0753   0.0133   0.3538   0.2781   0.3587   0.4768   0.2787   0.1029   0.4154    0.176   0.8455   0.2263   0.2582   0.1417   0.2256   0.5427   0.4458   0.2926   0.6017   0.5923   0.4457   0.2227   0.5465   0.3343   0.9032    0.132   0.3839   0.1486   0.1246   0.0849   0.3734   0.2241   0.7787   0.3138   0.4958   0.0984   0.3092   0.2887   0.2246   0.2054   0.5862   0.4994   0.3899   0.1212   0.2772   0.1572      1.0   0.1945   0.2625   0.5399   0.3174   0.4471   0.1806   0.1847    0.115    0.694   0.0993   0.3401    0.113    0.123   0.0302   0.0873   0.4943   0.5239   0.3452   0.2021   0.1651   0.4279   0.4626   0.0257   0.2152   0.1071    0.115   0.5238   0.1258   0.4091   0.1427   0.0836   0.5275   0.2907   0.1302   0.3295   0.1457   0.1118   0.9131   0.2548   0.3906   0.6604   0.2073   0.8148   0.7444   0.7677   0.0814   0.2493   0.7069   0.3164   0.1176   0.4474   0.2839   0.1712   0.1027   0.1275   0.0728   0.3935   0.3427   0.1917   0.5805   0.3336   0.1554   0.0616   0.0404   0.2249    0.488   0.2506   0.2279   0.2673   0.2561   0.3761   0.3594   0.1364   0.3529   0.6532   0.4137
  snr   -17.02
    H     4.85
 exon    False

M: mem
 freq      0.0   0.0031   0.0063   0.0094   0.0126   0.0157   0.0189    0.022   0.0252   0.0283   0.0314   0.0346   0.0377   0.0409    0.044   0.0472   0.0503   0.0535   0.0566   0.0597   0.0629    0.066   0.0692   0.0723   0.0755   0.0786   0.0818   0.0849   0.0881   0.0912   0.0943   0.0975   0.1006   0.1038   0.1069   0.1101   0.1132   0.1164   0.1195   0.1226   0.1258   0.1289   0.1321   0.1352   0.1384   0.1415   0.1447   0.1478   0.1509   0.1541   0.1572   0.1604   0.1635   0.1667   0.1698    0.173   0.1761   0.1792   0.1824   0.1855   0.1887   0.1918    0.195   0.1981   0.2013   0.2044   0.2075   0.2107   0.2138    0.217   0.2201   0.2233   0.2264   0.2296   0.2327   0.2358    0.239   0.2421   0.2453   0.2484   0.2516   0.2547   0.2579    0.261   0.2642   0.2673   0.2704   0.2736   0.2767   0.2799    0.283   0.2862   0.2893   0.2925   0.2956   0.2987   0.3019    0.305   0.3082   0.3113   0.3145   0.3176   0.3208   0.3239    0.327   0.3302   0.3333   0.3365   0.3396   0.3428   0.3459   0.3491   0.3522   0.3553   0.3585   0.3616   0.3648   0.3679   0.3711   0.3742   0.3774   0.3805   0.3836   0.3868   0.3899   0.3931   0.3962   0.3994   0.4025   0.4057   0.4088   0.4119   0.4151   0.4182   0.4214   0.4245   0.4277   0.4308    0.434   0.4371   0.4403   0.4434   0.4465   0.4497   0.4528    0.456   0.4591   0.4623   0.4654   0.4686   0.4717   0.4748    0.478   0.4811   0.4843   0.4874   0.4906   0.4937   0.4969
    S      0.0   0.0464   0.2703   0.1964   0.0134    0.085   0.5825   0.1036   0.0163   0.1142   0.0991   0.2957   0.2109   0.0844   0.5138   0.0153   0.2549   0.3054   0.6188   0.0082   0.0007   0.2057   0.0166   0.0827   0.1637   0.8478   0.0096   0.0148   0.1059   0.0745    0.188   0.1124    0.244   0.5258   0.3013   0.3932   0.1076   0.1438   0.1106   0.0733   0.3965   0.6418   0.2306   0.2041   0.0482   0.0123   0.2734   0.0486   0.4088   0.0258   0.0225   0.0359   0.7625   0.0253   0.0135   0.0598   0.4034   0.4438   0.1933   0.3034    0.084   0.0096   0.0935   0.2254   0.0035   0.0471   0.1745   0.2661   0.0647   0.0812   0.0402   0.1049   0.1405   0.3375   0.0485   0.0868   0.0005   0.1003   0.0904   0.0642   0.1197   0.0044      1.0   0.0746   0.1598   0.0009    0.204   0.0675   0.2131   0.3294    0.013   0.1539   0.0387   0.6582   0.0364   0.0684   0.0543    0.052   0.2028   0.4754   0.2696   0.6624   0.0329   0.1514   0.5483   0.1255   0.0625    0.829   0.2151   0.0899    0.072    0.272    0.039   0.3362    0.306   0.0407   0.4026   0.0939   0.4477   0.0519   0.1487   0.0466   0.0135   0.2229    0.064   0.3431   0.0253   0.1953   0.6452   0.0202   0.0965    0.062    0.042   0.1971     0.07   0.0417   0.0043   0.1516   0.0376   0.1702   0.2875   0.4784   0.3115   0.4129   0.0429   0.0859   0.0675   0.3241   0.0036    0.129   0.0083   0.1119   0.1516   0.0059    0.103   0.0686    0.637   0.0348   0.0852
  snr   -14.49
    H     4.58
 exon    False

M: alg1
 freq      0.0   0.0031   0.0063   0.0094   0.0126   0.0157   0.0189    0.022   0.0252   0.0283   0.0314   0.0346   0.0377   0.0409    0.044   0.0472   0.0503   0.0535   0.0566   0.0597   0.0629    0.066   0.0692   0.0723   0.0755   0.0786   0.0818   0.0849   0.0881   0.0912   0.0943   0.0975   0.1006   0.1038   0.1069   0.1101   0.1132   0.1164   0.1195   0.1226   0.1258   0.1289   0.1321   0.1352   0.1384   0.1415   0.1447   0.1478   0.1509   0.1541   0.1572   0.1604   0.1635   0.1667   0.1698    0.173   0.1761   0.1792   0.1824   0.1855   0.1887   0.1918    0.195   0.1981   0.2013   0.2044   0.2075   0.2107   0.2138    0.217   0.2201   0.2233   0.2264   0.2296   0.2327   0.2358    0.239   0.2421   0.2453   0.2484   0.2516   0.2547   0.2579    0.261   0.2642   0.2673   0.2704   0.2736   0.2767   0.2799    0.283   0.2862   0.2893   0.2925   0.2956   0.2987   0.3019    0.305   0.3082   0.3113   0.3145   0.3176   0.3208   0.3239    0.327   0.3302   0.3333   0.3365   0.3396   0.3428   0.3459   0.3491   0.3522   0.3553   0.3585   0.3616   0.3648   0.3679   0.3711   0.3742   0.3774   0.3805   0.3836   0.3868   0.3899   0.3931   0.3962   0.3994   0.4025   0.4057   0.4088   0.4119   0.4151   0.4182   0.4214   0.4245   0.4277   0.4308    0.434   0.4371   0.4403   0.4434   0.4465   0.4497   0.4528    0.456   0.4591   0.4623   0.4654   0.4686   0.4717   0.4748    0.478   0.4811   0.4843   0.4874   0.4906   0.4937   0.4969
    S      0.0   0.5139   0.2005   0.1418   0.1656   0.0437   0.5214      1.0   0.7027   0.0508   0.0591   0.0791   0.5538   0.2571   0.0881   0.0468   0.4011   0.2014   0.2099   0.1125   0.1435   0.0239   0.1245   0.2983   0.1106   0.2669   0.0944   0.0454   0.2251   0.3436   0.0159   0.0533   0.5116   0.8042   0.1165   0.0723   0.0202   0.0174   0.2006   0.4315   0.1445    0.219   0.0558    0.235   0.3396   0.0932   0.6278    0.284   0.2226   0.0616   0.0304   0.1152    0.191   0.2083   0.3048   0.1309   0.2064   0.0679   0.0816   0.0583   0.6304   0.0555   0.0488   0.0393   0.0927    0.055   0.0724   0.1913   0.5586   0.1948   0.0955   0.0405   0.2518   0.1148   0.1234   0.1012    0.127   0.1201   0.2007   0.1339   0.1335   0.0527   0.3205    0.076   0.2785   0.3813   0.5553   0.4848   0.1703   0.1017   0.1028   0.3738   0.0576   0.0999   0.0381   0.0406   0.0179   0.0258   0.3413   0.2114   0.0703    0.052   0.1115   0.2219   0.3902   0.0319   0.2076   0.0842   0.2131   0.3236   0.0456   0.2092   0.1313   0.0606   0.0777   0.2128   0.1429   0.1822   0.1037   0.0288   0.5695   0.0914   0.1302   0.2595   0.0366   0.2279   0.2357   0.9765   0.0807   0.2602   0.5001   0.2286   0.1497   0.2525   0.0241     0.15   0.0807   0.0796   0.0601   0.1653   0.1279     0.09   0.1754   0.2017   0.1328   0.0552   0.0323   0.0821   0.2343   0.1628   0.1537   0.1463   0.1756   0.3454   0.4411   0.0491   0.5917   0.7214   0.2321
  snr   -14.87
    H     4.71
 exon    False

M: alg2
 freq      0.0   0.0031   0.0063   0.0094   0.0126   0.0157   0.0189    0.022   0.0252   0.0283   0.0314   0.0346   0.0377   0.0409    0.044   0.0472   0.0503   0.0535   0.0566   0.0597   0.0629    0.066   0.0692   0.0723   0.0755   0.0786   0.0818   0.0849   0.0881   0.0912   0.0943   0.0975   0.1006   0.1038   0.1069   0.1101   0.1132   0.1164   0.1195   0.1226   0.1258   0.1289   0.1321   0.1352   0.1384   0.1415   0.1447   0.1478   0.1509   0.1541   0.1572   0.1604   0.1635   0.1667   0.1698    0.173   0.1761   0.1792   0.1824   0.1855   0.1887   0.1918    0.195   0.1981   0.2013   0.2044   0.2075   0.2107   0.2138    0.217   0.2201   0.2233   0.2264   0.2296   0.2327   0.2358    0.239   0.2421   0.2453   0.2484   0.2516   0.2547   0.2579    0.261   0.2642   0.2673   0.2704   0.2736   0.2767   0.2799    0.283   0.2862   0.2893   0.2925   0.2956   0.2987   0.3019    0.305   0.3082   0.3113   0.3145   0.3176   0.3208   0.3239    0.327   0.3302   0.3333   0.3365   0.3396   0.3428   0.3459   0.3491   0.3522   0.3553   0.3585   0.3616   0.3648   0.3679   0.3711   0.3742   0.3774   0.3805   0.3836   0.3868   0.3899   0.3931   0.3962   0.3994   0.4025   0.4057   0.4088   0.4119   0.4151   0.4182   0.4214   0.4245   0.4277   0.4308    0.434   0.4371   0.4403   0.4434   0.4465   0.4497   0.4528    0.456   0.4591   0.4623   0.4654   0.4686   0.4717   0.4748    0.478   0.4811   0.4843   0.4874   0.4906   0.4937   0.4969
    S      0.0   0.2704   0.1644   0.0455   0.0955   0.0055   0.1211      1.0    0.508   0.0563   0.0374   0.0477   0.2438   0.3196   0.0737   0.0136   0.2404   0.1413   0.0794   0.1695   0.0573   0.0133   0.0461   0.2949   0.0511   0.2341   0.0519   0.0065   0.1448   0.1728   0.0027    0.033   0.3168   0.5875    0.156   0.0197   0.0036    0.019   0.1868   0.2729   0.0192   0.0466   0.0049   0.1997   0.3179   0.1033    0.363   0.3326   0.1255    0.015   0.0505   0.0192   0.0732   0.0749   0.4398   0.0559   0.1161   0.0079   0.0301   0.0153   0.2942    0.052   0.0339   0.0753   0.0965    0.025   0.1138   0.1693   0.3112   0.1155   0.0055   0.0116   0.3307   0.0224   0.1748   0.0811   0.0823   0.0509    0.085   0.1313   0.1306   0.0146   0.1613   0.1544   0.1384   0.4345   0.3668   0.3861   0.1863    0.031   0.1059   0.3242   0.0655   0.1124    0.036   0.0174   0.0059   0.0267   0.1664   0.0609   0.0365   0.0539    0.035   0.1394    0.148   0.0378   0.1283   0.0961   0.1766   0.2472    0.068   0.0539   0.0762   0.1249   0.0218   0.2973   0.0852   0.1031   0.0307   0.0749   0.3174   0.0255   0.0633   0.0459    0.014   0.1973   0.2495   0.6838   0.1614   0.1441   0.2715   0.2307   0.1117   0.1599   0.0518   0.0764   0.0398   0.0381   0.0362   0.0433   0.0492   0.0682   0.1585    0.119   0.1617   0.0411   0.0294   0.0339   0.2583   0.0397   0.0542   0.0841   0.1053   0.2897   0.2429    0.006   0.4666   0.5154   0.0807
  snr   -13.16
    H     4.62
 exon    False