>data-XIV-cerevisiae-intergenic-224
N: 318
Methods: voss, eiip, qpsk, mem, tbpse, snrse

M: voss
 freq      0.0   0.0031   0.0063   0.0094   0.0126   0.0157   0.0189    0.022   0.0252   0.0283   0.0314   0.0346   0.0377   0.0409    0.044   0.0472   0.0503   0.0535   0.0566   0.0597   0.0629    0.066   0.0692   0.0723   0.0755   0.0786   0.0818   0.0849   0.0881   0.0912   0.0943   0.0975   0.1006   0.1038   0.1069   0.1101   0.1132   0.1164   0.1195   0.1226   0.1258   0.1289   0.1321   0.1352   0.1384   0.1415   0.1447   0.1478   0.1509   0.1541   0.1572   0.1604   0.1635   0.1667   0.1698    0.173   0.1761   0.1792   0.1824   0.1855   0.1887   0.1918    0.195   0.1981   0.2013   0.2044   0.2075   0.2107   0.2138    0.217   0.2201   0.2233   0.2264   0.2296   0.2327   0.2358    0.239   0.2421   0.2453   0.2484   0.2516   0.2547   0.2579    0.261   0.2642   0.2673   0.2704   0.2736   0.2767   0.2799    0.283   0.2862   0.2893   0.2925   0.2956   0.2987   0.3019    0.305   0.3082   0.3113   0.3145   0.3176   0.3208   0.3239    0.327   0.3302   0.3333   0.3365   0.3396   0.3428   0.3459   0.3491   0.3522   0.3553   0.3585   0.3616   0.3648   0.3679   0.3711   0.3742   0.3774   0.3805   0.3836   0.3868   0.3899   0.3931   0.3962   0.3994   0.4025   0.4057   0.4088   0.4119   0.4151   0.4182   0.4214   0.4245   0.4277   0.4308    0.434   0.4371   0.4403   0.4434   0.4465   0.4497   0.4528    0.456   0.4591   0.4623   0.4654   0.4686   0.4717   0.4748    0.478   0.4811   0.4843   0.4874   0.4906   0.4937   0.4969
    S      0.0   0.4092      1.0   0.1405   0.2447   0.3846   0.1596   0.3448   0.4253   0.2262   0.2734    0.343   0.2671   0.6715   0.4801   0.1134   0.2211   0.1305   0.0885   0.1621   0.3787   0.1058   0.2171   0.1919   0.1959   0.0679   0.2258   0.1912   0.0322   0.2196   0.1003   0.2392   0.2787   0.3828   0.2242   0.4412   0.7181   0.1581   0.2316   0.5093   0.1717   0.2763   0.1579   0.1281   0.4912   0.0708   0.3132    0.129    0.364   0.3206   0.4766   0.1127   0.3848   0.1741   0.2762   0.2506   0.2477   0.4221   0.1344   0.1061    0.014   0.2566     0.12   0.2397   0.1691   0.0845   0.1773   0.0656   0.0865   0.0831   0.2732   0.1999   0.2273   0.2868   0.1254   0.2584   0.2057   0.2265   0.0267   0.3206    0.151   0.1061   0.2428    0.157   0.1208   0.0667    0.222   0.0794   0.1224   0.1649   0.2337   0.1298   0.0749   0.1151   0.2781    0.156   0.2601   0.4549   0.2365   0.1245   0.1034   0.1853   0.2977   0.2539   0.6814   0.1653   0.2018   0.2383   0.0667   0.0828   0.2569   0.1671    0.226   0.2391   0.3793   0.0963   0.1311   0.1391   0.1708   0.1392   0.0608   0.2122   0.1594   0.1385   0.1835   0.2063   0.1333   0.1132   0.5207   0.1406   0.1627   0.0607   0.2001   0.3379   0.0362   0.2958   0.2694   0.2967    0.152    0.355   0.2475   0.0856    0.255   0.0929   0.2588   0.0775   0.1493   0.1403   0.5913   0.3518   0.1145   0.2339   0.0978   0.1506   0.1521   0.2283   0.3341   0.4877   0.2236
  snr    -15.4
    H     4.88
 exon    False

M: eiip
 freq      0.0   0.0031   0.0063   0.0094   0.0126   0.0157   0.0189    0.022   0.0252   0.0283   0.0314   0.0346   0.0377   0.0409    0.044   0.0472   0.0503   0.0535   0.0566   0.0597   0.0629    0.066   0.0692   0.0723   0.0755   0.0786   0.0818   0.0849   0.0881   0.0912   0.0943   0.0975   0.1006   0.1038   0.1069   0.1101   0.1132   0.1164   0.1195   0.1226   0.1258   0.1289   0.1321   0.1352   0.1384   0.1415   0.1447   0.1478   0.1509   0.1541   0.1572   0.1604   0.1635   0.1667   0.1698    0.173   0.1761   0.1792   0.1824   0.1855   0.1887   0.1918    0.195   0.1981   0.2013   0.2044   0.2075   0.2107   0.2138    0.217   0.2201   0.2233   0.2264   0.2296   0.2327   0.2358    0.239   0.2421   0.2453   0.2484   0.2516   0.2547   0.2579    0.261   0.2642   0.2673   0.2704   0.2736   0.2767   0.2799    0.283   0.2862   0.2893   0.2925   0.2956   0.2987   0.3019    0.305   0.3082   0.3113   0.3145   0.3176   0.3208   0.3239    0.327   0.3302   0.3333   0.3365   0.3396   0.3428   0.3459   0.3491   0.3522   0.3553   0.3585   0.3616   0.3648   0.3679   0.3711   0.3742   0.3774   0.3805   0.3836   0.3868   0.3899   0.3931   0.3962   0.3994   0.4025   0.4057   0.4088   0.4119   0.4151   0.4182   0.4214   0.4245   0.4277   0.4308    0.434   0.4371   0.4403   0.4434   0.4465   0.4497   0.4528    0.456   0.4591   0.4623   0.4654   0.4686   0.4717   0.4748    0.478   0.4811   0.4843   0.4874   0.4906   0.4937   0.4969
    S      0.0   0.2179   0.2984   0.0665   0.3996   0.1773   0.1161   0.5663   0.3824   0.1561   0.1814   0.0363   0.1987   0.7997   0.3026   0.0369   0.2925   0.3724   0.0264   0.0234   0.2544   0.2057   0.1301   0.1337   0.0268   0.0689   0.5666   0.0148   0.0126   0.0552   0.0251   0.5038   0.0529   0.1368   0.1951     0.23    0.372    0.119   0.0473   0.6045   0.0389   0.4792   0.1671   0.1014   0.1157   0.0493   0.2612   0.1317    0.206   0.2053   0.4063   0.1818   0.0462   0.0316   0.0699   0.1123   0.3766    0.534   0.0045   0.1133   0.0356   0.2894   0.1038   0.2504   0.0404   0.0258   0.0843   0.0569   0.0989   0.0481    0.142   0.0913   0.1665   0.3813   0.0845   0.0609    0.279   0.3742   0.0326   0.2748   0.1765   0.0895   0.0126   0.0866   0.1288   0.0474   0.0164   0.0264   0.1396   0.1053   0.1137   0.1224   0.1255     0.12   0.5213   0.0302   0.6737   0.5319    0.111   0.0077   0.0076   0.0396   0.4167    0.241   0.8988   0.0754   0.0952   0.0137   0.0575   0.1698   0.4625   0.2486    0.158   0.4955   0.0006   0.2323   0.1488   0.0189   0.3455   0.0152   0.0206   0.3691   0.2764   0.2022   0.0062   0.2124   0.0222   0.0645   0.3943    0.156   0.0028   0.1045   0.2657   0.1111   0.0198   0.4191   0.2377   0.3253   0.0999   0.3917   0.1083   0.0207    0.009   0.1127   0.4147   0.1242   0.2129   0.1136   0.0289   0.4369   0.1184   0.0374   0.0531   0.3316   0.1301   0.1563   0.2837      1.0     0.17
  snr    -14.6
    H     4.65
 exon    False

M: qpsk
 freq      0.0   0.0031   0.0063   0.0094   0.0126   0.0157   0.0189    0.022   0.0252   0.0283   0.0314   0.0346   0.0377   0.0409    0.044   0.0472   0.0503   0.0535   0.0566   0.0597   0.0629    0.066   0.0692   0.0723   0.0755   0.0786   0.0818   0.0849   0.0881   0.0912   0.0943   0.0975   0.1006   0.1038   0.1069   0.1101   0.1132   0.1164   0.1195   0.1226   0.1258   0.1289   0.1321   0.1352   0.1384   0.1415   0.1447   0.1478   0.1509   0.1541   0.1572   0.1604   0.1635   0.1667   0.1698    0.173   0.1761   0.1792   0.1824   0.1855   0.1887   0.1918    0.195   0.1981   0.2013   0.2044   0.2075   0.2107   0.2138    0.217   0.2201   0.2233   0.2264   0.2296   0.2327   0.2358    0.239   0.2421   0.2453   0.2484   0.2516   0.2547   0.2579    0.261   0.2642   0.2673   0.2704   0.2736   0.2767   0.2799    0.283   0.2862   0.2893   0.2925   0.2956   0.2987   0.3019    0.305   0.3082   0.3113   0.3145   0.3176   0.3208   0.3239    0.327   0.3302   0.3333   0.3365   0.3396   0.3428   0.3459   0.3491   0.3522   0.3553   0.3585   0.3616   0.3648   0.3679   0.3711   0.3742   0.3774   0.3805   0.3836   0.3868   0.3899   0.3931   0.3962   0.3994   0.4025   0.4057   0.4088   0.4119   0.4151   0.4182   0.4214   0.4245   0.4277   0.4308    0.434   0.4371   0.4403   0.4434   0.4465   0.4497   0.4528    0.456   0.4591   0.4623   0.4654   0.4686   0.4717   0.4748    0.478   0.4811   0.4843   0.4874   0.4906   0.4937   0.4969
    S      0.0   0.3433      1.0   0.1483    0.359   0.3641   0.0631   0.3337   0.5076   0.3048   0.3076   0.2057    0.387   0.8936   0.5424   0.1455   0.2946   0.1096   0.0838   0.1353   0.3141   0.0521   0.1356   0.1791   0.1509   0.0554    0.192   0.1889    0.038    0.202   0.1017   0.1173    0.105   0.4025   0.3276    0.412   0.2299   0.1196   0.2778   0.3847    0.125   0.1592    0.124   0.1197   0.5993   0.0715   0.0205   0.1247   0.4839   0.2657   0.5914   0.0829   0.1991   0.1138   0.2513   0.1116   0.0791   0.4267   0.1189   0.1546   0.0173   0.3811   0.0435   0.3243   0.1609   0.1092   0.2643    0.096   0.1259   0.0738   0.2718   0.1429   0.0877   0.2595   0.1551   0.2501   0.2607   0.3269   0.0345   0.2344   0.2161   0.0228   0.1033   0.2042   0.1699   0.0558   0.2931   0.0881   0.1026   0.1941    0.301   0.1696   0.1095   0.0799   0.3397   0.1698   0.2115   0.6263    0.343   0.1828   0.1236   0.1505   0.4352   0.3816   0.7543   0.2452   0.2275   0.3551   0.0536   0.0178   0.3261   0.1706   0.2733   0.3363   0.2978   0.1058   0.1431   0.1364   0.1276    0.095   0.0604   0.3116   0.2013    0.025   0.1321   0.1568   0.1669   0.1287   0.6886    0.162   0.2261   0.0603   0.0853    0.305   0.0538   0.1362   0.3687   0.3741    0.221   0.3446   0.3604   0.1203   0.1372   0.0195   0.1243   0.0992   0.2172   0.0755   0.2584   0.4748   0.1364   0.1015   0.1162   0.1594   0.1794   0.1822   0.3846   0.6468   0.1494
  snr   -15.35
    H     4.82
 exon    False

M: mem
 freq      0.0   0.0031   0.0063   0.0094   0.0126   0.0157   0.0189    0.022   0.0252   0.0283   0.0314   0.0346   0.0377   0.0409    0.044   0.0472   0.0503   0.0535   0.0566   0.0597   0.0629    0.066   0.0692   0.0723   0.0755   0.0786   0.0818   0.0849   0.0881   0.0912   0.0943   0.0975   0.1006   0.1038   0.1069   0.1101   0.1132   0.1164   0.1195   0.1226   0.1258   0.1289   0.1321   0.1352   0.1384   0.1415   0.1447   0.1478   0.1509   0.1541   0.1572   0.1604   0.1635   0.1667   0.1698    0.173   0.1761   0.1792   0.1824   0.1855   0.1887   0.1918    0.195   0.1981   0.2013   0.2044   0.2075   0.2107   0.2138    0.217   0.2201   0.2233   0.2264   0.2296   0.2327   0.2358    0.239   0.2421   0.2453   0.2484   0.2516   0.2547   0.2579    0.261   0.2642   0.2673   0.2704   0.2736   0.2767   0.2799    0.283   0.2862   0.2893   0.2925   0.2956   0.2987   0.3019    0.305   0.3082   0.3113   0.3145   0.3176   0.3208   0.3239    0.327   0.3302   0.3333   0.3365   0.3396   0.3428   0.3459   0.3491   0.3522   0.3553   0.3585   0.3616   0.3648   0.3679   0.3711   0.3742   0.3774   0.3805   0.3836   0.3868   0.3899   0.3931   0.3962   0.3994   0.4025   0.4057   0.4088   0.4119   0.4151   0.4182   0.4214   0.4245   0.4277   0.4308    0.434   0.4371   0.4403   0.4434   0.4465   0.4497   0.4528    0.456   0.4591   0.4623   0.4654   0.4686   0.4717   0.4748    0.478   0.4811   0.4843   0.4874   0.4906   0.4937   0.4969
    S      0.0   0.3805   0.1881   0.0298   0.0477   0.0629   0.1545   0.2105   0.0856   0.1026   0.1361   0.1608   0.0009   0.0016   0.0098   0.0509   0.0319    0.205   0.0587   0.1044   0.1388   0.1421   0.2079   0.1781   0.1499   0.0487   0.2712   0.0287    0.004   0.0361   0.0852   0.3315   0.1821   0.0937   0.0059   0.1095      1.0   0.0885   0.0084   0.5161    0.052   0.3448   0.1612   0.0738   0.1335   0.0676    0.468   0.0478   0.0259   0.3914   0.3175   0.1256   0.1721   0.1694    0.065   0.1856   0.4198   0.4662   0.0905   0.0528   0.0087   0.0118   0.1209   0.0938   0.0995   0.0381   0.0097   0.0112    0.015    0.052   0.0371   0.1455    0.255   0.3733   0.0441   0.1503   0.0266   0.0741   0.0107   0.4037   0.0418   0.1234   0.1894   0.0808   0.0066   0.0231   0.0181   0.0094   0.1477   0.0092   0.0255    0.044   0.0042    0.096   0.2676   0.0865   0.3003    0.042   0.1195   0.0053   0.0275   0.0417   0.0674   0.0472   0.3686   0.0226    0.007     0.05   0.0285   0.1421   0.0864   0.2165   0.0176   0.0645   0.2027   0.1159   0.1011   0.0487   0.1785   0.0405   0.0515   0.0148   0.0627   0.2086   0.0611   0.1141   0.0086   0.0051    0.011   0.0817   0.0128   0.0709   0.2518    0.151   0.0083   0.3589     0.02   0.1561   0.0159   0.2074   0.0946   0.0047   0.1677   0.1293   0.3868   0.0445    0.041   0.1176   0.3513   0.0058   0.1146   0.2295    0.002   0.1754   0.0047   0.1446   0.0663   0.2492   0.2768
  snr   -12.66
    H     4.58
 exon    False

M: tbpse
 freq      0.0   0.0031   0.0063   0.0094   0.0126   0.0157   0.0189    0.022   0.0252   0.0283   0.0314   0.0346   0.0377   0.0409    0.044   0.0472   0.0503   0.0535   0.0566   0.0597   0.0629    0.066   0.0692   0.0723   0.0755   0.0786   0.0818   0.0849   0.0881   0.0912   0.0943   0.0975   0.1006   0.1038   0.1069   0.1101   0.1132   0.1164   0.1195   0.1226   0.1258   0.1289   0.1321   0.1352   0.1384   0.1415   0.1447   0.1478   0.1509   0.1541   0.1572   0.1604   0.1635   0.1667   0.1698    0.173   0.1761   0.1792   0.1824   0.1855   0.1887   0.1918    0.195   0.1981   0.2013   0.2044   0.2075   0.2107   0.2138    0.217   0.2201   0.2233   0.2264   0.2296   0.2327   0.2358    0.239   0.2421   0.2453   0.2484   0.2516   0.2547   0.2579    0.261   0.2642   0.2673   0.2704   0.2736   0.2767   0.2799    0.283   0.2862   0.2893   0.2925   0.2956   0.2987   0.3019    0.305   0.3082   0.3113   0.3145   0.3176   0.3208   0.3239    0.327   0.3302   0.3333   0.3365   0.3396   0.3428   0.3459   0.3491   0.3522   0.3553   0.3585   0.3616   0.3648   0.3679   0.3711   0.3742   0.3774   0.3805   0.3836   0.3868   0.3899   0.3931   0.3962   0.3994   0.4025   0.4057   0.4088   0.4119   0.4151   0.4182   0.4214   0.4245   0.4277   0.4308    0.434   0.4371   0.4403   0.4434   0.4465   0.4497   0.4528    0.456   0.4591   0.4623   0.4654   0.4686   0.4717   0.4748    0.478   0.4811   0.4843   0.4874   0.4906   0.4937   0.4969
    S      0.0   0.1883      1.0   0.1445     0.12   0.4386    0.082   0.0655    0.365   0.0838    0.195   0.3531   0.1474   0.7499   0.5781   0.0543   0.2002   0.0097   0.0313   0.1075   0.3581   0.0135   0.0941   0.0531   0.0934    0.044   0.0684   0.1186   0.0164   0.2333   0.0245   0.0487   0.2347   0.3472   0.1101   0.4032   0.2595   0.1443   0.2152   0.2817   0.2012   0.0499   0.0722   0.0399   0.3404   0.0171    0.127   0.0918   0.3149   0.0507   0.2228   0.0564   0.4112   0.0738   0.3001   0.1435   0.0407   0.1275   0.0709   0.0542   0.0053   0.1859   0.0488   0.0925   0.1046   0.0272   0.0563   0.0346   0.0308   0.0297   0.3321   0.0771   0.0927   0.0274   0.0683   0.1027   0.2193   0.1759   0.0066    0.064     0.12   0.0512   0.2086   0.0472   0.1221   0.0671    0.098   0.0575   0.0361   0.1723    0.116   0.0685   0.0743   0.0307   0.0751    0.062   0.0651   0.3281    0.071   0.0463   0.0617   0.2171   0.2779   0.1769   0.4982   0.1071    0.222   0.0772   0.0588   0.0065   0.1236   0.0184   0.2234   0.1344   0.2684   0.0188    0.028   0.1003    0.026   0.1661   0.0145   0.2008   0.0415   0.0279   0.1854   0.1532   0.0895   0.1145   0.4489   0.1026   0.0687   0.0133   0.0893   0.2862   0.0191   0.0755   0.2297   0.1833   0.1216   0.2956   0.1028   0.0578    0.204   0.0335   0.0467   0.0473   0.1315   0.0582   0.6066    0.406   0.0203   0.1364   0.1132    0.035   0.1848   0.1939   0.3444    0.239   0.0558
  snr   -13.46
    H     4.67
 exon    False

M: snrse
 freq      0.0   0.0031   0.0063   0.0094   0.0126   0.0157   0.0189    0.022   0.0252   0.0283   0.0314   0.0346   0.0377   0.0409    0.044   0.0472   0.0503   0.0535   0.0566   0.0597   0.0629    0.066   0.0692   0.0723   0.0755   0.0786   0.0818   0.0849   0.0881   0.0912   0.0943   0.0975   0.1006   0.1038   0.1069   0.1101   0.1132   0.1164   0.1195   0.1226   0.1258   0.1289   0.1321   0.1352   0.1384   0.1415   0.1447   0.1478   0.1509   0.1541   0.1572   0.1604   0.1635   0.1667   0.1698    0.173   0.1761   0.1792   0.1824   0.1855   0.1887   0.1918    0.195   0.1981   0.2013   0.2044   0.2075   0.2107   0.2138    0.217   0.2201   0.2233   0.2264   0.2296   0.2327   0.2358    0.239   0.2421   0.2453   0.2484   0.2516   0.2547   0.2579    0.261   0.2642   0.2673   0.2704   0.2736   0.2767   0.2799    0.283   0.2862   0.2893   0.2925   0.2956   0.2987   0.3019    0.305   0.3082   0.3113   0.3145   0.3176   0.3208   0.3239    0.327   0.3302   0.3333   0.3365   0.3396   0.3428   0.3459   0.3491   0.3522   0.3553   0.3585   0.3616   0.3648   0.3679   0.3711   0.3742   0.3774   0.3805   0.3836   0.3868   0.3899   0.3931   0.3962   0.3994   0.4025   0.4057   0.4088   0.4119   0.4151   0.4182   0.4214   0.4245   0.4277   0.4308    0.434   0.4371   0.4403   0.4434   0.4465   0.4497   0.4528    0.456   0.4591   0.4623   0.4654   0.4686   0.4717   0.4748    0.478   0.4811   0.4843   0.4874   0.4906   0.4937   0.4969
    S      0.0    0.187      1.0   0.1275   0.1383   0.3628   0.0178   0.0542   0.4331   0.1148   0.1512   0.2885   0.1885   0.7028   0.3207   0.0305   0.2199   0.0057   0.0178   0.1143   0.2911   0.0134   0.0333   0.0918   0.1235   0.0502   0.0697   0.0056   0.0022   0.0735   0.0384   0.0161    0.112   0.4038   0.1705   0.1149   0.3329    0.069   0.0557   0.2496   0.1478   0.0029   0.0256   0.0038   0.2101   0.0278   0.0959   0.0356   0.0596    0.092   0.1487    0.033   0.2198   0.0998   0.2444   0.0239   0.0394   0.0797   0.0978   0.0157   0.0073   0.1899   0.0231   0.1449   0.0692   0.0452   0.0863   0.0453   0.0373    0.034   0.2093   0.0415   0.0328   0.0271   0.0022   0.0486   0.1501   0.1385   0.0066   0.1128   0.0262   0.0309   0.1905   0.0731   0.0711   0.0497   0.0582   0.0416   0.0349   0.1696   0.0233   0.1013   0.0701   0.0043   0.0655   0.0319   0.0659   0.4404   0.0115   0.0329   0.0688   0.1211   0.1078   0.0637   0.5214   0.0095   0.1433   0.0292   0.0402   0.0021   0.1247   0.0094   0.2513   0.1746   0.2393   0.0154   0.0077   0.1208   0.0337   0.1103   0.0197   0.1934    0.068   0.0102   0.0937    0.066    0.003   0.0714   0.5108   0.0497   0.0363   0.0005   0.0422   0.3195    0.001   0.0061   0.2498   0.0266   0.0204   0.2447   0.0175   0.0019    0.138   0.0128   0.0137   0.0111    0.058    0.037   0.4092   0.3118   0.0056   0.1325   0.0467   0.0057   0.1509   0.1634   0.3144   0.3212   0.0929
  snr   -12.31
    H     4.51
 exon    False