>data-XV-cerevisiae-intergenic-249
N: 282
Methods: voss, eiip, qpsk, mem, alg1, alg2

M: voss
 freq      0.0   0.0035   0.0071   0.0106   0.0142   0.0177   0.0213   0.0248   0.0284   0.0319   0.0355    0.039   0.0426   0.0461   0.0496   0.0532   0.0567   0.0603   0.0638   0.0674   0.0709   0.0745    0.078   0.0816   0.0851   0.0887   0.0922   0.0957   0.0993   0.1028   0.1064   0.1099   0.1135    0.117   0.1206   0.1241   0.1277   0.1312   0.1348   0.1383   0.1418   0.1454   0.1489   0.1525    0.156   0.1596   0.1631   0.1667   0.1702   0.1738   0.1773   0.1809   0.1844   0.1879   0.1915    0.195   0.1986   0.2021   0.2057   0.2092   0.2128   0.2163   0.2199   0.2234    0.227   0.2305    0.234   0.2376   0.2411   0.2447   0.2482   0.2518   0.2553   0.2589   0.2624    0.266   0.2695    0.273   0.2766   0.2801   0.2837   0.2872   0.2908   0.2943   0.2979   0.3014    0.305   0.3085   0.3121   0.3156   0.3191   0.3227   0.3262   0.3298   0.3333   0.3369   0.3404    0.344   0.3475   0.3511   0.3546   0.3582   0.3617   0.3652   0.3688   0.3723   0.3759   0.3794    0.383   0.3865   0.3901   0.3936   0.3972   0.4007   0.4043   0.4078   0.4113   0.4149   0.4184    0.422   0.4255   0.4291   0.4326   0.4362   0.4397   0.4433   0.4468   0.4504   0.4539   0.4574    0.461   0.4645   0.4681   0.4716   0.4752   0.4787   0.4823   0.4858   0.4894   0.4929   0.4965
    S      0.0   0.8423   0.6978   0.2909   0.4112   0.3471   0.2971   0.1802    0.072   0.5654   0.5583   0.2191   0.0915    0.053   0.1379    0.189   0.3688   0.2597   0.2138   0.2056   0.2683   0.1957   0.1465   0.3679   0.1413   0.2475   0.0875   0.1874     0.05   0.1067   0.3455   0.1286   0.5054   0.1651   0.0687   0.1072   0.1588   0.2207   0.1567   0.3805   0.1138   0.0495   0.1756   0.0909   0.1643   0.0904   0.1153    0.259   0.3505   0.3041   0.3113   0.3673   0.2501   0.1015   0.1865   0.3339   0.2135   0.3282    0.504   0.2476   0.2246   0.2801   0.2105   0.2118   0.1809   0.2395   0.0329   0.0323   0.1869   0.2363   0.2954   0.5686   0.2573   0.0672   0.1464   0.3756   0.2271   0.1781   0.2146   0.1156   0.3051    0.196   0.1433   0.3244   0.2057   0.4662   0.2689   0.4169   0.0882   0.1196   0.2564   0.1721   0.3832   0.2489   0.1429   0.2662   0.3649   0.3809   0.2932   0.0277    0.174   0.1705   0.1933   0.1196    0.363    0.396   0.1219   0.0512   0.3003    0.344   0.1542   0.3781   0.1223   0.4575   0.0878   0.0887   0.2701   0.1197   0.1293   0.3632   0.2159    0.304   0.1228   0.2621   0.1918   0.3296   0.2515   0.3441   0.1512   0.1404   0.0933   0.1162   0.1747   0.2652   0.0707   0.1855      1.0   0.4459   0.3966   0.2901   0.3165
  snr   -15.19
    H     4.77
 exon    False

M: eiip
 freq      0.0   0.0035   0.0071   0.0106   0.0142   0.0177   0.0213   0.0248   0.0284   0.0319   0.0355    0.039   0.0426   0.0461   0.0496   0.0532   0.0567   0.0603   0.0638   0.0674   0.0709   0.0745    0.078   0.0816   0.0851   0.0887   0.0922   0.0957   0.0993   0.1028   0.1064   0.1099   0.1135    0.117   0.1206   0.1241   0.1277   0.1312   0.1348   0.1383   0.1418   0.1454   0.1489   0.1525    0.156   0.1596   0.1631   0.1667   0.1702   0.1738   0.1773   0.1809   0.1844   0.1879   0.1915    0.195   0.1986   0.2021   0.2057   0.2092   0.2128   0.2163   0.2199   0.2234    0.227   0.2305    0.234   0.2376   0.2411   0.2447   0.2482   0.2518   0.2553   0.2589   0.2624    0.266   0.2695    0.273   0.2766   0.2801   0.2837   0.2872   0.2908   0.2943   0.2979   0.3014    0.305   0.3085   0.3121   0.3156   0.3191   0.3227   0.3262   0.3298   0.3333   0.3369   0.3404    0.344   0.3475   0.3511   0.3546   0.3582   0.3617   0.3652   0.3688   0.3723   0.3759   0.3794    0.383   0.3865   0.3901   0.3936   0.3972   0.4007   0.4043   0.4078   0.4113   0.4149   0.4184    0.422   0.4255   0.4291   0.4326   0.4362   0.4397   0.4433   0.4468   0.4504   0.4539   0.4574    0.461   0.4645   0.4681   0.4716   0.4752   0.4787   0.4823   0.4858   0.4894   0.4929   0.4965
    S      0.0   0.5443   0.2056   0.0396   0.1361   0.0781   0.3315   0.1168   0.0119   0.3852      1.0   0.2759   0.0039   0.0025    0.119      0.1   0.5368    0.056   0.4726   0.1746   0.1405   0.0633   0.0207   0.3835   0.0762   0.0814   0.0456   0.3149   0.0202   0.0586   0.1588   0.0361   0.1579    0.333   0.0081   0.1129   0.3937   0.4208   0.1491   0.7063   0.0231   0.0607    0.179   0.0138   0.2874   0.0331   0.0871   0.2601   0.0701   0.1714   0.4589   0.0949   0.0256   0.1331     0.14   0.4467   0.1544   0.0087   0.0231   0.1712   0.1817   0.1275   0.0324   0.0899   0.0595   0.1526   0.0374   0.0309   0.0904   0.0807   0.2794   0.6759   0.1789   0.0409   0.0709    0.093   0.1292   0.0464   0.0112   0.1664   0.3394   0.1506   0.2141   0.1628   0.0109   0.5801   0.2217   0.0658   0.0423   0.1584   0.2249    0.123   0.2994    0.287   0.3143   0.0118   0.5187   0.7701   0.1097   0.0282     0.14   0.1048   0.0862   0.0936    0.285   0.5673   0.1615   0.0708    0.256   0.3788   0.0781   0.1336   0.0887   0.0772    0.078   0.2165   0.0248    0.005   0.0988   0.0009   0.0442   0.3635    0.118   0.1798     0.22   0.2683   0.1232   0.9056   0.0239   0.2593   0.1567   0.0844   0.0041   0.0751   0.1509   0.0664   0.7643   0.5405   0.3126   0.4398   0.1082
  snr   -14.06
    H     4.51
 exon    False

M: qpsk
 freq      0.0   0.0035   0.0071   0.0106   0.0142   0.0177   0.0213   0.0248   0.0284   0.0319   0.0355    0.039   0.0426   0.0461   0.0496   0.0532   0.0567   0.0603   0.0638   0.0674   0.0709   0.0745    0.078   0.0816   0.0851   0.0887   0.0922   0.0957   0.0993   0.1028   0.1064   0.1099   0.1135    0.117   0.1206   0.1241   0.1277   0.1312   0.1348   0.1383   0.1418   0.1454   0.1489   0.1525    0.156   0.1596   0.1631   0.1667   0.1702   0.1738   0.1773   0.1809   0.1844   0.1879   0.1915    0.195   0.1986   0.2021   0.2057   0.2092   0.2128   0.2163   0.2199   0.2234    0.227   0.2305    0.234   0.2376   0.2411   0.2447   0.2482   0.2518   0.2553   0.2589   0.2624    0.266   0.2695    0.273   0.2766   0.2801   0.2837   0.2872   0.2908   0.2943   0.2979   0.3014    0.305   0.3085   0.3121   0.3156   0.3191   0.3227   0.3262   0.3298   0.3333   0.3369   0.3404    0.344   0.3475   0.3511   0.3546   0.3582   0.3617   0.3652   0.3688   0.3723   0.3759   0.3794    0.383   0.3865   0.3901   0.3936   0.3972   0.4007   0.4043   0.4078   0.4113   0.4149   0.4184    0.422   0.4255   0.4291   0.4326   0.4362   0.4397   0.4433   0.4468   0.4504   0.4539   0.4574    0.461   0.4645   0.4681   0.4716   0.4752   0.4787   0.4823   0.4858   0.4894   0.4929   0.4965
    S      0.0   0.2836   0.6506   0.2613   0.3497   0.1458   0.2479   0.1504   0.0313   0.4468   0.5035   0.2311   0.0915     0.05   0.1056   0.1062   0.3291   0.0629   0.0756   0.1764   0.2795   0.0306   0.0595   0.3285   0.0318   0.1596   0.0827   0.0407    0.035   0.0759   0.0834   0.0398   0.2825   0.1245   0.0132   0.0953   0.1542   0.0806   0.1571   0.3984   0.0912   0.0353   0.1285   0.0766   0.0245   0.0383   0.1055   0.0272   0.1759   0.2736   0.1366    0.174    0.189    0.093   0.0592   0.3517   0.1157   0.3041   0.2408   0.2135   0.1687   0.2172    0.108   0.1404   0.1539   0.1011   0.0336   0.0273   0.0861   0.0878   0.1658   0.1834   0.2201   0.0337   0.1086    0.363   0.0523   0.1751   0.2155   0.0932   0.3029   0.1252   0.1291   0.3128   0.1676   0.3842   0.1975   0.4357   0.0675   0.1237   0.0796   0.0862   0.0677   0.2556   0.1063   0.2734   0.0723   0.2592   0.2098   0.0232   0.0726   0.1432   0.1297   0.1199   0.2148   0.4066   0.1172   0.0497   0.2772   0.2916   0.1168   0.3693   0.0629   0.4237   0.0676   0.0656   0.1934   0.0752   0.1363   0.1441   0.1073   0.1996   0.1049   0.1478   0.1581   0.3117   0.2649   0.3497   0.0968   0.1165   0.0993   0.0921   0.1423    0.087   0.0421   0.1583      1.0   0.2506   0.1912   0.2681   0.2966
  snr   -13.63
    H     4.69
 exon    False

M: mem
 freq      0.0   0.0035   0.0071   0.0106   0.0142   0.0177   0.0213   0.0248   0.0284   0.0319   0.0355    0.039   0.0426   0.0461   0.0496   0.0532   0.0567   0.0603   0.0638   0.0674   0.0709   0.0745    0.078   0.0816   0.0851   0.0887   0.0922   0.0957   0.0993   0.1028   0.1064   0.1099   0.1135    0.117   0.1206   0.1241   0.1277   0.1312   0.1348   0.1383   0.1418   0.1454   0.1489   0.1525    0.156   0.1596   0.1631   0.1667   0.1702   0.1738   0.1773   0.1809   0.1844   0.1879   0.1915    0.195   0.1986   0.2021   0.2057   0.2092   0.2128   0.2163   0.2199   0.2234    0.227   0.2305    0.234   0.2376   0.2411   0.2447   0.2482   0.2518   0.2553   0.2589   0.2624    0.266   0.2695    0.273   0.2766   0.2801   0.2837   0.2872   0.2908   0.2943   0.2979   0.3014    0.305   0.3085   0.3121   0.3156   0.3191   0.3227   0.3262   0.3298   0.3333   0.3369   0.3404    0.344   0.3475   0.3511   0.3546   0.3582   0.3617   0.3652   0.3688   0.3723   0.3759   0.3794    0.383   0.3865   0.3901   0.3936   0.3972   0.4007   0.4043   0.4078   0.4113   0.4149   0.4184    0.422   0.4255   0.4291   0.4326   0.4362   0.4397   0.4433   0.4468   0.4504   0.4539   0.4574    0.461   0.4645   0.4681   0.4716   0.4752   0.4787   0.4823   0.4858   0.4894   0.4929   0.4965
    S      0.0   0.7382    0.232   0.2139   0.3209   0.5023   0.6183   0.3525    0.012      1.0   0.7883   0.4413   0.0541   0.0079   0.0996    0.008   0.5666   0.1942   0.0967   0.4734   0.2019   0.0825   0.0823   0.6214   0.0698   0.4549   0.0087   0.0197   0.0227   0.1019   0.1551   0.1308   0.1607   0.2476   0.0477   0.0657   0.3596   0.0586   0.2793   0.9169   0.0413   0.0124    0.191   0.0013   0.0211   0.0221   0.0784   0.0143   0.5434   0.1031   0.0464   0.1243    0.146   0.1393   0.1673   0.5839   0.0131   0.1351   0.6877   0.2206    0.212   0.2067   0.0208   0.0028   0.0235   0.2554   0.0549   0.0084   0.1224   0.0574    0.162   0.0979   0.4454   0.0125    0.285   0.1752   0.0463   0.1598   0.0118   0.1837   0.3339    0.369   0.3463   0.2583   0.1517   0.3063   0.0758   0.0158   0.0516    0.273   0.0216   0.0713   0.0587   0.5537   0.2157   0.0724   0.0295   0.2195   0.0132   0.0455   0.0234   0.2924   0.0936   0.0813   0.3832   0.3585   0.2228   0.0619   0.3197   0.8095   0.3012   0.3266   0.0261   0.2872   0.0435   0.1344   0.0247   0.0477   0.0638   0.3344   0.0899   0.0682   0.3005   0.4067   0.1404   0.0518   0.1386   0.7422   0.1724   0.1395   0.2079   0.1989   0.0699   0.1027   0.0623    0.011   0.6397   0.0488   0.4007   0.5774   0.3248
  snr   -14.51
    H     4.49
 exon    False

M: alg1
 freq      0.0   0.0035   0.0071   0.0106   0.0142   0.0177   0.0213   0.0248   0.0284   0.0319   0.0355    0.039   0.0426   0.0461   0.0496   0.0532   0.0567   0.0603   0.0638   0.0674   0.0709   0.0745    0.078   0.0816   0.0851   0.0887   0.0922   0.0957   0.0993   0.1028   0.1064   0.1099   0.1135    0.117   0.1206   0.1241   0.1277   0.1312   0.1348   0.1383   0.1418   0.1454   0.1489   0.1525    0.156   0.1596   0.1631   0.1667   0.1702   0.1738   0.1773   0.1809   0.1844   0.1879   0.1915    0.195   0.1986   0.2021   0.2057   0.2092   0.2128   0.2163   0.2199   0.2234    0.227   0.2305    0.234   0.2376   0.2411   0.2447   0.2482   0.2518   0.2553   0.2589   0.2624    0.266   0.2695    0.273   0.2766   0.2801   0.2837   0.2872   0.2908   0.2943   0.2979   0.3014    0.305   0.3085   0.3121   0.3156   0.3191   0.3227   0.3262   0.3298   0.3333   0.3369   0.3404    0.344   0.3475   0.3511   0.3546   0.3582   0.3617   0.3652   0.3688   0.3723   0.3759   0.3794    0.383   0.3865   0.3901   0.3936   0.3972   0.4007   0.4043   0.4078   0.4113   0.4149   0.4184    0.422   0.4255   0.4291   0.4326   0.4362   0.4397   0.4433   0.4468   0.4504   0.4539   0.4574    0.461   0.4645   0.4681   0.4716   0.4752   0.4787   0.4823   0.4858   0.4894   0.4929   0.4965
    S      0.0   0.9591   0.1636   0.1627    0.346   0.2993   0.3762   0.1347   0.0521   0.8033      1.0   0.2483   0.0021   0.0096   0.1739   0.1431   0.5004   0.2073   0.3554   0.2149   0.2414   0.1753   0.0997   0.6024   0.1438   0.2846   0.0641   0.2542   0.0235   0.0514   0.2328   0.1223   0.2023   0.3044   0.0561   0.0944   0.3518   0.3386   0.1855   0.6091   0.0535   0.0515   0.2309    0.037   0.2365    0.069    0.087   0.2516   0.3367   0.1455   0.3674   0.2991   0.0731   0.1729   0.1747   0.3553   0.1552   0.0517   0.3746   0.1275   0.2991   0.3066   0.1509   0.1433   0.0741   0.2465   0.0305    0.032   0.1462   0.1275   0.3759   0.5664   0.3593   0.0474   0.1864    0.306   0.1741   0.0487   0.1037   0.2035   0.2181   0.2181   0.2223   0.1522   0.1032   0.4101   0.1971   0.1859    0.087   0.1421   0.2685   0.1287   0.3496    0.254   0.2879   0.0152   0.4427   0.6568   0.2043    0.025   0.1231   0.2332   0.1985   0.1472   0.2951   0.6051   0.1591   0.0734   0.2717   0.4476   0.1602   0.2827     0.12   0.0833   0.0573   0.1814   0.1533     0.07   0.1226   0.2992   0.1408   0.2892   0.1661   0.2535   0.2693   0.2883   0.1471   0.8058   0.1569   0.2177   0.1346   0.1703   0.1082   0.1282   0.1085   0.0666   0.7742   0.4882   0.5026   0.4808   0.1129
  snr    -15.0
    H     4.68
 exon    False

M: alg2
 freq      0.0   0.0035   0.0071   0.0106   0.0142   0.0177   0.0213   0.0248   0.0284   0.0319   0.0355    0.039   0.0426   0.0461   0.0496   0.0532   0.0567   0.0603   0.0638   0.0674   0.0709   0.0745    0.078   0.0816   0.0851   0.0887   0.0922   0.0957   0.0993   0.1028   0.1064   0.1099   0.1135    0.117   0.1206   0.1241   0.1277   0.1312   0.1348   0.1383   0.1418   0.1454   0.1489   0.1525    0.156   0.1596   0.1631   0.1667   0.1702   0.1738   0.1773   0.1809   0.1844   0.1879   0.1915    0.195   0.1986   0.2021   0.2057   0.2092   0.2128   0.2163   0.2199   0.2234    0.227   0.2305    0.234   0.2376   0.2411   0.2447   0.2482   0.2518   0.2553   0.2589   0.2624    0.266   0.2695    0.273   0.2766   0.2801   0.2837   0.2872   0.2908   0.2943   0.2979   0.3014    0.305   0.3085   0.3121   0.3156   0.3191   0.3227   0.3262   0.3298   0.3333   0.3369   0.3404    0.344   0.3475   0.3511   0.3546   0.3582   0.3617   0.3652   0.3688   0.3723   0.3759   0.3794    0.383   0.3865   0.3901   0.3936   0.3972   0.4007   0.4043   0.4078   0.4113   0.4149   0.4184    0.422   0.4255   0.4291   0.4326   0.4362   0.4397   0.4433   0.4468   0.4504   0.4539   0.4574    0.461   0.4645   0.4681   0.4716   0.4752   0.4787   0.4823   0.4858   0.4894   0.4929   0.4965
    S      0.0   0.1274   0.5085   0.1684   0.1825   0.0226   0.0679   0.0263   0.0187   0.1399   0.2719    0.056   0.0711   0.0544    0.072   0.0448   0.0548   0.0076    0.027    0.009   0.2286   0.0053   0.0207   0.1819   0.0077   0.0251   0.0966   0.0693   0.0461   0.0468   0.1586   0.0051   0.2814   0.0874   0.0034   0.0994   0.0501   0.0925   0.0533   0.0242   0.1059   0.0339   0.1217   0.0543   0.0211   0.0098   0.1122   0.1037   0.0096   0.3051    0.183    0.054   0.1234   0.0656    0.037   0.0991   0.0834    0.239   0.0545    0.148   0.1435   0.1342   0.0536    0.105   0.0805   0.0753   0.0121   0.0398   0.0145   0.1492   0.1309   0.2398   0.1037   0.0584   0.0228   0.2956   0.1143   0.0885   0.1983   0.0507   0.0603   0.0149   0.0107   0.1228   0.1159   0.1523   0.0579   0.4813   0.0384   0.0087   0.0581   0.1391   0.1763   0.0311   0.0528   0.2513   0.0732   0.3203   0.1915   0.0084   0.1259   0.0537   0.0897   0.1144   0.0371   0.4023   0.0559   0.0449   0.2408   0.0151   0.0135   0.2905   0.0304    0.262   0.0311     0.04   0.1121   0.0426   0.1409   0.0433   0.1204   0.2634   0.0044   0.0119   0.1342   0.4384   0.1944    0.159   0.0359   0.0583   0.0149   0.0378   0.1008   0.1243   0.0013   0.2036      1.0   0.4614   0.0563   0.1296   0.2107
  snr   -11.73
    H     4.49
 exon    False