>data-XV-cerevisiae-intergenic-441
N: 279
Methods: voss, eiip, qpsk, mem, alg1, alg2

M: voss
 freq      0.0   0.0036   0.0072   0.0108   0.0143   0.0179   0.0215   0.0251   0.0287   0.0323   0.0358   0.0394    0.043   0.0466   0.0502   0.0538   0.0573   0.0609   0.0645   0.0681   0.0717   0.0753   0.0789   0.0824    0.086   0.0896   0.0932   0.0968   0.1004   0.1039   0.1075   0.1111   0.1147   0.1183   0.1219   0.1254    0.129   0.1326   0.1362   0.1398   0.1434    0.147   0.1505   0.1541   0.1577   0.1613   0.1649   0.1685    0.172   0.1756   0.1792   0.1828   0.1864     0.19   0.1935   0.1971   0.2007   0.2043   0.2079   0.2115   0.2151   0.2186   0.2222   0.2258   0.2294    0.233   0.2366   0.2401   0.2437   0.2473   0.2509   0.2545   0.2581   0.2616   0.2652   0.2688   0.2724    0.276   0.2796   0.2832   0.2867   0.2903   0.2939   0.2975   0.3011   0.3047   0.3082   0.3118   0.3154    0.319   0.3226   0.3262   0.3297   0.3333   0.3369   0.3405   0.3441   0.3477   0.3513   0.3548   0.3584    0.362   0.3656   0.3692   0.3728   0.3763   0.3799   0.3835   0.3871   0.3907   0.3943   0.3978   0.4014    0.405   0.4086   0.4122   0.4158   0.4194   0.4229   0.4265   0.4301   0.4337   0.4373   0.4409   0.4444    0.448   0.4516   0.4552   0.4588   0.4624   0.4659   0.4695   0.4731   0.4767   0.4803   0.4839   0.4875    0.491   0.4946   0.4982
    S      0.0    0.864   0.7011   0.1917    0.458    0.292   0.4945   0.2933   0.5129   0.1944   0.5608   0.1576   0.0998   0.3264   0.4025   0.5528   0.2792   0.5886   0.3756   0.5446   0.8145   0.4928   0.1762   0.3655   0.2635   0.7432   0.9173   0.3053   0.3886   0.3109   0.8092   0.1763   0.2862   0.1295   0.2154   0.1951   0.1391   0.4096   0.9418   0.2457   0.2499   0.2981   0.3188   0.3599   0.7752     0.32   0.3163   0.4829   0.1344    0.453   0.2622     0.15   0.3188   0.6117   0.2461   0.6324   0.1525   0.3515   0.2788   0.1238   0.2873   0.0377   0.3595   0.1136   0.0878   0.1596    0.407   0.0378   0.4782   0.3926   0.3153   0.2314   0.0789   0.3263   0.1612   0.2512   0.1818   0.4199   0.1281   0.1835    0.363   0.1437   0.1184   0.1792   0.7301   0.2157   0.3556   0.1752   0.3887   0.1247   0.3244   0.1933   0.3428   0.0975   0.3239   0.6364   0.1126   0.1193   0.2849   0.2049    0.333   0.2797   0.1595   0.2455   0.1175   0.1344   0.6499   0.1757   0.1524   0.3898      1.0   0.1199   0.1279   0.2795   0.1155   0.4308   0.0717   0.2206   0.1892    0.629   0.4965   0.2141   0.4615   0.2336   0.2101   0.3513   0.3443   0.6625   0.6588   0.1504   0.2795   0.1693   0.4421   0.1832   0.6047    0.173   0.2055   0.1312   0.0473   0.9399
  snr   -16.52
    H     4.75
 exon    False

M: eiip
 freq      0.0   0.0036   0.0072   0.0108   0.0143   0.0179   0.0215   0.0251   0.0287   0.0323   0.0358   0.0394    0.043   0.0466   0.0502   0.0538   0.0573   0.0609   0.0645   0.0681   0.0717   0.0753   0.0789   0.0824    0.086   0.0896   0.0932   0.0968   0.1004   0.1039   0.1075   0.1111   0.1147   0.1183   0.1219   0.1254    0.129   0.1326   0.1362   0.1398   0.1434    0.147   0.1505   0.1541   0.1577   0.1613   0.1649   0.1685    0.172   0.1756   0.1792   0.1828   0.1864     0.19   0.1935   0.1971   0.2007   0.2043   0.2079   0.2115   0.2151   0.2186   0.2222   0.2258   0.2294    0.233   0.2366   0.2401   0.2437   0.2473   0.2509   0.2545   0.2581   0.2616   0.2652   0.2688   0.2724    0.276   0.2796   0.2832   0.2867   0.2903   0.2939   0.2975   0.3011   0.3047   0.3082   0.3118   0.3154    0.319   0.3226   0.3262   0.3297   0.3333   0.3369   0.3405   0.3441   0.3477   0.3513   0.3548   0.3584    0.362   0.3656   0.3692   0.3728   0.3763   0.3799   0.3835   0.3871   0.3907   0.3943   0.3978   0.4014    0.405   0.4086   0.4122   0.4158   0.4194   0.4229   0.4265   0.4301   0.4337   0.4373   0.4409   0.4444    0.448   0.4516   0.4552   0.4588   0.4624   0.4659   0.4695   0.4731   0.4767   0.4803   0.4839   0.4875    0.491   0.4946   0.4982
    S      0.0   0.5184   0.4277   0.0986   0.4581   0.3477   0.0892   0.1537   0.1894   0.0556   0.1282   0.1362   0.1358   0.2461     0.04   0.0519   0.3389    0.295   0.0106   0.2902    0.308   0.1148   0.0215   0.0504   0.3684   0.2419      1.0   0.0072   0.4424   0.4056   0.0653   0.0651   0.1197   0.0216   0.0161   0.0501   0.1348   0.3457   0.5724     0.16   0.2367   0.4082   0.3388   0.3699   0.1474   0.0808   0.2977   0.1694   0.0597   0.0083   0.2825   0.1477   0.4034   0.5876   0.0036   0.1247   0.0199   0.2929   0.0513   0.0196    0.332   0.0241    0.712   0.0476   0.0216    0.076    0.195   0.0319   0.5081   0.1924   0.3859   0.2905   0.0296   0.1299   0.2018   0.3407   0.0236   0.0064   0.0196   0.2803    0.117   0.0501   0.1757   0.1612   0.7456   0.0923    0.288   0.2915   0.5884   0.0231   0.0161   0.2086   0.2577   0.0465    0.109   0.0123    0.127   0.0239   0.2089   0.0322   0.0308   0.3911   0.1058   0.0837   0.0634   0.0277    0.226   0.0227   0.0138   0.4023   0.9278    0.049   0.0885   0.2862   0.0784   0.1048   0.0245   0.4257   0.0002   0.5446   0.3451    0.134   0.2453   0.0319    0.039   0.3697   0.2633   0.5464   0.5785    0.031   0.0526   0.0984    0.119   0.1039    0.736   0.0346   0.0988    0.095   0.0212   0.8144
  snr   -14.42
    H     4.49
 exon    False

M: qpsk
 freq      0.0   0.0036   0.0072   0.0108   0.0143   0.0179   0.0215   0.0251   0.0287   0.0323   0.0358   0.0394    0.043   0.0466   0.0502   0.0538   0.0573   0.0609   0.0645   0.0681   0.0717   0.0753   0.0789   0.0824    0.086   0.0896   0.0932   0.0968   0.1004   0.1039   0.1075   0.1111   0.1147   0.1183   0.1219   0.1254    0.129   0.1326   0.1362   0.1398   0.1434    0.147   0.1505   0.1541   0.1577   0.1613   0.1649   0.1685    0.172   0.1756   0.1792   0.1828   0.1864     0.19   0.1935   0.1971   0.2007   0.2043   0.2079   0.2115   0.2151   0.2186   0.2222   0.2258   0.2294    0.233   0.2366   0.2401   0.2437   0.2473   0.2509   0.2545   0.2581   0.2616   0.2652   0.2688   0.2724    0.276   0.2796   0.2832   0.2867   0.2903   0.2939   0.2975   0.3011   0.3047   0.3082   0.3118   0.3154    0.319   0.3226   0.3262   0.3297   0.3333   0.3369   0.3405   0.3441   0.3477   0.3513   0.3548   0.3584    0.362   0.3656   0.3692   0.3728   0.3763   0.3799   0.3835   0.3871   0.3907   0.3943   0.3978   0.4014    0.405   0.4086   0.4122   0.4158   0.4194   0.4229   0.4265   0.4301   0.4337   0.4373   0.4409   0.4444    0.448   0.4516   0.4552   0.4588   0.4624   0.4659   0.4695   0.4731   0.4767   0.4803   0.4839   0.4875    0.491   0.4946   0.4982
    S      0.0   0.6563   0.7513   0.1779   0.4722   0.1715   0.3391   0.3341   0.4928   0.0544   0.6194   0.1076   0.1062   0.3275   0.4214    0.513    0.324   0.5019   0.2328   0.2927    0.636    0.454    0.156   0.1514   0.1664   0.6509      1.0   0.1412   0.2091   0.1841   0.2459   0.1721   0.0287   0.0753   0.1453   0.1007   0.0776   0.4338   0.3736   0.2841   0.2849   0.3212   0.0615   0.0473   0.7506   0.0821   0.1652   0.3701   0.0262   0.2437   0.1782   0.1135   0.3475   0.0808   0.1929   0.5882   0.1527   0.3511   0.3128   0.0741   0.3117   0.0426   0.3193   0.0801   0.0405   0.1826   0.0387   0.0269    0.327   0.4268   0.2913   0.2191   0.0913   0.3817   0.1891   0.2591   0.1935   0.4664   0.1381   0.1222   0.1499   0.1317   0.0881   0.2081   0.8053    0.149   0.1683   0.1551   0.2651   0.1387   0.1158    0.222   0.2707   0.1011   0.2967   0.2251   0.0695    0.069    0.175   0.1112   0.1526    0.073   0.1063   0.1945   0.0474   0.1237   0.5329   0.0826   0.1653   0.4209   0.9701   0.0611   0.1238   0.1257   0.0886   0.4962   0.0033   0.1458   0.0981   0.7099   0.1981   0.2366   0.3104   0.1638   0.1323   0.3835   0.3451   0.7351   0.2403   0.1167   0.1816   0.1209   0.1481   0.0167   0.6844   0.0945   0.1277   0.0965    0.041   0.9806
  snr   -15.37
    H     4.64
 exon    False

M: mem
 freq      0.0   0.0036   0.0072   0.0108   0.0144    0.018   0.0216   0.0252   0.0288   0.0324    0.036   0.0396   0.0432   0.0468   0.0504    0.054   0.0576   0.0612   0.0647   0.0683   0.0719   0.0755   0.0791   0.0827   0.0863   0.0899   0.0935   0.0971   0.1007   0.1043   0.1079   0.1115   0.1151   0.1187   0.1223   0.1259   0.1295   0.1331   0.1367   0.1403   0.1439   0.1475   0.1511   0.1547   0.1583   0.1619   0.1655   0.1691   0.1727   0.1763   0.1799   0.1835   0.1871   0.1906   0.1942   0.1978   0.2014    0.205   0.2086   0.2122   0.2158   0.2194    0.223   0.2266   0.2302   0.2338   0.2374    0.241   0.2446   0.2482   0.2518   0.2554    0.259   0.2626   0.2662   0.2698   0.2734    0.277   0.2806   0.2842   0.2878   0.2914    0.295   0.2986   0.3022   0.3058   0.3094   0.3129   0.3165   0.3201   0.3237   0.3273   0.3309   0.3345   0.3381   0.3417   0.3453   0.3489   0.3525   0.3561   0.3597   0.3633   0.3669   0.3705   0.3741   0.3777   0.3813   0.3849   0.3885   0.3921   0.3957   0.3993   0.4029   0.4065   0.4101   0.4137   0.4173   0.4209   0.4245   0.4281   0.4317   0.4353   0.4388   0.4424    0.446   0.4496   0.4532   0.4568   0.4604    0.464   0.4676   0.4712   0.4748   0.4784    0.482   0.4856   0.4892   0.4928   0.4964
    S      0.0   0.8575   0.7469   0.2523   0.3532   0.1904   0.4073   0.3061   0.2229   0.0153   0.0207   0.1159    0.082   0.2438   0.2376   0.3508   0.4816   0.6799    0.069   0.3897   0.0133   0.2544   0.1004   0.0505   0.2162   0.9973      1.0    0.144   0.0884   0.0918   0.1424   0.2101   0.0005   0.0055   0.0675   0.0107   0.0122   0.5867   0.4982   0.1977   0.5616   0.0206   0.0197   0.0444   0.4531   0.0237   0.0679   0.4817   0.0616   0.1325   0.1883   0.0263   0.2832    0.008   0.0313    0.395   0.0092   0.2543    0.227   0.0091   0.3344   0.0662   0.3417   0.1527   0.0496   0.1128   0.1914   0.1212    0.178   0.3189   0.6688     0.19   0.2716    0.094   0.0679   0.1805   0.0158   0.1872   0.0941   0.0053    0.302   0.0492   0.1376   0.1279   0.7203   0.1161   0.1703   0.0137   0.3241   0.0413   0.0253   0.1292    0.017   0.1015   0.5305   0.4225   0.1152   0.0406   0.0882   0.0825   0.0174   0.0042   0.1087   0.1073   0.2571   0.2048   0.2794   0.1082   0.0146   0.0159   0.6002   0.1841   0.0955   0.2724   0.0194   0.1098   0.0747    0.057   0.0606   0.2712   0.0164   0.0795   0.1608   0.4645   0.2127   0.8373   0.3934   0.2765   0.1049   0.0929   0.1285   0.1266   0.0501    0.676   0.0264   0.1154   0.0694   0.0189   0.9078
  snr   -14.44
    H     4.45
 exon    False

M: alg1
 freq      0.0   0.0036   0.0072   0.0108   0.0143   0.0179   0.0215   0.0251   0.0287   0.0323   0.0358   0.0394    0.043   0.0466   0.0502   0.0538   0.0573   0.0609   0.0645   0.0681   0.0717   0.0753   0.0789   0.0824    0.086   0.0896   0.0932   0.0968   0.1004   0.1039   0.1075   0.1111   0.1147   0.1183   0.1219   0.1254    0.129   0.1326   0.1362   0.1398   0.1434    0.147   0.1505   0.1541   0.1577   0.1613   0.1649   0.1685    0.172   0.1756   0.1792   0.1828   0.1864     0.19   0.1935   0.1971   0.2007   0.2043   0.2079   0.2115   0.2151   0.2186   0.2222   0.2258   0.2294    0.233   0.2366   0.2401   0.2437   0.2473   0.2509   0.2545   0.2581   0.2616   0.2652   0.2688   0.2724    0.276   0.2796   0.2832   0.2867   0.2903   0.2939   0.2975   0.3011   0.3047   0.3082   0.3118   0.3154    0.319   0.3226   0.3262   0.3297   0.3333   0.3369   0.3405   0.3441   0.3477   0.3513   0.3548   0.3584    0.362   0.3656   0.3692   0.3728   0.3763   0.3799   0.3835   0.3871   0.3907   0.3943   0.3978   0.4014    0.405   0.4086   0.4122   0.4158   0.4194   0.4229   0.4265   0.4301   0.4337   0.4373   0.4409   0.4444    0.448   0.4516   0.4552   0.4588   0.4624   0.4659   0.4695   0.4731   0.4767   0.4803   0.4839   0.4875    0.491   0.4946   0.4982
    S      0.0   0.1901   0.3423   0.1041    0.196    0.164   0.1496   0.2869   0.2568   0.0503   0.6593   0.0542   0.0837    0.112   0.4384   0.5656   0.0908   0.0221   0.1458   0.1281   0.7741   0.2609   0.2219   0.1035   0.1295   0.3241    0.625   0.0872   0.1397   0.2208   0.1631   0.0881   0.0558   0.0743   0.1351    0.114   0.0496   0.0669   0.3252    0.191   0.0971   0.2549   0.1229   0.1315   0.5527   0.0882   0.1479   0.0921   0.0788   0.0933   0.2115   0.1133   0.2121   0.1943    0.214   0.4197   0.1593   0.1689   0.3302   0.0205   0.0504   0.0261   0.1372   0.0307   0.0416   0.1472   0.0937   0.0426   0.1142   0.2641   0.0837   0.1578   0.0926   0.3475   0.1008   0.2271   0.1905   0.5712   0.1497   0.1284   0.0887   0.0588    0.101   0.1366   0.4118   0.0203   0.1316   0.1105   0.1572   0.1415   0.0828   0.1866   0.4156    0.133   0.1388   0.0979   0.0898   0.0449    0.155   0.1113   0.0263   0.1215   0.0537   0.2063   0.0462    0.112    0.173   0.0868   0.1982   0.3689      1.0    0.059   0.1501    0.171   0.0625   0.5618   0.0109   0.0966   0.0477   0.5597   0.4381   0.2953    0.072   0.0676   0.2126   0.0828   0.0491    0.549   0.3343   0.1275   0.1987   0.0894   0.1436   0.0332   0.3591   0.0979   0.0381   0.1135   0.0176   0.1268
  snr   -13.85
    H     4.62
 exon    False

M: alg2
 freq      0.0   0.0036   0.0072   0.0108   0.0143   0.0179   0.0215   0.0251   0.0287   0.0323   0.0358   0.0394    0.043   0.0466   0.0502   0.0538   0.0573   0.0609   0.0645   0.0681   0.0717   0.0753   0.0789   0.0824    0.086   0.0896   0.0932   0.0968   0.1004   0.1039   0.1075   0.1111   0.1147   0.1183   0.1219   0.1254    0.129   0.1326   0.1362   0.1398   0.1434    0.147   0.1505   0.1541   0.1577   0.1613   0.1649   0.1685    0.172   0.1756   0.1792   0.1828   0.1864     0.19   0.1935   0.1971   0.2007   0.2043   0.2079   0.2115   0.2151   0.2186   0.2222   0.2258   0.2294    0.233   0.2366   0.2401   0.2437   0.2473   0.2509   0.2545   0.2581   0.2616   0.2652   0.2688   0.2724    0.276   0.2796   0.2832   0.2867   0.2903   0.2939   0.2975   0.3011   0.3047   0.3082   0.3118   0.3154    0.319   0.3226   0.3262   0.3297   0.3333   0.3369   0.3405   0.3441   0.3477   0.3513   0.3548   0.3584    0.362   0.3656   0.3692   0.3728   0.3763   0.3799   0.3835   0.3871   0.3907   0.3943   0.3978   0.4014    0.405   0.4086   0.4122   0.4158   0.4194   0.4229   0.4265   0.4301   0.4337   0.4373   0.4409   0.4444    0.448   0.4516   0.4552   0.4588   0.4624   0.4659   0.4695   0.4731   0.4767   0.4803   0.4839   0.4875    0.491   0.4946   0.4982
    S      0.0    0.188   0.3334   0.1685   0.0386   0.1767   0.1968   0.3523   0.0127   0.0259   0.1046   0.1051    0.054   0.0335    0.208    0.326   0.2128   0.1716   0.0305    0.045   0.2218   0.0892   0.1173    0.029   0.2224   0.5503      1.0   0.0215   0.0981   0.0212   0.0848   0.1327   0.0346   0.0388    0.035   0.0625   0.0793   0.2683   0.4469   0.2491   0.2033    0.013   0.0794    0.049   0.4058   0.0341    0.193   0.0713   0.0171    0.045    0.148    0.018   0.1098    0.159   0.0838   0.2812   0.1183    0.022   0.1792   0.0027   0.1721   0.0362   0.2381   0.0637   0.0318   0.1806   0.0377   0.0038   0.2684   0.2323   0.2206   0.2312   0.0685   0.3895   0.0174   0.0969   0.0349    0.306   0.1182   0.0385   0.0633   0.0176   0.0355   0.2162   0.0393   0.0241   0.1753   0.1029   0.3108   0.1327    0.027   0.0091   0.1197   0.0537    0.234   0.1203   0.0571   0.0474    0.158   0.0736   0.0249    0.049   0.1012   0.0886   0.0326   0.0405   0.2608   0.0522   0.1401   0.1598   0.7873   0.0165   0.0126   0.0522   0.0494    0.275    0.005   0.0881   0.0101   0.4097   0.0584    0.039   0.0467   0.0904   0.0631   0.2001   0.0661   0.7969   0.1461   0.0975   0.1248   0.0784   0.1169   0.0196    0.396   0.0488   0.0924   0.0522   0.0005   0.2502
  snr   -12.57
    H     4.47
 exon    False