>data-XVI-cerevisiae-intergenic-446
N: 265
Methods: voss, eiip, qpsk, mem, tbpse, snrse

M: voss
 freq      0.0   0.0038   0.0075   0.0113   0.0151   0.0189   0.0226   0.0264   0.0302    0.034   0.0377   0.0415   0.0453   0.0491   0.0528   0.0566   0.0604   0.0642   0.0679   0.0717   0.0755   0.0792    0.083   0.0868   0.0906   0.0943   0.0981   0.1019   0.1057   0.1094   0.1132    0.117   0.1208   0.1245   0.1283   0.1321   0.1358   0.1396   0.1434   0.1472   0.1509   0.1547   0.1585   0.1623    0.166   0.1698   0.1736   0.1774   0.1811   0.1849   0.1887   0.1925   0.1962      0.2   0.2038   0.2075   0.2113   0.2151   0.2189   0.2226   0.2264   0.2302    0.234   0.2377   0.2415   0.2453   0.2491   0.2528   0.2566   0.2604   0.2642   0.2679   0.2717   0.2755   0.2792    0.283   0.2868   0.2906   0.2943   0.2981   0.3019   0.3057   0.3094   0.3132    0.317   0.3208   0.3245   0.3283   0.3321   0.3358   0.3396   0.3434   0.3472   0.3509   0.3547   0.3585   0.3623    0.366   0.3698   0.3736   0.3774   0.3811   0.3849   0.3887   0.3925   0.3962      0.4   0.4038   0.4075   0.4113   0.4151   0.4189   0.4226   0.4264   0.4302    0.434   0.4377   0.4415   0.4453   0.4491   0.4528   0.4566   0.4604   0.4642   0.4679   0.4717   0.4755   0.4792    0.483   0.4868   0.4906   0.4943   0.4981
    S      0.0   0.7186   0.9821   0.9677   0.5735   0.6808   0.8816    0.963   0.4368   0.2778   0.2828   0.0534   0.7177   0.1831   0.1903   0.3151   0.2836   0.3159   0.8107   0.1495   0.4024   0.9395   0.0936   0.3178   0.2883   0.1868   0.3379   0.5597   0.7774   0.2004   0.4304   0.6353   0.4897   0.5336   0.2584   0.3779   0.4096   0.3076   0.6194   0.1214   0.4647    0.501   0.1467   0.7489   0.1955   0.4417   0.3523   0.6587   0.7828   0.1922   0.4602   0.2279   0.9178    0.184   0.4335   0.2691   0.3362   0.5095   0.3093   0.7438   0.2745   0.1176   0.3413   0.1265    0.185   0.2461   0.6351   0.1602     0.21   0.3531   0.3359   0.4859   0.0743     0.18   0.3356   0.3003   0.5712   0.4728   0.0885   0.3648   0.0988   0.4335   0.2422   0.2852   0.3078   0.1353   0.3708   0.2859   0.1283   0.2091   0.5972   0.1774   0.2485   0.5004   0.2984   0.3499   0.6814   0.2512    0.348   0.3645    0.959   0.4114   0.2169   0.1695   0.9458   0.0907   0.4783   0.3069   0.6167   0.2923   0.2351   0.3721   0.3026      1.0   0.8421   0.4214   0.4213   0.1636   0.0697   0.2403   0.3201   0.0817   0.9465    0.386   0.2831   0.2941   0.1798   0.1261   0.3994   0.2262   0.4832   0.4246    0.361
  snr   -17.09
    H     4.71
 exon    False

M: eiip
 freq      0.0   0.0038   0.0075   0.0113   0.0151   0.0189   0.0226   0.0264   0.0302    0.034   0.0377   0.0415   0.0453   0.0491   0.0528   0.0566   0.0604   0.0642   0.0679   0.0717   0.0755   0.0792    0.083   0.0868   0.0906   0.0943   0.0981   0.1019   0.1057   0.1094   0.1132    0.117   0.1208   0.1245   0.1283   0.1321   0.1358   0.1396   0.1434   0.1472   0.1509   0.1547   0.1585   0.1623    0.166   0.1698   0.1736   0.1774   0.1811   0.1849   0.1887   0.1925   0.1962      0.2   0.2038   0.2075   0.2113   0.2151   0.2189   0.2226   0.2264   0.2302    0.234   0.2377   0.2415   0.2453   0.2491   0.2528   0.2566   0.2604   0.2642   0.2679   0.2717   0.2755   0.2792    0.283   0.2868   0.2906   0.2943   0.2981   0.3019   0.3057   0.3094   0.3132    0.317   0.3208   0.3245   0.3283   0.3321   0.3358   0.3396   0.3434   0.3472   0.3509   0.3547   0.3585   0.3623    0.366   0.3698   0.3736   0.3774   0.3811   0.3849   0.3887   0.3925   0.3962      0.4   0.4038   0.4075   0.4113   0.4151   0.4189   0.4226   0.4264   0.4302    0.434   0.4377   0.4415   0.4453   0.4491   0.4528   0.4566   0.4604   0.4642   0.4679   0.4717   0.4755   0.4792    0.483   0.4868   0.4906   0.4943   0.4981
    S      0.0   0.0913   0.5858   0.0189   0.1888   0.2701   0.1684   0.1892   0.0967   0.1894   0.1161   0.0719   0.5191   0.0444   0.0736    0.015   0.0201   0.3085      1.0   0.0274   0.1916   0.1506   0.1341   0.1174   0.1014    0.087   0.4454   0.0602    0.543   0.1683   0.0945   0.2824   0.0842   0.0094   0.0691   0.2244   0.0679   0.0314    0.011   0.0348    0.393   0.0935   0.0873   0.0886   0.0739   0.0172   0.1746   0.0125   0.2598   0.0061   0.0285   0.0586   0.7124   0.0348   0.1499   0.2573   0.1668   0.0079   0.1841   0.0166   0.1809   0.0222   0.0635   0.0641   0.1743   0.1875    0.521   0.0698   0.0466   0.1165   0.0781   0.0115   0.0682   0.0747   0.1232   0.0841   0.3026   0.3127   0.0154   0.1693   0.0447   0.2649    0.065   0.1846   0.2426   0.1312   0.0872   0.0015   0.0071   0.0676   0.0052   0.0794   0.0462   0.0404   0.3502   0.1793   0.4321   0.3199    0.051   0.1035   0.8157   0.1892   0.0932   0.0606   0.7607   0.0814   0.4517   0.0403   0.0681   0.1467   0.0491    0.419   0.0979   0.6808   0.1409   0.2274   0.0064   0.0414   0.0432   0.2084   0.0651   0.0075   0.4616   0.1803   0.1118   0.2832   0.0198   0.1104    0.051   0.2749   0.4948   0.4717   0.3257
  snr   -13.34
    H     4.42
 exon    False

M: qpsk
 freq      0.0   0.0038   0.0075   0.0113   0.0151   0.0189   0.0226   0.0264   0.0302    0.034   0.0377   0.0415   0.0453   0.0491   0.0528   0.0566   0.0604   0.0642   0.0679   0.0717   0.0755   0.0792    0.083   0.0868   0.0906   0.0943   0.0981   0.1019   0.1057   0.1094   0.1132    0.117   0.1208   0.1245   0.1283   0.1321   0.1358   0.1396   0.1434   0.1472   0.1509   0.1547   0.1585   0.1623    0.166   0.1698   0.1736   0.1774   0.1811   0.1849   0.1887   0.1925   0.1962      0.2   0.2038   0.2075   0.2113   0.2151   0.2189   0.2226   0.2264   0.2302    0.234   0.2377   0.2415   0.2453   0.2491   0.2528   0.2566   0.2604   0.2642   0.2679   0.2717   0.2755   0.2792    0.283   0.2868   0.2906   0.2943   0.2981   0.3019   0.3057   0.3094   0.3132    0.317   0.3208   0.3245   0.3283   0.3321   0.3358   0.3396   0.3434   0.3472   0.3509   0.3547   0.3585   0.3623    0.366   0.3698   0.3736   0.3774   0.3811   0.3849   0.3887   0.3925   0.3962      0.4   0.4038   0.4075   0.4113   0.4151   0.4189   0.4226   0.4264   0.4302    0.434   0.4377   0.4415   0.4453   0.4491   0.4528   0.4566   0.4604   0.4642   0.4679   0.4717   0.4755   0.4792    0.483   0.4868   0.4906   0.4943   0.4981
    S      0.0   0.5064   0.9909   0.2379   0.4605    0.618    0.091   0.9179   0.2398   0.0322   0.2604   0.0502   0.6063   0.1739   0.1669   0.2398   0.1733   0.3344   0.6901    0.023   0.3006   0.4436   0.0584   0.1418   0.2044   0.1611   0.3493   0.4845   0.4352   0.1687   0.3871   0.0546   0.1132    0.197   0.0992   0.1689   0.1296   0.2647   0.2723   0.0226   0.3289   0.3874    0.155    0.127   0.1282   0.2481   0.1134   0.3571   0.7427   0.0711   0.2261   0.1877   0.7892   0.1924   0.4116   0.2383   0.0382   0.2088   0.2907   0.6976   0.2892   0.1127   0.0945   0.1135    0.156   0.1211   0.6533   0.0224   0.0821   0.3092   0.1656   0.4706   0.0788    0.109   0.2544   0.0121   0.5881   0.3229   0.0728   0.1989   0.0899   0.4093   0.2457   0.2761   0.2326   0.1407   0.0754   0.2992   0.1203   0.1178   0.5525   0.1353   0.1137   0.2756   0.1178   0.3503    0.715   0.2319    0.336   0.3703      1.0   0.3241   0.1503   0.0697   0.3137   0.0801   0.1778   0.1826   0.5035   0.2655   0.1949   0.2402   0.2916    0.854   0.7223   0.4043   0.1931   0.0752   0.0469   0.2023   0.1957   0.0349   0.8999   0.3419   0.0914   0.1271    0.117   0.0766   0.1693   0.2133   0.4573   0.3914   0.3328
  snr   -15.49
    H     4.61
 exon    False

M: mem
 freq      0.0   0.0038   0.0076   0.0114   0.0152   0.0189   0.0227   0.0265   0.0303   0.0341   0.0379   0.0417   0.0455   0.0492    0.053   0.0568   0.0606   0.0644   0.0682    0.072   0.0758   0.0795   0.0833   0.0871   0.0909   0.0947   0.0985   0.1023   0.1061   0.1098   0.1136   0.1174   0.1212    0.125   0.1288   0.1326   0.1364   0.1402   0.1439   0.1477   0.1515   0.1553   0.1591   0.1629   0.1667   0.1705   0.1742    0.178   0.1818   0.1856   0.1894   0.1932    0.197   0.2008   0.2045   0.2083   0.2121   0.2159   0.2197   0.2235   0.2273   0.2311   0.2348   0.2386   0.2424   0.2462     0.25   0.2538   0.2576   0.2614   0.2652   0.2689   0.2727   0.2765   0.2803   0.2841   0.2879   0.2917   0.2955   0.2992    0.303   0.3068   0.3106   0.3144   0.3182    0.322   0.3258   0.3295   0.3333   0.3371   0.3409   0.3447   0.3485   0.3523   0.3561   0.3598   0.3636   0.3674   0.3712    0.375   0.3788   0.3826   0.3864   0.3902   0.3939   0.3977   0.4015   0.4053   0.4091   0.4129   0.4167   0.4205   0.4242    0.428   0.4318   0.4356   0.4394   0.4432    0.447   0.4508   0.4545   0.4583   0.4621   0.4659   0.4697   0.4735   0.4773   0.4811   0.4848   0.4886   0.4924   0.4962
    S      0.0   0.0744   0.5853    0.016   0.1351   0.1243   0.0366   0.1513   0.1387   0.0836   0.1518   0.0757   0.5959    0.059   0.1442   0.0206   0.0172   0.3918   0.7881   0.0103    0.277   0.2212   0.0954   0.0446   0.1271   0.2157   0.2514   0.0616   0.3076   0.1493   0.1502   0.1034   0.0359   0.0068   0.0552   0.2154   0.0245   0.0601   0.0048   0.0577   0.1621   0.2073   0.0997   0.0041   0.0932    0.106   0.0457   0.0139   0.2576   0.0121   0.0406   0.1174   0.5496   0.0852   0.0965   0.3321   0.0247   0.0014    0.179   0.0391   0.1236   0.0274   0.0009   0.1437   0.0936   0.0421   0.6617   0.0459    0.012   0.2263   0.0018   0.0405   0.0725   0.1638   0.1571   0.2027   0.2145    0.245   0.0078    0.251   0.1217   0.2946   0.0828   0.0517   0.0724   0.0949   0.0521    0.043   0.0058   0.0651   0.1194   0.0405   0.0582   0.0375   0.0467   0.2725   0.6552    0.101   0.0712   0.0174      1.0   0.0245   0.1921   0.0527   0.2866   0.1481    0.588   0.0326   0.2397   0.0854   0.3509   0.0498   0.4309    0.197   0.4675   0.1849   0.0003   0.0065   0.0781   0.2825   0.1132   0.4949    0.275   0.1833   0.1917   0.1114   0.0332   0.0084   0.5019   0.2824   0.0099   0.2213
  snr   -12.94
    H     4.38
 exon    False

M: tbpse
 freq      0.0   0.0038   0.0075   0.0113   0.0151   0.0189   0.0226   0.0264   0.0302    0.034   0.0377   0.0415   0.0453   0.0491   0.0528   0.0566   0.0604   0.0642   0.0679   0.0717   0.0755   0.0792    0.083   0.0868   0.0906   0.0943   0.0981   0.1019   0.1057   0.1094   0.1132    0.117   0.1208   0.1245   0.1283   0.1321   0.1358   0.1396   0.1434   0.1472   0.1509   0.1547   0.1585   0.1623    0.166   0.1698   0.1736   0.1774   0.1811   0.1849   0.1887   0.1925   0.1962      0.2   0.2038   0.2075   0.2113   0.2151   0.2189   0.2226   0.2264   0.2302    0.234   0.2377   0.2415   0.2453   0.2491   0.2528   0.2566   0.2604   0.2642   0.2679   0.2717   0.2755   0.2792    0.283   0.2868   0.2906   0.2943   0.2981   0.3019   0.3057   0.3094   0.3132    0.317   0.3208   0.3245   0.3283   0.3321   0.3358   0.3396   0.3434   0.3472   0.3509   0.3547   0.3585   0.3623    0.366   0.3698   0.3736   0.3774   0.3811   0.3849   0.3887   0.3925   0.3962      0.4   0.4038   0.4075   0.4113   0.4151   0.4189   0.4226   0.4264   0.4302    0.434   0.4377   0.4415   0.4453   0.4491   0.4528   0.4566   0.4604   0.4642   0.4679   0.4717   0.4755   0.4792    0.483   0.4868   0.4906   0.4943   0.4981
    S      0.0   0.4628   0.4967   0.1948   0.4185   0.8545   0.1649    0.965   0.2774   0.0824   0.1465   0.0018     0.21   0.1604   0.0882   0.2445   0.1987   0.0392   0.2899   0.0918   0.1103   0.2546   0.0097   0.1653   0.1807   0.1056   0.0365   0.5323   0.4817   0.1852   0.5436   0.1944   0.1304   0.2276   0.0516   0.0545   0.1226   0.3095   0.3066   0.0283   0.2791   0.2375   0.1185   0.2156   0.1412   0.2295   0.1213   0.3168   0.9266   0.0622   0.2919   0.1499   0.5474   0.3125   0.3145   0.1111   0.1103   0.1733   0.2272      1.0   0.2756   0.1318   0.2949    0.024   0.2041    0.084   0.1426    0.113   0.1069    0.216   0.2078   0.7366   0.0305   0.1385   0.2944   0.1066   0.3846   0.3002   0.1176   0.0602   0.0392   0.2956   0.4049   0.0489   0.2704   0.0644   0.0799   0.5018   0.2234   0.1224   0.8111   0.1999   0.1142   0.6346   0.1257   0.2026   0.4382   0.0323   0.3935   0.4593   0.3503   0.2559   0.1438   0.0394   0.5706   0.0941   0.0816   0.0557   0.6964   0.0624   0.2421    0.231   0.3919   0.7969   0.7512   0.1378   0.2267   0.1432   0.0553   0.0504   0.3311   0.0394   0.3986   0.0992   0.0991   0.0339    0.113   0.0398   0.1096   0.0531   0.0548   0.0367   0.1262
  snr   -14.86
    H     4.54
 exon    False

M: snrse
 freq      0.0   0.0038   0.0075   0.0113   0.0151   0.0189   0.0226   0.0264   0.0302    0.034   0.0377   0.0415   0.0453   0.0491   0.0528   0.0566   0.0604   0.0642   0.0679   0.0717   0.0755   0.0792    0.083   0.0868   0.0906   0.0943   0.0981   0.1019   0.1057   0.1094   0.1132    0.117   0.1208   0.1245   0.1283   0.1321   0.1358   0.1396   0.1434   0.1472   0.1509   0.1547   0.1585   0.1623    0.166   0.1698   0.1736   0.1774   0.1811   0.1849   0.1887   0.1925   0.1962      0.2   0.2038   0.2075   0.2113   0.2151   0.2189   0.2226   0.2264   0.2302    0.234   0.2377   0.2415   0.2453   0.2491   0.2528   0.2566   0.2604   0.2642   0.2679   0.2717   0.2755   0.2792    0.283   0.2868   0.2906   0.2943   0.2981   0.3019   0.3057   0.3094   0.3132    0.317   0.3208   0.3245   0.3283   0.3321   0.3358   0.3396   0.3434   0.3472   0.3509   0.3547   0.3585   0.3623    0.366   0.3698   0.3736   0.3774   0.3811   0.3849   0.3887   0.3925   0.3962      0.4   0.4038   0.4075   0.4113   0.4151   0.4189   0.4226   0.4264   0.4302    0.434   0.4377   0.4415   0.4453   0.4491   0.4528   0.4566   0.4604   0.4642   0.4679   0.4717   0.4755   0.4792    0.483   0.4868   0.4906   0.4943   0.4981
    S      0.0   0.0948   0.2363   0.2985   0.1358    0.296   0.4804   0.1134   0.1432   0.2837   0.0419   0.0355   0.2049   0.0162   0.0254   0.0126   0.0379   0.0902   0.6026   0.1114   0.1146   0.2691   0.0945   0.1335   0.1093   0.0298   0.2012   0.0191   0.4884   0.1356   0.1028   0.5395   0.2065    0.138   0.0961   0.2176   0.1379   0.0354   0.1304   0.0733   0.3339   0.0343   0.0217   0.3644   0.0575   0.0711   0.1969   0.0978    0.143   0.0561   0.1022    0.028    0.533   0.0545   0.0688   0.1104   0.2928   0.1086   0.0673   0.0297   0.1208   0.0122   0.2486   0.0169   0.1762   0.1434   0.1503   0.1617   0.0772   0.0376   0.1204   0.0459    0.032   0.0821   0.1025   0.2415   0.0575   0.2435   0.0222   0.1296   0.0111   0.0948   0.0978   0.0418   0.2487   0.0712    0.187   0.0267   0.0368   0.0803   0.0097   0.1078   0.0637   0.2671   0.3697   0.0611   0.0887   0.1646   0.0358   0.0289   0.2993   0.1586    0.055   0.0665      1.0   0.0743   0.3855   0.0351   0.1202   0.0398   0.0215   0.3733   0.1092   0.3802   0.0674   0.0459   0.1206   0.1029   0.0444   0.0969   0.1503   0.0233   0.1216   0.0581   0.1686   0.2435   0.0321   0.0807    0.113   0.1466   0.2129   0.2243   0.1709
  snr   -12.54
    H     4.51
 exon    False