>data-XVI-cerevisiae-intergenic-250
N: 376
Methods: voss, eiip, qpsk, mem, tbpse, snrse

M: voss
 freq      0.0   0.0027   0.0053    0.008   0.0106   0.0133    0.016   0.0186   0.0213   0.0239   0.0266   0.0293   0.0319   0.0346   0.0372   0.0399   0.0426   0.0452   0.0479   0.0505   0.0532   0.0559   0.0585   0.0612   0.0638   0.0665   0.0691   0.0718   0.0745   0.0771   0.0798   0.0824   0.0851   0.0878   0.0904   0.0931   0.0957   0.0984   0.1011   0.1037   0.1064    0.109   0.1117   0.1144    0.117   0.1197   0.1223    0.125   0.1277   0.1303    0.133   0.1356   0.1383    0.141   0.1436   0.1463   0.1489   0.1516   0.1543   0.1569   0.1596   0.1622   0.1649   0.1676   0.1702   0.1729   0.1755   0.1782   0.1809   0.1835   0.1862   0.1888   0.1915   0.1941   0.1968   0.1995   0.2021   0.2048   0.2074   0.2101   0.2128   0.2154   0.2181   0.2207   0.2234   0.2261   0.2287   0.2314    0.234   0.2367   0.2394    0.242   0.2447   0.2473     0.25   0.2527   0.2553    0.258   0.2606   0.2633    0.266   0.2686   0.2713   0.2739   0.2766   0.2793   0.2819   0.2846   0.2872   0.2899   0.2926   0.2952   0.2979   0.3005   0.3032   0.3059   0.3085   0.3112   0.3138   0.3165   0.3191   0.3218   0.3245   0.3271   0.3298   0.3324   0.3351   0.3378   0.3404   0.3431   0.3457   0.3484   0.3511   0.3537   0.3564    0.359   0.3617   0.3644    0.367   0.3697   0.3723    0.375   0.3777   0.3803    0.383   0.3856   0.3883    0.391   0.3936   0.3963   0.3989   0.4016   0.4043   0.4069   0.4096   0.4122   0.4149   0.4176   0.4202   0.4229   0.4255   0.4282   0.4309   0.4335   0.4362   0.4388   0.4415   0.4441   0.4468   0.4495   0.4521   0.4548   0.4574   0.4601   0.4628   0.4654   0.4681   0.4707   0.4734   0.4761   0.4787   0.4814    0.484   0.4867   0.4894    0.492   0.4947   0.4973
    S      0.0   0.9136   0.1759   0.2095    0.267   0.5053   0.3355   0.0568   0.4117   0.2239   0.4712   0.3717   0.1385   0.1994   0.2823   0.2582   0.1856   0.2219      1.0   0.3216   0.2235   0.1837   0.3497   0.0912   0.1334   0.3809   0.6241   0.3556    0.452   0.2219   0.2224   0.1654   0.2296   0.0681   0.4359   0.0832   0.3516   0.2861   0.1006   0.5245    0.216   0.2091   0.1918   0.5232   0.3565   0.1256   0.2334   0.1552   0.5877   0.2361   0.1088   0.1062   0.3269   0.1769   0.3155   0.2993   0.1506   0.4457   0.2188   0.1787   0.1259   0.1557   0.1622   0.3868   0.4599    0.284   0.1599    0.389   0.0796   0.2134   0.0763   0.0526   0.4203   0.5683   0.4847   0.5883   0.1727   0.3312   0.2291   0.1762   0.4075   0.1153   0.3175   0.1175   0.2346   0.2299    0.524   0.2301   0.1614   0.2437    0.069   0.3974   0.4143   0.3869   0.2043   0.0674   0.1612    0.039    0.561   0.3388   0.5643   0.2189   0.1714   0.2542   0.4969   0.1409   0.2919    0.048   0.1612   0.0902   0.2554   0.1007   0.1388   0.1388   0.1278   0.1627   0.2796   0.2461   0.0916   0.2556   0.3498   0.3772   0.4289   0.1723   0.3042   0.1708   0.0656   0.2233   0.4612     0.46   0.0851   0.2203   0.2432   0.1768   0.6025   0.5752   0.3136   0.2831   0.2741    0.506    0.168   0.2692   0.4746   0.1429   0.3461   0.3775   0.1964   0.2509   0.1021    0.137   0.1711   0.1959   0.4421   0.0875    0.168   0.4295   0.2359   0.1161   0.3838   0.3991   0.6382    0.914   0.3875   0.1757   0.1901   0.2114   0.1876   0.2845    0.324   0.1487   0.3246   0.1287   0.1524   0.3611   0.0404   0.3586   0.4717    0.267   0.4515    0.361   0.1659   0.1396   0.1411   0.1702   0.5271   0.1442   0.4004   0.0787
  snr   -17.05
    H     5.07
 exon    False

M: eiip
 freq      0.0   0.0027   0.0053    0.008   0.0106   0.0133    0.016   0.0186   0.0213   0.0239   0.0266   0.0293   0.0319   0.0346   0.0372   0.0399   0.0426   0.0452   0.0479   0.0505   0.0532   0.0559   0.0585   0.0612   0.0638   0.0665   0.0691   0.0718   0.0745   0.0771   0.0798   0.0824   0.0851   0.0878   0.0904   0.0931   0.0957   0.0984   0.1011   0.1037   0.1064    0.109   0.1117   0.1144    0.117   0.1197   0.1223    0.125   0.1277   0.1303    0.133   0.1356   0.1383    0.141   0.1436   0.1463   0.1489   0.1516   0.1543   0.1569   0.1596   0.1622   0.1649   0.1676   0.1702   0.1729   0.1755   0.1782   0.1809   0.1835   0.1862   0.1888   0.1915   0.1941   0.1968   0.1995   0.2021   0.2048   0.2074   0.2101   0.2128   0.2154   0.2181   0.2207   0.2234   0.2261   0.2287   0.2314    0.234   0.2367   0.2394    0.242   0.2447   0.2473     0.25   0.2527   0.2553    0.258   0.2606   0.2633    0.266   0.2686   0.2713   0.2739   0.2766   0.2793   0.2819   0.2846   0.2872   0.2899   0.2926   0.2952   0.2979   0.3005   0.3032   0.3059   0.3085   0.3112   0.3138   0.3165   0.3191   0.3218   0.3245   0.3271   0.3298   0.3324   0.3351   0.3378   0.3404   0.3431   0.3457   0.3484   0.3511   0.3537   0.3564    0.359   0.3617   0.3644    0.367   0.3697   0.3723    0.375   0.3777   0.3803    0.383   0.3856   0.3883    0.391   0.3936   0.3963   0.3989   0.4016   0.4043   0.4069   0.4096   0.4122   0.4149   0.4176   0.4202   0.4229   0.4255   0.4282   0.4309   0.4335   0.4362   0.4388   0.4415   0.4441   0.4468   0.4495   0.4521   0.4548   0.4574   0.4601   0.4628   0.4654   0.4681   0.4707   0.4734   0.4761   0.4787   0.4814    0.484   0.4867   0.4894    0.492   0.4947   0.4973
    S      0.0    0.461   0.0632   0.0289   0.0341   0.0985   0.0462   0.0276    0.348   0.0678   0.2346   0.0237   0.1223   0.0699   0.3241   0.2242   0.1139   0.0355   0.7588   0.0951   0.1754   0.1391   0.0086    0.064   0.1501   0.2295   0.0473   0.1045   0.1636   0.0445   0.2858   0.1164   0.0731   0.0107   0.2108   0.0386   0.0201   0.1416   0.1592   0.9147   0.0875   0.1475   0.0225   0.0056   0.0803   0.0846   0.1051   0.0392   0.7114   0.3193   0.0751   0.0596   0.0167    0.241   0.0192   0.0942   0.1444   0.3681   0.1594   0.0495     0.13    0.049    0.172   0.0408   0.5353   0.0235   0.1473   0.2002   0.0215    0.082   0.0524   0.0377   0.1656   0.3806   0.0831      0.4   0.0081   0.1887   0.1183     0.17   0.0688   0.0859   0.0397   0.1054   0.1631   0.3149   0.8688   0.1512   0.0834   0.0659   0.0463   0.1082   0.4007   0.5921   0.0813   0.1013   0.3162   0.0151   0.1174   0.3559   0.5053   0.3404   0.0825   0.3382   0.4915   0.1625   0.0178   0.0106   0.1907   0.0431   0.3074   0.1488   0.0639   0.0442   0.0607   0.0099   0.3668   0.1447   0.0108    0.128   0.2018   0.1623   0.5137   0.1596   0.1463   0.0305   0.0408   0.1266   0.2117   0.0936   0.0211   0.1035   0.0303   0.2359   0.7578   0.0628   0.1254   0.3183   0.0089   0.1131   0.0425   0.1965    0.191   0.0419   0.3623   0.2428   0.1542   0.1494   0.0264   0.0356   0.1547   0.0265   0.7327   0.0412   0.1325   0.1679   0.0441   0.1026   0.2755   0.0958      1.0   0.2752    0.155   0.0088    0.022   0.1876   0.0697   0.3623   0.2235   0.1793   0.1164   0.2037    0.162   0.2741   0.0583   0.0068   0.0159   0.0245   0.0331   0.1083   0.2011   0.0003   0.1579   0.1445   0.4846    0.121   0.0613   0.0713
  snr   -14.78
    H     4.79
 exon    False

M: qpsk
 freq      0.0   0.0027   0.0053    0.008   0.0106   0.0133    0.016   0.0186   0.0213   0.0239   0.0266   0.0293   0.0319   0.0346   0.0372   0.0399   0.0426   0.0452   0.0479   0.0505   0.0532   0.0559   0.0585   0.0612   0.0638   0.0665   0.0691   0.0718   0.0745   0.0771   0.0798   0.0824   0.0851   0.0878   0.0904   0.0931   0.0957   0.0984   0.1011   0.1037   0.1064    0.109   0.1117   0.1144    0.117   0.1197   0.1223    0.125   0.1277   0.1303    0.133   0.1356   0.1383    0.141   0.1436   0.1463   0.1489   0.1516   0.1543   0.1569   0.1596   0.1622   0.1649   0.1676   0.1702   0.1729   0.1755   0.1782   0.1809   0.1835   0.1862   0.1888   0.1915   0.1941   0.1968   0.1995   0.2021   0.2048   0.2074   0.2101   0.2128   0.2154   0.2181   0.2207   0.2234   0.2261   0.2287   0.2314    0.234   0.2367   0.2394    0.242   0.2447   0.2473     0.25   0.2527   0.2553    0.258   0.2606   0.2633    0.266   0.2686   0.2713   0.2739   0.2766   0.2793   0.2819   0.2846   0.2872   0.2899   0.2926   0.2952   0.2979   0.3005   0.3032   0.3059   0.3085   0.3112   0.3138   0.3165   0.3191   0.3218   0.3245   0.3271   0.3298   0.3324   0.3351   0.3378   0.3404   0.3431   0.3457   0.3484   0.3511   0.3537   0.3564    0.359   0.3617   0.3644    0.367   0.3697   0.3723    0.375   0.3777   0.3803    0.383   0.3856   0.3883    0.391   0.3936   0.3963   0.3989   0.4016   0.4043   0.4069   0.4096   0.4122   0.4149   0.4176   0.4202   0.4229   0.4255   0.4282   0.4309   0.4335   0.4362   0.4388   0.4415   0.4441   0.4468   0.4495   0.4521   0.4548   0.4574   0.4601   0.4628   0.4654   0.4681   0.4707   0.4734   0.4761   0.4787   0.4814    0.484   0.4867   0.4894    0.492   0.4947   0.4973
    S      0.0   0.8026   0.1416   0.1609   0.2573   0.2272   0.3023   0.0569   0.2883   0.0916   0.3888   0.1631    0.056   0.1366   0.3085   0.2545   0.0346     0.14   0.9251    0.212   0.1965   0.1921   0.3239   0.0995   0.0658   0.2591    0.679   0.2951   0.0804   0.2214   0.2341   0.0281   0.1632   0.0469   0.3793   0.0366   0.1466   0.2978   0.0753   0.3096   0.1223   0.2055   0.1924   0.3192   0.3114    0.101   0.1618   0.1632    0.196   0.2557   0.1089   0.0573   0.0989   0.0726    0.196   0.2576   0.1534   0.4041   0.2125   0.0359   0.0456   0.0229   0.0662   0.4135   0.3827   0.2352   0.1388   0.2705    0.084   0.1394   0.0591   0.0207     0.16   0.3018    0.078     0.57   0.0506   0.0729   0.2452   0.0493     0.27   0.0321   0.2908    0.055   0.1731   0.2385   0.3938   0.1713   0.1098   0.2146   0.0516   0.3834   0.2163   0.2898   0.2071   0.0611   0.1064   0.0419   0.5359   0.3489   0.5471     0.12   0.1638   0.2764   0.4665    0.075   0.3215    0.049   0.1714   0.0279   0.2063   0.0964   0.1516   0.1342   0.1036   0.0963   0.0631   0.2506   0.0663   0.2276   0.1499   0.2334   0.4497   0.1109   0.2929   0.1278   0.0595   0.1974   0.4451   0.3118   0.0685   0.0823   0.1682   0.1822   0.0967   0.3809   0.3117   0.2174   0.1818   0.5349   0.1229   0.2337   0.3497   0.1249   0.0932   0.2216   0.2009   0.2253   0.0834   0.0764   0.1606   0.1582    0.272   0.0643   0.1559   0.4338   0.2065   0.0443   0.3558   0.2035   0.5306      1.0   0.3163   0.1592   0.1175   0.0829   0.2022   0.2539    0.018   0.1259   0.0676   0.1069   0.1231   0.1209   0.0368   0.3154   0.2498   0.2083   0.2745   0.3044   0.1802   0.0859   0.0934   0.0379    0.425   0.0625   0.1262   0.0263
  snr   -15.68
    H     4.98
 exon    False

M: mem
 freq      0.0   0.0027   0.0053    0.008   0.0106   0.0133    0.016   0.0186   0.0213   0.0239   0.0266   0.0293   0.0319   0.0346   0.0372   0.0399   0.0426   0.0452   0.0479   0.0505   0.0532   0.0559   0.0585   0.0612   0.0638   0.0665   0.0691   0.0718   0.0745   0.0771   0.0798   0.0824   0.0851   0.0878   0.0904   0.0931   0.0957   0.0984   0.1011   0.1037   0.1064    0.109   0.1117   0.1144    0.117   0.1197   0.1223    0.125   0.1277   0.1303    0.133   0.1356   0.1383    0.141   0.1436   0.1463   0.1489   0.1516   0.1543   0.1569   0.1596   0.1622   0.1649   0.1676   0.1702   0.1729   0.1755   0.1782   0.1809   0.1835   0.1862   0.1888   0.1915   0.1941   0.1968   0.1995   0.2021   0.2048   0.2074   0.2101   0.2128   0.2154   0.2181   0.2207   0.2234   0.2261   0.2287   0.2314    0.234   0.2367   0.2394    0.242   0.2447   0.2473     0.25   0.2527   0.2553    0.258   0.2606   0.2633    0.266   0.2686   0.2713   0.2739   0.2766   0.2793   0.2819   0.2846   0.2872   0.2899   0.2926   0.2952   0.2979   0.3005   0.3032   0.3059   0.3085   0.3112   0.3138   0.3165   0.3191   0.3218   0.3245   0.3271   0.3298   0.3324   0.3351   0.3378   0.3404   0.3431   0.3457   0.3484   0.3511   0.3537   0.3564    0.359   0.3617   0.3644    0.367   0.3697   0.3723    0.375   0.3777   0.3803    0.383   0.3856   0.3883    0.391   0.3936   0.3963   0.3989   0.4016   0.4043   0.4069   0.4096   0.4122   0.4149   0.4176   0.4202   0.4229   0.4255   0.4282   0.4309   0.4335   0.4362   0.4388   0.4415   0.4441   0.4468   0.4495   0.4521   0.4548   0.4574   0.4601   0.4628   0.4654   0.4681   0.4707   0.4734   0.4761   0.4787   0.4814    0.484   0.4867   0.4894    0.492   0.4947   0.4973
    S      0.0   0.2564   0.1698   0.1237    0.204   0.2607   0.0953   0.0575   0.1374   0.0995   0.2475   0.0837     0.01    0.098   0.3284   0.0315   0.0376   0.1104      1.0   0.2067    0.147   0.1765   0.1118   0.0478   0.0433   0.1042   0.3171   0.1723   0.1074   0.0554   0.2673   0.0206   0.1777   0.0062   0.0676    0.021   0.0057   0.0658     0.06   0.1532     0.06   0.0095   0.0228     0.41    0.387   0.0022   0.1526   0.0446   0.0891   0.1295   0.1021   0.0651   0.0348   0.0182   0.0232   0.0728   0.1005    0.074   0.2265   0.0423   0.0472   0.0125    0.037   0.0077   0.2523   0.0471   0.0977   0.0409   0.0815   0.0953   0.0087   0.0055   0.1095   0.1948   0.1171    0.341   0.0335    0.001   0.1365   0.0282   0.3374   0.0225   0.0512   0.0374   0.1979   0.2754   0.2823   0.2177   0.0501   0.0848   0.0265   0.0542   0.2613   0.0992   0.0632   0.0571   0.0675   0.0094   0.0118   0.4044    0.569   0.1281   0.0095   0.3346   0.4078   0.0451   0.0389   0.0045   0.1127   0.0289   0.0831   0.1137   0.1424   0.0221   0.0117   0.0859   0.0395   0.1115   0.0089   0.1326   0.0951   0.1431   0.3833   0.1067   0.2556    0.176   0.0724   0.0229   0.0826   0.2617   0.0027   0.0327   0.0114   0.2169   0.0385   0.0007   0.3725   0.1604   0.0434      0.5   0.1675   0.0747   0.3557   0.1594   0.0947   0.0168    0.206   0.0642   0.0568   0.0976    0.175   0.0912   0.1647   0.0141   0.0817   0.0713   0.1112   0.0197   0.2079   0.2254   0.4861   0.8192   0.2225   0.0057   0.1644   0.1023   0.0138   0.2993   0.0156   0.0459   0.0078   0.0386   0.1271   0.0902   0.0191   0.2614   0.2582   0.0251   0.3041   0.3789   0.2169   0.0112   0.0551    0.023   0.3033   0.0109   0.1644   0.0103
  snr   -13.69
    H     4.77
 exon    False

M: tbpse
 freq      0.0   0.0027   0.0053    0.008   0.0106   0.0133    0.016   0.0186   0.0213   0.0239   0.0266   0.0293   0.0319   0.0346   0.0372   0.0399   0.0426   0.0452   0.0479   0.0505   0.0532   0.0559   0.0585   0.0612   0.0638   0.0665   0.0691   0.0718   0.0745   0.0771   0.0798   0.0824   0.0851   0.0878   0.0904   0.0931   0.0957   0.0984   0.1011   0.1037   0.1064    0.109   0.1117   0.1144    0.117   0.1197   0.1223    0.125   0.1277   0.1303    0.133   0.1356   0.1383    0.141   0.1436   0.1463   0.1489   0.1516   0.1543   0.1569   0.1596   0.1622   0.1649   0.1676   0.1702   0.1729   0.1755   0.1782   0.1809   0.1835   0.1862   0.1888   0.1915   0.1941   0.1968   0.1995   0.2021   0.2048   0.2074   0.2101   0.2128   0.2154   0.2181   0.2207   0.2234   0.2261   0.2287   0.2314    0.234   0.2367   0.2394    0.242   0.2447   0.2473     0.25   0.2527   0.2553    0.258   0.2606   0.2633    0.266   0.2686   0.2713   0.2739   0.2766   0.2793   0.2819   0.2846   0.2872   0.2899   0.2926   0.2952   0.2979   0.3005   0.3032   0.3059   0.3085   0.3112   0.3138   0.3165   0.3191   0.3218   0.3245   0.3271   0.3298   0.3324   0.3351   0.3378   0.3404   0.3431   0.3457   0.3484   0.3511   0.3537   0.3564    0.359   0.3617   0.3644    0.367   0.3697   0.3723    0.375   0.3777   0.3803    0.383   0.3856   0.3883    0.391   0.3936   0.3963   0.3989   0.4016   0.4043   0.4069   0.4096   0.4122   0.4149   0.4176   0.4202   0.4229   0.4255   0.4282   0.4309   0.4335   0.4362   0.4388   0.4415   0.4441   0.4468   0.4495   0.4521   0.4548   0.4574   0.4601   0.4628   0.4654   0.4681   0.4707   0.4734   0.4761   0.4787   0.4814    0.484   0.4867   0.4894    0.492   0.4947   0.4973
    S      0.0   0.4588   0.1955   0.1974   0.2216   0.5193   0.1841   0.0586   0.0844   0.1968   0.1049   0.2566   0.0487   0.1525   0.2315   0.0301   0.0835   0.1815      1.0   0.2489   0.1432   0.1546    0.193   0.0375   0.0035    0.006   0.2719   0.2733   0.3729   0.0447   0.1881   0.0597   0.2584   0.0178    0.178   0.0197   0.0883   0.0581    0.035   0.0426   0.1094   0.0277   0.0496   0.6912   0.4679   0.0204   0.1817   0.0474   0.0667   0.0619   0.0982   0.0774   0.1559   0.0353   0.0405   0.1063   0.0429   0.0845    0.155   0.1553   0.0446    0.094   0.0014   0.0082   0.1527   0.0198    0.029   0.1294   0.0771    0.105   0.0279   0.0028   0.2989   0.1672   0.4458   0.1407    0.112   0.0755   0.1159   0.0124   0.5034   0.0289   0.0356   0.0075   0.1665   0.1437   0.0989   0.2131     0.09   0.0323   0.0388   0.0848    0.233   0.0243   0.0434   0.0349   0.0041    0.005   0.0382   0.2915   0.4434   0.0434   0.0407   0.1938   0.3721   0.0412   0.0532   0.0017   0.0657   0.0729   0.0798   0.0593   0.1049   0.0221   0.0101   0.1687   0.0199   0.0718   0.0001   0.1713   0.2534   0.2671   0.1981   0.1261   0.2821   0.2358   0.0761   0.0058   0.0821   0.3173   0.0107   0.0736   0.0589   0.1112    0.095   0.0655     0.38   0.1079    0.109   0.4944   0.2192   0.0452    0.418    0.185   0.1413   0.1518   0.1874   0.0197   0.0836   0.1554   0.1456   0.0941   0.0675   0.0357    0.037   0.1303   0.1262   0.0551   0.2029    0.412   0.2875   0.6585   0.2809   0.0099    0.251    0.125   0.0266    0.211   0.1438    0.007   0.0758   0.0129   0.0709   0.2261   0.0039   0.3765   0.5461   0.0791   0.5368   0.4326   0.1468   0.0369   0.0088   0.0286   0.0802   0.0626   0.4234   0.0316
  snr   -14.19
    H     4.79
 exon    False

M: snrse
 freq      0.0   0.0027   0.0053    0.008   0.0106   0.0133    0.016   0.0186   0.0213   0.0239   0.0266   0.0293   0.0319   0.0346   0.0372   0.0399   0.0426   0.0452   0.0479   0.0505   0.0532   0.0559   0.0585   0.0612   0.0638   0.0665   0.0691   0.0718   0.0745   0.0771   0.0798   0.0824   0.0851   0.0878   0.0904   0.0931   0.0957   0.0984   0.1011   0.1037   0.1064    0.109   0.1117   0.1144    0.117   0.1197   0.1223    0.125   0.1277   0.1303    0.133   0.1356   0.1383    0.141   0.1436   0.1463   0.1489   0.1516   0.1543   0.1569   0.1596   0.1622   0.1649   0.1676   0.1702   0.1729   0.1755   0.1782   0.1809   0.1835   0.1862   0.1888   0.1915   0.1941   0.1968   0.1995   0.2021   0.2048   0.2074   0.2101   0.2128   0.2154   0.2181   0.2207   0.2234   0.2261   0.2287   0.2314    0.234   0.2367   0.2394    0.242   0.2447   0.2473     0.25   0.2527   0.2553    0.258   0.2606   0.2633    0.266   0.2686   0.2713   0.2739   0.2766   0.2793   0.2819   0.2846   0.2872   0.2899   0.2926   0.2952   0.2979   0.3005   0.3032   0.3059   0.3085   0.3112   0.3138   0.3165   0.3191   0.3218   0.3245   0.3271   0.3298   0.3324   0.3351   0.3378   0.3404   0.3431   0.3457   0.3484   0.3511   0.3537   0.3564    0.359   0.3617   0.3644    0.367   0.3697   0.3723    0.375   0.3777   0.3803    0.383   0.3856   0.3883    0.391   0.3936   0.3963   0.3989   0.4016   0.4043   0.4069   0.4096   0.4122   0.4149   0.4176   0.4202   0.4229   0.4255   0.4282   0.4309   0.4335   0.4362   0.4388   0.4415   0.4441   0.4468   0.4495   0.4521   0.4548   0.4574   0.4601   0.4628   0.4654   0.4681   0.4707   0.4734   0.4761   0.4787   0.4814    0.484   0.4867   0.4894    0.492   0.4947   0.4973
    S      0.0   0.3271   0.1393   0.1518   0.2322   0.2238   0.1657    0.041   0.0717   0.0231   0.3756   0.0964   0.0034   0.0183   0.1805    0.059   0.0379   0.0147   0.3443   0.1418   0.0208   0.0904   0.2296   0.0322   0.0606   0.2182   0.5809   0.1418   0.0572   0.1568   0.1085    0.031   0.1231   0.0042   0.1618   0.0376   0.0427   0.1475   0.0241   0.0265    0.003   0.0407   0.1035   0.3065   0.2938   0.0163   0.0514   0.0658   0.0527   0.0293   0.0473   0.0585   0.0296   0.0065   0.1132   0.0095    0.103   0.0164   0.2093   0.0334   0.0264   0.0062   0.0575   0.1632   0.2379   0.1676   0.1243   0.1447   0.0858   0.1415   0.0171   0.0128   0.0302   0.1413   0.0604   0.4823    0.003    0.031   0.1687   0.0415   0.1667   0.0362   0.1366   0.0529   0.1593   0.1863   0.0781   0.1499   0.0118   0.1952   0.0326    0.066    0.192   0.0087   0.0719   0.0261   0.0203   0.0181   0.1038   0.2261   0.2843   0.0951   0.0615   0.2222   0.1692   0.0082   0.1811   0.0185   0.0699   0.0225   0.0388    0.068   0.1588   0.0188   0.0177   0.0928   0.0362   0.1716   0.0474   0.0648   0.0775   0.1907   0.2972   0.0433   0.2029   0.1075   0.0298   0.0814   0.0206   0.2465    0.011   0.0746   0.0369   0.1636   0.0243   0.1309   0.2797   0.1539   0.0392   0.5476    0.078   0.0335   0.1449   0.1171   0.0465   0.0639   0.1128    0.086   0.0734   0.0699   0.0742   0.1284   0.0791   0.0379   0.1152   0.2011   0.1003   0.0064    0.015   0.0875   0.1988      1.0   0.0239   0.0507   0.0814   0.0625   0.0735   0.1398   0.0064   0.0461   0.0387   0.0023   0.1221   0.0489   0.0123   0.3093   0.2404   0.0703   0.2681   0.2837   0.1304   0.0317   0.0539   0.0431   0.4053   0.0217   0.1151   0.0014
  snr   -12.96
    H     4.79
 exon    False