>data-XIV-cerevisiae-intergenic-26
N: 230
Methods: voss, eiip, qpsk, mem, alg1, alg2

M: voss
 freq      0.0   0.0043   0.0087    0.013   0.0174   0.0217   0.0261   0.0304   0.0348   0.0391   0.0435   0.0478   0.0522   0.0565   0.0609   0.0652   0.0696   0.0739   0.0783   0.0826    0.087   0.0913   0.0957      0.1   0.1043   0.1087    0.113   0.1174   0.1217   0.1261   0.1304   0.1348   0.1391   0.1435   0.1478   0.1522   0.1565   0.1609   0.1652   0.1696   0.1739   0.1783   0.1826    0.187   0.1913   0.1957      0.2   0.2043   0.2087    0.213   0.2174   0.2217   0.2261   0.2304   0.2348   0.2391   0.2435   0.2478   0.2522   0.2565   0.2609   0.2652   0.2696   0.2739   0.2783   0.2826    0.287   0.2913   0.2957      0.3   0.3043   0.3087    0.313   0.3174   0.3217   0.3261   0.3304   0.3348   0.3391   0.3435   0.3478   0.3522   0.3565   0.3609   0.3652   0.3696   0.3739   0.3783   0.3826    0.387   0.3913   0.3957      0.4   0.4043   0.4087    0.413   0.4174   0.4217   0.4261   0.4304   0.4348   0.4391   0.4435   0.4478   0.4522   0.4565   0.4609   0.4652   0.4696   0.4739   0.4783   0.4826    0.487   0.4913   0.4957
    S      0.0      1.0   0.3289   0.0775   0.4809   0.1414   0.4237   0.3083    0.252    0.281   0.1718   0.1704   0.1004    0.108   0.1952    0.154   0.0936   0.1968    0.038   0.1526     0.38   0.2814   0.1315   0.2577   0.1667   0.3796   0.5038   0.3658   0.0563   0.1697   0.2509   0.3251   0.2472   0.0569   0.4784   0.2331   0.2872   0.1088   0.3401   0.1726   0.1723   0.0907   0.1212   0.4118    0.155    0.116   0.1001   0.3187   0.0627   0.1818   0.1659   0.0595   0.0963   0.1211   0.1089   0.3146   0.5251   0.2156    0.612   0.1814    0.153   0.0438   0.1617   0.1318   0.3248   0.1669     0.45   0.0702   0.1576   0.1204   0.1239   0.3871   0.0853   0.2086   0.4629   0.4333   0.2611   0.1882   0.1516   0.1574    0.306   0.2522    0.608    0.199   0.5615   0.2206   0.3004   0.1471   0.2016   0.3447   0.2325    0.144   0.1825   0.0433   0.1454   0.2364   0.1785   0.2395   0.2115   0.1386   0.1033   0.4218   0.2074   0.4074   0.2411   0.2591   0.2882   0.2725   0.1285    0.235   0.1502   0.0558   0.0695   0.3506   0.2063
  snr   -14.07
    H     4.56
 exon    False

M: eiip
 freq      0.0   0.0043   0.0087    0.013   0.0174   0.0217   0.0261   0.0304   0.0348   0.0391   0.0435   0.0478   0.0522   0.0565   0.0609   0.0652   0.0696   0.0739   0.0783   0.0826    0.087   0.0913   0.0957      0.1   0.1043   0.1087    0.113   0.1174   0.1217   0.1261   0.1304   0.1348   0.1391   0.1435   0.1478   0.1522   0.1565   0.1609   0.1652   0.1696   0.1739   0.1783   0.1826    0.187   0.1913   0.1957      0.2   0.2043   0.2087    0.213   0.2174   0.2217   0.2261   0.2304   0.2348   0.2391   0.2435   0.2478   0.2522   0.2565   0.2609   0.2652   0.2696   0.2739   0.2783   0.2826    0.287   0.2913   0.2957      0.3   0.3043   0.3087    0.313   0.3174   0.3217   0.3261   0.3304   0.3348   0.3391   0.3435   0.3478   0.3522   0.3565   0.3609   0.3652   0.3696   0.3739   0.3783   0.3826    0.387   0.3913   0.3957      0.4   0.4043   0.4087    0.413   0.4174   0.4217   0.4261   0.4304   0.4348   0.4391   0.4435   0.4478   0.4522   0.4565   0.4609   0.4652   0.4696   0.4739   0.4783   0.4826    0.487   0.4913   0.4957
    S      0.0   0.1904   0.2988   0.0933   0.1309   0.0138      1.0   0.1564   0.3789    0.058   0.0726   0.0347   0.0569   0.0899   0.0458   0.0348   0.1519    0.133   0.0627   0.1027   0.3008   0.2188   0.0704   0.4609   0.1715   0.2981     0.04   0.5409   0.0465   0.0397    0.031   0.0753   0.1232   0.0011   0.0202   0.0043   0.1417   0.0257   0.2427   0.1041   0.2098   0.0051   0.0064    0.036   0.2663   0.0024   0.0444     0.28    0.001   0.0727   0.0057   0.0086   0.0866      0.1   0.0013   0.1544   0.4277   0.0645   0.4737   0.1688   0.0029    0.091   0.3388   0.0367   0.3744   0.0256   0.7824   0.0817   0.0488   0.1626   0.0819   0.0055   0.1551   0.2332   0.0108   0.0425    0.305   0.0903   0.2294   0.0157   0.3906   0.1907   0.9267   0.3014   0.9624   0.3068   0.5632   0.1802   0.2089   0.0072    0.151   0.1449   0.3539    0.022   0.1509   0.1623   0.2035    0.285   0.1461   0.0247   0.0631   0.7008   0.0868   0.1162   0.0409   0.0186   0.1352   0.5101   0.1779   0.4468   0.0622    0.084   0.0989   0.3227   0.1203
  snr   -12.85
    H     4.22
 exon    False

M: qpsk
 freq      0.0   0.0043   0.0087    0.013   0.0174   0.0217   0.0261   0.0304   0.0348   0.0391   0.0435   0.0478   0.0522   0.0565   0.0609   0.0652   0.0696   0.0739   0.0783   0.0826    0.087   0.0913   0.0957      0.1   0.1043   0.1087    0.113   0.1174   0.1217   0.1261   0.1304   0.1348   0.1391   0.1435   0.1478   0.1522   0.1565   0.1609   0.1652   0.1696   0.1739   0.1783   0.1826    0.187   0.1913   0.1957      0.2   0.2043   0.2087    0.213   0.2174   0.2217   0.2261   0.2304   0.2348   0.2391   0.2435   0.2478   0.2522   0.2565   0.2609   0.2652   0.2696   0.2739   0.2783   0.2826    0.287   0.2913   0.2957      0.3   0.3043   0.3087    0.313   0.3174   0.3217   0.3261   0.3304   0.3348   0.3391   0.3435   0.3478   0.3522   0.3565   0.3609   0.3652   0.3696   0.3739   0.3783   0.3826    0.387   0.3913   0.3957      0.4   0.4043   0.4087    0.413   0.4174   0.4217   0.4261   0.4304   0.4348   0.4391   0.4435   0.4478   0.4522   0.4565   0.4609   0.4652   0.4696   0.4739   0.4783   0.4826    0.487   0.4913   0.4957
    S      0.0      1.0   0.4087   0.0356   0.4562   0.0244    0.514    0.223   0.3167   0.3323   0.1061   0.1684    0.108   0.1079   0.1979   0.1274   0.1076    0.126    0.034   0.1636   0.3058   0.0387   0.1206   0.1551    0.207   0.3452   0.3657   0.3846   0.0618   0.1267   0.0707   0.2952   0.2744   0.0568   0.2463   0.0945   0.2283   0.0919   0.3415   0.1314   0.1837   0.0746   0.1129   0.1965   0.0798   0.0544   0.0697   0.3289   0.0563   0.0835   0.1032   0.0407   0.1183   0.1417   0.1384   0.1611   0.6194   0.1052   0.2585   0.2057    0.131   0.0481    0.127   0.0461   0.1852    0.121   0.5027   0.0419   0.1503   0.1157   0.0768   0.4351   0.0939   0.2287   0.2209   0.4035   0.3145   0.1907   0.1394     0.14   0.2048   0.3054    0.724   0.2525   0.3999   0.0775   0.3677   0.1436   0.2419   0.3477   0.2847     0.15   0.1483   0.0193   0.0445   0.1987   0.1084   0.2066   0.0416   0.0909    0.098   0.2397   0.1109   0.4634   0.2256   0.2983   0.2513    0.289   0.1053    0.131   0.1653   0.0555   0.0568   0.3424   0.1087
  snr   -13.35
    H     4.49
 exon    False

M: mem
 freq      0.0   0.0043   0.0087    0.013   0.0174   0.0217   0.0261   0.0304   0.0348   0.0391   0.0435   0.0478   0.0522   0.0565   0.0609   0.0652   0.0696   0.0739   0.0783   0.0826    0.087   0.0913   0.0957      0.1   0.1043   0.1087    0.113   0.1174   0.1217   0.1261   0.1304   0.1348   0.1391   0.1435   0.1478   0.1522   0.1565   0.1609   0.1652   0.1696   0.1739   0.1783   0.1826    0.187   0.1913   0.1957      0.2   0.2043   0.2087    0.213   0.2174   0.2217   0.2261   0.2304   0.2348   0.2391   0.2435   0.2478   0.2522   0.2565   0.2609   0.2652   0.2696   0.2739   0.2783   0.2826    0.287   0.2913   0.2957      0.3   0.3043   0.3087    0.313   0.3174   0.3217   0.3261   0.3304   0.3348   0.3391   0.3435   0.3478   0.3522   0.3565   0.3609   0.3652   0.3696   0.3739   0.3783   0.3826    0.387   0.3913   0.3957      0.4   0.4043   0.4087    0.413   0.4174   0.4217   0.4261   0.4304   0.4348   0.4391   0.4435   0.4478   0.4522   0.4565   0.4609   0.4652   0.4696   0.4739   0.4783   0.4826    0.487   0.4913   0.4957
    S      0.0      1.0   0.2775   0.0283   0.5984    0.077   0.0847   0.1522   0.1632   0.2181   0.1321   0.0622   0.0122   0.0969   0.2064   0.1714   0.0174   0.1058   0.0203   0.0086   0.1121   0.1405   0.1436    0.092   0.1309   0.0694   0.0549   0.1318   0.0506   0.1034   0.2178   0.2272   0.2567   0.0209   0.4267   0.1007   0.0084   0.0601   0.0818   0.1587   0.0677   0.0008   0.0679   0.4163   0.0243   0.0689   0.0931   0.2207   0.0095   0.0181   0.1385   0.0186   0.0041   0.0049   0.0526   0.0496   0.2209   0.1799   0.1294   0.0677   0.0025   0.0009   0.0131   0.0843    0.119   0.1123    0.022   0.0227   0.1825   0.0073   0.0131   0.2394    0.017    0.015   0.4564   0.4169   0.0693   0.0646   0.0065   0.0795   0.1193   0.2644   0.4875   0.1873   0.1085   0.0697   0.1356    0.124   0.0489   0.2756   0.0159   0.1053   0.0205   0.0311   0.0492   0.1688   0.0736   0.0505   0.0877   0.0224   0.0459   0.0814   0.1175   0.0777   0.1281   0.1911   0.2727   0.1352   0.0171    0.061   0.0342   0.0161   0.0227   0.1081   0.0107
  snr    -11.0
    H     4.25
 exon    False

M: alg1
 freq      0.0   0.0043   0.0087    0.013   0.0174   0.0217   0.0261   0.0304   0.0348   0.0391   0.0435   0.0478   0.0522   0.0565   0.0609   0.0652   0.0696   0.0739   0.0783   0.0826    0.087   0.0913   0.0957      0.1   0.1043   0.1087    0.113   0.1174   0.1217   0.1261   0.1304   0.1348   0.1391   0.1435   0.1478   0.1522   0.1565   0.1609   0.1652   0.1696   0.1739   0.1783   0.1826    0.187   0.1913   0.1957      0.2   0.2043   0.2087    0.213   0.2174   0.2217   0.2261   0.2304   0.2348   0.2391   0.2435   0.2478   0.2522   0.2565   0.2609   0.2652   0.2696   0.2739   0.2783   0.2826    0.287   0.2913   0.2957      0.3   0.3043   0.3087    0.313   0.3174   0.3217   0.3261   0.3304   0.3348   0.3391   0.3435   0.3478   0.3522   0.3565   0.3609   0.3652   0.3696   0.3739   0.3783   0.3826    0.387   0.3913   0.3957      0.4   0.4043   0.4087    0.413   0.4174   0.4217   0.4261   0.4304   0.4348   0.4391   0.4435   0.4478   0.4522   0.4565   0.4609   0.4652   0.4696   0.4739   0.4783   0.4826    0.487   0.4913   0.4957
    S      0.0      1.0     0.32   0.0454    0.259   0.0011   0.5279   0.3196   0.2142    0.299     0.17   0.1413   0.1003   0.0464   0.1436   0.0726   0.1314   0.1332   0.0221   0.2263   0.3526   0.1442   0.0805    0.211   0.1408   0.3709   0.3363   0.3517    0.034    0.053   0.0578   0.2519   0.1822   0.0607   0.0838   0.0474   0.2149   0.0572   0.4634   0.0704   0.2387   0.0726   0.1061   0.0948   0.1819   0.0148   0.0254   0.3407   0.0588   0.0814   0.0555   0.0438   0.1437   0.1982   0.1706   0.1114   0.4991   0.1518   0.4417   0.2834    0.125   0.0635   0.1789   0.0274   0.3838   0.0818    0.735   0.0699   0.1117    0.166   0.0614   0.5034   0.0934    0.243   0.1015   0.4528   0.3958   0.2838   0.2159   0.1302   0.2577   0.2181   0.3973   0.1461   0.5489   0.1997   0.3482   0.0767   0.2674   0.3802   0.3603   0.0782   0.1903   0.0217   0.1082    0.171   0.0839   0.2879   0.0336   0.0788   0.1291   0.2945   0.0668   0.4622   0.1787    0.323   0.1246   0.2602   0.1855   0.1947   0.1921   0.0496    0.094     0.26   0.0889
  snr   -13.35
    H     4.45
 exon    False

M: alg2
 freq      0.0   0.0043   0.0087    0.013   0.0174   0.0217   0.0261   0.0304   0.0348   0.0391   0.0435   0.0478   0.0522   0.0565   0.0609   0.0652   0.0696   0.0739   0.0783   0.0826    0.087   0.0913   0.0957      0.1   0.1043   0.1087    0.113   0.1174   0.1217   0.1261   0.1304   0.1348   0.1391   0.1435   0.1478   0.1522   0.1565   0.1609   0.1652   0.1696   0.1739   0.1783   0.1826    0.187   0.1913   0.1957      0.2   0.2043   0.2087    0.213   0.2174   0.2217   0.2261   0.2304   0.2348   0.2391   0.2435   0.2478   0.2522   0.2565   0.2609   0.2652   0.2696   0.2739   0.2783   0.2826    0.287   0.2913   0.2957      0.3   0.3043   0.3087    0.313   0.3174   0.3217   0.3261   0.3304   0.3348   0.3391   0.3435   0.3478   0.3522   0.3565   0.3609   0.3652   0.3696   0.3739   0.3783   0.3826    0.387   0.3913   0.3957      0.4   0.4043   0.4087    0.413   0.4174   0.4217   0.4261   0.4304   0.4348   0.4391   0.4435   0.4478   0.4522   0.4565   0.4609   0.4652   0.4696   0.4739   0.4783   0.4826    0.487   0.4913   0.4957
    S      0.0      1.0   0.2204   0.0312   0.4332   0.0397   0.0183   0.1642   0.0833   0.2266   0.1424   0.0402   0.0029   0.0418   0.1632   0.1238   0.0286   0.1125   0.0118   0.0457   0.1796   0.1425   0.1035   0.0964   0.0906   0.1483   0.0874   0.1647    0.032   0.0318   0.1582   0.1669   0.2088   0.0294   0.2372   0.0479   0.0263   0.0259   0.1179   0.0899    0.077     0.01   0.0614   0.2773   0.0549   0.0279   0.0496   0.2406   0.0163   0.0278   0.0855    0.017   0.0182   0.0317   0.0868   0.0298   0.1148   0.1736   0.1933   0.1055   0.0112    0.003   0.0347   0.0579   0.1719   0.0647   0.0849   0.0255   0.1466   0.0332   0.0084   0.3038   0.0185    0.006   0.3002   0.4188   0.1144   0.1205   0.0388   0.0865   0.0894   0.2216     0.22   0.1179   0.0923   0.0953   0.1097   0.0716   0.0809   0.2937   0.0703   0.0467   0.0154   0.0275   0.0583   0.1621    0.064   0.0586    0.055   0.0284   0.0518   0.1213   0.0533   0.1372   0.1126   0.2189   0.1462   0.1253   0.0436   0.0568   0.0424   0.0036   0.0349   0.0813   0.0178
  snr   -10.45
    H     4.32
 exon    False