>data-XV-cerevisiae-intergenic-417
N: 360
Methods: voss, eiip, qpsk, mem, tbpse, snrse

M: voss
 freq      0.0   0.0028   0.0056   0.0083   0.0111   0.0139   0.0167   0.0194   0.0222    0.025   0.0278   0.0306   0.0333   0.0361   0.0389   0.0417   0.0444   0.0472     0.05   0.0528   0.0556   0.0583   0.0611   0.0639   0.0667   0.0694   0.0722    0.075   0.0778   0.0806   0.0833   0.0861   0.0889   0.0917   0.0944   0.0972      0.1   0.1028   0.1056   0.1083   0.1111   0.1139   0.1167   0.1194   0.1222    0.125   0.1278   0.1306   0.1333   0.1361   0.1389   0.1417   0.1444   0.1472     0.15   0.1528   0.1556   0.1583   0.1611   0.1639   0.1667   0.1694   0.1722    0.175   0.1778   0.1806   0.1833   0.1861   0.1889   0.1917   0.1944   0.1972      0.2   0.2028   0.2056   0.2083   0.2111   0.2139   0.2167   0.2194   0.2222    0.225   0.2278   0.2306   0.2333   0.2361   0.2389   0.2417   0.2444   0.2472     0.25   0.2528   0.2556   0.2583   0.2611   0.2639   0.2667   0.2694   0.2722    0.275   0.2778   0.2806   0.2833   0.2861   0.2889   0.2917   0.2944   0.2972      0.3   0.3028   0.3056   0.3083   0.3111   0.3139   0.3167   0.3194   0.3222    0.325   0.3278   0.3306   0.3333   0.3361   0.3389   0.3417   0.3444   0.3472     0.35   0.3528   0.3556   0.3583   0.3611   0.3639   0.3667   0.3694   0.3722    0.375   0.3778   0.3806   0.3833   0.3861   0.3889   0.3917   0.3944   0.3972      0.4   0.4028   0.4056   0.4083   0.4111   0.4139   0.4167   0.4194   0.4222    0.425   0.4278   0.4306   0.4333   0.4361   0.4389   0.4417   0.4444   0.4472     0.45   0.4528   0.4556   0.4583   0.4611   0.4639   0.4667   0.4694   0.4722    0.475   0.4778   0.4806   0.4833   0.4861   0.4889   0.4917   0.4944   0.4972
    S      0.0   0.6159   0.4227   0.3409   0.7385   0.4544   0.2537   0.4506   0.1063   0.4443   0.4663   0.4608   0.3123   0.3116   0.2009   0.2169   0.1991   0.1029   0.3177   0.1925   0.5895   0.2252   0.3254   0.2242   0.2685   0.0504   0.4251    0.418   0.3002   0.2032   0.3067   0.4339   0.2242   0.1651   0.2225   0.1209   0.0989   0.4989    0.308   0.3962   0.1935   0.4077   0.2305   0.1228   0.5261   0.2617   0.2103   0.2212   0.4117   0.8946   0.0837   0.4242   0.4448   0.1388   0.5305   0.2768   0.1606   0.6531   0.3001   0.4392   0.0965   0.1523    0.329   0.6569   0.9241   0.2141   0.2739   0.1969   0.2358   0.2936   0.7377   0.5706   0.2879   0.1236     0.66    0.316   0.1766   0.4696   0.2714   0.7301   0.0999   0.7149   0.2305   0.2084   0.4688    0.471   0.1737   0.2198   0.2919   0.4988   0.1044   0.3944   0.3395   0.3452   0.6469   0.8067   0.5498   0.4151   0.5386   0.1735   0.6925    0.556   0.2614   0.3317   0.0618   0.2408   0.0618     0.39   0.1281   0.1154   0.4198   0.4403   0.7627   0.4732   0.3268   0.5016   0.3274   0.1332   0.2407   0.0738   0.2818   0.1034   0.4491   0.4712   0.3605   0.6749   0.1149   0.3098   0.0923   0.0763   0.3972   0.3136   0.1619   0.1271   0.7614   0.4167   0.1539   0.3905   0.2276   0.4194   0.1778   0.4147   0.2947   0.1843   0.0487   0.6975   0.4167   0.2332   0.3973   0.5573   0.6456   0.1354      1.0   0.4228   0.1493   0.2179   0.3759   0.2018   0.1607   0.3081   0.6968      0.2   0.2111   0.4511   0.1362   0.2856   0.1839   0.3695   0.3863   0.2003   0.4078   0.1933   0.1537    0.167   0.0724   0.3509   0.1989   0.4302    0.303   0.2775
  snr   -17.73
    H     5.03
 exon    False

M: eiip
 freq      0.0   0.0028   0.0056   0.0083   0.0111   0.0139   0.0167   0.0194   0.0222    0.025   0.0278   0.0306   0.0333   0.0361   0.0389   0.0417   0.0444   0.0472     0.05   0.0528   0.0556   0.0583   0.0611   0.0639   0.0667   0.0694   0.0722    0.075   0.0778   0.0806   0.0833   0.0861   0.0889   0.0917   0.0944   0.0972      0.1   0.1028   0.1056   0.1083   0.1111   0.1139   0.1167   0.1194   0.1222    0.125   0.1278   0.1306   0.1333   0.1361   0.1389   0.1417   0.1444   0.1472     0.15   0.1528   0.1556   0.1583   0.1611   0.1639   0.1667   0.1694   0.1722    0.175   0.1778   0.1806   0.1833   0.1861   0.1889   0.1917   0.1944   0.1972      0.2   0.2028   0.2056   0.2083   0.2111   0.2139   0.2167   0.2194   0.2222    0.225   0.2278   0.2306   0.2333   0.2361   0.2389   0.2417   0.2444   0.2472     0.25   0.2528   0.2556   0.2583   0.2611   0.2639   0.2667   0.2694   0.2722    0.275   0.2778   0.2806   0.2833   0.2861   0.2889   0.2917   0.2944   0.2972      0.3   0.3028   0.3056   0.3083   0.3111   0.3139   0.3167   0.3194   0.3222    0.325   0.3278   0.3306   0.3333   0.3361   0.3389   0.3417   0.3444   0.3472     0.35   0.3528   0.3556   0.3583   0.3611   0.3639   0.3667   0.3694   0.3722    0.375   0.3778   0.3806   0.3833   0.3861   0.3889   0.3917   0.3944   0.3972      0.4   0.4028   0.4056   0.4083   0.4111   0.4139   0.4167   0.4194   0.4222    0.425   0.4278   0.4306   0.4333   0.4361   0.4389   0.4417   0.4444   0.4472     0.45   0.4528   0.4556   0.4583   0.4611   0.4639   0.4667   0.4694   0.4722    0.475   0.4778   0.4806   0.4833   0.4861   0.4889   0.4917   0.4944   0.4972
    S      0.0   0.1786   0.1319   0.0999   0.4392   0.0245   0.0547   0.2537   0.0225   0.0457   0.4031   0.1107   0.0072   0.4665     0.26    0.117   0.2009    0.057   0.0101   0.0147   0.1793   0.1823   0.2323   0.2752   0.0346    0.016   0.2798   0.1552   0.1356   0.0832   0.1242    0.117   0.0508   0.0935   0.0635   0.1185   0.0094   0.1238    0.046    0.418    0.115     0.35   0.0017   0.0014   0.4968    0.125   0.1201   0.2478   0.1945   0.4266   0.0945   0.0214   0.2107   0.0889   0.1604   0.1699   0.1581   0.2246   0.0164   0.2078   0.0685   0.0706   0.0538   0.2325   0.1253   0.0979   0.2571   0.1349   0.0514   0.0706   0.2421    0.449   0.2285   0.0803   0.5198   0.0178   0.0251    0.048   0.2872   0.1097   0.0531   0.0823   0.0569   0.1965   0.0225   0.7624   0.1027   0.0558   0.3192      0.4   0.0096   0.0059   0.2716   0.0076   0.4945   0.2038   0.1329    0.302   0.9086   0.1073   0.0096   0.4903   0.2754   0.0634   0.0023   0.1795   0.1007   0.1941    0.118   0.0255   0.3254   0.0662   0.5869   0.0065   0.0858    0.237   0.2639   0.0037   0.1472   0.0889   0.1764   0.0645   0.7576   0.2421   0.0215      1.0   0.0019   0.2207   0.0509   0.1001   0.2651   0.0528   0.1045   0.0171   0.7646   0.4244   0.0366   0.1766   0.0436   0.4325   0.0246   0.2129    0.063   0.1119   0.0244   0.1419    0.553    0.225   0.1961   0.2328   0.5151   0.1281   0.0165   0.3964   0.0228   0.4028   0.4852   0.0066   0.1963    0.313   0.9802   0.1861   0.0094    0.922   0.0567   0.2837   0.0763   0.1413    0.204   0.0321   0.4897   0.0094   0.0155   0.2563   0.0829   0.3102   0.2499   0.1801   0.0806   0.0737
  snr   -15.17
    H     4.74
 exon     True

M: qpsk
 freq      0.0   0.0028   0.0056   0.0083   0.0111   0.0139   0.0167   0.0194   0.0222    0.025   0.0278   0.0306   0.0333   0.0361   0.0389   0.0417   0.0444   0.0472     0.05   0.0528   0.0556   0.0583   0.0611   0.0639   0.0667   0.0694   0.0722    0.075   0.0778   0.0806   0.0833   0.0861   0.0889   0.0917   0.0944   0.0972      0.1   0.1028   0.1056   0.1083   0.1111   0.1139   0.1167   0.1194   0.1222    0.125   0.1278   0.1306   0.1333   0.1361   0.1389   0.1417   0.1444   0.1472     0.15   0.1528   0.1556   0.1583   0.1611   0.1639   0.1667   0.1694   0.1722    0.175   0.1778   0.1806   0.1833   0.1861   0.1889   0.1917   0.1944   0.1972      0.2   0.2028   0.2056   0.2083   0.2111   0.2139   0.2167   0.2194   0.2222    0.225   0.2278   0.2306   0.2333   0.2361   0.2389   0.2417   0.2444   0.2472     0.25   0.2528   0.2556   0.2583   0.2611   0.2639   0.2667   0.2694   0.2722    0.275   0.2778   0.2806   0.2833   0.2861   0.2889   0.2917   0.2944   0.2972      0.3   0.3028   0.3056   0.3083   0.3111   0.3139   0.3167   0.3194   0.3222    0.325   0.3278   0.3306   0.3333   0.3361   0.3389   0.3417   0.3444   0.3472     0.35   0.3528   0.3556   0.3583   0.3611   0.3639   0.3667   0.3694   0.3722    0.375   0.3778   0.3806   0.3833   0.3861   0.3889   0.3917   0.3944   0.3972      0.4   0.4028   0.4056   0.4083   0.4111   0.4139   0.4167   0.4194   0.4222    0.425   0.4278   0.4306   0.4333   0.4361   0.4389   0.4417   0.4444   0.4472     0.45   0.4528   0.4556   0.4583   0.4611   0.4639   0.4667   0.4694   0.4722    0.475   0.4778   0.4806   0.4833   0.4861   0.4889   0.4917   0.4944   0.4972
    S      0.0   0.4037   0.2214   0.3033    0.664   0.2429   0.1761   0.3301   0.1068   0.2177   0.4674    0.386   0.1921   0.3625   0.1569   0.1143   0.2175   0.0324   0.2752   0.1483   0.3852   0.2364   0.2281   0.0497   0.1797   0.0348   0.4229   0.0637   0.3284   0.2233   0.1453   0.4693   0.1208   0.1212   0.1415   0.0269   0.0727   0.1993   0.2792   0.4089   0.0809   0.1286   0.1676   0.1182   0.4947    0.195   0.2256   0.1078   0.3623   0.7489   0.0563   0.1627   0.3619   0.1378   0.3899   0.2635   0.1729   0.4784   0.1665    0.093   0.0402   0.1434   0.3139   0.5235   0.6178   0.1988    0.288   0.2204    0.154   0.2838   0.5483   0.6046    0.052    0.128   0.7545   0.2329   0.1283   0.2717   0.1559   0.1189   0.0892   0.4818   0.0629   0.1772   0.3014   0.3298   0.2039   0.1465   0.2899    0.388   0.0835   0.1807   0.3831   0.2654   0.7367   0.6582   0.4858   0.2508   0.6155    0.113   0.2154   0.6457   0.2477    0.041   0.0463   0.0454   0.0541   0.2168   0.1452   0.0917    0.386   0.3679   0.7859   0.4298   0.2022   0.5098    0.214   0.1396   0.1868   0.0654   0.1793   0.0739   0.5158    0.331   0.2374   0.6988   0.0872   0.3024   0.1005   0.0386   0.3645   0.2192   0.1569   0.1199   0.6912   0.3305   0.1524   0.4388   0.0786   0.1258   0.1876    0.419   0.2462   0.2075   0.0485   0.4789   0.4275   0.0778   0.2282   0.6184   0.3648   0.1407      1.0   0.4177   0.1495   0.2199   0.2445    0.095   0.1042   0.3214   0.7387   0.1148   0.1535   0.4469   0.1366   0.3246   0.1155   0.1919   0.2998    0.073   0.1155   0.0831   0.0773   0.1459   0.0595   0.3807   0.2329   0.2663   0.2684   0.3089
  snr   -16.62
    H     4.96
 exon    False

M: mem
 freq      0.0   0.0028   0.0056   0.0083   0.0111   0.0139   0.0167   0.0194   0.0222    0.025   0.0278   0.0306   0.0333   0.0361   0.0389   0.0417   0.0444   0.0472     0.05   0.0528   0.0556   0.0583   0.0611   0.0639   0.0667   0.0694   0.0722    0.075   0.0778   0.0806   0.0833   0.0861   0.0889   0.0917   0.0944   0.0972      0.1   0.1028   0.1056   0.1083   0.1111   0.1139   0.1167   0.1194   0.1222    0.125   0.1278   0.1306   0.1333   0.1361   0.1389   0.1417   0.1444   0.1472     0.15   0.1528   0.1556   0.1583   0.1611   0.1639   0.1667   0.1694   0.1722    0.175   0.1778   0.1806   0.1833   0.1861   0.1889   0.1917   0.1944   0.1972      0.2   0.2028   0.2056   0.2083   0.2111   0.2139   0.2167   0.2194   0.2222    0.225   0.2278   0.2306   0.2333   0.2361   0.2389   0.2417   0.2444   0.2472     0.25   0.2528   0.2556   0.2583   0.2611   0.2639   0.2667   0.2694   0.2722    0.275   0.2778   0.2806   0.2833   0.2861   0.2889   0.2917   0.2944   0.2972      0.3   0.3028   0.3056   0.3083   0.3111   0.3139   0.3167   0.3194   0.3222    0.325   0.3278   0.3306   0.3333   0.3361   0.3389   0.3417   0.3444   0.3472     0.35   0.3528   0.3556   0.3583   0.3611   0.3639   0.3667   0.3694   0.3722    0.375   0.3778   0.3806   0.3833   0.3861   0.3889   0.3917   0.3944   0.3972      0.4   0.4028   0.4056   0.4083   0.4111   0.4139   0.4167   0.4194   0.4222    0.425   0.4278   0.4306   0.4333   0.4361   0.4389   0.4417   0.4444   0.4472     0.45   0.4528   0.4556   0.4583   0.4611   0.4639   0.4667   0.4694   0.4722    0.475   0.4778   0.4806   0.4833   0.4861   0.4889   0.4917   0.4944   0.4972
    S      0.0   0.3657   0.1299   0.2017   0.6151   0.0192    0.169   0.0205   0.0559    0.025   0.1889   0.2638   0.3306   0.2014   0.0322   0.0672    0.024   0.0065   0.0304   0.0006   0.0369   0.0962   0.0537    0.001   0.0312   0.0336   0.0183   0.0409   0.3425   0.0463    0.184   0.0787   0.1317   0.0877   0.0375   0.0176   0.0644   0.0428   0.2354   0.0082    0.052   0.0259   0.0104   0.0401   0.3785   0.2632   0.2791   0.0357   0.2196   0.8555   0.0354   0.0102   0.5335   0.1703   0.0686    0.101   0.1304   0.5142   0.2263   0.1221   0.0147   0.1306   0.2932   0.1685   0.2215   0.2163   0.2745   0.2764   0.2057   0.2308    0.275   0.7076   0.0258   0.0858   0.8623   0.1667    0.007   0.2083   0.1828   0.0195    0.078   0.6853   0.1127   0.0932   0.5075    0.195   0.2577   0.1465   0.2437   0.0303   0.1141   0.0301   0.2267   0.1132      1.0   0.9826   0.2339   0.0156   0.4568   0.0462   0.1587    0.124   0.2524   0.0238    0.022   0.0495   0.0111   0.0271   0.1076    0.025   0.1601   0.5708   0.2399   0.2481   0.0333   0.2115   0.2524   0.0753   0.1648   0.0454   0.0637   0.1017   0.4249    0.091   0.1196   0.5676   0.1305   0.0354   0.0681   0.0101   0.3562   0.1197   0.1846   0.0023    0.224   0.1966   0.2258    0.182   0.0479   0.0521   0.0833   0.0789   0.3189   0.0196   0.0568   0.1688   0.1772   0.0083   0.0665   0.6587   0.3377   0.1279   0.7802   0.1265   0.0922   0.0742   0.2731   0.0817   0.0045   0.1968   0.6965    0.025   0.0532   0.2806   0.1728   0.2688   0.1107   0.0372   0.3839   0.1136   0.0445   0.1448   0.0659   0.1333   0.0645   0.4764   0.2786   0.1368   0.3248   0.2234
  snr   -14.96
    H     4.72
 exon    False

M: tbpse
 freq      0.0   0.0028   0.0056   0.0083   0.0111   0.0139   0.0167   0.0194   0.0222    0.025   0.0278   0.0306   0.0333   0.0361   0.0389   0.0417   0.0444   0.0472     0.05   0.0528   0.0556   0.0583   0.0611   0.0639   0.0667   0.0694   0.0722    0.075   0.0778   0.0806   0.0833   0.0861   0.0889   0.0917   0.0944   0.0972      0.1   0.1028   0.1056   0.1083   0.1111   0.1139   0.1167   0.1194   0.1222    0.125   0.1278   0.1306   0.1333   0.1361   0.1389   0.1417   0.1444   0.1472     0.15   0.1528   0.1556   0.1583   0.1611   0.1639   0.1667   0.1694   0.1722    0.175   0.1778   0.1806   0.1833   0.1861   0.1889   0.1917   0.1944   0.1972      0.2   0.2028   0.2056   0.2083   0.2111   0.2139   0.2167   0.2194   0.2222    0.225   0.2278   0.2306   0.2333   0.2361   0.2389   0.2417   0.2444   0.2472     0.25   0.2528   0.2556   0.2583   0.2611   0.2639   0.2667   0.2694   0.2722    0.275   0.2778   0.2806   0.2833   0.2861   0.2889   0.2917   0.2944   0.2972      0.3   0.3028   0.3056   0.3083   0.3111   0.3139   0.3167   0.3194   0.3222    0.325   0.3278   0.3306   0.3333   0.3361   0.3389   0.3417   0.3444   0.3472     0.35   0.3528   0.3556   0.3583   0.3611   0.3639   0.3667   0.3694   0.3722    0.375   0.3778   0.3806   0.3833   0.3861   0.3889   0.3917   0.3944   0.3972      0.4   0.4028   0.4056   0.4083   0.4111   0.4139   0.4167   0.4194   0.4222    0.425   0.4278   0.4306   0.4333   0.4361   0.4389   0.4417   0.4444   0.4472     0.45   0.4528   0.4556   0.4583   0.4611   0.4639   0.4667   0.4694   0.4722    0.475   0.4778   0.4806   0.4833   0.4861   0.4889   0.4917   0.4944   0.4972
    S      0.0   0.4432   0.4061    0.179   0.5354   0.5043   0.2252   0.3824   0.0379   0.4579   0.3956   0.0527   0.1201    0.185   0.0947   0.1279   0.1542    0.066   0.2856   0.1944   0.5825   0.1276   0.0872   0.1219   0.2599    0.006   0.3595   0.3063   0.1299   0.1401   0.2103    0.201   0.0694   0.0501   0.1428    0.055   0.0423   0.3963   0.1661   0.2443   0.0588   0.3332   0.2298   0.0865   0.3325   0.1457    0.073   0.1628   0.3363   0.5704   0.0629   0.4669   0.1636   0.0462   0.5406   0.2609   0.0584   0.4184    0.133   0.3174   0.0863   0.0583    0.175   0.6813      1.0   0.1372   0.0677   0.0447   0.1633   0.1349   0.6118   0.3378    0.245    0.067   0.2003   0.2359   0.1678    0.457   0.1337   0.7529   0.0787   0.4449   0.1471   0.1747   0.2087   0.1837   0.0382   0.0946   0.2012   0.1843    0.019    0.431   0.2089   0.2348   0.2207   0.3893   0.4694    0.339   0.2799   0.0826   0.6709   0.4241   0.1679   0.3089   0.0382   0.1069    0.024   0.3287   0.0842   0.1203   0.3414   0.1486   0.6985   0.2443   0.3416   0.1126   0.1106   0.0707   0.1581   0.0198   0.2642   0.0553   0.2386   0.4463   0.2467   0.3518   0.0293   0.1755   0.0383   0.0518   0.2576   0.2481   0.0999   0.1195   0.3739   0.3367   0.0308   0.2329   0.2273   0.1978   0.0963   0.3227   0.0622   0.1535   0.0277   0.5637   0.2329   0.0972   0.3853   0.2064   0.4726   0.0975   0.3864   0.1591   0.0938    0.121   0.2109   0.1939    0.094   0.1687   0.3555   0.1493   0.1818   0.2285   0.0615   0.1589   0.0546   0.3378   0.2263   0.1259   0.1666    0.084   0.1485   0.0675   0.0379   0.1059   0.0836    0.367   0.1513   0.0403
  snr   -15.84
    H     4.92
 exon    False

M: snrse
 freq      0.0   0.0028   0.0056   0.0083   0.0111   0.0139   0.0167   0.0194   0.0222    0.025   0.0278   0.0306   0.0333   0.0361   0.0389   0.0417   0.0444   0.0472     0.05   0.0528   0.0556   0.0583   0.0611   0.0639   0.0667   0.0694   0.0722    0.075   0.0778   0.0806   0.0833   0.0861   0.0889   0.0917   0.0944   0.0972      0.1   0.1028   0.1056   0.1083   0.1111   0.1139   0.1167   0.1194   0.1222    0.125   0.1278   0.1306   0.1333   0.1361   0.1389   0.1417   0.1444   0.1472     0.15   0.1528   0.1556   0.1583   0.1611   0.1639   0.1667   0.1694   0.1722    0.175   0.1778   0.1806   0.1833   0.1861   0.1889   0.1917   0.1944   0.1972      0.2   0.2028   0.2056   0.2083   0.2111   0.2139   0.2167   0.2194   0.2222    0.225   0.2278   0.2306   0.2333   0.2361   0.2389   0.2417   0.2444   0.2472     0.25   0.2528   0.2556   0.2583   0.2611   0.2639   0.2667   0.2694   0.2722    0.275   0.2778   0.2806   0.2833   0.2861   0.2889   0.2917   0.2944   0.2972      0.3   0.3028   0.3056   0.3083   0.3111   0.3139   0.3167   0.3194   0.3222    0.325   0.3278   0.3306   0.3333   0.3361   0.3389   0.3417   0.3444   0.3472     0.35   0.3528   0.3556   0.3583   0.3611   0.3639   0.3667   0.3694   0.3722    0.375   0.3778   0.3806   0.3833   0.3861   0.3889   0.3917   0.3944   0.3972      0.4   0.4028   0.4056   0.4083   0.4111   0.4139   0.4167   0.4194   0.4222    0.425   0.4278   0.4306   0.4333   0.4361   0.4389   0.4417   0.4444   0.4472     0.45   0.4528   0.4556   0.4583   0.4611   0.4639   0.4667   0.4694   0.4722    0.475   0.4778   0.4806   0.4833   0.4861   0.4889   0.4917   0.4944   0.4972
    S      0.0   0.2289   0.0635   0.2436   0.2367   0.0657    0.053   0.1689   0.1081   0.0969   0.1361   0.5419    0.211   0.1165   0.1021   0.1084   0.0884   0.0378   0.1794    0.075   0.1433   0.1495   0.2874   0.0516   0.0952   0.0523   0.1968   0.0998   0.2179   0.1459   0.0959   0.4473   0.1811   0.1322    0.131   0.0442   0.0813   0.1722   0.2326    0.239   0.1363   0.0375   0.0935   0.0938   0.2203   0.1103   0.1567    0.032   0.1554    0.348   0.0118   0.0376   0.2766   0.0953     0.13   0.0692   0.1182   0.3078   0.1977   0.0816   0.0078   0.1164    0.238   0.1195   0.1329   0.0953   0.2199   0.1661   0.0832   0.2498   0.3042   0.2148   0.0059   0.0835   0.5102   0.1638   0.0727   0.0761   0.0896   0.0137   0.0302   0.3154   0.0746   0.0375   0.2846   0.1903   0.1551   0.1514   0.0793   0.4088   0.1025   0.0521   0.1952    0.232   0.4107   0.4477   0.2301   0.1148   0.1778   0.1089   0.0937   0.2818   0.0689   0.0247   0.0444    0.099   0.0336   0.1238   0.0532   0.0275   0.1436   0.3257   0.2122    0.419   0.0582   0.5638   0.1915   0.1239   0.1072   0.0519   0.0414   0.0424    0.132   0.1061    0.211   0.2461   0.1011   0.2208   0.0754   0.0128   0.1483   0.1511   0.0605   0.0674   0.4903   0.0674   0.1393   0.2936   0.0157   0.1603    0.164   0.2247   0.2774   0.0993   0.0237   0.3016   0.1992    0.115   0.0523   0.4637   0.1493   0.0346      1.0   0.3373   0.1081   0.0668   0.0857   0.0315   0.0626   0.1578   0.2582   0.0479   0.1032   0.0981   0.0863   0.1432   0.1494   0.0951   0.1512    0.075    0.156   0.1179    0.021   0.0684   0.0277   0.2452   0.0884   0.1346   0.1924   0.3375
  snr    -14.3
    H     4.91
 exon    False