>data-XIV-cerevisiae-intergenic-142
N: 316
Methods: voss, eiip, qpsk, mem, tbpse, snrse

M: voss
 freq      0.0   0.0032   0.0063   0.0095   0.0127   0.0158    0.019   0.0222   0.0253   0.0285   0.0316   0.0348    0.038   0.0411   0.0443   0.0475   0.0506   0.0538    0.057   0.0601   0.0633   0.0665   0.0696   0.0728   0.0759   0.0791   0.0823   0.0854   0.0886   0.0918   0.0949   0.0981   0.1013   0.1044   0.1076   0.1108   0.1139   0.1171   0.1203   0.1234   0.1266   0.1297   0.1329   0.1361   0.1392   0.1424   0.1456   0.1487   0.1519   0.1551   0.1582   0.1614   0.1646   0.1677   0.1709   0.1741   0.1772   0.1804   0.1835   0.1867   0.1899    0.193   0.1962   0.1994   0.2025   0.2057   0.2089    0.212   0.2152   0.2184   0.2215   0.2247   0.2278    0.231   0.2342   0.2373   0.2405   0.2437   0.2468     0.25   0.2532   0.2563   0.2595   0.2627   0.2658    0.269   0.2722   0.2753   0.2785   0.2816   0.2848    0.288   0.2911   0.2943   0.2975   0.3006   0.3038    0.307   0.3101   0.3133   0.3165   0.3196   0.3228   0.3259   0.3291   0.3323   0.3354   0.3386   0.3418   0.3449   0.3481   0.3513   0.3544   0.3576   0.3608   0.3639   0.3671   0.3703   0.3734   0.3766   0.3797   0.3829   0.3861   0.3892   0.3924   0.3956   0.3987   0.4019   0.4051   0.4082   0.4114   0.4146   0.4177   0.4209   0.4241   0.4272   0.4304   0.4335   0.4367   0.4399    0.443   0.4462   0.4494   0.4525   0.4557   0.4589    0.462   0.4652   0.4684   0.4715   0.4747   0.4778    0.481   0.4842   0.4873   0.4905   0.4937   0.4968
    S      0.0   0.7568   0.3896   0.1967   0.2935   0.6584   0.2782   0.1211      1.0   0.2085   0.2596   0.2079   0.1989   0.1021   0.2781   0.1279   0.3457   0.0253   0.3382    0.382   0.1932   0.1665   0.1606    0.452   0.2194    0.169   0.1359   0.6071   0.4961   0.2184    0.077   0.1182   0.5491   0.8691   0.5181   0.0783   0.2494   0.4119    0.105   0.1088   0.1299    0.183    0.161   0.2015   0.2379   0.0949   0.4386    0.138   0.1477   0.1895   0.4917   0.1582   0.2215   0.1346   0.2213   0.3279   0.1228   0.1294   0.1577   0.0819   0.5116   0.2934   0.2731   0.1022   0.2529   0.2053   0.0802   0.4666   0.5649    0.149   0.2614   0.1726   0.3517   0.2409   0.1629   0.1878   0.1726   0.1319   0.0328   0.4635   0.2021   0.2366   0.3762   0.1711    0.112   0.1274   0.3263   0.2646    0.226   0.2344   0.2967   0.1204   0.2224   0.3989   0.0566   0.3449   0.1205    0.116   0.2928   0.4637   0.2646   0.0371   0.3134    0.291   0.1239   0.1611   0.1332   0.3557   0.1004   0.0691     0.29   0.0944   0.1779   0.6918   0.2164   0.1663   0.5118   0.2095   0.2961   0.3022     0.08   0.1931   0.1248   0.2598    0.245   0.4504   0.0971   0.2203   0.2688   0.1731   0.1646   0.1681   0.1171   0.3074   0.1441   0.3929   0.2962   0.2444   0.3302   0.1433   0.2631   0.5985   0.0944   0.1737   0.1237   0.2003   0.4184   0.3591   0.2242   0.1632   0.3578   0.1754   0.7603   0.2584   0.2397    0.296   0.6691   0.2691
  snr   -15.99
    H     4.88
 exon    False

M: eiip
 freq      0.0   0.0032   0.0063   0.0095   0.0127   0.0158    0.019   0.0222   0.0253   0.0285   0.0316   0.0348    0.038   0.0411   0.0443   0.0475   0.0506   0.0538    0.057   0.0601   0.0633   0.0665   0.0696   0.0728   0.0759   0.0791   0.0823   0.0854   0.0886   0.0918   0.0949   0.0981   0.1013   0.1044   0.1076   0.1108   0.1139   0.1171   0.1203   0.1234   0.1266   0.1297   0.1329   0.1361   0.1392   0.1424   0.1456   0.1487   0.1519   0.1551   0.1582   0.1614   0.1646   0.1677   0.1709   0.1741   0.1772   0.1804   0.1835   0.1867   0.1899    0.193   0.1962   0.1994   0.2025   0.2057   0.2089    0.212   0.2152   0.2184   0.2215   0.2247   0.2278    0.231   0.2342   0.2373   0.2405   0.2437   0.2468     0.25   0.2532   0.2563   0.2595   0.2627   0.2658    0.269   0.2722   0.2753   0.2785   0.2816   0.2848    0.288   0.2911   0.2943   0.2975   0.3006   0.3038    0.307   0.3101   0.3133   0.3165   0.3196   0.3228   0.3259   0.3291   0.3323   0.3354   0.3386   0.3418   0.3449   0.3481   0.3513   0.3544   0.3576   0.3608   0.3639   0.3671   0.3703   0.3734   0.3766   0.3797   0.3829   0.3861   0.3892   0.3924   0.3956   0.3987   0.4019   0.4051   0.4082   0.4114   0.4146   0.4177   0.4209   0.4241   0.4272   0.4304   0.4335   0.4367   0.4399    0.443   0.4462   0.4494   0.4525   0.4557   0.4589    0.462   0.4652   0.4684   0.4715   0.4747   0.4778    0.481   0.4842   0.4873   0.4905   0.4937   0.4968
    S      0.0   0.9452   0.1392   0.3479   0.2005   0.3696   0.7275    0.335   0.1406   0.0886   0.5171   0.3235   0.1285   0.0646   0.0241   0.0954   0.3955   0.0215   0.5232   0.0583   0.2127   0.0355    0.098   0.0455    0.142   0.0029   0.1239   0.0506   0.1483   0.0578   0.0545   0.0724      1.0   0.6136   0.5054   0.0156   0.3255   0.1205   0.0827     0.04   0.1042   0.0178   0.0369   0.0165   0.0463   0.1576   0.8934   0.0696    0.125   0.1721   0.0823   0.0306    0.247   0.1651   0.0755   0.0321   0.0941   0.0723   0.3159   0.1501   0.5134   0.0022    0.091   0.1329   0.2908   0.2145   0.1099    0.667   0.5173   0.1014    0.029     0.23    0.002   0.1455   0.0378   0.3097   0.0369   0.1543   0.0114   0.1687   0.1543   0.2462   0.3299   0.4217   0.1638   0.0112   0.2654   0.2353   0.2994     0.14   0.6172   0.2767   0.1893   0.0073   0.1328   0.1763   0.0162     0.21   0.0534   0.7929   0.0752   0.0437   0.1258   0.0655   0.0495   0.2628   0.0501   0.2114   0.0961   0.1219   0.2389   0.0739   0.2773   0.0345   0.3246   0.2877   0.0721   0.3058   0.2398    0.291   0.0453   0.0135   0.0315   0.0761   0.6622   0.2255   0.0308   0.1741   0.3633    0.129   0.1181   0.0332   0.2433   0.0687   0.0678   0.1072    0.067   0.0677   0.0214    0.316   0.1192   0.1494   0.0721    0.245   0.1811   0.1715   0.1779   0.3772   0.0831   0.0423   0.1256   0.0878   0.0039   0.0246   0.0281   0.3135   0.0785   0.0801
  snr   -14.48
    H     4.63
 exon    False

M: qpsk
 freq      0.0   0.0032   0.0063   0.0095   0.0127   0.0158    0.019   0.0222   0.0253   0.0285   0.0316   0.0348    0.038   0.0411   0.0443   0.0475   0.0506   0.0538    0.057   0.0601   0.0633   0.0665   0.0696   0.0728   0.0759   0.0791   0.0823   0.0854   0.0886   0.0918   0.0949   0.0981   0.1013   0.1044   0.1076   0.1108   0.1139   0.1171   0.1203   0.1234   0.1266   0.1297   0.1329   0.1361   0.1392   0.1424   0.1456   0.1487   0.1519   0.1551   0.1582   0.1614   0.1646   0.1677   0.1709   0.1741   0.1772   0.1804   0.1835   0.1867   0.1899    0.193   0.1962   0.1994   0.2025   0.2057   0.2089    0.212   0.2152   0.2184   0.2215   0.2247   0.2278    0.231   0.2342   0.2373   0.2405   0.2437   0.2468     0.25   0.2532   0.2563   0.2595   0.2627   0.2658    0.269   0.2722   0.2753   0.2785   0.2816   0.2848    0.288   0.2911   0.2943   0.2975   0.3006   0.3038    0.307   0.3101   0.3133   0.3165   0.3196   0.3228   0.3259   0.3291   0.3323   0.3354   0.3386   0.3418   0.3449   0.3481   0.3513   0.3544   0.3576   0.3608   0.3639   0.3671   0.3703   0.3734   0.3766   0.3797   0.3829   0.3861   0.3892   0.3924   0.3956   0.3987   0.4019   0.4051   0.4082   0.4114   0.4146   0.4177   0.4209   0.4241   0.4272   0.4304   0.4335   0.4367   0.4399    0.443   0.4462   0.4494   0.4525   0.4557   0.4589    0.462   0.4652   0.4684   0.4715   0.4747   0.4778    0.481   0.4842   0.4873   0.4905   0.4937   0.4968
    S      0.0      1.0   0.5467   0.1309   0.2551    0.778     0.32   0.0957   0.7429   0.2452    0.192   0.3061   0.2687    0.123   0.3039   0.1475    0.229   0.0268   0.4895   0.2959   0.2857   0.1322   0.1105   0.5999   0.1085   0.2245   0.1672   0.5656   0.5417   0.1584   0.0524   0.1425   0.7344   0.9501   0.6974   0.0754   0.3561   0.4447   0.1399   0.1146   0.1158   0.2511   0.0983   0.1104   0.2066   0.1381   0.6212   0.0447   0.1711   0.2211   0.3465   0.1281   0.1225   0.1935   0.1017   0.0926    0.131   0.0181   0.1573    0.119     0.53   0.3232   0.3125    0.084   0.2902   0.1572   0.0839   0.4414   0.1781     0.22   0.3688   0.2551   0.2438   0.2147   0.2132   0.2529   0.0632   0.0748   0.0483   0.1958   0.0336   0.3082   0.4637   0.2297   0.1352     0.14   0.1325   0.2151   0.2634   0.1637    0.327   0.0839   0.3025   0.2683   0.0751   0.0852   0.0523   0.1702   0.4096   0.6492    0.227    0.027   0.4405   0.3556   0.1397   0.1404   0.0467     0.16   0.1472   0.0624   0.0152   0.1226   0.1708   0.6339   0.1494   0.2056   0.6639   0.2258   0.0891    0.415   0.0199   0.1033   0.0669   0.3073   0.3013   0.5465   0.0673     0.18   0.2474   0.1938   0.1939   0.1157   0.1397    0.339   0.0409   0.5601   0.3461   0.0601   0.3627   0.1912   0.3859   0.7654   0.1245   0.2367   0.1681   0.1375    0.168   0.4137   0.2255    0.162   0.3474   0.1385   0.4411   0.2596   0.2283   0.3697   0.3852   0.2429
  snr   -15.86
    H      4.8
 exon    False

M: mem
 freq      0.0   0.0032   0.0063   0.0095   0.0127   0.0158    0.019   0.0222   0.0253   0.0285   0.0316   0.0348    0.038   0.0411   0.0443   0.0475   0.0506   0.0538    0.057   0.0601   0.0633   0.0665   0.0696   0.0728   0.0759   0.0791   0.0823   0.0854   0.0886   0.0918   0.0949   0.0981   0.1013   0.1044   0.1076   0.1108   0.1139   0.1171   0.1203   0.1234   0.1266   0.1297   0.1329   0.1361   0.1392   0.1424   0.1456   0.1487   0.1519   0.1551   0.1582   0.1614   0.1646   0.1677   0.1709   0.1741   0.1772   0.1804   0.1835   0.1867   0.1899    0.193   0.1962   0.1994   0.2025   0.2057   0.2089    0.212   0.2152   0.2184   0.2215   0.2247   0.2278    0.231   0.2342   0.2373   0.2405   0.2437   0.2468     0.25   0.2532   0.2563   0.2595   0.2627   0.2658    0.269   0.2722   0.2753   0.2785   0.2816   0.2848    0.288   0.2911   0.2943   0.2975   0.3006   0.3038    0.307   0.3101   0.3133   0.3165   0.3196   0.3228   0.3259   0.3291   0.3323   0.3354   0.3386   0.3418   0.3449   0.3481   0.3513   0.3544   0.3576   0.3608   0.3639   0.3671   0.3703   0.3734   0.3766   0.3797   0.3829   0.3861   0.3892   0.3924   0.3956   0.3987   0.4019   0.4051   0.4082   0.4114   0.4146   0.4177   0.4209   0.4241   0.4272   0.4304   0.4335   0.4367   0.4399    0.443   0.4462   0.4494   0.4525   0.4557   0.4589    0.462   0.4652   0.4684   0.4715   0.4747   0.4778    0.481   0.4842   0.4873   0.4905   0.4937   0.4968
    S      0.0   0.0619   0.3041   0.0266    0.105    0.032   0.1841   0.0597   0.0296   0.0194   0.1174   0.0341   0.1545   0.1068   0.2852   0.0899   0.1004   0.0068   0.0236   0.1069   0.1233   0.0426    0.062   0.2826   0.1878   0.1317   0.0051   0.3071   0.4032   0.0354    0.177   0.0598   0.2441   0.3103   0.3687   0.0816    0.041   0.4511   0.0426   0.0865   0.2207   0.2256   0.3348   0.0157    0.174    0.068   0.2922   0.0188   0.0456   0.0508    0.469   0.3193    0.143   0.0478   0.1498   0.2574   0.0344   0.0457   0.0035   0.0367   0.0091   0.1146   0.4139   0.0637   0.0266   0.4093   0.1622   0.0093      1.0   0.1691   0.4951   0.0762   0.3817   0.5683   0.2027   0.0572   0.2899   0.2486   0.0534   0.1165   0.2151   0.0725   0.1383   0.0052   0.0038   0.1656   0.5827   0.0101   0.0125    0.122   0.1162   0.0623   0.1433   0.0208   0.0228   0.2026   0.1296   0.0039   0.3076   0.1001   0.0777    0.042   0.2537   0.0745   0.1453   0.1256   0.0808   0.0088   0.0618   0.0278   0.2418   0.0329   0.3056   0.6626    0.046   0.0042   0.2612   0.0058   0.4917   0.5362   0.0468   0.0107   0.0776   0.5643   0.0087   0.4298   0.2259   0.2042   0.0163   0.0511   0.0324    0.036   0.1214   0.2372   0.0445   0.3698   0.5892   0.2433   0.7706   0.0401   0.3716   0.6071   0.0906   0.1754   0.0218   0.4172    0.147   0.0061   0.0291   0.0396   0.0112   0.2817   0.0735   0.2065   0.0821   0.1057   0.3226   0.0167
  snr   -14.01
    H     4.58
 exon    False

M: tbpse
 freq      0.0   0.0032   0.0063   0.0095   0.0127   0.0158    0.019   0.0222   0.0253   0.0285   0.0316   0.0348    0.038   0.0411   0.0443   0.0475   0.0506   0.0538    0.057   0.0601   0.0633   0.0665   0.0696   0.0728   0.0759   0.0791   0.0823   0.0854   0.0886   0.0918   0.0949   0.0981   0.1013   0.1044   0.1076   0.1108   0.1139   0.1171   0.1203   0.1234   0.1266   0.1297   0.1329   0.1361   0.1392   0.1424   0.1456   0.1487   0.1519   0.1551   0.1582   0.1614   0.1646   0.1677   0.1709   0.1741   0.1772   0.1804   0.1835   0.1867   0.1899    0.193   0.1962   0.1994   0.2025   0.2057   0.2089    0.212   0.2152   0.2184   0.2215   0.2247   0.2278    0.231   0.2342   0.2373   0.2405   0.2437   0.2468     0.25   0.2532   0.2563   0.2595   0.2627   0.2658    0.269   0.2722   0.2753   0.2785   0.2816   0.2848    0.288   0.2911   0.2943   0.2975   0.3006   0.3038    0.307   0.3101   0.3133   0.3165   0.3196   0.3228   0.3259   0.3291   0.3323   0.3354   0.3386   0.3418   0.3449   0.3481   0.3513   0.3544   0.3576   0.3608   0.3639   0.3671   0.3703   0.3734   0.3766   0.3797   0.3829   0.3861   0.3892   0.3924   0.3956   0.3987   0.4019   0.4051   0.4082   0.4114   0.4146   0.4177   0.4209   0.4241   0.4272   0.4304   0.4335   0.4367   0.4399    0.443   0.4462   0.4494   0.4525   0.4557   0.4589    0.462   0.4652   0.4684   0.4715   0.4747   0.4778    0.481   0.4842   0.4873   0.4905   0.4937   0.4968
    S      0.0    0.928   0.1939   0.2081   0.1822   0.7664   0.3821   0.1722      1.0   0.2251    0.304   0.2917   0.0608    0.082   0.1666   0.0529   0.3616   0.0104   0.4237   0.3903   0.1609   0.1394      0.1   0.3312   0.2465   0.1003   0.1331   0.3865   0.2249   0.2233   0.0772   0.0687   0.4832   0.6642    0.271   0.0365   0.2798    0.377   0.1172   0.0394   0.1524   0.1423   0.1193    0.192   0.1415   0.0824   0.5171   0.1274   0.1193   0.1249   0.2655   0.0771   0.2554   0.0755    0.168   0.2805   0.0608   0.1275   0.1305   0.0849   0.5418   0.2497   0.1128   0.1277    0.291   0.2596   0.1115    0.301   0.6553   0.1054   0.0876    0.234   0.2261   0.2158   0.0952   0.2578   0.1373   0.1493   0.0323   0.4124   0.2236   0.1544   0.2266   0.1573   0.1263   0.0995   0.3363   0.1585   0.2645   0.2673   0.3503   0.1468   0.0708   0.3875   0.0543   0.3622   0.0952    0.108   0.1095   0.2259   0.2113   0.0274   0.2203   0.2961   0.0295   0.2327   0.1147   0.2967   0.0426   0.0699     0.31   0.0568   0.2671   0.5501   0.1606   0.1441   0.5124   0.2203   0.2975   0.3958   0.0715   0.1829   0.0922   0.1349   0.2216   0.1085   0.0768   0.1315   0.1693   0.0729   0.1223   0.1537   0.1687   0.1244    0.133   0.0974    0.234   0.2285   0.1597   0.0975   0.0735   0.1565   0.0155   0.1906   0.0793   0.2151   0.3405   0.3749   0.1644   0.1782    0.338   0.1035   0.7122   0.2338   0.2062   0.2833   0.6376   0.2124
  snr   -15.21
    H     4.82
 exon    False

M: snrse
 freq      0.0   0.0032   0.0063   0.0095   0.0127   0.0158    0.019   0.0222   0.0253   0.0285   0.0316   0.0348    0.038   0.0411   0.0443   0.0475   0.0506   0.0538    0.057   0.0601   0.0633   0.0665   0.0696   0.0728   0.0759   0.0791   0.0823   0.0854   0.0886   0.0918   0.0949   0.0981   0.1013   0.1044   0.1076   0.1108   0.1139   0.1171   0.1203   0.1234   0.1266   0.1297   0.1329   0.1361   0.1392   0.1424   0.1456   0.1487   0.1519   0.1551   0.1582   0.1614   0.1646   0.1677   0.1709   0.1741   0.1772   0.1804   0.1835   0.1867   0.1899    0.193   0.1962   0.1994   0.2025   0.2057   0.2089    0.212   0.2152   0.2184   0.2215   0.2247   0.2278    0.231   0.2342   0.2373   0.2405   0.2437   0.2468     0.25   0.2532   0.2563   0.2595   0.2627   0.2658    0.269   0.2722   0.2753   0.2785   0.2816   0.2848    0.288   0.2911   0.2943   0.2975   0.3006   0.3038    0.307   0.3101   0.3133   0.3165   0.3196   0.3228   0.3259   0.3291   0.3323   0.3354   0.3386   0.3418   0.3449   0.3481   0.3513   0.3544   0.3576   0.3608   0.3639   0.3671   0.3703   0.3734   0.3766   0.3797   0.3829   0.3861   0.3892   0.3924   0.3956   0.3987   0.4019   0.4051   0.4082   0.4114   0.4146   0.4177   0.4209   0.4241   0.4272   0.4304   0.4335   0.4367   0.4399    0.443   0.4462   0.4494   0.4525   0.4557   0.4589    0.462   0.4652   0.4684   0.4715   0.4747   0.4778    0.481   0.4842   0.4873   0.4905   0.4937   0.4968
    S      0.0   0.7189   0.0587   0.0359     0.21   0.5303   0.1061   0.0309   0.4762   0.1404   0.1192   0.1735   0.1629   0.0776   0.0375   0.1399   0.2001   0.0055   0.3309   0.2115   0.1356    0.157    0.045   0.0815   0.0474   0.0168   0.1263   0.1508   0.4255   0.1506   0.0145   0.0096   0.2269      1.0   0.5352   0.0745    0.232   0.2097   0.0792   0.0635   0.0101   0.0322   0.0679   0.1024   0.2349   0.0603   0.2543   0.0188   0.0276   0.2039   0.3903   0.0759   0.0178   0.1124   0.1425   0.2083   0.0076    0.023   0.0481   0.0706   0.3811   0.0731   0.2088     0.06   0.1336   0.0277   0.0054   0.1064   0.0637   0.0683   0.0749   0.1151   0.2436   0.0389   0.0833     0.15   0.0884   0.0274   0.0018   0.0742   0.0591   0.2846    0.451   0.1399   0.0978   0.0291   0.1026   0.0082   0.1854    0.069   0.0849   0.0121   0.2082   0.2395   0.0388   0.0961   0.0858   0.1323   0.0942   0.2906   0.2659   0.0152   0.0446   0.1127   0.1194   0.0508    0.076   0.0264   0.0582   0.0468   0.0451   0.0303   0.0213   0.2051   0.0211   0.1028   0.1373   0.1158   0.0573   0.0253   0.0266   0.0829   0.0943   0.0782    0.139   0.3939   0.0244   0.0373   0.0312   0.0134   0.1444   0.0341   0.0271    0.083   0.0239   0.0505   0.0539   0.1244    0.094   0.0987   0.1198   0.2631    0.084   0.1072   0.1329    0.014   0.1095    0.333   0.0416   0.0925   0.2318    0.116   0.3589   0.0877    0.037   0.0847   0.2686   0.0582
  snr   -12.83
    H     4.64
 exon    False