>data-XVI-cerevisiae-intergenic-335
N: 282
Methods: voss, eiip, qpsk, mem, tbpse, snrse

M: voss
 freq      0.0   0.0035   0.0071   0.0106   0.0142   0.0177   0.0213   0.0248   0.0284   0.0319   0.0355    0.039   0.0426   0.0461   0.0496   0.0532   0.0567   0.0603   0.0638   0.0674   0.0709   0.0745    0.078   0.0816   0.0851   0.0887   0.0922   0.0957   0.0993   0.1028   0.1064   0.1099   0.1135    0.117   0.1206   0.1241   0.1277   0.1312   0.1348   0.1383   0.1418   0.1454   0.1489   0.1525    0.156   0.1596   0.1631   0.1667   0.1702   0.1738   0.1773   0.1809   0.1844   0.1879   0.1915    0.195   0.1986   0.2021   0.2057   0.2092   0.2128   0.2163   0.2199   0.2234    0.227   0.2305    0.234   0.2376   0.2411   0.2447   0.2482   0.2518   0.2553   0.2589   0.2624    0.266   0.2695    0.273   0.2766   0.2801   0.2837   0.2872   0.2908   0.2943   0.2979   0.3014    0.305   0.3085   0.3121   0.3156   0.3191   0.3227   0.3262   0.3298   0.3333   0.3369   0.3404    0.344   0.3475   0.3511   0.3546   0.3582   0.3617   0.3652   0.3688   0.3723   0.3759   0.3794    0.383   0.3865   0.3901   0.3936   0.3972   0.4007   0.4043   0.4078   0.4113   0.4149   0.4184    0.422   0.4255   0.4291   0.4326   0.4362   0.4397   0.4433   0.4468   0.4504   0.4539   0.4574    0.461   0.4645   0.4681   0.4716   0.4752   0.4787   0.4823   0.4858   0.4894   0.4929   0.4965
    S      0.0    0.521   0.1104   0.5757   0.5959   0.3794   0.2847   0.1826   0.2583      1.0   0.1065   0.2719   0.4848    0.175   0.3871   0.1458   0.4524   0.2492     0.43   0.1763   0.3052   0.1416   0.1462    0.117   0.0792    0.342    0.132   0.2103   0.2674   0.2485    0.307   0.2833   0.2521    0.233   0.0459   0.1481   0.3193   0.4789   0.2188   0.2902   0.6055   0.4868   0.1647   0.0848   0.5174   0.0561   0.5142   0.0791   0.0849   0.1657   0.3575   0.0575   0.3915   0.2925   0.0351   0.1414   0.0963   0.1824   0.1026   0.6079   0.3481   0.2384    0.641   0.3513   0.1454   0.0748   0.1004   0.2138   0.1805   0.2612   0.1149   0.6923   0.1234   0.3235   0.2945    0.188   0.4351   0.2599   0.1358   0.0831   0.2321   0.2354    0.159   0.2682   0.2415   0.2156    0.139   0.0716    0.543   0.0751    0.225   0.0855   0.4589   0.0718   0.3341   0.3969   0.1758   0.3745   0.1844   0.3854   0.4448   0.1757   0.1116    0.117   0.1103   0.4052   0.1064   0.1754   0.3262   0.2146   0.2733    0.107   0.2145   0.1678   0.4219   0.1929   0.1765   0.5384   0.2252   0.4282    0.597   0.1165   0.1038   0.0828   0.3522   0.0567   0.2501   0.0778   0.3145   0.3068   0.1334    0.352   0.4241   0.5957   0.3167   0.1618    0.302   0.0927   0.1591   0.1931   0.2083
  snr   -15.51
    H     4.76
 exon    False

M: eiip
 freq      0.0   0.0035   0.0071   0.0106   0.0142   0.0177   0.0213   0.0248   0.0284   0.0319   0.0355    0.039   0.0426   0.0461   0.0496   0.0532   0.0567   0.0603   0.0638   0.0674   0.0709   0.0745    0.078   0.0816   0.0851   0.0887   0.0922   0.0957   0.0993   0.1028   0.1064   0.1099   0.1135    0.117   0.1206   0.1241   0.1277   0.1312   0.1348   0.1383   0.1418   0.1454   0.1489   0.1525    0.156   0.1596   0.1631   0.1667   0.1702   0.1738   0.1773   0.1809   0.1844   0.1879   0.1915    0.195   0.1986   0.2021   0.2057   0.2092   0.2128   0.2163   0.2199   0.2234    0.227   0.2305    0.234   0.2376   0.2411   0.2447   0.2482   0.2518   0.2553   0.2589   0.2624    0.266   0.2695    0.273   0.2766   0.2801   0.2837   0.2872   0.2908   0.2943   0.2979   0.3014    0.305   0.3085   0.3121   0.3156   0.3191   0.3227   0.3262   0.3298   0.3333   0.3369   0.3404    0.344   0.3475   0.3511   0.3546   0.3582   0.3617   0.3652   0.3688   0.3723   0.3759   0.3794    0.383   0.3865   0.3901   0.3936   0.3972   0.4007   0.4043   0.4078   0.4113   0.4149   0.4184    0.422   0.4255   0.4291   0.4326   0.4362   0.4397   0.4433   0.4468   0.4504   0.4539   0.4574    0.461   0.4645   0.4681   0.4716   0.4752   0.4787   0.4823   0.4858   0.4894   0.4929   0.4965
    S      0.0   0.0673     0.11   0.9381   0.1144   0.9159   0.0838   0.2615   0.0612   0.2105   0.0691   0.0342   0.1626   0.3952    0.302   0.0031   0.3758   0.2012   0.6516   0.2872     0.11    0.325   0.0042   0.0732   0.1503   0.0384   0.1219   0.1443   0.0596   0.3113   0.0895   0.0554     0.23   0.1326   0.0138   0.2075   0.6257   0.4798   0.1026    0.614   0.2835   0.0185   0.0339    0.022   0.0696   0.0493   0.0057   0.0175   0.0161   0.0066   0.2523   0.0429   0.5296   0.0028   0.0289   0.1789   0.0772    0.081   0.0583   0.3908   0.0204   0.3791   0.2283   0.1774   0.0736   0.0295   0.0219   0.0042   0.0659    0.006   0.1823   0.8839   0.0368   0.0476   0.0211   0.0114   0.4465   0.3004   0.2764   0.0069   0.0101   0.2522   0.0925   0.4859    0.247   0.1396   0.1754   0.0514   0.8229   0.0465   0.0878   0.0952   0.6725   0.1388   0.2689   0.0357    0.421   0.8759   0.2038   0.1435   0.1007   0.0861   0.0228   0.0338   0.0754   0.7582    0.005   0.2035     0.04   0.0045    0.544   0.1875   0.4941   0.3451   0.2592   0.0098   0.0843   0.2467   0.3406   0.6775   0.6104   0.1485   0.0339    0.164   0.0731   0.0182   0.2436   0.0875   0.3221   0.0428   0.0331      1.0   0.1787   0.4967   0.4479   0.1299   0.0617   0.0656   0.3558   0.1569   0.0375
  snr   -14.47
    H     4.42
 exon    False

M: qpsk
 freq      0.0   0.0035   0.0071   0.0106   0.0142   0.0177   0.0213   0.0248   0.0284   0.0319   0.0355    0.039   0.0426   0.0461   0.0496   0.0532   0.0567   0.0603   0.0638   0.0674   0.0709   0.0745    0.078   0.0816   0.0851   0.0887   0.0922   0.0957   0.0993   0.1028   0.1064   0.1099   0.1135    0.117   0.1206   0.1241   0.1277   0.1312   0.1348   0.1383   0.1418   0.1454   0.1489   0.1525    0.156   0.1596   0.1631   0.1667   0.1702   0.1738   0.1773   0.1809   0.1844   0.1879   0.1915    0.195   0.1986   0.2021   0.2057   0.2092   0.2128   0.2163   0.2199   0.2234    0.227   0.2305    0.234   0.2376   0.2411   0.2447   0.2482   0.2518   0.2553   0.2589   0.2624    0.266   0.2695    0.273   0.2766   0.2801   0.2837   0.2872   0.2908   0.2943   0.2979   0.3014    0.305   0.3085   0.3121   0.3156   0.3191   0.3227   0.3262   0.3298   0.3333   0.3369   0.3404    0.344   0.3475   0.3511   0.3546   0.3582   0.3617   0.3652   0.3688   0.3723   0.3759   0.3794    0.383   0.3865   0.3901   0.3936   0.3972   0.4007   0.4043   0.4078   0.4113   0.4149   0.4184    0.422   0.4255   0.4291   0.4326   0.4362   0.4397   0.4433   0.4468   0.4504   0.4539   0.4574    0.461   0.4645   0.4681   0.4716   0.4752   0.4787   0.4823   0.4858   0.4894   0.4929   0.4965
    S      0.0   0.7509   0.1524    0.875   0.3973   0.3863   0.2257   0.2298   0.1767   0.7155   0.1349    0.357   0.3952   0.2404   0.2321   0.0737   0.6375   0.2678   0.4966   0.1977   0.3499    0.162   0.1728   0.1275   0.0463   0.2661   0.2002    0.231    0.396   0.1932    0.321   0.2898   0.3881   0.2825   0.0242   0.2188   0.2024   0.3963   0.1997   0.3115   0.6485    0.148   0.0595   0.0345   0.5516   0.0794   0.3776   0.0275   0.0765   0.1887   0.5072   0.0719   0.1819   0.1812   0.0348   0.1388   0.1272   0.2085   0.0942   0.5204   0.2777     0.23   0.2489   0.1711   0.1189   0.0849   0.1137   0.1754   0.0535    0.347   0.1742      1.0   0.1367   0.4155   0.1103   0.1275   0.6605   0.3239     0.14   0.1228   0.2228    0.287   0.0388   0.4104    0.358   0.3054   0.1157   0.0354    0.737   0.0949   0.1878   0.0931   0.5896   0.1081    0.484   0.4374   0.1939   0.4985    0.268   0.5006   0.6308    0.239   0.1149   0.1248   0.1441    0.492   0.0915   0.1483   0.1603   0.1653   0.3281   0.1165   0.1752   0.2075   0.5308   0.1437   0.1949    0.539   0.1742   0.4635   0.4909   0.0715   0.1261    0.127   0.2496    0.057   0.1007   0.1131   0.4407   0.2238   0.2042    0.435    0.265   0.2419   0.2586   0.2433   0.3828   0.1177   0.2441   0.2321   0.2352
  snr   -15.57
    H     4.72
 exon    False

M: mem
 freq      0.0   0.0035   0.0071   0.0106   0.0142   0.0177   0.0213   0.0248   0.0284   0.0319   0.0355    0.039   0.0426   0.0461   0.0496   0.0532   0.0567   0.0603   0.0638   0.0674   0.0709   0.0745    0.078   0.0816   0.0851   0.0887   0.0922   0.0957   0.0993   0.1028   0.1064   0.1099   0.1135    0.117   0.1206   0.1241   0.1277   0.1312   0.1348   0.1383   0.1418   0.1454   0.1489   0.1525    0.156   0.1596   0.1631   0.1667   0.1702   0.1738   0.1773   0.1809   0.1844   0.1879   0.1915    0.195   0.1986   0.2021   0.2057   0.2092   0.2128   0.2163   0.2199   0.2234    0.227   0.2305    0.234   0.2376   0.2411   0.2447   0.2482   0.2518   0.2553   0.2589   0.2624    0.266   0.2695    0.273   0.2766   0.2801   0.2837   0.2872   0.2908   0.2943   0.2979   0.3014    0.305   0.3085   0.3121   0.3156   0.3191   0.3227   0.3262   0.3298   0.3333   0.3369   0.3404    0.344   0.3475   0.3511   0.3546   0.3582   0.3617   0.3652   0.3688   0.3723   0.3759   0.3794    0.383   0.3865   0.3901   0.3936   0.3972   0.4007   0.4043   0.4078   0.4113   0.4149   0.4184    0.422   0.4255   0.4291   0.4326   0.4362   0.4397   0.4433   0.4468   0.4504   0.4539   0.4574    0.461   0.4645   0.4681   0.4716   0.4752   0.4787   0.4823   0.4858   0.4894   0.4929   0.4965
    S      0.0   0.1887   0.0814   0.5226   0.0632   0.9069   0.1135   0.2029   0.0641    0.101   0.0605   0.1078   0.2697   0.2817   0.3025   0.0123   0.4024   0.1566   0.3829   0.2056   0.0203   0.3211   0.0256   0.1025   0.1288   0.0018   0.0922   0.1949   0.1116   0.3797   0.0336   0.1806   0.3473   0.0584   0.0113   0.2178   0.6167   0.6449   0.1417   0.5119   0.3564   0.0368   0.0577   0.0239    0.077   0.0411   0.0262   0.0414   0.0164   0.0389     0.07   0.0198   0.7746   0.0141   0.0133    0.208   0.0314    0.043   0.0243   0.6006   0.0798   0.3627   0.4158   0.3554    0.034   0.0251   0.0065   0.0418   0.0862   0.0113    0.208   0.7592   0.0472   0.0452   0.0223   0.0006   0.3375    0.339   0.3083   0.0389   0.0061   0.2167   0.1106   0.3521   0.2744   0.2055   0.2143   0.0354   0.7992   0.0549   0.1993   0.0522   0.4415   0.0974   0.0795   0.0091   0.3163      1.0   0.3263   0.0532   0.0807   0.0794   0.0034   0.0052   0.0257   0.8006   0.0043   0.2421   0.0511   0.0073   0.5391   0.2664   0.4797   0.2895   0.1178      0.0   0.1223   0.1135   0.3352   0.9617   0.4747   0.1075   0.0094   0.1276    0.084    0.019   0.2531    0.038   0.2841   0.0085     0.05   0.9418   0.1311   0.3596   0.3054   0.1594    0.146   0.0612   0.3003   0.0919   0.0805
  snr   -14.32
    H     4.41
 exon     True

M: tbpse
 freq      0.0   0.0035   0.0071   0.0106   0.0142   0.0177   0.0213   0.0248   0.0284   0.0319   0.0355    0.039   0.0426   0.0461   0.0496   0.0532   0.0567   0.0603   0.0638   0.0674   0.0709   0.0745    0.078   0.0816   0.0851   0.0887   0.0922   0.0957   0.0993   0.1028   0.1064   0.1099   0.1135    0.117   0.1206   0.1241   0.1277   0.1312   0.1348   0.1383   0.1418   0.1454   0.1489   0.1525    0.156   0.1596   0.1631   0.1667   0.1702   0.1738   0.1773   0.1809   0.1844   0.1879   0.1915    0.195   0.1986   0.2021   0.2057   0.2092   0.2128   0.2163   0.2199   0.2234    0.227   0.2305    0.234   0.2376   0.2411   0.2447   0.2482   0.2518   0.2553   0.2589   0.2624    0.266   0.2695    0.273   0.2766   0.2801   0.2837   0.2872   0.2908   0.2943   0.2979   0.3014    0.305   0.3085   0.3121   0.3156   0.3191   0.3227   0.3262   0.3298   0.3333   0.3369   0.3404    0.344   0.3475   0.3511   0.3546   0.3582   0.3617   0.3652   0.3688   0.3723   0.3759   0.3794    0.383   0.3865   0.3901   0.3936   0.3972   0.4007   0.4043   0.4078   0.4113   0.4149   0.4184    0.422   0.4255   0.4291   0.4326   0.4362   0.4397   0.4433   0.4468   0.4504   0.4539   0.4574    0.461   0.4645   0.4681   0.4716   0.4752   0.4787   0.4823   0.4858   0.4894   0.4929   0.4965
    S      0.0   0.5073   0.1496      1.0   0.1187   0.1473   0.0853   0.0961    0.038   0.1565   0.0304   0.2046   0.1347   0.2569   0.1817   0.0234   0.1041   0.3696   0.7897   0.2736   0.2894   0.0515   0.1844   0.1274   0.0832   0.1563    0.172   0.0176   0.2892   0.0354   0.3992   0.1618   0.0956   0.1763   0.0086    0.026   0.2013   0.2993   0.0804    0.237   0.0479   0.0336   0.0602   0.0351   0.6554   0.0878   0.1743    0.014   0.0058   0.1788   0.6024   0.1099   0.0324   0.0774     0.06   0.1035   0.0916   0.1253   0.1557   0.1309   0.2498   0.2603   0.2383   0.0495   0.2016   0.0568   0.1425    0.114   0.0578   0.3671   0.0034   0.2744    0.165   0.4366   0.0436   0.0389   0.6142   0.0208     0.07    0.098   0.1835   0.0372   0.0518   0.1998   0.2569   0.1625    0.005   0.0598   0.0796   0.0074   0.0681   0.1487   0.7172    0.085   0.7244   0.5149   0.2472   0.0237   0.0535   0.4816   0.5776   0.1235   0.1538   0.1621   0.1171   0.0805   0.0457   0.0562   0.1534    0.097   0.0638   0.0035   0.1213   0.1483   0.5093   0.0945   0.0693   0.1863   0.1333   0.0452   0.4299   0.1256    0.155   0.0706   0.2208   0.0092   0.1791   0.1311   0.3878   0.1805   0.1919   0.1989   0.1642   0.5831   0.4717   0.0807   0.2103   0.0629    0.093   0.1797   0.1161
  snr   -13.86
    H     4.55
 exon    False

M: snrse
 freq      0.0   0.0035   0.0071   0.0106   0.0142   0.0177   0.0213   0.0248   0.0284   0.0319   0.0355    0.039   0.0426   0.0461   0.0496   0.0532   0.0567   0.0603   0.0638   0.0674   0.0709   0.0745    0.078   0.0816   0.0851   0.0887   0.0922   0.0957   0.0993   0.1028   0.1064   0.1099   0.1135    0.117   0.1206   0.1241   0.1277   0.1312   0.1348   0.1383   0.1418   0.1454   0.1489   0.1525    0.156   0.1596   0.1631   0.1667   0.1702   0.1738   0.1773   0.1809   0.1844   0.1879   0.1915    0.195   0.1986   0.2021   0.2057   0.2092   0.2128   0.2163   0.2199   0.2234    0.227   0.2305    0.234   0.2376   0.2411   0.2447   0.2482   0.2518   0.2553   0.2589   0.2624    0.266   0.2695    0.273   0.2766   0.2801   0.2837   0.2872   0.2908   0.2943   0.2979   0.3014    0.305   0.3085   0.3121   0.3156   0.3191   0.3227   0.3262   0.3298   0.3333   0.3369   0.3404    0.344   0.3475   0.3511   0.3546   0.3582   0.3617   0.3652   0.3688   0.3723   0.3759   0.3794    0.383   0.3865   0.3901   0.3936   0.3972   0.4007   0.4043   0.4078   0.4113   0.4149   0.4184    0.422   0.4255   0.4291   0.4326   0.4362   0.4397   0.4433   0.4468   0.4504   0.4539   0.4574    0.461   0.4645   0.4681   0.4716   0.4752   0.4787   0.4823   0.4858   0.4894   0.4929   0.4965
    S      0.0   0.1182   0.0335   0.1469   0.5503   0.0819   0.2235   0.1143   0.2154      1.0   0.0801   0.0969   0.3341   0.0269   0.1982   0.1269   0.2811   0.0245   0.0438   0.0223   0.2199   0.0358   0.0419   0.0103   0.0104   0.3064   0.0398   0.1228   0.0598   0.1151   0.0916   0.1015   0.0523   0.1768    0.042   0.0733   0.0687   0.0741   0.1113   0.0863     0.44   0.4579   0.1119   0.0634   0.1358   0.0054   0.3831   0.0576   0.0782   0.0641   0.1417   0.0052   0.0783   0.2359   0.0062   0.0292   0.0727   0.1432   0.0229   0.3296   0.1754   0.0133   0.3504    0.176   0.0396   0.0486   0.0353   0.1398   0.1161   0.0436    0.048   0.4295   0.0232   0.1179   0.2708   0.1845   0.1004   0.1408   0.0093   0.0068   0.1185   0.1868   0.1019   0.1555   0.0296   0.0361   0.0653   0.0357   0.3163   0.0512   0.0969   0.0147   0.0725   0.0267   0.0261   0.1107   0.0159   0.0519   0.0142   0.1647   0.1262   0.0937   0.0296   0.0407    0.079   0.1381   0.0838   0.0788   0.2391   0.1742    0.111    0.002   0.0405   0.0516   0.2399   0.1486   0.1019   0.5201   0.0653   0.0379   0.3554   0.0389   0.0394   0.0344   0.1876   0.0452   0.0821   0.0271   0.0778   0.2241    0.014   0.0417   0.3199   0.2261   0.0425   0.0632   0.0947   0.0425   0.0672   0.1075   0.1139
  snr    -12.1
    H     4.52
 exon    False