>data-XV-cerevisiae-intergenic-512
N: 539
Methods: voss, eiip, qpsk, mem, alg1, alg2

M: voss
 freq      0.0   0.0019   0.0037   0.0056   0.0074   0.0093   0.0111    0.013   0.0148   0.0167   0.0186   0.0204   0.0223   0.0241    0.026   0.0278   0.0297   0.0315   0.0334   0.0353   0.0371    0.039   0.0408   0.0427   0.0445   0.0464   0.0482   0.0501   0.0519   0.0538   0.0557   0.0575   0.0594   0.0612   0.0631   0.0649   0.0668   0.0686   0.0705   0.0724   0.0742   0.0761   0.0779   0.0798   0.0816   0.0835   0.0853   0.0872   0.0891   0.0909   0.0928   0.0946   0.0965   0.0983   0.1002    0.102   0.1039   0.1058   0.1076   0.1095   0.1113   0.1132    0.115   0.1169   0.1187   0.1206   0.1224   0.1243   0.1262    0.128   0.1299   0.1317   0.1336   0.1354   0.1373   0.1391    0.141   0.1429   0.1447   0.1466   0.1484   0.1503   0.1521    0.154   0.1558   0.1577   0.1596   0.1614   0.1633   0.1651    0.167   0.1688   0.1707   0.1725   0.1744   0.1763   0.1781     0.18   0.1818   0.1837   0.1855   0.1874   0.1892   0.1911   0.1929   0.1948   0.1967   0.1985   0.2004   0.2022   0.2041   0.2059   0.2078   0.2096   0.2115   0.2134   0.2152   0.2171   0.2189   0.2208   0.2226   0.2245   0.2263   0.2282   0.2301   0.2319   0.2338   0.2356   0.2375   0.2393   0.2412    0.243   0.2449   0.2468   0.2486   0.2505   0.2523   0.2542    0.256   0.2579   0.2597   0.2616   0.2635   0.2653   0.2672    0.269   0.2709   0.2727   0.2746   0.2764   0.2783   0.2801    0.282   0.2839   0.2857   0.2876   0.2894   0.2913   0.2931    0.295   0.2968   0.2987   0.3006   0.3024   0.3043   0.3061    0.308   0.3098   0.3117   0.3135   0.3154   0.3173   0.3191    0.321   0.3228   0.3247   0.3265   0.3284   0.3302   0.3321    0.334   0.3358   0.3377   0.3395   0.3414   0.3432   0.3451   0.3469   0.3488   0.3506   0.3525   0.3544   0.3562   0.3581   0.3599   0.3618   0.3636   0.3655   0.3673   0.3692   0.3711   0.3729   0.3748   0.3766   0.3785   0.3803   0.3822    0.384   0.3859   0.3878   0.3896   0.3915   0.3933   0.3952    0.397   0.3989   0.4007   0.4026   0.4045   0.4063   0.4082     0.41   0.4119   0.4137   0.4156   0.4174   0.4193   0.4212    0.423   0.4249   0.4267   0.4286   0.4304   0.4323   0.4341    0.436   0.4378   0.4397   0.4416   0.4434   0.4453   0.4471    0.449   0.4508   0.4527   0.4545   0.4564   0.4583   0.4601    0.462   0.4638   0.4657   0.4675   0.4694   0.4712   0.4731    0.475   0.4768   0.4787   0.4805   0.4824   0.4842   0.4861   0.4879   0.4898   0.4917   0.4935   0.4954   0.4972   0.4991
    S      0.0   0.0731      1.0   0.3094   0.0115     0.14   0.1077   0.0258   0.3447   0.2325   0.2512   0.1513   0.2482   0.0732   0.1187   0.1955   0.2192   0.2008   0.0587   0.2173   0.1011   0.4518   0.0832   0.0978    0.392   0.0886   0.2034   0.3094   0.2191   0.2163   0.0792   0.3073   0.0225   0.3046   0.1419   0.1366    0.171   0.0364   0.0489   0.0545   0.0357   0.0969   0.0857   0.1452   0.0484   0.0774   0.1411    0.216   0.1018    0.188   0.1227   0.2007   0.0912   0.1557   0.2214   0.5719   0.1503   0.3394   0.0981   0.3194   0.3336   0.1016   0.1772   0.0525   0.0504   0.0272   0.2417   0.1022    0.054   0.1452   0.0715    0.062   0.0242   0.2064   0.3247   0.1337   0.3645   0.0807   0.0868   0.1097   0.0692   0.1776   0.0395     0.09   0.1721   0.2321    0.116   0.2709   0.0767   0.0996   0.0413   0.3524   0.0446   0.0555   0.2104   0.0779   0.1006   0.0301   0.0761   0.1981   0.0591   0.0673   0.3875   0.0217   0.0428   0.0701   0.0945   0.1033     0.16   0.3354     0.11   0.0528   0.1329   0.1823   0.0651   0.1683     0.05   0.0334   0.1143   0.0519   0.2371    0.107   0.0621   0.1628   0.1533   0.0616   0.0723   0.0724   0.0162   0.0582   0.1038   0.0484   0.0328   0.0989   0.0257   0.1454   0.1391   0.0605   0.1276   0.1479   0.0526   0.1738   0.3072   0.2833   0.2573   0.0467   0.1758   0.0954   0.0436   0.0976   0.1131    0.122   0.1243   0.1891   0.0626   0.0665   0.1814    0.083   0.1306    0.073   0.1725   0.0365   0.1805   0.1376   0.0396   0.1022   0.1043   0.5242   0.1137   0.1921   0.2415   0.2082   0.0484   0.1588   0.1439   0.1802   0.0992   0.3192   0.1987   0.2482   0.2557   0.2035   0.1592   0.1677   0.1651   0.0204   0.0397   0.0587   0.1687   0.0424   0.1448   0.1137   0.1189   0.2872   0.0826   0.2574   0.0435   0.0374   0.0241   0.1034   0.1731   0.1637   0.0581   0.2441   0.1254   0.0241   0.0658   0.0728   0.1838   0.2073   0.1733   0.2294   0.2063   0.4215   0.0785    0.161   0.0711   0.0793   0.0579   0.1088   0.1122   0.0725   0.0916   0.1164   0.0681   0.0959   0.1354   0.1854   0.1613    0.043   0.2066   0.0372   0.1231   0.1136   0.4749   0.5014   0.1916   0.3024   0.0935   0.0812   0.0457    0.193   0.1189   0.2069   0.0212   0.0459   0.1055   0.0692   0.1461   0.1808   0.1753   0.1987   0.1934   0.1134   0.1406   0.0888   0.1164   0.0566   0.1135   0.1004   0.0602   0.0803   0.1949   0.2262   0.1869    0.114   0.3049   0.1136   0.0751   0.2101
  snr   -15.81
    H     5.36
 exon    False

M: eiip
 freq      0.0   0.0019   0.0037   0.0056   0.0074   0.0093   0.0111    0.013   0.0148   0.0167   0.0186   0.0204   0.0223   0.0241    0.026   0.0278   0.0297   0.0315   0.0334   0.0353   0.0371    0.039   0.0408   0.0427   0.0445   0.0464   0.0482   0.0501   0.0519   0.0538   0.0557   0.0575   0.0594   0.0612   0.0631   0.0649   0.0668   0.0686   0.0705   0.0724   0.0742   0.0761   0.0779   0.0798   0.0816   0.0835   0.0853   0.0872   0.0891   0.0909   0.0928   0.0946   0.0965   0.0983   0.1002    0.102   0.1039   0.1058   0.1076   0.1095   0.1113   0.1132    0.115   0.1169   0.1187   0.1206   0.1224   0.1243   0.1262    0.128   0.1299   0.1317   0.1336   0.1354   0.1373   0.1391    0.141   0.1429   0.1447   0.1466   0.1484   0.1503   0.1521    0.154   0.1558   0.1577   0.1596   0.1614   0.1633   0.1651    0.167   0.1688   0.1707   0.1725   0.1744   0.1763   0.1781     0.18   0.1818   0.1837   0.1855   0.1874   0.1892   0.1911   0.1929   0.1948   0.1967   0.1985   0.2004   0.2022   0.2041   0.2059   0.2078   0.2096   0.2115   0.2134   0.2152   0.2171   0.2189   0.2208   0.2226   0.2245   0.2263   0.2282   0.2301   0.2319   0.2338   0.2356   0.2375   0.2393   0.2412    0.243   0.2449   0.2468   0.2486   0.2505   0.2523   0.2542    0.256   0.2579   0.2597   0.2616   0.2635   0.2653   0.2672    0.269   0.2709   0.2727   0.2746   0.2764   0.2783   0.2801    0.282   0.2839   0.2857   0.2876   0.2894   0.2913   0.2931    0.295   0.2968   0.2987   0.3006   0.3024   0.3043   0.3061    0.308   0.3098   0.3117   0.3135   0.3154   0.3173   0.3191    0.321   0.3228   0.3247   0.3265   0.3284   0.3302   0.3321    0.334   0.3358   0.3377   0.3395   0.3414   0.3432   0.3451   0.3469   0.3488   0.3506   0.3525   0.3544   0.3562   0.3581   0.3599   0.3618   0.3636   0.3655   0.3673   0.3692   0.3711   0.3729   0.3748   0.3766   0.3785   0.3803   0.3822    0.384   0.3859   0.3878   0.3896   0.3915   0.3933   0.3952    0.397   0.3989   0.4007   0.4026   0.4045   0.4063   0.4082     0.41   0.4119   0.4137   0.4156   0.4174   0.4193   0.4212    0.423   0.4249   0.4267   0.4286   0.4304   0.4323   0.4341    0.436   0.4378   0.4397   0.4416   0.4434   0.4453   0.4471    0.449   0.4508   0.4527   0.4545   0.4564   0.4583   0.4601    0.462   0.4638   0.4657   0.4675   0.4694   0.4712   0.4731    0.475   0.4768   0.4787   0.4805   0.4824   0.4842   0.4861   0.4879   0.4898   0.4917   0.4935   0.4954   0.4972   0.4991
    S      0.0   0.0804   0.9295   0.0391   0.0028   0.0661   0.1856   0.0749   0.1847   0.0181   0.2022   0.0253   0.2161   0.1103   0.1495   0.1474   0.2976   0.1193   0.1569   0.3284   0.0052   0.3649   0.0364   0.2334   0.6096   0.0925   0.0244   0.3572   0.2034    0.636   0.0387   0.2508   0.0565    0.266   0.0223   0.2489   0.0696   0.0222   0.1116   0.0373   0.0708   0.3173   0.2477   0.1043   0.1882   0.0806   0.4476   0.1472   0.0527   0.0397   0.2334   0.1602   0.1313   0.2084   0.1972   0.6789   0.0176   0.3723   0.0328   0.2749   0.0508   0.1104   0.3058   0.0059   0.0827   0.0096      1.0   0.0647   0.0422   0.0154   0.2787   0.1178   0.0691   0.4312   0.0348   0.1034   0.1084   0.0323   0.2235   0.2565   0.1139   0.0919   0.0264   0.2053   0.1383   0.4689   0.1392   0.1185   0.1799   0.3918   0.0498   0.0047   0.0169   0.0514   0.0702   0.2586   0.1139   0.0024   0.0979   0.0904   0.1403   0.0411   0.1583   0.0345   0.0051   0.0264   0.1316   0.1476   0.0521   0.1227   0.1708   0.1237   0.2199   0.3565   0.1425   0.4432   0.0617   0.0704   0.0286   0.1299   0.4471   0.1056    0.184   0.2683   0.1495   0.0159   0.0445   0.0457   0.0405   0.0051   0.1638   0.1541   0.0088   0.3937   0.0778   0.2935   0.5879   0.1369    0.506   0.3788   0.0222   0.0357   0.1191     0.33   0.0892   0.1163   0.3783   0.0913   0.0587    0.029   0.1974   0.2297   0.2303   0.5402   0.0049    0.017   0.0734   0.1832   0.2261   0.0514   0.2311   0.0597   0.3248   0.1628    0.079    0.022   0.1221   0.4575   0.1034   0.3941   0.0658   0.2237   0.0951   0.2701   0.5117   0.1424   0.0241   0.3677   0.3778   0.2528   0.1022   0.1481   0.0535     0.33   0.4707   0.0496   0.0443   0.0834   0.0894    0.008      0.1   0.2784   0.0455   0.3448   0.3259   0.1141   0.0082   0.0811   0.0335    0.048   0.1933   0.0913   0.0331   0.5502   0.0746   0.0675   0.0411   0.0201   0.4942   0.0148   0.1055   0.0659   0.2018   0.0816   0.1831   0.1763    0.168   0.1201   0.1647   0.2325   0.2692   0.0269   0.0154   0.0516    0.055   0.0838    0.228   0.0028   0.3758   0.0567   0.4411   0.0647   0.0118   0.2996   0.9394   0.7093   0.3051   0.0325   0.2022   0.1069   0.0675   0.3112   0.1489   0.1524   0.0676   0.0413   0.1774   0.1755   0.2949    0.204   0.1991   0.2901   0.0378   0.0639   0.5629   0.1623   0.0291   0.1516   0.0872   0.1781   0.1162   0.0858   0.0003    0.697   0.1759   0.0571   0.3394   0.0739   0.1123   0.6491
  snr    -16.6
    H     5.19
 exon    False

M: qpsk
 freq      0.0   0.0019   0.0037   0.0056   0.0074   0.0093   0.0111    0.013   0.0148   0.0167   0.0186   0.0204   0.0223   0.0241    0.026   0.0278   0.0297   0.0315   0.0334   0.0353   0.0371    0.039   0.0408   0.0427   0.0445   0.0464   0.0482   0.0501   0.0519   0.0538   0.0557   0.0575   0.0594   0.0612   0.0631   0.0649   0.0668   0.0686   0.0705   0.0724   0.0742   0.0761   0.0779   0.0798   0.0816   0.0835   0.0853   0.0872   0.0891   0.0909   0.0928   0.0946   0.0965   0.0983   0.1002    0.102   0.1039   0.1058   0.1076   0.1095   0.1113   0.1132    0.115   0.1169   0.1187   0.1206   0.1224   0.1243   0.1262    0.128   0.1299   0.1317   0.1336   0.1354   0.1373   0.1391    0.141   0.1429   0.1447   0.1466   0.1484   0.1503   0.1521    0.154   0.1558   0.1577   0.1596   0.1614   0.1633   0.1651    0.167   0.1688   0.1707   0.1725   0.1744   0.1763   0.1781     0.18   0.1818   0.1837   0.1855   0.1874   0.1892   0.1911   0.1929   0.1948   0.1967   0.1985   0.2004   0.2022   0.2041   0.2059   0.2078   0.2096   0.2115   0.2134   0.2152   0.2171   0.2189   0.2208   0.2226   0.2245   0.2263   0.2282   0.2301   0.2319   0.2338   0.2356   0.2375   0.2393   0.2412    0.243   0.2449   0.2468   0.2486   0.2505   0.2523   0.2542    0.256   0.2579   0.2597   0.2616   0.2635   0.2653   0.2672    0.269   0.2709   0.2727   0.2746   0.2764   0.2783   0.2801    0.282   0.2839   0.2857   0.2876   0.2894   0.2913   0.2931    0.295   0.2968   0.2987   0.3006   0.3024   0.3043   0.3061    0.308   0.3098   0.3117   0.3135   0.3154   0.3173   0.3191    0.321   0.3228   0.3247   0.3265   0.3284   0.3302   0.3321    0.334   0.3358   0.3377   0.3395   0.3414   0.3432   0.3451   0.3469   0.3488   0.3506   0.3525   0.3544   0.3562   0.3581   0.3599   0.3618   0.3636   0.3655   0.3673   0.3692   0.3711   0.3729   0.3748   0.3766   0.3785   0.3803   0.3822    0.384   0.3859   0.3878   0.3896   0.3915   0.3933   0.3952    0.397   0.3989   0.4007   0.4026   0.4045   0.4063   0.4082     0.41   0.4119   0.4137   0.4156   0.4174   0.4193   0.4212    0.423   0.4249   0.4267   0.4286   0.4304   0.4323   0.4341    0.436   0.4378   0.4397   0.4416   0.4434   0.4453   0.4471    0.449   0.4508   0.4527   0.4545   0.4564   0.4583   0.4601    0.462   0.4638   0.4657   0.4675   0.4694   0.4712   0.4731    0.475   0.4768   0.4787   0.4805   0.4824   0.4842   0.4861   0.4879   0.4898   0.4917   0.4935   0.4954   0.4972   0.4991
    S      0.0   0.0173      1.0   0.2532   0.0136    0.154   0.1274   0.0087   0.3311   0.1422   0.2093   0.1099   0.1604   0.0505   0.1183    0.095   0.2398   0.1642   0.0633    0.203    0.039   0.4788   0.0772   0.0561   0.2375   0.1023   0.1156   0.3428   0.2735   0.1852   0.0578   0.2188   0.0251   0.1672   0.1216   0.1358   0.1993   0.0292     0.03   0.0495    0.033   0.1121   0.0888   0.1472   0.0571   0.0612   0.1623   0.1222   0.1081   0.1635   0.1394   0.1702   0.1064   0.1373   0.2177   0.6758   0.1526   0.3675   0.1199   0.2448   0.1073   0.0248   0.1331   0.0411    0.057   0.0132    0.216   0.0783   0.0065   0.1405   0.0537   0.0622   0.0127   0.2048   0.1686   0.0202   0.3004   0.0591   0.0565   0.0736   0.0562    0.219   0.0354    0.097   0.0713    0.186   0.0531   0.0591   0.0849   0.0979   0.0349   0.4188    0.051   0.0078   0.1691   0.0473   0.1104   0.0209   0.0669   0.2152   0.0071   0.0546   0.3005   0.0133   0.0499   0.0707   0.0688   0.0539   0.1179   0.1571   0.1148   0.0626   0.0553   0.1414   0.0806   0.0805   0.0192   0.0234   0.0541   0.0483   0.1555   0.1094   0.0645      0.2   0.1684   0.0742   0.0431   0.0425   0.0197   0.0589   0.1077   0.0458   0.0337   0.0946   0.0293   0.1567   0.1083   0.0733   0.0678    0.084   0.0386   0.1227   0.2219   0.2922   0.1459   0.0142   0.1294   0.0906     0.02   0.0327   0.1124   0.1362   0.1183   0.2171   0.0567   0.0373   0.0819   0.0846   0.1328    0.031   0.1342   0.0397   0.1357   0.1371   0.0434   0.0633   0.1167   0.5881    0.128    0.142   0.2438   0.2596   0.0437   0.0284    0.162   0.1734   0.0888   0.1985   0.2263   0.2509   0.1687   0.1456   0.0673   0.0682   0.1997   0.0183   0.0129   0.0559   0.1097   0.0325   0.0169   0.1196   0.1187   0.2491   0.0672   0.1215   0.0526   0.0339   0.0193   0.0907    0.211   0.0753   0.0663   0.2217   0.1109   0.0206   0.0484   0.0865   0.2086   0.1712   0.1461   0.1698   0.1871   0.3615   0.0255   0.0973   0.0631   0.0562   0.0723   0.1231   0.0374   0.0338   0.0665   0.1318   0.0459   0.0928   0.0938   0.0834    0.045   0.0493   0.1747    0.045    0.027   0.1276   0.3734    0.037   0.2304   0.1303    0.079   0.0585     0.05   0.1613   0.0151   0.2226    0.021   0.0554   0.0945   0.0825   0.1274   0.2064   0.1485   0.1807   0.1302   0.1282   0.1681   0.1041   0.1047   0.0492   0.1427   0.0797   0.0322   0.0891   0.1919   0.2381   0.0781    0.061   0.3077   0.0203   0.0263   0.2258
  snr   -14.93
    H     5.29
 exon    False

M: mem
 freq      0.0   0.0019   0.0037   0.0056   0.0074   0.0093   0.0112    0.013   0.0149   0.0167   0.0186   0.0204   0.0223   0.0242    0.026   0.0279   0.0297   0.0316   0.0335   0.0353   0.0372    0.039   0.0409   0.0428   0.0446   0.0465   0.0483   0.0502    0.052   0.0539   0.0558   0.0576   0.0595   0.0613   0.0632   0.0651   0.0669   0.0688   0.0706   0.0725   0.0743   0.0762   0.0781   0.0799   0.0818   0.0836   0.0855   0.0874   0.0892   0.0911   0.0929   0.0948   0.0967   0.0985   0.1004   0.1022   0.1041   0.1059   0.1078   0.1097   0.1115   0.1134   0.1152   0.1171    0.119   0.1208   0.1227   0.1245   0.1264   0.1283   0.1301    0.132   0.1338   0.1357   0.1375   0.1394   0.1413   0.1431    0.145   0.1468   0.1487   0.1506   0.1524   0.1543   0.1561    0.158   0.1599   0.1617   0.1636   0.1654   0.1673   0.1691    0.171   0.1729   0.1747   0.1766   0.1784   0.1803   0.1822    0.184   0.1859   0.1877   0.1896   0.1914   0.1933   0.1952    0.197   0.1989   0.2007   0.2026   0.2045   0.2063   0.2082     0.21   0.2119   0.2138   0.2156   0.2175   0.2193   0.2212    0.223   0.2249   0.2268   0.2286   0.2305   0.2323   0.2342   0.2361   0.2379   0.2398   0.2416   0.2435   0.2454   0.2472   0.2491   0.2509   0.2528   0.2546   0.2565   0.2584   0.2602   0.2621   0.2639   0.2658   0.2677   0.2695   0.2714   0.2732   0.2751    0.277   0.2788   0.2807   0.2825   0.2844   0.2862   0.2881     0.29   0.2918   0.2937   0.2955   0.2974   0.2993   0.3011    0.303   0.3048   0.3067   0.3086   0.3104   0.3123   0.3141    0.316   0.3178   0.3197   0.3216   0.3234   0.3253   0.3271    0.329   0.3309   0.3327   0.3346   0.3364   0.3383   0.3401    0.342   0.3439   0.3457   0.3476   0.3494   0.3513   0.3532    0.355   0.3569   0.3587   0.3606   0.3625   0.3643   0.3662    0.368   0.3699   0.3717   0.3736   0.3755   0.3773   0.3792    0.381   0.3829   0.3848   0.3866   0.3885   0.3903   0.3922   0.3941   0.3959   0.3978   0.3996   0.4015   0.4033   0.4052   0.4071   0.4089   0.4108   0.4126   0.4145   0.4164   0.4182   0.4201   0.4219   0.4238   0.4257   0.4275   0.4294   0.4312   0.4331   0.4349   0.4368   0.4387   0.4405   0.4424   0.4442   0.4461    0.448   0.4498   0.4517   0.4535   0.4554   0.4572   0.4591    0.461   0.4628   0.4647   0.4665   0.4684   0.4703   0.4721    0.474   0.4758   0.4777   0.4796   0.4814   0.4833   0.4851    0.487   0.4888   0.4907   0.4926   0.4944   0.4963   0.4981
    S      0.0   0.0076      1.0   0.3084   0.0082   0.1188   0.0197    0.006   0.3832   0.2658   0.2043   0.0268     0.25   0.0129   0.0469   0.0613   0.1462   0.0194   0.0016   0.1439   0.0876   0.4497   0.0149   0.0347   0.3375   0.0077   0.1981   0.1404    0.107   0.0194    0.092   0.2212   0.0003   0.2845   0.1507   0.0681   0.0822   0.0343   0.0183   0.0217   0.0007   0.0267    0.033   0.0521   0.0126   0.0647   0.0253   0.2168   0.1136    0.182   0.0111   0.0622   0.0154   0.0321   0.0863   0.3356   0.0819   0.0119   0.0858    0.079   0.2547   0.0182   0.0603   0.0106   0.0295   0.0047   0.0307   0.0068   0.0107   0.1415   0.0048   0.0484   0.0085   0.1155   0.3836   0.1361   0.2163   0.0626   0.0167   0.0308   0.0599   0.0402   0.0446   0.0651   0.1534   0.0976   0.0163   0.1947   0.0258   0.0321   0.0067   0.2706   0.0387   0.0768    0.195   0.0493   0.0742   0.0335   0.0181   0.0695   0.0306   0.0738   0.1932   0.0183   0.0473   0.0295   0.0801   0.0204    0.131   0.2346   0.0492   0.0234   0.0552   0.1509   0.0279   0.0937   0.0571    0.004   0.2031   0.0205   0.0744   0.0866   0.0175   0.1381   0.0049   0.0127   0.0269   0.0155   0.0056   0.0142    0.102   0.0261   0.0161   0.0029   0.0099   0.0002   0.0131   0.0496   0.0535   0.0042   0.0284   0.0788   0.4268   0.1998   0.2148   0.0133   0.0333   0.0939   0.0644    0.091   0.0161   0.0182   0.0793   0.0006   0.0696   0.0028    0.196    0.018   0.0869   0.0186   0.0052    0.009   0.1146   0.1085   0.1223   0.0139   0.0824   0.2447   0.0224   0.0134   0.3329   0.0194   0.0042   0.0531   0.0076   0.0771   0.3107   0.1753   0.2964     0.01    0.137   0.0553   0.0779    0.186   0.0258   0.0021   0.0179   0.0261   0.0279    0.061   0.0874   0.0229   0.0383   0.2214   0.0872    0.127   0.0004   0.0062   0.0535   0.1026   0.0046   0.1134   0.0939   0.0463   0.0885   0.0004   0.0004   0.0738   0.1394   0.0405   0.0621   0.1898   0.1807   0.2794   0.0971   0.1478   0.0026   0.0139   0.0108   0.0871   0.0008   0.0741   0.0183   0.0116   0.0594   0.0626   0.0633   0.1542   0.0241   0.0701    0.014    0.001   0.1056   0.0627   0.5764   0.0184   0.0002   0.2801    0.037   0.0451    0.031   0.0106   0.0197   0.1583    0.019   0.0841   0.0107    0.049   0.0827   0.0051   0.1673   0.0002   0.0088   0.0621    0.048   0.0191   0.0036   0.0319   0.0446    0.003   0.0692   0.0372   0.1048   0.1144   0.0227   0.0627    0.108   0.0017   0.0604
  snr   -13.27
    H     5.01
 exon    False

M: alg1
 freq      0.0   0.0019   0.0037   0.0056   0.0074   0.0093   0.0111    0.013   0.0148   0.0167   0.0186   0.0204   0.0223   0.0241    0.026   0.0278   0.0297   0.0315   0.0334   0.0353   0.0371    0.039   0.0408   0.0427   0.0445   0.0464   0.0482   0.0501   0.0519   0.0538   0.0557   0.0575   0.0594   0.0612   0.0631   0.0649   0.0668   0.0686   0.0705   0.0724   0.0742   0.0761   0.0779   0.0798   0.0816   0.0835   0.0853   0.0872   0.0891   0.0909   0.0928   0.0946   0.0965   0.0983   0.1002    0.102   0.1039   0.1058   0.1076   0.1095   0.1113   0.1132    0.115   0.1169   0.1187   0.1206   0.1224   0.1243   0.1262    0.128   0.1299   0.1317   0.1336   0.1354   0.1373   0.1391    0.141   0.1429   0.1447   0.1466   0.1484   0.1503   0.1521    0.154   0.1558   0.1577   0.1596   0.1614   0.1633   0.1651    0.167   0.1688   0.1707   0.1725   0.1744   0.1763   0.1781     0.18   0.1818   0.1837   0.1855   0.1874   0.1892   0.1911   0.1929   0.1948   0.1967   0.1985   0.2004   0.2022   0.2041   0.2059   0.2078   0.2096   0.2115   0.2134   0.2152   0.2171   0.2189   0.2208   0.2226   0.2245   0.2263   0.2282   0.2301   0.2319   0.2338   0.2356   0.2375   0.2393   0.2412    0.243   0.2449   0.2468   0.2486   0.2505   0.2523   0.2542    0.256   0.2579   0.2597   0.2616   0.2635   0.2653   0.2672    0.269   0.2709   0.2727   0.2746   0.2764   0.2783   0.2801    0.282   0.2839   0.2857   0.2876   0.2894   0.2913   0.2931    0.295   0.2968   0.2987   0.3006   0.3024   0.3043   0.3061    0.308   0.3098   0.3117   0.3135   0.3154   0.3173   0.3191    0.321   0.3228   0.3247   0.3265   0.3284   0.3302   0.3321    0.334   0.3358   0.3377   0.3395   0.3414   0.3432   0.3451   0.3469   0.3488   0.3506   0.3525   0.3544   0.3562   0.3581   0.3599   0.3618   0.3636   0.3655   0.3673   0.3692   0.3711   0.3729   0.3748   0.3766   0.3785   0.3803   0.3822    0.384   0.3859   0.3878   0.3896   0.3915   0.3933   0.3952    0.397   0.3989   0.4007   0.4026   0.4045   0.4063   0.4082     0.41   0.4119   0.4137   0.4156   0.4174   0.4193   0.4212    0.423   0.4249   0.4267   0.4286   0.4304   0.4323   0.4341    0.436   0.4378   0.4397   0.4416   0.4434   0.4453   0.4471    0.449   0.4508   0.4527   0.4545   0.4564   0.4583   0.4601    0.462   0.4638   0.4657   0.4675   0.4694   0.4712   0.4731    0.475   0.4768   0.4787   0.4805   0.4824   0.4842   0.4861   0.4879   0.4898   0.4917   0.4935   0.4954   0.4972   0.4991
    S      0.0   0.0355      1.0   0.3756   0.0108   0.1665    0.204   0.0164   0.3218   0.2422   0.2911   0.2054    0.223   0.0708   0.2027   0.2283   0.2246   0.2309   0.0869    0.226    0.105   0.4562   0.1275   0.0608   0.3824   0.0948    0.226   0.5404   0.1485   0.2857    0.083    0.335   0.0365   0.3369   0.1491   0.0921    0.164   0.0488    0.058   0.0469    0.031   0.0387   0.0306   0.2409   0.0443    0.083   0.0848   0.2126   0.0858   0.2466   0.1928   0.2851   0.1422   0.2551   0.1918   0.6688   0.1477   0.6082   0.0845    0.449   0.3258   0.0517   0.2632   0.0788    0.035   0.0274   0.0845   0.1139   0.0349   0.1518   0.0114   0.0576   0.0249   0.3009   0.3265   0.1195   0.4784   0.0961   0.0073   0.1347   0.0495   0.2962   0.0375   0.0838   0.1538   0.0846   0.0599   0.2638   0.0897    0.097   0.0527    0.409   0.0562   0.0377   0.2177   0.0551   0.0749   0.0309   0.1242   0.2996   0.0242   0.1003   0.3957   0.0078     0.05   0.0715   0.0864   0.0559   0.2072   0.2862   0.1399   0.0663   0.1484   0.1754   0.1193   0.0793     0.04   0.0456   0.1241   0.0449   0.2063   0.0962   0.0285   0.0559    0.286   0.1083   0.0903   0.0646     0.03   0.0756   0.1224   0.0391    0.031   0.1306    0.037   0.1448   0.1255   0.0511   0.0692    0.128   0.0567   0.2021   0.3954   0.2958   0.2983   0.0411   0.2621   0.0878   0.0228   0.0859   0.1966   0.1356    0.125   0.3124     0.07   0.0872   0.1679   0.0944    0.108   0.0788    0.102   0.0552   0.1526   0.2046   0.0492   0.1017   0.1691   0.7897   0.0879   0.0825   0.2224   0.2686   0.0237   0.1317   0.1836   0.2632   0.0915    0.251   0.2877    0.423   0.2761   0.2679   0.1683   0.1793   0.1907   0.0315   0.0287   0.0353   0.1212   0.0611   0.1266   0.1287    0.119   0.4697   0.0792   0.2241   0.0437   0.0214   0.0371   0.1283   0.2092   0.1759   0.0837   0.3487   0.1602   0.0173   0.0589   0.1211   0.1947   0.2748   0.2485   0.2132   0.3067    0.478    0.016   0.2012    0.076   0.0882   0.0867   0.1386   0.0636   0.0766   0.0862   0.1406   0.0936   0.1616   0.1817   0.2011   0.1282    0.069   0.2487   0.0515   0.1194   0.1293   0.5682    0.264   0.2185   0.3323   0.0152   0.1188   0.0486   0.1755   0.1031   0.3337   0.0162    0.079    0.131   0.1147   0.2343   0.3362   0.1467    0.301   0.2389   0.0962   0.1948   0.1272   0.1831    0.021    0.079   0.1335    0.041   0.1086   0.2229   0.0499   0.0997   0.1302   0.4356   0.0896   0.0377   0.3291
  snr   -16.23
    H     5.29
 exon    False

M: alg2
 freq      0.0   0.0019   0.0037   0.0056   0.0074   0.0093   0.0111    0.013   0.0148   0.0167   0.0186   0.0204   0.0223   0.0241    0.026   0.0278   0.0297   0.0315   0.0334   0.0353   0.0371    0.039   0.0408   0.0427   0.0445   0.0464   0.0482   0.0501   0.0519   0.0538   0.0557   0.0575   0.0594   0.0612   0.0631   0.0649   0.0668   0.0686   0.0705   0.0724   0.0742   0.0761   0.0779   0.0798   0.0816   0.0835   0.0853   0.0872   0.0891   0.0909   0.0928   0.0946   0.0965   0.0983   0.1002    0.102   0.1039   0.1058   0.1076   0.1095   0.1113   0.1132    0.115   0.1169   0.1187   0.1206   0.1224   0.1243   0.1262    0.128   0.1299   0.1317   0.1336   0.1354   0.1373   0.1391    0.141   0.1429   0.1447   0.1466   0.1484   0.1503   0.1521    0.154   0.1558   0.1577   0.1596   0.1614   0.1633   0.1651    0.167   0.1688   0.1707   0.1725   0.1744   0.1763   0.1781     0.18   0.1818   0.1837   0.1855   0.1874   0.1892   0.1911   0.1929   0.1948   0.1967   0.1985   0.2004   0.2022   0.2041   0.2059   0.2078   0.2096   0.2115   0.2134   0.2152   0.2171   0.2189   0.2208   0.2226   0.2245   0.2263   0.2282   0.2301   0.2319   0.2338   0.2356   0.2375   0.2393   0.2412    0.243   0.2449   0.2468   0.2486   0.2505   0.2523   0.2542    0.256   0.2579   0.2597   0.2616   0.2635   0.2653   0.2672    0.269   0.2709   0.2727   0.2746   0.2764   0.2783   0.2801    0.282   0.2839   0.2857   0.2876   0.2894   0.2913   0.2931    0.295   0.2968   0.2987   0.3006   0.3024   0.3043   0.3061    0.308   0.3098   0.3117   0.3135   0.3154   0.3173   0.3191    0.321   0.3228   0.3247   0.3265   0.3284   0.3302   0.3321    0.334   0.3358   0.3377   0.3395   0.3414   0.3432   0.3451   0.3469   0.3488   0.3506   0.3525   0.3544   0.3562   0.3581   0.3599   0.3618   0.3636   0.3655   0.3673   0.3692   0.3711   0.3729   0.3748   0.3766   0.3785   0.3803   0.3822    0.384   0.3859   0.3878   0.3896   0.3915   0.3933   0.3952    0.397   0.3989   0.4007   0.4026   0.4045   0.4063   0.4082     0.41   0.4119   0.4137   0.4156   0.4174   0.4193   0.4212    0.423   0.4249   0.4267   0.4286   0.4304   0.4323   0.4341    0.436   0.4378   0.4397   0.4416   0.4434   0.4453   0.4471    0.449   0.4508   0.4527   0.4545   0.4564   0.4583   0.4601    0.462   0.4638   0.4657   0.4675   0.4694   0.4712   0.4731    0.475   0.4768   0.4787   0.4805   0.4824   0.4842   0.4861   0.4879   0.4898   0.4917   0.4935   0.4954   0.4972   0.4991
    S      0.0   0.0018      1.0   0.1436   0.0066   0.0859   0.0396   0.0047   0.3181   0.1159   0.2104   0.0331   0.1207   0.0301   0.0535   0.0501   0.1063   0.0354   0.0136   0.1837   0.0559   0.3814   0.0042   0.0189   0.1594   0.0265   0.1219   0.0318   0.1413   0.0569   0.0675   0.0938   0.0047   0.1205   0.0995   0.0473   0.0576   0.0206   0.0067   0.0079   0.0096   0.0789    0.065   0.0626   0.0395   0.0637    0.107   0.0675   0.0839   0.0563   0.0313   0.0823    0.022   0.0098   0.0473   0.4065   0.0661   0.0518   0.0568   0.0471   0.1597   0.0003   0.0349   0.0126    0.031   0.0013   0.1467   0.0136   0.0036   0.0697    0.033   0.0575   0.0051   0.0487   0.1569   0.0195   0.0954   0.0141   0.0254   0.0055   0.0531   0.0346   0.0376   0.0887   0.0474   0.1357   0.0031   0.0796   0.0238   0.0447   0.0197   0.1287    0.011   0.0066   0.1792    0.018   0.1002   0.0195   0.0242   0.0073   0.0013   0.0196   0.0857   0.0057   0.0055   0.0462   0.0718   0.0384   0.1009   0.1023   0.1011   0.0519   0.0236   0.1216   0.0282   0.0642   0.0077   0.0056   0.0618   0.0324   0.1469   0.0842   0.0466   0.1186   0.0342   0.0021   0.0204   0.0159   0.0047   0.0211    0.072   0.0172   0.0049   0.0361   0.0096   0.0435   0.0458   0.0676   0.0356   0.0517   0.0281   0.0773   0.1329   0.2722   0.0731   0.0016   0.0069   0.0937   0.0153   0.0255   0.0066   0.1052   0.1148   0.0786   0.0134   0.0308   0.0664   0.0572   0.0949   0.0297   0.0238   0.0221   0.0776   0.0299   0.0365   0.0608   0.0295   0.2735   0.0388   0.0348   0.1568   0.1017   0.0203   0.0075   0.0778   0.1235   0.0737   0.2031   0.1673   0.0811   0.1911   0.1382   0.0404    0.019   0.1469   0.0018   0.0149   0.0392   0.0088    0.017   0.0276   0.0348   0.0255   0.0409   0.0352    0.132   0.0121   0.0279    0.006   0.0126   0.0947   0.0427   0.0238    0.059   0.0435    0.018   0.0017   0.0044   0.1676   0.0763   0.0234   0.1249   0.1512   0.2411   0.0083   0.0413   0.0309   0.0164   0.0444   0.0499   0.0188   0.0054   0.0488    0.027   0.0055   0.0544   0.0538    0.096   0.0212   0.0264   0.0192   0.0275   0.0323   0.0731   0.2049   0.0348   0.1495   0.1249   0.0353    0.009   0.0445   0.1172    0.011   0.0526   0.0087   0.0037   0.0766   0.0479   0.0274   0.0109   0.0701   0.1218   0.0139   0.0626   0.0926   0.0352   0.0319   0.0194   0.0675   0.0501   0.0126    0.058   0.0858   0.1767   0.0066   0.0108   0.0572   0.0302   0.0115   0.0975
  snr   -12.09
    H     5.09
 exon    False