>data-XVI-cerevisiae-intergenic-47
N: 529
Methods: voss, eiip, qpsk, mem, alg1, alg2

M: voss
 freq      0.0   0.0019   0.0038   0.0057   0.0076   0.0095   0.0113   0.0132   0.0151    0.017   0.0189   0.0208   0.0227   0.0246   0.0265   0.0284   0.0302   0.0321    0.034   0.0359   0.0378   0.0397   0.0416   0.0435   0.0454   0.0473   0.0491    0.051   0.0529   0.0548   0.0567   0.0586   0.0605   0.0624   0.0643   0.0662   0.0681   0.0699   0.0718   0.0737   0.0756   0.0775   0.0794   0.0813   0.0832   0.0851    0.087   0.0888   0.0907   0.0926   0.0945   0.0964   0.0983   0.1002   0.1021    0.104   0.1059   0.1078   0.1096   0.1115   0.1134   0.1153   0.1172   0.1191    0.121   0.1229   0.1248   0.1267   0.1285   0.1304   0.1323   0.1342   0.1361    0.138   0.1399   0.1418   0.1437   0.1456   0.1474   0.1493   0.1512   0.1531    0.155   0.1569   0.1588   0.1607   0.1626   0.1645   0.1664   0.1682   0.1701    0.172   0.1739   0.1758   0.1777   0.1796   0.1815   0.1834   0.1853   0.1871    0.189   0.1909   0.1928   0.1947   0.1966   0.1985   0.2004   0.2023   0.2042    0.206   0.2079   0.2098   0.2117   0.2136   0.2155   0.2174   0.2193   0.2212   0.2231    0.225   0.2268   0.2287   0.2306   0.2325   0.2344   0.2363   0.2382   0.2401    0.242   0.2439   0.2457   0.2476   0.2495   0.2514   0.2533   0.2552   0.2571    0.259   0.2609   0.2628   0.2647   0.2665   0.2684   0.2703   0.2722   0.2741    0.276   0.2779   0.2798   0.2817   0.2836   0.2854   0.2873   0.2892   0.2911    0.293   0.2949   0.2968   0.2987   0.3006   0.3025   0.3043   0.3062   0.3081     0.31   0.3119   0.3138   0.3157   0.3176   0.3195   0.3214   0.3233   0.3251    0.327   0.3289   0.3308   0.3327   0.3346   0.3365   0.3384   0.3403   0.3422    0.344   0.3459   0.3478   0.3497   0.3516   0.3535   0.3554   0.3573   0.3592   0.3611   0.3629   0.3648   0.3667   0.3686   0.3705   0.3724   0.3743   0.3762   0.3781     0.38   0.3819   0.3837   0.3856   0.3875   0.3894   0.3913   0.3932   0.3951    0.397   0.3989   0.4008   0.4026   0.4045   0.4064   0.4083   0.4102   0.4121    0.414   0.4159   0.4178   0.4197   0.4216   0.4234   0.4253   0.4272   0.4291    0.431   0.4329   0.4348   0.4367   0.4386   0.4405   0.4423   0.4442   0.4461    0.448   0.4499   0.4518   0.4537   0.4556   0.4575   0.4594   0.4612   0.4631    0.465   0.4669   0.4688   0.4707   0.4726   0.4745   0.4764   0.4783   0.4802    0.482   0.4839   0.4858   0.4877   0.4896   0.4915   0.4934   0.4953   0.4972   0.4991
    S      0.0   0.0604      1.0   0.4421   0.0631   0.4226    0.185   0.2576   0.2673   0.1582    0.119   0.3638   0.2119    0.206     0.17   0.4926   0.1417    0.052   0.2648   0.4201   0.1518   0.1215   0.3431   0.2249    0.067   0.2815   0.3576   0.1724   0.0623    0.156   0.3089    0.237   0.0696   0.1389   0.1997   0.1508   0.1063   0.1702    0.169   0.1214   0.1219   0.4479   0.2107   0.8393   0.3124   0.6472   0.1127   0.1398   0.3292   0.2416   0.0733   0.2144   0.0778   0.1002   0.1635   0.0647   0.2722   0.2379   0.2375   0.3497   0.2834   0.1713    0.091   0.0497   0.1155   0.3079   0.1964   0.0584   0.1933   0.2155   0.1957   0.1919   0.0557   0.2707    0.125   0.1465   0.0804   0.1358   0.2769   0.2438   0.1577   0.2221   0.2309   0.0664   0.1693   0.1203   0.1732   0.1144   0.1905   0.3645   0.1554   0.1583   0.1946   0.0571   0.2395   0.1388   0.0636    0.193   0.0892    0.162   0.1651   0.1486   0.1813   0.3877   0.1221   0.3845   0.1232   0.2793   0.2817   0.0603   0.1561   0.2446   0.1724   0.2122   0.2492   0.0715   0.2332   0.1309   0.6121   0.1793   0.3738   0.2667    0.074   0.3288   0.1577    0.068   0.1326   0.0395   0.1406   0.0592   0.1807   0.1424   0.1789   0.1415   0.4774   0.1353   0.2315   0.1328   0.1268    0.051   0.2859   0.1893   0.3046   0.0445   0.2522   0.0582   0.2401   0.2588   0.0752   0.1418   0.1817   0.3643    0.075   0.1548   0.1897   0.1575   0.3126   0.1046   0.0837   0.2644   0.2291   0.1001   0.0941   0.1334   0.1024   0.1171   0.1768   0.1416   0.0928   0.1719   0.1285   0.2402   0.0665   0.0558   0.2724   0.1409   0.1653   0.1053   0.3198   0.2187   0.1115    0.091   0.0556     0.26   0.1327   0.1355   0.1474    0.351   0.1607    0.157   0.2221   0.1216   0.0756   0.2168   0.0697   0.1802   0.2791   0.1849   0.2249   0.1172   0.2029   0.1961   0.0663   0.2254   0.1257   0.1391   0.1358   0.3878   0.0773   0.0349   0.3106   0.1717   0.1877   0.4683   0.2762   0.2176    0.159    0.101   0.2232    0.094   0.1799   0.2567   0.1425   0.0603   0.2676   0.0892   0.1322   0.2454   0.2239   0.1021   0.1144   0.0858   0.1685   0.3928   0.1175   0.0504    0.266   0.1598   0.3426   0.1091   0.1604   0.2632   0.1729    0.182   0.3932   0.2894   0.1213   0.1474   0.2539   0.1666   0.3791   0.1081    0.127    0.099   0.0595   0.2898   0.1043    0.204   0.0683   0.1769   0.3043   0.0856   0.1036   0.3081   0.2043
  snr   -16.97
    H     5.41
 exon    False

M: eiip
 freq      0.0   0.0019   0.0038   0.0057   0.0076   0.0095   0.0113   0.0132   0.0151    0.017   0.0189   0.0208   0.0227   0.0246   0.0265   0.0284   0.0302   0.0321    0.034   0.0359   0.0378   0.0397   0.0416   0.0435   0.0454   0.0473   0.0491    0.051   0.0529   0.0548   0.0567   0.0586   0.0605   0.0624   0.0643   0.0662   0.0681   0.0699   0.0718   0.0737   0.0756   0.0775   0.0794   0.0813   0.0832   0.0851    0.087   0.0888   0.0907   0.0926   0.0945   0.0964   0.0983   0.1002   0.1021    0.104   0.1059   0.1078   0.1096   0.1115   0.1134   0.1153   0.1172   0.1191    0.121   0.1229   0.1248   0.1267   0.1285   0.1304   0.1323   0.1342   0.1361    0.138   0.1399   0.1418   0.1437   0.1456   0.1474   0.1493   0.1512   0.1531    0.155   0.1569   0.1588   0.1607   0.1626   0.1645   0.1664   0.1682   0.1701    0.172   0.1739   0.1758   0.1777   0.1796   0.1815   0.1834   0.1853   0.1871    0.189   0.1909   0.1928   0.1947   0.1966   0.1985   0.2004   0.2023   0.2042    0.206   0.2079   0.2098   0.2117   0.2136   0.2155   0.2174   0.2193   0.2212   0.2231    0.225   0.2268   0.2287   0.2306   0.2325   0.2344   0.2363   0.2382   0.2401    0.242   0.2439   0.2457   0.2476   0.2495   0.2514   0.2533   0.2552   0.2571    0.259   0.2609   0.2628   0.2647   0.2665   0.2684   0.2703   0.2722   0.2741    0.276   0.2779   0.2798   0.2817   0.2836   0.2854   0.2873   0.2892   0.2911    0.293   0.2949   0.2968   0.2987   0.3006   0.3025   0.3043   0.3062   0.3081     0.31   0.3119   0.3138   0.3157   0.3176   0.3195   0.3214   0.3233   0.3251    0.327   0.3289   0.3308   0.3327   0.3346   0.3365   0.3384   0.3403   0.3422    0.344   0.3459   0.3478   0.3497   0.3516   0.3535   0.3554   0.3573   0.3592   0.3611   0.3629   0.3648   0.3667   0.3686   0.3705   0.3724   0.3743   0.3762   0.3781     0.38   0.3819   0.3837   0.3856   0.3875   0.3894   0.3913   0.3932   0.3951    0.397   0.3989   0.4008   0.4026   0.4045   0.4064   0.4083   0.4102   0.4121    0.414   0.4159   0.4178   0.4197   0.4216   0.4234   0.4253   0.4272   0.4291    0.431   0.4329   0.4348   0.4367   0.4386   0.4405   0.4423   0.4442   0.4461    0.448   0.4499   0.4518   0.4537   0.4556   0.4575   0.4594   0.4612   0.4631    0.465   0.4669   0.4688   0.4707   0.4726   0.4745   0.4764   0.4783   0.4802    0.482   0.4839   0.4858   0.4877   0.4896   0.4915   0.4934   0.4953   0.4972   0.4991
    S      0.0   0.0413   0.3696   0.3341   0.0127   0.1751   0.2757    0.008   0.0194   0.2272   0.0223   0.5042   0.2592    0.344   0.0486   0.2551   0.0262   0.0804   0.2277   0.2204    0.066   0.2704   0.2724   0.1587   0.1724   0.2267   0.2802   0.0314   0.0026   0.1168   0.2791   0.0228   0.0872   0.2602   0.6087   0.2163   0.1236   0.3489   0.0426   0.0577   0.0527   0.3956   0.0749   0.0123    0.205   0.2932    0.141   0.3794   0.7076   0.1597   0.0269   0.4595    0.152   0.0602   0.1661   0.0783   0.0072   0.2228   0.3105   0.1264   0.6389   0.0349   0.2479   0.0234   0.0602   0.1886   0.0702   0.0616   0.2079   0.0395   0.0873   0.0263   0.0583   0.2317   0.1007   0.0091   0.1119   0.3722   0.2664   0.0234   0.4174   0.4605   0.2482   0.0789   0.3698   0.0641   0.0791   0.0513   0.0344   0.0762   0.0154   0.1831   0.1464   0.0947   0.1253   0.0211   0.0174   0.2843   0.0986    0.102   0.1496   0.0912   0.2196   0.3917   0.0175   0.1524   0.1686   0.5872   0.2413   0.0182   0.0708   0.2579   0.4092    0.036   0.0226   0.1913   0.2882   0.2925      1.0   0.0444   0.4498   0.0444   0.0462   0.5348   0.0073    0.031   0.3357   0.0475   0.0446   0.1254   0.1695   0.3114   0.2154   0.4218    0.219   0.0093   0.4682   0.2237   0.1476     0.01   0.0324   0.2383   0.8372   0.0975   0.2084   0.0105   0.2047   0.0577   0.2077    0.133    0.279   0.7631   0.0628   0.0667   0.2885   0.2875   0.0352   0.0875   0.2312   0.6669   0.0684   0.1823   0.1936   0.0962   0.0399   0.0594   0.1532   0.2747   0.0854   0.2476   0.0743   0.4326   0.0482   0.1045   0.5019   0.0844   0.2666   0.0173    0.547   0.4911   0.0158   0.1233    0.047   0.0764   0.0441   0.0738    0.068   0.7304   0.0005   0.3287   0.5797   0.0164   0.0549   0.5453   0.0991   0.1576   0.0527   0.0385   0.2323   0.0982   0.0944   0.0018   0.0104   0.0239   0.0355    0.112   0.1254   0.4876   0.0321   0.0201   0.0977    0.063    0.012   0.1846    0.129   0.3343   0.2481   0.0185   0.1322   0.0502    0.126   0.0142   0.2996   0.0101   0.1998   0.1014   0.2535   0.4852   0.4549   0.0071   0.0998   0.0337   0.2164   0.6016   0.0393   0.0222   0.0018   0.2586   0.2462   0.0405   0.0786   0.2617   0.2563   0.3588   0.1221   0.1804   0.0552   0.0861   0.2545   0.2836   0.1406   0.0462   0.2935   0.1395   0.0015   0.0483   0.1067   0.2918   0.0933   0.1247   0.0339   0.2441     0.19   0.0881   0.1502
  snr   -16.65
    H     5.17
 exon    False

M: qpsk
 freq      0.0   0.0019   0.0038   0.0057   0.0076   0.0095   0.0113   0.0132   0.0151    0.017   0.0189   0.0208   0.0227   0.0246   0.0265   0.0284   0.0302   0.0321    0.034   0.0359   0.0378   0.0397   0.0416   0.0435   0.0454   0.0473   0.0491    0.051   0.0529   0.0548   0.0567   0.0586   0.0605   0.0624   0.0643   0.0662   0.0681   0.0699   0.0718   0.0737   0.0756   0.0775   0.0794   0.0813   0.0832   0.0851    0.087   0.0888   0.0907   0.0926   0.0945   0.0964   0.0983   0.1002   0.1021    0.104   0.1059   0.1078   0.1096   0.1115   0.1134   0.1153   0.1172   0.1191    0.121   0.1229   0.1248   0.1267   0.1285   0.1304   0.1323   0.1342   0.1361    0.138   0.1399   0.1418   0.1437   0.1456   0.1474   0.1493   0.1512   0.1531    0.155   0.1569   0.1588   0.1607   0.1626   0.1645   0.1664   0.1682   0.1701    0.172   0.1739   0.1758   0.1777   0.1796   0.1815   0.1834   0.1853   0.1871    0.189   0.1909   0.1928   0.1947   0.1966   0.1985   0.2004   0.2023   0.2042    0.206   0.2079   0.2098   0.2117   0.2136   0.2155   0.2174   0.2193   0.2212   0.2231    0.225   0.2268   0.2287   0.2306   0.2325   0.2344   0.2363   0.2382   0.2401    0.242   0.2439   0.2457   0.2476   0.2495   0.2514   0.2533   0.2552   0.2571    0.259   0.2609   0.2628   0.2647   0.2665   0.2684   0.2703   0.2722   0.2741    0.276   0.2779   0.2798   0.2817   0.2836   0.2854   0.2873   0.2892   0.2911    0.293   0.2949   0.2968   0.2987   0.3006   0.3025   0.3043   0.3062   0.3081     0.31   0.3119   0.3138   0.3157   0.3176   0.3195   0.3214   0.3233   0.3251    0.327   0.3289   0.3308   0.3327   0.3346   0.3365   0.3384   0.3403   0.3422    0.344   0.3459   0.3478   0.3497   0.3516   0.3535   0.3554   0.3573   0.3592   0.3611   0.3629   0.3648   0.3667   0.3686   0.3705   0.3724   0.3743   0.3762   0.3781     0.38   0.3819   0.3837   0.3856   0.3875   0.3894   0.3913   0.3932   0.3951    0.397   0.3989   0.4008   0.4026   0.4045   0.4064   0.4083   0.4102   0.4121    0.414   0.4159   0.4178   0.4197   0.4216   0.4234   0.4253   0.4272   0.4291    0.431   0.4329   0.4348   0.4367   0.4386   0.4405   0.4423   0.4442   0.4461    0.448   0.4499   0.4518   0.4537   0.4556   0.4575   0.4594   0.4612   0.4631    0.465   0.4669   0.4688   0.4707   0.4726   0.4745   0.4764   0.4783   0.4802    0.482   0.4839   0.4858   0.4877   0.4896   0.4915   0.4934   0.4953   0.4972   0.4991
    S      0.0   0.0743      1.0   0.4357   0.0456   0.5025   0.2285   0.1437    0.223   0.1667   0.1589   0.5078   0.1824   0.2543   0.1966   0.6445   0.1098   0.0048   0.1804   0.4237   0.1808   0.0447   0.3685   0.1692   0.0617   0.3024   0.3712   0.1589   0.0627   0.1341   0.0488   0.0644    0.089   0.1728   0.2424    0.031   0.0484   0.1958   0.1395   0.1045   0.1056   0.6181   0.2313   0.3774   0.2413   0.6313   0.0723   0.1607   0.2224   0.1499   0.0714   0.2982   0.1133    0.075   0.1969   0.0188   0.3647    0.219   0.3051   0.2399   0.4122   0.1423   0.0646   0.0319   0.0915   0.3587   0.2846   0.0844   0.1658   0.1144   0.2515   0.1321   0.0612   0.2788   0.1228   0.1333   0.0113   0.0712     0.17   0.0898   0.0678   0.3162   0.0486   0.0322   0.1022   0.1272   0.0987   0.0646   0.0804   0.4943   0.1737   0.1965   0.1887   0.0661   0.1324   0.1949   0.0409   0.0953   0.1272   0.0743   0.1333   0.1507   0.0339    0.395   0.0551   0.4733   0.0483   0.2988   0.1228   0.0685   0.1807   0.3391   0.2393   0.1758   0.2557   0.0351   0.2909   0.1819     0.68   0.2028   0.3489   0.2768   0.0625    0.295    0.216     0.05    0.191   0.0297    0.126   0.0813   0.2132   0.1741   0.2375   0.1459   0.6686   0.0483   0.1634   0.1485   0.1481   0.0581   0.1855   0.1002   0.3037   0.0359   0.2888   0.0564   0.2707   0.2715   0.0624   0.1124   0.2416   0.0908   0.0739   0.1035   0.2737   0.2029   0.2363   0.1266   0.0964   0.1727   0.3303   0.1177   0.1309   0.1745   0.1089   0.1335   0.1526   0.1758   0.0359   0.2117   0.0582   0.2707   0.0899   0.0485   0.3922    0.094   0.1341   0.0875   0.4398   0.2581   0.0782   0.1157   0.0631   0.2311   0.1327   0.1365   0.1387   0.3948   0.2022   0.2056   0.1673   0.1504   0.0656   0.2518   0.0822   0.1589   0.0653   0.2289   0.2279   0.0882   0.2796   0.2246   0.0316   0.0875   0.1413   0.0872    0.184   0.0767   0.1072   0.0228   0.4205   0.1425   0.1058   0.5497   0.2664   0.2204   0.1819   0.1144   0.2636   0.0863   0.2301   0.2691   0.2042    0.051    0.291   0.0611   0.0654   0.1704   0.2072   0.1266   0.1536   0.1025   0.1557   0.5105   0.0483   0.0594   0.1722   0.2266   0.3848   0.0464   0.1038   0.2808   0.2189   0.1703   0.5124   0.3502   0.1158    0.165   0.0702   0.2324   0.3348   0.0688   0.1371   0.0698    0.086   0.2425   0.1106   0.1801   0.0328   0.1388    0.328   0.0489   0.0673   0.1948   0.2732
  snr   -16.78
    H     5.34
 exon    False

M: mem
 freq      0.0   0.0019   0.0038   0.0057   0.0076   0.0095   0.0114   0.0133   0.0152    0.017   0.0189   0.0208   0.0227   0.0246   0.0265   0.0284   0.0303   0.0322   0.0341    0.036   0.0379   0.0398   0.0417   0.0436   0.0455   0.0473   0.0492   0.0511    0.053   0.0549   0.0568   0.0587   0.0606   0.0625   0.0644   0.0663   0.0682   0.0701    0.072   0.0739   0.0758   0.0777   0.0795   0.0814   0.0833   0.0852   0.0871    0.089   0.0909   0.0928   0.0947   0.0966   0.0985   0.1004   0.1023   0.1042   0.1061    0.108   0.1098   0.1117   0.1136   0.1155   0.1174   0.1193   0.1212   0.1231    0.125   0.1269   0.1288   0.1307   0.1326   0.1345   0.1364   0.1383   0.1402    0.142   0.1439   0.1458   0.1477   0.1496   0.1515   0.1534   0.1553   0.1572   0.1591    0.161   0.1629   0.1648   0.1667   0.1686   0.1705   0.1723   0.1742   0.1761    0.178   0.1799   0.1818   0.1837   0.1856   0.1875   0.1894   0.1913   0.1932   0.1951    0.197   0.1989   0.2008   0.2027   0.2045   0.2064   0.2083   0.2102   0.2121    0.214   0.2159   0.2178   0.2197   0.2216   0.2235   0.2254   0.2273   0.2292   0.2311    0.233   0.2348   0.2367   0.2386   0.2405   0.2424   0.2443   0.2462   0.2481     0.25   0.2519   0.2538   0.2557   0.2576   0.2595   0.2614   0.2633   0.2652    0.267   0.2689   0.2708   0.2727   0.2746   0.2765   0.2784   0.2803   0.2822   0.2841    0.286   0.2879   0.2898   0.2917   0.2936   0.2955   0.2973   0.2992   0.3011    0.303   0.3049   0.3068   0.3087   0.3106   0.3125   0.3144   0.3163   0.3182   0.3201    0.322   0.3239   0.3258   0.3277   0.3295   0.3314   0.3333   0.3352   0.3371    0.339   0.3409   0.3428   0.3447   0.3466   0.3485   0.3504   0.3523   0.3542   0.3561    0.358   0.3598   0.3617   0.3636   0.3655   0.3674   0.3693   0.3712   0.3731    0.375   0.3769   0.3788   0.3807   0.3826   0.3845   0.3864   0.3883   0.3902    0.392   0.3939   0.3958   0.3977   0.3996   0.4015   0.4034   0.4053   0.4072   0.4091    0.411   0.4129   0.4148   0.4167   0.4186   0.4205   0.4223   0.4242   0.4261    0.428   0.4299   0.4318   0.4337   0.4356   0.4375   0.4394   0.4413   0.4432   0.4451    0.447   0.4489   0.4508   0.4527   0.4545   0.4564   0.4583   0.4602   0.4621    0.464   0.4659   0.4678   0.4697   0.4716   0.4735   0.4754   0.4773   0.4792   0.4811    0.483   0.4848   0.4867   0.4886   0.4905   0.4924   0.4943   0.4962   0.4981
    S      0.0   0.0581   0.9828   0.0661   0.0503   0.2525   0.0981   0.2152   0.1953    0.012   0.0119   0.0769   0.0863   0.0598   0.1191   0.2531   0.1894   0.0156   0.2708   0.5374   0.0639    0.023   0.4462   0.1313   0.0089   0.1028   0.3002    0.148   0.0098   0.0765   0.1782   0.3083   0.0622    0.044   0.0419   0.0607   0.0665   0.0254   0.2724   0.1138   0.2004   0.2089   0.1329   0.9328   0.0404      1.0   0.0386    0.055   0.0603   0.1721   0.0247   0.2382   0.0316   0.0439   0.0018   0.0159   0.0138   0.2473   0.2878   0.0788   0.2506   0.2595   0.0127   0.0939   0.0008   0.1691    0.081   0.0174   0.1627    0.117    0.097   0.1001   0.0634   0.1017   0.0266    0.205   0.0585   0.0028   0.0508   0.2146   0.0386   0.1733   0.1092   0.0325   0.0045   0.0364   0.1725   0.1151   0.1403   0.0836   0.1026   0.0582   0.1657   0.0654   0.2448   0.0081   0.0016   0.0362   0.0651   0.0768   0.0101   0.0948   0.2799   0.2395   0.1391   0.1584   0.0175    0.066   0.1279   0.0071   0.3051   0.1273   0.0792   0.1102   0.1309   0.0326   0.0375   0.1975   0.4751   0.0503   0.0607   0.1102   0.0488   0.1011   0.0485   0.0665   0.0388   0.0052   0.1093   0.0649   0.2043   0.2444   0.0512   0.0024   0.3398   0.3342   0.0756   0.2171    0.054   0.0981   0.2655   0.1054   0.0059   0.0293   0.0626   0.0008   0.0339   0.0751   0.0153   0.1252   0.1165   0.0873   0.1273   0.1228   0.3723    0.019   0.4334   0.0567   0.0688   0.0282    0.014   0.0115   0.0344   0.0543   0.0023   0.1813   0.1323   0.0462   0.0014   0.0042   0.1946   0.1364   0.0995   0.0743   0.1359   0.3892   0.0471   0.0129   0.2603   0.0193   0.1141   0.0074   0.0341   0.2166   0.0444   0.0468   0.0287   0.2023   0.1131   0.0527   0.0213   0.0387   0.0211   0.0949   0.0038   0.2779   0.0741   0.2277   0.0798   0.1009    0.121   0.0413   0.0638   0.0582   0.0922   0.1088   0.1364   0.0267   0.0113    0.009   0.0847   0.0329   0.1131   0.0001   0.2352   0.1873   0.0183   0.0336   0.1486    0.053   0.1285   0.2619    0.116   0.0343    0.012   0.0255   0.0202   0.0061   0.1091   0.0164   0.0276    0.204   0.1795   0.3566   0.2057   0.0486    0.269   0.0524   0.0154   0.0993   0.0135   0.4517   0.0234   0.0562   0.0599   0.2367   0.0458   0.4076   0.2677   0.0419   0.2557   0.0573   0.0521   0.0506   0.1159   0.1384   0.1826   0.1597   0.0524   0.2011   0.0451    0.011   0.2703   0.2174
  snr   -14.86
    H      5.1
 exon    False

M: alg1
 freq      0.0   0.0019   0.0038   0.0057   0.0076   0.0095   0.0113   0.0132   0.0151    0.017   0.0189   0.0208   0.0227   0.0246   0.0265   0.0284   0.0302   0.0321    0.034   0.0359   0.0378   0.0397   0.0416   0.0435   0.0454   0.0473   0.0491    0.051   0.0529   0.0548   0.0567   0.0586   0.0605   0.0624   0.0643   0.0662   0.0681   0.0699   0.0718   0.0737   0.0756   0.0775   0.0794   0.0813   0.0832   0.0851    0.087   0.0888   0.0907   0.0926   0.0945   0.0964   0.0983   0.1002   0.1021    0.104   0.1059   0.1078   0.1096   0.1115   0.1134   0.1153   0.1172   0.1191    0.121   0.1229   0.1248   0.1267   0.1285   0.1304   0.1323   0.1342   0.1361    0.138   0.1399   0.1418   0.1437   0.1456   0.1474   0.1493   0.1512   0.1531    0.155   0.1569   0.1588   0.1607   0.1626   0.1645   0.1664   0.1682   0.1701    0.172   0.1739   0.1758   0.1777   0.1796   0.1815   0.1834   0.1853   0.1871    0.189   0.1909   0.1928   0.1947   0.1966   0.1985   0.2004   0.2023   0.2042    0.206   0.2079   0.2098   0.2117   0.2136   0.2155   0.2174   0.2193   0.2212   0.2231    0.225   0.2268   0.2287   0.2306   0.2325   0.2344   0.2363   0.2382   0.2401    0.242   0.2439   0.2457   0.2476   0.2495   0.2514   0.2533   0.2552   0.2571    0.259   0.2609   0.2628   0.2647   0.2665   0.2684   0.2703   0.2722   0.2741    0.276   0.2779   0.2798   0.2817   0.2836   0.2854   0.2873   0.2892   0.2911    0.293   0.2949   0.2968   0.2987   0.3006   0.3025   0.3043   0.3062   0.3081     0.31   0.3119   0.3138   0.3157   0.3176   0.3195   0.3214   0.3233   0.3251    0.327   0.3289   0.3308   0.3327   0.3346   0.3365   0.3384   0.3403   0.3422    0.344   0.3459   0.3478   0.3497   0.3516   0.3535   0.3554   0.3573   0.3592   0.3611   0.3629   0.3648   0.3667   0.3686   0.3705   0.3724   0.3743   0.3762   0.3781     0.38   0.3819   0.3837   0.3856   0.3875   0.3894   0.3913   0.3932   0.3951    0.397   0.3989   0.4008   0.4026   0.4045   0.4064   0.4083   0.4102   0.4121    0.414   0.4159   0.4178   0.4197   0.4216   0.4234   0.4253   0.4272   0.4291    0.431   0.4329   0.4348   0.4367   0.4386   0.4405   0.4423   0.4442   0.4461    0.448   0.4499   0.4518   0.4537   0.4556   0.4575   0.4594   0.4612   0.4631    0.465   0.4669   0.4688   0.4707   0.4726   0.4745   0.4764   0.4783   0.4802    0.482   0.4839   0.4858   0.4877   0.4896   0.4915   0.4934   0.4953   0.4972   0.4991
    S      0.0   0.0191      1.0   0.4073   0.0382   0.3494   0.1024   0.2404   0.2654   0.1423   0.0412    0.306   0.1895   0.1989   0.1197   0.4262   0.1085   0.0469   0.2278   0.3739   0.1456   0.1111   0.3029   0.1504   0.0619   0.2651    0.141   0.1688   0.0564   0.0598    0.295   0.1713   0.0558   0.0586    0.184   0.1282   0.0992   0.1411   0.1247   0.1114   0.0535   0.3587    0.176   0.7061   0.2534    0.308   0.0807   0.1224   0.2435   0.2305   0.0664   0.1276    0.074   0.0965   0.1168   0.0492   0.1427   0.1119   0.1499   0.3015   0.1715   0.1048   0.0804   0.0306   0.0879   0.2834   0.0438   0.0373   0.1093   0.1977   0.0978   0.1898   0.0242   0.0986   0.0652   0.0262   0.0689   0.1272   0.2173   0.2304   0.1514   0.2016   0.2248   0.0533   0.1403    0.101   0.0857   0.1119   0.1721   0.2438   0.0346   0.0911    0.179   0.0276   0.1666   0.0525   0.0614   0.1335   0.0141   0.1292   0.1286   0.0465   0.1561    0.313   0.0658   0.3604   0.1168   0.2445    0.272   0.0364   0.0274   0.1928   0.1742   0.2117   0.1373   0.0671   0.2363    0.102   0.5675   0.1094    0.178   0.2595   0.0529   0.2262   0.0779   0.0602   0.0816   0.0381   0.0422   0.0526   0.0944   0.1354   0.1401   0.1149   0.0728   0.0998   0.2163   0.0997   0.0564   0.0257   0.1242   0.1524   0.2568   0.0321   0.1569   0.0291   0.2016   0.2077    0.061   0.0785   0.1216   0.3457   0.0286   0.1335   0.0496   0.0607   0.1273   0.0274   0.0599    0.234   0.1522   0.0819   0.0571   0.0984    0.066   0.0453    0.137    0.129   0.0865   0.1389   0.1092   0.1232   0.0194    0.046   0.2039   0.0667   0.1669   0.0406    0.237   0.1596   0.0764   0.0792   0.0189   0.2029   0.0726   0.0688   0.1322   0.2008   0.1004   0.1162   0.2186   0.1079   0.0353   0.1285   0.0667    0.172   0.1741   0.0163   0.0905   0.0781   0.0621   0.0484   0.0529   0.1914   0.0239   0.0903   0.0788   0.3717   0.0416   0.0145   0.1471   0.0956   0.1742   0.4085   0.2676   0.1139   0.0826   0.0639   0.1222   0.0539   0.1019   0.0702   0.1425    0.057   0.1537   0.0801   0.1206   0.1912   0.1407   0.0037   0.0851   0.0567   0.0751   0.2384   0.0662    0.037   0.2005   0.1497   0.1787   0.0582   0.1441   0.0908   0.0586   0.1558   0.1436   0.0898   0.1138   0.0388   0.1713   0.0848   0.1112   0.1027   0.0764   0.0815   0.0206    0.188    0.065   0.1546   0.0634   0.1053   0.0783   0.0823    0.101   0.1305   0.0676
  snr   -15.39
    H     5.33
 exon    False

M: alg2
 freq      0.0   0.0019   0.0038   0.0057   0.0076   0.0095   0.0113   0.0132   0.0151    0.017   0.0189   0.0208   0.0227   0.0246   0.0265   0.0284   0.0302   0.0321    0.034   0.0359   0.0378   0.0397   0.0416   0.0435   0.0454   0.0473   0.0491    0.051   0.0529   0.0548   0.0567   0.0586   0.0605   0.0624   0.0643   0.0662   0.0681   0.0699   0.0718   0.0737   0.0756   0.0775   0.0794   0.0813   0.0832   0.0851    0.087   0.0888   0.0907   0.0926   0.0945   0.0964   0.0983   0.1002   0.1021    0.104   0.1059   0.1078   0.1096   0.1115   0.1134   0.1153   0.1172   0.1191    0.121   0.1229   0.1248   0.1267   0.1285   0.1304   0.1323   0.1342   0.1361    0.138   0.1399   0.1418   0.1437   0.1456   0.1474   0.1493   0.1512   0.1531    0.155   0.1569   0.1588   0.1607   0.1626   0.1645   0.1664   0.1682   0.1701    0.172   0.1739   0.1758   0.1777   0.1796   0.1815   0.1834   0.1853   0.1871    0.189   0.1909   0.1928   0.1947   0.1966   0.1985   0.2004   0.2023   0.2042    0.206   0.2079   0.2098   0.2117   0.2136   0.2155   0.2174   0.2193   0.2212   0.2231    0.225   0.2268   0.2287   0.2306   0.2325   0.2344   0.2363   0.2382   0.2401    0.242   0.2439   0.2457   0.2476   0.2495   0.2514   0.2533   0.2552   0.2571    0.259   0.2609   0.2628   0.2647   0.2665   0.2684   0.2703   0.2722   0.2741    0.276   0.2779   0.2798   0.2817   0.2836   0.2854   0.2873   0.2892   0.2911    0.293   0.2949   0.2968   0.2987   0.3006   0.3025   0.3043   0.3062   0.3081     0.31   0.3119   0.3138   0.3157   0.3176   0.3195   0.3214   0.3233   0.3251    0.327   0.3289   0.3308   0.3327   0.3346   0.3365   0.3384   0.3403   0.3422    0.344   0.3459   0.3478   0.3497   0.3516   0.3535   0.3554   0.3573   0.3592   0.3611   0.3629   0.3648   0.3667   0.3686   0.3705   0.3724   0.3743   0.3762   0.3781     0.38   0.3819   0.3837   0.3856   0.3875   0.3894   0.3913   0.3932   0.3951    0.397   0.3989   0.4008   0.4026   0.4045   0.4064   0.4083   0.4102   0.4121    0.414   0.4159   0.4178   0.4197   0.4216   0.4234   0.4253   0.4272   0.4291    0.431   0.4329   0.4348   0.4367   0.4386   0.4405   0.4423   0.4442   0.4461    0.448   0.4499   0.4518   0.4537   0.4556   0.4575   0.4594   0.4612   0.4631    0.465   0.4669   0.4688   0.4707   0.4726   0.4745   0.4764   0.4783   0.4802    0.482   0.4839   0.4858   0.4877   0.4896   0.4915   0.4934   0.4953   0.4972   0.4991
    S      0.0   0.0156      1.0   0.2524   0.0271   0.3181   0.0337   0.2078   0.2515   0.0564   0.0201   0.1798   0.1098   0.1149   0.1126   0.3724   0.1179    0.007   0.1734   0.3924    0.118   0.0054   0.3111   0.0935   0.0115   0.1822   0.1073   0.1637    0.047    0.009   0.1365   0.1336   0.0549   0.0003   0.0404   0.0206    0.052   0.0351    0.136    0.107   0.0563   0.2488   0.1253   0.6736   0.1466   0.3934   0.0268   0.0328    0.016   0.1625   0.0495   0.0847   0.0492   0.0678   0.0551   0.0075    0.102   0.0604   0.1589   0.1903   0.1066   0.1197   0.0026   0.0269   0.0447   0.2479   0.0181   0.0268   0.0427    0.149   0.0425   0.1745   0.0108   0.0215   0.0077   0.0333   0.0147    0.001   0.0829   0.1857   0.0018   0.1537   0.0909   0.0275   0.0117   0.0634   0.0541   0.0794   0.1466   0.1819   0.0319   0.0246   0.1681   0.0133   0.0978   0.0303   0.0453   0.0045   0.0128   0.0683   0.0521   0.0062   0.0405   0.2843   0.0489   0.2924    0.046   0.0842   0.1563   0.0196   0.0379   0.1464   0.1019   0.1994   0.0909   0.0017   0.1648   0.0713   0.4118    0.066   0.0206   0.2263   0.0236   0.0147   0.0513   0.0565   0.0409   0.0196   0.0367   0.0379   0.1123   0.0814   0.1246   0.0065   0.0654   0.0826   0.0447   0.0696   0.0543   0.0132   0.1339   0.0488    0.032   0.0046   0.0786   0.0182   0.1188   0.1479   0.0024   0.0201   0.1184   0.0352    0.002   0.1249   0.0378   0.0156   0.1583   0.0008   0.0083   0.0113   0.1067   0.0226   0.0322   0.0617   0.0371   0.0236   0.1203   0.0398   0.0382   0.0481   0.0706   0.0477   0.0034   0.0047   0.1553    0.047   0.0824   0.0258   0.2051   0.0252    0.075   0.0453   0.0031   0.1517   0.0723   0.0313   0.0909   0.0197   0.0749   0.0809   0.0308   0.0923   0.0285   0.0036   0.0477   0.1282   0.1135    0.001   0.0221    0.055   0.0184    0.033    0.037   0.1477   0.0333   0.0331   0.0542   0.1194    0.019   0.0019    0.076   0.0625   0.1471   0.2982   0.2673   0.0148   0.0167   0.0411   0.1053   0.0251   0.0768   0.0723   0.0914   0.0556   0.0626   0.0327   0.0314   0.0233   0.0053   0.0018   0.0641   0.0532   0.0312   0.2043   0.0376   0.0346   0.1905   0.0889   0.0827   0.0237    0.086   0.0453   0.0205   0.0603   0.0587   0.1043   0.0895   0.0432   0.0253   0.0764   0.0043   0.0888   0.0156   0.0228   0.0124   0.1989    0.034   0.1048   0.0212    0.027   0.0546   0.0013    0.038   0.1004   0.0226
  snr   -13.24
    H     5.08
 exon    False