>data-XVI-cerevisiae-intergenic-365
N: 249
Methods: voss, eiip, qpsk, mem, tbpse, snrse

M: voss
 freq      0.0    0.004    0.008    0.012   0.0161   0.0201   0.0241   0.0281   0.0321   0.0361   0.0402   0.0442   0.0482   0.0522   0.0562   0.0602   0.0643   0.0683   0.0723   0.0763   0.0803   0.0843   0.0884   0.0924   0.0964   0.1004   0.1044   0.1084   0.1124   0.1165   0.1205   0.1245   0.1285   0.1325   0.1365   0.1406   0.1446   0.1486   0.1526   0.1566   0.1606   0.1647   0.1687   0.1727   0.1767   0.1807   0.1847   0.1888   0.1928   0.1968   0.2008   0.2048   0.2088   0.2129   0.2169   0.2209   0.2249   0.2289   0.2329   0.2369    0.241    0.245    0.249    0.253    0.257    0.261   0.2651   0.2691   0.2731   0.2771   0.2811   0.2851   0.2892   0.2932   0.2972   0.3012   0.3052   0.3092   0.3133   0.3173   0.3213   0.3253   0.3293   0.3333   0.3373   0.3414   0.3454   0.3494   0.3534   0.3574   0.3614   0.3655   0.3695   0.3735   0.3775   0.3815   0.3855   0.3896   0.3936   0.3976   0.4016   0.4056   0.4096   0.4137   0.4177   0.4217   0.4257   0.4297   0.4337   0.4378   0.4418   0.4458   0.4498   0.4538   0.4578   0.4618   0.4659   0.4699   0.4739   0.4779   0.4819   0.4859     0.49    0.494    0.498
    S      0.0   0.4196   0.3188   0.6254   0.1494   0.2493   0.2128      1.0   0.3283   0.0683    0.512     0.31   0.2204   0.2235   0.0905   0.2464   0.1431   0.4011    0.297   0.3184   0.2159   0.6242   0.1919    0.216   0.1211    0.089   0.5686   0.2842   0.1363   0.1728   0.0704   0.2561   0.4733   0.6343   0.2929   0.3645   0.1976   0.4934   0.2016   0.1637   0.2942   0.5355   0.3997   0.2474   0.0829   0.2761   0.0621   0.3443   0.3778   0.2209   0.3283    0.203   0.2092   0.1901   0.3496   0.2363   0.2032   0.2896   0.3313   0.3961   0.0895   0.3237    0.364   0.2365   0.3437   0.5237   0.2815   0.3734   0.3707   0.5848   0.1452   0.1682   0.2708   0.3453    0.335   0.3494   0.4642      0.3   0.1986   0.0767   0.2241   0.1521   0.1038   0.4317   0.3843   0.1113   0.0875   0.0545   0.0952   0.2741   0.2831   0.1104   0.3725   0.0816   0.0465    0.139   0.0522   0.1887   0.2751   0.0707   0.2384   0.3336   0.1849   0.1866   0.3238   0.4782   0.6188   0.4041   0.0949   0.1493   0.3736   0.1669   0.2021   0.1327   0.1085   0.1301   0.3422    0.393   0.2351   0.1433   0.1744     0.27   0.2649   0.4592   0.4106
  snr   -15.18
    H     4.67
 exon    False

M: eiip
 freq      0.0    0.004    0.008    0.012   0.0161   0.0201   0.0241   0.0281   0.0321   0.0361   0.0402   0.0442   0.0482   0.0522   0.0562   0.0602   0.0643   0.0683   0.0723   0.0763   0.0803   0.0843   0.0884   0.0924   0.0964   0.1004   0.1044   0.1084   0.1124   0.1165   0.1205   0.1245   0.1285   0.1325   0.1365   0.1406   0.1446   0.1486   0.1526   0.1566   0.1606   0.1647   0.1687   0.1727   0.1767   0.1807   0.1847   0.1888   0.1928   0.1968   0.2008   0.2048   0.2088   0.2129   0.2169   0.2209   0.2249   0.2289   0.2329   0.2369    0.241    0.245    0.249    0.253    0.257    0.261   0.2651   0.2691   0.2731   0.2771   0.2811   0.2851   0.2892   0.2932   0.2972   0.3012   0.3052   0.3092   0.3133   0.3173   0.3213   0.3253   0.3293   0.3333   0.3373   0.3414   0.3454   0.3494   0.3534   0.3574   0.3614   0.3655   0.3695   0.3735   0.3775   0.3815   0.3855   0.3896   0.3936   0.3976   0.4016   0.4056   0.4096   0.4137   0.4177   0.4217   0.4257   0.4297   0.4337   0.4378   0.4418   0.4458   0.4498   0.4538   0.4578   0.4618   0.4659   0.4699   0.4739   0.4779   0.4819   0.4859     0.49    0.494    0.498
    S      0.0   0.2318   0.4748     0.15   0.3216   0.0857    0.117   0.0336   0.2587   0.0125   0.1481   0.7087   0.5011   0.1808   0.2162   0.0124    0.189   0.3081   0.4606   0.2732   0.4313   0.3185   0.0348   0.1719   0.0866   0.2402   0.2327   0.2117   0.1151   0.1375   0.0779   0.1051   0.8099   0.2505   0.1915   0.3437   0.3088   0.5623   0.3438   0.0278   0.0118   0.9048   0.1376   0.0974    0.147   0.1055   0.0752   0.5396   0.2522   0.0993   0.2494   0.1013   0.2242   0.0325   0.0041   0.1882    0.005   0.2523   0.1201   0.2461   0.0582   0.1281   0.5894   0.1456   0.0236   0.3524   0.3936   0.6481   0.7629   0.3339   0.3073   0.1988   0.0689   0.2209   0.3382   0.2892   0.0949   0.2894   0.3639   0.1392   0.3377   0.1725   0.0722   0.0921   0.7424   0.1166   0.1942   0.0564   0.0928   0.1108   0.0009   0.0694   0.0707   0.0447   0.0398    0.269   0.1316   0.2575   0.2786   0.1783   0.6316   0.0007   0.0309   0.0638   0.0974   0.9107   0.5673   0.5721   0.0707   0.1174      1.0   0.1452    0.094   0.0446   0.0509   0.0177   0.6161   0.5971   0.5753   0.2106   0.0212   0.1609   0.1435   0.0242    0.615
  snr   -14.61
    H     4.45
 exon    False

M: qpsk
 freq      0.0    0.004    0.008    0.012   0.0161   0.0201   0.0241   0.0281   0.0321   0.0361   0.0402   0.0442   0.0482   0.0522   0.0562   0.0602   0.0643   0.0683   0.0723   0.0763   0.0803   0.0843   0.0884   0.0924   0.0964   0.1004   0.1044   0.1084   0.1124   0.1165   0.1205   0.1245   0.1285   0.1325   0.1365   0.1406   0.1446   0.1486   0.1526   0.1566   0.1606   0.1647   0.1687   0.1727   0.1767   0.1807   0.1847   0.1888   0.1928   0.1968   0.2008   0.2048   0.2088   0.2129   0.2169   0.2209   0.2249   0.2289   0.2329   0.2369    0.241    0.245    0.249    0.253    0.257    0.261   0.2651   0.2691   0.2731   0.2771   0.2811   0.2851   0.2892   0.2932   0.2972   0.3012   0.3052   0.3092   0.3133   0.3173   0.3213   0.3253   0.3293   0.3333   0.3373   0.3414   0.3454   0.3494   0.3534   0.3574   0.3614   0.3655   0.3695   0.3735   0.3775   0.3815   0.3855   0.3896   0.3936   0.3976   0.4016   0.4056   0.4096   0.4137   0.4177   0.4217   0.4257   0.4297   0.4337   0.4378   0.4418   0.4458   0.4498   0.4538   0.4578   0.4618   0.4659   0.4699   0.4739   0.4779   0.4819   0.4859     0.49    0.494    0.498
    S      0.0   0.5821    0.197   0.6043   0.1598   0.3024    0.242   0.7295   0.2547   0.0291   0.6993   0.4212   0.3198   0.2973   0.1063   0.2542    0.195   0.2781   0.4913   0.1703   0.3027   0.6593   0.1692   0.3403   0.1303   0.0752   0.6041   0.4478   0.2012    0.234    0.049   0.3052   0.3553   0.6682   0.1947   0.0902    0.269   0.3427   0.2571    0.105   0.2789   0.7655   0.0957   0.2237   0.1041   0.2047   0.0902   0.4659   0.2866   0.1823   0.3992   0.0389   0.3347    0.317   0.3182   0.3211   0.2477   0.4531   0.1657   0.4814   0.1448   0.3036   0.2025   0.0475   0.2201    0.685    0.431   0.4944   0.5843   0.9689   0.2276   0.1237   0.3402   0.3171   0.5252   0.3461   0.3271   0.3823   0.3325   0.0813   0.1551   0.1431   0.1062   0.6143   0.6223   0.1687   0.0699   0.0642   0.1424   0.2389    0.286    0.095   0.2677   0.1329   0.0517   0.2148   0.0723   0.2247   0.3622   0.0592    0.393   0.2279   0.1291   0.1851   0.5334   0.7358      1.0   0.4857   0.1232   0.1762   0.4055   0.2614   0.1658   0.1695   0.0451   0.1068   0.5339   0.4864    0.258   0.1842   0.2061   0.0798   0.3538    0.255   0.5945
  snr   -15.58
    H     4.61
 exon    False

M: mem
 freq      0.0    0.004   0.0081   0.0121   0.0161   0.0202   0.0242   0.0282   0.0323   0.0363   0.0403   0.0444   0.0484   0.0524   0.0565   0.0605   0.0645   0.0685   0.0726   0.0766   0.0806   0.0847   0.0887   0.0927   0.0968   0.1008   0.1048   0.1089   0.1129   0.1169    0.121    0.125    0.129   0.1331   0.1371   0.1411   0.1452   0.1492   0.1532   0.1573   0.1613   0.1653   0.1694   0.1734   0.1774   0.1815   0.1855   0.1895   0.1935   0.1976   0.2016   0.2056   0.2097   0.2137   0.2177   0.2218   0.2258   0.2298   0.2339   0.2379   0.2419    0.246     0.25    0.254   0.2581   0.2621   0.2661   0.2702   0.2742   0.2782   0.2823   0.2863   0.2903   0.2944   0.2984   0.3024   0.3065   0.3105   0.3145   0.3185   0.3226   0.3266   0.3306   0.3347   0.3387   0.3427   0.3468   0.3508   0.3548   0.3589   0.3629   0.3669    0.371    0.375    0.379   0.3831   0.3871   0.3911   0.3952   0.3992   0.4032   0.4073   0.4113   0.4153   0.4194   0.4234   0.4274   0.4315   0.4355   0.4395   0.4435   0.4476   0.4516   0.4556   0.4597   0.4637   0.4677   0.4718   0.4758   0.4798   0.4839   0.4879   0.4919    0.496
    S      0.0   0.0408   0.0973   0.0006   0.0802   0.0206   0.1188   0.1387   0.0543   0.0263   0.0939    0.145   0.1349   0.0498   0.0127   0.0004   0.0037   0.1321      0.1   0.0101   0.1345   0.0094   0.0523   0.1586   0.1076   0.0261   0.5072   0.1902   0.0095   0.0316   0.0174   0.2131   0.1305   0.3699   0.0499   0.0742   0.0194   0.1792   0.1061   0.0334   0.0021   0.0986   0.1119   0.0479   0.0222   0.0703   0.1229   0.1793   0.1937    0.122   0.2292   0.0323   0.0419   0.2279   0.0417   0.1783   0.0048   0.2078   0.2133     0.12   0.1704   0.1682   0.0187    0.015   0.2267    0.172   0.0426   0.0813   0.0122   0.4145   0.0068   0.0659   0.0118   0.1157    0.055   0.0686   0.0536   0.2832   0.1435   0.0189   0.1326   0.0272   0.0588      1.0   0.0389   0.0065   0.0865   0.0104   0.1312   0.0061     0.05   0.0563   0.0092   0.0991   0.0521   0.0102   0.0558   0.0308   0.1381    0.031   0.1133   0.3096   0.0031    0.195   0.0449   0.0902   0.4936   0.2792   0.0497   0.0494   0.2112   0.0858   0.0525   0.1895    0.039   0.0198   0.3245   0.0288   0.0126     0.05   0.0477   0.2322   0.0494   0.2339
  snr   -10.91
    H     4.32
 exon     True

M: tbpse
 freq      0.0    0.004    0.008    0.012   0.0161   0.0201   0.0241   0.0281   0.0321   0.0361   0.0402   0.0442   0.0482   0.0522   0.0562   0.0602   0.0643   0.0683   0.0723   0.0763   0.0803   0.0843   0.0884   0.0924   0.0964   0.1004   0.1044   0.1084   0.1124   0.1165   0.1205   0.1245   0.1285   0.1325   0.1365   0.1406   0.1446   0.1486   0.1526   0.1566   0.1606   0.1647   0.1687   0.1727   0.1767   0.1807   0.1847   0.1888   0.1928   0.1968   0.2008   0.2048   0.2088   0.2129   0.2169   0.2209   0.2249   0.2289   0.2329   0.2369    0.241    0.245    0.249    0.253    0.257    0.261   0.2651   0.2691   0.2731   0.2771   0.2811   0.2851   0.2892   0.2932   0.2972   0.3012   0.3052   0.3092   0.3133   0.3173   0.3213   0.3253   0.3293   0.3333   0.3373   0.3414   0.3454   0.3494   0.3534   0.3574   0.3614   0.3655   0.3695   0.3735   0.3775   0.3815   0.3855   0.3896   0.3936   0.3976   0.4016   0.4056   0.4096   0.4137   0.4177   0.4217   0.4257   0.4297   0.4337   0.4378   0.4418   0.4458   0.4498   0.4538   0.4578   0.4618   0.4659   0.4699   0.4739   0.4779   0.4819   0.4859     0.49    0.494    0.498
    S      0.0   0.0559   0.1685   0.0044   0.1287   0.0318   0.1949   0.3078    0.074   0.0599   0.2007   0.1998   0.2139   0.0921   0.0144   0.0052   0.0093   0.2425   0.1471   0.0359   0.1955   0.0276   0.0701   0.2645   0.1482    0.024   0.7208   0.4982   0.0201   0.0615    0.062   0.3392   0.2756   0.4338   0.1912   0.2612   0.0259   0.3623   0.1971   0.0333   0.0116   0.2535   0.2724   0.0424   0.0614   0.0848   0.0676   0.3904   0.3963     0.14   0.4399   0.0331   0.1769   0.3466    0.116   0.2967   0.0646   0.3879   0.2717   0.4032   0.1409   0.3734   0.0746   0.0258   0.2987   0.3813   0.1308   0.1637   0.0851   0.6076   0.0206   0.0741   0.0651   0.1204   0.0091   0.0284   0.5562   0.4471   0.2081   0.0444   0.1999   0.1751   0.1795    0.999   0.5311   0.0164   0.0385    0.084   0.1803   0.0906   0.0497   0.1717    0.006   0.1269   0.0104   0.1193   0.0376   0.0318   0.2962   0.0249    0.136   0.4691   0.1538   0.0619   0.3156   0.5859      1.0   0.2879     0.15   0.0749   0.2044   0.2519   0.0115   0.2304   0.0755   0.0387     0.09   0.2081    0.159   0.0131    0.129   0.1509   0.4712   0.0476   0.4678
  snr   -13.55
    H     4.41
 exon    False

M: snrse
 freq      0.0    0.004    0.008    0.012   0.0161   0.0201   0.0241   0.0281   0.0321   0.0361   0.0402   0.0442   0.0482   0.0522   0.0562   0.0602   0.0643   0.0683   0.0723   0.0763   0.0803   0.0843   0.0884   0.0924   0.0964   0.1004   0.1044   0.1084   0.1124   0.1165   0.1205   0.1245   0.1285   0.1325   0.1365   0.1406   0.1446   0.1486   0.1526   0.1566   0.1606   0.1647   0.1687   0.1727   0.1767   0.1807   0.1847   0.1888   0.1928   0.1968   0.2008   0.2048   0.2088   0.2129   0.2169   0.2209   0.2249   0.2289   0.2329   0.2369    0.241    0.245    0.249    0.253    0.257    0.261   0.2651   0.2691   0.2731   0.2771   0.2811   0.2851   0.2892   0.2932   0.2972   0.3012   0.3052   0.3092   0.3133   0.3173   0.3213   0.3253   0.3293   0.3333   0.3373   0.3414   0.3454   0.3494   0.3534   0.3574   0.3614   0.3655   0.3695   0.3735   0.3775   0.3815   0.3855   0.3896   0.3936   0.3976   0.4016   0.4056   0.4096   0.4137   0.4177   0.4217   0.4257   0.4297   0.4337   0.4378   0.4418   0.4458   0.4498   0.4538   0.4578   0.4618   0.4659   0.4699   0.4739   0.4779   0.4819   0.4859     0.49    0.494    0.498
    S      0.0    0.346   0.1763    0.628   0.0199   0.2129   0.1096      1.0   0.2761   0.0529   0.3258   0.0715   0.0037   0.1543   0.0237   0.2548   0.0843   0.2937   0.1093    0.266   0.0313   0.5431    0.198   0.0734   0.0692   0.0198   0.3763   0.0322   0.0973    0.107   0.0168   0.1159    0.211   0.5341   0.1786   0.1951   0.1125   0.2324   0.0624   0.1613   0.3067     0.04   0.3463   0.2466   0.0299   0.2691   0.0083   0.0705   0.1774   0.1898   0.1546   0.2033   0.0622   0.0203   0.3433   0.0092   0.1702   0.0579   0.2179   0.2065   0.0048   0.2299   0.2257   0.2334   0.3164   0.2845    0.033    0.128   0.0654   0.1582    0.053   0.0969   0.2076   0.2423   0.1958     0.27   0.2864   0.1027   0.0333   0.0265   0.0345   0.0649   0.0225   0.0219   0.0233   0.0718   0.0234   0.0034   0.0146   0.2631   0.2776   0.0391   0.3938   0.0122   0.0354   0.0401   0.0068   0.1046   0.0726   0.0166   0.0327   0.2168   0.1607   0.1471   0.0715   0.0352   0.1155   0.0837   0.0106   0.1171   0.0518    0.028   0.1844   0.0017   0.0904   0.1189   0.0942    0.202   0.0372   0.0841   0.1139   0.2013   0.0151    0.527    0.024
  snr   -12.41
    H      4.4
 exon    False