>data-XVI-cerevisiae-intergenic-48
N: 298
Methods: voss, eiip, qpsk, mem, alg1, alg2

M: voss
 freq      0.0   0.0034   0.0067   0.0101   0.0134   0.0168   0.0201   0.0235   0.0268   0.0302   0.0336   0.0369   0.0403   0.0436    0.047   0.0503   0.0537    0.057   0.0604   0.0638   0.0671   0.0705   0.0738   0.0772   0.0805   0.0839   0.0872   0.0906    0.094   0.0973   0.1007    0.104   0.1074   0.1107   0.1141   0.1174   0.1208   0.1242   0.1275   0.1309   0.1342   0.1376   0.1409   0.1443   0.1477    0.151   0.1544   0.1577   0.1611   0.1644   0.1678   0.1711   0.1745   0.1779   0.1812   0.1846   0.1879   0.1913   0.1946    0.198   0.2013   0.2047   0.2081   0.2114   0.2148   0.2181   0.2215   0.2248   0.2282   0.2315   0.2349   0.2383   0.2416    0.245   0.2483   0.2517    0.255   0.2584   0.2617   0.2651   0.2685   0.2718   0.2752   0.2785   0.2819   0.2852   0.2886   0.2919   0.2953   0.2987    0.302   0.3054   0.3087   0.3121   0.3154   0.3188   0.3221   0.3255   0.3289   0.3322   0.3356   0.3389   0.3423   0.3456    0.349   0.3523   0.3557   0.3591   0.3624   0.3658   0.3691   0.3725   0.3758   0.3792   0.3826   0.3859   0.3893   0.3926    0.396   0.3993   0.4027    0.406   0.4094   0.4128   0.4161   0.4195   0.4228   0.4262   0.4295   0.4329   0.4362   0.4396    0.443   0.4463   0.4497    0.453   0.4564   0.4597   0.4631   0.4664   0.4698   0.4732   0.4765   0.4799   0.4832   0.4866   0.4899   0.4933   0.4966
    S      0.0   0.8647   0.6679   0.8074      1.0   0.9163   0.3802   0.6206   0.1972     0.29   0.3879   0.1142   0.1963   0.5948   0.2712   0.2321   0.6217   0.2412   0.1109    0.811   0.2131   0.2816   0.5876   0.2274   0.1343   0.3755   0.4123   0.4042   0.1977   0.4035   0.5582    0.249   0.4465   0.1354   0.3833   0.4232   0.4544   0.1422   0.3448   0.2929   0.2032   0.2439   0.1013    0.079   0.0993   0.2015   0.1768    0.343   0.6351    0.318    0.382   0.1047   0.2079   0.1881   0.3174   0.2293    0.039   0.1175   0.2944   0.2249    0.155   0.3137   0.0888   0.0357   0.6666   0.0873   0.1131   0.1674    0.147   0.1588   0.3214   0.5399   0.1088   0.3034    0.109   0.1613   0.2825   0.2546    0.196   0.6649   0.3671   0.3755   0.6279   0.3546   0.2225   0.4402   0.1349   0.2975   0.2667   0.3711   0.4609   0.3272   0.3941   0.3472   0.2011   0.2877   0.4078   0.4008   0.0853   0.1593   0.2359   0.3995   0.3186   0.1574   0.5465   0.4143   0.1164   0.1921    0.284   0.1265   0.2031   0.2314   0.3451   0.3296   0.1263   0.3758   0.1631   0.3264    0.339   0.1686   0.0905   0.3271   0.4951   0.3907   0.7137   0.1298   0.1659   0.2004   0.1551   0.6679   0.1417   0.2904   0.9601    0.433   0.2651   0.2607   0.4258   0.2612   0.1601   0.2056    0.656   0.1425   0.6112   0.5639   0.1287   0.2955   0.7044   0.1429   0.8346
  snr   -16.73
    H     4.82
 exon    False

M: eiip
 freq      0.0   0.0034   0.0067   0.0101   0.0134   0.0168   0.0201   0.0235   0.0268   0.0302   0.0336   0.0369   0.0403   0.0436    0.047   0.0503   0.0537    0.057   0.0604   0.0638   0.0671   0.0705   0.0738   0.0772   0.0805   0.0839   0.0872   0.0906    0.094   0.0973   0.1007    0.104   0.1074   0.1107   0.1141   0.1174   0.1208   0.1242   0.1275   0.1309   0.1342   0.1376   0.1409   0.1443   0.1477    0.151   0.1544   0.1577   0.1611   0.1644   0.1678   0.1711   0.1745   0.1779   0.1812   0.1846   0.1879   0.1913   0.1946    0.198   0.2013   0.2047   0.2081   0.2114   0.2148   0.2181   0.2215   0.2248   0.2282   0.2315   0.2349   0.2383   0.2416    0.245   0.2483   0.2517    0.255   0.2584   0.2617   0.2651   0.2685   0.2718   0.2752   0.2785   0.2819   0.2852   0.2886   0.2919   0.2953   0.2987    0.302   0.3054   0.3087   0.3121   0.3154   0.3188   0.3221   0.3255   0.3289   0.3322   0.3356   0.3389   0.3423   0.3456    0.349   0.3523   0.3557   0.3591   0.3624   0.3658   0.3691   0.3725   0.3758   0.3792   0.3826   0.3859   0.3893   0.3926    0.396   0.3993   0.4027    0.406   0.4094   0.4128   0.4161   0.4195   0.4228   0.4262   0.4295   0.4329   0.4362   0.4396    0.443   0.4463   0.4497    0.453   0.4564   0.4597   0.4631   0.4664   0.4698   0.4732   0.4765   0.4799   0.4832   0.4866   0.4899   0.4933   0.4966
    S      0.0   0.0577   0.5242   0.1722   0.4378      1.0   0.2802   0.2871   0.2448   0.0223   0.0891   0.0158   0.1031   0.3284   0.2138   0.0267   0.0151   0.0994   0.0027    0.185   0.0072   0.0142   0.0442   0.0028   0.1193   0.1375   0.0693   0.1367   0.0609   0.1297   0.0569    0.269    0.111   0.1426   0.0775   0.2037   0.2904   0.0045   0.0392   0.0284   0.0426   0.0002   0.0104   0.0119   0.0171   0.1089    0.095   0.0823     0.25   0.0629   0.0557    0.039   0.1142   0.0054   0.0771   0.0065   0.0022    0.105   0.4674   0.1853   0.0131   0.3265   0.1354   0.0164   0.1465   0.0551   0.0291   0.1517   0.0116   0.0554   0.0578    0.054    0.121   0.1753    0.092    0.057    0.449    0.051   0.0854   0.6216   0.2119   0.3241   0.2118   0.2289   0.1627   0.0409   0.0823   0.1709   0.3584   0.1377   0.3616   0.2416   0.0377   0.0652   0.0739   0.2773    0.212   0.3038    0.075   0.0103   0.0014   0.1041   0.0532   0.0952   0.4037   0.2553   0.0049   0.0346   0.1818   0.0511   0.0453   0.0963    0.041   0.1274   0.0695   0.2179   0.0582   0.1285   0.0174   0.0526   0.0192   0.3587   0.3072    0.038   0.1276   0.0317    0.129   0.0752    0.079   0.2111   0.0809   0.1573   0.0218   0.0102   0.0311   0.1781   0.3138   0.0447    0.013    0.004    0.353    0.078     0.28   0.4922   0.1316   0.1522   0.4052   0.1962   0.2465
  snr   -12.94
    H     4.55
 exon    False

M: qpsk
 freq      0.0   0.0034   0.0067   0.0101   0.0134   0.0168   0.0201   0.0235   0.0268   0.0302   0.0336   0.0369   0.0403   0.0436    0.047   0.0503   0.0537    0.057   0.0604   0.0638   0.0671   0.0705   0.0738   0.0772   0.0805   0.0839   0.0872   0.0906    0.094   0.0973   0.1007    0.104   0.1074   0.1107   0.1141   0.1174   0.1208   0.1242   0.1275   0.1309   0.1342   0.1376   0.1409   0.1443   0.1477    0.151   0.1544   0.1577   0.1611   0.1644   0.1678   0.1711   0.1745   0.1779   0.1812   0.1846   0.1879   0.1913   0.1946    0.198   0.2013   0.2047   0.2081   0.2114   0.2148   0.2181   0.2215   0.2248   0.2282   0.2315   0.2349   0.2383   0.2416    0.245   0.2483   0.2517    0.255   0.2584   0.2617   0.2651   0.2685   0.2718   0.2752   0.2785   0.2819   0.2852   0.2886   0.2919   0.2953   0.2987    0.302   0.3054   0.3087   0.3121   0.3154   0.3188   0.3221   0.3255   0.3289   0.3322   0.3356   0.3389   0.3423   0.3456    0.349   0.3523   0.3557   0.3591   0.3624   0.3658   0.3691   0.3725   0.3758   0.3792   0.3826   0.3859   0.3893   0.3926    0.396   0.3993   0.4027    0.406   0.4094   0.4128   0.4161   0.4195   0.4228   0.4262   0.4295   0.4329   0.4362   0.4396    0.443   0.4463   0.4497    0.453   0.4564   0.4597   0.4631   0.4664   0.4698   0.4732   0.4765   0.4799   0.4832   0.4866   0.4899   0.4933   0.4966
    S      0.0   0.5914   0.8222   0.7099      1.0   0.9052   0.3095   0.2583   0.0781   0.1576   0.4256    0.109    0.095   0.6637   0.3325   0.2253   0.5139   0.1612    0.046   0.6885   0.1076   0.2807   0.4903   0.1182   0.0958   0.4047   0.2628   0.2051   0.1809   0.2245    0.461   0.3222   0.4806   0.1068   0.1587   0.4954   0.5146   0.0499   0.2763   0.0977   0.2025   0.1619   0.0523   0.0529   0.0361   0.1776   0.0944   0.4299   0.6326   0.1824   0.4069   0.0964   0.1031   0.1352   0.3449   0.2523   0.0315   0.0794   0.2939   0.2251   0.1993   0.4001   0.0841    0.045   0.1438   0.1136   0.1187   0.1896   0.1626   0.1435   0.0799   0.2988   0.0756   0.0243   0.0362   0.0211   0.2668    0.211   0.1452   0.6137    0.326   0.4885   0.7729   0.4035   0.1636   0.2504   0.1152   0.3648   0.3082   0.2508   0.4022   0.3265   0.3103   0.2226   0.1628   0.1069   0.2571   0.3335   0.1042   0.1572   0.2196   0.4252    0.412    0.162   0.1551    0.497   0.0821   0.1025   0.3578   0.1301   0.2099   0.1965   0.3667   0.3555   0.1089   0.0202   0.1116   0.2161    0.165   0.1832   0.0997     0.39   0.4363   0.2575    0.681   0.0932    0.055   0.2084   0.1052   0.7324   0.1018   0.2962   0.6159    0.116   0.2314   0.0738   0.3543   0.2831   0.0997   0.2384   0.6401   0.1792   0.6296   0.6973   0.1171   0.3604   0.7749   0.1824   0.4299
  snr   -15.97
    H     4.74
 exon    False

M: mem
 freq      0.0   0.0034   0.0067   0.0101   0.0134   0.0168   0.0201   0.0235   0.0268   0.0302   0.0336   0.0369   0.0403   0.0436    0.047   0.0503   0.0537    0.057   0.0604   0.0638   0.0671   0.0705   0.0738   0.0772   0.0805   0.0839   0.0872   0.0906    0.094   0.0973   0.1007    0.104   0.1074   0.1107   0.1141   0.1174   0.1208   0.1242   0.1275   0.1309   0.1342   0.1376   0.1409   0.1443   0.1477    0.151   0.1544   0.1577   0.1611   0.1644   0.1678   0.1711   0.1745   0.1779   0.1812   0.1846   0.1879   0.1913   0.1946    0.198   0.2013   0.2047   0.2081   0.2114   0.2148   0.2181   0.2215   0.2248   0.2282   0.2315   0.2349   0.2383   0.2416    0.245   0.2483   0.2517    0.255   0.2584   0.2617   0.2651   0.2685   0.2718   0.2752   0.2785   0.2819   0.2852   0.2886   0.2919   0.2953   0.2987    0.302   0.3054   0.3087   0.3121   0.3154   0.3188   0.3221   0.3255   0.3289   0.3322   0.3356   0.3389   0.3423   0.3456    0.349   0.3523   0.3557   0.3591   0.3624   0.3658   0.3691   0.3725   0.3758   0.3792   0.3826   0.3859   0.3893   0.3926    0.396   0.3993   0.4027    0.406   0.4094   0.4128   0.4161   0.4195   0.4228   0.4262   0.4295   0.4329   0.4362   0.4396    0.443   0.4463   0.4497    0.453   0.4564   0.4597   0.4631   0.4664   0.4698   0.4732   0.4765   0.4799   0.4832   0.4866   0.4899   0.4933   0.4966
    S      0.0   0.0684   0.3108   0.2028   0.3099      1.0   0.2405   0.3683   0.1674   0.0593   0.0439    0.033   0.1161   0.1524   0.1218   0.0366   0.0822   0.0202   0.0033   0.1684   0.0049   0.0334   0.0091   0.0031   0.0566   0.1593   0.1267   0.1687   0.0339   0.2054    0.083   0.1778   0.1958    0.057   0.0744   0.1002   0.3065   0.0014   0.0253   0.0273   0.0092   0.0139   0.0014   0.0198   0.0236   0.0706   0.0341   0.0278   0.1718   0.0995   0.1504   0.0336   0.1271   0.0108   0.1115   0.0409   0.0045   0.0761   0.3311   0.1104   0.0316   0.2198   0.1027    0.003   0.1749   0.0365   0.0403   0.1392    0.042   0.0273   0.0557   0.0555   0.0751   0.1116   0.0621   0.0455   0.2782   0.0228   0.0418   0.6571   0.2649   0.1958   0.0878   0.1889   0.1791   0.0694   0.0235   0.2284    0.222   0.0496   0.3329   0.1376   0.0663   0.0134   0.0625   0.2115   0.1681    0.254    0.042   0.0216   0.0283   0.1044   0.0036   0.0872   0.3651   0.2236   0.0055   0.0123   0.1209   0.0135   0.0819   0.1369   0.1186   0.0822   0.0719   0.1683   0.0595   0.1118   0.0056   0.0268   0.0335   0.3086   0.2541   0.0355   0.0186   0.0148   0.0565   0.0234   0.0707   0.1144   0.0669    0.104   0.0439   0.0144   0.0518   0.1332   0.1653   0.0196   0.0346   0.0125   0.1945   0.0169    0.135   0.3404   0.0801   0.0559   0.1608   0.1122   0.3252
  snr   -11.96
    H     4.54
 exon    False

M: alg1
 freq      0.0   0.0034   0.0067   0.0101   0.0134   0.0168   0.0201   0.0235   0.0268   0.0302   0.0336   0.0369   0.0403   0.0436    0.047   0.0503   0.0537    0.057   0.0604   0.0638   0.0671   0.0705   0.0738   0.0772   0.0805   0.0839   0.0872   0.0906    0.094   0.0973   0.1007    0.104   0.1074   0.1107   0.1141   0.1174   0.1208   0.1242   0.1275   0.1309   0.1342   0.1376   0.1409   0.1443   0.1477    0.151   0.1544   0.1577   0.1611   0.1644   0.1678   0.1711   0.1745   0.1779   0.1812   0.1846   0.1879   0.1913   0.1946    0.198   0.2013   0.2047   0.2081   0.2114   0.2148   0.2181   0.2215   0.2248   0.2282   0.2315   0.2349   0.2383   0.2416    0.245   0.2483   0.2517    0.255   0.2584   0.2617   0.2651   0.2685   0.2718   0.2752   0.2785   0.2819   0.2852   0.2886   0.2919   0.2953   0.2987    0.302   0.3054   0.3087   0.3121   0.3154   0.3188   0.3221   0.3255   0.3289   0.3322   0.3356   0.3389   0.3423   0.3456    0.349   0.3523   0.3557   0.3591   0.3624   0.3658   0.3691   0.3725   0.3758   0.3792   0.3826   0.3859   0.3893   0.3926    0.396   0.3993   0.4027    0.406   0.4094   0.4128   0.4161   0.4195   0.4228   0.4262   0.4295   0.4329   0.4362   0.4396    0.443   0.4463   0.4497    0.453   0.4564   0.4597   0.4631   0.4664   0.4698   0.4732   0.4765   0.4799   0.4832   0.4866   0.4899   0.4933   0.4966
    S      0.0      1.0   0.3617   0.9242   0.7707   0.4004   0.2032    0.299   0.0181    0.224   0.2936   0.1178   0.1122   0.4708    0.181   0.2244   0.5269    0.159   0.1067   0.7131   0.2112   0.2236   0.5776   0.2321   0.0462   0.4073   0.3478    0.281   0.1929   0.2362   0.6491   0.1467   0.4449   0.0339   0.2735   0.3515   0.4074   0.1331   0.2704    0.275   0.1553    0.201   0.0911   0.0603   0.0657   0.1723   0.1072   0.2918   0.5482   0.2491   0.3044   0.1103   0.0959    0.156   0.3657   0.2471   0.0435    0.061   0.0443   0.1523   0.1523   0.2185   0.0152   0.0232   0.4422   0.0636   0.1313   0.1237   0.1523    0.112   0.2297   0.5073   0.0225   0.1307    0.031   0.0899   0.0245     0.26   0.1603   0.2961   0.2104   0.2536   0.4773   0.2562   0.1182   0.3769   0.0715   0.2613   0.1007   0.2911   0.2039   0.1809   0.3771   0.3038   0.2002   0.0636   0.2815   0.2147   0.0492   0.1691   0.2144   0.2983    0.251   0.0891   0.1853   0.3478   0.1188   0.1805     0.24   0.1004   0.2094   0.1414   0.2778   0.3198    0.105    0.151   0.1211   0.2604     0.31   0.1183   0.0838   0.1974   0.4127   0.3978   0.6254   0.1029   0.0588   0.1346   0.1062   0.5381   0.0688    0.183   0.8421   0.3909   0.2103   0.0938   0.1756   0.1971   0.1164   0.1723    0.525   0.0911     0.52   0.4436   0.0429   0.2212   0.5416   0.0536   0.5228
  snr   -15.46
    H     4.75
 exon    False

M: alg2
 freq      0.0   0.0034   0.0067   0.0101   0.0134   0.0168   0.0201   0.0235   0.0268   0.0302   0.0336   0.0369   0.0403   0.0436    0.047   0.0503   0.0537    0.057   0.0604   0.0638   0.0671   0.0705   0.0738   0.0772   0.0805   0.0839   0.0872   0.0906    0.094   0.0973   0.1007    0.104   0.1074   0.1107   0.1141   0.1174   0.1208   0.1242   0.1275   0.1309   0.1342   0.1376   0.1409   0.1443   0.1477    0.151   0.1544   0.1577   0.1611   0.1644   0.1678   0.1711   0.1745   0.1779   0.1812   0.1846   0.1879   0.1913   0.1946    0.198   0.2013   0.2047   0.2081   0.2114   0.2148   0.2181   0.2215   0.2248   0.2282   0.2315   0.2349   0.2383   0.2416    0.245   0.2483   0.2517    0.255   0.2584   0.2617   0.2651   0.2685   0.2718   0.2752   0.2785   0.2819   0.2852   0.2886   0.2919   0.2953   0.2987    0.302   0.3054   0.3087   0.3121   0.3154   0.3188   0.3221   0.3255   0.3289   0.3322   0.3356   0.3389   0.3423   0.3456    0.349   0.3523   0.3557   0.3591   0.3624   0.3658   0.3691   0.3725   0.3758   0.3792   0.3826   0.3859   0.3893   0.3926    0.396   0.3993   0.4027    0.406   0.4094   0.4128   0.4161   0.4195   0.4228   0.4262   0.4295   0.4329   0.4362   0.4396    0.443   0.4463   0.4497    0.453   0.4564   0.4597   0.4631   0.4664   0.4698   0.4732   0.4765   0.4799   0.4832   0.4866   0.4899   0.4933   0.4966
    S      0.0   0.0985   0.2642   0.2337   0.3158      1.0   0.2354   0.4417   0.1307   0.1024   0.0712   0.0487   0.1291   0.1015   0.0909   0.0613   0.1839   0.0037   0.0088   0.2151   0.0141   0.0819   0.0417   0.0162    0.035   0.1788   0.1807   0.2029   0.0289    0.272   0.1145   0.1375   0.2636   0.0246   0.0974   0.0794   0.3184   0.0068   0.0584   0.0366   0.0174   0.0458   0.0042   0.0309    0.034   0.0559   0.0148   0.0459   0.1695   0.1369   0.2419   0.0322   0.1448    0.033   0.1393   0.0799   0.0076   0.0628   0.2593   0.0781   0.0606    0.167    0.085   0.0013   0.2215   0.0342   0.0485   0.1318   0.0704   0.0285   0.0728   0.0832   0.0571   0.0898   0.0511    0.047   0.1943   0.0207   0.0298   0.6895   0.3131   0.1503   0.1045   0.1909   0.1925   0.1134   0.0076    0.266   0.1556   0.0273    0.345   0.1074    0.108   0.0113   0.0599   0.1858    0.159   0.2439   0.0306   0.0398   0.0688   0.1504   0.0311   0.0963    0.361   0.2233    0.013   0.0105   0.1038   0.0058   0.1111   0.1756   0.1989   0.0751   0.0753   0.1539   0.0686   0.1146   0.0204   0.0366   0.0488   0.2818   0.2312   0.0522   0.0332   0.0184   0.0289   0.0216   0.0722   0.1326   0.0712   0.1023   0.1379   0.0369   0.0928   0.1215   0.1292   0.0437   0.0615   0.0487   0.1453   0.0046    0.097   0.2706   0.0621   0.0357   0.0841   0.0728   0.4212
  snr    -12.2
    H     4.59
 exon    False