>data-XVI-cerevisiae-intergenic-451
N: 356
Methods: voss, eiip, qpsk, mem, tbpse, snrse

M: voss
 freq      0.0   0.0028   0.0056   0.0084   0.0112    0.014   0.0169   0.0197   0.0225   0.0253   0.0281   0.0309   0.0337   0.0365   0.0393   0.0421   0.0449   0.0478   0.0506   0.0534   0.0562    0.059   0.0618   0.0646   0.0674   0.0702    0.073   0.0758   0.0787   0.0815   0.0843   0.0871   0.0899   0.0927   0.0955   0.0983   0.1011   0.1039   0.1067   0.1096   0.1124   0.1152    0.118   0.1208   0.1236   0.1264   0.1292    0.132   0.1348   0.1376   0.1404   0.1433   0.1461   0.1489   0.1517   0.1545   0.1573   0.1601   0.1629   0.1657   0.1685   0.1713   0.1742    0.177   0.1798   0.1826   0.1854   0.1882    0.191   0.1938   0.1966   0.1994   0.2022   0.2051   0.2079   0.2107   0.2135   0.2163   0.2191   0.2219   0.2247   0.2275   0.2303   0.2331    0.236   0.2388   0.2416   0.2444   0.2472     0.25   0.2528   0.2556   0.2584   0.2612    0.264   0.2669   0.2697   0.2725   0.2753   0.2781   0.2809   0.2837   0.2865   0.2893   0.2921   0.2949   0.2978   0.3006   0.3034   0.3062    0.309   0.3118   0.3146   0.3174   0.3202    0.323   0.3258   0.3287   0.3315   0.3343   0.3371   0.3399   0.3427   0.3455   0.3483   0.3511   0.3539   0.3567   0.3596   0.3624   0.3652    0.368   0.3708   0.3736   0.3764   0.3792    0.382   0.3848   0.3876   0.3904   0.3933   0.3961   0.3989   0.4017   0.4045   0.4073   0.4101   0.4129   0.4157   0.4185   0.4213   0.4242    0.427   0.4298   0.4326   0.4354   0.4382    0.441   0.4438   0.4466   0.4494   0.4522   0.4551   0.4579   0.4607   0.4635   0.4663   0.4691   0.4719   0.4747   0.4775   0.4803   0.4831    0.486   0.4888   0.4916   0.4944   0.4972
    S      0.0   0.6728   0.1516   0.4082     0.25   0.5607   0.9636    0.163   0.1574   0.2015   0.3504   0.3148   0.1121   0.6255   0.3747   0.2192   0.0821   0.2915   0.1865   0.6073   0.1097   0.1737   0.3675   0.1252   0.1024   0.3026   0.1732   0.1329   0.2195   0.0435   0.0716    0.367    0.216   0.1304   0.0836   0.7039   0.1127   0.1088   0.3203    0.037    0.144   0.1345   0.1223   0.0811   0.2007   0.1054   0.2303   0.1629   0.1995   0.1365   0.1767   0.3572   0.1328   0.1818   0.2236   0.1204   0.1608   0.1414   0.1017   0.0789   0.0912   0.1353    0.116   0.4404   0.1556    0.308    0.263   0.2211   0.2612    0.236   0.2188    0.134   0.2796   0.1894   0.1941    0.174   0.1916    0.377   0.0567   0.1718   0.1148   0.3406   0.4009   0.1217   0.1743   0.3321   0.2519   0.1827   0.1229   0.2941   0.2378   0.2242   0.2033   0.1337   0.1999   0.0852   0.1019    0.226   0.1794   0.2387   0.1829   0.0571    0.082   0.0976   0.2072    0.125   0.2294   0.3446   0.1514   0.4117   0.3235   0.0455   0.2359   0.3032    0.274   0.2634   0.5977   0.5457   0.9023      1.0   0.7615   0.6313   0.0929   0.5507   0.3987   0.3528   0.1278    0.206   0.2172   0.3457    0.127   0.3326   0.1886   0.5355    0.302   0.2014   0.0904   0.1378   0.2416   0.3138   0.0305   0.2485   0.0321   0.3411   0.4819   0.0924   0.4276   0.1789   0.1649   0.1004   0.0579   0.2321   0.1289    0.545   0.5296   0.0746   0.0624   0.2949   0.4814    0.114   0.1905   0.2492   0.1834   0.1746   0.0902   0.3638   0.0937   0.0849   0.1493   0.2544   0.1303   0.1383   0.3261   0.2269   0.1671   0.1828   0.1037   0.3913
  snr   -16.21
    H     4.96
 exon     True

M: eiip
 freq      0.0   0.0028   0.0056   0.0084   0.0112    0.014   0.0169   0.0197   0.0225   0.0253   0.0281   0.0309   0.0337   0.0365   0.0393   0.0421   0.0449   0.0478   0.0506   0.0534   0.0562    0.059   0.0618   0.0646   0.0674   0.0702    0.073   0.0758   0.0787   0.0815   0.0843   0.0871   0.0899   0.0927   0.0955   0.0983   0.1011   0.1039   0.1067   0.1096   0.1124   0.1152    0.118   0.1208   0.1236   0.1264   0.1292    0.132   0.1348   0.1376   0.1404   0.1433   0.1461   0.1489   0.1517   0.1545   0.1573   0.1601   0.1629   0.1657   0.1685   0.1713   0.1742    0.177   0.1798   0.1826   0.1854   0.1882    0.191   0.1938   0.1966   0.1994   0.2022   0.2051   0.2079   0.2107   0.2135   0.2163   0.2191   0.2219   0.2247   0.2275   0.2303   0.2331    0.236   0.2388   0.2416   0.2444   0.2472     0.25   0.2528   0.2556   0.2584   0.2612    0.264   0.2669   0.2697   0.2725   0.2753   0.2781   0.2809   0.2837   0.2865   0.2893   0.2921   0.2949   0.2978   0.3006   0.3034   0.3062    0.309   0.3118   0.3146   0.3174   0.3202    0.323   0.3258   0.3287   0.3315   0.3343   0.3371   0.3399   0.3427   0.3455   0.3483   0.3511   0.3539   0.3567   0.3596   0.3624   0.3652    0.368   0.3708   0.3736   0.3764   0.3792    0.382   0.3848   0.3876   0.3904   0.3933   0.3961   0.3989   0.4017   0.4045   0.4073   0.4101   0.4129   0.4157   0.4185   0.4213   0.4242    0.427   0.4298   0.4326   0.4354   0.4382    0.441   0.4438   0.4466   0.4494   0.4522   0.4551   0.4579   0.4607   0.4635   0.4663   0.4691   0.4719   0.4747   0.4775   0.4803   0.4831    0.486   0.4888   0.4916   0.4944   0.4972
    S      0.0   0.1443   0.0182   0.5051   0.0144      1.0   0.0411   0.0056   0.1192   0.3048   0.2222   0.4775   0.1532    0.022   0.1952   0.0652   0.0454   0.1235   0.0445   0.2052   0.0097   0.1129   0.1267   0.1725   0.0505   0.0275   0.2397     0.02   0.0612   0.0758   0.1545   0.0092   0.0678   0.0274   0.0843   0.3982   0.0474   0.2069   0.2811   0.0077   0.0336   0.0792   0.0068    0.093   0.1267   0.2427   0.5266   0.1151    0.034   0.0236   0.3161   0.3525   0.0747     0.02   0.0769   0.1897    0.006   0.0716   0.0037   0.1037   0.1003   0.1051   0.1709    0.848   0.1176   0.1377    0.276   0.0314   0.0178   0.4712   0.2334   0.2273   0.0313   0.2132   0.2419    0.069   0.2225   0.0541   0.0637   0.1076   0.0924   0.2742   0.4182   0.0633   0.0002   0.4309   0.1489   0.0326   0.0446     0.07   0.6536   0.0061   0.0046    0.081   0.2477   0.1144   0.1534   0.1254   0.0199   0.1193    0.191   0.0705   0.0582   0.0741   0.5692   0.0329   0.1424   0.1702   0.0056   0.8914   0.0178     0.01   0.1631   0.0234   0.5692   0.1656   0.6412   0.2729   0.1361   0.7144   0.3739   0.0178   0.2037   0.0147   0.2529   0.7478   0.0086   0.1892   0.0272   0.3518   0.2196   0.1729   0.2171   0.6536   0.1822   0.3022   0.0943   0.1333   0.0162    0.082    0.011   0.0993   0.0753   0.2253   0.0747   0.1427   0.1232   0.1333   0.0489   0.0635   0.0545   0.0227   0.0126   0.1579   0.2549   0.1535   0.0294   0.1477   0.0056   0.0559     0.03   0.1761   0.0753   0.1118   0.0251   0.0276   0.2435   0.0789   0.0267   0.0103   0.0199     0.01   0.1567   0.2423   0.1754   0.0709   0.0086   0.2093
  snr   -14.31
    H     4.67
 exon    False

M: qpsk
 freq      0.0   0.0028   0.0056   0.0084   0.0112    0.014   0.0169   0.0197   0.0225   0.0253   0.0281   0.0309   0.0337   0.0365   0.0393   0.0421   0.0449   0.0478   0.0506   0.0534   0.0562    0.059   0.0618   0.0646   0.0674   0.0702    0.073   0.0758   0.0787   0.0815   0.0843   0.0871   0.0899   0.0927   0.0955   0.0983   0.1011   0.1039   0.1067   0.1096   0.1124   0.1152    0.118   0.1208   0.1236   0.1264   0.1292    0.132   0.1348   0.1376   0.1404   0.1433   0.1461   0.1489   0.1517   0.1545   0.1573   0.1601   0.1629   0.1657   0.1685   0.1713   0.1742    0.177   0.1798   0.1826   0.1854   0.1882    0.191   0.1938   0.1966   0.1994   0.2022   0.2051   0.2079   0.2107   0.2135   0.2163   0.2191   0.2219   0.2247   0.2275   0.2303   0.2331    0.236   0.2388   0.2416   0.2444   0.2472     0.25   0.2528   0.2556   0.2584   0.2612    0.264   0.2669   0.2697   0.2725   0.2753   0.2781   0.2809   0.2837   0.2865   0.2893   0.2921   0.2949   0.2978   0.3006   0.3034   0.3062    0.309   0.3118   0.3146   0.3174   0.3202    0.323   0.3258   0.3287   0.3315   0.3343   0.3371   0.3399   0.3427   0.3455   0.3483   0.3511   0.3539   0.3567   0.3596   0.3624   0.3652    0.368   0.3708   0.3736   0.3764   0.3792    0.382   0.3848   0.3876   0.3904   0.3933   0.3961   0.3989   0.4017   0.4045   0.4073   0.4101   0.4129   0.4157   0.4185   0.4213   0.4242    0.427   0.4298   0.4326   0.4354   0.4382    0.441   0.4438   0.4466   0.4494   0.4522   0.4551   0.4579   0.4607   0.4635   0.4663   0.4691   0.4719   0.4747   0.4775   0.4803   0.4831    0.486   0.4888   0.4916   0.4944   0.4972
    S      0.0   0.8275   0.1826   0.3976   0.3159   0.6512   0.9014   0.1731   0.2098    0.046   0.3306   0.2684   0.1444   0.3704   0.3678   0.2335      0.1   0.3302   0.1855   0.6648   0.0801   0.1059   0.3114     0.17   0.0415   0.2554   0.1808    0.068   0.2362   0.0423   0.0523   0.3043    0.173   0.1469   0.0858   0.9272   0.1429   0.0885   0.3889   0.0488   0.0939   0.1034   0.0417    0.108   0.1939   0.0705   0.2096   0.1812    0.182   0.1798   0.1555   0.3525   0.1743   0.1736   0.2845    0.124   0.1549   0.1147   0.1363   0.0906   0.1085   0.0816   0.0364   0.4738   0.1598    0.309   0.1314   0.1077   0.2424    0.224   0.1733   0.1043   0.3536   0.1132   0.1294   0.0707   0.2346   0.1161   0.0598    0.087   0.0524   0.4366   0.1236   0.1416   0.1113    0.134   0.2289   0.1139   0.0641   0.2319   0.1826   0.2334   0.1768   0.1769   0.1321   0.0652   0.1356   0.1182   0.0928   0.2713   0.2096   0.0713   0.0051   0.1261   0.1973   0.1644   0.2304   0.1884   0.1374   0.3606   0.1967   0.0417   0.0356    0.327    0.328   0.2076   0.7155    0.505   0.5422      1.0   0.8501   0.4133    0.097   0.2657    0.151    0.241   0.0712   0.2054   0.1534    0.173   0.0756   0.1672   0.2077   0.6249   0.2965   0.2024   0.0325    0.051   0.2907   0.2651   0.0394   0.1801   0.0373   0.0593   0.2472   0.0867   0.4271   0.0264   0.1413   0.0929   0.0271   0.1394   0.1711   0.6197   0.7172   0.0925   0.0451   0.3223   0.3828   0.1496   0.0752   0.3245   0.2239   0.0062   0.1127   0.4194   0.0945   0.0093   0.0449   0.2858   0.1731   0.1151   0.1526    0.295   0.2054   0.2066   0.1328   0.3794
  snr   -15.67
    H     4.88
 exon     True

M: mem
 freq      0.0   0.0028   0.0056   0.0084   0.0112    0.014   0.0169   0.0197   0.0225   0.0253   0.0281   0.0309   0.0337   0.0365   0.0393   0.0421   0.0449   0.0478   0.0506   0.0534   0.0562    0.059   0.0618   0.0646   0.0674   0.0702    0.073   0.0758   0.0787   0.0815   0.0843   0.0871   0.0899   0.0927   0.0955   0.0983   0.1011   0.1039   0.1067   0.1096   0.1124   0.1152    0.118   0.1208   0.1236   0.1264   0.1292    0.132   0.1348   0.1376   0.1404   0.1433   0.1461   0.1489   0.1517   0.1545   0.1573   0.1601   0.1629   0.1657   0.1685   0.1713   0.1742    0.177   0.1798   0.1826   0.1854   0.1882    0.191   0.1938   0.1966   0.1994   0.2022   0.2051   0.2079   0.2107   0.2135   0.2163   0.2191   0.2219   0.2247   0.2275   0.2303   0.2331    0.236   0.2388   0.2416   0.2444   0.2472     0.25   0.2528   0.2556   0.2584   0.2612    0.264   0.2669   0.2697   0.2725   0.2753   0.2781   0.2809   0.2837   0.2865   0.2893   0.2921   0.2949   0.2978   0.3006   0.3034   0.3062    0.309   0.3118   0.3146   0.3174   0.3202    0.323   0.3258   0.3287   0.3315   0.3343   0.3371   0.3399   0.3427   0.3455   0.3483   0.3511   0.3539   0.3567   0.3596   0.3624   0.3652    0.368   0.3708   0.3736   0.3764   0.3792    0.382   0.3848   0.3876   0.3904   0.3933   0.3961   0.3989   0.4017   0.4045   0.4073   0.4101   0.4129   0.4157   0.4185   0.4213   0.4242    0.427   0.4298   0.4326   0.4354   0.4382    0.441   0.4438   0.4466   0.4494   0.4522   0.4551   0.4579   0.4607   0.4635   0.4663   0.4691   0.4719   0.4747   0.4775   0.4803   0.4831    0.486   0.4888   0.4916   0.4944   0.4972
    S      0.0   0.0861   0.0469    0.229   0.0055   0.1299   0.4177   0.0373   0.0276   0.1677   0.0322   0.0385   0.0031    0.484    0.295   0.0483   0.0525   0.2602   0.1042   0.3625   0.0878   0.0837   0.4091   0.0233   0.0946   0.1858    0.003   0.0917   0.1155   0.0159    0.021   0.1479   0.2549   0.0581   0.0371   0.0445   0.0093   0.0295    0.013   0.0017   0.1092   0.0404   0.1452   0.0316   0.2148   0.0364   0.0253   0.0043    0.152   0.0043   0.0282   0.0472   0.0174   0.1106   0.0042   0.0735   0.0619   0.1575   0.0068   0.0374   0.0475   0.1284   0.0594   0.0065   0.0424   0.3477   0.1674   0.1664   0.1328   0.0126    0.054   0.0245   0.0073   0.1262   0.0597   0.2175   0.1264    0.435   0.0192   0.1618   0.1075   0.0595   0.3681   0.0373   0.2366    0.234   0.0395   0.2356   0.0926   0.1181   0.0274    0.164   0.1102   0.0558   0.0842    0.012   0.0403   0.2689   0.2349   0.1655   0.0209   0.0133   0.1005   0.0224   0.0045   0.0076   0.1562   0.1566   0.0685   0.1042   0.3863   0.0348   0.2794   0.0876   0.0333   0.1926   0.3249   0.6034      1.0   0.3989   0.3959    0.548   0.0043   0.6317   0.4634   0.0676   0.1832   0.0623    0.259   0.1709   0.0354   0.3185   0.0841   0.1716   0.2745   0.0962   0.0847   0.1008   0.1068   0.3259   0.0135   0.2006   0.0007   0.3319   0.6112   0.0296   0.4011   0.2075   0.1237   0.0439   0.0398   0.1723   0.0075   0.0882   0.0071   0.0054   0.0625   0.1542   0.3257   0.0083    0.186    0.023   0.0151    0.204    0.003   0.0377   0.0107    0.096   0.1729   0.0367   0.0064   0.1098   0.1999   0.0243   0.0127    0.043   0.0183   0.0527
  snr    -13.5
    H     4.66
 exon     True

M: tbpse
 freq      0.0   0.0028   0.0056   0.0084   0.0112    0.014   0.0169   0.0197   0.0225   0.0253   0.0281   0.0309   0.0337   0.0365   0.0393   0.0421   0.0449   0.0478   0.0506   0.0534   0.0562    0.059   0.0618   0.0646   0.0674   0.0702    0.073   0.0758   0.0787   0.0815   0.0843   0.0871   0.0899   0.0927   0.0955   0.0983   0.1011   0.1039   0.1067   0.1096   0.1124   0.1152    0.118   0.1208   0.1236   0.1264   0.1292    0.132   0.1348   0.1376   0.1404   0.1433   0.1461   0.1489   0.1517   0.1545   0.1573   0.1601   0.1629   0.1657   0.1685   0.1713   0.1742    0.177   0.1798   0.1826   0.1854   0.1882    0.191   0.1938   0.1966   0.1994   0.2022   0.2051   0.2079   0.2107   0.2135   0.2163   0.2191   0.2219   0.2247   0.2275   0.2303   0.2331    0.236   0.2388   0.2416   0.2444   0.2472     0.25   0.2528   0.2556   0.2584   0.2612    0.264   0.2669   0.2697   0.2725   0.2753   0.2781   0.2809   0.2837   0.2865   0.2893   0.2921   0.2949   0.2978   0.3006   0.3034   0.3062    0.309   0.3118   0.3146   0.3174   0.3202    0.323   0.3258   0.3287   0.3315   0.3343   0.3371   0.3399   0.3427   0.3455   0.3483   0.3511   0.3539   0.3567   0.3596   0.3624   0.3652    0.368   0.3708   0.3736   0.3764   0.3792    0.382   0.3848   0.3876   0.3904   0.3933   0.3961   0.3989   0.4017   0.4045   0.4073   0.4101   0.4129   0.4157   0.4185   0.4213   0.4242    0.427   0.4298   0.4326   0.4354   0.4382    0.441   0.4438   0.4466   0.4494   0.4522   0.4551   0.4579   0.4607   0.4635   0.4663   0.4691   0.4719   0.4747   0.4775   0.4803   0.4831    0.486   0.4888   0.4916   0.4944   0.4972
    S      0.0   0.0836   0.0763   0.2674   0.0727   0.1925   0.7791   0.0836   0.0422   0.0639   0.0973   0.0747    0.028   0.6336   0.3361    0.142   0.0159   0.1305   0.0682   0.0698   0.0643   0.1139   0.3961   0.0722   0.0921    0.291    0.014   0.1178   0.1822   0.0065   0.0061   0.2913   0.2233   0.0159   0.0482   0.0824   0.0142   0.0123   0.0327   0.0115   0.1362   0.0548   0.1302   0.0113    0.181   0.0222   0.0125   0.0367   0.0252   0.0197   0.0123   0.1017   0.0475    0.138   0.0209   0.0546   0.0946   0.1387   0.0115   0.0135   0.0766   0.0648   0.0462   0.0597   0.0242   0.2149   0.0911   0.1968   0.2376   0.0131   0.0538   0.0295   0.1102   0.0285   0.0524   0.1569   0.1602   0.3679    0.011   0.1154   0.0728   0.0397   0.1705   0.0804   0.1079   0.0823   0.1016   0.1503   0.0991   0.1566   0.0141   0.0316   0.1366   0.0094   0.0416   0.0212    0.058   0.1961   0.1954   0.0978    0.022   0.0232   0.0557    0.006   0.0127   0.0546   0.2248   0.2192   0.0851   0.1191   0.3481   0.0109    0.127   0.1849    0.021   0.2191   0.5034   0.5336      1.0   0.7054    0.731   0.6773    0.009   0.6242    0.311   0.0357   0.1261   0.1336   0.2299   0.1743   0.0264   0.1785    0.033   0.2529   0.2937   0.0455   0.0564   0.0545   0.0281   0.3221   0.0034   0.2424   0.0071   0.2395   0.5077   0.0203   0.2909   0.1067   0.1268   0.0773   0.0189     0.22   0.0232   0.3235   0.1362   0.0233   0.0276   0.2651   0.4168   0.0155   0.1946   0.0362   0.0472   0.1359   0.0126   0.1403   0.0167   0.0496   0.1422   0.1413    0.014   0.1275   0.2214   0.1187   0.0277   0.0859   0.0096   0.1493
  snr   -13.65
    H     4.65
 exon     True

M: snrse
 freq      0.0   0.0028   0.0056   0.0084   0.0112    0.014   0.0169   0.0197   0.0225   0.0253   0.0281   0.0309   0.0337   0.0365   0.0393   0.0421   0.0449   0.0478   0.0506   0.0534   0.0562    0.059   0.0618   0.0646   0.0674   0.0702    0.073   0.0758   0.0787   0.0815   0.0843   0.0871   0.0899   0.0927   0.0955   0.0983   0.1011   0.1039   0.1067   0.1096   0.1124   0.1152    0.118   0.1208   0.1236   0.1264   0.1292    0.132   0.1348   0.1376   0.1404   0.1433   0.1461   0.1489   0.1517   0.1545   0.1573   0.1601   0.1629   0.1657   0.1685   0.1713   0.1742    0.177   0.1798   0.1826   0.1854   0.1882    0.191   0.1938   0.1966   0.1994   0.2022   0.2051   0.2079   0.2107   0.2135   0.2163   0.2191   0.2219   0.2247   0.2275   0.2303   0.2331    0.236   0.2388   0.2416   0.2444   0.2472     0.25   0.2528   0.2556   0.2584   0.2612    0.264   0.2669   0.2697   0.2725   0.2753   0.2781   0.2809   0.2837   0.2865   0.2893   0.2921   0.2949   0.2978   0.3006   0.3034   0.3062    0.309   0.3118   0.3146   0.3174   0.3202    0.323   0.3258   0.3287   0.3315   0.3343   0.3371   0.3399   0.3427   0.3455   0.3483   0.3511   0.3539   0.3567   0.3596   0.3624   0.3652    0.368   0.3708   0.3736   0.3764   0.3792    0.382   0.3848   0.3876   0.3904   0.3933   0.3961   0.3989   0.4017   0.4045   0.4073   0.4101   0.4129   0.4157   0.4185   0.4213   0.4242    0.427   0.4298   0.4326   0.4354   0.4382    0.441   0.4438   0.4466   0.4494   0.4522   0.4551   0.4579   0.4607   0.4635   0.4663   0.4691   0.4719   0.4747   0.4775   0.4803   0.4831    0.486   0.4888   0.4916   0.4944   0.4972
    S      0.0   0.0461   0.0544    0.274   0.0095   0.2092   0.4757   0.0382   0.0434    0.094   0.0256   0.0351   0.0145   0.4753   0.3435   0.0621    0.053   0.2669   0.0956   0.2921   0.0754   0.0746   0.4472   0.0481   0.0845   0.2039   0.0037   0.0831   0.1422   0.0152   0.0102   0.1567     0.27   0.0366   0.0459   0.0793   0.0025   0.0088   0.0065   0.0036     0.11   0.0322   0.1303   0.0392   0.2383   0.0232   0.0065    0.009   0.0989   0.0068   0.0184   0.0564   0.0211    0.114   0.0081   0.0806    0.059   0.1674   0.0038   0.0389   0.0668   0.0983   0.0341    0.011   0.0176   0.3641   0.1131   0.1481   0.1547   0.0147   0.0264   0.0109   0.0203   0.0622   0.0396   0.1944   0.1722   0.3781   0.0123   0.1294   0.0835   0.0468   0.2493   0.0532    0.203   0.1234   0.0394   0.2194   0.0793   0.1008   0.0046   0.1204   0.1067    0.059   0.0393   0.0081   0.0638   0.2476   0.2257   0.1762    0.029    0.022   0.0715   0.0269   0.0063   0.0173   0.1915   0.1268    0.062   0.1113   0.3823    0.025   0.1894   0.0965   0.0635   0.2059   0.4576   0.6674      1.0   0.5021   0.5347   0.5621   0.0101   0.6107   0.3962   0.0271   0.1733   0.0774   0.2637   0.1167   0.0149   0.2534   0.0874   0.2481   0.3201   0.0832   0.0678   0.0621    0.077     0.35   0.0135   0.2068   0.0036   0.2446   0.5801   0.0305   0.4176   0.1471   0.1201   0.0496   0.0243   0.1675   0.0036   0.1335   0.0251   0.0163   0.0497   0.2025   0.3267   0.0137   0.1695    0.013    0.024   0.1498   0.0044   0.0403   0.0137   0.0658   0.1491   0.0512   0.0037   0.1155    0.156   0.0577   0.0015   0.0418   0.0098   0.0447
  snr   -13.38
    H     4.62
 exon     True