>data-XV-cerevisiae-intergenic-212
N: 371
Methods: voss, eiip, qpsk, mem, tbpse, snrse

M: voss
 freq      0.0   0.0027   0.0054   0.0081   0.0108   0.0135   0.0162   0.0189   0.0216   0.0243    0.027   0.0296   0.0323    0.035   0.0377   0.0404   0.0431   0.0458   0.0485   0.0512   0.0539   0.0566   0.0593    0.062   0.0647   0.0674   0.0701   0.0728   0.0755   0.0782   0.0809   0.0836   0.0863   0.0889   0.0916   0.0943    0.097   0.0997   0.1024   0.1051   0.1078   0.1105   0.1132   0.1159   0.1186   0.1213    0.124   0.1267   0.1294   0.1321   0.1348   0.1375   0.1402   0.1429   0.1456   0.1482   0.1509   0.1536   0.1563    0.159   0.1617   0.1644   0.1671   0.1698   0.1725   0.1752   0.1779   0.1806   0.1833    0.186   0.1887   0.1914   0.1941   0.1968   0.1995   0.2022   0.2049   0.2075   0.2102   0.2129   0.2156   0.2183    0.221   0.2237   0.2264   0.2291   0.2318   0.2345   0.2372   0.2399   0.2426   0.2453    0.248   0.2507   0.2534   0.2561   0.2588   0.2615   0.2642   0.2668   0.2695   0.2722   0.2749   0.2776   0.2803    0.283   0.2857   0.2884   0.2911   0.2938   0.2965   0.2992   0.3019   0.3046   0.3073     0.31   0.3127   0.3154   0.3181   0.3208   0.3235   0.3261   0.3288   0.3315   0.3342   0.3369   0.3396   0.3423    0.345   0.3477   0.3504   0.3531   0.3558   0.3585   0.3612   0.3639   0.3666   0.3693    0.372   0.3747   0.3774   0.3801   0.3827   0.3854   0.3881   0.3908   0.3935   0.3962   0.3989   0.4016   0.4043    0.407   0.4097   0.4124   0.4151   0.4178   0.4205   0.4232   0.4259   0.4286   0.4313    0.434   0.4367   0.4394    0.442   0.4447   0.4474   0.4501   0.4528   0.4555   0.4582   0.4609   0.4636   0.4663    0.469   0.4717   0.4744   0.4771   0.4798   0.4825   0.4852   0.4879   0.4906   0.4933    0.496   0.4987
    S      0.0   0.5698   0.5625   0.1322   0.7658    0.667   0.1564   0.0873   0.1588   0.3096   0.3626   0.5089   0.0978   0.1573   0.1551   0.0546   0.0928   0.1172   0.1918   0.0631   0.0586   0.4495   0.1948    0.324   0.2495   0.1863   0.0966    0.293   0.1796   0.1826   0.4285   0.1313   0.5641   0.1402   0.4361   0.3657   0.3178   0.2359   0.1562   0.4843   0.1075   0.0986   0.1931   0.1846   0.2523   0.5159   0.2186   0.2445   0.0812   0.2047   0.1318    0.106   0.0788   0.0341   0.1188   0.2332   0.1573   0.2447    0.363   0.0669   0.1037   0.2323   0.0512    0.146   0.1195   0.1081   0.3615   0.3064   0.2897   0.0941   0.1403   0.2538   0.0813   0.1912   0.2472   0.2057   0.1846    0.167   0.0808   0.1539   0.1792   0.1939   0.5132   0.0891   0.3735   0.2168    0.338   0.0783    0.415    0.065   0.1622   0.0791   0.1312   0.0917   0.1102   0.0721    0.358   0.1977   0.2786   0.3708    0.179   0.0485   0.3046   0.2057   0.1457   0.1255   0.3395   0.2608   0.2923   0.1967   0.2308   0.4056   0.1662    0.033   0.0616   0.0645   0.2254    0.132    0.096    0.095   0.2952   0.1419   0.0837   0.4582   0.1162   0.1354   0.1275   0.2558   0.0859   0.1755   0.1661   0.2305    0.142   0.1868    0.087   0.1128   0.3175   0.1975   0.2074   0.0608   0.1616    0.781   0.1972   0.4318   0.1625   0.1786   0.6796   0.1318   0.1686   0.1934   0.2843   0.1401   0.2272   0.0836   0.3058   0.0145   0.2014   0.1229   0.3968   0.3305   0.1891   0.1614   0.1645   0.1195    0.352   0.4572   0.4527   0.2574   0.2252   0.1302   0.2525    0.561   0.1318   0.2261    0.773   0.4746   0.3315   0.1123   0.3384      1.0   0.0654   0.1942   0.1239   0.2076   0.2907   0.1285
  snr   -16.16
    H     5.01
 exon    False

M: eiip
 freq      0.0   0.0027   0.0054   0.0081   0.0108   0.0135   0.0162   0.0189   0.0216   0.0243    0.027   0.0296   0.0323    0.035   0.0377   0.0404   0.0431   0.0458   0.0485   0.0512   0.0539   0.0566   0.0593    0.062   0.0647   0.0674   0.0701   0.0728   0.0755   0.0782   0.0809   0.0836   0.0863   0.0889   0.0916   0.0943    0.097   0.0997   0.1024   0.1051   0.1078   0.1105   0.1132   0.1159   0.1186   0.1213    0.124   0.1267   0.1294   0.1321   0.1348   0.1375   0.1402   0.1429   0.1456   0.1482   0.1509   0.1536   0.1563    0.159   0.1617   0.1644   0.1671   0.1698   0.1725   0.1752   0.1779   0.1806   0.1833    0.186   0.1887   0.1914   0.1941   0.1968   0.1995   0.2022   0.2049   0.2075   0.2102   0.2129   0.2156   0.2183    0.221   0.2237   0.2264   0.2291   0.2318   0.2345   0.2372   0.2399   0.2426   0.2453    0.248   0.2507   0.2534   0.2561   0.2588   0.2615   0.2642   0.2668   0.2695   0.2722   0.2749   0.2776   0.2803    0.283   0.2857   0.2884   0.2911   0.2938   0.2965   0.2992   0.3019   0.3046   0.3073     0.31   0.3127   0.3154   0.3181   0.3208   0.3235   0.3261   0.3288   0.3315   0.3342   0.3369   0.3396   0.3423    0.345   0.3477   0.3504   0.3531   0.3558   0.3585   0.3612   0.3639   0.3666   0.3693    0.372   0.3747   0.3774   0.3801   0.3827   0.3854   0.3881   0.3908   0.3935   0.3962   0.3989   0.4016   0.4043    0.407   0.4097   0.4124   0.4151   0.4178   0.4205   0.4232   0.4259   0.4286   0.4313    0.434   0.4367   0.4394    0.442   0.4447   0.4474   0.4501   0.4528   0.4555   0.4582   0.4609   0.4636   0.4663    0.469   0.4717   0.4744   0.4771   0.4798   0.4825   0.4852   0.4879   0.4906   0.4933    0.496   0.4987
    S      0.0    0.173   0.4225   0.0566   0.1367   0.1941   0.2243   0.0382    0.115   0.1303   0.3172   0.3924   0.1984   0.1848   0.2003   0.0153    0.126   0.0388   0.3352   0.0657   0.0077   0.0203   0.2207   0.0951   0.2954   0.2693   0.1063   0.5552   0.1424   0.1247   0.0018   0.0355   0.1846   0.0988   0.4573   0.4997   0.0382   0.0975    0.184   0.4783   0.0545   0.1641   0.0776   0.1795   0.4905   0.3364   0.1656     0.03   0.0446   0.1494   0.2098   0.0464   0.1035   0.0647   0.0459   0.0001   0.2333   0.0237   0.5715   0.1265   0.0476   0.2966   0.0016   0.1375   0.1348   0.1763   0.2891    0.118   0.4862   0.0258   0.1604   0.0506   0.0542   0.2692    0.022   0.0133   0.0159   0.0406   0.1415   0.0902   0.2599    0.058    0.058   0.0532   0.1061   0.2367   0.0156   0.0547   0.5521   0.0512   0.3772   0.1199   0.0622   0.0404   0.1282   0.0284   0.0885   0.1701   0.4934   0.3542   0.1819   0.0383   0.2666   0.0622   0.1773   0.1291   0.3092    0.314    0.129   0.0123   0.0836    0.056   0.0002   0.0014   0.0823   0.1093   0.0714   0.2453    0.041   0.0878   0.3765   0.1781   0.0992      1.0   0.0192   0.1603    0.031   0.2164   0.0237   0.0324   0.0115   0.1407   0.0265   0.0051   0.0801   0.0984   0.2314   0.0977   0.0158   0.0835   0.0041   0.0331   0.1617   0.1257   0.0623   0.0462   0.1502   0.0176   0.0793   0.2507   0.1428    0.023   0.0658   0.0096   0.0262   0.0047   0.2349   0.0164   0.5044   0.0883   0.0681   0.0798   0.0897   0.0419   0.1448   0.0467   0.0031   0.3643    0.411   0.0485   0.5119   0.1838   0.2737   0.1662   0.0347    0.006   0.0879   0.0518   0.1699   0.3913     0.02   0.2883   0.0094   0.2868   0.0673   0.1674
  snr   -14.26
    H     4.79
 exon     True

M: qpsk
 freq      0.0   0.0027   0.0054   0.0081   0.0108   0.0135   0.0162   0.0189   0.0216   0.0243    0.027   0.0296   0.0323    0.035   0.0377   0.0404   0.0431   0.0458   0.0485   0.0512   0.0539   0.0566   0.0593    0.062   0.0647   0.0674   0.0701   0.0728   0.0755   0.0782   0.0809   0.0836   0.0863   0.0889   0.0916   0.0943    0.097   0.0997   0.1024   0.1051   0.1078   0.1105   0.1132   0.1159   0.1186   0.1213    0.124   0.1267   0.1294   0.1321   0.1348   0.1375   0.1402   0.1429   0.1456   0.1482   0.1509   0.1536   0.1563    0.159   0.1617   0.1644   0.1671   0.1698   0.1725   0.1752   0.1779   0.1806   0.1833    0.186   0.1887   0.1914   0.1941   0.1968   0.1995   0.2022   0.2049   0.2075   0.2102   0.2129   0.2156   0.2183    0.221   0.2237   0.2264   0.2291   0.2318   0.2345   0.2372   0.2399   0.2426   0.2453    0.248   0.2507   0.2534   0.2561   0.2588   0.2615   0.2642   0.2668   0.2695   0.2722   0.2749   0.2776   0.2803    0.283   0.2857   0.2884   0.2911   0.2938   0.2965   0.2992   0.3019   0.3046   0.3073     0.31   0.3127   0.3154   0.3181   0.3208   0.3235   0.3261   0.3288   0.3315   0.3342   0.3369   0.3396   0.3423    0.345   0.3477   0.3504   0.3531   0.3558   0.3585   0.3612   0.3639   0.3666   0.3693    0.372   0.3747   0.3774   0.3801   0.3827   0.3854   0.3881   0.3908   0.3935   0.3962   0.3989   0.4016   0.4043    0.407   0.4097   0.4124   0.4151   0.4178   0.4205   0.4232   0.4259   0.4286   0.4313    0.434   0.4367   0.4394    0.442   0.4447   0.4474   0.4501   0.4528   0.4555   0.4582   0.4609   0.4636   0.4663    0.469   0.4717   0.4744   0.4771   0.4798   0.4825   0.4852   0.4879   0.4906   0.4933    0.496   0.4987
    S      0.0   0.4418   0.4054   0.0208   0.6148   0.5352   0.1943   0.0755    0.017   0.2875   0.3987   0.3884   0.1182   0.1801   0.1403   0.0675   0.1044   0.1094   0.0709   0.0272   0.0698   0.4404   0.2033   0.2394   0.1852   0.1816   0.1093   0.1887   0.2089   0.1533   0.2356   0.0631   0.0901   0.0568   0.3869   0.4515   0.2359   0.1327    0.146   0.1282   0.0695    0.045   0.1796   0.1607   0.2791   0.6439   0.2403    0.297   0.0608   0.2171   0.1329   0.0493   0.0404    0.023   0.1364   0.2613   0.1593   0.1962   0.3318   0.0755   0.0192   0.0228   0.0355    0.158   0.0624   0.0797   0.0909   0.3776   0.3293   0.0977    0.129   0.2878   0.0221   0.0985   0.3039   0.2287   0.0506   0.1653   0.0548   0.1616   0.1773   0.1532   0.4106   0.0248   0.4557    0.263   0.1449   0.0084   0.4544   0.0542   0.1614   0.0979   0.0018   0.0801   0.1134   0.0587   0.2014   0.2427   0.1936    0.311   0.1648   0.0081   0.1316   0.0485   0.1264   0.1563   0.3704   0.2674   0.2523   0.1115   0.1793   0.1614   0.0852   0.0355   0.0251   0.0575   0.1246   0.1623   0.0763   0.0521   0.1608   0.1305   0.0782   0.3162   0.0362   0.0609   0.0944   0.0413   0.0535   0.1833   0.1919   0.1455   0.0468   0.1179   0.1003   0.1147   0.2197   0.0726   0.2282   0.0333   0.1166   0.7229    0.223   0.4846   0.1532   0.0573   0.5172   0.1515   0.1303   0.1402    0.168   0.1253   0.1343   0.0798   0.2965   0.0145   0.1567   0.1486   0.0949   0.4174   0.1647   0.1958   0.1955   0.1061   0.2815   0.5277   0.5241     0.28   0.1595   0.1311   0.2413    0.552   0.1447   0.2247   0.5194   0.4972   0.3117   0.0821   0.3399      1.0   0.0674   0.2317   0.0892   0.2096   0.3641   0.1614
  snr   -15.32
    H     4.93
 exon    False

M: mem
 freq      0.0   0.0027   0.0054   0.0081   0.0108   0.0135   0.0162   0.0189   0.0216   0.0243    0.027   0.0297   0.0324   0.0351   0.0378   0.0405   0.0432   0.0459   0.0486   0.0514   0.0541   0.0568   0.0595   0.0622   0.0649   0.0676   0.0703    0.073   0.0757   0.0784   0.0811   0.0838   0.0865   0.0892   0.0919   0.0946   0.0973      0.1   0.1027   0.1054   0.1081   0.1108   0.1135   0.1162   0.1189   0.1216   0.1243    0.127   0.1297   0.1324   0.1351   0.1378   0.1405   0.1432   0.1459   0.1486   0.1514   0.1541   0.1568   0.1595   0.1622   0.1649   0.1676   0.1703    0.173   0.1757   0.1784   0.1811   0.1838   0.1865   0.1892   0.1919   0.1946   0.1973      0.2   0.2027   0.2054   0.2081   0.2108   0.2135   0.2162   0.2189   0.2216   0.2243    0.227   0.2297   0.2324   0.2351   0.2378   0.2405   0.2432   0.2459   0.2486   0.2514   0.2541   0.2568   0.2595   0.2622   0.2649   0.2676   0.2703    0.273   0.2757   0.2784   0.2811   0.2838   0.2865   0.2892   0.2919   0.2946   0.2973      0.3   0.3027   0.3054   0.3081   0.3108   0.3135   0.3162   0.3189   0.3216   0.3243    0.327   0.3297   0.3324   0.3351   0.3378   0.3405   0.3432   0.3459   0.3486   0.3514   0.3541   0.3568   0.3595   0.3622   0.3649   0.3676   0.3703    0.373   0.3757   0.3784   0.3811   0.3838   0.3865   0.3892   0.3919   0.3946   0.3973      0.4   0.4027   0.4054   0.4081   0.4108   0.4135   0.4162   0.4189   0.4216   0.4243    0.427   0.4297   0.4324   0.4351   0.4378   0.4405   0.4432   0.4459   0.4486   0.4514   0.4541   0.4568   0.4595   0.4622   0.4649   0.4676   0.4703    0.473   0.4757   0.4784   0.4811   0.4838   0.4865   0.4892   0.4919   0.4946   0.4973
    S      0.0    0.105   0.6494   0.0061   0.1191   0.1822   0.2194   0.0304   0.0133   0.4503   0.0204   0.0105    0.096   0.3094   0.2027   0.0853   0.1644   0.1974   0.0211   0.0256    0.115   0.6026   0.3394   0.4227    0.046   0.0846   0.1769   0.0183   0.2595   0.1412   0.0035   0.1251    0.081   0.0628   0.2654   0.5371   0.1056   0.2343   0.1687   0.0544   0.0745   0.0032   0.2473   0.3114   0.3043      1.0   0.3691   0.4421   0.0995   0.3475   0.1613   0.0997   0.0306   0.0055   0.3743   0.1131   0.1397   0.4853    0.062   0.0373   0.0025   0.0011   0.0821   0.2126   0.0529   0.0857   0.0119   0.7376   0.3672   0.1413   0.0804   0.3875   0.0558   0.0175   0.2661   0.1766   0.0348   0.1733   0.0359   0.0695   0.2214   0.3367   0.3432   0.1106   0.6873   0.3417   0.0931   0.0305   0.0731   0.1039   0.0457   0.0717   0.0998   0.0588   0.2116   0.0226   0.0848   0.3301   0.1478   0.0665    0.179    0.031   0.1392   0.0842   0.2324   0.0951    0.301   0.1546   0.3349   0.1078   0.2332   0.2946   0.1204   0.0237   0.0539   0.0223   0.2215   0.0116   0.1899   0.0196   0.0105   0.0897    0.054   0.1597   0.0153    0.095   0.0795   0.0438   0.1975   0.1005   0.0722   0.2526   0.0013   0.1691   0.0124   0.0634   0.2679   0.1775   0.1985   0.2051   0.0147   0.2785   0.9305   0.0499   0.2305    0.443   0.0455   0.3011    0.114    0.163   0.0463   0.0476   0.2202   0.1903   0.1468   0.0576     0.25   0.0033   0.0404   0.4538   0.0073   0.3166   0.6018   0.2251   0.4656    0.469   0.1656   0.0817   0.3009   0.1048   0.0391   0.0265     0.34     0.13   0.0642   0.3243   0.5808   0.2721   0.1353   0.3491   0.0618   0.1889   0.0582   0.0904   0.0389
  snr   -14.99
    H      4.8
 exon    False

M: tbpse
 freq      0.0   0.0027   0.0054   0.0081   0.0108   0.0135   0.0162   0.0189   0.0216   0.0243    0.027   0.0296   0.0323    0.035   0.0377   0.0404   0.0431   0.0458   0.0485   0.0512   0.0539   0.0566   0.0593    0.062   0.0647   0.0674   0.0701   0.0728   0.0755   0.0782   0.0809   0.0836   0.0863   0.0889   0.0916   0.0943    0.097   0.0997   0.1024   0.1051   0.1078   0.1105   0.1132   0.1159   0.1186   0.1213    0.124   0.1267   0.1294   0.1321   0.1348   0.1375   0.1402   0.1429   0.1456   0.1482   0.1509   0.1536   0.1563    0.159   0.1617   0.1644   0.1671   0.1698   0.1725   0.1752   0.1779   0.1806   0.1833    0.186   0.1887   0.1914   0.1941   0.1968   0.1995   0.2022   0.2049   0.2075   0.2102   0.2129   0.2156   0.2183    0.221   0.2237   0.2264   0.2291   0.2318   0.2345   0.2372   0.2399   0.2426   0.2453    0.248   0.2507   0.2534   0.2561   0.2588   0.2615   0.2642   0.2668   0.2695   0.2722   0.2749   0.2776   0.2803    0.283   0.2857   0.2884   0.2911   0.2938   0.2965   0.2992   0.3019   0.3046   0.3073     0.31   0.3127   0.3154   0.3181   0.3208   0.3235   0.3261   0.3288   0.3315   0.3342   0.3369   0.3396   0.3423    0.345   0.3477   0.3504   0.3531   0.3558   0.3585   0.3612   0.3639   0.3666   0.3693    0.372   0.3747   0.3774   0.3801   0.3827   0.3854   0.3881   0.3908   0.3935   0.3962   0.3989   0.4016   0.4043    0.407   0.4097   0.4124   0.4151   0.4178   0.4205   0.4232   0.4259   0.4286   0.4313    0.434   0.4367   0.4394    0.442   0.4447   0.4474   0.4501   0.4528   0.4555   0.4582   0.4609   0.4636   0.4663    0.469   0.4717   0.4744   0.4771   0.4798   0.4825   0.4852   0.4879   0.4906   0.4933    0.496   0.4987
    S      0.0   0.1201   0.5648    0.117   0.1567   0.2353   0.1853   0.0417   0.1927   0.1497   0.1897    0.358   0.1655   0.1859   0.2267   0.0159   0.1171   0.0489   0.3765   0.0783   0.0106   0.0606   0.2324   0.1844     0.28   0.2562   0.1145   0.5507   0.1266   0.1659   0.0735   0.0796   0.4386   0.1267   0.3955   0.3776    0.111   0.1336   0.1957   0.6519   0.0863   0.1777   0.1148   0.2088   0.4576   0.3455   0.1599   0.0376   0.0679   0.1493   0.1993   0.0831   0.1248   0.0675   0.0642   0.0147   0.2463   0.0726   0.4989   0.1107   0.0922   0.3961   0.0138   0.1479   0.1503   0.1772   0.4071   0.1357   0.3798   0.0392   0.1469   0.0887   0.0837    0.319   0.0204   0.0002   0.0805   0.0404   0.1545   0.0555   0.2649   0.1109   0.1692   0.0875   0.1135   0.2409   0.1092   0.0899    0.396   0.0661   0.3356   0.0858   0.1301   0.0399   0.1279   0.0252   0.1502   0.1358   0.5327   0.3091   0.2077   0.0611   0.3675   0.1475    0.172    0.086   0.2467   0.2488   0.2019   0.0468   0.0639   0.1864   0.0437   0.0006   0.1004   0.1126   0.1011   0.1936   0.0615   0.1073   0.3972   0.1706   0.0997      1.0   0.0594   0.1828   0.0335   0.3357   0.0438   0.0469   0.0191   0.2149   0.0709   0.0278    0.066   0.0811    0.238   0.1586   0.0339   0.0949   0.0409   0.0772   0.1429   0.1489   0.0566   0.1026   0.1385   0.0275   0.0959   0.2926   0.1638   0.0411   0.1342   0.0242   0.0423   0.0058   0.2232    0.015   0.6297    0.071   0.0996   0.1005   0.0942   0.0396   0.1177   0.1029   0.0212   0.2925   0.4427   0.0499   0.4449   0.0753   0.2329   0.1983   0.0794   0.0384   0.1039   0.0693   0.1283   0.2495   0.0257   0.2191   0.0272   0.2355   0.0407   0.1068
  snr   -14.63
    H     4.89
 exon     True

M: snrse
 freq      0.0   0.0027   0.0054   0.0081   0.0108   0.0135   0.0162   0.0189   0.0216   0.0243    0.027   0.0296   0.0323    0.035   0.0377   0.0404   0.0431   0.0458   0.0485   0.0512   0.0539   0.0566   0.0593    0.062   0.0647   0.0674   0.0701   0.0728   0.0755   0.0782   0.0809   0.0836   0.0863   0.0889   0.0916   0.0943    0.097   0.0997   0.1024   0.1051   0.1078   0.1105   0.1132   0.1159   0.1186   0.1213    0.124   0.1267   0.1294   0.1321   0.1348   0.1375   0.1402   0.1429   0.1456   0.1482   0.1509   0.1536   0.1563    0.159   0.1617   0.1644   0.1671   0.1698   0.1725   0.1752   0.1779   0.1806   0.1833    0.186   0.1887   0.1914   0.1941   0.1968   0.1995   0.2022   0.2049   0.2075   0.2102   0.2129   0.2156   0.2183    0.221   0.2237   0.2264   0.2291   0.2318   0.2345   0.2372   0.2399   0.2426   0.2453    0.248   0.2507   0.2534   0.2561   0.2588   0.2615   0.2642   0.2668   0.2695   0.2722   0.2749   0.2776   0.2803    0.283   0.2857   0.2884   0.2911   0.2938   0.2965   0.2992   0.3019   0.3046   0.3073     0.31   0.3127   0.3154   0.3181   0.3208   0.3235   0.3261   0.3288   0.3315   0.3342   0.3369   0.3396   0.3423    0.345   0.3477   0.3504   0.3531   0.3558   0.3585   0.3612   0.3639   0.3666   0.3693    0.372   0.3747   0.3774   0.3801   0.3827   0.3854   0.3881   0.3908   0.3935   0.3962   0.3989   0.4016   0.4043    0.407   0.4097   0.4124   0.4151   0.4178   0.4205   0.4232   0.4259   0.4286   0.4313    0.434   0.4367   0.4394    0.442   0.4447   0.4474   0.4501   0.4528   0.4555   0.4582   0.4609   0.4636   0.4663    0.469   0.4717   0.4744   0.4771   0.4798   0.4825   0.4852   0.4879   0.4906   0.4933    0.496   0.4987
    S      0.0   0.5814   0.0477   0.0178   0.6376    0.471   0.1166   0.0626   0.0047   0.1243   0.4977   0.4814    0.089   0.0352   0.0109   0.0235   0.0406   0.0355   0.0651   0.0246   0.0237   0.2058   0.0462   0.0391   0.2175   0.1242   0.0099   0.2066   0.1109   0.0305   0.2869   0.0124    0.081   0.0676   0.3639   0.3469    0.123   0.1111   0.0348   0.0901   0.0174   0.0486   0.0366   0.0431   0.1232   0.1431   0.0805   0.1128   0.0093   0.0717   0.0623   0.0136   0.0139   0.0137    0.013   0.1274   0.0209   0.0488   0.3783   0.0522   0.0187   0.0184   0.0161   0.0218   0.0612   0.0625   0.0975   0.0526   0.3329   0.0253   0.1202   0.0154   0.0181   0.0344   0.1505   0.1834   0.0586   0.1152   0.0149   0.1805   0.0503    0.014   0.1856    0.018   0.1587   0.0369   0.1342   0.0096   0.5383   0.0055    0.146   0.0947   0.0045   0.0528   0.0397    0.054   0.2147   0.1397   0.0578   0.3479    0.031   0.0016   0.0472    0.019    0.078   0.1632    0.281   0.2969   0.0149   0.0822    0.218     0.09   0.0486   0.0271   0.0078   0.0183   0.1326   0.1467   0.0097   0.0348   0.1889   0.0992   0.0467   0.2317   0.0411     0.06   0.0914   0.0077   0.0367    0.092   0.0767   0.0227   0.0519   0.1224   0.0672   0.1145   0.2022     0.07   0.0692   0.0216   0.0275   0.5474   0.1044   0.1924   0.0947   0.0576   0.5508   0.0398   0.1017    0.018    0.206   0.0613    0.063   0.0244   0.1708   0.0072   0.1725   0.0744   0.1002   0.2116   0.0671   0.0099     0.05   0.0698    0.327   0.1413    0.265   0.2673    0.045   0.0519   0.2745   0.6691   0.1342   0.0313   0.6402   0.2831   0.1779   0.0318    0.344      1.0   0.0283   0.2265   0.0688   0.2287   0.2348    0.191
  snr    -13.5
    H     4.69
 exon    False