>data-XVI-cerevisiae-intergenic-226
N: 453
Methods: voss, eiip, qpsk, mem, tbpse, snrse

M: voss
 freq      0.0   0.0022   0.0044   0.0066   0.0088    0.011   0.0132   0.0155   0.0177   0.0199   0.0221   0.0243   0.0265   0.0287   0.0309   0.0331   0.0353   0.0375   0.0397   0.0419   0.0442   0.0464   0.0486   0.0508    0.053   0.0552   0.0574   0.0596   0.0618    0.064   0.0662   0.0684   0.0706   0.0728   0.0751   0.0773   0.0795   0.0817   0.0839   0.0861   0.0883   0.0905   0.0927   0.0949   0.0971   0.0993   0.1015   0.1038    0.106   0.1082   0.1104   0.1126   0.1148    0.117   0.1192   0.1214   0.1236   0.1258    0.128   0.1302   0.1325   0.1347   0.1369   0.1391   0.1413   0.1435   0.1457   0.1479   0.1501   0.1523   0.1545   0.1567   0.1589   0.1611   0.1634   0.1656   0.1678     0.17   0.1722   0.1744   0.1766   0.1788    0.181   0.1832   0.1854   0.1876   0.1898   0.1921   0.1943   0.1965   0.1987   0.2009   0.2031   0.2053   0.2075   0.2097   0.2119   0.2141   0.2163   0.2185   0.2208    0.223   0.2252   0.2274   0.2296   0.2318    0.234   0.2362   0.2384   0.2406   0.2428    0.245   0.2472   0.2494   0.2517   0.2539   0.2561   0.2583   0.2605   0.2627   0.2649   0.2671   0.2693   0.2715   0.2737   0.2759   0.2781   0.2804   0.2826   0.2848    0.287   0.2892   0.2914   0.2936   0.2958    0.298   0.3002   0.3024   0.3046   0.3068   0.3091   0.3113   0.3135   0.3157   0.3179   0.3201   0.3223   0.3245   0.3267   0.3289   0.3311   0.3333   0.3355   0.3377     0.34   0.3422   0.3444   0.3466   0.3488    0.351   0.3532   0.3554   0.3576   0.3598    0.362   0.3642   0.3664   0.3687   0.3709   0.3731   0.3753   0.3775   0.3797   0.3819   0.3841   0.3863   0.3885   0.3907   0.3929   0.3951   0.3974   0.3996   0.4018    0.404   0.4062   0.4084   0.4106   0.4128    0.415   0.4172   0.4194   0.4216   0.4238    0.426   0.4283   0.4305   0.4327   0.4349   0.4371   0.4393   0.4415   0.4437   0.4459   0.4481   0.4503   0.4525   0.4547    0.457   0.4592   0.4614   0.4636   0.4658    0.468   0.4702   0.4724   0.4746   0.4768    0.479   0.4812   0.4834   0.4857   0.4879   0.4901   0.4923   0.4945   0.4967   0.4989
    S      0.0    0.121   0.3025      1.0   0.0143   0.1165   0.3165   0.2914   0.0883   0.1602    0.166   0.2209   0.2282   0.1596   0.1223   0.0341   0.0719   0.0961   0.0976   0.1234    0.265    0.109   0.1367   0.1201   0.0839   0.1144   0.0768   0.1899   0.1754    0.044   0.2177   0.1104   0.0703   0.1145   0.0294   0.0482   0.0893    0.069   0.0643   0.0483   0.0551     0.14   0.1804    0.036   0.0454   0.0761   0.0421   0.0513   0.0781   0.1002   0.0491   0.1692   0.0361   0.0529   0.1574   0.0666   0.0785   0.1166   0.0369   0.1017   0.1689   0.0868   0.0494   0.0514   0.1492   0.0997   0.0711   0.2472   0.0506   0.0485   0.0543     0.07   0.0833   0.1024   0.1776   0.0584   0.3207   0.0705   0.0973   0.0532   0.1384    0.104   0.1242   0.0962   0.1231   0.0812   0.1101   0.1092   0.1151   0.1356   0.0694   0.2293   0.0559   0.0334   0.1097   0.1164   0.2538   0.0614    0.096   0.0497   0.0716   0.0649   0.1578   0.0614   0.1793   0.0832   0.3757   0.0366   0.1197   0.0368   0.1472   0.2647    0.044   0.0583   0.1452   0.0344    0.088   0.1904   0.1644   0.0249   0.0502   0.0786   0.1388   0.0769   0.0786    0.124   0.0743   0.1058   0.0632   0.0176   0.1089   0.1455   0.1336   0.0131   0.1966   0.0373   0.1376   0.0621    0.056   0.0707    0.061   0.1163   0.1216   0.0464   0.2956   0.1107   0.0704   0.1274   0.0855    0.111   0.1226   0.0527   0.1259   0.0374   0.0625   0.0673   0.1225     0.09   0.1648   0.0532   0.1192   0.0791   0.1181    0.067   0.1001   0.1697   0.1212   0.0906    0.129   0.0853   0.0883   0.1123   0.0853   0.2994   0.0936   0.0273   0.1919   0.0162   0.1178   0.0378   0.1052   0.0774   0.1285   0.0289   0.2241   0.0593   0.0798   0.1743   0.0907    0.068   0.1004   0.0853   0.1125   0.0291    0.221   0.0744   0.0615   0.0382   0.1131   0.0331   0.0786   0.0337   0.0745   0.0785   0.1423   0.0186   0.0261   0.0586   0.1327   0.1621   0.1068   0.1637   0.0814   0.0356   0.0761   0.1173   0.0355   0.2056   0.1036   0.1919   0.4807   0.1118   0.1135   0.1739   0.1978   0.1372   0.0696
  snr   -13.86
    H      5.2
 exon    False

M: eiip
 freq      0.0   0.0022   0.0044   0.0066   0.0088    0.011   0.0132   0.0155   0.0177   0.0199   0.0221   0.0243   0.0265   0.0287   0.0309   0.0331   0.0353   0.0375   0.0397   0.0419   0.0442   0.0464   0.0486   0.0508    0.053   0.0552   0.0574   0.0596   0.0618    0.064   0.0662   0.0684   0.0706   0.0728   0.0751   0.0773   0.0795   0.0817   0.0839   0.0861   0.0883   0.0905   0.0927   0.0949   0.0971   0.0993   0.1015   0.1038    0.106   0.1082   0.1104   0.1126   0.1148    0.117   0.1192   0.1214   0.1236   0.1258    0.128   0.1302   0.1325   0.1347   0.1369   0.1391   0.1413   0.1435   0.1457   0.1479   0.1501   0.1523   0.1545   0.1567   0.1589   0.1611   0.1634   0.1656   0.1678     0.17   0.1722   0.1744   0.1766   0.1788    0.181   0.1832   0.1854   0.1876   0.1898   0.1921   0.1943   0.1965   0.1987   0.2009   0.2031   0.2053   0.2075   0.2097   0.2119   0.2141   0.2163   0.2185   0.2208    0.223   0.2252   0.2274   0.2296   0.2318    0.234   0.2362   0.2384   0.2406   0.2428    0.245   0.2472   0.2494   0.2517   0.2539   0.2561   0.2583   0.2605   0.2627   0.2649   0.2671   0.2693   0.2715   0.2737   0.2759   0.2781   0.2804   0.2826   0.2848    0.287   0.2892   0.2914   0.2936   0.2958    0.298   0.3002   0.3024   0.3046   0.3068   0.3091   0.3113   0.3135   0.3157   0.3179   0.3201   0.3223   0.3245   0.3267   0.3289   0.3311   0.3333   0.3355   0.3377     0.34   0.3422   0.3444   0.3466   0.3488    0.351   0.3532   0.3554   0.3576   0.3598    0.362   0.3642   0.3664   0.3687   0.3709   0.3731   0.3753   0.3775   0.3797   0.3819   0.3841   0.3863   0.3885   0.3907   0.3929   0.3951   0.3974   0.3996   0.4018    0.404   0.4062   0.4084   0.4106   0.4128    0.415   0.4172   0.4194   0.4216   0.4238    0.426   0.4283   0.4305   0.4327   0.4349   0.4371   0.4393   0.4415   0.4437   0.4459   0.4481   0.4503   0.4525   0.4547    0.457   0.4592   0.4614   0.4636   0.4658    0.468   0.4702   0.4724   0.4746   0.4768    0.479   0.4812   0.4834   0.4857   0.4879   0.4901   0.4923   0.4945   0.4967   0.4989
    S      0.0   0.2029   0.0585   0.0351   0.0295   0.3206   0.0037   0.1302   0.0189    0.208   0.3653   0.1088   0.3847    0.792     0.51   0.0944   0.3915    0.237   0.0633   0.2398   0.0542   0.1009   0.2636    0.317   0.1148   0.3426   0.0795   0.5157   0.0761   0.1919   0.0681    0.154   0.0998    0.707   0.0096   0.0269   0.2904   0.0743   0.1216   0.1059   0.1916   0.0201   0.0325    0.034   0.1865   0.1021   0.1709   0.0171   0.2198   0.2679   0.2164   0.2145   0.0659   0.0184   0.1856   0.0664   0.0888   0.4348   0.0547   0.0558    0.596   0.0006   0.0386   0.2928   0.6548   0.1126   0.1078   0.3441   0.0251   0.0896   0.0695   0.1898   0.1113   0.0568   0.0814   0.1836   0.1726   0.1226   0.0835   0.0646   0.0025   0.3188   0.1992   0.3924   0.2025   0.6633   0.8864   0.0131   0.1858   0.3888    0.203   0.0652    0.097   0.0111    0.569   0.7641    0.392   0.0905   0.3448   0.2551    0.077   0.3968   0.0122     0.06   0.0756    0.014      1.0   0.1237   0.4308   0.0312   0.3908   0.0101   0.2581   0.2653   0.1833   0.0954   0.0078   0.0325   0.6084    0.178    0.193   0.2092   0.2669   0.1086    0.005   0.1915   0.3094   0.3888    0.205   0.0772   0.4921   0.4205   0.2409   0.0356   0.5105   0.0964   0.1507   0.0479   0.3031   0.4846   0.3793   0.1579   0.0009   0.0447   0.5631   0.2366   0.0265   0.5594   0.0904   0.3941   0.0142    0.135   0.1023   0.0382   0.1219   0.3712   0.2573   0.0915   0.1495   0.0061   0.1997   0.4646   0.1447   0.0034   0.0568    0.095   0.1467   0.0426   0.3373   0.1751   0.0158    0.441   0.0613   0.8366   0.1124   0.1344   0.5767   0.0734   0.1306   0.0744   0.3183   0.1314   0.3381   0.0977   0.0336   0.5417   0.2864   0.0677   0.3853   0.2385   0.1681   0.3721   0.8632   0.0367   0.0788   0.4292   0.1238   0.0122   0.4775   0.0537   0.0459   0.0002    0.391    0.369   0.2503    0.018   0.0217    0.138   0.3398   0.0051    0.105   0.4802   0.1467   0.0101   0.3015   0.1397   0.1965    0.259   0.2479   0.1857   0.3755    0.032   0.0161   0.1973   0.0171   0.6722   0.3487
  snr   -16.65
    H     5.02
 exon    False

M: qpsk
 freq      0.0   0.0022   0.0044   0.0066   0.0088    0.011   0.0132   0.0155   0.0177   0.0199   0.0221   0.0243   0.0265   0.0287   0.0309   0.0331   0.0353   0.0375   0.0397   0.0419   0.0442   0.0464   0.0486   0.0508    0.053   0.0552   0.0574   0.0596   0.0618    0.064   0.0662   0.0684   0.0706   0.0728   0.0751   0.0773   0.0795   0.0817   0.0839   0.0861   0.0883   0.0905   0.0927   0.0949   0.0971   0.0993   0.1015   0.1038    0.106   0.1082   0.1104   0.1126   0.1148    0.117   0.1192   0.1214   0.1236   0.1258    0.128   0.1302   0.1325   0.1347   0.1369   0.1391   0.1413   0.1435   0.1457   0.1479   0.1501   0.1523   0.1545   0.1567   0.1589   0.1611   0.1634   0.1656   0.1678     0.17   0.1722   0.1744   0.1766   0.1788    0.181   0.1832   0.1854   0.1876   0.1898   0.1921   0.1943   0.1965   0.1987   0.2009   0.2031   0.2053   0.2075   0.2097   0.2119   0.2141   0.2163   0.2185   0.2208    0.223   0.2252   0.2274   0.2296   0.2318    0.234   0.2362   0.2384   0.2406   0.2428    0.245   0.2472   0.2494   0.2517   0.2539   0.2561   0.2583   0.2605   0.2627   0.2649   0.2671   0.2693   0.2715   0.2737   0.2759   0.2781   0.2804   0.2826   0.2848    0.287   0.2892   0.2914   0.2936   0.2958    0.298   0.3002   0.3024   0.3046   0.3068   0.3091   0.3113   0.3135   0.3157   0.3179   0.3201   0.3223   0.3245   0.3267   0.3289   0.3311   0.3333   0.3355   0.3377     0.34   0.3422   0.3444   0.3466   0.3488    0.351   0.3532   0.3554   0.3576   0.3598    0.362   0.3642   0.3664   0.3687   0.3709   0.3731   0.3753   0.3775   0.3797   0.3819   0.3841   0.3863   0.3885   0.3907   0.3929   0.3951   0.3974   0.3996   0.4018    0.404   0.4062   0.4084   0.4106   0.4128    0.415   0.4172   0.4194   0.4216   0.4238    0.426   0.4283   0.4305   0.4327   0.4349   0.4371   0.4393   0.4415   0.4437   0.4459   0.4481   0.4503   0.4525   0.4547    0.457   0.4592   0.4614   0.4636   0.4658    0.468   0.4702   0.4724   0.4746   0.4768    0.479   0.4812   0.4834   0.4857   0.4879   0.4901   0.4923   0.4945   0.4967   0.4989
    S      0.0   0.1641   0.2898      1.0   0.0199   0.1115   0.2375   0.1708   0.1035   0.2492   0.1876   0.2664   0.1803    0.214   0.1752   0.0327   0.0935   0.0113   0.1194   0.1519   0.1306   0.1363    0.204    0.182   0.0643   0.1694   0.0859   0.2871   0.1342   0.0454   0.1764   0.1657   0.0625   0.1561   0.0442   0.0235   0.1371   0.0994   0.1002   0.0535   0.0799   0.1018   0.1734   0.0302   0.0355    0.092   0.0649   0.0604   0.1109   0.0356   0.0739   0.1071   0.0307   0.0627    0.216    0.062   0.0886   0.1447   0.0351   0.0465   0.1601   0.0587   0.0682   0.0702   0.2089   0.0443     0.08   0.3913   0.0301   0.0238   0.0841   0.0486   0.0629   0.0742   0.1532   0.0663     0.21   0.0815   0.0877   0.0839   0.0692   0.1279   0.1342   0.1012   0.1925   0.1113   0.1593   0.1522   0.1596    0.108   0.0525   0.1844   0.0828   0.0298   0.1199     0.13    0.343   0.0275   0.1158   0.0712   0.1016   0.0448   0.0752   0.0572    0.073   0.1225   0.5835   0.0528   0.1353   0.0343   0.1766   0.2081   0.0415   0.0719   0.0828   0.0357   0.1013   0.2773   0.2298   0.0376   0.0318   0.0705   0.1364   0.0693   0.1177   0.0588   0.1039   0.0676   0.0798   0.0227   0.1453   0.1951   0.0914   0.0173   0.2664   0.0426   0.0609   0.0866    0.065   0.1119   0.0746   0.1029   0.1076    0.029   0.1315   0.0555   0.0214   0.1096   0.1099    0.132   0.0491   0.0694   0.1301    0.052    0.067   0.0356    0.151   0.0928   0.2297   0.0283   0.0772   0.0299   0.1288   0.0435   0.0705   0.1806   0.1222    0.121   0.1811   0.0963    0.061   0.0361   0.0918   0.3277   0.1198   0.0084   0.2914   0.0176   0.1289   0.0045   0.1568   0.1112   0.0648   0.0319   0.2315   0.0747   0.1233   0.1688   0.1345   0.0663   0.0957   0.0658   0.1731   0.0343   0.2642   0.0285   0.0522   0.0556   0.0707   0.0366   0.1141    0.048   0.0444   0.0542   0.0549   0.0095   0.0272   0.0911   0.0715   0.1933   0.0267   0.2144   0.0747     0.04   0.1133   0.1056   0.0407   0.1798   0.1172   0.2418   0.4799   0.0585   0.0617   0.1856   0.2245    0.106   0.0634
  snr   -13.95
    H     5.15
 exon    False

M: mem
 freq      0.0   0.0022   0.0044   0.0066   0.0088   0.0111   0.0133   0.0155   0.0177   0.0199   0.0221   0.0243   0.0265   0.0288    0.031   0.0332   0.0354   0.0376   0.0398    0.042   0.0442   0.0465   0.0487   0.0509   0.0531   0.0553   0.0575   0.0597   0.0619   0.0642   0.0664   0.0686   0.0708    0.073   0.0752   0.0774   0.0796   0.0819   0.0841   0.0863   0.0885   0.0907   0.0929   0.0951   0.0973   0.0996   0.1018    0.104   0.1062   0.1084   0.1106   0.1128    0.115   0.1173   0.1195   0.1217   0.1239   0.1261   0.1283   0.1305   0.1327    0.135   0.1372   0.1394   0.1416   0.1438    0.146   0.1482   0.1504   0.1527   0.1549   0.1571   0.1593   0.1615   0.1637   0.1659   0.1681   0.1704   0.1726   0.1748    0.177   0.1792   0.1814   0.1836   0.1858   0.1881   0.1903   0.1925   0.1947   0.1969   0.1991   0.2013   0.2035   0.2058    0.208   0.2102   0.2124   0.2146   0.2168    0.219   0.2212   0.2235   0.2257   0.2279   0.2301   0.2323   0.2345   0.2367   0.2389   0.2412   0.2434   0.2456   0.2478     0.25   0.2522   0.2544   0.2566   0.2588   0.2611   0.2633   0.2655   0.2677   0.2699   0.2721   0.2743   0.2765   0.2788    0.281   0.2832   0.2854   0.2876   0.2898    0.292   0.2942   0.2965   0.2987   0.3009   0.3031   0.3053   0.3075   0.3097   0.3119   0.3142   0.3164   0.3186   0.3208    0.323   0.3252   0.3274   0.3296   0.3319   0.3341   0.3363   0.3385   0.3407   0.3429   0.3451   0.3473   0.3496   0.3518    0.354   0.3562   0.3584   0.3606   0.3628    0.365   0.3673   0.3695   0.3717   0.3739   0.3761   0.3783   0.3805   0.3827    0.385   0.3872   0.3894   0.3916   0.3938    0.396   0.3982   0.4004   0.4027   0.4049   0.4071   0.4093   0.4115   0.4137   0.4159   0.4181   0.4204   0.4226   0.4248    0.427   0.4292   0.4314   0.4336   0.4358   0.4381   0.4403   0.4425   0.4447   0.4469   0.4491   0.4513   0.4535   0.4558    0.458   0.4602   0.4624   0.4646   0.4668    0.469   0.4712   0.4735   0.4757   0.4779   0.4801   0.4823   0.4845   0.4867   0.4889   0.4912   0.4934   0.4956   0.4978
    S      0.0   0.0649   0.0207      1.0   0.0111   0.0984   0.3643    0.164    0.058   0.0472   0.0455   0.1653   0.1006   0.0767   0.0202   0.0321   0.0244   0.0634   0.0268   0.0108   0.1584   0.0513   0.0142   0.0142   0.0123   0.0493   0.0357    0.065   0.1651   0.0343   0.1916   0.0307   0.0293    0.063   0.0219   0.0692   0.0153   0.0363    0.008   0.0224      0.0   0.1773   0.1341   0.0443   0.0188   0.0201   0.0101   0.0217   0.0278    0.067   0.0255   0.2019   0.0254   0.0668   0.0851   0.0551   0.0358   0.0655   0.0019   0.1104   0.1133   0.0469    0.013   0.0017   0.0251   0.0373    0.037   0.0861   0.0264   0.0236   0.0153   0.0227   0.1238   0.1161   0.0714   0.0348   0.3992   0.0099   0.0389   0.0025   0.0855   0.0134    0.052   0.0351    0.055   0.0174   0.0097   0.0158   0.0052   0.0504   0.1073   0.1519   0.0304   0.0126   0.0132   0.0237   0.0548   0.0569   0.0087   0.0074   0.0622   0.0755   0.1067   0.0849   0.0868   0.0705   0.0511   0.0111   0.0401   0.0281   0.0158   0.3597   0.0108   0.0972   0.0387   0.0225   0.0063   0.0971   0.0815   0.0058    0.016   0.0406   0.0182   0.0362   0.0297   0.0893    0.002   0.0692   0.0055    0.004   0.0125   0.0445   0.0707    0.038   0.0618    0.068   0.0427   0.0216   0.0082   0.0098   0.0311   0.0383   0.0966   0.0698   0.2185   0.2028   0.0437   0.1036   0.0464   0.1829    0.016   0.0415   0.0273   0.0428    0.003   0.0289   0.0072   0.0265   0.0398   0.0497   0.1216   0.2041   0.0128    0.083   0.0179   0.0742   0.0921   0.0054   0.0218   0.0386   0.0764   0.0826   0.0222   0.1214    0.007   0.0724   0.0248   0.0171   0.0813   0.0293   0.0473   0.1462   0.0004   0.0389   0.1428   0.0981     0.07   0.0595   0.0093   0.1774   0.0034   0.0831   0.0117   0.0523   0.1282   0.0717   0.0107   0.0291   0.0461   0.0093   0.0131   0.0162   0.0007   0.0088   0.1753   0.0131   0.0038   0.0145    0.008   0.2531   0.0507   0.0377   0.0265   0.0386   0.0177   0.1158   0.2061   0.0156   0.0347   0.1147   0.2223   0.0548    0.064   0.1584   0.2283   0.0155
  snr   -11.28
    H     4.87
 exon    False

M: tbpse
 freq      0.0   0.0022   0.0044   0.0066   0.0088    0.011   0.0132   0.0155   0.0177   0.0199   0.0221   0.0243   0.0265   0.0287   0.0309   0.0331   0.0353   0.0375   0.0397   0.0419   0.0442   0.0464   0.0486   0.0508    0.053   0.0552   0.0574   0.0596   0.0618    0.064   0.0662   0.0684   0.0706   0.0728   0.0751   0.0773   0.0795   0.0817   0.0839   0.0861   0.0883   0.0905   0.0927   0.0949   0.0971   0.0993   0.1015   0.1038    0.106   0.1082   0.1104   0.1126   0.1148    0.117   0.1192   0.1214   0.1236   0.1258    0.128   0.1302   0.1325   0.1347   0.1369   0.1391   0.1413   0.1435   0.1457   0.1479   0.1501   0.1523   0.1545   0.1567   0.1589   0.1611   0.1634   0.1656   0.1678     0.17   0.1722   0.1744   0.1766   0.1788    0.181   0.1832   0.1854   0.1876   0.1898   0.1921   0.1943   0.1965   0.1987   0.2009   0.2031   0.2053   0.2075   0.2097   0.2119   0.2141   0.2163   0.2185   0.2208    0.223   0.2252   0.2274   0.2296   0.2318    0.234   0.2362   0.2384   0.2406   0.2428    0.245   0.2472   0.2494   0.2517   0.2539   0.2561   0.2583   0.2605   0.2627   0.2649   0.2671   0.2693   0.2715   0.2737   0.2759   0.2781   0.2804   0.2826   0.2848    0.287   0.2892   0.2914   0.2936   0.2958    0.298   0.3002   0.3024   0.3046   0.3068   0.3091   0.3113   0.3135   0.3157   0.3179   0.3201   0.3223   0.3245   0.3267   0.3289   0.3311   0.3333   0.3355   0.3377     0.34   0.3422   0.3444   0.3466   0.3488    0.351   0.3532   0.3554   0.3576   0.3598    0.362   0.3642   0.3664   0.3687   0.3709   0.3731   0.3753   0.3775   0.3797   0.3819   0.3841   0.3863   0.3885   0.3907   0.3929   0.3951   0.3974   0.3996   0.4018    0.404   0.4062   0.4084   0.4106   0.4128    0.415   0.4172   0.4194   0.4216   0.4238    0.426   0.4283   0.4305   0.4327   0.4349   0.4371   0.4393   0.4415   0.4437   0.4459   0.4481   0.4503   0.4525   0.4547    0.457   0.4592   0.4614   0.4636   0.4658    0.468   0.4702   0.4724   0.4746   0.4768    0.479   0.4812   0.4834   0.4857   0.4879   0.4901   0.4923   0.4945   0.4967   0.4989
    S      0.0   0.1525   0.0956      1.0   0.0106   0.0451   0.3354   0.1837   0.0353   0.0564   0.0583   0.2051   0.0484   0.0202    0.144   0.0036   0.0536   0.0242   0.0586   0.0948   0.2132   0.1044   0.0191   0.0766   0.0202   0.0817   0.1089     0.24   0.1744   0.0218   0.2361   0.0069   0.0286   0.0203   0.0201   0.0352   0.0746   0.0646   0.0073    0.057   0.0381   0.1257   0.2242   0.0197   0.0237   0.0542   0.0246   0.0189    0.022   0.0479   0.0292   0.1312   0.0398   0.0537   0.1063   0.0916   0.0823   0.1535   0.0461   0.1007   0.0954   0.0885   0.0384   0.0381   0.2075   0.0164   0.1016   0.1755   0.0415    0.004   0.0134   0.0471   0.0426   0.0719   0.2137   0.0651   0.2507   0.0395   0.1067     0.03   0.1047   0.0617   0.1211   0.0936   0.0432    0.066   0.0851    0.023   0.0097   0.0527   0.0488   0.3009   0.0335   0.0384   0.0285   0.0782   0.1928   0.0313   0.0344   0.0354   0.0758   0.0038   0.1697   0.0643   0.1586   0.0322   0.2867   0.0533   0.1415   0.0223   0.0597   0.3131   0.0029   0.0469   0.1107   0.0063   0.0113   0.0802   0.0111    0.019   0.0295   0.0823   0.0867   0.0123   0.0073   0.1027   0.0547   0.0524   0.0356   0.0035   0.1441   0.1815   0.0999   0.0114   0.0894   0.0165   0.0429   0.0066   0.0332    0.075   0.0212   0.0122   0.1299   0.0506   0.1199   0.0427   0.0431   0.0456   0.0094   0.0243   0.1223   0.0782   0.1548   0.0079    0.076   0.0132   0.0949   0.0654   0.0078   0.0515   0.0813   0.0113   0.1298   0.0536   0.0636   0.1706   0.1758   0.0182     0.02   0.1201   0.0513   0.0192   0.0393   0.3028   0.0392   0.0074   0.1121   0.0038    0.124   0.0111   0.0848   0.0492   0.0351   0.0255   0.1732   0.0336   0.0413   0.2366   0.1091   0.0091    0.038   0.0255   0.0817   0.0262    0.252   0.0007   0.0718   0.0258   0.0724   0.0493   0.0098   0.0112   0.0072   0.0294   0.0692   0.0149   0.0301   0.0104   0.0139   0.1559   0.0751   0.0938   0.0373    0.005   0.0883   0.0548   0.0224   0.2567   0.1235   0.1681   0.6828   0.1106   0.1102   0.1866    0.196    0.074    0.046
  snr   -12.44
    H     4.95
 exon    False

M: snrse
 freq      0.0   0.0022   0.0044   0.0066   0.0088    0.011   0.0132   0.0155   0.0177   0.0199   0.0221   0.0243   0.0265   0.0287   0.0309   0.0331   0.0353   0.0375   0.0397   0.0419   0.0442   0.0464   0.0486   0.0508    0.053   0.0552   0.0574   0.0596   0.0618    0.064   0.0662   0.0684   0.0706   0.0728   0.0751   0.0773   0.0795   0.0817   0.0839   0.0861   0.0883   0.0905   0.0927   0.0949   0.0971   0.0993   0.1015   0.1038    0.106   0.1082   0.1104   0.1126   0.1148    0.117   0.1192   0.1214   0.1236   0.1258    0.128   0.1302   0.1325   0.1347   0.1369   0.1391   0.1413   0.1435   0.1457   0.1479   0.1501   0.1523   0.1545   0.1567   0.1589   0.1611   0.1634   0.1656   0.1678     0.17   0.1722   0.1744   0.1766   0.1788    0.181   0.1832   0.1854   0.1876   0.1898   0.1921   0.1943   0.1965   0.1987   0.2009   0.2031   0.2053   0.2075   0.2097   0.2119   0.2141   0.2163   0.2185   0.2208    0.223   0.2252   0.2274   0.2296   0.2318    0.234   0.2362   0.2384   0.2406   0.2428    0.245   0.2472   0.2494   0.2517   0.2539   0.2561   0.2583   0.2605   0.2627   0.2649   0.2671   0.2693   0.2715   0.2737   0.2759   0.2781   0.2804   0.2826   0.2848    0.287   0.2892   0.2914   0.2936   0.2958    0.298   0.3002   0.3024   0.3046   0.3068   0.3091   0.3113   0.3135   0.3157   0.3179   0.3201   0.3223   0.3245   0.3267   0.3289   0.3311   0.3333   0.3355   0.3377     0.34   0.3422   0.3444   0.3466   0.3488    0.351   0.3532   0.3554   0.3576   0.3598    0.362   0.3642   0.3664   0.3687   0.3709   0.3731   0.3753   0.3775   0.3797   0.3819   0.3841   0.3863   0.3885   0.3907   0.3929   0.3951   0.3974   0.3996   0.4018    0.404   0.4062   0.4084   0.4106   0.4128    0.415   0.4172   0.4194   0.4216   0.4238    0.426   0.4283   0.4305   0.4327   0.4349   0.4371   0.4393   0.4415   0.4437   0.4459   0.4481   0.4503   0.4525   0.4547    0.457   0.4592   0.4614   0.4636   0.4658    0.468   0.4702   0.4724   0.4746   0.4768    0.479   0.4812   0.4834   0.4857   0.4879   0.4901   0.4923   0.4945   0.4967   0.4989
    S      0.0   0.0869   0.0009      1.0   0.0113   0.0734    0.305   0.0898   0.0639   0.0875    0.029   0.1916    0.074   0.0549   0.0243   0.0198   0.0239   0.0202   0.0395   0.0149   0.0912   0.0591   0.0268    0.027   0.0053   0.0446   0.0538   0.1252    0.121   0.0275   0.1866   0.0371   0.0242   0.0355   0.0255   0.0395   0.0338   0.0462   0.0171   0.0177   0.0014   0.1111   0.1632   0.0351   0.0149   0.0332   0.0076   0.0128   0.0346   0.0428   0.0218   0.1516   0.0257   0.0491   0.1384   0.0428   0.0336   0.0355   0.0112   0.0713   0.0836   0.0637   0.0271   0.0034   0.0416   0.0045   0.0363   0.1665   0.0335   0.0048   0.0226   0.0143   0.0656   0.0958   0.0887   0.0126   0.2957   0.0364     0.02   0.0331   0.0452   0.0072   0.0321   0.0503   0.0665   0.0027   0.0022    0.043   0.0251   0.0364   0.0303   0.1779   0.0246   0.0301   0.0054   0.0273    0.082   0.0516   0.0017   0.0003   0.0549   0.0344    0.086   0.0135   0.0832   0.0701   0.1586   0.0194   0.0429   0.0025   0.0328   0.2394   0.0226   0.0217   0.0837   0.0237   0.0093     0.11   0.0865   0.0001   0.0095   0.0233   0.0082   0.0205   0.0309   0.0891   0.0178   0.0145   0.0067   0.0045   0.0316   0.0446   0.0209   0.0004   0.1394   0.0195    0.035   0.0268   0.0067   0.0045    0.012   0.0019   0.1232   0.0292   0.2258    0.093   0.0272   0.0318   0.0236    0.037   0.0657   0.0274   0.0921   0.0293   0.0215   0.0035   0.0043   0.0172   0.0469   0.0399   0.0982   0.0322   0.0595     0.02   0.0168   0.1519   0.0613   0.0535   0.0307   0.0503   0.0092    0.052   0.0043   0.1099   0.0438   0.0084   0.1056   0.0017   0.0983    0.009   0.0615   0.0553   0.0173   0.0084   0.2405   0.0042    0.004   0.1473   0.0362   0.0331   0.0893   0.0339   0.0044   0.0065   0.2134   0.0103    0.025   0.0326   0.0449   0.0162   0.0162   0.0222   0.0322   0.0259   0.1139   0.0098   0.0141   0.0118    0.001   0.1692   0.0801   0.0037   0.0651   0.0067   0.0411   0.1174   0.0098   0.1073    0.058   0.0768   0.3514   0.0447   0.1015   0.0584   0.2007   0.0303   0.0339
  snr   -10.72
    H     4.83
 exon    False