>data-XV-cerevisiae-intergenic-327
N: 229
Methods: voss, eiip, qpsk, mem, alg1, alg2

M: voss
 freq      0.0   0.0044   0.0087   0.0131   0.0175   0.0218   0.0262   0.0306   0.0349   0.0393   0.0437    0.048   0.0524   0.0568   0.0611   0.0655   0.0699   0.0742   0.0786    0.083   0.0873   0.0917   0.0961   0.1004   0.1048   0.1092   0.1135   0.1179   0.1223   0.1266    0.131   0.1354   0.1397   0.1441   0.1485   0.1528   0.1572   0.1616   0.1659   0.1703   0.1747    0.179   0.1834   0.1878   0.1921   0.1965   0.2009   0.2052   0.2096    0.214   0.2183   0.2227   0.2271   0.2314   0.2358   0.2402   0.2445   0.2489   0.2533   0.2576    0.262   0.2664   0.2707   0.2751   0.2795   0.2838   0.2882   0.2926   0.2969   0.3013   0.3057     0.31   0.3144   0.3188   0.3231   0.3275   0.3319   0.3362   0.3406    0.345   0.3493   0.3537   0.3581   0.3624   0.3668   0.3712   0.3755   0.3799   0.3843   0.3886    0.393   0.3974   0.4017   0.4061   0.4105   0.4148   0.4192   0.4236   0.4279   0.4323   0.4367    0.441   0.4454   0.4498   0.4541   0.4585   0.4629   0.4672   0.4716    0.476   0.4803   0.4847   0.4891   0.4934   0.4978
    S      0.0   0.5017     0.22   0.3986   0.1812   0.2053   0.1836   0.1149    0.205   0.3733   0.0344   0.1986   0.0938   0.2435   0.2251   0.1921   0.1986   0.5101   0.1131   0.1115   0.1018   0.2116   0.2473   0.2526   0.2792   0.1022   0.0643   0.0749   0.0278   0.2113   0.1346   0.2898    0.103   0.1981   0.0941   0.1392   0.1562   0.2629   0.2918   0.0271   0.5041   0.1258   0.2977   0.0896   0.0754   0.0708   0.2508   0.0816   0.1303   0.5078   0.1992   0.2107   0.3427   0.2608   0.0928   0.2059   0.1444   0.3217   0.2249   0.1453   0.0893   0.0983   0.1547   0.0649   0.0512   0.1124   0.2438   0.1418   0.1025   0.2108   0.0585   0.0978   0.2486   0.0286   0.2545   0.1363   0.4097   0.0808   0.5283   0.1662   0.2156   0.1659   0.2069   0.2632   0.0713   0.1318    0.291   0.1173   0.1913    0.047   0.0771    0.227   0.3394   0.3228   0.1195   0.2059    0.087   0.1246   0.2836   0.1824   0.3479    0.107   0.1882   0.1825   0.0656   0.2079   0.5668   0.0963   0.0509   0.4148   0.2685   0.2079   0.1306   0.3216      1.0
  snr   -13.42
    H     4.53
 exon    False

M: eiip
 freq      0.0   0.0044   0.0087   0.0131   0.0175   0.0218   0.0262   0.0306   0.0349   0.0393   0.0437    0.048   0.0524   0.0568   0.0611   0.0655   0.0699   0.0742   0.0786    0.083   0.0873   0.0917   0.0961   0.1004   0.1048   0.1092   0.1135   0.1179   0.1223   0.1266    0.131   0.1354   0.1397   0.1441   0.1485   0.1528   0.1572   0.1616   0.1659   0.1703   0.1747    0.179   0.1834   0.1878   0.1921   0.1965   0.2009   0.2052   0.2096    0.214   0.2183   0.2227   0.2271   0.2314   0.2358   0.2402   0.2445   0.2489   0.2533   0.2576    0.262   0.2664   0.2707   0.2751   0.2795   0.2838   0.2882   0.2926   0.2969   0.3013   0.3057     0.31   0.3144   0.3188   0.3231   0.3275   0.3319   0.3362   0.3406    0.345   0.3493   0.3537   0.3581   0.3624   0.3668   0.3712   0.3755   0.3799   0.3843   0.3886    0.393   0.3974   0.4017   0.4061   0.4105   0.4148   0.4192   0.4236   0.4279   0.4323   0.4367    0.441   0.4454   0.4498   0.4541   0.4585   0.4629   0.4672   0.4716    0.476   0.4803   0.4847   0.4891   0.4934   0.4978
    S      0.0   0.3251    0.082   0.3357   0.1164   0.0625   0.0474   0.0371   0.2998   0.0665   0.0359   0.4782   0.0853   0.0517   0.2934   0.1268   0.0892   0.3924   0.1784   0.0155   0.0408   0.1457    0.171   0.1071   0.2247   0.1254   0.0011   0.0143   0.0003   0.0622   0.0432   0.3376   0.1508   0.0244   0.2463   0.2404   0.0083   0.3519   0.0949   0.0208   0.1776   0.0025    0.099   0.0426   0.0011   0.0909   0.0372   0.0047    0.209   0.1383   0.0767   0.0724   0.4071   0.1169   0.1555   0.1412    0.028   0.1683   0.0256   0.1118   0.1582   0.1743   0.0375   0.1236   0.0534   0.2653   0.1053   0.0804   0.0953    0.136    0.001   0.2179   0.0946   0.0131   0.2193   0.0245   0.1716    0.039   0.1107   0.2314   0.1575   0.1044   0.0756    0.271    0.047   0.0561   0.1536   0.0549   0.1602   0.0657   0.0038   0.0344   0.0242   0.1727    0.027    0.194   0.0583   0.1928   0.2808   0.0485   0.2486   0.0554   0.0573   0.0873   0.0451   0.2511      1.0     0.14   0.1116   0.9798   0.3957   0.2636   0.0669   0.0313   0.4607
  snr   -11.87
    H      4.3
 exon    False

M: qpsk
 freq      0.0   0.0044   0.0087   0.0131   0.0175   0.0218   0.0262   0.0306   0.0349   0.0393   0.0437    0.048   0.0524   0.0568   0.0611   0.0655   0.0699   0.0742   0.0786    0.083   0.0873   0.0917   0.0961   0.1004   0.1048   0.1092   0.1135   0.1179   0.1223   0.1266    0.131   0.1354   0.1397   0.1441   0.1485   0.1528   0.1572   0.1616   0.1659   0.1703   0.1747    0.179   0.1834   0.1878   0.1921   0.1965   0.2009   0.2052   0.2096    0.214   0.2183   0.2227   0.2271   0.2314   0.2358   0.2402   0.2445   0.2489   0.2533   0.2576    0.262   0.2664   0.2707   0.2751   0.2795   0.2838   0.2882   0.2926   0.2969   0.3013   0.3057     0.31   0.3144   0.3188   0.3231   0.3275   0.3319   0.3362   0.3406    0.345   0.3493   0.3537   0.3581   0.3624   0.3668   0.3712   0.3755   0.3799   0.3843   0.3886    0.393   0.3974   0.4017   0.4061   0.4105   0.4148   0.4192   0.4236   0.4279   0.4323   0.4367    0.441   0.4454   0.4498   0.4541   0.4585   0.4629   0.4672   0.4716    0.476   0.4803   0.4847   0.4891   0.4934   0.4978
    S      0.0   0.5981   0.2129   0.3052   0.1263   0.1532   0.1629   0.1171   0.1849   0.1901   0.0505   0.2799   0.1179    0.188   0.3513   0.2182   0.2314   0.3489   0.1724   0.1157   0.1347   0.2403   0.2808   0.2985   0.2034   0.0922   0.0464    0.067   0.0253   0.2219   0.1021   0.4298   0.0449   0.2115   0.1391   0.1503   0.1403   0.4134   0.4419   0.0274   0.1613   0.1486   0.3993   0.0905   0.0492   0.1131   0.2116   0.0862   0.0977   0.6053   0.2302    0.344   0.1286   0.2886   0.1335   0.1732   0.2111   0.2916   0.2134   0.2353   0.1124   0.1084   0.2517   0.0398   0.0666   0.0772   0.2886   0.1358     0.11   0.2793   0.0751   0.1491   0.2169   0.0448   0.3401   0.0517    0.439   0.0733   0.6016   0.2041   0.3424   0.1208   0.1012   0.0936   0.1126   0.1604   0.3628   0.1012   0.2413   0.0448   0.1106    0.242   0.3043   0.3846   0.1365   0.2086   0.0884   0.1009   0.3588   0.1444    0.333   0.1448   0.1752    0.053   0.0972   0.3059   0.9264   0.1423   0.0757   0.5985   0.2269   0.3249   0.1224   0.2887      1.0
  snr   -13.67
    H      4.5
 exon    False

M: mem
 freq      0.0   0.0044   0.0088   0.0132   0.0175   0.0219   0.0263   0.0307   0.0351   0.0395   0.0439   0.0482   0.0526    0.057   0.0614   0.0658   0.0702   0.0746   0.0789   0.0833   0.0877   0.0921   0.0965   0.1009   0.1053   0.1096    0.114   0.1184   0.1228   0.1272   0.1316    0.136   0.1404   0.1447   0.1491   0.1535   0.1579   0.1623   0.1667   0.1711   0.1754   0.1798   0.1842   0.1886    0.193   0.1974   0.2018   0.2061   0.2105   0.2149   0.2193   0.2237   0.2281   0.2325   0.2368   0.2412   0.2456     0.25   0.2544   0.2588   0.2632   0.2675   0.2719   0.2763   0.2807   0.2851   0.2895   0.2939   0.2982   0.3026    0.307   0.3114   0.3158   0.3202   0.3246   0.3289   0.3333   0.3377   0.3421   0.3465   0.3509   0.3553   0.3596    0.364   0.3684   0.3728   0.3772   0.3816    0.386   0.3904   0.3947   0.3991   0.4035   0.4079   0.4123   0.4167   0.4211   0.4254   0.4298   0.4342   0.4386    0.443   0.4474   0.4518   0.4561   0.4605   0.4649   0.4693   0.4737   0.4781   0.4825   0.4868   0.4912   0.4956
    S      0.0   0.0803   0.3189   0.8645   0.1153   0.2087   0.1289   0.0409   0.5251   0.0659   0.0063   0.4559   0.0153   0.2739   0.1515   0.0501   0.0006   0.9239   0.0471   0.0008   0.0368   0.0339   0.1474   0.0821   0.1407   0.0905   0.0362   0.0048   0.0072   0.0367   0.0521   0.2418   0.2509   0.0694   0.1492   0.0755   0.1729   0.3278   0.3618   0.1378   0.6277   0.1057   0.1026   0.0756   0.0141   0.0462   0.0248   0.0697   0.3481   0.1093   0.0567   0.2105   0.3406    0.055   0.0449   0.3351    0.127   0.0865   0.1302   0.1568   0.0286   0.0174    0.175   0.0807   0.1348   0.1393   0.1998    0.096   0.0401   0.1377   0.0006   0.1943   0.1593   0.0301   0.0622    0.001   0.1972   0.0684    0.219   0.0261   0.0065   0.2127   0.6849   0.1054   0.0001    0.036   0.0136   0.1133   0.0451    0.106    0.091   0.0592    0.004   0.1222   0.0607   0.2165   0.1945   0.0324   0.4998   0.2614   0.2824   0.0563     0.01   0.2333   0.0089   0.0174   0.5357    0.016   0.1229      1.0     0.06   0.6181   0.0438   0.1134
  snr   -12.25
    H     4.18
 exon    False

M: alg1
 freq      0.0   0.0044   0.0087   0.0131   0.0175   0.0218   0.0262   0.0306   0.0349   0.0393   0.0437    0.048   0.0524   0.0568   0.0611   0.0655   0.0699   0.0742   0.0786    0.083   0.0873   0.0917   0.0961   0.1004   0.1048   0.1092   0.1135   0.1179   0.1223   0.1266    0.131   0.1354   0.1397   0.1441   0.1485   0.1528   0.1572   0.1616   0.1659   0.1703   0.1747    0.179   0.1834   0.1878   0.1921   0.1965   0.2009   0.2052   0.2096    0.214   0.2183   0.2227   0.2271   0.2314   0.2358   0.2402   0.2445   0.2489   0.2533   0.2576    0.262   0.2664   0.2707   0.2751   0.2795   0.2838   0.2882   0.2926   0.2969   0.3013   0.3057     0.31   0.3144   0.3188   0.3231   0.3275   0.3319   0.3362   0.3406    0.345   0.3493   0.3537   0.3581   0.3624   0.3668   0.3712   0.3755   0.3799   0.3843   0.3886    0.393   0.3974   0.4017   0.4061   0.4105   0.4148   0.4192   0.4236   0.4279   0.4323   0.4367    0.441   0.4454   0.4498   0.4541   0.4585   0.4629   0.4672   0.4716    0.476   0.4803   0.4847   0.4891   0.4934   0.4978
    S      0.0   0.4986   0.1481    0.204   0.0395   0.1045   0.1002   0.0691   0.0707   0.2758   0.0282   0.0588   0.0878   0.2075   0.1593   0.1802   0.2055   0.3069   0.0421   0.0828   0.0583   0.1416   0.2179   0.2431    0.143   0.0693   0.0664   0.0644    0.014   0.1591    0.079   0.2027   0.0415   0.0655    0.031   0.0653   0.1184   0.1162   0.0916   0.0129   0.3787   0.0454    0.142   0.0621   0.0469   0.0333   0.2612   0.0511   0.0469   0.4655   0.1906   0.0979   0.1706   0.2527     0.04   0.1129   0.0711   0.2127   0.2269   0.0697   0.0399   0.0081   0.0548   0.0232   0.0176   0.0264   0.2225   0.0776   0.0573   0.1145    0.036   0.0335   0.2164   0.0179   0.2327   0.0848   0.3709   0.0677   0.5341   0.0825   0.1211   0.1363   0.1291   0.1192   0.0489   0.1095   0.2149   0.0609   0.1501   0.0264   0.0188   0.1939   0.1085   0.3124   0.0506   0.1236   0.0456    0.001    0.071   0.0909   0.2013   0.0874   0.1697   0.1053   0.0286   0.1598   0.4055   0.0338   0.0151   0.1499   0.1254   0.0953    0.082   0.2643      1.0
  snr   -11.53
    H     4.37
 exon    False

M: alg2
 freq      0.0   0.0044   0.0087   0.0131   0.0175   0.0218   0.0262   0.0306   0.0349   0.0393   0.0437    0.048   0.0524   0.0568   0.0611   0.0655   0.0699   0.0742   0.0786    0.083   0.0873   0.0917   0.0961   0.1004   0.1048   0.1092   0.1135   0.1179   0.1223   0.1266    0.131   0.1354   0.1397   0.1441   0.1485   0.1528   0.1572   0.1616   0.1659   0.1703   0.1747    0.179   0.1834   0.1878   0.1921   0.1965   0.2009   0.2052   0.2096    0.214   0.2183   0.2227   0.2271   0.2314   0.2358   0.2402   0.2445   0.2489   0.2533   0.2576    0.262   0.2664   0.2707   0.2751   0.2795   0.2838   0.2882   0.2926   0.2969   0.3013   0.3057     0.31   0.3144   0.3188   0.3231   0.3275   0.3319   0.3362   0.3406    0.345   0.3493   0.3537   0.3581   0.3624   0.3668   0.3712   0.3755   0.3799   0.3843   0.3886    0.393   0.3974   0.4017   0.4061   0.4105   0.4148   0.4192   0.4236   0.4279   0.4323   0.4367    0.441   0.4454   0.4498   0.4541   0.4585   0.4629   0.4672   0.4716    0.476   0.4803   0.4847   0.4891   0.4934   0.4978
    S      0.0   0.5329   0.0871   0.0755   0.0237   0.0673   0.0634   0.0717   0.0186   0.2632   0.0305   0.0524   0.0974   0.1493   0.1809   0.1859   0.2077   0.1734   0.0482   0.0814   0.0636   0.1347    0.203   0.2297   0.1268   0.0721   0.0586   0.0651   0.0139   0.1741   0.0544   0.2355   0.0134   0.0385   0.0444   0.0768   0.0925   0.1013   0.0156   0.0041   0.2512   0.0398   0.1486   0.0392   0.0432   0.0374    0.257   0.0473   0.0211   0.4027   0.1967    0.067   0.1033   0.2543   0.0328   0.0436   0.0401   0.2318   0.2007   0.0662   0.0496   0.0087   0.0268   0.0174   0.0082   0.0161   0.2109   0.0831   0.0623   0.0642   0.0249   0.0341   0.1739   0.0144   0.2562   0.0808   0.3479   0.0544   0.4907   0.0987   0.1125   0.1185    0.082   0.0532   0.0461   0.1165   0.2342   0.0653   0.1351   0.0207   0.0102   0.1472   0.0893   0.3053   0.0334   0.0884   0.0505   0.0011   0.0128    0.075   0.1072    0.087   0.1718   0.0696   0.0299   0.1884   0.4913   0.0197   0.0208   0.1528   0.0826    0.106   0.0501   0.2643      1.0
  snr   -10.97
    H     4.29
 exon    False