>data-XIV-cerevisiae-intergenic-145
N: 450
Methods: voss, eiip, qpsk, mem, alg1, alg2

M: voss
 freq      0.0   0.0022   0.0044   0.0067   0.0089   0.0111   0.0133   0.0156   0.0178     0.02   0.0222   0.0244   0.0267   0.0289   0.0311   0.0333   0.0356   0.0378     0.04   0.0422   0.0444   0.0467   0.0489   0.0511   0.0533   0.0556   0.0578     0.06   0.0622   0.0644   0.0667   0.0689   0.0711   0.0733   0.0756   0.0778     0.08   0.0822   0.0844   0.0867   0.0889   0.0911   0.0933   0.0956   0.0978      0.1   0.1022   0.1044   0.1067   0.1089   0.1111   0.1133   0.1156   0.1178     0.12   0.1222   0.1244   0.1267   0.1289   0.1311   0.1333   0.1356   0.1378     0.14   0.1422   0.1444   0.1467   0.1489   0.1511   0.1533   0.1556   0.1578     0.16   0.1622   0.1644   0.1667   0.1689   0.1711   0.1733   0.1756   0.1778     0.18   0.1822   0.1844   0.1867   0.1889   0.1911   0.1933   0.1956   0.1978      0.2   0.2022   0.2044   0.2067   0.2089   0.2111   0.2133   0.2156   0.2178     0.22   0.2222   0.2244   0.2267   0.2289   0.2311   0.2333   0.2356   0.2378     0.24   0.2422   0.2444   0.2467   0.2489   0.2511   0.2533   0.2556   0.2578     0.26   0.2622   0.2644   0.2667   0.2689   0.2711   0.2733   0.2756   0.2778     0.28   0.2822   0.2844   0.2867   0.2889   0.2911   0.2933   0.2956   0.2978      0.3   0.3022   0.3044   0.3067   0.3089   0.3111   0.3133   0.3156   0.3178     0.32   0.3222   0.3244   0.3267   0.3289   0.3311   0.3333   0.3356   0.3378     0.34   0.3422   0.3444   0.3467   0.3489   0.3511   0.3533   0.3556   0.3578     0.36   0.3622   0.3644   0.3667   0.3689   0.3711   0.3733   0.3756   0.3778     0.38   0.3822   0.3844   0.3867   0.3889   0.3911   0.3933   0.3956   0.3978      0.4   0.4022   0.4044   0.4067   0.4089   0.4111   0.4133   0.4156   0.4178     0.42   0.4222   0.4244   0.4267   0.4289   0.4311   0.4333   0.4356   0.4378     0.44   0.4422   0.4444   0.4467   0.4489   0.4511   0.4533   0.4556   0.4578     0.46   0.4622   0.4644   0.4667   0.4689   0.4711   0.4733   0.4756   0.4778     0.48   0.4822   0.4844   0.4867   0.4889   0.4911   0.4933   0.4956   0.4978
    S      0.0   0.3494   0.8792   0.1071   0.2481   0.6568   0.6561   0.3078   0.1269   0.2816   0.3403   0.1814   0.6734   0.4268   0.1392   0.3909   0.3965   0.3498   0.2997    0.655    0.439   0.2814   0.1234   0.4516     0.16   0.4767    0.073   0.0318     0.17   0.2731   0.2985   0.2171   0.1663   0.3513   0.6176   0.2634   0.1377   0.2776   0.2741   0.2009   0.1628   0.2234   0.2667   0.5536   0.1496   0.7192   0.8323   0.1283   0.3927   0.2276   0.2448   0.1491   0.1187   0.3266   0.2506   0.0926    0.205   0.3165   0.4168   0.2629   0.1661   0.2384   0.3231   0.2178   0.1191   0.3812   0.1688   0.1808   0.1383   0.4463   0.1288   0.3931   0.1968   0.1843   0.2816   0.0702   0.4111   0.3719    0.374    0.213     0.36   0.1301   0.1672   0.2997   0.3949   0.2934   0.3611   0.2614   0.3325   0.3153    0.163   0.6675   0.2232    0.156   0.1395   0.5302   0.3151   0.3067   0.2268   0.1361   0.4761   0.3006   0.1527   0.1213   0.2958   0.3461   0.2076   0.1754   0.1834   0.4769   0.1964   0.2693   0.3201   0.3238   0.4195   0.1757   0.2599   0.2297   0.1368   0.2504   0.6987   0.2802   0.1154   0.2206    0.427   0.1449   0.7872   0.3536   0.2043   0.2952   0.6552    0.753   0.3024   0.2943   0.1869   0.2079   0.1135   0.3688   0.4577   0.2181   0.0941   0.2813   0.5183   0.3783   0.2666   0.4442   0.4007   0.4097   0.4484   0.1192   0.2664   0.1902   0.1548   0.1127   0.4679   0.1105   0.1899   0.6347   0.3554   0.0653   0.1794   0.2482    0.348   0.1866   0.3151   0.2368   0.1556   0.4374   0.1794   0.0998   0.2502    0.146   0.5523   0.1714   0.1266   0.5396   0.0742   0.2368    0.435   0.1368   0.1791   0.2433   0.1709    0.661   0.2773   0.3925   0.1874   0.3657   0.1741   0.0687   0.3009   0.4078    0.164   0.1572   0.5569   0.2837      1.0   0.2931   0.1498   0.0712   0.1108   0.3573   0.2575    0.102   0.1108   0.1199    0.403   0.6032   0.0749   0.1264    0.177    0.577   0.3114   0.3062   0.5483   0.6172   0.1483   0.2756   0.2712   0.2981   0.2738   0.5019   0.3297   0.2323   0.2147
  snr   -18.16
    H     5.26
 exon    False

M: eiip
 freq      0.0   0.0022   0.0044   0.0067   0.0089   0.0111   0.0133   0.0156   0.0178     0.02   0.0222   0.0244   0.0267   0.0289   0.0311   0.0333   0.0356   0.0378     0.04   0.0422   0.0444   0.0467   0.0489   0.0511   0.0533   0.0556   0.0578     0.06   0.0622   0.0644   0.0667   0.0689   0.0711   0.0733   0.0756   0.0778     0.08   0.0822   0.0844   0.0867   0.0889   0.0911   0.0933   0.0956   0.0978      0.1   0.1022   0.1044   0.1067   0.1089   0.1111   0.1133   0.1156   0.1178     0.12   0.1222   0.1244   0.1267   0.1289   0.1311   0.1333   0.1356   0.1378     0.14   0.1422   0.1444   0.1467   0.1489   0.1511   0.1533   0.1556   0.1578     0.16   0.1622   0.1644   0.1667   0.1689   0.1711   0.1733   0.1756   0.1778     0.18   0.1822   0.1844   0.1867   0.1889   0.1911   0.1933   0.1956   0.1978      0.2   0.2022   0.2044   0.2067   0.2089   0.2111   0.2133   0.2156   0.2178     0.22   0.2222   0.2244   0.2267   0.2289   0.2311   0.2333   0.2356   0.2378     0.24   0.2422   0.2444   0.2467   0.2489   0.2511   0.2533   0.2556   0.2578     0.26   0.2622   0.2644   0.2667   0.2689   0.2711   0.2733   0.2756   0.2778     0.28   0.2822   0.2844   0.2867   0.2889   0.2911   0.2933   0.2956   0.2978      0.3   0.3022   0.3044   0.3067   0.3089   0.3111   0.3133   0.3156   0.3178     0.32   0.3222   0.3244   0.3267   0.3289   0.3311   0.3333   0.3356   0.3378     0.34   0.3422   0.3444   0.3467   0.3489   0.3511   0.3533   0.3556   0.3578     0.36   0.3622   0.3644   0.3667   0.3689   0.3711   0.3733   0.3756   0.3778     0.38   0.3822   0.3844   0.3867   0.3889   0.3911   0.3933   0.3956   0.3978      0.4   0.4022   0.4044   0.4067   0.4089   0.4111   0.4133   0.4156   0.4178     0.42   0.4222   0.4244   0.4267   0.4289   0.4311   0.4333   0.4356   0.4378     0.44   0.4422   0.4444   0.4467   0.4489   0.4511   0.4533   0.4556   0.4578     0.46   0.4622   0.4644   0.4667   0.4689   0.4711   0.4733   0.4756   0.4778     0.48   0.4822   0.4844   0.4867   0.4889   0.4911   0.4933   0.4956   0.4978
    S      0.0    0.017   0.9848   0.0571   0.0354   0.2836      1.0    0.018   0.0282   0.1489   0.2003   0.0415   0.1893   0.0616   0.0416   0.0641   0.6317   0.1989   0.0004   0.0649   0.1178   0.1485   0.1578   0.4626   0.0887   0.0804    0.101   0.0207    0.031   0.0368   0.4358   0.1137   0.1664   0.2732    0.078   0.1703   0.1845   0.1268   0.1841   0.0042   0.2219   0.0707   0.0875   0.2186   0.1014   0.0592   0.0738   0.0108   0.0194   0.0125   0.0206   0.0595   0.0464   0.2896   0.0405   0.0873   0.1168   0.4512    0.137   0.0211   0.2922   0.1859   0.2894   0.2671   0.1192   0.2371   0.0158   0.3482   0.1941   0.3701   0.0242   0.4944   0.2373   0.0305   0.2836   0.0306   0.0658   0.1609   0.3066   0.0679   0.3071   0.1724     0.29   0.3631   0.0757   0.0422   0.0303   0.0417   0.2896   0.4328   0.1298   0.2111   0.0662   0.0491   0.1315   0.9094   0.4588   0.3642   0.3091   0.0375   0.4632    0.045   0.1521   0.0491   0.1816   0.3297   0.2686   0.1001   0.0796   0.0595   0.0034   0.2052   0.0055   0.2584   0.1158   0.1657    0.002   0.2707   0.0433   0.1056     0.08   0.3185   0.1584   0.0926   0.6417   0.1681   0.1445    0.213   0.4027   0.0136   0.1401   0.2003    0.016   0.0285   0.0205   0.2259   0.0456   0.0696   0.0596   0.0244    0.048   0.1433   0.8853   0.0352   0.1149    0.486    0.099   0.3479   0.1596   0.0293   0.0939   0.2675   0.1302   0.0948   0.0252   0.0444   0.2948   0.6343    0.324   0.0703   0.0576   0.0092   0.2413   0.0271   0.4255   0.1742   0.2518   0.2368    0.096    0.002   0.2438   0.1179   0.5834   0.0036   0.0978   0.1701    0.014   0.1284   0.5636   0.1455   0.0806   0.0361   0.1265   0.5453   0.0308   0.4981   0.0557   0.2373   0.0078   0.0772   0.2994   0.0967   0.0453   0.0059   0.1312   0.5435   0.1293     0.37   0.0185   0.0094   0.1624   0.4076    0.159   0.0483   0.0894   0.0707   0.1976   0.2924   0.0231   0.1268    0.107   0.6494   0.2927   0.1222   0.1155   0.2024   0.0544   0.1748   0.3257      0.1   0.2231   0.7739   0.3308   0.0467   0.2102
  snr   -15.96
    H     4.98
 exon    False

M: qpsk
 freq      0.0   0.0022   0.0044   0.0067   0.0089   0.0111   0.0133   0.0156   0.0178     0.02   0.0222   0.0244   0.0267   0.0289   0.0311   0.0333   0.0356   0.0378     0.04   0.0422   0.0444   0.0467   0.0489   0.0511   0.0533   0.0556   0.0578     0.06   0.0622   0.0644   0.0667   0.0689   0.0711   0.0733   0.0756   0.0778     0.08   0.0822   0.0844   0.0867   0.0889   0.0911   0.0933   0.0956   0.0978      0.1   0.1022   0.1044   0.1067   0.1089   0.1111   0.1133   0.1156   0.1178     0.12   0.1222   0.1244   0.1267   0.1289   0.1311   0.1333   0.1356   0.1378     0.14   0.1422   0.1444   0.1467   0.1489   0.1511   0.1533   0.1556   0.1578     0.16   0.1622   0.1644   0.1667   0.1689   0.1711   0.1733   0.1756   0.1778     0.18   0.1822   0.1844   0.1867   0.1889   0.1911   0.1933   0.1956   0.1978      0.2   0.2022   0.2044   0.2067   0.2089   0.2111   0.2133   0.2156   0.2178     0.22   0.2222   0.2244   0.2267   0.2289   0.2311   0.2333   0.2356   0.2378     0.24   0.2422   0.2444   0.2467   0.2489   0.2511   0.2533   0.2556   0.2578     0.26   0.2622   0.2644   0.2667   0.2689   0.2711   0.2733   0.2756   0.2778     0.28   0.2822   0.2844   0.2867   0.2889   0.2911   0.2933   0.2956   0.2978      0.3   0.3022   0.3044   0.3067   0.3089   0.3111   0.3133   0.3156   0.3178     0.32   0.3222   0.3244   0.3267   0.3289   0.3311   0.3333   0.3356   0.3378     0.34   0.3422   0.3444   0.3467   0.3489   0.3511   0.3533   0.3556   0.3578     0.36   0.3622   0.3644   0.3667   0.3689   0.3711   0.3733   0.3756   0.3778     0.38   0.3822   0.3844   0.3867   0.3889   0.3911   0.3933   0.3956   0.3978      0.4   0.4022   0.4044   0.4067   0.4089   0.4111   0.4133   0.4156   0.4178     0.42   0.4222   0.4244   0.4267   0.4289   0.4311   0.4333   0.4356   0.4378     0.44   0.4422   0.4444   0.4467   0.4489   0.4511   0.4533   0.4556   0.4578     0.46   0.4622   0.4644   0.4667   0.4689   0.4711   0.4733   0.4756   0.4778     0.48   0.4822   0.4844   0.4867   0.4889   0.4911   0.4933   0.4956   0.4978
    S      0.0    0.174      1.0   0.0179   0.2639   0.1578   0.7304   0.1655   0.1244   0.2748   0.1503    0.121   0.4493   0.2425   0.1077   0.1014   0.4458    0.399   0.2794   0.0977   0.3478   0.2177   0.1219   0.4099   0.1193   0.3616     0.06   0.0029   0.1488   0.1749   0.2876   0.1327   0.1441    0.337   0.3719   0.2816   0.0476   0.0853   0.2415   0.1098   0.1538   0.2126   0.2666   0.1413   0.1268   0.4391   0.8513   0.0983   0.2469   0.1974    0.257   0.1122   0.0702   0.2365    0.059   0.0485   0.1778   0.3386   0.2961   0.1903   0.1495    0.212   0.3401   0.2305   0.0074   0.4101   0.0703   0.1034   0.1533   0.3005   0.0487   0.3744   0.1357   0.1271   0.3003   0.0268   0.4371   0.3077   0.1797   0.2412    0.382   0.1227   0.1061   0.3162    0.362   0.2198   0.2319   0.1321   0.3793   0.1739   0.1398    0.747   0.2502   0.1093   0.1595   0.2898   0.2452   0.3462   0.1339   0.0464   0.1176   0.2886   0.0772    0.091   0.3171   0.1808   0.2176   0.2009   0.1726   0.4913   0.0745   0.1053   0.3021   0.3154   0.1864   0.1414   0.1649   0.2573   0.0307    0.112   0.4476   0.2269   0.1312   0.2171   0.2881   0.1452   0.3794   0.2465   0.1965   0.2347   0.4177   0.2286   0.2187   0.1865    0.146   0.2315   0.1201   0.2978   0.2791   0.1232   0.0619   0.2765   0.5531   0.1834   0.2119   0.0911   0.4466   0.3558    0.311   0.0667    0.227    0.215   0.1375   0.1271    0.109   0.1108   0.2027   0.4797   0.1322    0.042   0.1052    0.133   0.3081    0.189   0.2902   0.2226   0.1392   0.3764   0.1485   0.0828   0.0675   0.0969   0.4312   0.1031   0.0968   0.3845   0.0562   0.2487   0.3432   0.1211    0.149    0.205   0.1851   0.6087   0.1754   0.2502   0.1214   0.3258   0.0427   0.0139   0.3022   0.1016   0.0983   0.1412   0.6103   0.2886   0.7588    0.246   0.0892   0.0621   0.1143   0.3917   0.2594   0.1168   0.0944   0.1137   0.1229   0.2253    0.071   0.1313   0.1727   0.5806   0.3473   0.1697    0.097   0.6921    0.045   0.0989    0.219   0.0641   0.2002   0.4335   0.2994    0.248   0.1906
  snr   -16.91
    H      5.2
 exon    False

M: mem
 freq      0.0   0.0022   0.0044   0.0067   0.0089   0.0111   0.0133   0.0156   0.0178     0.02   0.0222   0.0244   0.0267   0.0289   0.0311   0.0333   0.0356   0.0378     0.04   0.0422   0.0444   0.0467   0.0489   0.0511   0.0533   0.0556   0.0578     0.06   0.0622   0.0644   0.0667   0.0689   0.0711   0.0733   0.0756   0.0778     0.08   0.0822   0.0844   0.0867   0.0889   0.0911   0.0933   0.0956   0.0978      0.1   0.1022   0.1044   0.1067   0.1089   0.1111   0.1133   0.1156   0.1178     0.12   0.1222   0.1244   0.1267   0.1289   0.1311   0.1333   0.1356   0.1378     0.14   0.1422   0.1444   0.1467   0.1489   0.1511   0.1533   0.1556   0.1578     0.16   0.1622   0.1644   0.1667   0.1689   0.1711   0.1733   0.1756   0.1778     0.18   0.1822   0.1844   0.1867   0.1889   0.1911   0.1933   0.1956   0.1978      0.2   0.2022   0.2044   0.2067   0.2089   0.2111   0.2133   0.2156   0.2178     0.22   0.2222   0.2244   0.2267   0.2289   0.2311   0.2333   0.2356   0.2378     0.24   0.2422   0.2444   0.2467   0.2489   0.2511   0.2533   0.2556   0.2578     0.26   0.2622   0.2644   0.2667   0.2689   0.2711   0.2733   0.2756   0.2778     0.28   0.2822   0.2844   0.2867   0.2889   0.2911   0.2933   0.2956   0.2978      0.3   0.3022   0.3044   0.3067   0.3089   0.3111   0.3133   0.3156   0.3178     0.32   0.3222   0.3244   0.3267   0.3289   0.3311   0.3333   0.3356   0.3378     0.34   0.3422   0.3444   0.3467   0.3489   0.3511   0.3533   0.3556   0.3578     0.36   0.3622   0.3644   0.3667   0.3689   0.3711   0.3733   0.3756   0.3778     0.38   0.3822   0.3844   0.3867   0.3889   0.3911   0.3933   0.3956   0.3978      0.4   0.4022   0.4044   0.4067   0.4089   0.4111   0.4133   0.4156   0.4178     0.42   0.4222   0.4244   0.4267   0.4289   0.4311   0.4333   0.4356   0.4378     0.44   0.4422   0.4444   0.4467   0.4489   0.4511   0.4533   0.4556   0.4578     0.46   0.4622   0.4644   0.4667   0.4689   0.4711   0.4733   0.4756   0.4778     0.48   0.4822   0.4844   0.4867   0.4889   0.4911   0.4933   0.4956   0.4978
    S      0.0   0.0165      1.0   0.0302   0.0124   0.0548   0.7968   0.0557   0.0365   0.1084   0.1351   0.0499   0.1933   0.0746   0.0103   0.0357   0.5634   0.1717   0.0271   0.0035   0.0789   0.0914   0.1293   0.4125   0.0993   0.1727   0.0589   0.0119   0.0691   0.0395   0.2561   0.1089   0.1105   0.1317   0.1099   0.1229   0.1044   0.0358   0.1517   0.0264   0.1405   0.0662   0.1552   0.0647   0.0685    0.088    0.027   0.0224   0.0113   0.0093    0.028   0.0222   0.0472   0.1454   0.0279   0.0674   0.1394   0.2771   0.1207   0.0055   0.2118   0.1383   0.2648   0.1494    0.057   0.0818   0.0002    0.211   0.1428   0.1461   0.0074   0.4122   0.1828   0.0018   0.2596   0.0199   0.0156   0.0904     0.23   0.0494   0.2338    0.108   0.1614   0.1994   0.1633   0.0153   0.0589   0.0495   0.3156   0.2317   0.0948   0.1812   0.0464   0.0044    0.137   0.5878   0.3083   0.3633   0.1771   0.0082   0.1909   0.0871   0.1096   0.0353   0.0599   0.2417   0.2628   0.1239   0.0487     0.02   0.0157   0.1437   0.0586   0.1409   0.0179   0.1189   0.0311   0.2154   0.0102   0.0206   0.1675   0.1734   0.1041   0.1439   0.4214   0.1253   0.0951   0.2011   0.2967   0.0259   0.2202   0.0779   0.0054   0.0725    0.057    0.171   0.0206   0.1448   0.1221   0.0475   0.0421   0.0326   0.7402   0.0008   0.1251    0.308   0.1098   0.2915   0.0215   0.0055   0.1386    0.163   0.1222   0.0621    0.005   0.0172    0.193    0.294   0.1171   0.0424   0.0247   0.0066   0.2581   0.0263   0.2317   0.1802   0.1452   0.1934   0.1116   0.0191   0.1321   0.0546   0.2635   0.0044   0.0635   0.2317   0.0251   0.1408   0.4319   0.1385   0.0354   0.0892    0.075   0.5392   0.0723   0.2107   0.0084   0.2577   0.0027    0.049   0.3113   0.0519   0.0364   0.0068   0.2131   0.4235    0.106   0.2308   0.0237   0.0125   0.1371   0.3328    0.191   0.0697   0.0867   0.0527   0.0659   0.0562   0.0252   0.0738   0.1282   0.5262    0.173   0.0757   0.0509   0.0965   0.0229   0.1272   0.1386   0.0642   0.1236   0.6284   0.1852   0.0254   0.1362
  snr    -14.6
    H     4.97
 exon    False

M: alg1
 freq      0.0   0.0022   0.0044   0.0067   0.0089   0.0111   0.0133   0.0156   0.0178     0.02   0.0222   0.0244   0.0267   0.0289   0.0311   0.0333   0.0356   0.0378     0.04   0.0422   0.0444   0.0467   0.0489   0.0511   0.0533   0.0556   0.0578     0.06   0.0622   0.0644   0.0667   0.0689   0.0711   0.0733   0.0756   0.0778     0.08   0.0822   0.0844   0.0867   0.0889   0.0911   0.0933   0.0956   0.0978      0.1   0.1022   0.1044   0.1067   0.1089   0.1111   0.1133   0.1156   0.1178     0.12   0.1222   0.1244   0.1267   0.1289   0.1311   0.1333   0.1356   0.1378     0.14   0.1422   0.1444   0.1467   0.1489   0.1511   0.1533   0.1556   0.1578     0.16   0.1622   0.1644   0.1667   0.1689   0.1711   0.1733   0.1756   0.1778     0.18   0.1822   0.1844   0.1867   0.1889   0.1911   0.1933   0.1956   0.1978      0.2   0.2022   0.2044   0.2067   0.2089   0.2111   0.2133   0.2156   0.2178     0.22   0.2222   0.2244   0.2267   0.2289   0.2311   0.2333   0.2356   0.2378     0.24   0.2422   0.2444   0.2467   0.2489   0.2511   0.2533   0.2556   0.2578     0.26   0.2622   0.2644   0.2667   0.2689   0.2711   0.2733   0.2756   0.2778     0.28   0.2822   0.2844   0.2867   0.2889   0.2911   0.2933   0.2956   0.2978      0.3   0.3022   0.3044   0.3067   0.3089   0.3111   0.3133   0.3156   0.3178     0.32   0.3222   0.3244   0.3267   0.3289   0.3311   0.3333   0.3356   0.3378     0.34   0.3422   0.3444   0.3467   0.3489   0.3511   0.3533   0.3556   0.3578     0.36   0.3622   0.3644   0.3667   0.3689   0.3711   0.3733   0.3756   0.3778     0.38   0.3822   0.3844   0.3867   0.3889   0.3911   0.3933   0.3956   0.3978      0.4   0.4022   0.4044   0.4067   0.4089   0.4111   0.4133   0.4156   0.4178     0.42   0.4222   0.4244   0.4267   0.4289   0.4311   0.4333   0.4356   0.4378     0.44   0.4422   0.4444   0.4467   0.4489   0.4511   0.4533   0.4556   0.4578     0.46   0.4622   0.4644   0.4667   0.4689   0.4711   0.4733   0.4756   0.4778     0.48   0.4822   0.4844   0.4867   0.4889   0.4911   0.4933   0.4956   0.4978
    S      0.0   0.2861   0.9443     0.07   0.0217   0.4112    0.673   0.4763   0.0184   0.1808    0.342   0.2206   0.9229   0.5163    0.053   0.4396   0.4176   0.1827   0.2474   0.6558   0.3316   0.0177   0.0498   0.5732   0.2083   0.7837   0.0106   0.0083   0.2377   0.2121   0.0617   0.0141   0.0906   0.0376   0.8506   0.0547   0.0057   0.1295   0.0551   0.2925   0.0301   0.0587   0.3843    0.295   0.0817   0.9134   0.2584   0.0542   0.3889    0.162   0.1353   0.0535   0.1403   0.0639    0.253   0.0471     0.24   0.1663   0.5137   0.1914   0.1041   0.1551   0.4325   0.0748   0.0244   0.0464   0.1678   0.0092    0.129   0.1582   0.0769   0.3766   0.1527   0.1061    0.381   0.0658   0.0882   0.1607    0.117   0.0708   0.3879   0.0701    0.014   0.0625   0.5416    0.071   0.2502   0.3414   0.3008   0.0634   0.1171   0.2759   0.0581   0.0701   0.1558   0.0535   0.0852   0.3227   0.0841   0.1127   0.1381   0.2875   0.0967   0.1197    0.035   0.0224   0.1629    0.152    0.141   0.1873   0.2773   0.2199   0.3242   0.0935   0.3175   0.0762   0.3466   0.2621   0.1069   0.1269   0.9817   0.1332    0.078   0.3534   0.2251   0.1401   0.5828   0.2828   0.1142   0.0457      1.0   0.7249   0.2524   0.4596   0.2842   0.2143   0.0197   0.5482   0.7115   0.2643   0.1043   0.0253   0.4498   0.2879    0.147   0.0776    0.214   0.2371   0.1628   0.0522   0.4413    0.095    0.154   0.0647   0.5567   0.0262   0.0817   0.0215   0.0872    0.007   0.1554   0.2622    0.264   0.0572   0.1062   0.0671   0.0255   0.4939    0.229   0.1242   0.1047   0.0113   0.0503   0.1299   0.0407   0.6441   0.1119   0.0738   0.2719    0.105   0.0659    0.352   0.1067   0.9643   0.4102   0.0084   0.0771   0.5731   0.1719   0.0067   0.2309   0.4085   0.0977   0.0709   0.4846   0.1956   0.8437   0.1506   0.1286   0.0254    0.082   0.4324   0.3748   0.0878   0.0844   0.1234   0.2823   0.3078   0.0447   0.0441   0.2313   0.6558   0.1603   0.2775   0.5355    0.066   0.1357   0.1658   0.0033   0.0897   0.0382    0.386   0.1738   0.0994   0.1554
  snr   -16.89
    H     5.01
 exon    False

M: alg2
 freq      0.0   0.0022   0.0044   0.0067   0.0089   0.0111   0.0133   0.0156   0.0178     0.02   0.0222   0.0244   0.0267   0.0289   0.0311   0.0333   0.0356   0.0378     0.04   0.0422   0.0444   0.0467   0.0489   0.0511   0.0533   0.0556   0.0578     0.06   0.0622   0.0644   0.0667   0.0689   0.0711   0.0733   0.0756   0.0778     0.08   0.0822   0.0844   0.0867   0.0889   0.0911   0.0933   0.0956   0.0978      0.1   0.1022   0.1044   0.1067   0.1089   0.1111   0.1133   0.1156   0.1178     0.12   0.1222   0.1244   0.1267   0.1289   0.1311   0.1333   0.1356   0.1378     0.14   0.1422   0.1444   0.1467   0.1489   0.1511   0.1533   0.1556   0.1578     0.16   0.1622   0.1644   0.1667   0.1689   0.1711   0.1733   0.1756   0.1778     0.18   0.1822   0.1844   0.1867   0.1889   0.1911   0.1933   0.1956   0.1978      0.2   0.2022   0.2044   0.2067   0.2089   0.2111   0.2133   0.2156   0.2178     0.22   0.2222   0.2244   0.2267   0.2289   0.2311   0.2333   0.2356   0.2378     0.24   0.2422   0.2444   0.2467   0.2489   0.2511   0.2533   0.2556   0.2578     0.26   0.2622   0.2644   0.2667   0.2689   0.2711   0.2733   0.2756   0.2778     0.28   0.2822   0.2844   0.2867   0.2889   0.2911   0.2933   0.2956   0.2978      0.3   0.3022   0.3044   0.3067   0.3089   0.3111   0.3133   0.3156   0.3178     0.32   0.3222   0.3244   0.3267   0.3289   0.3311   0.3333   0.3356   0.3378     0.34   0.3422   0.3444   0.3467   0.3489   0.3511   0.3533   0.3556   0.3578     0.36   0.3622   0.3644   0.3667   0.3689   0.3711   0.3733   0.3756   0.3778     0.38   0.3822   0.3844   0.3867   0.3889   0.3911   0.3933   0.3956   0.3978      0.4   0.4022   0.4044   0.4067   0.4089   0.4111   0.4133   0.4156   0.4178     0.42   0.4222   0.4244   0.4267   0.4289   0.4311   0.4333   0.4356   0.4378     0.44   0.4422   0.4444   0.4467   0.4489   0.4511   0.4533   0.4556   0.4578     0.46   0.4622   0.4644   0.4667   0.4689   0.4711   0.4733   0.4756   0.4778     0.48   0.4822   0.4844   0.4867   0.4889   0.4911   0.4933   0.4956   0.4978
    S      0.0   0.3408   0.0498   0.0253   0.1941   0.0143   0.1445   0.0529   0.0943   0.0491   0.0572   0.1236   0.2149   0.0106   0.1027   0.1401    0.005   0.2045   0.0374   0.2415   0.4434   0.1806    0.039   0.0585   0.0201   0.0544   0.0115   0.0169   0.0104   0.2612   0.1115   0.1707   0.1052   0.2458   0.2764   0.1466   0.0202   0.0546   0.1192   0.0146   0.0568   0.2108   0.0056   0.1336   0.1227   0.1258    0.373    0.101   0.0026   0.0665   0.0747    0.123   0.0086   0.0511   0.1123    0.015   0.0631   0.1245   0.0915   0.1309   0.0072    0.175   0.0901   0.1213   0.0204   0.2133     0.01   0.0002   0.0509   0.0939   0.0988   0.1181   0.0074   0.0744   0.0592   0.0345   0.4306   0.0645   0.2317   0.1668   0.2348   0.0224   0.0036   0.1218   0.0526   0.2285   0.2734   0.1549   0.0637   0.0663   0.0078   0.5104   0.1913   0.0147   0.0213   0.0265   0.1131   0.0121   0.0057   0.0278    0.012   0.1412   0.0111   0.0107   0.1977   0.1592   0.0138   0.0445   0.1673   0.2625   0.0749   0.0603   0.0248   0.0875   0.0322   0.1142   0.0218   0.0967   0.0324   0.0444     0.29   0.0966   0.0524   0.0045   0.0349    0.066   0.7144   0.0394   0.0068   0.3115   0.0987   0.2376   0.0367   0.0735   0.0137   0.1106   0.1102   0.0222    0.069   0.0834   0.0014   0.1376   0.0056   0.1436    0.083   0.1356   0.1539    0.042   0.0993   0.0713    0.053   0.0902   0.0006   0.0584    0.109   0.0405   0.0638   0.2577   0.0227   0.0335   0.0618   0.0168   0.0507   0.0893   0.0876   0.1297   0.0411   0.1031   0.0047    0.001   0.0181   0.0491   0.2291   0.1778   0.0961   0.2194   0.0035   0.1262   0.1547   0.0404     0.16   0.0101   0.1463   0.1142   0.0467   0.0355   0.0472   0.0774   0.0934   0.0221   0.0338   0.0789   0.1548   0.1524   0.1615   0.0045      1.0   0.0228   0.0401   0.0397   0.0047   0.1448   0.0096   0.0215   0.0537   0.0945   0.0263   0.0002   0.0628   0.0868   0.0507   0.2228   0.1729   0.0005   0.1561   0.4502   0.0156   0.0717   0.0607   0.2444   0.0774   0.0337   0.1825   0.1298   0.1258
  snr   -13.42
    H     4.95
 exon    False