>data-XVI-cerevisiae-intergenic-439
N: 443
Methods: voss, eiip, qpsk, mem, alg1, alg2

M: voss
 freq      0.0   0.0023   0.0045   0.0068    0.009   0.0113   0.0135   0.0158   0.0181   0.0203   0.0226   0.0248   0.0271   0.0293   0.0316   0.0339   0.0361   0.0384   0.0406   0.0429   0.0451   0.0474   0.0497   0.0519   0.0542   0.0564   0.0587   0.0609   0.0632   0.0655   0.0677     0.07   0.0722   0.0745   0.0767    0.079   0.0813   0.0835   0.0858    0.088   0.0903   0.0926   0.0948   0.0971   0.0993   0.1016   0.1038   0.1061   0.1084   0.1106   0.1129   0.1151   0.1174   0.1196   0.1219   0.1242   0.1264   0.1287   0.1309   0.1332   0.1354   0.1377     0.14   0.1422   0.1445   0.1467    0.149   0.1512   0.1535   0.1558    0.158   0.1603   0.1625   0.1648    0.167   0.1693   0.1716   0.1738   0.1761   0.1783   0.1806   0.1828   0.1851   0.1874   0.1896   0.1919   0.1941   0.1964   0.1986   0.2009   0.2032   0.2054   0.2077   0.2099   0.2122   0.2144   0.2167    0.219   0.2212   0.2235   0.2257    0.228   0.2302   0.2325   0.2348    0.237   0.2393   0.2415   0.2438    0.246   0.2483   0.2506   0.2528   0.2551   0.2573   0.2596   0.2619   0.2641   0.2664   0.2686   0.2709   0.2731   0.2754   0.2777   0.2799   0.2822   0.2844   0.2867   0.2889   0.2912   0.2935   0.2957    0.298   0.3002   0.3025   0.3047    0.307   0.3093   0.3115   0.3138    0.316   0.3183   0.3205   0.3228   0.3251   0.3273   0.3296   0.3318   0.3341   0.3363   0.3386   0.3409   0.3431   0.3454   0.3476   0.3499   0.3521   0.3544   0.3567   0.3589   0.3612   0.3634   0.3657   0.3679   0.3702   0.3725   0.3747    0.377   0.3792   0.3815   0.3837    0.386   0.3883   0.3905   0.3928    0.395   0.3973   0.3995   0.4018   0.4041   0.4063   0.4086   0.4108   0.4131   0.4153   0.4176   0.4199   0.4221   0.4244   0.4266   0.4289   0.4312   0.4334   0.4357   0.4379   0.4402   0.4424   0.4447    0.447   0.4492   0.4515   0.4537    0.456   0.4582   0.4605   0.4628    0.465   0.4673   0.4695   0.4718    0.474   0.4763   0.4786   0.4808   0.4831   0.4853   0.4876   0.4898   0.4921   0.4944   0.4966   0.4989
    S      0.0   0.3457      1.0   0.5056   0.7195   0.0653   0.6555   0.3599   0.2163   0.4476   0.3349   0.2011   0.3228   0.1247   0.2177   0.3197    0.121   0.0672   0.3615   0.0513    0.606   0.1462   0.3333   0.2966   0.4734   0.2279   0.2713   0.0677   0.1144   0.3075   0.1438   0.1401   0.1326    0.166   0.0916   0.2126   0.3748   0.3378   0.0462   0.4928   0.1026   0.1894   0.3199   0.1617   0.0644   0.2171    0.241   0.5509   0.1549   0.1675   0.2392   0.2319   0.0603   0.1348   0.0649   0.3714   0.2478   0.5421   0.2183   0.0752   0.1445   0.2081   0.5279   0.1715    0.135   0.1616   0.2229   0.1093   0.0282   0.1128   0.3213   0.0913   0.2021   0.1695   0.3093   0.2192   0.5207   0.2526   0.0922   0.1708   0.1884   0.1707   0.3442   0.4179   0.3301   0.1149   0.2395   0.1511     0.23   0.0824    0.169   0.2008   0.1331   0.3283   0.5099   0.0541   0.1012   0.0933   0.5237   0.0724   0.1746   0.3633   0.1015   0.2406   0.2581   0.2465   0.1475   0.0887   0.1542   0.0946   0.1626   0.1813   0.0338   0.1045   0.1575   0.2167   0.4038   0.1263   0.2279   0.2037   0.0747   0.0562   0.2007   0.3409    0.434   0.2351   0.0559   0.1416   0.6747   0.0863   0.3053   0.1763   0.2061   0.2517   0.1888   0.4515   0.1194   0.3266   0.2499   0.2747   0.1183   0.2365   0.1846    0.162   0.2794    0.152   0.2192   0.1972   0.1529    0.271   0.1442   0.2251   0.2291   0.3227   0.1244   0.2192   0.2903   0.2966   0.1171   0.1151   0.3317    0.459    0.072   0.1307   0.2787   0.2669   0.1309   0.2208   0.4064   0.0771   0.3785   0.2103   0.5135    0.183   0.2316   0.0961   0.1467   0.3565   0.2006   0.2108   0.1977   0.1591   0.2031   0.3125   0.1418   0.4299   0.4223   0.2635   0.2239   0.3145   0.1501   0.0587   0.3387   0.2814   0.0773   0.1232   0.3142   0.0807   0.1006   0.0243   0.1908   0.2434   0.1225   0.1711   0.3421   0.1431   0.1401    0.218   0.1144   0.0818     0.29   0.1818   0.2195   0.1049   0.1225   0.1441   0.4072   0.1463   0.2574   0.4297   0.2054   0.1968
  snr   -16.95
    H     5.23
 exon    False

M: eiip
 freq      0.0   0.0023   0.0045   0.0068    0.009   0.0113   0.0135   0.0158   0.0181   0.0203   0.0226   0.0248   0.0271   0.0293   0.0316   0.0339   0.0361   0.0384   0.0406   0.0429   0.0451   0.0474   0.0497   0.0519   0.0542   0.0564   0.0587   0.0609   0.0632   0.0655   0.0677     0.07   0.0722   0.0745   0.0767    0.079   0.0813   0.0835   0.0858    0.088   0.0903   0.0926   0.0948   0.0971   0.0993   0.1016   0.1038   0.1061   0.1084   0.1106   0.1129   0.1151   0.1174   0.1196   0.1219   0.1242   0.1264   0.1287   0.1309   0.1332   0.1354   0.1377     0.14   0.1422   0.1445   0.1467    0.149   0.1512   0.1535   0.1558    0.158   0.1603   0.1625   0.1648    0.167   0.1693   0.1716   0.1738   0.1761   0.1783   0.1806   0.1828   0.1851   0.1874   0.1896   0.1919   0.1941   0.1964   0.1986   0.2009   0.2032   0.2054   0.2077   0.2099   0.2122   0.2144   0.2167    0.219   0.2212   0.2235   0.2257    0.228   0.2302   0.2325   0.2348    0.237   0.2393   0.2415   0.2438    0.246   0.2483   0.2506   0.2528   0.2551   0.2573   0.2596   0.2619   0.2641   0.2664   0.2686   0.2709   0.2731   0.2754   0.2777   0.2799   0.2822   0.2844   0.2867   0.2889   0.2912   0.2935   0.2957    0.298   0.3002   0.3025   0.3047    0.307   0.3093   0.3115   0.3138    0.316   0.3183   0.3205   0.3228   0.3251   0.3273   0.3296   0.3318   0.3341   0.3363   0.3386   0.3409   0.3431   0.3454   0.3476   0.3499   0.3521   0.3544   0.3567   0.3589   0.3612   0.3634   0.3657   0.3679   0.3702   0.3725   0.3747    0.377   0.3792   0.3815   0.3837    0.386   0.3883   0.3905   0.3928    0.395   0.3973   0.3995   0.4018   0.4041   0.4063   0.4086   0.4108   0.4131   0.4153   0.4176   0.4199   0.4221   0.4244   0.4266   0.4289   0.4312   0.4334   0.4357   0.4379   0.4402   0.4424   0.4447    0.447   0.4492   0.4515   0.4537    0.456   0.4582   0.4605   0.4628    0.465   0.4673   0.4695   0.4718    0.474   0.4763   0.4786   0.4808   0.4831   0.4853   0.4876   0.4898   0.4921   0.4944   0.4966   0.4989
    S      0.0   0.0911   0.9501   0.0698   0.3567   0.0024   0.5309   0.0284   0.4387   0.5167    0.249    0.088    0.235   0.1262   0.0119   0.2528   0.0827   0.1307   0.2583   0.0866    0.101   0.0245   0.4778   0.0468   0.4979   0.0897   0.2436   0.0277   0.0952   0.1302   0.1127   0.1053   0.1217   0.4039   0.1898   0.1626   0.2199   0.6022   0.0597   0.9491   0.0523   0.2031   0.1919   0.3629     0.07   0.1609   0.0913   0.0475   0.2013    0.331   0.0826   0.0522   0.1279   0.2467   0.1488    0.074   0.2089   0.6029   0.1099   0.0662   0.0243   0.7076   0.0882   0.0309   0.1545   0.2772   0.1428   0.0509   0.0439   0.2545   0.1203   0.0152   0.0663    0.134   0.0462   0.7911    0.293   0.7925   0.2082   0.2004   0.3861   0.0209   0.2077   0.6703    0.379    0.082    0.179   0.1361   0.7268   0.1043   0.3819    0.047   0.2823   0.2281   0.2548   0.0717   0.0691   0.2703   0.0343   0.1091    0.033   0.3715   0.0381   0.4879   0.0771   0.6922   0.2925    0.165   0.0792   0.3089   0.2005   0.4836   0.0689   0.1239   0.1474   0.2633   0.3263   0.2499   0.1409   0.1831   0.0692   0.1035   0.0769   0.1141   0.1659   0.3243    0.083   0.0295   0.0716   0.0594   0.3077   0.3465    0.285   0.1435   0.0625   0.1127   0.0927   0.4129   0.2591   0.1686   0.1749   0.5148   0.4304   0.2655   0.3384   0.1453    0.021    0.142   0.1191   0.0482   0.1978   0.3531   0.0593   0.0015   0.0663   0.2929    0.267   0.5011   0.1791   0.0896    0.141   0.3147   0.1209   0.0389   0.2314   0.2655   0.1726   0.5881   0.5789   0.2585   0.2285   0.4157      1.0   0.1642   0.7684   0.2569    0.257   0.5215   0.6007   0.1607   0.2556   0.1434   0.1842   0.0044   0.0784   0.6711    0.315   0.0905   0.5524   0.7399   0.0413   0.0108   0.2884   0.3458   0.0526   0.0225   0.0756   0.1888   0.1349   0.0565   0.2006   0.2416   0.0649   0.0997   0.3581   0.2041   0.0218   0.3049    0.213   0.0075   0.0549   0.2249   0.0672    0.073   0.0268   0.1952   0.5227   0.2588   0.4358   0.3227   0.0262   0.1342
  snr   -16.84
    H     5.05
 exon    False

M: qpsk
 freq      0.0   0.0023   0.0045   0.0068    0.009   0.0113   0.0135   0.0158   0.0181   0.0203   0.0226   0.0248   0.0271   0.0293   0.0316   0.0339   0.0361   0.0384   0.0406   0.0429   0.0451   0.0474   0.0497   0.0519   0.0542   0.0564   0.0587   0.0609   0.0632   0.0655   0.0677     0.07   0.0722   0.0745   0.0767    0.079   0.0813   0.0835   0.0858    0.088   0.0903   0.0926   0.0948   0.0971   0.0993   0.1016   0.1038   0.1061   0.1084   0.1106   0.1129   0.1151   0.1174   0.1196   0.1219   0.1242   0.1264   0.1287   0.1309   0.1332   0.1354   0.1377     0.14   0.1422   0.1445   0.1467    0.149   0.1512   0.1535   0.1558    0.158   0.1603   0.1625   0.1648    0.167   0.1693   0.1716   0.1738   0.1761   0.1783   0.1806   0.1828   0.1851   0.1874   0.1896   0.1919   0.1941   0.1964   0.1986   0.2009   0.2032   0.2054   0.2077   0.2099   0.2122   0.2144   0.2167    0.219   0.2212   0.2235   0.2257    0.228   0.2302   0.2325   0.2348    0.237   0.2393   0.2415   0.2438    0.246   0.2483   0.2506   0.2528   0.2551   0.2573   0.2596   0.2619   0.2641   0.2664   0.2686   0.2709   0.2731   0.2754   0.2777   0.2799   0.2822   0.2844   0.2867   0.2889   0.2912   0.2935   0.2957    0.298   0.3002   0.3025   0.3047    0.307   0.3093   0.3115   0.3138    0.316   0.3183   0.3205   0.3228   0.3251   0.3273   0.3296   0.3318   0.3341   0.3363   0.3386   0.3409   0.3431   0.3454   0.3476   0.3499   0.3521   0.3544   0.3567   0.3589   0.3612   0.3634   0.3657   0.3679   0.3702   0.3725   0.3747    0.377   0.3792   0.3815   0.3837    0.386   0.3883   0.3905   0.3928    0.395   0.3973   0.3995   0.4018   0.4041   0.4063   0.4086   0.4108   0.4131   0.4153   0.4176   0.4199   0.4221   0.4244   0.4266   0.4289   0.4312   0.4334   0.4357   0.4379   0.4402   0.4424   0.4447    0.447   0.4492   0.4515   0.4537    0.456   0.4582   0.4605   0.4628    0.465   0.4673   0.4695   0.4718    0.474   0.4763   0.4786   0.4808   0.4831   0.4853   0.4876   0.4898   0.4921   0.4944   0.4966   0.4989
    S      0.0   0.1381      1.0   0.3179   0.3342   0.0548   0.6011   0.2432   0.1775   0.3906   0.2727   0.1585   0.1967   0.0591   0.0791   0.3163   0.0797   0.0691   0.1011    0.043   0.3546   0.1046   0.2901    0.303   0.3247   0.0156   0.2161   0.0685   0.1081   0.1189    0.052   0.0457   0.1016   0.1722   0.0801   0.2111   0.2353   0.1246   0.0478   0.3734   0.1001   0.0967   0.3069   0.1546   0.0404   0.1964   0.0881   0.1975   0.1472   0.0802   0.0804   0.0882   0.0525   0.1258   0.0665   0.1326   0.1084   0.5102   0.1586   0.0779   0.0881   0.1485   0.1539   0.0929   0.0755   0.1589   0.0961   0.0983   0.0195   0.0651   0.2674   0.0801   0.1686   0.1349   0.2002   0.1832   0.2859   0.1741   0.0758   0.0192   0.1885   0.0891   0.2374   0.2905   0.0502   0.1017   0.2039   0.1417   0.2052   0.0756   0.1522   0.1978   0.1389   0.2565   0.3907   0.0501   0.0985   0.0766   0.1589   0.0196    0.166   0.3376   0.0777   0.1877   0.0484   0.2132   0.1243   0.0351   0.0273   0.0527   0.0658   0.1832   0.0149   0.0939   0.0886   0.1884   0.3209   0.0507   0.1891   0.1811   0.0085     0.02    0.076   0.0788   0.3637   0.1374     0.05   0.1251   0.4691   0.0584   0.0748   0.1817   0.2008   0.2623   0.1301   0.4235   0.1119   0.3275   0.1403   0.1868   0.0999   0.2336   0.1229    0.053   0.2801   0.1535   0.1747   0.1042   0.1333   0.2343   0.1392   0.2282   0.2046   0.1278   0.0979   0.1334   0.2264   0.2679    0.107   0.0577   0.1024   0.2309   0.0677   0.1138   0.1249   0.1155    0.129   0.2319   0.3674   0.0312   0.1529   0.0194   0.5289   0.1517   0.2023   0.0674   0.0861   0.3682   0.1989   0.0795   0.1532   0.1479   0.1015   0.1227   0.1413   0.2219     0.38   0.2197   0.2302    0.245   0.0979   0.0544   0.0857   0.1224   0.0754   0.0243   0.1692   0.0769   0.0908   0.0254   0.0554   0.1605   0.0316   0.1366   0.3003   0.0397   0.0719   0.1771   0.1157   0.0464   0.2331    0.175   0.0812   0.0786   0.0999   0.0982    0.292    0.035   0.1997    0.174   0.0818    0.181
  snr   -15.29
    H     5.16
 exon    False

M: mem
 freq      0.0   0.0023   0.0045   0.0068    0.009   0.0113   0.0136   0.0158   0.0181   0.0204   0.0226   0.0249   0.0271   0.0294   0.0317   0.0339   0.0362   0.0385   0.0407    0.043   0.0452   0.0475   0.0498    0.052   0.0543   0.0566   0.0588   0.0611   0.0633   0.0656   0.0679   0.0701   0.0724   0.0747   0.0769   0.0792   0.0814   0.0837    0.086   0.0882   0.0905   0.0928    0.095   0.0973   0.0995   0.1018   0.1041   0.1063   0.1086   0.1109   0.1131   0.1154   0.1176   0.1199   0.1222   0.1244   0.1267    0.129   0.1312   0.1335   0.1357    0.138   0.1403   0.1425   0.1448   0.1471   0.1493   0.1516   0.1538   0.1561   0.1584   0.1606   0.1629   0.1652   0.1674   0.1697   0.1719   0.1742   0.1765   0.1787    0.181   0.1833   0.1855   0.1878     0.19   0.1923   0.1946   0.1968   0.1991   0.2014   0.2036   0.2059   0.2081   0.2104   0.2127   0.2149   0.2172   0.2195   0.2217    0.224   0.2262   0.2285   0.2308    0.233   0.2353   0.2376   0.2398   0.2421   0.2443   0.2466   0.2489   0.2511   0.2534   0.2557   0.2579   0.2602   0.2624   0.2647    0.267   0.2692   0.2715   0.2738    0.276   0.2783   0.2805   0.2828   0.2851   0.2873   0.2896   0.2919   0.2941   0.2964   0.2986   0.3009   0.3032   0.3054   0.3077     0.31   0.3122   0.3145   0.3167    0.319   0.3213   0.3235   0.3258   0.3281   0.3303   0.3326   0.3348   0.3371   0.3394   0.3416   0.3439   0.3462   0.3484   0.3507   0.3529   0.3552   0.3575   0.3597    0.362   0.3643   0.3665   0.3688    0.371   0.3733   0.3756   0.3778   0.3801   0.3824   0.3846   0.3869   0.3891   0.3914   0.3937   0.3959   0.3982   0.4005   0.4027    0.405   0.4072   0.4095   0.4118    0.414   0.4163   0.4186   0.4208   0.4231   0.4253   0.4276   0.4299   0.4321   0.4344   0.4367   0.4389   0.4412   0.4434   0.4457    0.448   0.4502   0.4525   0.4548    0.457   0.4593   0.4615   0.4638   0.4661   0.4683   0.4706   0.4729   0.4751   0.4774   0.4796   0.4819   0.4842   0.4864   0.4887    0.491   0.4932   0.4955   0.4977
    S      0.0   0.0115   0.1629   0.5003   0.8421   0.0743   0.0844   0.3961    0.012    0.391   0.1665   0.0458    0.002   0.1206   0.0128   0.4569   0.1304   0.0015   0.2965   0.0278   0.0959   0.0353   0.0986   0.1974    0.057   0.0754   0.0132   0.0557   0.1147   0.0023   0.0423   0.0488   0.0107   0.0664   0.0476   0.3295   0.0029   0.4784   0.0398   0.7285   0.0002   0.1989    0.247   0.0787   0.0474   0.1833   0.0713   0.2271   0.0171   0.0992   0.0336   0.0105   0.0036   0.1711   0.1294   0.1625   0.1656   0.0766   0.3792   0.0634   0.0299   0.2088   0.0517   0.0149   0.0088   0.0838   0.0642   0.0085   0.0273   0.1218   0.0725   0.1718   0.0287   0.0537   0.0985    0.054   0.4515   0.2357   0.1451   0.0845   0.0388   0.0369    0.377   0.4265   0.0382   0.0507   0.0573   0.0506   0.2477   0.0243   0.0312   0.3098   0.0134   0.3192   0.1487   0.0245   0.0626    0.081   0.0353   0.0021   0.1395   0.1211   0.0373   0.1262   0.0784   0.0309   0.0258   0.0569   0.0738    0.097    0.136   0.1008   0.0168   0.0722   0.0014   0.1027    0.178   0.0303   0.0284   0.0324   0.0335   0.0249   0.1221   0.2361   0.2125   0.5125   0.1016   0.3897   0.4012   0.0178   0.0763   0.0117   0.1846   0.2641   0.1758   0.1351   0.3442    0.118   0.2777   0.1262   0.0871   0.0528   0.0592   0.0071   0.2802   0.0643   0.2235   0.2513   0.1997   0.2012   0.1518   0.2198   0.0145   0.0648   0.0672   0.1026   0.0815   0.1439   0.0091   0.0097   0.4291   0.1217   0.0737   0.3554   0.0568   0.3344   0.0952   0.0763   0.0217   0.1315   0.0446   0.1554   0.1691   0.1974   0.0817   0.1848   0.1483   0.3868   0.0354   0.1026   0.0356   0.0966   0.1006    0.251   0.0485      1.0   0.0557   0.2545   0.0441    0.145   0.0407   0.2469   0.0083   0.0875   0.1452   0.0151   0.0995   0.0613   0.0049   0.0758    0.098   0.0296   0.2863   0.0132   0.0601   0.0882   0.0505   0.1679   0.0261   0.0286   0.2551   0.0068   0.0358   0.0544   0.0474   0.2871    0.088   0.1817   0.2168   0.4734   0.0546
  snr   -14.49
    H     4.92
 exon    False

M: alg1
 freq      0.0   0.0023   0.0045   0.0068    0.009   0.0113   0.0135   0.0158   0.0181   0.0203   0.0226   0.0248   0.0271   0.0293   0.0316   0.0339   0.0361   0.0384   0.0406   0.0429   0.0451   0.0474   0.0497   0.0519   0.0542   0.0564   0.0587   0.0609   0.0632   0.0655   0.0677     0.07   0.0722   0.0745   0.0767    0.079   0.0813   0.0835   0.0858    0.088   0.0903   0.0926   0.0948   0.0971   0.0993   0.1016   0.1038   0.1061   0.1084   0.1106   0.1129   0.1151   0.1174   0.1196   0.1219   0.1242   0.1264   0.1287   0.1309   0.1332   0.1354   0.1377     0.14   0.1422   0.1445   0.1467    0.149   0.1512   0.1535   0.1558    0.158   0.1603   0.1625   0.1648    0.167   0.1693   0.1716   0.1738   0.1761   0.1783   0.1806   0.1828   0.1851   0.1874   0.1896   0.1919   0.1941   0.1964   0.1986   0.2009   0.2032   0.2054   0.2077   0.2099   0.2122   0.2144   0.2167    0.219   0.2212   0.2235   0.2257    0.228   0.2302   0.2325   0.2348    0.237   0.2393   0.2415   0.2438    0.246   0.2483   0.2506   0.2528   0.2551   0.2573   0.2596   0.2619   0.2641   0.2664   0.2686   0.2709   0.2731   0.2754   0.2777   0.2799   0.2822   0.2844   0.2867   0.2889   0.2912   0.2935   0.2957    0.298   0.3002   0.3025   0.3047    0.307   0.3093   0.3115   0.3138    0.316   0.3183   0.3205   0.3228   0.3251   0.3273   0.3296   0.3318   0.3341   0.3363   0.3386   0.3409   0.3431   0.3454   0.3476   0.3499   0.3521   0.3544   0.3567   0.3589   0.3612   0.3634   0.3657   0.3679   0.3702   0.3725   0.3747    0.377   0.3792   0.3815   0.3837    0.386   0.3883   0.3905   0.3928    0.395   0.3973   0.3995   0.4018   0.4041   0.4063   0.4086   0.4108   0.4131   0.4153   0.4176   0.4199   0.4221   0.4244   0.4266   0.4289   0.4312   0.4334   0.4357   0.4379   0.4402   0.4424   0.4447    0.447   0.4492   0.4515   0.4537    0.456   0.4582   0.4605   0.4628    0.465   0.4673   0.4695   0.4718    0.474   0.4763   0.4786   0.4808   0.4831   0.4853   0.4876   0.4898   0.4921   0.4944   0.4966   0.4989
    S      0.0     0.43   0.7408   0.4303   0.7364   0.0425   0.6769   0.3053   0.0583   0.4932   0.3481   0.0977   0.5228    0.156   0.3733   0.1379   0.1249   0.0653   0.5046   0.0558      1.0   0.1889   0.4933   0.0237   0.5639   0.3591   0.4813   0.0047   0.0387   0.3238   0.2102   0.1765   0.2372   0.2146   0.0743   0.0932   0.5326   0.2849   0.0343   0.2443   0.0137   0.1419   0.1892   0.1938   0.0832   0.2706   0.2828   0.7746   0.1566   0.1595    0.412   0.2618   0.0219   0.1336   0.0569   0.5061   0.2911   0.6798    0.134   0.0255   0.1278   0.1302   0.7406   0.3184   0.1395   0.1414   0.3809   0.1036   0.0241    0.089   0.0984   0.0486   0.1885   0.1854    0.311   0.0829   0.4971   0.1576   0.0702   0.1828   0.2675   0.2119   0.2367    0.328   0.3667   0.1132   0.3068   0.1049    0.133   0.0416    0.219   0.1277   0.1601   0.2409   0.7986   0.0148   0.0758   0.0417   0.9791   0.0728   0.0922   0.5135   0.1396   0.2462    0.443    0.148   0.0521   0.0864   0.2263   0.0454   0.1274   0.1139   0.0377   0.0662   0.0749   0.3695   0.2348   0.0889   0.1655   0.2677     0.09    0.047   0.2036   0.4786   0.3713   0.1702   0.0512   0.0643   0.5492   0.0791   0.4075   0.1517   0.0254   0.1092   0.0917   0.3065    0.054   0.3252   0.2399    0.519   0.1091   0.1733   0.0534   0.1302   0.1527   0.1364   0.1276    0.326   0.1489    0.166   0.1672   0.1261   0.1168    0.534   0.1467   0.2398   0.4653   0.3702   0.1881   0.1661   0.4749   0.5296   0.0335   0.0495   0.2472   0.2118   0.1372   0.2542   0.3424   0.0385   0.5446   0.1839   0.5233   0.1124   0.1333   0.0594   0.1874   0.2752   0.1188   0.1987    0.237   0.1826   0.2441   0.5679   0.0764   0.3171   0.2342   0.2218   0.2493   0.3216   0.0872    0.015   0.3472   0.1745   0.0655   0.1937     0.26    0.086   0.1485   0.0275   0.1699   0.3888   0.1772   0.1363   0.4789   0.1275   0.1654   0.1855    0.127   0.1369   0.1761    0.189   0.2419   0.0898   0.0791   0.2237   0.2348   0.1536   0.3434   0.5832   0.3197   0.1846
  snr    -17.0
    H     5.12
 exon    False

M: alg2
 freq      0.0   0.0023   0.0045   0.0068    0.009   0.0113   0.0135   0.0158   0.0181   0.0203   0.0226   0.0248   0.0271   0.0293   0.0316   0.0339   0.0361   0.0384   0.0406   0.0429   0.0451   0.0474   0.0497   0.0519   0.0542   0.0564   0.0587   0.0609   0.0632   0.0655   0.0677     0.07   0.0722   0.0745   0.0767    0.079   0.0813   0.0835   0.0858    0.088   0.0903   0.0926   0.0948   0.0971   0.0993   0.1016   0.1038   0.1061   0.1084   0.1106   0.1129   0.1151   0.1174   0.1196   0.1219   0.1242   0.1264   0.1287   0.1309   0.1332   0.1354   0.1377     0.14   0.1422   0.1445   0.1467    0.149   0.1512   0.1535   0.1558    0.158   0.1603   0.1625   0.1648    0.167   0.1693   0.1716   0.1738   0.1761   0.1783   0.1806   0.1828   0.1851   0.1874   0.1896   0.1919   0.1941   0.1964   0.1986   0.2009   0.2032   0.2054   0.2077   0.2099   0.2122   0.2144   0.2167    0.219   0.2212   0.2235   0.2257    0.228   0.2302   0.2325   0.2348    0.237   0.2393   0.2415   0.2438    0.246   0.2483   0.2506   0.2528   0.2551   0.2573   0.2596   0.2619   0.2641   0.2664   0.2686   0.2709   0.2731   0.2754   0.2777   0.2799   0.2822   0.2844   0.2867   0.2889   0.2912   0.2935   0.2957    0.298   0.3002   0.3025   0.3047    0.307   0.3093   0.3115   0.3138    0.316   0.3183   0.3205   0.3228   0.3251   0.3273   0.3296   0.3318   0.3341   0.3363   0.3386   0.3409   0.3431   0.3454   0.3476   0.3499   0.3521   0.3544   0.3567   0.3589   0.3612   0.3634   0.3657   0.3679   0.3702   0.3725   0.3747    0.377   0.3792   0.3815   0.3837    0.386   0.3883   0.3905   0.3928    0.395   0.3973   0.3995   0.4018   0.4041   0.4063   0.4086   0.4108   0.4131   0.4153   0.4176   0.4199   0.4221   0.4244   0.4266   0.4289   0.4312   0.4334   0.4357   0.4379   0.4402   0.4424   0.4447    0.447   0.4492   0.4515   0.4537    0.456   0.4582   0.4605   0.4628    0.465   0.4673   0.4695   0.4718    0.474   0.4763   0.4786   0.4808   0.4831   0.4853   0.4876   0.4898   0.4921   0.4944   0.4966   0.4989
    S      0.0   0.0632      1.0   0.2971   0.3041   0.0474   0.6299    0.209   0.1393   0.0112   0.2367   0.1102   0.1266   0.0371   0.0672    0.049   0.0373   0.0579   0.0931   0.0376    0.442   0.1075   0.0865   0.1511   0.1216   0.0357   0.1449   0.0435   0.0439   0.0145   0.0116   0.0021   0.0657   0.0718   0.0609   0.0329   0.1546   0.0416   0.0319   0.0418   0.0592   0.0511   0.2469   0.0572   0.0091   0.0483   0.1025   0.2626   0.1043    0.056   0.0887   0.0191   0.0407   0.0207   0.0022   0.1923   0.1052   0.3659   0.0739   0.0664   0.0133   0.0596   0.0578   0.0326   0.0173   0.0551   0.0714   0.0845   0.0025   0.0067   0.1414   0.0338   0.0363   0.0394   0.0236   0.1004   0.2845   0.0171   0.0289   0.0173   0.1071   0.0052    0.105   0.2317   0.0242   0.1075   0.1927    0.039   0.0651   0.0644   0.0591     0.04   0.0298   0.0176   0.0617   0.0421   0.1004   0.0193   0.1458   0.0184   0.0203   0.1141   0.0766   0.0519   0.0513   0.1509   0.0928   0.0057   0.0455   0.0209   0.0422   0.0894   0.0057   0.0689   0.0359   0.0867    0.298   0.0388    0.144   0.1737   0.0108   0.0087   0.0461   0.1313    0.256   0.0831   0.0367   0.0675    0.356   0.0022   0.0633   0.1112   0.1262   0.0526   0.0449   0.0274    0.033   0.1729   0.1083   0.1163   0.0036   0.1375   0.0875   0.0148   0.0528   0.0739   0.1266   0.0574   0.0367   0.0905   0.1259    0.042   0.1819   0.1667   0.1003   0.0647   0.1309   0.0407   0.0568    0.046   0.1227   0.2611   0.0404   0.0573   0.0648   0.0709   0.0742   0.0595   0.3422   0.0049   0.1838   0.0001   0.3653   0.1236   0.0553   0.0043    0.031   0.0129   0.1195   0.0691   0.0075    0.024   0.1077   0.1094   0.1279   0.1397    0.099   0.1059   0.1458   0.0798   0.0241   0.0311    0.082   0.0455   0.0134    0.041   0.0658   0.0135   0.0365    0.005   0.0267   0.1055   0.0471   0.0702   0.2738   0.0351   0.0889   0.0009   0.0854   0.0062    0.058   0.0522   0.0502   0.0799   0.0507   0.0538   0.1902   0.0244    0.039   0.1601   0.0762   0.1406
  snr   -12.79
    H     4.96
 exon    False