>data-XV-cerevisiae-intergenic-483
N: 270
Methods: voss, eiip, qpsk, mem, tbpse, snrse

M: voss
 freq      0.0   0.0037   0.0074   0.0111   0.0148   0.0185   0.0222   0.0259   0.0296   0.0333    0.037   0.0407   0.0444   0.0481   0.0519   0.0556   0.0593    0.063   0.0667   0.0704   0.0741   0.0778   0.0815   0.0852   0.0889   0.0926   0.0963      0.1   0.1037   0.1074   0.1111   0.1148   0.1185   0.1222   0.1259   0.1296   0.1333    0.137   0.1407   0.1444   0.1481   0.1519   0.1556   0.1593    0.163   0.1667   0.1704   0.1741   0.1778   0.1815   0.1852   0.1889   0.1926   0.1963      0.2   0.2037   0.2074   0.2111   0.2148   0.2185   0.2222   0.2259   0.2296   0.2333    0.237   0.2407   0.2444   0.2481   0.2519   0.2556   0.2593    0.263   0.2667   0.2704   0.2741   0.2778   0.2815   0.2852   0.2889   0.2926   0.2963      0.3   0.3037   0.3074   0.3111   0.3148   0.3185   0.3222   0.3259   0.3296   0.3333    0.337   0.3407   0.3444   0.3481   0.3519   0.3556   0.3593    0.363   0.3667   0.3704   0.3741   0.3778   0.3815   0.3852   0.3889   0.3926   0.3963      0.4   0.4037   0.4074   0.4111   0.4148   0.4185   0.4222   0.4259   0.4296   0.4333    0.437   0.4407   0.4444   0.4481   0.4519   0.4556   0.4593    0.463   0.4667   0.4704   0.4741   0.4778   0.4815   0.4852   0.4889   0.4926   0.4963
    S      0.0   0.9454      1.0   0.0977   0.6883   0.4167   0.3688   0.1278   0.2883   0.2463    0.466   0.1878    0.216   0.4687    0.158   0.5937   0.1657   0.1939   0.2117   0.2599   0.7724   0.3133   0.8124   0.5835   0.4768    0.149   0.0566   0.1594   0.6165   0.0944   0.2829   0.2111   0.2493   0.1979    0.307   0.2425   0.3477   0.1859    0.172   0.0193   0.2085   0.2591   0.4404   0.4362   0.2005   0.3891   0.0851   0.1961   0.2104   0.6728    0.143   0.2103   0.3453   0.1205   0.2755   0.4195   0.3104   0.1164   0.2632   0.2174   0.0698   0.0424   0.0865   0.1234   0.1855   0.1314   0.4596   0.4874   0.1374   0.4304   0.4325   0.2456   0.3247    0.293   0.2653   0.1101   0.4813   0.1852   0.2399   0.4009   0.3033   0.3752    0.046   0.1735   0.7497    0.555   0.2819    0.155   0.3454   0.3751   0.1317   0.2007   0.1993    0.278    0.211   0.0819   0.2454   0.9075   0.5026   0.2743   0.6782   0.2701      0.4   0.5361   0.1051   0.3854   0.1661   0.0913   0.2652   0.3407   0.1954   0.1079   0.2765    0.513   0.2119   0.3602   0.4386    0.315   0.2707      0.4   0.1115   0.2123   0.6946   0.1823   0.2309   0.5392   0.2709   0.8111   0.2158   0.2033   0.1924   0.2213   0.2965    0.541   0.0882
  snr   -16.08
    H     4.71
 exon    False

M: eiip
 freq      0.0   0.0037   0.0074   0.0111   0.0148   0.0185   0.0222   0.0259   0.0296   0.0333    0.037   0.0407   0.0444   0.0481   0.0519   0.0556   0.0593    0.063   0.0667   0.0704   0.0741   0.0778   0.0815   0.0852   0.0889   0.0926   0.0963      0.1   0.1037   0.1074   0.1111   0.1148   0.1185   0.1222   0.1259   0.1296   0.1333    0.137   0.1407   0.1444   0.1481   0.1519   0.1556   0.1593    0.163   0.1667   0.1704   0.1741   0.1778   0.1815   0.1852   0.1889   0.1926   0.1963      0.2   0.2037   0.2074   0.2111   0.2148   0.2185   0.2222   0.2259   0.2296   0.2333    0.237   0.2407   0.2444   0.2481   0.2519   0.2556   0.2593    0.263   0.2667   0.2704   0.2741   0.2778   0.2815   0.2852   0.2889   0.2926   0.2963      0.3   0.3037   0.3074   0.3111   0.3148   0.3185   0.3222   0.3259   0.3296   0.3333    0.337   0.3407   0.3444   0.3481   0.3519   0.3556   0.3593    0.363   0.3667   0.3704   0.3741   0.3778   0.3815   0.3852   0.3889   0.3926   0.3963      0.4   0.4037   0.4074   0.4111   0.4148   0.4185   0.4222   0.4259   0.4296   0.4333    0.437   0.4407   0.4444   0.4481   0.4519   0.4556   0.4593    0.463   0.4667   0.4704   0.4741   0.4778   0.4815   0.4852   0.4889   0.4926   0.4963
    S      0.0   0.7319    0.528    0.114    0.148   0.0983   0.2957   0.0377   0.2235   0.0325   0.0527   0.2759   0.0569   0.0992   0.0358   0.0087   0.0777   0.2188   0.1945   0.0334   0.1037   0.3313   0.1939   0.0353   0.0169   0.0996   0.0814   0.0327   0.2141   0.0872   0.0807   0.1115   0.2138   0.0938   0.2006   0.2887   0.3228   0.0352   0.1709   0.0107   0.0335   0.2647   0.4357   0.0142   0.2559   0.6377   0.0059   0.1904    0.067   0.0786   0.1545   0.0309   0.4029   0.0256   0.3077   0.0916   0.0295   0.1764   0.3119   0.0102   0.0968   0.0147   0.0113   0.1896   0.1527   0.0745   0.1048   0.0846   0.0868   0.2008   0.0136   0.3518   0.0054   0.3466   0.2793   0.0612   0.3257   0.0537   0.1464     0.15   0.1255   0.1162   0.0593   0.0654      1.0   0.1355    0.009   0.0219    0.576   0.1367   0.1316   0.1666   0.0106   0.1578   0.1944   0.0811     0.07   0.1851   0.3035   0.1475   0.3819   0.3312   0.3252   0.5989   0.0799   0.3254   0.2517   0.0495   0.1039   0.1161   0.1838    0.056   0.1164   0.3435   0.1235   0.2357   0.0042   0.1017   0.1053     0.05   0.0753   0.2637   0.2331      0.2   0.2416   0.2527   0.1846   0.0112   0.2723   0.0025   0.2488   0.1825   0.0305   0.3479   0.0686
  snr   -13.32
    H     4.52
 exon    False

M: qpsk
 freq      0.0   0.0037   0.0074   0.0111   0.0148   0.0185   0.0222   0.0259   0.0296   0.0333    0.037   0.0407   0.0444   0.0481   0.0519   0.0556   0.0593    0.063   0.0667   0.0704   0.0741   0.0778   0.0815   0.0852   0.0889   0.0926   0.0963      0.1   0.1037   0.1074   0.1111   0.1148   0.1185   0.1222   0.1259   0.1296   0.1333    0.137   0.1407   0.1444   0.1481   0.1519   0.1556   0.1593    0.163   0.1667   0.1704   0.1741   0.1778   0.1815   0.1852   0.1889   0.1926   0.1963      0.2   0.2037   0.2074   0.2111   0.2148   0.2185   0.2222   0.2259   0.2296   0.2333    0.237   0.2407   0.2444   0.2481   0.2519   0.2556   0.2593    0.263   0.2667   0.2704   0.2741   0.2778   0.2815   0.2852   0.2889   0.2926   0.2963      0.3   0.3037   0.3074   0.3111   0.3148   0.3185   0.3222   0.3259   0.3296   0.3333    0.337   0.3407   0.3444   0.3481   0.3519   0.3556   0.3593    0.363   0.3667   0.3704   0.3741   0.3778   0.3815   0.3852   0.3889   0.3926   0.3963      0.4   0.4037   0.4074   0.4111   0.4148   0.4185   0.4222   0.4259   0.4296   0.4333    0.437   0.4407   0.4444   0.4481   0.4519   0.4556   0.4593    0.463   0.4667   0.4704   0.4741   0.4778   0.4815   0.4852   0.4889   0.4926   0.4963
    S      0.0      1.0   0.9566   0.1172   0.3962   0.2993   0.3282    0.105   0.3165   0.2695   0.4058   0.2074    0.184    0.257    0.069   0.2575   0.1568   0.1692   0.2595   0.1186   0.9411   0.3087   0.3601   0.3295    0.509   0.1286   0.0619   0.0503   0.3337   0.0504   0.2151   0.1779    0.191   0.1574   0.3666   0.1733   0.3535    0.041   0.0617   0.0224   0.2417   0.1811   0.5075   0.2358   0.1269    0.286   0.0407   0.1959   0.1333    0.476   0.0326   0.1543   0.1987   0.0544   0.2062   0.4758   0.2974   0.1038   0.2844   0.1811   0.0232   0.0496   0.0761   0.0954   0.1405    0.148   0.4252   0.2994   0.1623   0.4728    0.438   0.2481    0.087   0.3173    0.274   0.1114   0.5483   0.0959   0.1371   0.3637   0.2711   0.3892   0.0531   0.1112   0.6643   0.5717   0.3327   0.1572   0.3718   0.4574   0.1459    0.244   0.2393   0.1079    0.155   0.0854    0.237   0.6675   0.2606   0.0532   0.8058   0.2857    0.273   0.6538   0.0935   0.3017   0.1526   0.0638   0.2825   0.2289   0.1296   0.1281   0.2741   0.4355   0.2265   0.3334   0.3342   0.3756   0.2405   0.3601   0.0799   0.1972   0.4566   0.0948   0.2803   0.0521   0.1582    0.553   0.2631   0.1475   0.1609   0.2631   0.1768   0.1617   0.0919
  snr   -15.23
    H     4.67
 exon    False

M: mem
 freq      0.0   0.0037   0.0074   0.0111   0.0148   0.0185   0.0222   0.0259   0.0296   0.0333    0.037   0.0407   0.0444   0.0481   0.0519   0.0556   0.0593    0.063   0.0667   0.0704   0.0741   0.0778   0.0815   0.0852   0.0889   0.0926   0.0963      0.1   0.1037   0.1074   0.1111   0.1148   0.1185   0.1222   0.1259   0.1296   0.1333    0.137   0.1407   0.1444   0.1481   0.1519   0.1556   0.1593    0.163   0.1667   0.1704   0.1741   0.1778   0.1815   0.1852   0.1889   0.1926   0.1963      0.2   0.2037   0.2074   0.2111   0.2148   0.2185   0.2222   0.2259   0.2296   0.2333    0.237   0.2407   0.2444   0.2481   0.2519   0.2556   0.2593    0.263   0.2667   0.2704   0.2741   0.2778   0.2815   0.2852   0.2889   0.2926   0.2963      0.3   0.3037   0.3074   0.3111   0.3148   0.3185   0.3222   0.3259   0.3296   0.3333    0.337   0.3407   0.3444   0.3481   0.3519   0.3556   0.3593    0.363   0.3667   0.3704   0.3741   0.3778   0.3815   0.3852   0.3889   0.3926   0.3963      0.4   0.4037   0.4074   0.4111   0.4148   0.4185   0.4222   0.4259   0.4296   0.4333    0.437   0.4407   0.4444   0.4481   0.4519   0.4556   0.4593    0.463   0.4667   0.4704   0.4741   0.4778   0.4815   0.4852   0.4889   0.4926   0.4963
    S      0.0   0.6228   0.2329    0.006    0.432   0.5176   0.2414   0.0606   0.1592   0.1518   0.3656   0.0294   0.1803   0.5866   0.1715   0.4381   0.0651    0.112   0.1376   0.3237   0.2443   0.0193      1.0   0.7093   0.1768     0.05   0.0035   0.1448   0.2597   0.0218   0.0807   0.1017   0.0966    0.003   0.0143   0.0647   0.0547   0.1544   0.0563    0.002   0.0179   0.1684   0.0403   0.5775   0.0245   0.0204   0.0813   0.0804   0.1612   0.5855   0.0536   0.1446   0.0641   0.1082   0.0028    0.014   0.0327   0.0025   0.0202   0.0404   0.0195   0.0107   0.0909   0.0191   0.1045    0.001   0.2921   0.1915   0.0042   0.1461   0.2824   0.0668    0.349   0.0687    0.002   0.0397   0.4369   0.2087   0.1862   0.4419   0.2805     0.32   0.0176   0.1261   0.0341   0.4564   0.0547   0.0251   0.0057   0.0967   0.0174   0.0826   0.0053   0.1671    0.013   0.0184    0.131   0.0985   0.3189   0.2396   0.0121   0.0006   0.2563   0.0913   0.0153   0.2143   0.0058    0.056   0.1392   0.3074   0.1116   0.0407   0.1997   0.0132   0.1234    0.027   0.4407   0.1909   0.2138   0.4777   0.0081   0.0089   0.2631   0.0655   0.0622   0.5422   0.1031   0.6699   0.0997   0.2546   0.0326   0.0576   0.2472   0.3097   0.0391
  snr   -13.12
    H     4.36
 exon    False

M: tbpse
 freq      0.0   0.0037   0.0074   0.0111   0.0148   0.0185   0.0222   0.0259   0.0296   0.0333    0.037   0.0407   0.0444   0.0481   0.0519   0.0556   0.0593    0.063   0.0667   0.0704   0.0741   0.0778   0.0815   0.0852   0.0889   0.0926   0.0963      0.1   0.1037   0.1074   0.1111   0.1148   0.1185   0.1222   0.1259   0.1296   0.1333    0.137   0.1407   0.1444   0.1481   0.1519   0.1556   0.1593    0.163   0.1667   0.1704   0.1741   0.1778   0.1815   0.1852   0.1889   0.1926   0.1963      0.2   0.2037   0.2074   0.2111   0.2148   0.2185   0.2222   0.2259   0.2296   0.2333    0.237   0.2407   0.2444   0.2481   0.2519   0.2556   0.2593    0.263   0.2667   0.2704   0.2741   0.2778   0.2815   0.2852   0.2889   0.2926   0.2963      0.3   0.3037   0.3074   0.3111   0.3148   0.3185   0.3222   0.3259   0.3296   0.3333    0.337   0.3407   0.3444   0.3481   0.3519   0.3556   0.3593    0.363   0.3667   0.3704   0.3741   0.3778   0.3815   0.3852   0.3889   0.3926   0.3963      0.4   0.4037   0.4074   0.4111   0.4148   0.4185   0.4222   0.4259   0.4296   0.4333    0.437   0.4407   0.4444   0.4481   0.4519   0.4556   0.4593    0.463   0.4667   0.4704   0.4741   0.4778   0.4815   0.4852   0.4889   0.4926   0.4963
    S      0.0   0.5185      1.0   0.1585   0.4235   0.0859   0.1108   0.0803   0.3147   0.1187   0.3417   0.1339   0.0484   0.1039   0.0859   0.0819   0.2714   0.1565   0.0826   0.1785   0.6398   0.1114     0.29   0.1559   0.4862   0.1531   0.0928   0.0578   0.3692    0.077   0.2431   0.3348   0.1523   0.0376   0.5218    0.396   0.6697   0.0072    0.047   0.0349   0.2803   0.1706   0.4622   0.2115   0.2053   0.4939   0.0115   0.1725    0.037   0.1483   0.0592   0.1059   0.1101   0.0579   0.1324   0.3697    0.267   0.1364   0.3989   0.1389   0.0466   0.0359   0.0342   0.1767   0.0504    0.191   0.5126   0.1996   0.2472   0.6795   0.3841   0.2747   0.0151   0.2139     0.26   0.1062   0.1701    0.032   0.0532   0.1101   0.0951   0.2154   0.0277   0.2068   0.5381    0.426   0.2145   0.0703   0.4883   0.2471   0.2306   0.1462   0.2301   0.2226   0.1346   0.1275   0.1879   0.3305   0.4024   0.1777   0.9566   0.3651   0.4511   0.7106   0.1514   0.5097   0.0869   0.1315   0.3476   0.3805   0.2345   0.0369   0.2081   0.1315   0.0591   0.3533   0.2127   0.2145    0.297   0.1659   0.0183    0.071   0.5694   0.0783   0.3083   0.2544   0.2019   0.2874   0.1315   0.1124   0.1245   0.2946   0.0492   0.3266   0.0388
  snr    -14.7
    H     4.61
 exon    False

M: snrse
 freq      0.0   0.0037   0.0074   0.0111   0.0148   0.0185   0.0222   0.0259   0.0296   0.0333    0.037   0.0407   0.0444   0.0481   0.0519   0.0556   0.0593    0.063   0.0667   0.0704   0.0741   0.0778   0.0815   0.0852   0.0889   0.0926   0.0963      0.1   0.1037   0.1074   0.1111   0.1148   0.1185   0.1222   0.1259   0.1296   0.1333    0.137   0.1407   0.1444   0.1481   0.1519   0.1556   0.1593    0.163   0.1667   0.1704   0.1741   0.1778   0.1815   0.1852   0.1889   0.1926   0.1963      0.2   0.2037   0.2074   0.2111   0.2148   0.2185   0.2222   0.2259   0.2296   0.2333    0.237   0.2407   0.2444   0.2481   0.2519   0.2556   0.2593    0.263   0.2667   0.2704   0.2741   0.2778   0.2815   0.2852   0.2889   0.2926   0.2963      0.3   0.3037   0.3074   0.3111   0.3148   0.3185   0.3222   0.3259   0.3296   0.3333    0.337   0.3407   0.3444   0.3481   0.3519   0.3556   0.3593    0.363   0.3667   0.3704   0.3741   0.3778   0.3815   0.3852   0.3889   0.3926   0.3963      0.4   0.4037   0.4074   0.4111   0.4148   0.4185   0.4222   0.4259   0.4296   0.4333    0.437   0.4407   0.4444   0.4481   0.4519   0.4556   0.4593    0.463   0.4667   0.4704   0.4741   0.4778   0.4815   0.4852   0.4889   0.4926   0.4963
    S      0.0   0.2339      1.0   0.0965    0.442   0.2267   0.1262   0.0077   0.1793   0.0241   0.0186   0.0762   0.0624   0.1327     0.06   0.3535   0.0724   0.0964   0.0917    0.008    0.223   0.0225   0.1153    0.316   0.2193   0.0261   0.0581   0.0652   0.1556   0.0214    0.111   0.0714   0.1718   0.0147   0.3297   0.1279   0.2447   0.0671   0.0185   0.0154   0.1238   0.1213   0.3368   0.0524   0.0804   0.1891   0.0302   0.0536   0.0336    0.214   0.0017   0.0186   0.0186   0.0094   0.0482   0.2247   0.1794    0.072   0.2718   0.1335   0.0067   0.0074   0.0391   0.0594   0.0393   0.1044   0.2468   0.3257   0.1189   0.2353   0.0419   0.2112   0.1501   0.0875   0.1408   0.1254    0.263   0.0672   0.0584   0.2599   0.2103   0.0371   0.0274   0.0365   0.3224   0.0675     0.06   0.0337    0.287   0.1007   0.1019   0.1342   0.1193    0.058   0.0786   0.0479   0.2611   0.2763   0.0256   0.0182   0.6381   0.1946   0.2304   0.4686   0.0621   0.1276   0.0386   0.0226   0.1055   0.0384   0.0496   0.0112   0.0311   0.0612   0.0258   0.1232   0.0711      0.1   0.0733   0.0677   0.0025   0.0224   0.2406   0.0503   0.2268    0.017   0.1628   0.4413   0.1394   0.0162   0.0923   0.2843   0.1236   0.0578   0.0081
  snr    -12.1
    H     4.47
 exon    False