>data-XIV-cerevisiae-intergenic-96
N: 315
Methods: voss, eiip, qpsk, mem, tbpse, snrse

M: voss
 freq      0.0   0.0032   0.0063   0.0095   0.0127   0.0159    0.019   0.0222   0.0254   0.0286   0.0317   0.0349   0.0381   0.0413   0.0444   0.0476   0.0508    0.054   0.0571   0.0603   0.0635   0.0667   0.0698    0.073   0.0762   0.0794   0.0825   0.0857   0.0889   0.0921   0.0952   0.0984   0.1016   0.1048   0.1079   0.1111   0.1143   0.1175   0.1206   0.1238    0.127   0.1302   0.1333   0.1365   0.1397   0.1429    0.146   0.1492   0.1524   0.1556   0.1587   0.1619   0.1651   0.1683   0.1714   0.1746   0.1778    0.181   0.1841   0.1873   0.1905   0.1937   0.1968      0.2   0.2032   0.2063   0.2095   0.2127   0.2159    0.219   0.2222   0.2254   0.2286   0.2317   0.2349   0.2381   0.2413   0.2444   0.2476   0.2508    0.254   0.2571   0.2603   0.2635   0.2667   0.2698    0.273   0.2762   0.2794   0.2825   0.2857   0.2889   0.2921   0.2952   0.2984   0.3016   0.3048   0.3079   0.3111   0.3143   0.3175   0.3206   0.3238    0.327   0.3302   0.3333   0.3365   0.3397   0.3429    0.346   0.3492   0.3524   0.3556   0.3587   0.3619   0.3651   0.3683   0.3714   0.3746   0.3778    0.381   0.3841   0.3873   0.3905   0.3937   0.3968      0.4   0.4032   0.4063   0.4095   0.4127   0.4159    0.419   0.4222   0.4254   0.4286   0.4317   0.4349   0.4381   0.4413   0.4444   0.4476   0.4508    0.454   0.4571   0.4603   0.4635   0.4667   0.4698    0.473   0.4762   0.4794   0.4825   0.4857   0.4889   0.4921   0.4952   0.4984
    S      0.0      1.0   0.1262   0.3487   0.7482   0.3824    0.196   0.4208   0.3673   0.9301    0.153   0.3868   0.4591   0.4641   0.2699   0.3815   0.7743   0.2318   0.6556   0.5557   0.1399   0.3232   0.1917   0.2013   0.2197     0.35    0.295   0.2059   0.0453   0.4849   0.2099   0.2851   0.4772   0.3037   0.8202   0.2888    0.289   0.2258   0.2068   0.3394   0.2483   0.1177   0.7297   0.0602   0.4154   0.5083   0.3779   0.2432    0.249   0.3305   0.2304   0.0424   0.2807   0.1064   0.5919   0.2908   0.3653   0.2549   0.6655   0.5555   0.5474    0.369   0.3614   0.8688   0.2283   0.1973   0.5365   0.2372   0.2817   0.1297   0.2717   0.4274   0.2799   0.2253   0.3509   0.2165   0.4052   0.5197   0.0713    0.194    0.161   0.5246   0.4513   0.4935   0.1426   0.1726   0.1652   0.2487   0.0896   0.2072   0.6087    0.211   0.1115   0.1222   0.7364   0.0923   0.6523   0.1558   0.3998   0.1376   0.2577   0.2378   0.2034   0.2209   0.3701   0.2455   0.2372   0.1758   0.3339   0.1371   0.5146   0.1326   0.1043     0.55   0.2389   0.1384   0.3496   0.5232   0.1486   0.2506   0.4149   0.1167    0.191   0.5699   0.1143   0.7511   0.4873   0.1819   0.2097   0.1777   0.0705   0.2362   0.3215    0.571    0.323    0.522   0.2399   0.2664   0.6114   0.5469   0.3645   0.0662    0.099   0.2497   0.3081   0.7526   0.2653    0.228   0.6083   0.3455   0.3627   0.2889   0.5954    0.706   0.2118   0.5527   0.7043   0.0911
  snr   -17.17
    H     4.89
 exon    False

M: eiip
 freq      0.0   0.0032   0.0063   0.0095   0.0127   0.0159    0.019   0.0222   0.0254   0.0286   0.0317   0.0349   0.0381   0.0413   0.0444   0.0476   0.0508    0.054   0.0571   0.0603   0.0635   0.0667   0.0698    0.073   0.0762   0.0794   0.0825   0.0857   0.0889   0.0921   0.0952   0.0984   0.1016   0.1048   0.1079   0.1111   0.1143   0.1175   0.1206   0.1238    0.127   0.1302   0.1333   0.1365   0.1397   0.1429    0.146   0.1492   0.1524   0.1556   0.1587   0.1619   0.1651   0.1683   0.1714   0.1746   0.1778    0.181   0.1841   0.1873   0.1905   0.1937   0.1968      0.2   0.2032   0.2063   0.2095   0.2127   0.2159    0.219   0.2222   0.2254   0.2286   0.2317   0.2349   0.2381   0.2413   0.2444   0.2476   0.2508    0.254   0.2571   0.2603   0.2635   0.2667   0.2698    0.273   0.2762   0.2794   0.2825   0.2857   0.2889   0.2921   0.2952   0.2984   0.3016   0.3048   0.3079   0.3111   0.3143   0.3175   0.3206   0.3238    0.327   0.3302   0.3333   0.3365   0.3397   0.3429    0.346   0.3492   0.3524   0.3556   0.3587   0.3619   0.3651   0.3683   0.3714   0.3746   0.3778    0.381   0.3841   0.3873   0.3905   0.3937   0.3968      0.4   0.4032   0.4063   0.4095   0.4127   0.4159    0.419   0.4222   0.4254   0.4286   0.4317   0.4349   0.4381   0.4413   0.4444   0.4476   0.4508    0.454   0.4571   0.4603   0.4635   0.4667   0.4698    0.473   0.4762   0.4794   0.4825   0.4857   0.4889   0.4921   0.4952   0.4984
    S      0.0   0.6604   0.0497   0.1852   0.2986   0.5398   0.1351   0.3775   0.2169   0.2481   0.2155   0.0861   0.4321   0.4137   0.5668   0.0737   0.7611   0.4244   0.3735   0.3837   0.0723   0.1467   0.2484   0.1537   0.0301    0.262   0.8278   0.2934    0.004   0.0616   0.0104   0.0169   0.1109   0.1142   0.0879   0.6904   0.1177   0.2939   0.1965   0.0775   0.1583   0.0431   0.0183   0.1008   0.0287   0.1622   0.2829   0.4224   0.0474   0.2436   0.0847   0.0436   0.1833   0.0262   0.0498   0.0722   0.1604   0.3669   0.3219   0.0964   0.5831   0.4811   0.4546   0.2067   0.5917   0.4923   0.7316   0.3182   0.4566   0.1245   0.2984   0.1404   0.4014   0.3132   0.2583   0.1358    0.021   0.0933   0.0904   0.1572   0.2763   0.5459   0.3769   0.4536   0.0931   0.0293   0.1513    0.169   0.0657   0.3317   0.5007   0.0798   0.2432   0.0089   0.2914   0.0641   0.2224   0.2726   0.2309   0.2112   0.4693   0.0533   0.0848   0.2481   0.0946   0.1903   0.5404   0.3219   0.3742   0.1851   0.5342   0.1316   0.0606   0.1583   0.2312   0.0716    0.246   0.4337   0.1335   0.0053   0.2047   0.0021   0.0498   0.1369   0.1187   0.4421    0.561   0.1866   0.0304   0.2922   0.0246   0.1834   0.2558   0.6689    0.128    0.137   0.0683   0.4189   0.2851   0.0813   0.2936   0.1398   0.0332   0.0682   0.1995    0.275   0.2533   0.4372   0.2468   0.1542   0.0418   0.1832    0.557   0.1191    0.166      1.0   0.2381   0.0007
  snr   -15.61
    H     4.75
 exon    False

M: qpsk
 freq      0.0   0.0032   0.0063   0.0095   0.0127   0.0159    0.019   0.0222   0.0254   0.0286   0.0317   0.0349   0.0381   0.0413   0.0444   0.0476   0.0508    0.054   0.0571   0.0603   0.0635   0.0667   0.0698    0.073   0.0762   0.0794   0.0825   0.0857   0.0889   0.0921   0.0952   0.0984   0.1016   0.1048   0.1079   0.1111   0.1143   0.1175   0.1206   0.1238    0.127   0.1302   0.1333   0.1365   0.1397   0.1429    0.146   0.1492   0.1524   0.1556   0.1587   0.1619   0.1651   0.1683   0.1714   0.1746   0.1778    0.181   0.1841   0.1873   0.1905   0.1937   0.1968      0.2   0.2032   0.2063   0.2095   0.2127   0.2159    0.219   0.2222   0.2254   0.2286   0.2317   0.2349   0.2381   0.2413   0.2444   0.2476   0.2508    0.254   0.2571   0.2603   0.2635   0.2667   0.2698    0.273   0.2762   0.2794   0.2825   0.2857   0.2889   0.2921   0.2952   0.2984   0.3016   0.3048   0.3079   0.3111   0.3143   0.3175   0.3206   0.3238    0.327   0.3302   0.3333   0.3365   0.3397   0.3429    0.346   0.3492   0.3524   0.3556   0.3587   0.3619   0.3651   0.3683   0.3714   0.3746   0.3778    0.381   0.3841   0.3873   0.3905   0.3937   0.3968      0.4   0.4032   0.4063   0.4095   0.4127   0.4159    0.419   0.4222   0.4254   0.4286   0.4317   0.4349   0.4381   0.4413   0.4444   0.4476   0.4508    0.454   0.4571   0.4603   0.4635   0.4667   0.4698    0.473   0.4762   0.4794   0.4825   0.4857   0.4889   0.4921   0.4952   0.4984
    S      0.0      1.0   0.1409   0.3036   0.4004   0.4718   0.1165   0.3585   0.2307   0.5299    0.131   0.4577   0.5699    0.424   0.1583   0.3827   0.9647   0.1972   0.1715   0.6852   0.0846   0.3235   0.0869   0.2575   0.2411   0.4067   0.3405   0.1308    0.039    0.306   0.2467   0.2711   0.3337   0.2157     0.84   0.1994   0.3215   0.2406   0.0984   0.2228   0.3029   0.1325   0.8003   0.0438   0.3366   0.5301    0.371   0.2121   0.2631   0.1476   0.2529   0.0489    0.194   0.1102   0.5048   0.1159   0.1158   0.1588   0.5696   0.5636   0.0192   0.4223   0.3527   0.9023   0.2594   0.1909   0.5271   0.2737   0.1368    0.165    0.269   0.5173    0.349   0.2635   0.4321   0.0881   0.3075    0.428    0.062   0.2468   0.0783   0.5589   0.4836   0.4838   0.0334   0.0862   0.0204   0.0542   0.0904   0.0936   0.4928   0.2291   0.1382   0.0716    0.817   0.0993   0.1252   0.0484   0.4223   0.1108   0.1927   0.2499   0.1552   0.0421   0.1817   0.1296   0.2314   0.2236   0.1962   0.1489   0.1828   0.0988    0.088   0.3498   0.0796   0.1289    0.217   0.5536   0.1345    0.097   0.3873   0.0738   0.1965   0.4035   0.1121   0.2315   0.3315   0.2014   0.2529    0.096   0.0297   0.2417   0.3793   0.7066   0.2981   0.4469    0.203   0.3393   0.5878   0.3063   0.3264   0.0294   0.0556   0.2569   0.3121   0.4839   0.3134   0.2312   0.5718   0.3742   0.0865   0.2415     0.72   0.6991   0.2439   0.3243   0.7565   0.0852
  snr   -16.44
    H     4.82
 exon    False

M: mem
 freq      0.0   0.0032   0.0064   0.0096   0.0127   0.0159   0.0191   0.0223   0.0255   0.0287   0.0318    0.035   0.0382   0.0414   0.0446   0.0478    0.051   0.0541   0.0573   0.0605   0.0637   0.0669   0.0701   0.0732   0.0764   0.0796   0.0828    0.086   0.0892   0.0924   0.0955   0.0987   0.1019   0.1051   0.1083   0.1115   0.1146   0.1178    0.121   0.1242   0.1274   0.1306   0.1338   0.1369   0.1401   0.1433   0.1465   0.1497   0.1529   0.1561   0.1592   0.1624   0.1656   0.1688    0.172   0.1752   0.1783   0.1815   0.1847   0.1879   0.1911   0.1943   0.1975   0.2006   0.2038    0.207   0.2102   0.2134   0.2166   0.2197   0.2229   0.2261   0.2293   0.2325   0.2357   0.2389    0.242   0.2452   0.2484   0.2516   0.2548    0.258   0.2611   0.2643   0.2675   0.2707   0.2739   0.2771   0.2803   0.2834   0.2866   0.2898    0.293   0.2962   0.2994   0.3025   0.3057   0.3089   0.3121   0.3153   0.3185   0.3217   0.3248    0.328   0.3312   0.3344   0.3376   0.3408   0.3439   0.3471   0.3503   0.3535   0.3567   0.3599   0.3631   0.3662   0.3694   0.3726   0.3758    0.379   0.3822   0.3854   0.3885   0.3917   0.3949   0.3981   0.4013   0.4045   0.4076   0.4108    0.414   0.4172   0.4204   0.4236   0.4268   0.4299   0.4331   0.4363   0.4395   0.4427   0.4459    0.449   0.4522   0.4554   0.4586   0.4618    0.465   0.4682   0.4713   0.4745   0.4777   0.4809   0.4841   0.4873   0.4904   0.4936   0.4968
    S      0.0   0.4166   0.1056    0.059   0.0314   0.0999   0.0711   0.1445   0.0155   0.0619    0.028   0.3537   0.3241   0.1617   0.0116   0.3566    0.305   0.0106   0.0299   0.3283   0.0817   0.1415   0.0954   0.0617   0.2294   0.3598   0.0231   0.0508   0.0059   0.2472   0.0975    0.096   0.0423   0.2159   0.2169   0.0709   0.0247   0.1538   0.0102   0.1361   0.2636   0.0272   0.2026   0.0273   0.0627   0.0924   0.1413   0.1125    0.038   0.0312   0.0764   0.0078   0.1808   0.0159   0.1245   0.0051   0.0073   0.0785   0.4905   0.3775   0.0146   0.4092   0.1242      1.0   0.0314   0.0073   0.0197   0.2374    0.014   0.0519   0.0268    0.144    0.162   0.1371   0.2181   0.0178   0.3446   0.4642   0.0054   0.1473   0.0322   0.2393   0.1788   0.2256   0.1204   0.0579   0.0092   0.0373   0.0885   0.0314   0.0199   0.0296    0.004   0.0455   0.4254   0.0138   0.1654   0.1232   0.2715   0.0117   0.2378   0.0215   0.1172   0.0823   0.0155   0.0193   0.0906   0.1751   0.0272   0.0599   0.2274   0.0246   0.0082   0.0368   0.0294   0.0009   0.1874    0.096   0.0167   0.1711   0.0359   0.0377   0.0904   0.1023   0.0944   0.0283   0.1036   0.0015   0.1172   0.1155   0.0164   0.1924   0.1776   0.1367   0.1196    0.142   0.1375   0.2257   0.1362   0.1056   0.0178   0.0002   0.0237   0.2248    0.021   0.0496   0.2863   0.0133   0.0884   0.0146   0.0872   0.2083   0.0734   0.2126   0.0146   0.1861   0.0029
  snr   -12.46
    H     4.57
 exon    False

M: tbpse
 freq      0.0   0.0032   0.0063   0.0095   0.0127   0.0159    0.019   0.0222   0.0254   0.0286   0.0317   0.0349   0.0381   0.0413   0.0444   0.0476   0.0508    0.054   0.0571   0.0603   0.0635   0.0667   0.0698    0.073   0.0762   0.0794   0.0825   0.0857   0.0889   0.0921   0.0952   0.0984   0.1016   0.1048   0.1079   0.1111   0.1143   0.1175   0.1206   0.1238    0.127   0.1302   0.1333   0.1365   0.1397   0.1429    0.146   0.1492   0.1524   0.1556   0.1587   0.1619   0.1651   0.1683   0.1714   0.1746   0.1778    0.181   0.1841   0.1873   0.1905   0.1937   0.1968      0.2   0.2032   0.2063   0.2095   0.2127   0.2159    0.219   0.2222   0.2254   0.2286   0.2317   0.2349   0.2381   0.2413   0.2444   0.2476   0.2508    0.254   0.2571   0.2603   0.2635   0.2667   0.2698    0.273   0.2762   0.2794   0.2825   0.2857   0.2889   0.2921   0.2952   0.2984   0.3016   0.3048   0.3079   0.3111   0.3143   0.3175   0.3206   0.3238    0.327   0.3302   0.3333   0.3365   0.3397   0.3429    0.346   0.3492   0.3524   0.3556   0.3587   0.3619   0.3651   0.3683   0.3714   0.3746   0.3778    0.381   0.3841   0.3873   0.3905   0.3937   0.3968      0.4   0.4032   0.4063   0.4095   0.4127   0.4159    0.419   0.4222   0.4254   0.4286   0.4317   0.4349   0.4381   0.4413   0.4444   0.4476   0.4508    0.454   0.4571   0.4603   0.4635   0.4667   0.4698    0.473   0.4762   0.4794   0.4825   0.4857   0.4889   0.4921   0.4952   0.4984
    S      0.0   0.8178   0.0386   0.3427   0.6029   0.2513   0.1993   0.2308   0.3802      1.0   0.0969   0.1235   0.2019   0.1807   0.2006   0.2248   0.4633   0.1871   0.6781   0.1575   0.1075   0.1785   0.1637    0.107    0.086   0.1231   0.1841      0.2   0.0306   0.4347   0.1114   0.1939   0.4829    0.215   0.4276   0.1435   0.1914   0.1191   0.1705   0.2931   0.0574   0.0909   0.3621   0.0289   0.3064   0.3701    0.333    0.119    0.178   0.3315   0.1206   0.0253   0.2264   0.0733   0.4133   0.2798   0.3873   0.2329   0.5048   0.2976    0.612   0.0789   0.2678   0.3816   0.1217   0.1343   0.4011   0.0971   0.2615    0.058   0.2426   0.2839   0.0482   0.1401     0.14   0.2317   0.3098    0.361   0.0622   0.0482   0.0994   0.2395   0.3549   0.1771   0.1597   0.1607   0.1773   0.2797    0.062   0.1497   0.5456    0.156   0.0354   0.1175   0.2517     0.08   0.7253   0.1591   0.2188   0.0775   0.1609   0.1603   0.1658   0.2196    0.376   0.2649   0.0861    0.066   0.2949   0.0262   0.5675   0.1182   0.0845   0.3857   0.2162   0.1327   0.3413   0.0776   0.0965   0.2863   0.4027   0.1122    0.067   0.4144   0.0884   0.6785   0.4904   0.1049   0.0587   0.1165   0.0785   0.2097   0.0965   0.2428    0.318   0.3577   0.2039   0.0109   0.5776   0.4683   0.3518   0.0532    0.087   0.1868    0.236   0.7861   0.1345   0.1466   0.5919   0.2602   0.4388   0.1535    0.433   0.5593   0.1411   0.4715   0.5756   0.0696
  snr   -15.74
    H     4.81
 exon    False

M: snrse
 freq      0.0   0.0032   0.0063   0.0095   0.0127   0.0159    0.019   0.0222   0.0254   0.0286   0.0317   0.0349   0.0381   0.0413   0.0444   0.0476   0.0508    0.054   0.0571   0.0603   0.0635   0.0667   0.0698    0.073   0.0762   0.0794   0.0825   0.0857   0.0889   0.0921   0.0952   0.0984   0.1016   0.1048   0.1079   0.1111   0.1143   0.1175   0.1206   0.1238    0.127   0.1302   0.1333   0.1365   0.1397   0.1429    0.146   0.1492   0.1524   0.1556   0.1587   0.1619   0.1651   0.1683   0.1714   0.1746   0.1778    0.181   0.1841   0.1873   0.1905   0.1937   0.1968      0.2   0.2032   0.2063   0.2095   0.2127   0.2159    0.219   0.2222   0.2254   0.2286   0.2317   0.2349   0.2381   0.2413   0.2444   0.2476   0.2508    0.254   0.2571   0.2603   0.2635   0.2667   0.2698    0.273   0.2762   0.2794   0.2825   0.2857   0.2889   0.2921   0.2952   0.2984   0.3016   0.3048   0.3079   0.3111   0.3143   0.3175   0.3206   0.3238    0.327   0.3302   0.3333   0.3365   0.3397   0.3429    0.346   0.3492   0.3524   0.3556   0.3587   0.3619   0.3651   0.3683   0.3714   0.3746   0.3778    0.381   0.3841   0.3873   0.3905   0.3937   0.3968      0.4   0.4032   0.4063   0.4095   0.4127   0.4159    0.419   0.4222   0.4254   0.4286   0.4317   0.4349   0.4381   0.4413   0.4444   0.4476   0.4508    0.454   0.4571   0.4603   0.4635   0.4667   0.4698    0.473   0.4762   0.4794   0.4825   0.4857   0.4889   0.4921   0.4952   0.4984
    S      0.0   0.2913   0.1249   0.0257     0.08   0.1504   0.0594   0.2445   0.0449   0.1041   0.0192   0.4057   0.3426   0.1758   0.0251   0.3701   0.4176   0.0141    0.091   0.3692   0.0753   0.2471   0.1024   0.1029   0.2425   0.3436   0.0164    0.106   0.0091   0.2606   0.1737   0.1212   0.0954   0.2661   0.2999   0.0494   0.0642   0.1235   0.0531   0.2475   0.2702   0.0406   0.3246   0.0276   0.0685    0.152   0.0854   0.1239   0.0464   0.1012   0.1003   0.0293   0.2108   0.0225   0.1713   0.0284   0.0675    0.085   0.4319   0.5528   0.1075   0.3129    0.122      1.0   0.0441   0.0381    0.032   0.1582   0.1351   0.0672   0.0626   0.2249   0.1815   0.0785   0.3075   0.1402   0.3931   0.4542   0.0428   0.1403   0.0244   0.2521    0.273   0.1964   0.0579   0.0134    0.034   0.0599    0.046   0.0239   0.2331   0.0303   0.0391   0.0847   0.4287   0.0213   0.1455   0.0591   0.3531   0.0542   0.1319   0.1984   0.1167   0.0249   0.1076   0.0721   0.1077   0.0681   0.1501   0.0793   0.3323   0.0987   0.0213   0.0957   0.0235   0.0027   0.0948   0.3305   0.1125   0.1392   0.0264   0.0566   0.0954   0.0886   0.0066   0.0964   0.1489   0.0692   0.2367    0.077   0.0347     0.04   0.3104   0.2304   0.0093   0.1137   0.1657   0.2133   0.0366   0.2545    0.041   0.0068     0.01   0.0765   0.2096   0.1738   0.2043   0.1018   0.0111   0.0459   0.1441   0.1301   0.0751   0.2908   0.0474   0.2601   0.0805   0.0181
  snr   -13.29
    H     4.69
 exon    False