>data-XIV-cerevisiae-intergenic-100
N: 322
Methods: voss, eiip, qpsk, mem, alg1, alg2

M: voss
 freq      0.0   0.0031   0.0062   0.0093   0.0124   0.0155   0.0186   0.0217   0.0248    0.028   0.0311   0.0342   0.0373   0.0404   0.0435   0.0466   0.0497   0.0528   0.0559    0.059   0.0621   0.0652   0.0683   0.0714   0.0745   0.0776   0.0807   0.0839    0.087   0.0901   0.0932   0.0963   0.0994   0.1025   0.1056   0.1087   0.1118   0.1149    0.118   0.1211   0.1242   0.1273   0.1304   0.1335   0.1366   0.1398   0.1429    0.146   0.1491   0.1522   0.1553   0.1584   0.1615   0.1646   0.1677   0.1708   0.1739    0.177   0.1801   0.1832   0.1863   0.1894   0.1925   0.1957   0.1988   0.2019    0.205   0.2081   0.2112   0.2143   0.2174   0.2205   0.2236   0.2267   0.2298   0.2329    0.236   0.2391   0.2422   0.2453   0.2484   0.2516   0.2547   0.2578   0.2609    0.264   0.2671   0.2702   0.2733   0.2764   0.2795   0.2826   0.2857   0.2888   0.2919    0.295   0.2981   0.3012   0.3043   0.3075   0.3106   0.3137   0.3168   0.3199    0.323   0.3261   0.3292   0.3323   0.3354   0.3385   0.3416   0.3447   0.3478   0.3509    0.354   0.3571   0.3602   0.3634   0.3665   0.3696   0.3727   0.3758   0.3789    0.382   0.3851   0.3882   0.3913   0.3944   0.3975   0.4006   0.4037   0.4068   0.4099    0.413   0.4161   0.4193   0.4224   0.4255   0.4286   0.4317   0.4348   0.4379    0.441   0.4441   0.4472   0.4503   0.4534   0.4565   0.4596   0.4627   0.4658   0.4689    0.472   0.4752   0.4783   0.4814   0.4845   0.4876   0.4907   0.4938   0.4969
    S      0.0   0.0802      1.0   0.3151   0.3435   0.2234   0.2452   0.2365   0.1312   0.2652   0.1541   0.0556   0.0974    0.127    0.049   0.0985   0.3526    0.132   0.1353   0.2098    0.213   0.4345   0.0308   0.0318   0.0418    0.205   0.2853   0.1072   0.5028   0.3485   0.1385    0.145   0.5208   0.0726   0.1005   0.3304   0.1021   0.0133    0.609   0.1256   0.0905   0.0826    0.063   0.0469   0.3134   0.0967   0.2073   0.1688   0.0598     0.22   0.2175   0.2094   0.3376   0.2164   0.1806   0.3391   0.0355   0.1994   0.1168   0.2251   0.1074   0.1817   0.1017   0.1077    0.177    0.211   0.1433   0.1918   0.3071   0.0577   0.2088    0.183   0.1606   0.1965   0.2011   0.0786   0.3651     0.19   0.0767   0.0516   0.2136   0.1395   0.1375   0.1278   0.4876   0.1357    0.073   0.1598   0.4191   0.1401   0.0576   0.1977   0.0705   0.3544   0.1866   0.0576   0.0155   0.0131   0.1534   0.1187   0.1284   0.2603   0.0598   0.2387   0.1233   0.3577   0.2095   0.1798   0.0641   0.4135   0.1069   0.3134   0.0832   0.0987   0.2739   0.1484   0.2407   0.1922    0.114   0.2342   0.0683   0.2237   0.3182   0.2158   0.1938   0.1376   0.0954   0.2163   0.0922   0.0461   0.0393   0.5401   0.1335    0.294   0.1516    0.181    0.067   0.2445   0.1817   0.2992   0.2153   0.1475   0.1213   0.3643   0.2281   0.1088   0.1194   0.2476   0.2309   0.5292   0.1093   0.0608   0.1155   0.1797   0.1879   0.1056   0.0958   0.0403   0.1034   0.0722   0.2758
  snr    -14.6
    H     4.86
 exon    False

M: eiip
 freq      0.0   0.0031   0.0062   0.0093   0.0124   0.0155   0.0186   0.0217   0.0248    0.028   0.0311   0.0342   0.0373   0.0404   0.0435   0.0466   0.0497   0.0528   0.0559    0.059   0.0621   0.0652   0.0683   0.0714   0.0745   0.0776   0.0807   0.0839    0.087   0.0901   0.0932   0.0963   0.0994   0.1025   0.1056   0.1087   0.1118   0.1149    0.118   0.1211   0.1242   0.1273   0.1304   0.1335   0.1366   0.1398   0.1429    0.146   0.1491   0.1522   0.1553   0.1584   0.1615   0.1646   0.1677   0.1708   0.1739    0.177   0.1801   0.1832   0.1863   0.1894   0.1925   0.1957   0.1988   0.2019    0.205   0.2081   0.2112   0.2143   0.2174   0.2205   0.2236   0.2267   0.2298   0.2329    0.236   0.2391   0.2422   0.2453   0.2484   0.2516   0.2547   0.2578   0.2609    0.264   0.2671   0.2702   0.2733   0.2764   0.2795   0.2826   0.2857   0.2888   0.2919    0.295   0.2981   0.3012   0.3043   0.3075   0.3106   0.3137   0.3168   0.3199    0.323   0.3261   0.3292   0.3323   0.3354   0.3385   0.3416   0.3447   0.3478   0.3509    0.354   0.3571   0.3602   0.3634   0.3665   0.3696   0.3727   0.3758   0.3789    0.382   0.3851   0.3882   0.3913   0.3944   0.3975   0.4006   0.4037   0.4068   0.4099    0.413   0.4161   0.4193   0.4224   0.4255   0.4286   0.4317   0.4348   0.4379    0.441   0.4441   0.4472   0.4503   0.4534   0.4565   0.4596   0.4627   0.4658   0.4689    0.472   0.4752   0.4783   0.4814   0.4845   0.4876   0.4907   0.4938   0.4969
    S      0.0    0.013   0.0108   0.7765   0.4237    0.297   0.0115   0.5861   0.0169   0.3495   0.0407   0.0682   0.1697   0.2112    0.129   0.1183   0.1202    0.027   0.2152   0.0082   0.2512   0.1384   0.0555   0.0192   0.0001   0.1145   0.0239   0.0239   0.5698   0.7904     0.04   0.0698   0.4429   0.2106   0.0957   0.8403    0.206   0.0137   0.3341   0.2212   0.0449   0.0524   0.0307   0.0405   0.8441   0.0082   0.4004   0.1411   0.0647   0.5043    0.048   0.2332   0.2263   0.2026   0.0859   0.1458   0.0329   0.1495   0.0332   0.1745   0.2619   0.2932   0.0245   0.0639   0.6881   0.3009   0.1669   0.5537   0.1919   0.0102   0.0129   0.0484   0.1894   0.4272   0.0525   0.1009   0.3685   0.0278   0.0146   0.0538     0.31   0.0904   0.1557   0.3387   0.1688   0.1173   0.0699   0.1235    0.271   0.2767   0.2007   0.0437   0.1052   0.0239   0.2166   0.0083   0.0471   0.0054   0.0106   0.3459   0.0983   0.1584   0.1471   0.3608   0.0078   0.5322   0.2369   0.1038   0.0863   0.0821   0.1815   0.4574   0.0556   0.1668   0.4978   0.0511   0.0246   0.6286    0.088   0.2133   0.0671   0.3992   0.2154   0.4461   0.1466   0.2873   0.1511   0.0545   0.2058   0.0371   0.0318   0.3352   0.0798   0.3375   0.1365   0.2519   0.0635   0.0147   0.3013   0.0451   0.5029   0.4328   0.3597      1.0   0.5433   0.2234   0.0271   0.0884   0.1657   0.2536   0.2891   0.2374   0.1101   0.1444   0.2962   0.0984   0.1415   0.0874   0.0737   0.1171   0.1002
  snr   -14.83
    H     4.65
 exon    False

M: qpsk
 freq      0.0   0.0031   0.0062   0.0093   0.0124   0.0155   0.0186   0.0217   0.0248    0.028   0.0311   0.0342   0.0373   0.0404   0.0435   0.0466   0.0497   0.0528   0.0559    0.059   0.0621   0.0652   0.0683   0.0714   0.0745   0.0776   0.0807   0.0839    0.087   0.0901   0.0932   0.0963   0.0994   0.1025   0.1056   0.1087   0.1118   0.1149    0.118   0.1211   0.1242   0.1273   0.1304   0.1335   0.1366   0.1398   0.1429    0.146   0.1491   0.1522   0.1553   0.1584   0.1615   0.1646   0.1677   0.1708   0.1739    0.177   0.1801   0.1832   0.1863   0.1894   0.1925   0.1957   0.1988   0.2019    0.205   0.2081   0.2112   0.2143   0.2174   0.2205   0.2236   0.2267   0.2298   0.2329    0.236   0.2391   0.2422   0.2453   0.2484   0.2516   0.2547   0.2578   0.2609    0.264   0.2671   0.2702   0.2733   0.2764   0.2795   0.2826   0.2857   0.2888   0.2919    0.295   0.2981   0.3012   0.3043   0.3075   0.3106   0.3137   0.3168   0.3199    0.323   0.3261   0.3292   0.3323   0.3354   0.3385   0.3416   0.3447   0.3478   0.3509    0.354   0.3571   0.3602   0.3634   0.3665   0.3696   0.3727   0.3758   0.3789    0.382   0.3851   0.3882   0.3913   0.3944   0.3975   0.4006   0.4037   0.4068   0.4099    0.413   0.4161   0.4193   0.4224   0.4255   0.4286   0.4317   0.4348   0.4379    0.441   0.4441   0.4472   0.4503   0.4534   0.4565   0.4596   0.4627   0.4658   0.4689    0.472   0.4752   0.4783   0.4814   0.4845   0.4876   0.4907   0.4938   0.4969
    S      0.0   0.1104      1.0   0.5294   0.5769   0.2514   0.1326   0.2216   0.0543   0.3872   0.2177   0.0262   0.1286   0.1761   0.0827   0.1023   0.2869   0.1654   0.0606   0.2563   0.3156   0.4748   0.0442   0.0469   0.0675   0.3149   0.2382   0.1055   0.8886   0.3602    0.242   0.1819   0.6265   0.0945   0.1809   0.5614    0.137   0.0189   0.9269   0.1304   0.1503   0.0635    0.022    0.042   0.5595   0.0908   0.3067   0.1991   0.0896   0.3792   0.2686   0.3403   0.0222   0.3351   0.1076   0.4224   0.0109   0.2892   0.1441   0.1177   0.1957   0.2221   0.1043   0.1604   0.1942   0.1849   0.2317   0.3301   0.3042   0.1059   0.2004   0.2088   0.1765   0.3139   0.2446    0.089   0.0859   0.2507   0.0798   0.0864   0.1066   0.1793   0.2387   0.1424   0.4427   0.1965   0.0165   0.2435   0.0762   0.2476    0.085   0.1948   0.1277   0.5004   0.1914    0.052   0.0109   0.0238   0.1144   0.1572   0.0977   0.3929   0.0994   0.4176   0.1622   0.1918   0.3147   0.3271   0.1107   0.2694   0.1045    0.454   0.0291   0.1028   0.2087   0.1104   0.2215   0.3104    0.135   0.4205   0.0505     0.24   0.5139   0.1208   0.0774   0.2406   0.0382   0.2447   0.1695   0.0485   0.0423   0.9267   0.1749    0.514   0.2285   0.1661   0.0885   0.1376   0.3227   0.4209   0.3425   0.2609   0.1664   0.6691   0.4137   0.1233   0.0922   0.1353   0.1317    0.573   0.1413   0.0723   0.1496   0.1599   0.2799   0.1531   0.1096    0.026   0.1781   0.1224   0.3036
  snr    -15.4
    H     4.79
 exon    False

M: mem
 freq      0.0   0.0031   0.0062   0.0093   0.0124   0.0155   0.0186   0.0217   0.0248    0.028   0.0311   0.0342   0.0373   0.0404   0.0435   0.0466   0.0497   0.0528   0.0559    0.059   0.0621   0.0652   0.0683   0.0714   0.0745   0.0776   0.0807   0.0839    0.087   0.0901   0.0932   0.0963   0.0994   0.1025   0.1056   0.1087   0.1118   0.1149    0.118   0.1211   0.1242   0.1273   0.1304   0.1335   0.1366   0.1398   0.1429    0.146   0.1491   0.1522   0.1553   0.1584   0.1615   0.1646   0.1677   0.1708   0.1739    0.177   0.1801   0.1832   0.1863   0.1894   0.1925   0.1957   0.1988   0.2019    0.205   0.2081   0.2112   0.2143   0.2174   0.2205   0.2236   0.2267   0.2298   0.2329    0.236   0.2391   0.2422   0.2453   0.2484   0.2516   0.2547   0.2578   0.2609    0.264   0.2671   0.2702   0.2733   0.2764   0.2795   0.2826   0.2857   0.2888   0.2919    0.295   0.2981   0.3012   0.3043   0.3075   0.3106   0.3137   0.3168   0.3199    0.323   0.3261   0.3292   0.3323   0.3354   0.3385   0.3416   0.3447   0.3478   0.3509    0.354   0.3571   0.3602   0.3634   0.3665   0.3696   0.3727   0.3758   0.3789    0.382   0.3851   0.3882   0.3913   0.3944   0.3975   0.4006   0.4037   0.4068   0.4099    0.413   0.4161   0.4193   0.4224   0.4255   0.4286   0.4317   0.4348   0.4379    0.441   0.4441   0.4472   0.4503   0.4534   0.4565   0.4596   0.4627   0.4658   0.4689    0.472   0.4752   0.4783   0.4814   0.4845   0.4876   0.4907   0.4938   0.4969
    S      0.0    0.013   0.7658   0.4547   0.1432    0.523   0.1435    0.627   0.1095   0.0259    0.084   0.0677   0.0579   0.1352   0.0393   0.0362   0.4375   0.0215   0.3559   0.0066   0.0887   0.0625   0.0087   0.0095   0.0347   0.2265    0.071   0.1439   0.3116   0.9356   0.0221   0.0047   0.5669   0.1055    0.125   0.2962   0.1513   0.0052   0.1048   0.2582   0.0139   0.0768   0.0733   0.0159   0.1391   0.0464   0.0851    0.338   0.0024   0.0605   0.0163   0.3643   0.5265   0.1736   0.1489   0.0345   0.0483   0.0111   0.0232   0.3931   0.0959   0.4178   0.0145   0.1254   0.4774   0.2971   0.0268   0.3215   0.4419    0.037   0.1214   0.0356   0.2591   0.2522   0.0393   0.1573   0.7181   0.0821   0.1126   0.0274   0.3356   0.0085   0.2299   0.1714   0.4097   0.0029   0.0719   0.0985   0.5991   0.0887   0.0624   0.0419   0.1105    0.174   0.4275   0.0416   0.0442    0.002   0.0299   0.1934   0.2318   0.1418   0.0215   0.2062   0.0841    0.384   0.4273   0.1365   0.0643   0.2633   0.2253   0.3358   0.0713   0.1534   0.4139   0.2383   0.2471   0.2883   0.0107   0.0917   0.0456   0.2214   0.2564   0.4658   0.2969   0.0291   0.1867    0.212   0.1119   0.0488   0.0267   0.0724   0.1119   0.1218   0.0578   0.4314   0.0351   0.0813    0.229   0.0028   0.0844   0.1202   0.2011   0.1412   0.1802   0.1176   0.0605   0.2279    0.285      1.0   0.1241   0.1571   0.1002   0.1509   0.1957   0.0125   0.0816    0.051   0.0015   0.0837   0.1086
  snr    -14.3
    H     4.62
 exon    False

M: alg1
 freq      0.0   0.0031   0.0062   0.0093   0.0124   0.0155   0.0186   0.0217   0.0248    0.028   0.0311   0.0342   0.0373   0.0404   0.0435   0.0466   0.0497   0.0528   0.0559    0.059   0.0621   0.0652   0.0683   0.0714   0.0745   0.0776   0.0807   0.0839    0.087   0.0901   0.0932   0.0963   0.0994   0.1025   0.1056   0.1087   0.1118   0.1149    0.118   0.1211   0.1242   0.1273   0.1304   0.1335   0.1366   0.1398   0.1429    0.146   0.1491   0.1522   0.1553   0.1584   0.1615   0.1646   0.1677   0.1708   0.1739    0.177   0.1801   0.1832   0.1863   0.1894   0.1925   0.1957   0.1988   0.2019    0.205   0.2081   0.2112   0.2143   0.2174   0.2205   0.2236   0.2267   0.2298   0.2329    0.236   0.2391   0.2422   0.2453   0.2484   0.2516   0.2547   0.2578   0.2609    0.264   0.2671   0.2702   0.2733   0.2764   0.2795   0.2826   0.2857   0.2888   0.2919    0.295   0.2981   0.3012   0.3043   0.3075   0.3106   0.3137   0.3168   0.3199    0.323   0.3261   0.3292   0.3323   0.3354   0.3385   0.3416   0.3447   0.3478   0.3509    0.354   0.3571   0.3602   0.3634   0.3665   0.3696   0.3727   0.3758   0.3789    0.382   0.3851   0.3882   0.3913   0.3944   0.3975   0.4006   0.4037   0.4068   0.4099    0.413   0.4161   0.4193   0.4224   0.4255   0.4286   0.4317   0.4348   0.4379    0.441   0.4441   0.4472   0.4503   0.4534   0.4565   0.4596   0.4627   0.4658   0.4689    0.472   0.4752   0.4783   0.4814   0.4845   0.4876   0.4907   0.4938   0.4969
    S      0.0   0.1163      1.0   0.4735   0.5615   0.3762    0.111    0.252   0.0562   0.2242   0.2694   0.0305   0.0826   0.1241   0.0427   0.0533   0.3883   0.1525   0.1024   0.3439    0.209   0.3506    0.033   0.0356   0.0896   0.4256   0.1603   0.1532   0.8321   0.4526   0.3085   0.1699   0.5661   0.0426   0.2424    0.326   0.1194   0.0115    0.682   0.1378   0.1247   0.0652   0.0326   0.0449   0.1933   0.1078   0.1993   0.3055   0.0577   0.1466   0.3137   0.4683   0.0452   0.3927    0.069   0.4248   0.0089   0.2028   0.1052   0.1784   0.1321   0.2975   0.1345   0.1951   0.1147   0.1936   0.1352   0.2724   0.4602   0.1494   0.1644   0.2482   0.2316   0.2592   0.1918   0.1218   0.1302   0.3601   0.1128   0.0994    0.082   0.1353   0.3362   0.0532   0.4342   0.1208   0.0187   0.2092   0.1112   0.1552   0.0268   0.1226   0.1639   0.5887   0.2912   0.0426   0.0098   0.0246   0.1049   0.0921   0.1551   0.4282   0.0512   0.4368   0.1688   0.1068   0.4639   0.4172   0.1236   0.2432   0.1396   0.4795   0.0325    0.091    0.137   0.1521   0.2525   0.1785   0.1154   0.3904   0.0433   0.2312   0.5817   0.0957   0.1181   0.0922   0.0308   0.2595    0.152   0.0563   0.0324   0.7975   0.1709   0.4703   0.1535   0.2405   0.0694   0.1118   0.3668   0.5543   0.1397   0.1068   0.0896   0.2325   0.2632   0.0525   0.1289   0.0992   0.1323   0.8949    0.057   0.0417   0.1842   0.1207   0.2412   0.0759   0.0548   0.0122   0.1867   0.1178   0.2508
  snr    -15.1
    H     4.76
 exon    False

M: alg2
 freq      0.0   0.0031   0.0062   0.0093   0.0124   0.0155   0.0186   0.0217   0.0248    0.028   0.0311   0.0342   0.0373   0.0404   0.0435   0.0466   0.0497   0.0528   0.0559    0.059   0.0621   0.0652   0.0683   0.0714   0.0745   0.0776   0.0807   0.0839    0.087   0.0901   0.0932   0.0963   0.0994   0.1025   0.1056   0.1087   0.1118   0.1149    0.118   0.1211   0.1242   0.1273   0.1304   0.1335   0.1366   0.1398   0.1429    0.146   0.1491   0.1522   0.1553   0.1584   0.1615   0.1646   0.1677   0.1708   0.1739    0.177   0.1801   0.1832   0.1863   0.1894   0.1925   0.1957   0.1988   0.2019    0.205   0.2081   0.2112   0.2143   0.2174   0.2205   0.2236   0.2267   0.2298   0.2329    0.236   0.2391   0.2422   0.2453   0.2484   0.2516   0.2547   0.2578   0.2609    0.264   0.2671   0.2702   0.2733   0.2764   0.2795   0.2826   0.2857   0.2888   0.2919    0.295   0.2981   0.3012   0.3043   0.3075   0.3106   0.3137   0.3168   0.3199    0.323   0.3261   0.3292   0.3323   0.3354   0.3385   0.3416   0.3447   0.3478   0.3509    0.354   0.3571   0.3602   0.3634   0.3665   0.3696   0.3727   0.3758   0.3789    0.382   0.3851   0.3882   0.3913   0.3944   0.3975   0.4006   0.4037   0.4068   0.4099    0.413   0.4161   0.4193   0.4224   0.4255   0.4286   0.4317   0.4348   0.4379    0.441   0.4441   0.4472   0.4503   0.4534   0.4565   0.4596   0.4627   0.4658   0.4689    0.472   0.4752   0.4783   0.4814   0.4845   0.4876   0.4907   0.4938   0.4969
    S      0.0   0.0436      1.0     0.06   0.1745   0.1275   0.1434   0.0678   0.0676   0.1044   0.1044   0.0104   0.0485   0.0861    0.022   0.0289   0.2142    0.085    0.075   0.0007   0.0933   0.1896   0.0086   0.0305   0.0394   0.0868   0.1711   0.0828   0.2699    0.141   0.0522     0.02    0.414   0.0254   0.0354   0.1479   0.0177   0.0084   0.5428   0.0728     0.09   0.0497   0.0232   0.0056   0.1396   0.0508   0.0876   0.1123    0.035   0.1164   0.0036    0.105   0.1646   0.0189   0.1191   0.0191   0.0166   0.1402   0.0973   0.1225   0.0082   0.0969   0.0149   0.0804   0.0073    0.098   0.1221   0.0154   0.1595   0.0271   0.1932   0.0621    0.047   0.0224   0.1554   0.0487   0.2087   0.0443   0.0734   0.0114   0.0979   0.0253   0.0472   0.0442   0.3056   0.0659   0.0058   0.1329   0.1814   0.0727   0.0113   0.1401   0.0102   0.2903   0.1217   0.0537   0.0028   0.0113   0.0513   0.0104   0.0731   0.1912   0.0238   0.0816   0.1334   0.0917   0.1107   0.0802    0.028   0.1959   0.0297   0.0168    0.012   0.0301    0.128   0.1375   0.2166   0.0382   0.0242   0.1659    0.006   0.0072    0.167   0.0742     0.08   0.0636   0.0432   0.2095   0.0007   0.0286   0.0295   0.4544   0.0949   0.0865   0.1288   0.1165    0.051   0.0815   0.0085   0.0395   0.0815   0.0341   0.0387   0.1658   0.0211   0.0526   0.0227   0.1765   0.1459   0.4649   0.0222   0.0026   0.0062     0.08     0.05   0.0812   0.0529   0.0018   0.0547    0.039   0.1443
  snr   -11.44
    H     4.59
 exon    False