>data-XV-cerevisiae-intergenic-445
N: 515
Methods: voss, eiip, qpsk, mem, alg1, alg2

M: voss
 freq      0.0   0.0019   0.0039   0.0058   0.0078   0.0097   0.0117   0.0136   0.0155   0.0175   0.0194   0.0214   0.0233   0.0252   0.0272   0.0291   0.0311    0.033    0.035   0.0369   0.0388   0.0408   0.0427   0.0447   0.0466   0.0485   0.0505   0.0524   0.0544   0.0563   0.0583   0.0602   0.0621   0.0641    0.066    0.068   0.0699   0.0718   0.0738   0.0757   0.0777   0.0796   0.0816   0.0835   0.0854   0.0874   0.0893   0.0913   0.0932   0.0951   0.0971    0.099    0.101   0.1029   0.1049   0.1068   0.1087   0.1107   0.1126   0.1146   0.1165   0.1184   0.1204   0.1223   0.1243   0.1262   0.1282   0.1301    0.132    0.134   0.1359   0.1379   0.1398   0.1417   0.1437   0.1456   0.1476   0.1495   0.1515   0.1534   0.1553   0.1573   0.1592   0.1612   0.1631    0.165    0.167   0.1689   0.1709   0.1728   0.1748   0.1767   0.1786   0.1806   0.1825   0.1845   0.1864   0.1883   0.1903   0.1922   0.1942   0.1961   0.1981      0.2   0.2019   0.2039   0.2058   0.2078   0.2097   0.2117   0.2136   0.2155   0.2175   0.2194   0.2214   0.2233   0.2252   0.2272   0.2291   0.2311    0.233    0.235   0.2369   0.2388   0.2408   0.2427   0.2447   0.2466   0.2485   0.2505   0.2524   0.2544   0.2563   0.2583   0.2602   0.2621   0.2641    0.266    0.268   0.2699   0.2718   0.2738   0.2757   0.2777   0.2796   0.2816   0.2835   0.2854   0.2874   0.2893   0.2913   0.2932   0.2951   0.2971    0.299    0.301   0.3029   0.3049   0.3068   0.3087   0.3107   0.3126   0.3146   0.3165   0.3184   0.3204   0.3223   0.3243   0.3262   0.3282   0.3301    0.332    0.334   0.3359   0.3379   0.3398   0.3417   0.3437   0.3456   0.3476   0.3495   0.3515   0.3534   0.3553   0.3573   0.3592   0.3612   0.3631    0.365    0.367   0.3689   0.3709   0.3728   0.3748   0.3767   0.3786   0.3806   0.3825   0.3845   0.3864   0.3883   0.3903   0.3922   0.3942   0.3961   0.3981      0.4   0.4019   0.4039   0.4058   0.4078   0.4097   0.4117   0.4136   0.4155   0.4175   0.4194   0.4214   0.4233   0.4252   0.4272   0.4291   0.4311    0.433    0.435   0.4369   0.4388   0.4408   0.4427   0.4447   0.4466   0.4485   0.4505   0.4524   0.4544   0.4563   0.4583   0.4602   0.4621   0.4641    0.466    0.468   0.4699   0.4718   0.4738   0.4757   0.4777   0.4796   0.4816   0.4835   0.4854   0.4874   0.4893   0.4913   0.4932   0.4951   0.4971    0.499
    S      0.0   0.6467   0.4035   0.2619   0.7072    0.399   0.3095   0.1888    0.109   0.1176   0.3112   0.3107   0.1738   0.0926   0.1071   0.1189    0.101   0.2245   0.1546   0.1493   0.2539   0.2554   0.3858   0.1522   0.2193   0.1945   0.7284   0.1958   0.1761   0.0848   0.0555   0.6268   0.2669   0.2088   0.4732   0.0912   0.2472   0.1759   0.0908   0.4556   0.4631   0.3414   0.1272   0.4045   0.2133   0.3326   0.2945   0.3567   0.4121   0.5407   0.2008   0.0941    0.476   0.0904   0.4395   0.3988   0.2083   0.2348   0.3083   0.1556      1.0   0.1216   0.3172   0.3288   0.0647   0.1534   0.4004   0.1861   0.1574   0.1048   0.0575   0.2255   0.0885   0.1575   0.0456   0.2032   0.1327   0.4605   0.4435    0.143   0.2424   0.1422   0.3344   0.1439   0.0433   0.1846   0.1627   0.2304   0.1135   0.4388   0.2858   0.5752   0.2223   0.1369   0.4423   0.3644   0.0847   0.1552   0.2929   0.1025   0.2602   0.3829    0.167   0.2103   0.1262   0.2094   0.1712   0.0961    0.248   0.3024    0.295   0.3031   0.3226   0.1742   0.0822   0.3163   0.1521   0.1127   0.1648   0.1989   0.2993   0.2443   0.2386   0.4864   0.2372   0.2208   0.0558   0.4107    0.166   0.1704   0.2613   0.5062   0.0845   0.1776   0.3207   0.3165   0.2044    0.222   0.2454   0.1461    0.088   0.1313    0.076   0.3464   0.2099   0.1605   0.0338   0.2904   0.0589   0.1853   0.2511   0.0921   0.0767   0.0962   0.3279   0.0961   0.0783    0.047   0.2375   0.4703    0.168   0.3418   0.2007   0.1443   0.1943   0.2436    0.042   0.3231   0.1198   0.0302   0.3249   0.2301    0.142   0.1145   0.1309   0.0357   0.2321   0.0894   0.3935   0.1666   0.1723   0.1249   0.0585   0.0444    0.697    0.072   0.2068    0.207   0.2656   0.2625   0.1668    0.133   0.1087   0.1355   0.2558   0.0681   0.1903   0.1712    0.253   0.0721   0.0605   0.3142   0.0898   0.0825   0.1145   0.2086   0.1549   0.1415   0.4513     0.25    0.191   0.0985   0.1722    0.313   0.1759   0.1247   0.1043   0.1754   0.3568   0.0929   0.1309   0.0932   0.0781   0.0994   0.2547   0.1736   0.2537   0.2035   0.4924   0.2433   0.3093    0.113    0.091   0.0815   0.2171   0.2487   0.4643   0.1478   0.1223   0.1437   0.2115   0.3014   0.2321   0.3652   0.2523    0.391   0.1821    0.289   0.3451   0.1047    0.248   0.2892   0.1897   0.3829   0.1851   0.2579   0.2975   0.1613
  snr   -17.57
    H     5.38
 exon    False

M: eiip
 freq      0.0   0.0019   0.0039   0.0058   0.0078   0.0097   0.0117   0.0136   0.0155   0.0175   0.0194   0.0214   0.0233   0.0252   0.0272   0.0291   0.0311    0.033    0.035   0.0369   0.0388   0.0408   0.0427   0.0447   0.0466   0.0485   0.0505   0.0524   0.0544   0.0563   0.0583   0.0602   0.0621   0.0641    0.066    0.068   0.0699   0.0718   0.0738   0.0757   0.0777   0.0796   0.0816   0.0835   0.0854   0.0874   0.0893   0.0913   0.0932   0.0951   0.0971    0.099    0.101   0.1029   0.1049   0.1068   0.1087   0.1107   0.1126   0.1146   0.1165   0.1184   0.1204   0.1223   0.1243   0.1262   0.1282   0.1301    0.132    0.134   0.1359   0.1379   0.1398   0.1417   0.1437   0.1456   0.1476   0.1495   0.1515   0.1534   0.1553   0.1573   0.1592   0.1612   0.1631    0.165    0.167   0.1689   0.1709   0.1728   0.1748   0.1767   0.1786   0.1806   0.1825   0.1845   0.1864   0.1883   0.1903   0.1922   0.1942   0.1961   0.1981      0.2   0.2019   0.2039   0.2058   0.2078   0.2097   0.2117   0.2136   0.2155   0.2175   0.2194   0.2214   0.2233   0.2252   0.2272   0.2291   0.2311    0.233    0.235   0.2369   0.2388   0.2408   0.2427   0.2447   0.2466   0.2485   0.2505   0.2524   0.2544   0.2563   0.2583   0.2602   0.2621   0.2641    0.266    0.268   0.2699   0.2718   0.2738   0.2757   0.2777   0.2796   0.2816   0.2835   0.2854   0.2874   0.2893   0.2913   0.2932   0.2951   0.2971    0.299    0.301   0.3029   0.3049   0.3068   0.3087   0.3107   0.3126   0.3146   0.3165   0.3184   0.3204   0.3223   0.3243   0.3262   0.3282   0.3301    0.332    0.334   0.3359   0.3379   0.3398   0.3417   0.3437   0.3456   0.3476   0.3495   0.3515   0.3534   0.3553   0.3573   0.3592   0.3612   0.3631    0.365    0.367   0.3689   0.3709   0.3728   0.3748   0.3767   0.3786   0.3806   0.3825   0.3845   0.3864   0.3883   0.3903   0.3922   0.3942   0.3961   0.3981      0.4   0.4019   0.4039   0.4058   0.4078   0.4097   0.4117   0.4136   0.4155   0.4175   0.4194   0.4214   0.4233   0.4252   0.4272   0.4291   0.4311    0.433    0.435   0.4369   0.4388   0.4408   0.4427   0.4447   0.4466   0.4485   0.4505   0.4524   0.4544   0.4563   0.4583   0.4602   0.4621   0.4641    0.466    0.468   0.4699   0.4718   0.4738   0.4757   0.4777   0.4796   0.4816   0.4835   0.4854   0.4874   0.4893   0.4913   0.4932   0.4951   0.4971    0.499
    S      0.0   0.3047    0.018   0.2406   0.4909   0.3186   0.3019   0.2581   0.0094   0.1733   0.1028   0.2497   0.1732   0.1118   0.0762   0.0749   0.0475   0.0853   0.0251   0.0149   0.0262   0.3525    0.044   0.0345   0.0288   0.1191      1.0   0.1448   0.1059   0.0037   0.0939   0.0452   0.3879   0.0014   0.1247   0.0293   0.0445   0.1769   0.1208   0.0806   0.0413   0.3375    0.071   0.0932   0.1337    0.291   0.0502   0.6281   0.0836   0.0267    0.023   0.0306   0.3845   0.1292   0.2455   0.1183    0.089   0.0414   0.2348   0.0653   0.1973    0.086    0.346   0.1331   0.0016   0.0341    0.287   0.1389    0.102   0.0844   0.0112   0.1296   0.1163   0.2042   0.0155   0.0196   0.0418   0.3598   0.0957   0.0151   0.0242   0.0106   0.3438    0.055   0.0016   0.0526   0.0395   0.2617   0.1539   0.0915   0.0917   0.0029   0.2047   0.1186   0.1778   0.4094   0.0285   0.1386   0.0888   0.0196   0.2933   0.3051   0.1983   0.0053   0.1574   0.0657   0.1245   0.1561   0.3149   0.2609    0.143   0.4859   0.5095   0.0803   0.0257   0.3879   0.1007   0.1283   0.0671   0.0277   0.0786   0.0049   0.1217   0.2505   0.0305   0.2249   0.0576   0.3252   0.2556   0.1291   0.0722   0.0859   0.1269   0.1113   0.0251   0.2297   0.2151   0.2951   0.3492   0.2022   0.0048   0.0674   0.0357   0.1307   0.0277    0.034    0.003   0.2055   0.0071   0.0875   0.0545   0.0303   0.0119    0.014   0.0237   0.0617   0.1025   0.0429   0.1279   0.0434   0.0374   0.0389   0.1642   0.1336    0.197   0.1139   0.0563   0.1555   0.0474   0.0162   0.1189   0.0047   0.0649   0.0444    0.021   0.0009   0.0431   0.0303   0.2167   0.0507   0.0703   0.0901    0.001   0.0073   0.2826   0.0804    0.204   0.1694   0.0084   0.2163   0.2566   0.0628   0.0885   0.1959   0.0744   0.0243   0.1747   0.1701   0.2523    0.041   0.0329    0.343   0.0263   0.0113   0.2006   0.0766   0.1226   0.0235   0.1995   0.0748   0.1567   0.0165    0.144   0.3717   0.1138   0.0834   0.1447   0.1517   0.4921     0.12   0.0223   0.0955   0.0897   0.1628   0.0201    0.093   0.0775   0.1951   0.1511   0.1138   0.0493   0.0857    0.132   0.0186   0.1354   0.1645   0.4455   0.0076   0.0649   0.1728   0.1002    0.106   0.1652   0.0051   0.3113   0.0421    0.132   0.0258   0.4988    0.084   0.0145    0.174   0.1808   0.0057   0.0487   0.2453   0.2351   0.2104
  snr   -15.17
    H     5.15
 exon    False

M: qpsk
 freq      0.0   0.0019   0.0039   0.0058   0.0078   0.0097   0.0117   0.0136   0.0155   0.0175   0.0194   0.0214   0.0233   0.0252   0.0272   0.0291   0.0311    0.033    0.035   0.0369   0.0388   0.0408   0.0427   0.0447   0.0466   0.0485   0.0505   0.0524   0.0544   0.0563   0.0583   0.0602   0.0621   0.0641    0.066    0.068   0.0699   0.0718   0.0738   0.0757   0.0777   0.0796   0.0816   0.0835   0.0854   0.0874   0.0893   0.0913   0.0932   0.0951   0.0971    0.099    0.101   0.1029   0.1049   0.1068   0.1087   0.1107   0.1126   0.1146   0.1165   0.1184   0.1204   0.1223   0.1243   0.1262   0.1282   0.1301    0.132    0.134   0.1359   0.1379   0.1398   0.1417   0.1437   0.1456   0.1476   0.1495   0.1515   0.1534   0.1553   0.1573   0.1592   0.1612   0.1631    0.165    0.167   0.1689   0.1709   0.1728   0.1748   0.1767   0.1786   0.1806   0.1825   0.1845   0.1864   0.1883   0.1903   0.1922   0.1942   0.1961   0.1981      0.2   0.2019   0.2039   0.2058   0.2078   0.2097   0.2117   0.2136   0.2155   0.2175   0.2194   0.2214   0.2233   0.2252   0.2272   0.2291   0.2311    0.233    0.235   0.2369   0.2388   0.2408   0.2427   0.2447   0.2466   0.2485   0.2505   0.2524   0.2544   0.2563   0.2583   0.2602   0.2621   0.2641    0.266    0.268   0.2699   0.2718   0.2738   0.2757   0.2777   0.2796   0.2816   0.2835   0.2854   0.2874   0.2893   0.2913   0.2932   0.2951   0.2971    0.299    0.301   0.3029   0.3049   0.3068   0.3087   0.3107   0.3126   0.3146   0.3165   0.3184   0.3204   0.3223   0.3243   0.3262   0.3282   0.3301    0.332    0.334   0.3359   0.3379   0.3398   0.3417   0.3437   0.3456   0.3476   0.3495   0.3515   0.3534   0.3553   0.3573   0.3592   0.3612   0.3631    0.365    0.367   0.3689   0.3709   0.3728   0.3748   0.3767   0.3786   0.3806   0.3825   0.3845   0.3864   0.3883   0.3903   0.3922   0.3942   0.3961   0.3981      0.4   0.4019   0.4039   0.4058   0.4078   0.4097   0.4117   0.4136   0.4155   0.4175   0.4194   0.4214   0.4233   0.4252   0.4272   0.4291   0.4311    0.433    0.435   0.4369   0.4388   0.4408   0.4427   0.4447   0.4466   0.4485   0.4505   0.4524   0.4544   0.4563   0.4583   0.4602   0.4621   0.4641    0.466    0.468   0.4699   0.4718   0.4738   0.4757   0.4777   0.4796   0.4816   0.4835   0.4854   0.4874   0.4893   0.4913   0.4932   0.4951   0.4971    0.499
    S      0.0    0.836   0.4007   0.3459   0.5432   0.4496   0.3985   0.1344   0.0926   0.1074   0.4069    0.336   0.2023   0.0703   0.0979   0.0612   0.0853   0.1026   0.0642   0.0604   0.1976   0.2326   0.3243   0.2104   0.2875   0.1441   0.9621   0.1774   0.2107   0.1064   0.0424   0.4052    0.262   0.1667   0.5927   0.1164   0.3142    0.133   0.0474   0.5521   0.4366   0.2796   0.1349   0.2889   0.1647   0.4306   0.3652   0.4904   0.1455   0.4401    0.129    0.032    0.606   0.1302   0.5542   0.2436   0.1952   0.1992   0.4376   0.1611   0.2683   0.0051   0.4345   0.4408   0.0399   0.1553   0.2817   0.2342   0.2072   0.1024   0.0226   0.2633    0.113   0.2246    0.058   0.1136   0.1798    0.593   0.5176    0.178    0.125   0.1923   0.4402   0.1749   0.0573   0.1958   0.1403   0.1302   0.1118   0.2799   0.3442   0.3544   0.2394   0.1695   0.5044   0.2491   0.0076   0.2056   0.3124   0.1198   0.2065   0.2505   0.2232   0.0817   0.1073   0.0427   0.1934   0.1088   0.3419   0.3883    0.216   0.3449   0.3905   0.1972   0.0648   0.3815     0.21   0.0313    0.165   0.2286   0.3529   0.0751   0.1678   0.4684   0.2848   0.2049   0.0691   0.5819    0.133   0.2313   0.1015   0.6425    0.095   0.2366   0.1824   0.0846   0.2774   0.3054   0.2682   0.1144   0.0599   0.1518   0.0545   0.2765   0.2632   0.1565   0.0359   0.0985   0.0724   0.1174   0.1981   0.1339   0.0867   0.1318   0.2202   0.1315   0.0424   0.0568    0.227   0.4665   0.1894   0.3093   0.2661    0.165   0.2713   0.2227   0.0548   0.3949     0.16   0.0307   0.3458   0.1958   0.0687   0.1657    0.167   0.0286   0.2529     0.13     0.09   0.0634   0.1607   0.1536   0.0685   0.0473      1.0   0.0869   0.0264   0.2847   0.2833   0.3574   0.1606   0.1844   0.1445   0.1441   0.2083   0.0725   0.2744   0.0384   0.2469   0.0874   0.0015   0.2296   0.0384   0.0785   0.1422   0.0648   0.0874   0.1549   0.3774   0.2297   0.1855   0.0782   0.2353   0.2977   0.1479   0.1439   0.0731    0.155   0.5006   0.1104   0.1082   0.1317   0.0665   0.1228   0.2419   0.1684   0.1539   0.1589   0.5898   0.2393    0.185   0.1631   0.1286   0.0681   0.1815   0.2006    0.375   0.0784   0.1691   0.1815   0.1061   0.3813   0.2758   0.3326   0.2262    0.376   0.2336   0.1168   0.2261   0.1306    0.217   0.3256   0.2442   0.5401   0.2647   0.2797   0.1933   0.1676
  snr   -17.42
    H     5.32
 exon    False

M: mem
 freq      0.0   0.0019   0.0039   0.0058   0.0078   0.0097   0.0117   0.0136   0.0156   0.0175   0.0195   0.0214   0.0233   0.0253   0.0272   0.0292   0.0311   0.0331    0.035    0.037   0.0389   0.0409   0.0428   0.0447   0.0467   0.0486   0.0506   0.0525   0.0545   0.0564   0.0584   0.0603   0.0623   0.0642   0.0661   0.0681     0.07    0.072   0.0739   0.0759   0.0778   0.0798   0.0817   0.0837   0.0856   0.0875   0.0895   0.0914   0.0934   0.0953   0.0973   0.0992   0.1012   0.1031   0.1051    0.107   0.1089   0.1109   0.1128   0.1148   0.1167   0.1187   0.1206   0.1226   0.1245   0.1265   0.1284   0.1304   0.1323   0.1342   0.1362   0.1381   0.1401    0.142    0.144   0.1459   0.1479   0.1498   0.1518   0.1537   0.1556   0.1576   0.1595   0.1615   0.1634   0.1654   0.1673   0.1693   0.1712   0.1732   0.1751    0.177    0.179   0.1809   0.1829   0.1848   0.1868   0.1887   0.1907   0.1926   0.1946   0.1965   0.1984   0.2004   0.2023   0.2043   0.2062   0.2082   0.2101   0.2121    0.214    0.216   0.2179   0.2198   0.2218   0.2237   0.2257   0.2276   0.2296   0.2315   0.2335   0.2354   0.2374   0.2393   0.2412   0.2432   0.2451   0.2471    0.249    0.251   0.2529   0.2549   0.2568   0.2588   0.2607   0.2626   0.2646   0.2665   0.2685   0.2704   0.2724   0.2743   0.2763   0.2782   0.2802   0.2821    0.284    0.286   0.2879   0.2899   0.2918   0.2938   0.2957   0.2977   0.2996   0.3016   0.3035   0.3054   0.3074   0.3093   0.3113   0.3132   0.3152   0.3171   0.3191    0.321    0.323   0.3249   0.3268   0.3288   0.3307   0.3327   0.3346   0.3366   0.3385   0.3405   0.3424   0.3444   0.3463   0.3482   0.3502   0.3521   0.3541    0.356    0.358   0.3599   0.3619   0.3638   0.3658   0.3677   0.3696   0.3716   0.3735   0.3755   0.3774   0.3794   0.3813   0.3833   0.3852   0.3872   0.3891   0.3911    0.393   0.3949   0.3969   0.3988   0.4008   0.4027   0.4047   0.4066   0.4086   0.4105   0.4125   0.4144   0.4163   0.4183   0.4202   0.4222   0.4241   0.4261    0.428     0.43   0.4319   0.4339   0.4358   0.4377   0.4397   0.4416   0.4436   0.4455   0.4475   0.4494   0.4514   0.4533   0.4553   0.4572   0.4591   0.4611    0.463    0.465   0.4669   0.4689   0.4708   0.4728   0.4747   0.4767   0.4786   0.4805   0.4825   0.4844   0.4864   0.4883   0.4903   0.4922   0.4942   0.4961   0.4981
    S      0.0   0.7948   0.0461   0.2872   0.9048    0.233   0.5148   0.1182   0.1417   0.0512   0.7795   0.3615   0.2537   0.1242   0.1673   0.0804   0.0043   0.1264   0.0333   0.0057   0.3748   0.2948   0.3015    0.136   0.2159   0.1596   0.8969   0.0867   0.0003   0.1005   0.0189   0.3932   0.3218   0.0442   0.6218    0.301   0.4846   0.1306   0.0573   0.0664   0.7605   0.4529   0.1189   0.1242   0.0687   0.6756   0.4869   0.2535   0.1497    0.349   0.1011   0.0142   0.4886   0.1126   0.7237   0.1794   0.0434   0.0648   0.7815   0.2166   0.2168   0.0488   0.1816   0.0932   0.0932   0.0019   0.3273   0.2158   0.2606   0.0998    0.032   0.2229   0.1184   0.5318   0.0211   0.1855   0.1026    0.291   0.9635   0.2395   0.0152   0.2847   0.2974   0.0711   0.0581   0.1181   0.2632   0.1218   0.0421   0.1851   0.1114   0.5649   0.2045   0.0485   0.5043   0.3297   0.0258   0.2111   0.0175   0.2549   0.1493   0.2231   0.1841   0.0176   0.2284   0.0066    0.148   0.0194   0.4229    0.735   0.1536   0.3167   0.1395   0.1898    0.007   0.0494   0.3721   0.0218   0.3278   0.0263   0.1052    0.009   0.1547   0.1063   0.2905   0.2235   0.0019   0.2518   0.1103   0.0531   0.0968   0.0663   0.1318   0.0201   0.1304   0.2762   0.0146   0.1619   0.3041   0.0544   0.0233   0.2577   0.0682   0.0044   0.2088   0.1128   0.0037   0.0919   0.0587   0.3041   0.1032   0.1534   0.1391   0.3496   0.0674   0.1979    0.041   0.2143   0.1944   0.5792   0.1986   0.2483   0.2498    0.034   0.0283   0.1777   0.0048   0.4063   0.1431   0.0181   0.5566   0.2179   0.0461   0.1567   0.3519   0.5646   0.1294    0.038   0.0226   0.0777   0.1089   0.1532   0.0098   0.1757   0.5283   0.1088   0.0079   0.2548   0.6247   0.1626   0.1407   0.2788   0.1459    0.305   0.1307   0.1492   0.1445   0.0803   0.0989   0.0442   0.0084   0.1489   0.0386   0.0287   0.1554   0.0094   0.2531   0.0294   0.9607    0.028    0.196   0.0284   0.1712    0.417    0.224   0.0223   0.1818   0.0872   0.5684   0.2598   0.1124   0.0632   0.0035   0.1469   0.0155   0.0058   0.2002   0.1564      1.0   0.0157   0.0618   0.1712   0.1034   0.4169   0.0097   0.5721   0.1547   0.3512   0.0501   0.0052   0.3601   0.0045    0.372   0.3413   0.8193   0.0914    0.434   0.0113   0.5085   0.2313   0.0621   0.2466   0.2512   0.4098   0.0019   0.0295   0.4574
  snr   -17.16
    H     5.11
 exon    False

M: alg1
 freq      0.0   0.0019   0.0039   0.0058   0.0078   0.0097   0.0117   0.0136   0.0155   0.0175   0.0194   0.0214   0.0233   0.0252   0.0272   0.0291   0.0311    0.033    0.035   0.0369   0.0388   0.0408   0.0427   0.0447   0.0466   0.0485   0.0505   0.0524   0.0544   0.0563   0.0583   0.0602   0.0621   0.0641    0.066    0.068   0.0699   0.0718   0.0738   0.0757   0.0777   0.0796   0.0816   0.0835   0.0854   0.0874   0.0893   0.0913   0.0932   0.0951   0.0971    0.099    0.101   0.1029   0.1049   0.1068   0.1087   0.1107   0.1126   0.1146   0.1165   0.1184   0.1204   0.1223   0.1243   0.1262   0.1282   0.1301    0.132    0.134   0.1359   0.1379   0.1398   0.1417   0.1437   0.1456   0.1476   0.1495   0.1515   0.1534   0.1553   0.1573   0.1592   0.1612   0.1631    0.165    0.167   0.1689   0.1709   0.1728   0.1748   0.1767   0.1786   0.1806   0.1825   0.1845   0.1864   0.1883   0.1903   0.1922   0.1942   0.1961   0.1981      0.2   0.2019   0.2039   0.2058   0.2078   0.2097   0.2117   0.2136   0.2155   0.2175   0.2194   0.2214   0.2233   0.2252   0.2272   0.2291   0.2311    0.233    0.235   0.2369   0.2388   0.2408   0.2427   0.2447   0.2466   0.2485   0.2505   0.2524   0.2544   0.2563   0.2583   0.2602   0.2621   0.2641    0.266    0.268   0.2699   0.2718   0.2738   0.2757   0.2777   0.2796   0.2816   0.2835   0.2854   0.2874   0.2893   0.2913   0.2932   0.2951   0.2971    0.299    0.301   0.3029   0.3049   0.3068   0.3087   0.3107   0.3126   0.3146   0.3165   0.3184   0.3204   0.3223   0.3243   0.3262   0.3282   0.3301    0.332    0.334   0.3359   0.3379   0.3398   0.3417   0.3437   0.3456   0.3476   0.3495   0.3515   0.3534   0.3553   0.3573   0.3592   0.3612   0.3631    0.365    0.367   0.3689   0.3709   0.3728   0.3748   0.3767   0.3786   0.3806   0.3825   0.3845   0.3864   0.3883   0.3903   0.3922   0.3942   0.3961   0.3981      0.4   0.4019   0.4039   0.4058   0.4078   0.4097   0.4117   0.4136   0.4155   0.4175   0.4194   0.4214   0.4233   0.4252   0.4272   0.4291   0.4311    0.433    0.435   0.4369   0.4388   0.4408   0.4427   0.4447   0.4466   0.4485   0.4505   0.4524   0.4544   0.4563   0.4583   0.4602   0.4621   0.4641    0.466    0.468   0.4699   0.4718   0.4738   0.4757   0.4777   0.4796   0.4816   0.4835   0.4854   0.4874   0.4893   0.4913   0.4932   0.4951   0.4971    0.499
    S      0.0   0.7289   0.0531   0.0845   0.7003   0.2441   0.2334    0.019   0.1866   0.0468   0.4441   0.3238   0.0401   0.0315   0.0263   0.1133   0.0271   0.2522   0.0604    0.051   0.4264   0.0584   0.3792   0.1089   0.2149   0.2599   0.2676   0.1345   0.0485   0.0292   0.0161   0.7003   0.1092   0.0347    0.251   0.1276   0.3853   0.1697   0.0423   0.0756   0.6758   0.2121   0.1397    0.272   0.0334   0.2289   0.2817   0.0304   0.6289   0.5704   0.2255   0.0442   0.1878   0.0359   0.1134   0.2073   0.0452   0.1455   0.2359   0.1768      1.0   0.0926   0.0788   0.2646   0.0994   0.0589   0.2364   0.1311   0.1548   0.0967   0.0583   0.0313   0.0275   0.0789   0.0636   0.1898   0.0522    0.269   0.6889   0.1245   0.0894   0.0805   0.0923   0.0867   0.0426   0.2227   0.2374    0.013   0.0201   0.4516   0.0646   0.8368   0.0854   0.0404   0.4192   0.0203    0.078   0.0926   0.0987   0.1589   0.2176   0.2908   0.1014   0.1113   0.0291   0.1257   0.1351   0.0282    0.117   0.2683   0.3852   0.0399   0.0573   0.1597   0.0887   0.0981    0.097   0.0565   0.1709   0.2878   0.3808   0.1902   0.1094   0.5306   0.2754   0.0207   0.0194   0.0806   0.0806   0.0353   0.2877   0.0803   0.0093   0.0304   0.3231   0.3276   0.0925    0.021   0.0156   0.0076   0.0506   0.1528   0.0327   0.2368   0.2001   0.0211   0.0573   0.0774   0.0136    0.064   0.3433   0.1041   0.0142   0.1243   0.3575    0.045   0.0202   0.0061   0.2444   0.7548   0.2364   0.5608   0.0234   0.1169   0.0852   0.1141   0.0073   0.1698   0.0963   0.0066   0.4463   0.3978   0.1947   0.0906   0.1047    0.058   0.3657   0.0536   0.3215   0.1237   0.0714   0.1023   0.0991   0.0096   0.4217   0.0531   0.1092   0.1068   0.4493   0.2417   0.0676   0.1143   0.0766   0.0428   0.3221   0.0492   0.0514   0.1161   0.1813   0.0332   0.0377    0.044     0.04     0.02   0.0137   0.2315   0.1653   0.2243   0.0751   0.3326   0.0642   0.0093   0.0614     0.04   0.0219   0.1119   0.0019   0.0572   0.0729   0.0383   0.1684   0.0511   0.0633   0.0176   0.1294   0.1197   0.1521   0.0239   0.5116    0.151   0.3304   0.1048   0.0125    0.093   0.1246    0.245   0.2623   0.1382   0.1254   0.0451   0.1025   0.1767   0.2308   0.2432   0.0908   0.4685   0.1349   0.3412   0.1094   0.1053   0.3719   0.2975   0.1437   0.3529   0.1306   0.0837   0.2047   0.0738
  snr   -16.15
    H     5.14
 exon    False

M: alg2
 freq      0.0   0.0019   0.0039   0.0058   0.0078   0.0097   0.0117   0.0136   0.0155   0.0175   0.0194   0.0214   0.0233   0.0252   0.0272   0.0291   0.0311    0.033    0.035   0.0369   0.0388   0.0408   0.0427   0.0447   0.0466   0.0485   0.0505   0.0524   0.0544   0.0563   0.0583   0.0602   0.0621   0.0641    0.066    0.068   0.0699   0.0718   0.0738   0.0757   0.0777   0.0796   0.0816   0.0835   0.0854   0.0874   0.0893   0.0913   0.0932   0.0951   0.0971    0.099    0.101   0.1029   0.1049   0.1068   0.1087   0.1107   0.1126   0.1146   0.1165   0.1184   0.1204   0.1223   0.1243   0.1262   0.1282   0.1301    0.132    0.134   0.1359   0.1379   0.1398   0.1417   0.1437   0.1456   0.1476   0.1495   0.1515   0.1534   0.1553   0.1573   0.1592   0.1612   0.1631    0.165    0.167   0.1689   0.1709   0.1728   0.1748   0.1767   0.1786   0.1806   0.1825   0.1845   0.1864   0.1883   0.1903   0.1922   0.1942   0.1961   0.1981      0.2   0.2019   0.2039   0.2058   0.2078   0.2097   0.2117   0.2136   0.2155   0.2175   0.2194   0.2214   0.2233   0.2252   0.2272   0.2291   0.2311    0.233    0.235   0.2369   0.2388   0.2408   0.2427   0.2447   0.2466   0.2485   0.2505   0.2524   0.2544   0.2563   0.2583   0.2602   0.2621   0.2641    0.266    0.268   0.2699   0.2718   0.2738   0.2757   0.2777   0.2796   0.2816   0.2835   0.2854   0.2874   0.2893   0.2913   0.2932   0.2951   0.2971    0.299    0.301   0.3029   0.3049   0.3068   0.3087   0.3107   0.3126   0.3146   0.3165   0.3184   0.3204   0.3223   0.3243   0.3262   0.3282   0.3301    0.332    0.334   0.3359   0.3379   0.3398   0.3417   0.3437   0.3456   0.3476   0.3495   0.3515   0.3534   0.3553   0.3573   0.3592   0.3612   0.3631    0.365    0.367   0.3689   0.3709   0.3728   0.3748   0.3767   0.3786   0.3806   0.3825   0.3845   0.3864   0.3883   0.3903   0.3922   0.3942   0.3961   0.3981      0.4   0.4019   0.4039   0.4058   0.4078   0.4097   0.4117   0.4136   0.4155   0.4175   0.4194   0.4214   0.4233   0.4252   0.4272   0.4291   0.4311    0.433    0.435   0.4369   0.4388   0.4408   0.4427   0.4447   0.4466   0.4485   0.4505   0.4524   0.4544   0.4563   0.4583   0.4602   0.4621   0.4641    0.466    0.468   0.4699   0.4718   0.4738   0.4757   0.4777   0.4796   0.4816   0.4835   0.4854   0.4874   0.4893   0.4913   0.4932   0.4951   0.4971    0.499
    S      0.0   0.0465   0.2079   0.0388   0.3891   0.1056   0.0354   0.1301   0.0436   0.0505    0.021   0.0756   0.0559   0.0606   0.0628   0.0908   0.0585   0.1786   0.1524   0.1492   0.1179   0.1285   0.1956   0.0119    0.021   0.0943   0.0777   0.0883   0.0431   0.0248   0.0318   0.4161   0.1029   0.1431   0.1208    0.009   0.0206   0.0891   0.0709   0.1395   0.1739   0.1939   0.0325   0.2618   0.1426   0.0493   0.0519   0.0263   0.3412   0.2813   0.1311   0.0956   0.0788   0.0016    0.116     0.32    0.108   0.1284   0.0133   0.0492      1.0   0.1455    0.029   0.0177   0.0402   0.0676   0.2742   0.0289   0.0102    0.035   0.0517   0.0784   0.0194   0.0091   0.0039   0.1549   0.0225    0.063   0.0743   0.0246   0.2158   0.0255    0.055   0.0283   0.0056   0.0464    0.068   0.1994   0.0467   0.2875   0.0791     0.37   0.0844   0.0261   0.0977   0.2841   0.0976   0.0185    0.111   0.0172   0.1253   0.2498   0.0124   0.2062   0.0732   0.2328   0.0369   0.0252   0.0127   0.0358   0.1591   0.0785    0.066   0.0523   0.0417   0.0628    0.021   0.1127   0.0597   0.0317   0.0424   0.2463   0.1744   0.1612   0.0409   0.1154   0.0087   0.0279   0.0816   0.0201   0.2243   0.1259    0.025   0.0254   0.2405   0.3014   0.0101   0.0153   0.0899   0.0951   0.0622   0.0287   0.0506   0.1935   0.0338   0.0828   0.0078   0.3029   0.0172   0.1483   0.1191   0.0006   0.0311   0.0043    0.215   0.0116    0.065   0.0137   0.0852   0.1409   0.0352   0.1184   0.0325   0.0263   0.0056   0.1211   0.0067   0.0691    0.019    0.013   0.0779   0.0909   0.1027    0.002   0.0249   0.0161   0.0535   0.0024   0.4113   0.1588   0.0837   0.0171   0.0085   0.0184   0.0383   0.0123   0.2366   0.0082   0.0623   0.0139   0.0619   0.0121   0.0062   0.0403   0.1254   0.0219   0.0068   0.1774   0.0979    0.016   0.0758   0.2139   0.0868   0.0463   0.0181    0.196   0.1063   0.0307   0.3029   0.1018   0.0862   0.0713   0.0242   0.1461   0.1181    0.028   0.0782   0.0966    0.025    0.016   0.0619   0.0031   0.0326   0.0151   0.1228   0.0667   0.1925   0.1328   0.1146   0.1096   0.2203   0.0012   0.0027   0.0406   0.1198    0.122   0.2718   0.1176   0.0048   0.0212   0.1821   0.0631   0.0431   0.1865   0.1333   0.1483   0.0352   0.2464   0.2453   0.0145   0.0997   0.0532   0.0203   0.0184   0.0033   0.0821   0.2013   0.0608
  snr   -13.64
    H      5.1
 exon    False