>data-XVI-cerevisiae-intergenic-275
N: 218
Methods: voss, eiip, qpsk, mem, alg1, alg2

M: voss
 freq      0.0   0.0046   0.0092   0.0138   0.0183   0.0229   0.0275   0.0321   0.0367   0.0413   0.0459   0.0505    0.055   0.0596   0.0642   0.0688   0.0734    0.078   0.0826   0.0872   0.0917   0.0963   0.1009   0.1055   0.1101   0.1147   0.1193   0.1239   0.1284    0.133   0.1376   0.1422   0.1468   0.1514    0.156   0.1606   0.1651   0.1697   0.1743   0.1789   0.1835   0.1881   0.1927   0.1972   0.2018   0.2064    0.211   0.2156   0.2202   0.2248   0.2294   0.2339   0.2385   0.2431   0.2477   0.2523   0.2569   0.2615   0.2661   0.2706   0.2752   0.2798   0.2844    0.289   0.2936   0.2982   0.3028   0.3073   0.3119   0.3165   0.3211   0.3257   0.3303   0.3349   0.3394    0.344   0.3486   0.3532   0.3578   0.3624    0.367   0.3716   0.3761   0.3807   0.3853   0.3899   0.3945   0.3991   0.4037   0.4083   0.4128   0.4174    0.422   0.4266   0.4312   0.4358   0.4404    0.445   0.4495   0.4541   0.4587   0.4633   0.4679   0.4725   0.4771   0.4817   0.4862   0.4908   0.4954
    S      0.0      1.0   0.1128   0.3137   0.3544   0.8833    0.374   0.0512   0.4613   0.0928   0.1847   0.2669   0.5585   0.3813   0.0718   0.4232   0.1338   0.1394   0.2685   0.2607   0.4713   0.4607   0.0853   0.2423    0.194   0.5164   0.4175   0.1094    0.554    0.107   0.2608   0.0911   0.3363   0.3099   0.2064   0.3841   0.1156   0.8522   0.0943   0.5224   0.3433   0.3107   0.5955   0.1631   0.2016   0.1383     0.44   0.3591   0.3679   0.2312   0.2981    0.329   0.2352   0.2365   0.4237   0.6458   0.3174   0.3164   0.3726   0.2456   0.3942   0.0998   0.4033   0.1592   0.3173   0.6343   0.6023   0.4367   0.5062   0.4976   0.1951    0.262   0.0958   0.2438    0.403   0.6042   0.2273   0.2839   0.3571   0.2452      0.2   0.5582   0.6839    0.447   0.0569   0.0722   0.2387   0.3031   0.2525   0.2783   0.3681   0.5571   0.4852   0.6777   0.2206   0.6093    0.331   0.4523    0.336   0.2026   0.3524   0.4244   0.1157   0.5905     0.26    0.266   0.3545   0.1802   0.1764
  snr   -15.47
    H     4.53
 exon    False

M: eiip
 freq      0.0   0.0046   0.0092   0.0138   0.0183   0.0229   0.0275   0.0321   0.0367   0.0413   0.0459   0.0505    0.055   0.0596   0.0642   0.0688   0.0734    0.078   0.0826   0.0872   0.0917   0.0963   0.1009   0.1055   0.1101   0.1147   0.1193   0.1239   0.1284    0.133   0.1376   0.1422   0.1468   0.1514    0.156   0.1606   0.1651   0.1697   0.1743   0.1789   0.1835   0.1881   0.1927   0.1972   0.2018   0.2064    0.211   0.2156   0.2202   0.2248   0.2294   0.2339   0.2385   0.2431   0.2477   0.2523   0.2569   0.2615   0.2661   0.2706   0.2752   0.2798   0.2844    0.289   0.2936   0.2982   0.3028   0.3073   0.3119   0.3165   0.3211   0.3257   0.3303   0.3349   0.3394    0.344   0.3486   0.3532   0.3578   0.3624    0.367   0.3716   0.3761   0.3807   0.3853   0.3899   0.3945   0.3991   0.4037   0.4083   0.4128   0.4174    0.422   0.4266   0.4312   0.4358   0.4404    0.445   0.4495   0.4541   0.4587   0.4633   0.4679   0.4725   0.4771   0.4817   0.4862   0.4908   0.4954
    S      0.0   0.2978   0.1491   0.1094   0.0689   0.1768   0.3242   0.0382   0.0023   0.1056   0.0506   0.0649   0.1674   0.0842   0.0418    0.199   0.1796   0.0159   0.0786   0.1029   0.8091   0.1767    0.034   0.1346   0.1819   0.1969   0.0733   0.0158   0.3846   0.0343   0.1891   0.0348   0.1511   0.0297   0.1881     0.11   0.0916    0.172   0.0447    0.509   0.2194   0.1601   0.3354   0.1961   0.0596   0.1366   0.0753   0.2704   0.0316   0.1899    0.027   0.1967   0.1509   0.0867   0.0751      1.0   0.0789   0.4089   0.0072   0.0557   0.0721   0.0116   0.0987   0.1623   0.0499   0.0309   0.3471   0.5514   0.4961    0.064   0.2245   0.0529   0.0176   0.2903   0.2276   0.3401   0.3843   0.1359   0.1685   0.0832   0.0488   0.1588   0.0076   0.0013   0.0254   0.0018   0.1662   0.2335   0.3214   0.3071   0.0588   0.3019   0.2167   0.3434   0.1413   0.4759   0.1677   0.2418   0.3151   0.1487   0.0638   0.0552   0.0475   0.7375   0.2363   0.1665   0.5281   0.2541   0.1807
  snr   -12.63
    H      4.3
 exon    False

M: qpsk
 freq      0.0   0.0046   0.0092   0.0138   0.0183   0.0229   0.0275   0.0321   0.0367   0.0413   0.0459   0.0505    0.055   0.0596   0.0642   0.0688   0.0734    0.078   0.0826   0.0872   0.0917   0.0963   0.1009   0.1055   0.1101   0.1147   0.1193   0.1239   0.1284    0.133   0.1376   0.1422   0.1468   0.1514    0.156   0.1606   0.1651   0.1697   0.1743   0.1789   0.1835   0.1881   0.1927   0.1972   0.2018   0.2064    0.211   0.2156   0.2202   0.2248   0.2294   0.2339   0.2385   0.2431   0.2477   0.2523   0.2569   0.2615   0.2661   0.2706   0.2752   0.2798   0.2844    0.289   0.2936   0.2982   0.3028   0.3073   0.3119   0.3165   0.3211   0.3257   0.3303   0.3349   0.3394    0.344   0.3486   0.3532   0.3578   0.3624    0.367   0.3716   0.3761   0.3807   0.3853   0.3899   0.3945   0.3991   0.4037   0.4083   0.4128   0.4174    0.422   0.4266   0.4312   0.4358   0.4404    0.445   0.4495   0.4541   0.4587   0.4633   0.4679   0.4725   0.4771   0.4817   0.4862   0.4908   0.4954
    S      0.0   0.7898   0.0925    0.422   0.2896      1.0   0.5084   0.0571   0.1693   0.0146   0.1957   0.2794   0.0963    0.529   0.0975   0.6167   0.1482   0.1632   0.1562   0.2032   0.5494   0.0708   0.1028   0.2124   0.2161   0.5658   0.5225   0.0773   0.5861   0.1096   0.3039   0.0638   0.3241    0.292   0.0283   0.3518   0.0245   0.3933   0.0596   0.4965   0.3794   0.2379   0.8678   0.1568   0.1835   0.1956   0.4732   0.3542   0.1153   0.1449   0.2183   0.3889   0.2243   0.3192    0.216   0.9089   0.2758   0.3803   0.3688   0.2533   0.3558   0.1034   0.5382   0.2172   0.4036   0.4368   0.7838   0.6244   0.4267   0.3986   0.2122   0.3485   0.1018   0.2276   0.3103   0.7801   0.2915   0.1694   0.3615   0.2656   0.1469    0.806   0.5194   0.4568   0.0654   0.0743    0.303   0.3301   0.3378    0.396   0.5118   0.2021   0.5288    0.789   0.2779   0.2944   0.2843    0.197   0.4689   0.0733   0.4467   0.1727   0.1505   0.8265    0.346   0.3288   0.1618   0.0553   0.1255
  snr    -15.3
    H     4.46
 exon    False

M: mem
 freq      0.0   0.0046   0.0092   0.0138   0.0183   0.0229   0.0275   0.0321   0.0367   0.0413   0.0459   0.0505    0.055   0.0596   0.0642   0.0688   0.0734    0.078   0.0826   0.0872   0.0917   0.0963   0.1009   0.1055   0.1101   0.1147   0.1193   0.1239   0.1284    0.133   0.1376   0.1422   0.1468   0.1514    0.156   0.1606   0.1651   0.1697   0.1743   0.1789   0.1835   0.1881   0.1927   0.1972   0.2018   0.2064    0.211   0.2156   0.2202   0.2248   0.2294   0.2339   0.2385   0.2431   0.2477   0.2523   0.2569   0.2615   0.2661   0.2706   0.2752   0.2798   0.2844    0.289   0.2936   0.2982   0.3028   0.3073   0.3119   0.3165   0.3211   0.3257   0.3303   0.3349   0.3394    0.344   0.3486   0.3532   0.3578   0.3624    0.367   0.3716   0.3761   0.3807   0.3853   0.3899   0.3945   0.3991   0.4037   0.4083   0.4128   0.4174    0.422   0.4266   0.4312   0.4358   0.4404    0.445   0.4495   0.4541   0.4587   0.4633   0.4679   0.4725   0.4771   0.4817   0.4862   0.4908   0.4954
    S      0.0   0.0786   0.0819    0.333   0.1821   0.8308   0.3146   0.0697   0.0263   0.0038   0.2269   0.2742   0.0282   0.3372   0.0386   0.2452   0.0659   0.1968   0.1326   0.1832   0.0994   0.0261   0.1274   0.0409   0.0155   0.2449   0.3441   0.0535    0.557   0.0075   0.3488   0.0452   0.1765   0.3104   0.0047   0.0072    0.029   0.0123   0.0313   0.2144   0.4394   0.1753   0.5988   0.1348   0.0669    0.183   0.0893   0.4548   0.0727   0.0636   0.2814   0.3918   0.0304   0.2234   0.0108   0.8386   0.2855   0.1932   0.3685   0.0218    0.051    0.075    0.592   0.0127   0.5074    0.015   0.4484   0.0761   0.1148   0.1724   0.0379   0.3409   0.1272   0.0866   0.1224      1.0   0.1566   0.1291   0.2249   0.1267   0.0464   0.6446   0.6525   0.4755   0.0199   0.0347   0.2029   0.1457   0.2657   0.0863   0.6322   0.2477   0.0421   0.8793    0.046   0.2258   0.2676     0.17    0.009   0.0345   0.4328   0.0563   0.0111   0.1892   0.1177   0.0052   0.1069   0.0502   0.1003
  snr    -13.2
    H     4.21
 exon     True

M: alg1
 freq      0.0   0.0046   0.0092   0.0138   0.0183   0.0229   0.0275   0.0321   0.0367   0.0413   0.0459   0.0505    0.055   0.0596   0.0642   0.0688   0.0734    0.078   0.0826   0.0872   0.0917   0.0963   0.1009   0.1055   0.1101   0.1147   0.1193   0.1239   0.1284    0.133   0.1376   0.1422   0.1468   0.1514    0.156   0.1606   0.1651   0.1697   0.1743   0.1789   0.1835   0.1881   0.1927   0.1972   0.2018   0.2064    0.211   0.2156   0.2202   0.2248   0.2294   0.2339   0.2385   0.2431   0.2477   0.2523   0.2569   0.2615   0.2661   0.2706   0.2752   0.2798   0.2844    0.289   0.2936   0.2982   0.3028   0.3073   0.3119   0.3165   0.3211   0.3257   0.3303   0.3349   0.3394    0.344   0.3486   0.3532   0.3578   0.3624    0.367   0.3716   0.3761   0.3807   0.3853   0.3899   0.3945   0.3991   0.4037   0.4083   0.4128   0.4174    0.422   0.4266   0.4312   0.4358   0.4404    0.445   0.4495   0.4541   0.4587   0.4633   0.4679   0.4725   0.4771   0.4817   0.4862   0.4908   0.4954
    S      0.0   0.3864   0.0136   0.1568   0.4355   0.1592   0.2227   0.0602   0.3373   0.0175   0.2819   0.3493   0.2144   0.0951    0.034   0.0961   0.0915   0.1745   0.0799   0.3116   0.1041   0.1418   0.0752   0.0962   0.0365   0.4496    0.289    0.108   0.3629   0.0476   0.1029   0.0912   0.3034   0.3077   0.0719    0.144   0.0544   0.2985   0.0235   0.1093    0.132   0.2108   0.2639   0.0377   0.1746   0.0814   0.1531   0.1777   0.3502   0.1666   0.4195   0.3502   0.0223   0.1151   0.2089   0.6029   0.1974   0.2276   0.3553   0.1069   0.1606   0.0035   0.4788   0.0525   0.4178    0.223   0.1503    0.174   0.0081   0.2446   0.0506   0.1194   0.1513   0.0368   0.0737   0.7197   0.0952   0.2264   0.2841   0.2055   0.1465   0.2517   0.9567   0.4868   0.0259   0.0054   0.0396   0.0789   0.1028   0.1324   0.4208   0.3382   0.2661      1.0   0.0939   0.0921   0.4127   0.0175   0.0107   0.0226   0.0925   0.2535   0.0143   0.0718   0.1973   0.0877   0.1053   0.0046   0.1144
  snr   -12.97
    H     4.32
 exon    False

M: alg2
 freq      0.0   0.0046   0.0092   0.0138   0.0183   0.0229   0.0275   0.0321   0.0367   0.0413   0.0459   0.0505    0.055   0.0596   0.0642   0.0688   0.0734    0.078   0.0826   0.0872   0.0917   0.0963   0.1009   0.1055   0.1101   0.1147   0.1193   0.1239   0.1284    0.133   0.1376   0.1422   0.1468   0.1514    0.156   0.1606   0.1651   0.1697   0.1743   0.1789   0.1835   0.1881   0.1927   0.1972   0.2018   0.2064    0.211   0.2156   0.2202   0.2248   0.2294   0.2339   0.2385   0.2431   0.2477   0.2523   0.2569   0.2615   0.2661   0.2706   0.2752   0.2798   0.2844    0.289   0.2936   0.2982   0.3028   0.3073   0.3119   0.3165   0.3211   0.3257   0.3303   0.3349   0.3394    0.344   0.3486   0.3532   0.3578   0.3624    0.367   0.3716   0.3761   0.3807   0.3853   0.3899   0.3945   0.3991   0.4037   0.4083   0.4128   0.4174    0.422   0.4266   0.4312   0.4358   0.4404    0.445   0.4495   0.4541   0.4587   0.4633   0.4679   0.4725   0.4771   0.4817   0.4862   0.4908   0.4954
    S      0.0   0.3875   0.0733   0.2757   0.0119      1.0   0.1612   0.0188   0.1078    0.019    0.032   0.0574   0.2237    0.384   0.0323   0.3001   0.0032   0.0711   0.1947   0.0238   0.0381   0.1978   0.0693   0.0722   0.0512   0.1091   0.2444   0.0197   0.3427   0.0368   0.2589   0.0069    0.074   0.1639   0.0278    0.153   0.0281   0.3809    0.054   0.2678   0.3423   0.0899   0.4703   0.1089   0.0383   0.1015   0.2398   0.3135   0.0342   0.0033   0.0376     0.14   0.1196   0.1761   0.1476   0.1634   0.2318   0.0207   0.1999   0.1014   0.1774   0.1168    0.234   0.0291   0.1803   0.3222   0.4547   0.0407   0.2674   0.2796   0.0342   0.2845   0.0201   0.1072   0.2284   0.3519   0.0554   0.0387   0.1288   0.0735   0.0425    0.545   0.1128   0.2185   0.0227   0.0727   0.2106   0.1505   0.1517   0.0491   0.2881   0.1959   0.1137   0.1201   0.0739   0.3519   0.0186   0.3626   0.1286   0.1048   0.4351   0.1465   0.0651    0.223   0.0281   0.0787   0.0505   0.0723    0.028
  snr   -12.03
    H     4.31
 exon    False