>data-XVI-cerevisiae-intergenic-415
N: 273
Methods: voss, eiip, qpsk, mem, alg1, alg2

M: voss
 freq      0.0   0.0037   0.0073    0.011   0.0147   0.0183    0.022   0.0256   0.0293    0.033   0.0366   0.0403    0.044   0.0476   0.0513   0.0549   0.0586   0.0623   0.0659   0.0696   0.0733   0.0769   0.0806   0.0842   0.0879   0.0916   0.0952   0.0989   0.1026   0.1062   0.1099   0.1136   0.1172   0.1209   0.1245   0.1282   0.1319   0.1355   0.1392   0.1429   0.1465   0.1502   0.1538   0.1575   0.1612   0.1648   0.1685   0.1722   0.1758   0.1795   0.1832   0.1868   0.1905   0.1941   0.1978   0.2015   0.2051   0.2088   0.2125   0.2161   0.2198   0.2234   0.2271   0.2308   0.2344   0.2381   0.2418   0.2454   0.2491   0.2527   0.2564   0.2601   0.2637   0.2674   0.2711   0.2747   0.2784   0.2821   0.2857   0.2894    0.293   0.2967   0.3004    0.304   0.3077   0.3114    0.315   0.3187   0.3223    0.326   0.3297   0.3333    0.337   0.3407   0.3443    0.348   0.3516   0.3553    0.359   0.3626   0.3663     0.37   0.3736   0.3773    0.381   0.3846   0.3883   0.3919   0.3956   0.3993   0.4029   0.4066   0.4103   0.4139   0.4176   0.4212   0.4249   0.4286   0.4322   0.4359   0.4396   0.4432   0.4469   0.4505   0.4542   0.4579   0.4615   0.4652   0.4689   0.4725   0.4762   0.4799   0.4835   0.4872   0.4908   0.4945   0.4982
    S      0.0      1.0   0.7606   0.1313   0.2141    0.215   0.1836   0.0702   0.2665    0.199   0.1746   0.1855   0.2732   0.1838   0.2349   0.1513   0.3578   0.1373   0.2164   0.1879   0.1746   0.1451   0.1734   0.4682   0.1531   0.0905    0.522   0.0444   0.1162   0.0403   0.0676   0.0448   0.5183   0.4216   0.0748   0.2995   0.2592   0.0767   0.0718   0.2489   0.0828   0.1289    0.132   0.1711   0.3482   0.2184   0.2291   0.3256   0.3695   0.3768   0.2455   0.2367   0.2711   0.2415   0.3034   0.2942   0.3059   0.3537   0.2084   0.1131    0.364   0.1017   0.1354   0.1526    0.237   0.2268    0.109   0.1748   0.2327   0.5271   0.2807   0.1004   0.3198   0.4036   0.2908   0.0574   0.3319   0.2148   0.0817    0.127   0.2225   0.2085   0.4678   0.1079    0.215   0.3148   0.0895   0.0869   0.1906   0.0663   0.0615   0.4606   0.3372    0.045   0.0885   0.2595   0.0515   0.1484    0.212   0.2267   0.2262   0.1966   0.3169   0.3355   0.2463   0.1106   0.1584   0.1781   0.2375   0.2297    0.052   0.2834    0.121   0.2588   0.1265   0.1366   0.1679   0.3512   0.3648   0.1375   0.0532   0.4372    0.362   0.1217   0.1428   0.0873   0.3599   0.1478   0.0772   0.2662   0.3655   0.0852   0.2172   0.0723   0.0246    0.059   0.0788
  snr   -14.57
    H     4.73
 exon    False

M: eiip
 freq      0.0   0.0037   0.0073    0.011   0.0147   0.0183    0.022   0.0256   0.0293    0.033   0.0366   0.0403    0.044   0.0476   0.0513   0.0549   0.0586   0.0623   0.0659   0.0696   0.0733   0.0769   0.0806   0.0842   0.0879   0.0916   0.0952   0.0989   0.1026   0.1062   0.1099   0.1136   0.1172   0.1209   0.1245   0.1282   0.1319   0.1355   0.1392   0.1429   0.1465   0.1502   0.1538   0.1575   0.1612   0.1648   0.1685   0.1722   0.1758   0.1795   0.1832   0.1868   0.1905   0.1941   0.1978   0.2015   0.2051   0.2088   0.2125   0.2161   0.2198   0.2234   0.2271   0.2308   0.2344   0.2381   0.2418   0.2454   0.2491   0.2527   0.2564   0.2601   0.2637   0.2674   0.2711   0.2747   0.2784   0.2821   0.2857   0.2894    0.293   0.2967   0.3004    0.304   0.3077   0.3114    0.315   0.3187   0.3223    0.326   0.3297   0.3333    0.337   0.3407   0.3443    0.348   0.3516   0.3553    0.359   0.3626   0.3663     0.37   0.3736   0.3773    0.381   0.3846   0.3883   0.3919   0.3956   0.3993   0.4029   0.4066   0.4103   0.4139   0.4176   0.4212   0.4249   0.4286   0.4322   0.4359   0.4396   0.4432   0.4469   0.4505   0.4542   0.4579   0.4615   0.4652   0.4689   0.4725   0.4762   0.4799   0.4835   0.4872   0.4908   0.4945   0.4982
    S      0.0   0.1065      1.0   0.0261   0.0959   0.3388    0.336   0.0894    0.128   0.0659   0.0327   0.2461   0.2178   0.0397   0.0048   0.0092   0.2753   0.2238   0.1999   0.1261   0.0159   0.0211    0.157   0.4201   0.0426   0.0045   0.5073   0.0787   0.2034   0.0186   0.0057   0.0332    0.103   0.0849   0.0138   0.2773   0.1479   0.0078   0.0012   0.3205   0.0811   0.1673   0.0387   0.1713    0.053   0.0648   0.2657   0.1548   0.1493    0.045   0.1891   0.4631   0.3526   0.0081   0.4483   0.0081   0.1425   0.3686    0.109    0.008    0.037   0.0494   0.0723   0.0178   0.1232   0.0305   0.0436   0.3326   0.1067   0.2011   0.0279   0.0267   0.2454   0.3094   0.1833   0.0711    0.329   0.1212   0.0252   0.0526   0.2272   0.0186   0.0396   0.1868   0.4456   0.1404   0.1053   0.0254    0.009   0.0705    0.088    0.308   0.7555   0.0469   0.0774   0.4938    0.053   0.1578   0.4095   0.1575   0.0846    0.045   0.1939   0.4167   0.1404   0.0427   0.0812   0.0432   0.5237   0.2142   0.0789   0.1087   0.0225   0.3027   0.1619   0.2822   0.1227   0.4247   0.4188   0.0587   0.0007   0.0743   0.1001   0.1121   0.1834   0.0515   0.4206   0.0591   0.0255   0.0611   0.2878   0.0014   0.2392   0.1022   0.0101   0.0936   0.0713
  snr   -13.05
    H     4.46
 exon    False

M: qpsk
 freq      0.0   0.0037   0.0073    0.011   0.0147   0.0183    0.022   0.0256   0.0293    0.033   0.0366   0.0403    0.044   0.0476   0.0513   0.0549   0.0586   0.0623   0.0659   0.0696   0.0733   0.0769   0.0806   0.0842   0.0879   0.0916   0.0952   0.0989   0.1026   0.1062   0.1099   0.1136   0.1172   0.1209   0.1245   0.1282   0.1319   0.1355   0.1392   0.1429   0.1465   0.1502   0.1538   0.1575   0.1612   0.1648   0.1685   0.1722   0.1758   0.1795   0.1832   0.1868   0.1905   0.1941   0.1978   0.2015   0.2051   0.2088   0.2125   0.2161   0.2198   0.2234   0.2271   0.2308   0.2344   0.2381   0.2418   0.2454   0.2491   0.2527   0.2564   0.2601   0.2637   0.2674   0.2711   0.2747   0.2784   0.2821   0.2857   0.2894    0.293   0.2967   0.3004    0.304   0.3077   0.3114    0.315   0.3187   0.3223    0.326   0.3297   0.3333    0.337   0.3407   0.3443    0.348   0.3516   0.3553    0.359   0.3626   0.3663     0.37   0.3736   0.3773    0.381   0.3846   0.3883   0.3919   0.3956   0.3993   0.4029   0.4066   0.4103   0.4139   0.4176   0.4212   0.4249   0.4286   0.4322   0.4359   0.4396   0.4432   0.4469   0.4505   0.4542   0.4579   0.4615   0.4652   0.4689   0.4725   0.4762   0.4799   0.4835   0.4872   0.4908   0.4945   0.4982
    S      0.0      1.0   0.9112    0.036   0.1971   0.2038   0.2373   0.0776   0.3124   0.2184   0.0421   0.2477   0.1741   0.1991   0.2946   0.0915   0.4589   0.0951   0.2742   0.2131   0.1369   0.1575   0.2198    0.501   0.1694   0.0697   0.4946   0.0455    0.143   0.0399   0.0483   0.0594   0.4579   0.2773    0.099   0.2627   0.2942   0.0665   0.0725   0.2836   0.0945   0.1731   0.0347   0.0191   0.2948   0.1044   0.2181   0.3747   0.3617   0.0737    0.267   0.2489   0.2938   0.0654   0.3872   0.1401   0.1722    0.229   0.1871   0.1382   0.2342   0.1164   0.1093   0.1374   0.2207   0.1877   0.1332   0.1977   0.0933   0.6328   0.1913   0.0805   0.3412   0.4945   0.0456   0.0257    0.294   0.2629   0.0114   0.0511   0.2747   0.2842   0.3751   0.0546   0.1701    0.027   0.0653   0.0733   0.2332   0.0719   0.0831   0.5326   0.3715   0.0554   0.0568   0.2618   0.0343   0.1985   0.1541   0.2852   0.2652   0.1715   0.4004   0.3964   0.2783   0.0907   0.0605   0.1806   0.1888   0.3127   0.0717   0.2433   0.1471    0.307   0.0542   0.0962   0.1818   0.2875   0.4836   0.0273   0.0476   0.5239   0.1723   0.1648   0.1286   0.0767   0.2086   0.2006   0.0998   0.0634   0.3652   0.1006   0.1541   0.0997   0.0315   0.0777   0.0877
  snr   -14.22
    H     4.64
 exon    False

M: mem
 freq      0.0   0.0037   0.0074    0.011   0.0147   0.0184   0.0221   0.0257   0.0294   0.0331   0.0368   0.0404   0.0441   0.0478   0.0515   0.0551   0.0588   0.0625   0.0662   0.0699   0.0735   0.0772   0.0809   0.0846   0.0882   0.0919   0.0956   0.0993   0.1029   0.1066   0.1103    0.114   0.1176   0.1213    0.125   0.1287   0.1324    0.136   0.1397   0.1434   0.1471   0.1507   0.1544   0.1581   0.1618   0.1654   0.1691   0.1728   0.1765   0.1801   0.1838   0.1875   0.1912   0.1949   0.1985   0.2022   0.2059   0.2096   0.2132   0.2169   0.2206   0.2243   0.2279   0.2316   0.2353    0.239   0.2426   0.2463     0.25   0.2537   0.2574    0.261   0.2647   0.2684   0.2721   0.2757   0.2794   0.2831   0.2868   0.2904   0.2941   0.2978   0.3015   0.3051   0.3088   0.3125   0.3162   0.3199   0.3235   0.3272   0.3309   0.3346   0.3382   0.3419   0.3456   0.3493   0.3529   0.3566   0.3603    0.364   0.3676   0.3713    0.375   0.3787   0.3824    0.386   0.3897   0.3934   0.3971   0.4007   0.4044   0.4081   0.4118   0.4154   0.4191   0.4228   0.4265   0.4301   0.4338   0.4375   0.4412   0.4449   0.4485   0.4522   0.4559   0.4596   0.4632   0.4669   0.4706   0.4743   0.4779   0.4816   0.4853    0.489   0.4926   0.4963
    S      0.0      1.0   0.0673   0.0548   0.0592   0.0184   0.0131   0.0168   0.2005   0.1655   0.0611   0.0667   0.0674   0.0263   0.2155    0.041   0.0279   0.0317   0.0885   0.0319   0.0826   0.0882     0.02   0.2841    0.039   0.0058   0.1602   0.0131   0.0262   0.0057   0.0751   0.0526    0.118   0.0197   0.0379   0.1551   0.1711   0.0232   0.1015    0.084   0.0016   0.0955   0.0148   0.0178   0.0225   0.1031   0.0921   0.0054   0.0238   0.0331   0.1196   0.0463   0.0166   0.0493   0.0155   0.1573   0.0776   0.0657   0.2132   0.0455   0.2938   0.0419   0.0453   0.0034   0.1339   0.1555   0.1141   0.0155   0.0125   0.3036   0.1779    0.226   0.0521   0.0439   0.0202    0.002   0.0316      0.2   0.0853   0.0291   0.0046   0.3189   0.2061   0.0372   0.0203   0.0284   0.0531   0.2305   0.0524   0.0086   0.0261   0.2414   0.0458   0.0594   0.0039   0.0056   0.0047   0.0828   0.0965   0.1805   0.0625   0.1178   0.1204   0.0519   0.0108   0.0166   0.0409    0.078   0.0293   0.0261   0.0767   0.0049   0.0757   0.1057   0.0499   0.0825   0.0261   0.0813   0.0389    0.017   0.0855   0.5239   0.0557   0.0366   0.0475   0.0592   0.0992   0.0366   0.1122   0.0187   0.0789   0.0285   0.0214   0.0035   0.0478   0.0182
  snr   -10.05
    H     4.36
 exon    False

M: alg1
 freq      0.0   0.0037   0.0073    0.011   0.0147   0.0183    0.022   0.0256   0.0293    0.033   0.0366   0.0403    0.044   0.0476   0.0513   0.0549   0.0586   0.0623   0.0659   0.0696   0.0733   0.0769   0.0806   0.0842   0.0879   0.0916   0.0952   0.0989   0.1026   0.1062   0.1099   0.1136   0.1172   0.1209   0.1245   0.1282   0.1319   0.1355   0.1392   0.1429   0.1465   0.1502   0.1538   0.1575   0.1612   0.1648   0.1685   0.1722   0.1758   0.1795   0.1832   0.1868   0.1905   0.1941   0.1978   0.2015   0.2051   0.2088   0.2125   0.2161   0.2198   0.2234   0.2271   0.2308   0.2344   0.2381   0.2418   0.2454   0.2491   0.2527   0.2564   0.2601   0.2637   0.2674   0.2711   0.2747   0.2784   0.2821   0.2857   0.2894    0.293   0.2967   0.3004    0.304   0.3077   0.3114    0.315   0.3187   0.3223    0.326   0.3297   0.3333    0.337   0.3407   0.3443    0.348   0.3516   0.3553    0.359   0.3626   0.3663     0.37   0.3736   0.3773    0.381   0.3846   0.3883   0.3919   0.3956   0.3993   0.4029   0.4066   0.4103   0.4139   0.4176   0.4212   0.4249   0.4286   0.4322   0.4359   0.4396   0.4432   0.4469   0.4505   0.4542   0.4579   0.4615   0.4652   0.4689   0.4725   0.4762   0.4799   0.4835   0.4872   0.4908   0.4945   0.4982
    S      0.0      1.0   0.9765   0.1418   0.3143   0.1806   0.1764   0.0768   0.3253   0.2542   0.1311   0.2698   0.2448   0.0924   0.1751   0.2076   0.3841   0.0743   0.3659   0.2175   0.1852   0.0378   0.1241   0.2341   0.0567   0.0303   0.7249   0.0206   0.0883   0.0535   0.0839    0.051   0.6821   0.3324   0.0246   0.1694   0.4817   0.0638   0.1064   0.2871   0.1028   0.1713   0.1229   0.0483   0.1727   0.2037   0.0768   0.2899   0.4907   0.2599   0.1204   0.1484   0.1563   0.2476   0.2845   0.4051   0.0911   0.3633   0.1577   0.1172   0.4711   0.1322   0.0389   0.0572     0.03   0.2411   0.0433   0.1758   0.1479   0.9384   0.3814   0.1318   0.2561   0.3348   0.1562   0.0238   0.0969   0.0913   0.0632   0.1115    0.302   0.1135   0.5639   0.0349   0.0937   0.1761   0.0648   0.0698   0.2465    0.091   0.0702   0.7532   0.2531   0.0689   0.0796    0.174   0.0084   0.2343   0.0774   0.3834   0.2512   0.2434   0.5093    0.198   0.1418   0.1123   0.1237    0.173   0.1162     0.11   0.0689   0.1771   0.1844   0.3456   0.0254   0.0538   0.1075   0.0989   0.5308   0.0933    0.081   0.2852   0.4495   0.1893   0.0538   0.1274   0.1855   0.1154   0.1163   0.1112   0.1259   0.1038   0.1922   0.0702   0.0246   0.0564   0.1258
  snr   -14.21
    H     4.58
 exon    False

M: alg2
 freq      0.0   0.0037   0.0073    0.011   0.0147   0.0183    0.022   0.0256   0.0293    0.033   0.0366   0.0403    0.044   0.0476   0.0513   0.0549   0.0586   0.0623   0.0659   0.0696   0.0733   0.0769   0.0806   0.0842   0.0879   0.0916   0.0952   0.0989   0.1026   0.1062   0.1099   0.1136   0.1172   0.1209   0.1245   0.1282   0.1319   0.1355   0.1392   0.1429   0.1465   0.1502   0.1538   0.1575   0.1612   0.1648   0.1685   0.1722   0.1758   0.1795   0.1832   0.1868   0.1905   0.1941   0.1978   0.2015   0.2051   0.2088   0.2125   0.2161   0.2198   0.2234   0.2271   0.2308   0.2344   0.2381   0.2418   0.2454   0.2491   0.2527   0.2564   0.2601   0.2637   0.2674   0.2711   0.2747   0.2784   0.2821   0.2857   0.2894    0.293   0.2967   0.3004    0.304   0.3077   0.3114    0.315   0.3187   0.3223    0.326   0.3297   0.3333    0.337   0.3407   0.3443    0.348   0.3516   0.3553    0.359   0.3626   0.3663     0.37   0.3736   0.3773    0.381   0.3846   0.3883   0.3919   0.3956   0.3993   0.4029   0.4066   0.4103   0.4139   0.4176   0.4212   0.4249   0.4286   0.4322   0.4359   0.4396   0.4432   0.4469   0.4505   0.4542   0.4579   0.4615   0.4652   0.4689   0.4725   0.4762   0.4799   0.4835   0.4872   0.4908   0.4945   0.4982
    S      0.0      1.0   0.0798   0.0781    0.044   0.0046   0.0238   0.0046   0.1332   0.1207   0.0676   0.0486   0.0596   0.0132   0.1742   0.0429   0.0297   0.0336   0.0429   0.0191   0.0979   0.0436   0.0147   0.3533   0.0593   0.0024   0.1675   0.0164   0.0307   0.0018   0.0618   0.0101   0.1776    0.038   0.0429   0.2179   0.0835   0.0414   0.0624   0.0997   0.0088   0.0361   0.0502   0.0445    0.014   0.1099   0.0989   0.0053   0.0242   0.0632   0.1789   0.0651    0.068   0.0729   0.0144   0.1991   0.0991   0.1174   0.1241   0.1053   0.1969   0.0733   0.0176   0.0124   0.0433   0.2149   0.0278   0.0026   0.0905   0.3129   0.0855   0.0523    0.072   0.0563   0.0655    0.023   0.0319   0.1274   0.0264   0.1025   0.0139   0.1286   0.4506   0.0447   0.0419   0.1169   0.0451    0.076   0.1704   0.0091   0.0164   0.2007   0.0115   0.0135   0.0376   0.0104   0.0079   0.0243   0.0038   0.1023    0.181   0.0357    0.128   0.0347   0.0715   0.0405   0.0696   0.0218   0.0316    0.092   0.0099   0.1114   0.0957    0.069    0.036   0.0195   0.0524   0.0685   0.0271   0.0336   0.0466   0.3874   0.1814   0.0472   0.0226    0.048   0.1014   0.0754   0.0555   0.0444   0.0432   0.0746   0.0381   0.0052   0.0177   0.0126   0.0099
  snr    -9.89
    H     4.38
 exon    False