>data-XV-cerevisiae-intergenic-330
N: 277
Methods: voss, eiip, qpsk, mem, tbpse, snrse

M: voss
 freq      0.0   0.0036   0.0072   0.0108   0.0144   0.0181   0.0217   0.0253   0.0289   0.0325   0.0361   0.0397   0.0433   0.0469   0.0505   0.0542   0.0578   0.0614    0.065   0.0686   0.0722   0.0758   0.0794    0.083   0.0866   0.0903   0.0939   0.0975   0.1011   0.1047   0.1083   0.1119   0.1155   0.1191   0.1227   0.1264     0.13   0.1336   0.1372   0.1408   0.1444    0.148   0.1516   0.1552   0.1588   0.1625   0.1661   0.1697   0.1733   0.1769   0.1805   0.1841   0.1877   0.1913   0.1949   0.1986   0.2022   0.2058   0.2094    0.213   0.2166   0.2202   0.2238   0.2274    0.231   0.2347   0.2383   0.2419   0.2455   0.2491   0.2527   0.2563   0.2599   0.2635   0.2671   0.2708   0.2744    0.278   0.2816   0.2852   0.2888   0.2924    0.296   0.2996   0.3032   0.3069   0.3105   0.3141   0.3177   0.3213   0.3249   0.3285   0.3321   0.3357   0.3394    0.343   0.3466   0.3502   0.3538   0.3574    0.361   0.3646   0.3682   0.3718   0.3755   0.3791   0.3827   0.3863   0.3899   0.3935   0.3971   0.4007   0.4043   0.4079   0.4116   0.4152   0.4188   0.4224    0.426   0.4296   0.4332   0.4368   0.4404    0.444   0.4477   0.4513   0.4549   0.4585   0.4621   0.4657   0.4693   0.4729   0.4765   0.4801   0.4838   0.4874    0.491   0.4946   0.4982
    S      0.0   0.3784   0.2437   0.8471   0.4629   0.1364   0.2425   0.3057   0.7457   0.1599   0.3134   0.2631   0.4856    0.667   0.2931   0.1819   0.7892   0.6927    0.178   0.1861   0.3117   0.2879   0.0546   0.1811    0.059   0.0715   0.1316   0.3169   0.5354   0.2232   0.4433   0.4618   0.2108    0.031   0.0785   0.5946   0.3006   0.0648   0.1742   0.1136   0.1684   0.1174   0.0923   0.3795   0.4394   0.2699    0.623   0.0526   0.8519    0.304   0.0493    0.411   0.1616   0.1605   0.1362    0.199   0.1543   0.2384   0.1338   0.1624   0.0935   0.2109    0.386   0.2925   0.2074   0.5121   0.2359   0.1876   0.1712   0.1946    0.123   0.1585   0.1001   0.4433   0.1634   0.1697   0.4711   0.1669    0.157   0.4479   0.0813   0.0733   0.9139   0.3681   0.3044   0.3277   0.2688   0.2207   0.2784   0.3015   0.2533   0.0927   0.2189   0.1627   0.4712   0.1922   0.2722   0.3621    0.195   0.1257    0.458   0.4605      1.0   0.4873   0.4917   0.1202   0.4822   0.1873   0.2578   0.2937   0.2794   0.6108   0.1004   0.0459   0.3724   0.4127     0.17   0.1041   0.4371   0.1518   0.0912   0.6292   0.2315   0.2011   0.3138   0.1487   0.5264   0.5288   0.1422   0.2068   0.3309   0.1606   0.2983   0.2856   0.8797    0.245    0.764   0.2835   0.5427
  snr   -16.07
    H     4.72
 exon    False

M: eiip
 freq      0.0   0.0036   0.0072   0.0108   0.0144   0.0181   0.0217   0.0253   0.0289   0.0325   0.0361   0.0397   0.0433   0.0469   0.0505   0.0542   0.0578   0.0614    0.065   0.0686   0.0722   0.0758   0.0794    0.083   0.0866   0.0903   0.0939   0.0975   0.1011   0.1047   0.1083   0.1119   0.1155   0.1191   0.1227   0.1264     0.13   0.1336   0.1372   0.1408   0.1444    0.148   0.1516   0.1552   0.1588   0.1625   0.1661   0.1697   0.1733   0.1769   0.1805   0.1841   0.1877   0.1913   0.1949   0.1986   0.2022   0.2058   0.2094    0.213   0.2166   0.2202   0.2238   0.2274    0.231   0.2347   0.2383   0.2419   0.2455   0.2491   0.2527   0.2563   0.2599   0.2635   0.2671   0.2708   0.2744    0.278   0.2816   0.2852   0.2888   0.2924    0.296   0.2996   0.3032   0.3069   0.3105   0.3141   0.3177   0.3213   0.3249   0.3285   0.3321   0.3357   0.3394    0.343   0.3466   0.3502   0.3538   0.3574    0.361   0.3646   0.3682   0.3718   0.3755   0.3791   0.3827   0.3863   0.3899   0.3935   0.3971   0.4007   0.4043   0.4079   0.4116   0.4152   0.4188   0.4224    0.426   0.4296   0.4332   0.4368   0.4404    0.444   0.4477   0.4513   0.4549   0.4585   0.4621   0.4657   0.4693   0.4729   0.4765   0.4801   0.4838   0.4874    0.491   0.4946   0.4982
    S      0.0   0.0358   0.1173   0.0922   0.3056    0.036   0.1469   0.2928   0.2385   0.2341   0.3463   0.3297    0.181   0.0272   0.0628   0.0562   0.6876   0.4763   0.0256    0.282   0.0757    0.461   0.0463   0.0482   0.0199   0.0754   0.2578   0.3061   0.4308   0.0634    0.378   0.0813   0.0638   0.0626   0.0371   0.0557   0.1212   0.0569   0.1512   0.0126   0.0391   0.0702   0.0009   0.1435   0.5952   0.2817   0.0735   0.0175   0.0374   0.0131   0.0016   0.0126   0.0035   0.2443   0.1797    0.018   0.0207   0.1054   0.1399   0.0542   0.0749   0.2374   0.1711   0.0667   0.1403      1.0   0.0395   0.0061   0.0237   0.2547   0.1486   0.0596    0.007   0.2317   0.0835   0.0607   0.2682   0.1591   0.1161   0.0206   0.0081   0.0859   0.2967   0.1845   0.1927   0.0656   0.5438   0.3477   0.2011   0.0608   0.1319   0.0766   0.1701   0.0395   0.8495   0.1779   0.0781   0.0941   0.0761   0.0453    0.342   0.4477   0.3156   0.1537   0.1326   0.0062   0.6222   0.1824   0.0427   0.3277   0.0333   0.3728   0.0948   0.0605   0.0216    0.125   0.1347   0.0466   0.0902   0.0078   0.0882   0.0054   0.0205    0.006   0.2599   0.0197   0.0338   0.0453   0.0532   0.2605   0.4105    0.011   0.2496   0.0919   0.1172   0.1534   0.2287   0.1833    0.173
  snr   -13.16
    H     4.46
 exon    False

M: qpsk
 freq      0.0   0.0036   0.0072   0.0108   0.0144   0.0181   0.0217   0.0253   0.0289   0.0325   0.0361   0.0397   0.0433   0.0469   0.0505   0.0542   0.0578   0.0614    0.065   0.0686   0.0722   0.0758   0.0794    0.083   0.0866   0.0903   0.0939   0.0975   0.1011   0.1047   0.1083   0.1119   0.1155   0.1191   0.1227   0.1264     0.13   0.1336   0.1372   0.1408   0.1444    0.148   0.1516   0.1552   0.1588   0.1625   0.1661   0.1697   0.1733   0.1769   0.1805   0.1841   0.1877   0.1913   0.1949   0.1986   0.2022   0.2058   0.2094    0.213   0.2166   0.2202   0.2238   0.2274    0.231   0.2347   0.2383   0.2419   0.2455   0.2491   0.2527   0.2563   0.2599   0.2635   0.2671   0.2708   0.2744    0.278   0.2816   0.2852   0.2888   0.2924    0.296   0.2996   0.3032   0.3069   0.3105   0.3141   0.3177   0.3213   0.3249   0.3285   0.3321   0.3357   0.3394    0.343   0.3466   0.3502   0.3538   0.3574    0.361   0.3646   0.3682   0.3718   0.3755   0.3791   0.3827   0.3863   0.3899   0.3935   0.3971   0.4007   0.4043   0.4079   0.4116   0.4152   0.4188   0.4224    0.426   0.4296   0.4332   0.4368   0.4404    0.444   0.4477   0.4513   0.4549   0.4585   0.4621   0.4657   0.4693   0.4729   0.4765   0.4801   0.4838   0.4874    0.491   0.4946   0.4982
    S      0.0   0.3112   0.3363   0.7159   0.2076   0.1016   0.2858   0.4019    0.723   0.1556    0.201   0.3854   0.3276   0.6051   0.2765   0.2108      1.0   0.6374   0.0521   0.2751   0.1769   0.3074   0.0707   0.1544   0.0593    0.018   0.0811   0.4144   0.6574   0.1559   0.3116   0.3905   0.1254   0.0392   0.0501   0.5787   0.2062   0.0791   0.2519   0.0294   0.1208   0.1607   0.1078   0.3706   0.5827   0.1943   0.2037   0.0718   0.7481   0.2556    0.028   0.1885   0.1799   0.2251   0.1624   0.1936   0.1203   0.3239   0.1942   0.1379    0.135   0.2453   0.5017    0.185   0.2754    0.463   0.1978   0.1819   0.1272   0.2247   0.1494   0.0904   0.0915   0.4786   0.1536   0.0926   0.5109   0.1856    0.192   0.3054   0.0991   0.1015   0.4161    0.523    0.336   0.1464   0.3131   0.1756   0.1355    0.268   0.2038   0.0933   0.2322   0.1973   0.6961   0.2514   0.2497   0.2429   0.2741    0.182   0.6248   0.6028   0.7945   0.3631   0.5205   0.1633   0.4357   0.1813   0.1477   0.3341   0.0607   0.8002   0.1308   0.0145   0.2198   0.4704   0.1754    0.104   0.3724    0.068   0.1353   0.2907   0.2176   0.2799   0.3441   0.0935   0.4599    0.425   0.1562   0.2754   0.2309   0.1686   0.3375   0.0486   0.8047   0.2826   0.6589   0.3509   0.5181
  snr   -15.74
    H      4.7
 exon    False

M: mem
 freq      0.0   0.0036   0.0072   0.0109   0.0145   0.0181   0.0217   0.0254    0.029   0.0326   0.0362   0.0399   0.0435   0.0471   0.0507   0.0543    0.058   0.0616   0.0652   0.0688   0.0725   0.0761   0.0797   0.0833    0.087   0.0906   0.0942   0.0978   0.1014   0.1051   0.1087   0.1123   0.1159   0.1196   0.1232   0.1268   0.1304   0.1341   0.1377   0.1413   0.1449   0.1486   0.1522   0.1558   0.1594    0.163   0.1667   0.1703   0.1739   0.1775   0.1812   0.1848   0.1884    0.192   0.1957   0.1993   0.2029   0.2065   0.2101   0.2138   0.2174    0.221   0.2246   0.2283   0.2319   0.2355   0.2391   0.2428   0.2464     0.25   0.2536   0.2572   0.2609   0.2645   0.2681   0.2717   0.2754    0.279   0.2826   0.2862   0.2899   0.2935   0.2971   0.3007   0.3043    0.308   0.3116   0.3152   0.3188   0.3225   0.3261   0.3297   0.3333    0.337   0.3406   0.3442   0.3478   0.3514   0.3551   0.3587   0.3623   0.3659   0.3696   0.3732   0.3768   0.3804   0.3841   0.3877   0.3913   0.3949   0.3986   0.4022   0.4058   0.4094    0.413   0.4167   0.4203   0.4239   0.4275   0.4312   0.4348   0.4384    0.442   0.4457   0.4493   0.4529   0.4565   0.4601   0.4638   0.4674    0.471   0.4746   0.4783   0.4819   0.4855   0.4891   0.4928   0.4964
    S      0.0    0.011   0.0421   0.0781   0.4233    0.068   0.2135   0.3416    0.174   0.2767   0.2589   0.3347   0.4174   0.0089   0.0477   0.1434   0.6366   0.4844   0.0173    0.264    0.197   0.6143   0.0465   0.1168   0.0216   0.0304    0.229   0.5282   0.4222    0.154   0.5893   0.2447   0.0841   0.0655   0.0958    0.248   0.2141   0.0648   0.1791   0.0213   0.0384   0.1023   0.0078    0.367   0.5878   0.2089     0.16   0.0523   0.2441   0.0629   0.0142   0.1312    0.001   0.2489   0.3134   0.0413   0.0753   0.0273   0.0879   0.0506   0.0243   0.2295   0.1766   0.0355   0.5569      1.0   0.0432   0.0602   0.0195   0.2858   0.1565   0.0544   0.0296   0.3232   0.1144   0.0245   0.8014   0.3663   0.0029   0.0274   0.0571   0.0017   0.4497   0.0554   0.1062   0.3712   0.3345   0.8679   0.0951    0.042   0.2198   0.0608   0.4128   0.2305   0.4179   0.3584   0.0444   0.1151   0.0176   0.0466   0.6012   0.1305   0.2831    0.245   0.0034   0.2455   0.1222   0.3542   0.0716   0.1009    0.061   0.3873   0.0407   0.2287   0.0749   0.0736   0.2181   0.0039   0.0385   0.0601   0.0515   0.0732   0.0418   0.2903   0.0921   0.0219   0.1931   0.2605   0.0222   0.4246   0.5458   0.2975   0.0452   0.0077   0.0245   0.0452   0.1112   0.1279
  snr   -13.96
    H     4.46
 exon    False

M: tbpse
 freq      0.0   0.0036   0.0072   0.0108   0.0144   0.0181   0.0217   0.0253   0.0289   0.0325   0.0361   0.0397   0.0433   0.0469   0.0505   0.0542   0.0578   0.0614    0.065   0.0686   0.0722   0.0758   0.0794    0.083   0.0866   0.0903   0.0939   0.0975   0.1011   0.1047   0.1083   0.1119   0.1155   0.1191   0.1227   0.1264     0.13   0.1336   0.1372   0.1408   0.1444    0.148   0.1516   0.1552   0.1588   0.1625   0.1661   0.1697   0.1733   0.1769   0.1805   0.1841   0.1877   0.1913   0.1949   0.1986   0.2022   0.2058   0.2094    0.213   0.2166   0.2202   0.2238   0.2274    0.231   0.2347   0.2383   0.2419   0.2455   0.2491   0.2527   0.2563   0.2599   0.2635   0.2671   0.2708   0.2744    0.278   0.2816   0.2852   0.2888   0.2924    0.296   0.2996   0.3032   0.3069   0.3105   0.3141   0.3177   0.3213   0.3249   0.3285   0.3321   0.3357   0.3394    0.343   0.3466   0.3502   0.3538   0.3574    0.361   0.3646   0.3682   0.3718   0.3755   0.3791   0.3827   0.3863   0.3899   0.3935   0.3971   0.4007   0.4043   0.4079   0.4116   0.4152   0.4188   0.4224    0.426   0.4296   0.4332   0.4368   0.4404    0.444   0.4477   0.4513   0.4549   0.4585   0.4621   0.4657   0.4693   0.4729   0.4765   0.4801   0.4838   0.4874    0.491   0.4946   0.4982
    S      0.0   0.2836   0.2099   0.6724   0.3015   0.1121   0.2098   0.2216    0.584   0.1095   0.0384   0.2084   0.2097    0.512   0.2913   0.0898   0.7328   0.5476   0.0804   0.1818   0.1884    0.091   0.0653   0.0432   0.0455   0.0317   0.0381   0.1169   0.3981   0.1394   0.1333   0.3185   0.0954   0.0154   0.0219   0.2848   0.1971   0.0116   0.1136   0.0653   0.0383   0.0508   0.0505   0.0956   0.4125   0.1471   0.4192   0.0041   0.5488   0.2387   0.0455   0.3636   0.0519   0.0895   0.0387   0.1323   0.0977   0.1592   0.0679   0.1705   0.0435   0.1501   0.3144   0.2639   0.1232   0.1548   0.1233   0.0947     0.08   0.0918   0.0301   0.0839   0.0325   0.1087   0.1637   0.1088   0.1041   0.0872   0.1733   0.4698   0.0473   0.0795   0.7952   0.1307   0.3594   0.2534   0.1309   0.0551   0.1785   0.0892   0.2419   0.0217   0.2336   0.0031   0.3844   0.2191   0.3145   0.1879   0.1416   0.0736   0.4091   0.3422      1.0    0.506   0.5491   0.0311    0.219   0.1301   0.1737   0.1185    0.188   0.6193   0.0927   0.0114   0.3624   0.3527   0.1531   0.0515    0.511    0.118   0.0581   0.5677   0.1156   0.0514   0.2633   0.1088   0.3484   0.3459   0.0272   0.1894   0.0757   0.1274   0.2661   0.1782   0.9524   0.2708    0.835    0.308   0.5934
  snr   -14.56
    H     4.56
 exon    False

M: snrse
 freq      0.0   0.0036   0.0072   0.0108   0.0144   0.0181   0.0217   0.0253   0.0289   0.0325   0.0361   0.0397   0.0433   0.0469   0.0505   0.0542   0.0578   0.0614    0.065   0.0686   0.0722   0.0758   0.0794    0.083   0.0866   0.0903   0.0939   0.0975   0.1011   0.1047   0.1083   0.1119   0.1155   0.1191   0.1227   0.1264     0.13   0.1336   0.1372   0.1408   0.1444    0.148   0.1516   0.1552   0.1588   0.1625   0.1661   0.1697   0.1733   0.1769   0.1805   0.1841   0.1877   0.1913   0.1949   0.1986   0.2022   0.2058   0.2094    0.213   0.2166   0.2202   0.2238   0.2274    0.231   0.2347   0.2383   0.2419   0.2455   0.2491   0.2527   0.2563   0.2599   0.2635   0.2671   0.2708   0.2744    0.278   0.2816   0.2852   0.2888   0.2924    0.296   0.2996   0.3032   0.3069   0.3105   0.3141   0.3177   0.3213   0.3249   0.3285   0.3321   0.3357   0.3394    0.343   0.3466   0.3502   0.3538   0.3574    0.361   0.3646   0.3682   0.3718   0.3755   0.3791   0.3827   0.3863   0.3899   0.3935   0.3971   0.4007   0.4043   0.4079   0.4116   0.4152   0.4188   0.4224    0.426   0.4296   0.4332   0.4368   0.4404    0.444   0.4477   0.4513   0.4549   0.4585   0.4621   0.4657   0.4693   0.4729   0.4765   0.4801   0.4838   0.4874    0.491   0.4946   0.4982
    S      0.0    0.021   0.0093   0.1625   0.3766   0.0562   0.1338   0.2842   0.1919   0.1903   0.1717   0.2002   0.4815    0.063   0.0247   0.1233   0.4383   0.3816   0.0345   0.1371   0.2372   0.4748   0.0146   0.0618   0.0187   0.0732   0.1971   0.3817   0.3677     0.15   0.6235   0.2421   0.0734    0.049   0.0668   0.3852   0.1521   0.0714   0.1186   0.0262    0.017   0.0862   0.0303   0.3723   0.3066   0.1798    0.259   0.0404   0.3229   0.0928   0.0137   0.1358   0.0437   0.2072    0.178   0.0321   0.0521   0.0803   0.1066    0.038   0.0089   0.1421   0.1125   0.0715    0.169      1.0   0.1444   0.0221   0.0594    0.287   0.0857    0.149   0.0112   0.5337   0.0595   0.0362   0.5484   0.1593   0.0466   0.0486   0.0069   0.0447   0.3429   0.1902   0.0652   0.1306   0.4778   0.4131   0.2635   0.1379   0.1214   0.1155   0.0941   0.0306   0.6072   0.0635   0.0283   0.3023   0.0123   0.0037   0.1701   0.4189   0.3232   0.1062   0.0165   0.0516   0.3524    0.177   0.0427   0.2022   0.0912   0.1194   0.0409   0.0538   0.0753   0.1221   0.0922   0.0913    0.018   0.0585   0.0437   0.1463   0.1387   0.0823   0.2322   0.0134   0.1914   0.2376    0.093    0.144   0.5488   0.0286   0.2126   0.1241   0.0522   0.0595     0.06   0.0376   0.0826
  snr   -13.26
    H     4.52
 exon    False