>data-XVI-cerevisiae-intergenic-318
N: 513
Methods: voss, eiip, qpsk, mem, tbpse, snrse

M: voss
 freq      0.0   0.0019   0.0039   0.0058   0.0078   0.0097   0.0117   0.0136   0.0156   0.0175   0.0195   0.0214   0.0234   0.0253   0.0273   0.0292   0.0312   0.0331   0.0351    0.037    0.039   0.0409   0.0429   0.0448   0.0468   0.0487   0.0507   0.0526   0.0546   0.0565   0.0585   0.0604   0.0624   0.0643   0.0663   0.0682   0.0702   0.0721   0.0741    0.076    0.078   0.0799   0.0819   0.0838   0.0858   0.0877   0.0897   0.0916   0.0936   0.0955   0.0975   0.0994   0.1014   0.1033   0.1053   0.1072   0.1092   0.1111   0.1131    0.115    0.117   0.1189   0.1209   0.1228   0.1248   0.1267   0.1287   0.1306   0.1326   0.1345   0.1365   0.1384   0.1404   0.1423   0.1442   0.1462   0.1481   0.1501    0.152    0.154   0.1559   0.1579   0.1598   0.1618   0.1637   0.1657   0.1676   0.1696   0.1715   0.1735   0.1754   0.1774   0.1793   0.1813   0.1832   0.1852   0.1871   0.1891    0.191    0.193   0.1949   0.1969   0.1988   0.2008   0.2027   0.2047   0.2066   0.2086   0.2105   0.2125   0.2144   0.2164   0.2183   0.2203   0.2222   0.2242   0.2261   0.2281     0.23    0.232   0.2339   0.2359   0.2378   0.2398   0.2417   0.2437   0.2456   0.2476   0.2495   0.2515   0.2534   0.2554   0.2573   0.2593   0.2612   0.2632   0.2651   0.2671    0.269    0.271   0.2729   0.2749   0.2768   0.2788   0.2807   0.2827   0.2846   0.2865   0.2885   0.2904   0.2924   0.2943   0.2963   0.2982   0.3002   0.3021   0.3041    0.306    0.308   0.3099   0.3119   0.3138   0.3158   0.3177   0.3197   0.3216   0.3236   0.3255   0.3275   0.3294   0.3314   0.3333   0.3353   0.3372   0.3392   0.3411   0.3431    0.345    0.347   0.3489   0.3509   0.3528   0.3548   0.3567   0.3587   0.3606   0.3626   0.3645   0.3665   0.3684   0.3704   0.3723   0.3743   0.3762   0.3782   0.3801   0.3821    0.384    0.386   0.3879   0.3899   0.3918   0.3938   0.3957   0.3977   0.3996   0.4016   0.4035   0.4055   0.4074   0.4094   0.4113   0.4133   0.4152   0.4172   0.4191   0.4211    0.423    0.425   0.4269   0.4288   0.4308   0.4327   0.4347   0.4366   0.4386   0.4405   0.4425   0.4444   0.4464   0.4483   0.4503   0.4522   0.4542   0.4561   0.4581     0.46    0.462   0.4639   0.4659   0.4678   0.4698   0.4717   0.4737   0.4756   0.4776   0.4795   0.4815   0.4834   0.4854   0.4873   0.4893   0.4912   0.4932   0.4951   0.4971    0.499
    S      0.0   0.1619   0.3819   0.5551   0.4277   0.4439   0.6029   0.1686    0.282   0.6461   0.8687     0.31   0.0961    0.717   0.2253   0.2441   0.6284   0.1981   0.3234   0.2253   0.3494   0.1579   0.1451   0.2902   0.1844   0.3632    0.255   0.0874   0.0904    0.481   0.3019   0.2067   0.1889   0.0629   0.4873   0.2751   0.1032    0.224   0.2582   0.2317    0.664   0.3888   0.3142   0.2016   0.3118   0.2625   0.2049   0.1895   0.6122   0.3453   0.1803    0.194   0.1351   0.2109   0.4053   0.1512   0.1671   0.5305   0.1796   0.1947   0.4114   0.0736   0.1672      1.0   0.3626   0.3837   0.1742   0.0548   0.2954   0.1968   0.1091    0.038   0.0534   0.3758   0.1647    0.187   0.1723    0.503   0.2749   0.3809   0.0934   0.0699   0.3221   0.1127   0.3339   0.1395   0.3564   0.1566   0.2425   0.1278     0.21    0.439    0.397   0.2107   0.1789   0.3582   0.2805   0.4782   0.3834    0.273   0.1388    0.088   0.1158   0.1112   0.1477   0.1552   0.1425   0.1093   0.1909   0.1128   0.2985   0.1971   0.1947   0.2567   0.2116   0.0952   0.1123   0.1882   0.1889   0.2017     0.17   0.5849   0.0054   0.1554   0.0992   0.1545   0.1363   0.1314    0.187    0.332    0.225   0.2956   0.0861   0.1129    0.538   0.2402   0.3621   0.2349   0.2846   0.2093   0.7596   0.2186    0.113   0.0678    0.061    0.203   0.6199   0.2696   0.2739   0.2779   0.1494   0.2199   0.1601   0.2752   0.1086   0.2715   0.1832   0.2476   0.0777   0.4002   0.3549   0.0699   0.5321    0.126   0.2001   0.0863   0.2839   0.2406   0.3922   0.1522   0.5546   0.0637   0.1847    0.136   0.3025   0.2179   0.4221   0.0927   0.7208   0.1516   0.1134   0.1832   0.1285   0.2991   0.2301   0.0833   0.3082   0.3615   0.1119   0.5268   0.2057   0.0887   0.0613   0.1572   0.3448   0.2552   0.1204   0.2256   0.3704   0.0544    0.211   0.3153   0.3192   0.3602   0.6796   0.1839   0.3914   0.3474   0.1453   0.1941   0.1104   0.1451   0.1041   0.1517   0.5288   0.0399   0.3439   0.2282   0.3923   0.0946   0.3908   0.2083   0.1368   0.1731   0.1101    0.159   0.1923   0.0831   0.3954   0.1434   0.2505   0.1494   0.3517   0.2951   0.0547   0.1386   0.1154   0.2917   0.1513   0.1881   0.0762   0.0463   0.1712   0.4029    0.297   0.3028   0.0594   0.1751   0.2391   0.2511   0.5982   0.2811   0.2497   0.0129    0.449   0.0916   0.3681
  snr   -18.01
    H     5.36
 exon    False

M: eiip
 freq      0.0   0.0019   0.0039   0.0058   0.0078   0.0097   0.0117   0.0136   0.0156   0.0175   0.0195   0.0214   0.0234   0.0253   0.0273   0.0292   0.0312   0.0331   0.0351    0.037    0.039   0.0409   0.0429   0.0448   0.0468   0.0487   0.0507   0.0526   0.0546   0.0565   0.0585   0.0604   0.0624   0.0643   0.0663   0.0682   0.0702   0.0721   0.0741    0.076    0.078   0.0799   0.0819   0.0838   0.0858   0.0877   0.0897   0.0916   0.0936   0.0955   0.0975   0.0994   0.1014   0.1033   0.1053   0.1072   0.1092   0.1111   0.1131    0.115    0.117   0.1189   0.1209   0.1228   0.1248   0.1267   0.1287   0.1306   0.1326   0.1345   0.1365   0.1384   0.1404   0.1423   0.1442   0.1462   0.1481   0.1501    0.152    0.154   0.1559   0.1579   0.1598   0.1618   0.1637   0.1657   0.1676   0.1696   0.1715   0.1735   0.1754   0.1774   0.1793   0.1813   0.1832   0.1852   0.1871   0.1891    0.191    0.193   0.1949   0.1969   0.1988   0.2008   0.2027   0.2047   0.2066   0.2086   0.2105   0.2125   0.2144   0.2164   0.2183   0.2203   0.2222   0.2242   0.2261   0.2281     0.23    0.232   0.2339   0.2359   0.2378   0.2398   0.2417   0.2437   0.2456   0.2476   0.2495   0.2515   0.2534   0.2554   0.2573   0.2593   0.2612   0.2632   0.2651   0.2671    0.269    0.271   0.2729   0.2749   0.2768   0.2788   0.2807   0.2827   0.2846   0.2865   0.2885   0.2904   0.2924   0.2943   0.2963   0.2982   0.3002   0.3021   0.3041    0.306    0.308   0.3099   0.3119   0.3138   0.3158   0.3177   0.3197   0.3216   0.3236   0.3255   0.3275   0.3294   0.3314   0.3333   0.3353   0.3372   0.3392   0.3411   0.3431    0.345    0.347   0.3489   0.3509   0.3528   0.3548   0.3567   0.3587   0.3606   0.3626   0.3645   0.3665   0.3684   0.3704   0.3723   0.3743   0.3762   0.3782   0.3801   0.3821    0.384    0.386   0.3879   0.3899   0.3918   0.3938   0.3957   0.3977   0.3996   0.4016   0.4035   0.4055   0.4074   0.4094   0.4113   0.4133   0.4152   0.4172   0.4191   0.4211    0.423    0.425   0.4269   0.4288   0.4308   0.4327   0.4347   0.4366   0.4386   0.4405   0.4425   0.4444   0.4464   0.4483   0.4503   0.4522   0.4542   0.4561   0.4581     0.46    0.462   0.4639   0.4659   0.4678   0.4698   0.4717   0.4737   0.4756   0.4776   0.4795   0.4815   0.4834   0.4854   0.4873   0.4893   0.4912   0.4932   0.4951   0.4971    0.499
    S      0.0   0.1045   0.0701   0.1099   0.0176   0.1773   0.1973   0.3682   0.0303   0.0323   0.0024   0.6462   0.0882   0.3471   0.1854   0.1555   0.4968   0.2001    0.136   0.2891   0.0427   0.0916   0.0524   0.5321   0.0674   0.4124   0.0782   0.1365   0.1339   0.4404   0.0549   0.0311   0.3235   0.0313   0.7046     0.19   0.2019   0.1142   0.7167   0.3812   0.1397   0.4155   0.0765   0.0227   0.2045   0.3101   0.0508   0.0207   0.4499   0.3806    0.193   0.1217   0.2513   0.2329   0.2855   0.3069   0.2877   0.4715   0.1906   0.0861   0.1444   0.0913   0.0672   0.1447    0.571   0.2124   0.2786   0.0964   0.0607   0.3181   0.0561   0.0117   0.0244   0.2806    0.219   0.2095    0.075   0.6082   0.0803   0.0874   0.0419     0.01   0.5151   0.0383   0.5705   0.2091   0.3313   0.2238   0.1452    0.012   0.0784   0.4013    0.259   0.4413   0.0005   0.3386   0.3446   0.1961   0.4613    0.132   0.0164   0.0834   0.2403   0.0126   0.0634   0.0261   0.2912   0.0926   0.2929   0.0991   0.0926   0.0723   0.3765   0.0718   0.1015   0.1117   0.1847   0.4924   0.0665   0.1887   0.3697   0.2076   0.0024   0.1683   0.1008   0.1527   0.0004   0.0926   0.4537    0.097   0.1579   0.2684    0.004   0.0429   0.5297   0.0148   0.3365   0.1539   0.1378   0.3108    0.715   0.0411   0.0005   0.0661   0.0586   0.0333   0.2263   0.0842   0.0413   0.4129   0.0087    0.198    0.009   0.2523   0.0618   0.0445   0.0074   0.1053   0.0506   0.0266   0.7939   0.0316   0.7333   0.2292   0.4899   0.0446   0.0727   0.0742   0.6281   0.2654   0.0192   0.0047   0.1505   0.2122   0.1451   0.2785   0.4097   0.1982   0.1574   0.1313   0.1533   0.0295   0.0735   0.2476   0.0238   0.0109   0.5913   0.2137   0.0813   0.2216   0.0305   0.0318   0.1152   0.1866   0.8551   0.0069   0.1525   0.0254   0.4933   0.1013   0.0716   0.3722   0.2844   0.1304   0.1469   0.1962   0.2517   0.2346   0.2522   0.0552   0.0926   0.0379   0.0269   0.0815      1.0   0.1075   0.2896   0.0221   0.2152   0.0045   0.4449   0.2105   0.1219   0.0461   0.0793   0.0214   0.0231   0.1862   0.2299   0.1447    0.066   0.1937   0.0401    0.104   0.0891   0.2436   0.0034   0.6064   0.1819   0.3034   0.1207   0.0093   0.0736   0.0132   0.6338   0.7789   0.0328   0.2046   0.4439     0.12   0.1825   0.0998   0.0708   0.0311   0.8786   0.0904   0.1836
  snr   -16.92
    H     5.13
 exon    False

M: qpsk
 freq      0.0   0.0019   0.0039   0.0058   0.0078   0.0097   0.0117   0.0136   0.0156   0.0175   0.0195   0.0214   0.0234   0.0253   0.0273   0.0292   0.0312   0.0331   0.0351    0.037    0.039   0.0409   0.0429   0.0448   0.0468   0.0487   0.0507   0.0526   0.0546   0.0565   0.0585   0.0604   0.0624   0.0643   0.0663   0.0682   0.0702   0.0721   0.0741    0.076    0.078   0.0799   0.0819   0.0838   0.0858   0.0877   0.0897   0.0916   0.0936   0.0955   0.0975   0.0994   0.1014   0.1033   0.1053   0.1072   0.1092   0.1111   0.1131    0.115    0.117   0.1189   0.1209   0.1228   0.1248   0.1267   0.1287   0.1306   0.1326   0.1345   0.1365   0.1384   0.1404   0.1423   0.1442   0.1462   0.1481   0.1501    0.152    0.154   0.1559   0.1579   0.1598   0.1618   0.1637   0.1657   0.1676   0.1696   0.1715   0.1735   0.1754   0.1774   0.1793   0.1813   0.1832   0.1852   0.1871   0.1891    0.191    0.193   0.1949   0.1969   0.1988   0.2008   0.2027   0.2047   0.2066   0.2086   0.2105   0.2125   0.2144   0.2164   0.2183   0.2203   0.2222   0.2242   0.2261   0.2281     0.23    0.232   0.2339   0.2359   0.2378   0.2398   0.2417   0.2437   0.2456   0.2476   0.2495   0.2515   0.2534   0.2554   0.2573   0.2593   0.2612   0.2632   0.2651   0.2671    0.269    0.271   0.2729   0.2749   0.2768   0.2788   0.2807   0.2827   0.2846   0.2865   0.2885   0.2904   0.2924   0.2943   0.2963   0.2982   0.3002   0.3021   0.3041    0.306    0.308   0.3099   0.3119   0.3138   0.3158   0.3177   0.3197   0.3216   0.3236   0.3255   0.3275   0.3294   0.3314   0.3333   0.3353   0.3372   0.3392   0.3411   0.3431    0.345    0.347   0.3489   0.3509   0.3528   0.3548   0.3567   0.3587   0.3606   0.3626   0.3645   0.3665   0.3684   0.3704   0.3723   0.3743   0.3762   0.3782   0.3801   0.3821    0.384    0.386   0.3879   0.3899   0.3918   0.3938   0.3957   0.3977   0.3996   0.4016   0.4035   0.4055   0.4074   0.4094   0.4113   0.4133   0.4152   0.4172   0.4191   0.4211    0.423    0.425   0.4269   0.4288   0.4308   0.4327   0.4347   0.4366   0.4386   0.4405   0.4425   0.4444   0.4464   0.4483   0.4503   0.4522   0.4542   0.4561   0.4581     0.46    0.462   0.4639   0.4659   0.4678   0.4698   0.4717   0.4737   0.4756   0.4776   0.4795   0.4815   0.4834   0.4854   0.4873   0.4893   0.4912   0.4932   0.4951   0.4971    0.499
    S      0.0   0.1041   0.2113   0.4595   0.4915   0.4967   0.6926   0.2259   0.3932   0.5771      1.0    0.267   0.1374   0.7456    0.272   0.3592   0.4847   0.2873   0.1557   0.2833   0.3908   0.1767   0.1066   0.3948   0.2091   0.2982   0.1536   0.1278   0.1356   0.2552   0.2297   0.1631   0.2823   0.0602   0.4472   0.2985   0.1017   0.2197   0.2528   0.1333   0.3308   0.4698   0.4074   0.1415   0.3137   0.3361    0.087   0.1568   0.7315   0.2048   0.2197   0.1815   0.1715   0.0897   0.2892   0.2232   0.1988    0.737   0.0413   0.1468   0.3791   0.0953   0.1622   0.7297     0.12   0.3909   0.1974   0.0618   0.3365   0.2444   0.0656   0.0483   0.0248   0.3253   0.2337   0.1579   0.1202   0.6414   0.3301   0.4437   0.1371   0.0972   0.2268   0.1458   0.4673   0.1799   0.5215   0.1641   0.0913   0.1209   0.2943   0.3793   0.4869   0.2128    0.145   0.3225   0.0528   0.4148   0.5253   0.4024   0.1305    0.124   0.0783   0.0782   0.0849   0.1959   0.1239    0.155   0.1291   0.1099   0.1187   0.1786   0.1686   0.3127    0.036   0.0401   0.1441   0.2498   0.1362   0.2666   0.1367   0.4977   0.0078   0.2159   0.1085   0.1655   0.1174    0.104   0.1429   0.2884   0.0892   0.4099    0.057    0.054   0.7766   0.1993   0.2949   0.3467   0.3575   0.2566   0.9115   0.1701   0.1002   0.1024   0.0796   0.2427   0.1449   0.3904   0.2371   0.2803   0.1706   0.2821    0.138   0.2448   0.0752   0.0895   0.1258   0.2543    0.058   0.3942    0.524   0.0571   0.7694   0.1767   0.1747   0.0604   0.1403    0.222   0.1118   0.0518   0.5094   0.0168   0.2781   0.1411   0.1531   0.1033   0.4381   0.1168   0.5188   0.2229   0.1155   0.2572   0.0332   0.3401   0.0826   0.0898   0.2481   0.3211   0.1555   0.5829   0.3055   0.1293   0.0585   0.1242   0.4921   0.3018   0.1584   0.3095   0.5281   0.0425   0.2065   0.3892   0.2536    0.507   0.6732   0.1153    0.165   0.2601   0.1689   0.1412   0.1396   0.1793   0.0775   0.0098   0.8032   0.0479   0.4965   0.0881   0.4042   0.0786   0.5679   0.0677   0.1843   0.1213   0.0866   0.1537   0.2397   0.0697   0.3876   0.1592   0.2824   0.2185   0.4134   0.3606   0.0145   0.0628   0.0539   0.3756   0.1659   0.1301   0.1119   0.0472   0.2509   0.3627   0.2888    0.274   0.0843    0.152   0.3163    0.344   0.3936   0.0857   0.2121    0.016   0.6757    0.119   0.4875
  snr   -17.93
    H      5.3
 exon    False

M: mem
 freq      0.0    0.002   0.0039   0.0059   0.0078   0.0098   0.0117   0.0137   0.0156   0.0176   0.0195   0.0215   0.0234   0.0254   0.0273   0.0293   0.0312   0.0332   0.0352   0.0371   0.0391    0.041    0.043   0.0449   0.0469   0.0488   0.0508   0.0527   0.0547   0.0566   0.0586   0.0605   0.0625   0.0645   0.0664   0.0684   0.0703   0.0723   0.0742   0.0762   0.0781   0.0801    0.082    0.084   0.0859   0.0879   0.0898   0.0918   0.0938   0.0957   0.0977   0.0996   0.1016   0.1035   0.1055   0.1074   0.1094   0.1113   0.1133   0.1152   0.1172   0.1191   0.1211    0.123    0.125    0.127   0.1289   0.1309   0.1328   0.1348   0.1367   0.1387   0.1406   0.1426   0.1445   0.1465   0.1484   0.1504   0.1523   0.1543   0.1562   0.1582   0.1602   0.1621   0.1641    0.166    0.168   0.1699   0.1719   0.1738   0.1758   0.1777   0.1797   0.1816   0.1836   0.1855   0.1875   0.1895   0.1914   0.1934   0.1953   0.1973   0.1992   0.2012   0.2031   0.2051    0.207    0.209   0.2109   0.2129   0.2148   0.2168   0.2188   0.2207   0.2227   0.2246   0.2266   0.2285   0.2305   0.2324   0.2344   0.2363   0.2383   0.2402   0.2422   0.2441   0.2461    0.248     0.25    0.252   0.2539   0.2559   0.2578   0.2598   0.2617   0.2637   0.2656   0.2676   0.2695   0.2715   0.2734   0.2754   0.2773   0.2793   0.2812   0.2832   0.2852   0.2871   0.2891    0.291    0.293   0.2949   0.2969   0.2988   0.3008   0.3027   0.3047   0.3066   0.3086   0.3105   0.3125   0.3145   0.3164   0.3184   0.3203   0.3223   0.3242   0.3262   0.3281   0.3301    0.332    0.334   0.3359   0.3379   0.3398   0.3418   0.3438   0.3457   0.3477   0.3496   0.3516   0.3535   0.3555   0.3574   0.3594   0.3613   0.3633   0.3652   0.3672   0.3691   0.3711    0.373    0.375    0.377   0.3789   0.3809   0.3828   0.3848   0.3867   0.3887   0.3906   0.3926   0.3945   0.3965   0.3984   0.4004   0.4023   0.4043   0.4062   0.4082   0.4102   0.4121   0.4141    0.416    0.418   0.4199   0.4219   0.4238   0.4258   0.4277   0.4297   0.4316   0.4336   0.4355   0.4375   0.4395   0.4414   0.4434   0.4453   0.4473   0.4492   0.4512   0.4531   0.4551    0.457    0.459   0.4609   0.4629   0.4648   0.4668   0.4688   0.4707   0.4727   0.4746   0.4766   0.4785   0.4805   0.4824   0.4844   0.4863   0.4883   0.4902   0.4922   0.4941   0.4961    0.498
    S      0.0    0.084   0.2099   0.2627   0.1276   0.0006   0.2996    0.131   0.0125   0.2663   0.2278   0.4777   0.0099   0.0052   0.0695   0.0455   0.4902   0.0467   0.2459   0.0858   0.1267   0.0023   0.0699   0.2118   0.0753   0.4658   0.2504   0.0584   0.0646    0.565   0.0601   0.0502     0.14   0.0578   0.4266   0.1689   0.1633   0.1173   0.4309   0.2552   0.5478   0.2866   0.0478   0.0288   0.1845    0.151   0.1596   0.0713   0.3852   0.3566   0.1274   0.0806   0.1296   0.4423   0.3155   0.1422   0.0761   0.1998   0.3452   0.1316   0.1198   0.0534   0.0348   0.3764   0.4556   0.2051    0.247     0.06   0.2807   0.0325   0.0788   0.0049   0.0102   0.3676   0.0734   0.3368    0.304   0.1563   0.0336    0.139   0.0086   0.0072   0.6114   0.0615   0.0746   0.0314   0.0168   0.1339   0.2856   0.0337    0.031   0.4405   0.0049   0.2883    0.147   0.1976   0.6628   0.0154    0.141   0.0432   0.0073   0.0741   0.1316   0.0099   0.1294   0.0103   0.2448   0.0524    0.187   0.0688   0.3131   0.1376    0.168   0.0446   0.2208    0.103   0.0676   0.3507   0.0063   0.0949   0.1173   0.2191   0.0095   0.1068   0.0876   0.0243   0.0091   0.0547   0.3917   0.0645   0.2636   0.0684   0.1162   0.0804    0.172   0.0578   0.3868   0.0266    0.086   0.2983   0.0115   0.0167   0.0165   0.0439   0.0111   0.2364   0.4783   0.0723    0.146   0.2657   0.0453    0.187   0.0262    0.049   0.0663   0.1621    0.192   0.0046   0.1477   0.0189   0.3334   0.2878   0.0692   0.4631   0.0714   0.0014   0.1308    0.374    0.597   0.0844   0.0897   0.0225    0.156   0.2531   0.2698   0.0118   0.1409   0.0403   0.6626   0.0389    0.098   0.0237   0.0522   0.0306   0.0847   0.1439   0.1503   0.3191    0.051   0.0362   0.0929   0.0656   0.0208   0.3423   0.1001   0.1815   0.0066   0.0632   0.0308   0.0164   0.2025   0.0299    0.174   0.0173   0.6131   0.0695    0.583   0.0745   0.3229   0.0094   0.0104   0.0431   0.0608   0.3685   0.0272   0.0256   0.1389   0.1085   0.1337   0.1759    0.047   0.2398   0.0605   0.0797   0.0421   0.0303   0.1122   0.0021   0.0667   0.0563   0.2657    0.025   0.0029   0.0332   0.1307   0.2643    0.254    0.012   0.1261   0.2755   0.0765   0.0055   0.0775    0.035      1.0   0.0598    0.087   0.0922   0.1493   0.1763   0.3587   0.2034   0.0106   0.1068   0.0588   0.0923
  snr   -15.78
    H      5.1
 exon    False

M: tbpse
 freq      0.0   0.0019   0.0039   0.0058   0.0078   0.0097   0.0117   0.0136   0.0156   0.0175   0.0195   0.0214   0.0234   0.0253   0.0273   0.0292   0.0312   0.0331   0.0351    0.037    0.039   0.0409   0.0429   0.0448   0.0468   0.0487   0.0507   0.0526   0.0546   0.0565   0.0585   0.0604   0.0624   0.0643   0.0663   0.0682   0.0702   0.0721   0.0741    0.076    0.078   0.0799   0.0819   0.0838   0.0858   0.0877   0.0897   0.0916   0.0936   0.0955   0.0975   0.0994   0.1014   0.1033   0.1053   0.1072   0.1092   0.1111   0.1131    0.115    0.117   0.1189   0.1209   0.1228   0.1248   0.1267   0.1287   0.1306   0.1326   0.1345   0.1365   0.1384   0.1404   0.1423   0.1442   0.1462   0.1481   0.1501    0.152    0.154   0.1559   0.1579   0.1598   0.1618   0.1637   0.1657   0.1676   0.1696   0.1715   0.1735   0.1754   0.1774   0.1793   0.1813   0.1832   0.1852   0.1871   0.1891    0.191    0.193   0.1949   0.1969   0.1988   0.2008   0.2027   0.2047   0.2066   0.2086   0.2105   0.2125   0.2144   0.2164   0.2183   0.2203   0.2222   0.2242   0.2261   0.2281     0.23    0.232   0.2339   0.2359   0.2378   0.2398   0.2417   0.2437   0.2456   0.2476   0.2495   0.2515   0.2534   0.2554   0.2573   0.2593   0.2612   0.2632   0.2651   0.2671    0.269    0.271   0.2729   0.2749   0.2768   0.2788   0.2807   0.2827   0.2846   0.2865   0.2885   0.2904   0.2924   0.2943   0.2963   0.2982   0.3002   0.3021   0.3041    0.306    0.308   0.3099   0.3119   0.3138   0.3158   0.3177   0.3197   0.3216   0.3236   0.3255   0.3275   0.3294   0.3314   0.3333   0.3353   0.3372   0.3392   0.3411   0.3431    0.345    0.347   0.3489   0.3509   0.3528   0.3548   0.3567   0.3587   0.3606   0.3626   0.3645   0.3665   0.3684   0.3704   0.3723   0.3743   0.3762   0.3782   0.3801   0.3821    0.384    0.386   0.3879   0.3899   0.3918   0.3938   0.3957   0.3977   0.3996   0.4016   0.4035   0.4055   0.4074   0.4094   0.4113   0.4133   0.4152   0.4172   0.4191   0.4211    0.423    0.425   0.4269   0.4288   0.4308   0.4327   0.4347   0.4366   0.4386   0.4405   0.4425   0.4444   0.4464   0.4483   0.4503   0.4522   0.4542   0.4561   0.4581     0.46    0.462   0.4639   0.4659   0.4678   0.4698   0.4717   0.4737   0.4756   0.4776   0.4795   0.4815   0.4834   0.4854   0.4873   0.4893   0.4912   0.4932   0.4951   0.4971    0.499
    S      0.0     0.18   0.3903   0.3562    0.128   0.4418   0.0734   0.0377   0.0601   0.3463   0.2364   0.0489   0.0461   0.7067   0.1048   0.0288   0.4502   0.0961   0.3162   0.1297   0.0695   0.1421   0.1545   0.0829    0.042   0.0941   0.1747   0.0037   0.0094   0.4079   0.3742   0.2655   0.0478   0.0673   0.1681   0.0596   0.0362   0.1704   0.0257   0.1175   0.5243   0.2111   0.0714   0.2641   0.1776   0.0059   0.2232   0.1506   0.1561   0.1643   0.0042   0.1665    0.008   0.1232   0.2788    0.004   0.0467    0.005   0.1487    0.088   0.3476    0.038   0.0751      1.0   0.3067   0.2693   0.0218   0.0231   0.0429    0.076   0.0576   0.0148   0.0648   0.1181   0.0505   0.0475     0.16   0.0526   0.1252   0.0666   0.0089   0.0074   0.1045   0.0799   0.0544   0.0409   0.0935   0.0373   0.2922    0.056   0.1069   0.1505   0.3472   0.0215   0.1609   0.2347   0.2447   0.4376   0.0842   0.0194   0.1379   0.0334   0.0519   0.1456   0.1028   0.0999   0.0361   0.0523   0.1411   0.0664   0.2662   0.1697   0.0395   0.1315   0.2255   0.0784   0.0441   0.0095   0.2309   0.1471   0.0474   0.5291    0.001   0.0629   0.0686   0.0409   0.1029   0.1194   0.0446   0.1773   0.2685   0.1158   0.0707   0.1169   0.0659   0.2078   0.1856   0.0529   0.0492   0.0569   0.5879   0.2311   0.1225   0.0011   0.0203   0.0458   0.8101   0.0425   0.1602   0.0904   0.1134   0.0818   0.1509   0.1955   0.1009   0.2992   0.1316   0.2517   0.0511    0.335   0.0363   0.0488   0.2075   0.0291   0.0325   0.0929   0.3786    0.129   0.3315   0.1167   0.3994   0.0952   0.0573   0.0156    0.262   0.1831   0.1393   0.0181   0.3985   0.0214   0.0784   0.0307   0.1547   0.2391   0.2703   0.0281   0.1588   0.1726   0.0529    0.503   0.0099   0.0181    0.019   0.0658   0.0149   0.0545   0.0073   0.0316    0.155   0.0147   0.1237     0.16   0.1954   0.1212   0.3105   0.0779   0.2944   0.2526   0.0187   0.1144   0.0345   0.0759   0.1302   0.1825   0.1104    0.002   0.1244   0.3203   0.1956   0.0846   0.1157   0.1487   0.0073   0.2149   0.0475   0.1495   0.1331   0.0292   0.3375   0.0211   0.0608   0.0273   0.1905   0.1582   0.0439   0.0915   0.1628   0.0259   0.0474     0.12   0.0036   0.0233    0.062   0.2752   0.0271   0.0529   0.0307   0.1326   0.0466   0.0751   0.4224   0.2868   0.1598   0.0008   0.0618   0.0401   0.1235
  snr   -15.37
    H     5.14
 exon    False

M: snrse
 freq      0.0   0.0019   0.0039   0.0058   0.0078   0.0097   0.0117   0.0136   0.0156   0.0175   0.0195   0.0214   0.0234   0.0253   0.0273   0.0292   0.0312   0.0331   0.0351    0.037    0.039   0.0409   0.0429   0.0448   0.0468   0.0487   0.0507   0.0526   0.0546   0.0565   0.0585   0.0604   0.0624   0.0643   0.0663   0.0682   0.0702   0.0721   0.0741    0.076    0.078   0.0799   0.0819   0.0838   0.0858   0.0877   0.0897   0.0916   0.0936   0.0955   0.0975   0.0994   0.1014   0.1033   0.1053   0.1072   0.1092   0.1111   0.1131    0.115    0.117   0.1189   0.1209   0.1228   0.1248   0.1267   0.1287   0.1306   0.1326   0.1345   0.1365   0.1384   0.1404   0.1423   0.1442   0.1462   0.1481   0.1501    0.152    0.154   0.1559   0.1579   0.1598   0.1618   0.1637   0.1657   0.1676   0.1696   0.1715   0.1735   0.1754   0.1774   0.1793   0.1813   0.1832   0.1852   0.1871   0.1891    0.191    0.193   0.1949   0.1969   0.1988   0.2008   0.2027   0.2047   0.2066   0.2086   0.2105   0.2125   0.2144   0.2164   0.2183   0.2203   0.2222   0.2242   0.2261   0.2281     0.23    0.232   0.2339   0.2359   0.2378   0.2398   0.2417   0.2437   0.2456   0.2476   0.2495   0.2515   0.2534   0.2554   0.2573   0.2593   0.2612   0.2632   0.2651   0.2671    0.269    0.271   0.2729   0.2749   0.2768   0.2788   0.2807   0.2827   0.2846   0.2865   0.2885   0.2904   0.2924   0.2943   0.2963   0.2982   0.3002   0.3021   0.3041    0.306    0.308   0.3099   0.3119   0.3138   0.3158   0.3177   0.3197   0.3216   0.3236   0.3255   0.3275   0.3294   0.3314   0.3333   0.3353   0.3372   0.3392   0.3411   0.3431    0.345    0.347   0.3489   0.3509   0.3528   0.3548   0.3567   0.3587   0.3606   0.3626   0.3645   0.3665   0.3684   0.3704   0.3723   0.3743   0.3762   0.3782   0.3801   0.3821    0.384    0.386   0.3879   0.3899   0.3918   0.3938   0.3957   0.3977   0.3996   0.4016   0.4035   0.4055   0.4074   0.4094   0.4113   0.4133   0.4152   0.4172   0.4191   0.4211    0.423    0.425   0.4269   0.4288   0.4308   0.4327   0.4347   0.4366   0.4386   0.4405   0.4425   0.4444   0.4464   0.4483   0.4503   0.4522   0.4542   0.4561   0.4581     0.46    0.462   0.4639   0.4659   0.4678   0.4698   0.4717   0.4737   0.4756   0.4776   0.4795   0.4815   0.4834   0.4854   0.4873   0.4893   0.4912   0.4932   0.4951   0.4971    0.499
    S      0.0   0.0185   0.1436   0.3863    0.479   0.0683    0.679   0.0053   0.3268   0.5591      1.0   0.0923   0.0353   0.0524   0.1002   0.2349   0.1968    0.059   0.1057   0.0251   0.4045   0.0193   0.0577   0.0568   0.1835   0.2481    0.174   0.0623   0.0496   0.1034   0.0179   0.0121   0.0291   0.0047   0.2184   0.2281   0.0318   0.0949    0.024    0.065   0.4003   0.1162   0.3292   0.0109   0.1936   0.2057   0.0596   0.1288   0.4914   0.1814   0.1493   0.0404   0.0742   0.0964   0.2151   0.0628   0.0794   0.5285   0.0557   0.1587   0.1369   0.0203   0.1264   0.3662   0.0521   0.2011   0.1184   0.0099   0.3459    0.051   0.0775   0.0313   0.0052   0.3136   0.0509   0.1211   0.1151   0.3425   0.2089   0.4281   0.1056   0.0949   0.1499   0.0575   0.1025    0.048   0.2218    0.077   0.0532   0.1208   0.1501   0.3476   0.0394   0.0806   0.1091   0.1014   0.0583   0.1171    0.184   0.3407    0.051   0.0377   0.0181   0.0054   0.0875   0.1084   0.0599   0.0417   0.0242   0.0386   0.1537   0.0616   0.0738   0.1823   0.0662   0.0277   0.0121   0.0119   0.0154   0.0109   0.0315   0.1696   0.0055   0.0728   0.0284   0.1011   0.0941   0.0543   0.0242   0.2502   0.0265    0.141   0.0514   0.0534   0.3905    0.118   0.2033    0.198   0.3359   0.0663   0.0259   0.0504   0.0545   0.0696   0.0454   0.2319    0.133   0.3108   0.2194   0.1183   0.1186   0.1088   0.0728   0.0618   0.0248   0.0993   0.1294   0.0305   0.0387   0.3183   0.0291   0.0383   0.1059   0.0284   0.0439   0.0214   0.0453   0.2032   0.0544   0.0305   0.3731   0.0072   0.1084   0.0824   0.1184   0.0302   0.2638   0.0204   0.5784   0.1358   0.0052   0.2129   0.0204   0.0233   0.0749   0.0834   0.0333   0.2346   0.0596   0.0872   0.2695   0.0896   0.0118   0.1053   0.0405   0.3041   0.0883   0.2792   0.0605   0.0232   0.1977   0.1104   0.1186   0.3123   0.5965   0.1069   0.2037   0.1302   0.0989   0.1392   0.0664   0.1395   0.0062   0.0315   0.0706   0.0055    0.176   0.0255   0.2334   0.0488   0.1804    0.084   0.1159   0.0223   0.0802   0.0977   0.1366   0.0095   0.0991   0.1088   0.2576   0.0674   0.3015   0.1908   0.0122   0.0407   0.0232    0.105   0.0707   0.0191   0.0496    0.047   0.1413   0.2801   0.0971   0.0276   0.0333    0.016    0.089   0.2207   0.3589   0.1167   0.1568   0.0016   0.1105   0.0477   0.2857
  snr   -15.05
    H     5.13
 exon    False