>data-XIV-cerevisiae-intergenic-117
N: 243
Methods: voss, eiip, qpsk, mem, alg1, alg2

M: voss
 freq      0.0   0.0041   0.0082   0.0123   0.0165   0.0206   0.0247   0.0288   0.0329    0.037   0.0412   0.0453   0.0494   0.0535   0.0576   0.0617   0.0658     0.07   0.0741   0.0782   0.0823   0.0864   0.0905   0.0947   0.0988   0.1029    0.107   0.1111   0.1152   0.1193   0.1235   0.1276   0.1317   0.1358   0.1399    0.144   0.1481   0.1523   0.1564   0.1605   0.1646   0.1687   0.1728    0.177   0.1811   0.1852   0.1893   0.1934   0.1975   0.2016   0.2058   0.2099    0.214   0.2181   0.2222   0.2263   0.2305   0.2346   0.2387   0.2428   0.2469    0.251   0.2551   0.2593   0.2634   0.2675   0.2716   0.2757   0.2798    0.284   0.2881   0.2922   0.2963   0.3004   0.3045   0.3086   0.3128   0.3169    0.321   0.3251   0.3292   0.3333   0.3374   0.3416   0.3457   0.3498   0.3539    0.358   0.3621   0.3663   0.3704   0.3745   0.3786   0.3827   0.3868   0.3909   0.3951   0.3992   0.4033   0.4074   0.4115   0.4156   0.4198   0.4239    0.428   0.4321   0.4362   0.4403   0.4444   0.4486   0.4527   0.4568   0.4609    0.465   0.4691   0.4733   0.4774   0.4815   0.4856   0.4897   0.4938   0.4979
    S      0.0   0.3022   0.6618   0.2735   0.1405   0.1906   0.2044   0.6005   0.5132   0.5522   0.2439   0.3958   0.2788   0.2234   0.2486   0.4645   0.2785   0.3003   0.2467   0.4818   0.2731   0.3939   0.1576   0.6663    0.357   0.2387   0.1825   0.5113   0.1965   0.4201   0.3783   0.2763   0.1751   0.1996   0.3201   0.3627   0.4406   0.1853    0.402   0.4023    0.093   0.1595    0.253   0.4326   0.8005   0.2736   0.2371   0.2608   0.7198   0.2738   0.3562   0.5211   0.3772   0.3942   0.5062    0.079   0.1441   0.2371   0.1325   0.2825   0.2259   0.9581   0.2823   0.1282   0.3007   0.4704    0.165   0.2902   0.0854   0.2672   0.1219   0.2822   0.3755    0.205   0.0913   0.2014   0.6487   0.6992   0.1796   0.3694   0.8241   0.2579   0.2838   0.2992    0.329   0.4775    0.459   0.4825   0.0246   0.2976   0.3723   0.0303   0.6205   0.1004   0.1482   0.2764   0.5734   0.1462   0.0765      1.0   0.3051   0.3378   0.3922   0.8925   0.1737   0.1832   0.3676   0.1839   0.3482   0.1711   0.3265   0.3305    0.282   0.4521   0.3454   0.6115   0.3522   0.3563   0.1596   0.8151    0.298   0.8773
  snr   -16.09
    H     4.64
 exon    False

M: eiip
 freq      0.0   0.0041   0.0082   0.0123   0.0165   0.0206   0.0247   0.0288   0.0329    0.037   0.0412   0.0453   0.0494   0.0535   0.0576   0.0617   0.0658     0.07   0.0741   0.0782   0.0823   0.0864   0.0905   0.0947   0.0988   0.1029    0.107   0.1111   0.1152   0.1193   0.1235   0.1276   0.1317   0.1358   0.1399    0.144   0.1481   0.1523   0.1564   0.1605   0.1646   0.1687   0.1728    0.177   0.1811   0.1852   0.1893   0.1934   0.1975   0.2016   0.2058   0.2099    0.214   0.2181   0.2222   0.2263   0.2305   0.2346   0.2387   0.2428   0.2469    0.251   0.2551   0.2593   0.2634   0.2675   0.2716   0.2757   0.2798    0.284   0.2881   0.2922   0.2963   0.3004   0.3045   0.3086   0.3128   0.3169    0.321   0.3251   0.3292   0.3333   0.3374   0.3416   0.3457   0.3498   0.3539    0.358   0.3621   0.3663   0.3704   0.3745   0.3786   0.3827   0.3868   0.3909   0.3951   0.3992   0.4033   0.4074   0.4115   0.4156   0.4198   0.4239    0.428   0.4321   0.4362   0.4403   0.4444   0.4486   0.4527   0.4568   0.4609    0.465   0.4691   0.4733   0.4774   0.4815   0.4856   0.4897   0.4938   0.4979
    S      0.0   0.2929   0.1212   0.4294   0.1208   0.0072   0.1456   0.3382   0.5783   0.3189   0.1955   0.0581    0.188   0.0085   0.2004   0.1782   0.0883   0.1735   0.0719   0.2823   0.2776   0.2922   0.0777   0.1353   0.5164   0.1042   0.2072   0.0743   0.0642   0.3513   0.0463   0.1553    0.006   0.0604   0.0831   0.0575   0.1687   0.1705   0.0614   0.1318   0.0293   0.1584   0.2341   0.2202   0.3167   0.6951   0.0227    0.291   0.6186   0.0281   0.1072   0.4472    0.053   0.0461   0.0814   0.0778   0.0089    0.227   0.0975   0.1053   0.2968   0.5231   0.3782   0.0496   0.3536   0.0761    0.047   0.1467   0.0271   0.0849   0.1077   0.3498   0.2048   0.0714   0.0793   0.0184   0.0371    0.494   0.0018   0.0313    0.452    0.197   0.3246   0.5909    0.019      1.0   0.5469   0.2989   0.0224   0.0026   0.7042   0.0822   0.5768   0.0848   0.0613   0.1479    0.914   0.0451   0.0167    0.636   0.0969   0.4279   0.1508   0.0493   0.1235    0.054     0.42   0.0508   0.0019   0.0834   0.2353   0.2949    0.187   0.9477   0.2441    0.312    0.496   0.1441   0.2037    0.887   0.1395   0.3154
  snr   -14.09
    H     4.37
 exon     True

M: qpsk
 freq      0.0   0.0041   0.0082   0.0123   0.0165   0.0206   0.0247   0.0288   0.0329    0.037   0.0412   0.0453   0.0494   0.0535   0.0576   0.0617   0.0658     0.07   0.0741   0.0782   0.0823   0.0864   0.0905   0.0947   0.0988   0.1029    0.107   0.1111   0.1152   0.1193   0.1235   0.1276   0.1317   0.1358   0.1399    0.144   0.1481   0.1523   0.1564   0.1605   0.1646   0.1687   0.1728    0.177   0.1811   0.1852   0.1893   0.1934   0.1975   0.2016   0.2058   0.2099    0.214   0.2181   0.2222   0.2263   0.2305   0.2346   0.2387   0.2428   0.2469    0.251   0.2551   0.2593   0.2634   0.2675   0.2716   0.2757   0.2798    0.284   0.2881   0.2922   0.2963   0.3004   0.3045   0.3086   0.3128   0.3169    0.321   0.3251   0.3292   0.3333   0.3374   0.3416   0.3457   0.3498   0.3539    0.358   0.3621   0.3663   0.3704   0.3745   0.3786   0.3827   0.3868   0.3909   0.3951   0.3992   0.4033   0.4074   0.4115   0.4156   0.4198   0.4239    0.428   0.4321   0.4362   0.4403   0.4444   0.4486   0.4527   0.4568   0.4609    0.465   0.4691   0.4733   0.4774   0.4815   0.4856   0.4897   0.4938   0.4979
    S      0.0   0.3066   0.5661   0.2848   0.1206    0.096   0.1767   0.5041   0.5062   0.5022   0.1495   0.2061    0.135   0.0871   0.2107   0.3355   0.3085   0.2196   0.1626   0.4699   0.0981    0.345   0.1045   0.6232   0.3982   0.1932   0.1874   0.5611   0.1971   0.1258   0.2738   0.1416   0.0683   0.1897   0.3602   0.3224   0.1901   0.1353   0.2298   0.1369   0.0535   0.0903   0.0908   0.3463   0.1223   0.2978     0.23    0.296   0.2218   0.1343   0.3948   0.4657   0.2547   0.1621    0.518   0.0713   0.1215   0.1123   0.1349   0.1663   0.1411   0.7228   0.2301   0.1149   0.3253   0.2676   0.1061   0.3225   0.0946   0.2248   0.0616   0.2008   0.1448   0.2224   0.0659   0.1513   0.3533   0.6203   0.1351   0.2636   0.9441   0.1813   0.2595    0.293   0.2438    0.511   0.0597   0.4042   0.0285   0.1541   0.3328   0.0257   0.4987   0.0889   0.1381   0.2255   0.4279   0.0832   0.0862   0.8034    0.219    0.281    0.332      1.0   0.1348   0.0618   0.3727    0.195   0.1444    0.036   0.3232   0.2205   0.3182   0.1503   0.2011   0.6951   0.2954   0.1635   0.1704   0.6738   0.0905   0.6172
  snr   -14.88
    H     4.57
 exon    False

M: mem
 freq      0.0   0.0041   0.0083   0.0124   0.0165   0.0207   0.0248   0.0289   0.0331   0.0372   0.0413   0.0455   0.0496   0.0537   0.0579    0.062   0.0661   0.0702   0.0744   0.0785   0.0826   0.0868   0.0909    0.095   0.0992   0.1033   0.1074   0.1116   0.1157   0.1198    0.124   0.1281   0.1322   0.1364   0.1405   0.1446   0.1488   0.1529    0.157   0.1612   0.1653   0.1694   0.1736   0.1777   0.1818    0.186   0.1901   0.1942   0.1983   0.2025   0.2066   0.2107   0.2149    0.219   0.2231   0.2273   0.2314   0.2355   0.2397   0.2438   0.2479   0.2521   0.2562   0.2603   0.2645   0.2686   0.2727   0.2769    0.281   0.2851   0.2893   0.2934   0.2975   0.3017   0.3058   0.3099    0.314   0.3182   0.3223   0.3264   0.3306   0.3347   0.3388    0.343   0.3471   0.3512   0.3554   0.3595   0.3636   0.3678   0.3719    0.376   0.3802   0.3843   0.3884   0.3926   0.3967   0.4008    0.405   0.4091   0.4132   0.4174   0.4215   0.4256   0.4298   0.4339    0.438   0.4421   0.4463   0.4504   0.4545   0.4587   0.4628   0.4669   0.4711   0.4752   0.4793   0.4835   0.4876   0.4917   0.4959
    S      0.0   0.2259   0.2676    0.322    0.039   0.0579   0.0977   0.1088   0.1159   0.0002   0.2917   0.2714   0.1754   0.0899   0.0961   0.3397   0.0089   0.0581   0.0238   0.2855   0.2985   0.0145   0.1079   0.2086   0.1697   0.0824   0.1845   0.0101   0.0412   0.4973   0.0292   0.2511   0.0834   0.0166   0.0305   0.0174   0.5052   0.0429   0.0689   0.2252   0.0055   0.2137   0.3455   0.1508   0.8502   0.2063   0.0155   0.1332      1.0    0.036   0.2701   0.2107    0.302   0.1959   0.1252    0.079   0.0607   0.2253   0.1598   0.0479    0.614   0.4735   0.2901   0.0596   0.0426   0.0807   0.0866     0.05   0.0343   0.0091   0.2177   0.3474   0.1024   0.0712   0.0278    0.038   0.1249   0.0804   0.1371   0.0956   0.0572   0.3028   0.4481   0.0435   0.1591   0.6408   0.4023   0.1969   0.0556   0.4079   0.0802   0.0477   0.3802   0.0216   0.0977    0.145   0.6496   0.0579   0.1416   0.1258    0.099   0.1587   0.5714   0.1904   0.0264   0.0002   0.0339   0.0092   0.0177   0.1244   0.2627    0.022   0.4983   0.8619   0.0212   0.1138   0.1113   0.1113   0.3683   0.2844    0.024
  snr   -13.17
    H     4.33
 exon    False

M: alg1
 freq      0.0   0.0041   0.0082   0.0123   0.0165   0.0206   0.0247   0.0288   0.0329    0.037   0.0412   0.0453   0.0494   0.0535   0.0576   0.0617   0.0658     0.07   0.0741   0.0782   0.0823   0.0864   0.0905   0.0947   0.0988   0.1029    0.107   0.1111   0.1152   0.1193   0.1235   0.1276   0.1317   0.1358   0.1399    0.144   0.1481   0.1523   0.1564   0.1605   0.1646   0.1687   0.1728    0.177   0.1811   0.1852   0.1893   0.1934   0.1975   0.2016   0.2058   0.2099    0.214   0.2181   0.2222   0.2263   0.2305   0.2346   0.2387   0.2428   0.2469    0.251   0.2551   0.2593   0.2634   0.2675   0.2716   0.2757   0.2798    0.284   0.2881   0.2922   0.2963   0.3004   0.3045   0.3086   0.3128   0.3169    0.321   0.3251   0.3292   0.3333   0.3374   0.3416   0.3457   0.3498   0.3539    0.358   0.3621   0.3663   0.3704   0.3745   0.3786   0.3827   0.3868   0.3909   0.3951   0.3992   0.4033   0.4074   0.4115   0.4156   0.4198   0.4239    0.428   0.4321   0.4362   0.4403   0.4444   0.4486   0.4527   0.4568   0.4609    0.465   0.4691   0.4733   0.4774   0.4815   0.4856   0.4897   0.4938   0.4979
    S      0.0   0.2856   0.6588   0.2353   0.0316   0.1152   0.1394   0.5969   0.2776   0.5549   0.2587    0.375   0.2167   0.1682   0.1227   0.4809   0.1549   0.2199   0.2426   0.2657   0.2349   0.3445   0.1711   0.6105   0.2026   0.1481   0.1624   0.1797   0.0791   0.4267   0.2691   0.2063    0.207   0.1126   0.1853   0.2844   0.5095   0.1865   0.2118   0.3914   0.0192   0.1178   0.1899   0.3661   0.6599   0.1888   0.1033    0.215     0.76   0.2169   0.2428   0.3141   0.4025   0.4335   0.4181   0.0424   0.1243   0.1672   0.1121   0.2352   0.1186      1.0   0.0339    0.088   0.1531   0.2936   0.1697    0.209   0.0345   0.2328   0.1113   0.2581   0.1804   0.1374   0.0609   0.0584   0.7579   0.7196   0.1529   0.3995   0.2927    0.275   0.1853    0.104   0.3476   0.2341   0.4285   0.5128   0.0139   0.3307   0.3121   0.0171    0.241   0.0985   0.1054   0.2606   0.4934   0.1056   0.0453   0.7987   0.3233   0.2685   0.2751   0.5878   0.1708   0.0969    0.351   0.1098   0.4081   0.1021    0.306   0.1416    0.207    0.336   0.3584   0.2247   0.2983   0.2906   0.1373   0.4025   0.1406   0.8337
  snr    -15.0
    H     4.57
 exon    False

M: alg2
 freq      0.0   0.0041   0.0082   0.0123   0.0165   0.0206   0.0247   0.0288   0.0329    0.037   0.0412   0.0453   0.0494   0.0535   0.0576   0.0617   0.0658     0.07   0.0741   0.0782   0.0823   0.0864   0.0905   0.0947   0.0988   0.1029    0.107   0.1111   0.1152   0.1193   0.1235   0.1276   0.1317   0.1358   0.1399    0.144   0.1481   0.1523   0.1564   0.1605   0.1646   0.1687   0.1728    0.177   0.1811   0.1852   0.1893   0.1934   0.1975   0.2016   0.2058   0.2099    0.214   0.2181   0.2222   0.2263   0.2305   0.2346   0.2387   0.2428   0.2469    0.251   0.2551   0.2593   0.2634   0.2675   0.2716   0.2757   0.2798    0.284   0.2881   0.2922   0.2963   0.3004   0.3045   0.3086   0.3128   0.3169    0.321   0.3251   0.3292   0.3333   0.3374   0.3416   0.3457   0.3498   0.3539    0.358   0.3621   0.3663   0.3704   0.3745   0.3786   0.3827   0.3868   0.3909   0.3951   0.3992   0.4033   0.4074   0.4115   0.4156   0.4198   0.4239    0.428   0.4321   0.4362   0.4403   0.4444   0.4486   0.4527   0.4568   0.4609    0.465   0.4691   0.4733   0.4774   0.4815   0.4856   0.4897   0.4938   0.4979
    S      0.0   0.1241   0.4398    0.104    0.008   0.0024   0.1054   0.0971   0.0637   0.1166   0.2413   0.2607   0.1213   0.0215   0.1258    0.417   0.1191   0.0006    0.037     0.31   0.0869   0.0112   0.1371   0.4381   0.1224   0.1026    0.139   0.2157   0.0921   0.3168   0.0229   0.1629   0.0944   0.0908   0.1813   0.1067    0.405   0.0608   0.0069   0.0854   0.0022   0.1024   0.0445   0.3097    0.209   0.0332   0.0742   0.0659   0.4349   0.0319   0.2671   0.3049    0.283   0.0907   0.4561   0.0147   0.1177   0.0866   0.0176   0.0441   0.0111      1.0   0.0237   0.0505   0.0268   0.0199   0.0256   0.1405   0.0353    0.026   0.0224   0.2274   0.0264   0.0853   0.0173   0.0186   0.2752    0.055   0.1106    0.294    0.325   0.1351   0.0934   0.0356   0.2559   0.0004   0.2883   0.0629   0.0076   0.1309   0.1417    0.007   0.2168   0.0929   0.0137   0.2634   0.1231   0.0245   0.0458   0.1992   0.0919   0.0316   0.2833   0.7271    0.161   0.0202   0.0421   0.0548   0.1305     0.02   0.1564    0.019   0.0992   0.2413   0.1349   0.2078   0.1627   0.0251   0.0099      0.1    0.031   0.2291
  snr   -11.91
    H     4.33
 exon    False