>data-XIV-cerevisiae-intergenic-272
N: 472
Methods: voss, eiip, qpsk, mem, tbpse, snrse

M: voss
 freq      0.0   0.0021   0.0042   0.0064   0.0085   0.0106   0.0127   0.0148   0.0169   0.0191   0.0212   0.0233   0.0254   0.0275   0.0297   0.0318   0.0339    0.036   0.0381   0.0403   0.0424   0.0445   0.0466   0.0487   0.0508    0.053   0.0551   0.0572   0.0593   0.0614   0.0636   0.0657   0.0678   0.0699    0.072   0.0742   0.0763   0.0784   0.0805   0.0826   0.0847   0.0869    0.089   0.0911   0.0932   0.0953   0.0975   0.0996   0.1017   0.1038   0.1059   0.1081   0.1102   0.1123   0.1144   0.1165   0.1186   0.1208   0.1229    0.125   0.1271   0.1292   0.1314   0.1335   0.1356   0.1377   0.1398   0.1419   0.1441   0.1462   0.1483   0.1504   0.1525   0.1547   0.1568   0.1589    0.161   0.1631   0.1653   0.1674   0.1695   0.1716   0.1737   0.1758    0.178   0.1801   0.1822   0.1843   0.1864   0.1886   0.1907   0.1928   0.1949    0.197   0.1992   0.2013   0.2034   0.2055   0.2076   0.2097   0.2119    0.214   0.2161   0.2182   0.2203   0.2225   0.2246   0.2267   0.2288   0.2309   0.2331   0.2352   0.2373   0.2394   0.2415   0.2436   0.2458   0.2479     0.25   0.2521   0.2542   0.2564   0.2585   0.2606   0.2627   0.2648   0.2669   0.2691   0.2712   0.2733   0.2754   0.2775   0.2797   0.2818   0.2839    0.286   0.2881   0.2903   0.2924   0.2945   0.2966   0.2987   0.3008    0.303   0.3051   0.3072   0.3093   0.3114   0.3136   0.3157   0.3178   0.3199    0.322   0.3242   0.3263   0.3284   0.3305   0.3326   0.3347   0.3369    0.339   0.3411   0.3432   0.3453   0.3475   0.3496   0.3517   0.3538   0.3559   0.3581   0.3602   0.3623   0.3644   0.3665   0.3686   0.3708   0.3729    0.375   0.3771   0.3792   0.3814   0.3835   0.3856   0.3877   0.3898   0.3919   0.3941   0.3962   0.3983   0.4004   0.4025   0.4047   0.4068   0.4089    0.411   0.4131   0.4153   0.4174   0.4195   0.4216   0.4237   0.4258    0.428   0.4301   0.4322   0.4343   0.4364   0.4386   0.4407   0.4428   0.4449    0.447   0.4492   0.4513   0.4534   0.4555   0.4576   0.4597   0.4619    0.464   0.4661   0.4682   0.4703   0.4725   0.4746   0.4767   0.4788   0.4809   0.4831   0.4852   0.4873   0.4894   0.4915   0.4936   0.4958   0.4979
    S      0.0   0.7826   0.4304      1.0   0.1351   0.0952   0.1097   0.3442   0.1004    0.362   0.3457   0.2986   0.3064   0.1153   0.2124   0.0471    0.128   0.1904   0.1301    0.308   0.1354   0.0786   0.0624   0.2419   0.1296   0.1345    0.253   0.2005   0.4008    0.142   0.0854   0.2411   0.2685   0.0485   0.0464   0.2283    0.164    0.296   0.2459     0.18   0.3784   0.0677    0.086   0.1499   0.2768   0.0936   0.1054   0.3633   0.0453   0.0744   0.3308    0.168   0.3133   0.1217   0.0457   0.1939   0.0653   0.2906   0.1498   0.1863   0.0368   0.1266   0.2562   0.2731   0.1427   0.1485   0.0248   0.2514   0.1804   0.1842   0.0509   0.2533   0.1932   0.1117   0.1721   0.2158   0.0727   0.0543   0.1077   0.2373   0.1119   0.1335   0.0765   0.1688   0.0533   0.2595   0.0891   0.0741   0.1078   0.0241   0.1886   0.1195   0.0723   0.0495   0.4866   0.2659   0.1091   0.1412   0.3596   0.2524   0.2139   0.1821   0.3008   0.2512   0.0928   0.2229   0.0766   0.1001   0.0952   0.2212    0.112   0.0544   0.1676    0.259   0.1571   0.1523   0.1493   0.0903   0.0711   0.2894   0.0975    0.284   0.0779   0.3071   0.1018   0.1265   0.0291   0.0167    0.169   0.0408    0.174   0.2334   0.1879   0.0252   0.1269   0.1365   0.1142   0.1826   0.1556   0.1507   0.1254    0.112   0.1224   0.0487   0.2142   0.1521   0.1537   0.1613   0.0462   0.0555   0.1604   0.1249   0.1032   0.1522   0.1808   0.0542   0.0391   0.2566   0.1196   0.0439   0.2379   0.1142   0.1227   0.1495   0.2119   0.0293   0.1296   0.2959   0.1201   0.0942   0.1521   0.1184   0.1251   0.2822   0.1415    0.138   0.0829    0.065   0.1957   0.0878   0.3331   0.0345   0.1862    0.193   0.1046   0.1495    0.216   0.2225    0.212   0.1631   0.0341   0.1681   0.3465    0.216   0.0891   0.1619   0.0755   0.1538   0.0149   0.2798   0.0648    0.039   0.1556   0.1125   0.1333   0.0261   0.0544   0.2476   0.0716   0.1406   0.1261   0.2129   0.0462    0.103   0.0782   0.0838   0.1244     0.06   0.0431   0.1441    0.081   0.4402   0.2116   0.3897   0.1556   0.2134   0.1035   0.4392   0.0804   0.1935   0.2096   0.1359   0.0664   0.2475   0.1753   0.0437
  snr   -15.76
    H     5.25
 exon    False

M: eiip
 freq      0.0   0.0021   0.0042   0.0064   0.0085   0.0106   0.0127   0.0148   0.0169   0.0191   0.0212   0.0233   0.0254   0.0275   0.0297   0.0318   0.0339    0.036   0.0381   0.0403   0.0424   0.0445   0.0466   0.0487   0.0508    0.053   0.0551   0.0572   0.0593   0.0614   0.0636   0.0657   0.0678   0.0699    0.072   0.0742   0.0763   0.0784   0.0805   0.0826   0.0847   0.0869    0.089   0.0911   0.0932   0.0953   0.0975   0.0996   0.1017   0.1038   0.1059   0.1081   0.1102   0.1123   0.1144   0.1165   0.1186   0.1208   0.1229    0.125   0.1271   0.1292   0.1314   0.1335   0.1356   0.1377   0.1398   0.1419   0.1441   0.1462   0.1483   0.1504   0.1525   0.1547   0.1568   0.1589    0.161   0.1631   0.1653   0.1674   0.1695   0.1716   0.1737   0.1758    0.178   0.1801   0.1822   0.1843   0.1864   0.1886   0.1907   0.1928   0.1949    0.197   0.1992   0.2013   0.2034   0.2055   0.2076   0.2097   0.2119    0.214   0.2161   0.2182   0.2203   0.2225   0.2246   0.2267   0.2288   0.2309   0.2331   0.2352   0.2373   0.2394   0.2415   0.2436   0.2458   0.2479     0.25   0.2521   0.2542   0.2564   0.2585   0.2606   0.2627   0.2648   0.2669   0.2691   0.2712   0.2733   0.2754   0.2775   0.2797   0.2818   0.2839    0.286   0.2881   0.2903   0.2924   0.2945   0.2966   0.2987   0.3008    0.303   0.3051   0.3072   0.3093   0.3114   0.3136   0.3157   0.3178   0.3199    0.322   0.3242   0.3263   0.3284   0.3305   0.3326   0.3347   0.3369    0.339   0.3411   0.3432   0.3453   0.3475   0.3496   0.3517   0.3538   0.3559   0.3581   0.3602   0.3623   0.3644   0.3665   0.3686   0.3708   0.3729    0.375   0.3771   0.3792   0.3814   0.3835   0.3856   0.3877   0.3898   0.3919   0.3941   0.3962   0.3983   0.4004   0.4025   0.4047   0.4068   0.4089    0.411   0.4131   0.4153   0.4174   0.4195   0.4216   0.4237   0.4258    0.428   0.4301   0.4322   0.4343   0.4364   0.4386   0.4407   0.4428   0.4449    0.447   0.4492   0.4513   0.4534   0.4555   0.4576   0.4597   0.4619    0.464   0.4661   0.4682   0.4703   0.4725   0.4746   0.4767   0.4788   0.4809   0.4831   0.4852   0.4873   0.4894   0.4915   0.4936   0.4958   0.4979
    S      0.0      1.0   0.5122    0.527   0.0436   0.0739   0.1122   0.0112   0.0522   0.2523   0.2183   0.2063   0.7706   0.0477   0.0622    0.057   0.0125   0.2376   0.0194   0.0717   0.0306   0.0146   0.0109   0.4228     0.23   0.0587   0.2529   0.0133   0.4553   0.0492   0.0531   0.2407   0.3275    0.145   0.0644   0.6522   0.2719   0.0419   0.5814   0.1279   0.2815   0.1411   0.0824   0.1053   0.3774   0.3054   0.0576    0.052   0.0973   0.0167   0.6367   0.0609   0.7617   0.0098   0.0643    0.266   0.0615   0.4469    0.046   0.1437   0.0576   0.1214   0.0938   0.0852   0.1306   0.0369   0.0181   0.2956   0.0026   0.0072   0.0189   0.1217   0.2041   0.0317   0.1031   0.3258   0.0275    0.039   0.1683   0.6399   0.1106   0.1698   0.0581   0.2845   0.0031   0.2848     0.05   0.0576   0.2425   0.0113   0.0471    0.099    0.018   0.1333   0.0929   0.5891   0.1659   0.0542   0.1158   0.6715   0.5192   0.0401   0.2133    0.022   0.2004   0.1083   0.1402   0.0739   0.1012   0.1974   0.3514   0.0191    0.086   0.2313   0.3002   0.1571   0.1668   0.0089   0.0139   0.5952   0.0016    0.031    0.233    0.496   0.1405   0.2043   0.0461   0.0189   0.1693   0.0887   0.0132   0.0135   0.5903   0.0926   0.0478   0.1378   0.0803   0.0707   0.1597   0.2487   0.0323   0.1553    0.058   0.0823   0.6261   0.0873   0.3626   0.1152   0.0647   0.0016   0.1674   0.2339   0.1642   0.0312   0.0938   0.1591   0.1149   0.0559   0.1246   0.0414   0.0305   0.0118   0.1469   0.1709   0.0352    0.089    0.098   0.0083   0.0631   0.0832   0.0461   0.2479   0.1552   0.0536   0.0662   0.1566   0.1099   0.0198   0.1664   0.1731   0.1055   0.0361   0.0149   0.0522   0.0921   0.0151   0.4381   0.1306   0.0982   0.0704   0.0073   0.0094    0.014   0.0574   0.1779   0.3173   0.1241   0.1874   0.0224   0.1174   0.0119   0.0122   0.0068   0.1971   0.0114   0.0649   0.0218   0.1797   0.0644   0.3709   0.2413   0.0546   0.0045   0.1076   0.0288   0.2218   0.0226   0.0659   0.0814    0.226   0.0402   0.0248   0.1253   0.8127   0.2211   0.2919   0.0999   0.4119   0.1036   0.3617   0.1025   0.1014   0.0788   0.1327    0.022   0.0599
  snr   -15.48
    H     4.97
 exon    False

M: qpsk
 freq      0.0   0.0021   0.0042   0.0064   0.0085   0.0106   0.0127   0.0148   0.0169   0.0191   0.0212   0.0233   0.0254   0.0275   0.0297   0.0318   0.0339    0.036   0.0381   0.0403   0.0424   0.0445   0.0466   0.0487   0.0508    0.053   0.0551   0.0572   0.0593   0.0614   0.0636   0.0657   0.0678   0.0699    0.072   0.0742   0.0763   0.0784   0.0805   0.0826   0.0847   0.0869    0.089   0.0911   0.0932   0.0953   0.0975   0.0996   0.1017   0.1038   0.1059   0.1081   0.1102   0.1123   0.1144   0.1165   0.1186   0.1208   0.1229    0.125   0.1271   0.1292   0.1314   0.1335   0.1356   0.1377   0.1398   0.1419   0.1441   0.1462   0.1483   0.1504   0.1525   0.1547   0.1568   0.1589    0.161   0.1631   0.1653   0.1674   0.1695   0.1716   0.1737   0.1758    0.178   0.1801   0.1822   0.1843   0.1864   0.1886   0.1907   0.1928   0.1949    0.197   0.1992   0.2013   0.2034   0.2055   0.2076   0.2097   0.2119    0.214   0.2161   0.2182   0.2203   0.2225   0.2246   0.2267   0.2288   0.2309   0.2331   0.2352   0.2373   0.2394   0.2415   0.2436   0.2458   0.2479     0.25   0.2521   0.2542   0.2564   0.2585   0.2606   0.2627   0.2648   0.2669   0.2691   0.2712   0.2733   0.2754   0.2775   0.2797   0.2818   0.2839    0.286   0.2881   0.2903   0.2924   0.2945   0.2966   0.2987   0.3008    0.303   0.3051   0.3072   0.3093   0.3114   0.3136   0.3157   0.3178   0.3199    0.322   0.3242   0.3263   0.3284   0.3305   0.3326   0.3347   0.3369    0.339   0.3411   0.3432   0.3453   0.3475   0.3496   0.3517   0.3538   0.3559   0.3581   0.3602   0.3623   0.3644   0.3665   0.3686   0.3708   0.3729    0.375   0.3771   0.3792   0.3814   0.3835   0.3856   0.3877   0.3898   0.3919   0.3941   0.3962   0.3983   0.4004   0.4025   0.4047   0.4068   0.4089    0.411   0.4131   0.4153   0.4174   0.4195   0.4216   0.4237   0.4258    0.428   0.4301   0.4322   0.4343   0.4364   0.4386   0.4407   0.4428   0.4449    0.447   0.4492   0.4513   0.4534   0.4555   0.4576   0.4597   0.4619    0.464   0.4661   0.4682   0.4703   0.4725   0.4746   0.4767   0.4788   0.4809   0.4831   0.4852   0.4873   0.4894   0.4915   0.4936   0.4958   0.4979
    S      0.0      1.0   0.4136    0.952   0.0883   0.1342   0.1411   0.2981     0.14   0.3437   0.3234   0.2623   0.4088   0.1165   0.2014   0.0645    0.082   0.1071   0.1177   0.1872   0.0396   0.0687   0.0568   0.1212   0.1161   0.1639   0.2718   0.1952   0.5211   0.0913   0.0857   0.2695   0.1939   0.0457   0.0055   0.2714   0.1783   0.3388   0.2002   0.1141   0.2458   0.0833   0.0827   0.1705   0.0937   0.1265    0.064   0.2266   0.0593   0.0823   0.4598   0.1625   0.1384   0.0477   0.0271   0.1091   0.0525   0.2472   0.1183   0.1564   0.0123   0.1454    0.232   0.2549   0.0736   0.0357   0.0209   0.2851   0.1331   0.1171   0.0523   0.3261   0.0809   0.1552   0.1992   0.2785   0.0966   0.0588   0.1509   0.1392   0.1146   0.1655   0.0682   0.1336   0.0375   0.2817   0.0491   0.0752   0.0573   0.0216   0.1366   0.1554   0.0965    0.045   0.3296   0.2116   0.0948   0.1579   0.4805   0.3487   0.2651   0.0365   0.0349   0.2542   0.1238   0.2901   0.0241   0.1143   0.0046   0.2161   0.1105   0.0284   0.2055   0.2352   0.1055    0.166   0.0875   0.0849    0.075   0.1286   0.0844   0.2641   0.1051   0.2926   0.1297   0.1777   0.0332    0.011    0.208   0.0456   0.1325   0.1392   0.1652   0.0276   0.0393    0.106   0.1481   0.2282   0.0986    0.197   0.1154   0.0946    0.137   0.0671   0.1976   0.1722   0.1195   0.1658   0.0216   0.0316   0.1389   0.1683   0.1382   0.0902   0.1611   0.0558   0.0319   0.1523   0.1051   0.0321   0.2674   0.1556    0.144   0.1316   0.1734   0.0292   0.1804   0.2432   0.1119   0.0739   0.0826     0.14   0.1727   0.2039   0.1496   0.0108   0.0199   0.0707   0.2092   0.1103    0.373   0.0227    0.164   0.1003   0.0539    0.127   0.2598   0.0633   0.2719   0.1574   0.0337   0.1411   0.2722   0.2172   0.1049   0.0769   0.0717   0.1688   0.0092   0.2151   0.0812   0.0464    0.097   0.0871   0.0703   0.0246   0.0504   0.0974   0.0954   0.0663   0.1308   0.2509   0.0257   0.0826   0.0597   0.1136   0.1672    0.063    0.054   0.1578   0.0405   0.2445   0.2011   0.4929   0.1514   0.2955   0.1315   0.4595   0.0813   0.2722   0.2672   0.1591    0.043   0.2936   0.1226   0.0422
  snr   -15.38
    H     5.19
 exon    False

M: mem
 freq      0.0   0.0021   0.0042   0.0064   0.0085   0.0106   0.0127   0.0148   0.0169   0.0191   0.0212   0.0233   0.0254   0.0275   0.0297   0.0318   0.0339    0.036   0.0381   0.0403   0.0424   0.0445   0.0466   0.0487   0.0508    0.053   0.0551   0.0572   0.0593   0.0614   0.0636   0.0657   0.0678   0.0699    0.072   0.0742   0.0763   0.0784   0.0805   0.0826   0.0847   0.0869    0.089   0.0911   0.0932   0.0953   0.0975   0.0996   0.1017   0.1038   0.1059   0.1081   0.1102   0.1123   0.1144   0.1165   0.1186   0.1208   0.1229    0.125   0.1271   0.1292   0.1314   0.1335   0.1356   0.1377   0.1398   0.1419   0.1441   0.1462   0.1483   0.1504   0.1525   0.1547   0.1568   0.1589    0.161   0.1631   0.1653   0.1674   0.1695   0.1716   0.1737   0.1758    0.178   0.1801   0.1822   0.1843   0.1864   0.1886   0.1907   0.1928   0.1949    0.197   0.1992   0.2013   0.2034   0.2055   0.2076   0.2097   0.2119    0.214   0.2161   0.2182   0.2203   0.2225   0.2246   0.2267   0.2288   0.2309   0.2331   0.2352   0.2373   0.2394   0.2415   0.2436   0.2458   0.2479     0.25   0.2521   0.2542   0.2564   0.2585   0.2606   0.2627   0.2648   0.2669   0.2691   0.2712   0.2733   0.2754   0.2775   0.2797   0.2818   0.2839    0.286   0.2881   0.2903   0.2924   0.2945   0.2966   0.2987   0.3008    0.303   0.3051   0.3072   0.3093   0.3114   0.3136   0.3157   0.3178   0.3199    0.322   0.3242   0.3263   0.3284   0.3305   0.3326   0.3347   0.3369    0.339   0.3411   0.3432   0.3453   0.3475   0.3496   0.3517   0.3538   0.3559   0.3581   0.3602   0.3623   0.3644   0.3665   0.3686   0.3708   0.3729    0.375   0.3771   0.3792   0.3814   0.3835   0.3856   0.3877   0.3898   0.3919   0.3941   0.3962   0.3983   0.4004   0.4025   0.4047   0.4068   0.4089    0.411   0.4131   0.4153   0.4174   0.4195   0.4216   0.4237   0.4258    0.428   0.4301   0.4322   0.4343   0.4364   0.4386   0.4407   0.4428   0.4449    0.447   0.4492   0.4513   0.4534   0.4555   0.4576   0.4597   0.4619    0.464   0.4661   0.4682   0.4703   0.4725   0.4746   0.4767   0.4788   0.4809   0.4831   0.4852   0.4873   0.4894   0.4915   0.4936   0.4958   0.4979
    S      0.0      1.0   0.2122   0.6938   0.0308   0.0654   0.1123   0.0661   0.0447   0.0598   0.2721   0.0583   0.4638   0.0169   0.0378   0.0497   0.0028   0.0653   0.0246   0.0307   0.0007   0.0329   0.0229   0.2194   0.1528   0.0766   0.1518   0.0131   0.3559   0.0331   0.0321   0.2003   0.2205    0.077   0.0162   0.4303   0.1859   0.0592   0.3351   0.0877   0.0871   0.0987   0.0594   0.0456   0.1679   0.2021   0.0208   0.0849   0.0761   0.0026   0.4965   0.0099   0.3114   0.0095   0.0343    0.088   0.0466   0.1746    0.044    0.102   0.0252   0.0439   0.0806    0.133   0.0432   0.0005   0.0151   0.2215   0.0136   0.0381   0.0063   0.1004   0.0937   0.0156    0.089   0.2776   0.0236   0.0231   0.1281   0.2974   0.1112   0.0814   0.0354   0.0998   0.0151   0.1128   0.0094   0.0561   0.1108   0.0105   0.0903   0.0588   0.0169   0.0707    0.078   0.3336   0.0982   0.0488   0.1605   0.4183   0.2765   0.0008   0.0337    0.042   0.1191    0.096     0.06    0.035   0.0244   0.1916   0.1969   0.0021   0.0994   0.2239   0.1131   0.1527   0.0802   0.0053   0.0038   0.2227    0.006   0.0318   0.1588    0.336   0.0797   0.1717   0.0284    0.011   0.1646   0.0619   0.0298   0.0284   0.3153   0.0545   0.0062    0.047   0.0418   0.0283   0.0484   0.1514   0.0459   0.1099   0.0857   0.0617    0.328   0.0674   0.1799   0.1372   0.0345   0.0099    0.124   0.1908   0.1299   0.0131   0.0386   0.0979    0.057   0.0694   0.0609   0.0142   0.0299   0.0197   0.1383   0.0915   0.0031   0.0517   0.0734   0.0171    0.087   0.0213   0.0076   0.1852   0.0989   0.1202   0.0913   0.0381   0.0416   0.0336   0.1773   0.1158   0.1012   0.0109   0.0355   0.0547   0.0529   0.0149   0.2856   0.0424   0.0942    0.084   0.0049   0.0441   0.0879   0.0668   0.1057   0.1221   0.0721   0.1778   0.0085   0.1571   0.0069   0.0089   0.0354   0.1114    0.023   0.0392   0.0051   0.0519   0.0555   0.1636   0.1281   0.0957   0.0102   0.0412   0.0058   0.1603   0.0066   0.0373   0.0673   0.1911   0.0107   0.0141   0.0623   0.6296   0.1146   0.2053   0.0888   0.4357   0.0637   0.2389   0.0751   0.0975   0.0257   0.1206   0.0382   0.0308
  snr   -13.63
    H     4.96
 exon    False

M: tbpse
 freq      0.0   0.0021   0.0042   0.0064   0.0085   0.0106   0.0127   0.0148   0.0169   0.0191   0.0212   0.0233   0.0254   0.0275   0.0297   0.0318   0.0339    0.036   0.0381   0.0403   0.0424   0.0445   0.0466   0.0487   0.0508    0.053   0.0551   0.0572   0.0593   0.0614   0.0636   0.0657   0.0678   0.0699    0.072   0.0742   0.0763   0.0784   0.0805   0.0826   0.0847   0.0869    0.089   0.0911   0.0932   0.0953   0.0975   0.0996   0.1017   0.1038   0.1059   0.1081   0.1102   0.1123   0.1144   0.1165   0.1186   0.1208   0.1229    0.125   0.1271   0.1292   0.1314   0.1335   0.1356   0.1377   0.1398   0.1419   0.1441   0.1462   0.1483   0.1504   0.1525   0.1547   0.1568   0.1589    0.161   0.1631   0.1653   0.1674   0.1695   0.1716   0.1737   0.1758    0.178   0.1801   0.1822   0.1843   0.1864   0.1886   0.1907   0.1928   0.1949    0.197   0.1992   0.2013   0.2034   0.2055   0.2076   0.2097   0.2119    0.214   0.2161   0.2182   0.2203   0.2225   0.2246   0.2267   0.2288   0.2309   0.2331   0.2352   0.2373   0.2394   0.2415   0.2436   0.2458   0.2479     0.25   0.2521   0.2542   0.2564   0.2585   0.2606   0.2627   0.2648   0.2669   0.2691   0.2712   0.2733   0.2754   0.2775   0.2797   0.2818   0.2839    0.286   0.2881   0.2903   0.2924   0.2945   0.2966   0.2987   0.3008    0.303   0.3051   0.3072   0.3093   0.3114   0.3136   0.3157   0.3178   0.3199    0.322   0.3242   0.3263   0.3284   0.3305   0.3326   0.3347   0.3369    0.339   0.3411   0.3432   0.3453   0.3475   0.3496   0.3517   0.3538   0.3559   0.3581   0.3602   0.3623   0.3644   0.3665   0.3686   0.3708   0.3729    0.375   0.3771   0.3792   0.3814   0.3835   0.3856   0.3877   0.3898   0.3919   0.3941   0.3962   0.3983   0.4004   0.4025   0.4047   0.4068   0.4089    0.411   0.4131   0.4153   0.4174   0.4195   0.4216   0.4237   0.4258    0.428   0.4301   0.4322   0.4343   0.4364   0.4386   0.4407   0.4428   0.4449    0.447   0.4492   0.4513   0.4534   0.4555   0.4576   0.4597   0.4619    0.464   0.4661   0.4682   0.4703   0.4725   0.4746   0.4767   0.4788   0.4809   0.4831   0.4852   0.4873   0.4894   0.4915   0.4936   0.4958   0.4979
    S      0.0    0.553   0.0818      1.0   0.1237   0.0105   0.0636   0.2818   0.0258   0.1015   0.4112   0.1026   0.1241   0.0429   0.1155   0.0084   0.0927    0.083   0.1231   0.2445   0.1311   0.0693   0.0519   0.1702   0.0629   0.0748   0.0527   0.1197   0.1004   0.1043   0.0323     0.11     0.22   0.0067   0.0309   0.1022   0.1113   0.1617    0.113   0.1551   0.1944   0.0379   0.0555   0.0608   0.2063   0.0326   0.0628   0.3601   0.0332   0.0257   0.0772   0.0682   0.1189   0.1322   0.0346   0.0911   0.0638   0.1036   0.1331   0.1473   0.0243   0.0224   0.1893   0.2684   0.0869   0.1488   0.0243   0.1445     0.13   0.2087   0.0166   0.0723   0.1438   0.0206   0.1193   0.1999   0.0319    0.026    0.054   0.0473    0.096    0.031   0.0483   0.0434    0.054   0.0746   0.0524    0.081   0.0465    0.016   0.2448   0.0139   0.0106    0.008   0.4468   0.1124   0.0821   0.0495   0.0931   0.1005   0.0521   0.2045   0.2785   0.1545   0.0205    0.083   0.0445   0.0315   0.0816   0.2049   0.0124   0.0379   0.1022   0.2266   0.0401   0.1646   0.1245   0.0458   0.0284   0.0982   0.0843   0.1387   0.0144   0.1746   0.0111   0.0467    0.001   0.0097   0.1233   0.0262   0.1974   0.2124   0.0327   0.0019   0.1224    0.042   0.0126    0.059   0.0802   0.0494   0.0959   0.1028   0.0843   0.0147   0.0579   0.1069   0.0471   0.1501   0.0377   0.0696   0.1048   0.0516   0.0861   0.1513   0.0684   0.0151   0.0085   0.3081    0.063   0.0226   0.0847   0.0155   0.1272   0.1068   0.1038   0.0005   0.0124   0.1801   0.1389   0.0325   0.1295   0.0847    0.067   0.3426   0.1106   0.1118   0.0605   0.0414   0.1628   0.0571    0.145   0.0132   0.1879   0.2056   0.1056   0.1167    0.132   0.2038   0.1108    0.114   0.0133   0.1395   0.3012   0.2033   0.0125    0.055   0.0242   0.1236   0.0078   0.3297   0.0295   0.0244   0.1825   0.0813   0.1385     0.01   0.0274   0.1888    0.018   0.0515   0.0105   0.1098   0.0509   0.0295   0.0369   0.0466   0.0168   0.0174   0.0345   0.1181   0.0602   0.3717   0.0835   0.2874   0.0422   0.1411    0.026   0.4876   0.0165   0.0854   0.0533   0.1343   0.0279   0.1465   0.1482   0.0127
  snr   -13.67
    H     5.07
 exon    False

M: snrse
 freq      0.0   0.0021   0.0042   0.0064   0.0085   0.0106   0.0127   0.0148   0.0169   0.0191   0.0212   0.0233   0.0254   0.0275   0.0297   0.0318   0.0339    0.036   0.0381   0.0403   0.0424   0.0445   0.0466   0.0487   0.0508    0.053   0.0551   0.0572   0.0593   0.0614   0.0636   0.0657   0.0678   0.0699    0.072   0.0742   0.0763   0.0784   0.0805   0.0826   0.0847   0.0869    0.089   0.0911   0.0932   0.0953   0.0975   0.0996   0.1017   0.1038   0.1059   0.1081   0.1102   0.1123   0.1144   0.1165   0.1186   0.1208   0.1229    0.125   0.1271   0.1292   0.1314   0.1335   0.1356   0.1377   0.1398   0.1419   0.1441   0.1462   0.1483   0.1504   0.1525   0.1547   0.1568   0.1589    0.161   0.1631   0.1653   0.1674   0.1695   0.1716   0.1737   0.1758    0.178   0.1801   0.1822   0.1843   0.1864   0.1886   0.1907   0.1928   0.1949    0.197   0.1992   0.2013   0.2034   0.2055   0.2076   0.2097   0.2119    0.214   0.2161   0.2182   0.2203   0.2225   0.2246   0.2267   0.2288   0.2309   0.2331   0.2352   0.2373   0.2394   0.2415   0.2436   0.2458   0.2479     0.25   0.2521   0.2542   0.2564   0.2585   0.2606   0.2627   0.2648   0.2669   0.2691   0.2712   0.2733   0.2754   0.2775   0.2797   0.2818   0.2839    0.286   0.2881   0.2903   0.2924   0.2945   0.2966   0.2987   0.3008    0.303   0.3051   0.3072   0.3093   0.3114   0.3136   0.3157   0.3178   0.3199    0.322   0.3242   0.3263   0.3284   0.3305   0.3326   0.3347   0.3369    0.339   0.3411   0.3432   0.3453   0.3475   0.3496   0.3517   0.3538   0.3559   0.3581   0.3602   0.3623   0.3644   0.3665   0.3686   0.3708   0.3729    0.375   0.3771   0.3792   0.3814   0.3835   0.3856   0.3877   0.3898   0.3919   0.3941   0.3962   0.3983   0.4004   0.4025   0.4047   0.4068   0.4089    0.411   0.4131   0.4153   0.4174   0.4195   0.4216   0.4237   0.4258    0.428   0.4301   0.4322   0.4343   0.4364   0.4386   0.4407   0.4428   0.4449    0.447   0.4492   0.4513   0.4534   0.4555   0.4576   0.4597   0.4619    0.464   0.4661   0.4682   0.4703   0.4725   0.4746   0.4767   0.4788   0.4809   0.4831   0.4852   0.4873   0.4894   0.4915   0.4936   0.4958   0.4979
    S      0.0   0.7091   0.0091      1.0   0.0916   0.0173   0.0783   0.2322   0.0247   0.0184   0.4109    0.036   0.1532   0.0195   0.0752   0.0157   0.0601   0.0231   0.0981   0.1604   0.0831   0.0645   0.0467   0.1259   0.0648   0.0781   0.0372   0.0804   0.1268   0.0752   0.0229   0.1199   0.1917   0.0067   0.0113   0.1437   0.1162    0.131   0.1056   0.1223   0.0957   0.0461   0.0509   0.0379   0.1302   0.0574   0.0361   0.2928   0.0431   0.0113   0.1516     0.03   0.0384   0.0968   0.0258   0.0353   0.0576   0.0424   0.1088   0.1218    0.014   0.0024   0.1549   0.2517    0.046   0.0937   0.0215   0.1454   0.0948   0.1726   0.0077   0.0599   0.0909   0.0087   0.1103   0.2286   0.0274    0.019   0.0676   0.0108   0.1043   0.0192   0.0382   0.0035   0.0467   0.0328   0.0254   0.0786   0.0258   0.0139   0.2239   0.0076   0.0061   0.0066   0.3389   0.0979   0.0711   0.0409   0.1045   0.1363   0.0535   0.1338   0.1492   0.1225    0.027   0.0747   0.0233    0.019   0.0398   0.2093   0.0191   0.0206   0.1054   0.2295   0.0026   0.1724   0.0894   0.0297   0.0157   0.0156   0.0626   0.0952   0.0356   0.1786   0.0094   0.0734   0.0013   0.0072   0.1388   0.0308   0.1593   0.1609    0.033   0.0061   0.0733   0.0101   0.0032   0.0331   0.0343   0.0519   0.0852   0.0975   0.0922   0.0223   0.0541   0.0933   0.0316   0.1583   0.0282   0.0566   0.0951   0.0808   0.0981   0.1058   0.0354   0.0214   0.0056   0.2528   0.0411   0.0117   0.0531   0.0097   0.1386   0.0836   0.0562   0.0031   0.0144   0.1252   0.1381   0.0082   0.0812   0.1035   0.0657   0.3104    0.113   0.0522   0.0323   0.0419   0.1763   0.0636   0.1203   0.0039    0.154   0.1652   0.0812   0.0863   0.1461   0.1289   0.1023    0.108   0.0081   0.1208    0.259   0.1738   0.0153   0.0114   0.0212   0.1421   0.0038   0.3059   0.0202   0.0189   0.1524   0.0691   0.1091    0.011   0.0147   0.1017   0.0226   0.0221   0.0049   0.1113   0.0416   0.0074   0.0179   0.0677   0.0017   0.0129   0.0431   0.1365   0.0334   0.2574   0.0516   0.3621   0.0278   0.1488   0.0354   0.5134   0.0124   0.1031   0.0428    0.132   0.0102   0.1367   0.1192   0.0083
  snr   -12.92
    H     4.97
 exon    False