>data-XVI-cerevisiae-intergenic-126
N: 377
Methods: voss, eiip, qpsk, mem, tbpse, snrse

M: voss
 freq      0.0   0.0027   0.0053    0.008   0.0106   0.0133   0.0159   0.0186   0.0212   0.0239   0.0265   0.0292   0.0318   0.0345   0.0371   0.0398   0.0424   0.0451   0.0477   0.0504   0.0531   0.0557   0.0584    0.061   0.0637   0.0663    0.069   0.0716   0.0743   0.0769   0.0796   0.0822   0.0849   0.0875   0.0902   0.0928   0.0955   0.0981   0.1008   0.1034   0.1061   0.1088   0.1114   0.1141   0.1167   0.1194    0.122   0.1247   0.1273     0.13   0.1326   0.1353   0.1379   0.1406   0.1432   0.1459   0.1485   0.1512   0.1538   0.1565   0.1592   0.1618   0.1645   0.1671   0.1698   0.1724   0.1751   0.1777   0.1804    0.183   0.1857   0.1883    0.191   0.1936   0.1963   0.1989   0.2016   0.2042   0.2069   0.2095   0.2122   0.2149   0.2175   0.2202   0.2228   0.2255   0.2281   0.2308   0.2334   0.2361   0.2387   0.2414    0.244   0.2467   0.2493    0.252   0.2546   0.2573   0.2599   0.2626   0.2653   0.2679   0.2706   0.2732   0.2759   0.2785   0.2812   0.2838   0.2865   0.2891   0.2918   0.2944   0.2971   0.2997   0.3024    0.305   0.3077   0.3103    0.313   0.3156   0.3183    0.321   0.3236   0.3263   0.3289   0.3316   0.3342   0.3369   0.3395   0.3422   0.3448   0.3475   0.3501   0.3528   0.3554   0.3581   0.3607   0.3634    0.366   0.3687   0.3714    0.374   0.3767   0.3793    0.382   0.3846   0.3873   0.3899   0.3926   0.3952   0.3979   0.4005   0.4032   0.4058   0.4085   0.4111   0.4138   0.4164   0.4191   0.4218   0.4244   0.4271   0.4297   0.4324    0.435   0.4377   0.4403    0.443   0.4456   0.4483   0.4509   0.4536   0.4562   0.4589   0.4615   0.4642   0.4668   0.4695   0.4721   0.4748   0.4775   0.4801   0.4828   0.4854   0.4881   0.4907   0.4934    0.496   0.4987
    S      0.0   0.2679      1.0   0.4676   0.7055   0.1621     0.09   0.0952   0.1955   0.2084   0.3593   0.3378   0.1733   0.2377   0.1672   0.1321   0.0686   0.3297   0.0214   0.0619   0.1766   0.2194   0.1715   0.0533   0.0296   0.1294   0.1333   0.2146   0.2326   0.0998   0.3022   0.1679   0.1474   0.1821   0.2812   0.1234   0.1011   0.2686    0.239    0.085   0.2477   0.5905   0.2319   0.0518   0.0996   0.2975   0.3146    0.111    0.058   0.2144   0.2752    0.094   0.0299   0.2194   0.0238   0.0568   0.1166   0.2192   0.0431   0.0991   0.0187   0.0754   0.1548   0.3293   0.1488   0.0702   0.1918   0.1077   0.2329   0.1008   0.1302   0.0546   0.0918   0.1494   0.1047    0.082   0.1676   0.2783   0.1774    0.128   0.2843   0.2367   0.0349    0.097   0.1824   0.1444   0.1756   0.1319   0.2023   0.1815   0.3217   0.1596   0.1733   0.0843   0.0894   0.2776   0.0632   0.1021   0.2032   0.0434   0.0514   0.1173    0.189   0.0696   0.2639   0.1153   0.1821   0.0343   0.0182   0.1767   0.1235   0.1267   0.2212   0.1097   0.1765   0.0736   0.1033   0.2111   0.2027   0.1091   0.0316   0.2572   0.1777   0.0603   0.0392   0.1663   0.4199   0.1637   0.1645   0.2443   0.3374   0.2507   0.0513   0.1404   0.2708   0.2545   0.1645   0.2415    0.067   0.3764   0.1515   0.1079   0.0778   0.2156   0.1543   0.2313   0.1484   0.1982   0.0742   0.0987     0.16   0.1872   0.2701   0.1342   0.6856   0.2847   0.1677   0.1986   0.1276    0.049   0.1173   0.1291   0.1302   0.0958    0.056   0.2274   0.0501   0.0353   0.0373   0.2036   0.0597   0.2551   0.0775   0.1055   0.1951   0.3488   0.1149   0.2362   0.0374    0.128   0.1736    0.168   0.2951   0.1444   0.1754   0.1628   0.0321   0.0498    0.058
  snr   -14.91
    H     5.02
 exon    False

M: eiip
 freq      0.0   0.0027   0.0053    0.008   0.0106   0.0133   0.0159   0.0186   0.0212   0.0239   0.0265   0.0292   0.0318   0.0345   0.0371   0.0398   0.0424   0.0451   0.0477   0.0504   0.0531   0.0557   0.0584    0.061   0.0637   0.0663    0.069   0.0716   0.0743   0.0769   0.0796   0.0822   0.0849   0.0875   0.0902   0.0928   0.0955   0.0981   0.1008   0.1034   0.1061   0.1088   0.1114   0.1141   0.1167   0.1194    0.122   0.1247   0.1273     0.13   0.1326   0.1353   0.1379   0.1406   0.1432   0.1459   0.1485   0.1512   0.1538   0.1565   0.1592   0.1618   0.1645   0.1671   0.1698   0.1724   0.1751   0.1777   0.1804    0.183   0.1857   0.1883    0.191   0.1936   0.1963   0.1989   0.2016   0.2042   0.2069   0.2095   0.2122   0.2149   0.2175   0.2202   0.2228   0.2255   0.2281   0.2308   0.2334   0.2361   0.2387   0.2414    0.244   0.2467   0.2493    0.252   0.2546   0.2573   0.2599   0.2626   0.2653   0.2679   0.2706   0.2732   0.2759   0.2785   0.2812   0.2838   0.2865   0.2891   0.2918   0.2944   0.2971   0.2997   0.3024    0.305   0.3077   0.3103    0.313   0.3156   0.3183    0.321   0.3236   0.3263   0.3289   0.3316   0.3342   0.3369   0.3395   0.3422   0.3448   0.3475   0.3501   0.3528   0.3554   0.3581   0.3607   0.3634    0.366   0.3687   0.3714    0.374   0.3767   0.3793    0.382   0.3846   0.3873   0.3899   0.3926   0.3952   0.3979   0.4005   0.4032   0.4058   0.4085   0.4111   0.4138   0.4164   0.4191   0.4218   0.4244   0.4271   0.4297   0.4324    0.435   0.4377   0.4403    0.443   0.4456   0.4483   0.4509   0.4536   0.4562   0.4589   0.4615   0.4642   0.4668   0.4695   0.4721   0.4748   0.4775   0.4801   0.4828   0.4854   0.4881   0.4907   0.4934    0.496   0.4987
    S      0.0   0.0944      1.0   0.2935   0.9282   0.0094   0.0422   0.0484   0.3436   0.0744   0.3967   0.2552      0.2   0.0424    0.043   0.0096   0.0401   0.0544   0.0575   0.0611   0.0538   0.0565   0.0294   0.0797   0.0327   0.0583   0.4601   0.3421   0.2539   0.0907   0.2918   0.2337   0.3187   0.2951    0.081   0.0848   0.0219   0.4794   0.1991   0.0911   0.2955   0.4198   0.1006   0.1039   0.3068   0.2442   0.1491   0.1632   0.0768   0.0621   0.2787   0.1924    0.073   0.3315   0.0366   0.0113    0.106   0.6514   0.0352   0.2519   0.0036   0.0656   0.0237   0.4332   0.0333   0.1316   0.5464   0.0338    0.175   0.0184   0.2171   0.0329   0.0855   0.4308   0.1981   0.0092   0.3233   0.1664   0.2179   0.2286   0.4221   0.6253   0.0036   0.1063   0.1988   0.4644   0.1049   0.0971   0.0313   0.1793   0.5361    0.362   0.2907   0.0628   0.0518   0.4263   0.1809   0.1084    0.296   0.0005    0.038   0.0496   0.3564     0.22   0.1654   0.0034   0.2319    0.015   0.0106   0.2764   0.4009   0.0324   0.1624   0.1161   0.3683   0.0003   0.0268   0.0025   0.0682   0.1609    0.061   0.5868   0.3639   0.0153   0.1226   0.1496   0.1539   0.3843   0.0004   0.3288   0.7928   0.0819   0.0703   0.0148   0.2133    0.144   0.2139   0.1488   0.0375   0.2461   0.0386   0.2437   0.0229   0.0425   0.1496   0.2659   0.2654   0.0249   0.1841    0.034   0.0309   0.0266    0.153   0.2212   0.9965   0.1382   0.0618   0.0279   0.3405   0.0691   0.2482   0.0707   0.2602   0.2734   0.1222   0.2617   0.0547   0.0644   0.0665   0.1849   0.1072   0.1677   0.2377   0.0173   0.3957   0.4943   0.1362   0.1393   0.0239    0.023   0.0381   0.2064   0.0647   0.0053   0.0033   0.1533   0.0045   0.0114   0.1228
  snr   -15.12
    H     4.79
 exon    False

M: qpsk
 freq      0.0   0.0027   0.0053    0.008   0.0106   0.0133   0.0159   0.0186   0.0212   0.0239   0.0265   0.0292   0.0318   0.0345   0.0371   0.0398   0.0424   0.0451   0.0477   0.0504   0.0531   0.0557   0.0584    0.061   0.0637   0.0663    0.069   0.0716   0.0743   0.0769   0.0796   0.0822   0.0849   0.0875   0.0902   0.0928   0.0955   0.0981   0.1008   0.1034   0.1061   0.1088   0.1114   0.1141   0.1167   0.1194    0.122   0.1247   0.1273     0.13   0.1326   0.1353   0.1379   0.1406   0.1432   0.1459   0.1485   0.1512   0.1538   0.1565   0.1592   0.1618   0.1645   0.1671   0.1698   0.1724   0.1751   0.1777   0.1804    0.183   0.1857   0.1883    0.191   0.1936   0.1963   0.1989   0.2016   0.2042   0.2069   0.2095   0.2122   0.2149   0.2175   0.2202   0.2228   0.2255   0.2281   0.2308   0.2334   0.2361   0.2387   0.2414    0.244   0.2467   0.2493    0.252   0.2546   0.2573   0.2599   0.2626   0.2653   0.2679   0.2706   0.2732   0.2759   0.2785   0.2812   0.2838   0.2865   0.2891   0.2918   0.2944   0.2971   0.2997   0.3024    0.305   0.3077   0.3103    0.313   0.3156   0.3183    0.321   0.3236   0.3263   0.3289   0.3316   0.3342   0.3369   0.3395   0.3422   0.3448   0.3475   0.3501   0.3528   0.3554   0.3581   0.3607   0.3634    0.366   0.3687   0.3714    0.374   0.3767   0.3793    0.382   0.3846   0.3873   0.3899   0.3926   0.3952   0.3979   0.4005   0.4032   0.4058   0.4085   0.4111   0.4138   0.4164   0.4191   0.4218   0.4244   0.4271   0.4297   0.4324    0.435   0.4377   0.4403    0.443   0.4456   0.4483   0.4509   0.4536   0.4562   0.4589   0.4615   0.4642   0.4668   0.4695   0.4721   0.4748   0.4775   0.4801   0.4828   0.4854   0.4881   0.4907   0.4934    0.496   0.4987
    S      0.0   0.2332      1.0   0.4064   0.7607    0.132   0.1018   0.0804   0.2418   0.0613   0.3504   0.3082   0.1776   0.0795   0.1556   0.1387   0.0692   0.2573    0.015   0.0431    0.211   0.1514   0.1536    0.053   0.0036   0.0895   0.1342   0.2646   0.2192    0.081   0.3272   0.1032   0.0579   0.2091   0.0909    0.102   0.0539   0.2594   0.1266    0.091   0.2341   0.1405    0.082   0.0478   0.1055   0.1143   0.3012   0.1184   0.0654   0.2602   0.2882    0.102   0.0216   0.2435   0.0147   0.0385   0.1104   0.2479   0.0267   0.0791    0.021   0.0666   0.1295    0.404   0.1328   0.0761   0.1502   0.0595   0.1542   0.0878   0.1186   0.0514   0.0312    0.166   0.1268    0.025   0.1604   0.1407   0.2025   0.1254   0.1816   0.2925   0.0152   0.0673   0.1619   0.0978   0.1093   0.1102   0.1963   0.1538   0.2728   0.1823   0.1657   0.0418   0.0226   0.2559   0.0517   0.1081   0.2398   0.0193   0.0176   0.1188    0.189   0.0605   0.3082   0.1359   0.1489   0.0363   0.0145   0.2103   0.1295   0.1111   0.1734   0.0172   0.1029   0.0491   0.1141   0.2063   0.2068   0.0338   0.0284   0.2422   0.1777   0.0429   0.0381   0.0227   0.2492   0.0605   0.1001   0.2855   0.3804   0.1772    0.057   0.0759   0.1461   0.2067   0.0702   0.1563   0.0432   0.2269   0.1098   0.1269   0.0449   0.0598   0.1618   0.2402   0.1543   0.1055   0.0803   0.0768   0.1533   0.1947   0.0337    0.152    0.771   0.2948   0.1875    0.176   0.0985   0.0387   0.0761    0.103   0.1504   0.0571   0.0684    0.194   0.0228   0.0408   0.0237   0.0516   0.0377    0.101   0.0633   0.0769   0.2413   0.0282   0.1424   0.2126   0.0368   0.0858   0.0601   0.1516    0.041    0.137   0.0572   0.1526   0.0235   0.0591   0.0565
  snr   -14.01
    H     4.93
 exon    False

M: mem
 freq      0.0   0.0027   0.0053    0.008   0.0106   0.0133    0.016   0.0186   0.0213   0.0239   0.0266   0.0293   0.0319   0.0346   0.0372   0.0399   0.0426   0.0452   0.0479   0.0505   0.0532   0.0559   0.0585   0.0612   0.0638   0.0665   0.0691   0.0718   0.0745   0.0771   0.0798   0.0824   0.0851   0.0878   0.0904   0.0931   0.0957   0.0984   0.1011   0.1037   0.1064    0.109   0.1117   0.1144    0.117   0.1197   0.1223    0.125   0.1277   0.1303    0.133   0.1356   0.1383    0.141   0.1436   0.1463   0.1489   0.1516   0.1543   0.1569   0.1596   0.1622   0.1649   0.1676   0.1702   0.1729   0.1755   0.1782   0.1809   0.1835   0.1862   0.1888   0.1915   0.1941   0.1968   0.1995   0.2021   0.2048   0.2074   0.2101   0.2128   0.2154   0.2181   0.2207   0.2234   0.2261   0.2287   0.2314    0.234   0.2367   0.2394    0.242   0.2447   0.2473     0.25   0.2527   0.2553    0.258   0.2606   0.2633    0.266   0.2686   0.2713   0.2739   0.2766   0.2793   0.2819   0.2846   0.2872   0.2899   0.2926   0.2952   0.2979   0.3005   0.3032   0.3059   0.3085   0.3112   0.3138   0.3165   0.3191   0.3218   0.3245   0.3271   0.3298   0.3324   0.3351   0.3378   0.3404   0.3431   0.3457   0.3484   0.3511   0.3537   0.3564    0.359   0.3617   0.3644    0.367   0.3697   0.3723    0.375   0.3777   0.3803    0.383   0.3856   0.3883    0.391   0.3936   0.3963   0.3989   0.4016   0.4043   0.4069   0.4096   0.4122   0.4149   0.4176   0.4202   0.4229   0.4255   0.4282   0.4309   0.4335   0.4362   0.4388   0.4415   0.4441   0.4468   0.4495   0.4521   0.4548   0.4574   0.4601   0.4628   0.4654   0.4681   0.4707   0.4734   0.4761   0.4787   0.4814    0.484   0.4867   0.4894    0.492   0.4947   0.4973
    S      0.0   0.0197      1.0   0.3227   0.7862   0.0256   0.0094   0.0671   0.1734   0.0196   0.1376   0.2584   0.1752   0.0221   0.0225   0.0246   0.0162   0.0933   0.0212   0.0224   0.0318   0.1279   0.0707   0.0143   0.0034   0.0073   0.1578   0.2436   0.2002   0.1037   0.1689   0.0429   0.0963   0.1443   0.0851   0.0637   0.0296    0.184   0.1261   0.0706   0.0803   0.0118   0.0706   0.0259   0.1151   0.0135   0.1228   0.0719    0.043   0.0384   0.1799   0.0751   0.0475   0.1328   0.0029   0.0113   0.1573   0.2594   0.0116   0.0785   0.0111   0.0949   0.1106   0.1579   0.0369   0.0427   0.1447   0.0576   0.0341   0.0241   0.1087   0.0411   0.0418   0.2106   0.1042    0.015   0.2276   0.0337    0.096   0.0605    0.269   0.3085   0.0261   0.0014   0.0957     0.16   0.0292   0.0652   0.0194   0.0251   0.1894   0.2494   0.0411   0.0045   0.0569   0.0667   0.0813   0.1441   0.1363   0.0049   0.0635   0.0699   0.0599    0.057   0.1586   0.0394   0.0831   0.0319   0.0117   0.0558   0.2295   0.0003   0.1418   0.0151   0.0608   0.0353   0.0313    0.028   0.0917    0.016   0.1087   0.1563   0.1632   0.0607   0.0111   0.0319   0.0506   0.0439   0.0229   0.0174   0.2922   0.1319   0.0995   0.0063   0.0626   0.1321   0.1269    0.018   0.0604   0.2945    0.026   0.0451   0.0526   0.0906   0.0859   0.2883   0.0382   0.0009   0.1822    0.059   0.0133   0.0319   0.0425   0.4339   0.0789   0.0392   0.0016   0.0168   0.0806   0.0569   0.2645    0.194   0.0212   0.0649   0.0073   0.0697   0.0442   0.0306   0.0028   0.1077   0.0016   0.2004   0.0049   0.0196   0.2101   0.1092   0.1223   0.0696   0.0154   0.0234   0.0836   0.0707   0.0321   0.0665   0.0183   0.0262   0.0051   0.0416
  snr   -12.08
    H     4.72
 exon    False

M: tbpse
 freq      0.0   0.0027   0.0053    0.008   0.0106   0.0133   0.0159   0.0186   0.0212   0.0239   0.0265   0.0292   0.0318   0.0345   0.0371   0.0398   0.0424   0.0451   0.0477   0.0504   0.0531   0.0557   0.0584    0.061   0.0637   0.0663    0.069   0.0716   0.0743   0.0769   0.0796   0.0822   0.0849   0.0875   0.0902   0.0928   0.0955   0.0981   0.1008   0.1034   0.1061   0.1088   0.1114   0.1141   0.1167   0.1194    0.122   0.1247   0.1273     0.13   0.1326   0.1353   0.1379   0.1406   0.1432   0.1459   0.1485   0.1512   0.1538   0.1565   0.1592   0.1618   0.1645   0.1671   0.1698   0.1724   0.1751   0.1777   0.1804    0.183   0.1857   0.1883    0.191   0.1936   0.1963   0.1989   0.2016   0.2042   0.2069   0.2095   0.2122   0.2149   0.2175   0.2202   0.2228   0.2255   0.2281   0.2308   0.2334   0.2361   0.2387   0.2414    0.244   0.2467   0.2493    0.252   0.2546   0.2573   0.2599   0.2626   0.2653   0.2679   0.2706   0.2732   0.2759   0.2785   0.2812   0.2838   0.2865   0.2891   0.2918   0.2944   0.2971   0.2997   0.3024    0.305   0.3077   0.3103    0.313   0.3156   0.3183    0.321   0.3236   0.3263   0.3289   0.3316   0.3342   0.3369   0.3395   0.3422   0.3448   0.3475   0.3501   0.3528   0.3554   0.3581   0.3607   0.3634    0.366   0.3687   0.3714    0.374   0.3767   0.3793    0.382   0.3846   0.3873   0.3899   0.3926   0.3952   0.3979   0.4005   0.4032   0.4058   0.4085   0.4111   0.4138   0.4164   0.4191   0.4218   0.4244   0.4271   0.4297   0.4324    0.435   0.4377   0.4403    0.443   0.4456   0.4483   0.4509   0.4536   0.4562   0.4589   0.4615   0.4642   0.4668   0.4695   0.4721   0.4748   0.4775   0.4801   0.4828   0.4854   0.4881   0.4907   0.4934    0.496   0.4987
    S      0.0   0.2417   0.3668   0.4206   0.1704   0.0909    0.045    0.077   0.0113   0.2982   0.1396   0.2011   0.0557   0.3514   0.0736   0.0607   0.0297   0.3124   0.0222   0.0545    0.034   0.2433   0.0673    0.035   0.0518   0.1284   0.0555   0.0401   0.1052   0.0816   0.0599   0.2042    0.249   0.0652    0.425    0.102   0.1221   0.0992   0.2701   0.0499   0.1068      1.0   0.3727   0.0343   0.0413   0.3561   0.1149   0.0305   0.0155   0.0717   0.1067   0.0476   0.0292   0.0975   0.0232    0.062   0.0569   0.0529   0.0445   0.0643   0.0047   0.0365   0.1035   0.0819   0.1085   0.0369    0.155   0.1261   0.1945   0.0527   0.0791   0.0309   0.1533   0.0351    0.012   0.1258   0.0687   0.2862   0.0701   0.0641   0.3231   0.0084   0.0619   0.0764   0.0952   0.1602    0.227   0.0772   0.1291   0.1813   0.1723   0.0463   0.1307   0.0876   0.1433   0.1333   0.0471   0.0217   0.0357   0.0499   0.0771   0.0813   0.0672   0.0416   0.0145   0.0575   0.1494   0.0263   0.0162   0.0526   0.0481    0.082   0.1594   0.2149   0.2502   0.0923   0.0346   0.1515   0.1604   0.1701   0.0215   0.1187    0.124   0.0839   0.0192   0.3459   0.3828   0.2383   0.1856   0.0938   0.1241   0.2479    0.012   0.1324   0.3968   0.1413    0.189   0.2357   0.0625    0.424   0.1677   0.0118    0.094   0.3506   0.0417   0.0602   0.0573    0.194   0.0213   0.0813   0.1286   0.0498   0.5912   0.0417   0.0963   0.0805   0.0741   0.1985   0.1026   0.0345   0.1091   0.1078   0.0278   0.1216   0.0016   0.1815    0.069   0.0107   0.0483    0.367   0.0795   0.3851   0.0538   0.0798   0.0139   0.6975   0.0182   0.1175   0.0167   0.0987   0.2645    0.105     0.54   0.1432   0.2526   0.1544    0.027   0.0099   0.0232
  snr   -13.69
    H     4.84
 exon    False

M: snrse
 freq      0.0   0.0027   0.0053    0.008   0.0106   0.0133   0.0159   0.0186   0.0212   0.0239   0.0265   0.0292   0.0318   0.0345   0.0371   0.0398   0.0424   0.0451   0.0477   0.0504   0.0531   0.0557   0.0584    0.061   0.0637   0.0663    0.069   0.0716   0.0743   0.0769   0.0796   0.0822   0.0849   0.0875   0.0902   0.0928   0.0955   0.0981   0.1008   0.1034   0.1061   0.1088   0.1114   0.1141   0.1167   0.1194    0.122   0.1247   0.1273     0.13   0.1326   0.1353   0.1379   0.1406   0.1432   0.1459   0.1485   0.1512   0.1538   0.1565   0.1592   0.1618   0.1645   0.1671   0.1698   0.1724   0.1751   0.1777   0.1804    0.183   0.1857   0.1883    0.191   0.1936   0.1963   0.1989   0.2016   0.2042   0.2069   0.2095   0.2122   0.2149   0.2175   0.2202   0.2228   0.2255   0.2281   0.2308   0.2334   0.2361   0.2387   0.2414    0.244   0.2467   0.2493    0.252   0.2546   0.2573   0.2599   0.2626   0.2653   0.2679   0.2706   0.2732   0.2759   0.2785   0.2812   0.2838   0.2865   0.2891   0.2918   0.2944   0.2971   0.2997   0.3024    0.305   0.3077   0.3103    0.313   0.3156   0.3183    0.321   0.3236   0.3263   0.3289   0.3316   0.3342   0.3369   0.3395   0.3422   0.3448   0.3475   0.3501   0.3528   0.3554   0.3581   0.3607   0.3634    0.366   0.3687   0.3714    0.374   0.3767   0.3793    0.382   0.3846   0.3873   0.3899   0.3926   0.3952   0.3979   0.4005   0.4032   0.4058   0.4085   0.4111   0.4138   0.4164   0.4191   0.4218   0.4244   0.4271   0.4297   0.4324    0.435   0.4377   0.4403    0.443   0.4456   0.4483   0.4509   0.4536   0.4562   0.4589   0.4615   0.4642   0.4668   0.4695   0.4721   0.4748   0.4775   0.4801   0.4828   0.4854   0.4881   0.4907   0.4934    0.496   0.4987
    S      0.0   0.0541      1.0   0.2951    0.689   0.0896   0.0023   0.0788    0.129   0.1007   0.0101   0.2532   0.1722   0.1025   0.0407   0.0426   0.0089   0.1187   0.0069   0.0191   0.0019   0.1676   0.1166   0.0135   0.0051   0.0446   0.0517   0.1061   0.1443   0.0741   0.2224   0.0325   0.0135   0.1053   0.1717   0.0418   0.0513    0.148   0.1539   0.0241   0.0663   0.1109   0.0892   0.0327   0.0454   0.0516   0.1735    0.007   0.0396   0.0042   0.1937   0.0339   0.0102   0.0353   0.0023   0.0188   0.1055   0.1351   0.0118    0.011   0.0071   0.0596   0.0436   0.1339   0.0808   0.0204    0.026   0.0672    0.032    0.069   0.0884   0.0293   0.0385   0.0551    0.044   0.0516   0.0157   0.1173   0.1121   0.0111    0.083   0.1864   0.0092   0.0154   0.1477    0.026   0.0554   0.0125   0.0743   0.0032   0.0502   0.0648   0.0485   0.0309   0.0383   0.0168   0.0147   0.0978   0.1168   0.0268   0.0259   0.0458   0.1335   0.0187   0.1723   0.0021    0.031    0.001   0.0149   0.0804   0.0516   0.0873   0.1878   0.0263   0.0084    0.027   0.0303   0.0377   0.0571   0.0349   0.0157   0.1564   0.0434   0.0125   0.0121    0.023   0.1121   0.0242   0.0758   0.0608   0.1578   0.2178   0.0175   0.0724    0.059    0.191   0.0127   0.0237   0.0221    0.178   0.0561   0.0921   0.0515   0.1279   0.1456    0.222   0.0294   0.0933   0.0358   0.0829   0.0463   0.0338   0.0529   0.0815   0.3932   0.0579   0.0048   0.0349    0.017   0.0069   0.0464   0.1148   0.0415   0.0126   0.0507   0.0833   0.0089   0.0206   0.0112   0.0607   0.0148   0.1369   0.0169   0.0787   0.1278   0.0505   0.0363   0.2253   0.0127    0.077   0.0619    0.142   0.1373   0.0191   0.1155   0.0227   0.0104   0.0148   0.0054
  snr   -11.23
    H     4.71
 exon    False