>data-XIV-cerevisiae-intergenic-93
N: 558
Methods: voss, eiip, qpsk, mem, alg1, alg2

M: voss
 freq      0.0   0.0018   0.0036   0.0054   0.0072    0.009   0.0108   0.0125   0.0143   0.0161   0.0179   0.0197   0.0215   0.0233   0.0251   0.0269   0.0287   0.0305   0.0323   0.0341   0.0358   0.0376   0.0394   0.0412    0.043   0.0448   0.0466   0.0484   0.0502    0.052   0.0538   0.0556   0.0573   0.0591   0.0609   0.0627   0.0645   0.0663   0.0681   0.0699   0.0717   0.0735   0.0753   0.0771   0.0789   0.0806   0.0824   0.0842    0.086   0.0878   0.0896   0.0914   0.0932    0.095   0.0968   0.0986   0.1004   0.1022   0.1039   0.1057   0.1075   0.1093   0.1111   0.1129   0.1147   0.1165   0.1183   0.1201   0.1219   0.1237   0.1254   0.1272    0.129   0.1308   0.1326   0.1344   0.1362    0.138   0.1398   0.1416   0.1434   0.1452    0.147   0.1487   0.1505   0.1523   0.1541   0.1559   0.1577   0.1595   0.1613   0.1631   0.1649   0.1667   0.1685   0.1703    0.172   0.1738   0.1756   0.1774   0.1792    0.181   0.1828   0.1846   0.1864   0.1882     0.19   0.1918   0.1935   0.1953   0.1971   0.1989   0.2007   0.2025   0.2043   0.2061   0.2079   0.2097   0.2115   0.2133   0.2151   0.2168   0.2186   0.2204   0.2222    0.224   0.2258   0.2276   0.2294   0.2312    0.233   0.2348   0.2366   0.2384   0.2401   0.2419   0.2437   0.2455   0.2473   0.2491   0.2509   0.2527   0.2545   0.2563   0.2581   0.2599   0.2616   0.2634   0.2652    0.267   0.2688   0.2706   0.2724   0.2742    0.276   0.2778   0.2796   0.2814   0.2832   0.2849   0.2867   0.2885   0.2903   0.2921   0.2939   0.2957   0.2975   0.2993   0.3011   0.3029   0.3047   0.3065   0.3082     0.31   0.3118   0.3136   0.3154   0.3172    0.319   0.3208   0.3226   0.3244   0.3262    0.328   0.3297   0.3315   0.3333   0.3351   0.3369   0.3387   0.3405   0.3423   0.3441   0.3459   0.3477   0.3495   0.3513    0.353   0.3548   0.3566   0.3584   0.3602    0.362   0.3638   0.3656   0.3674   0.3692    0.371   0.3728   0.3746   0.3763   0.3781   0.3799   0.3817   0.3835   0.3853   0.3871   0.3889   0.3907   0.3925   0.3943   0.3961   0.3978   0.3996   0.4014   0.4032    0.405   0.4068   0.4086   0.4104   0.4122    0.414   0.4158   0.4176   0.4194   0.4211   0.4229   0.4247   0.4265   0.4283   0.4301   0.4319   0.4337   0.4355   0.4373   0.4391   0.4409   0.4427   0.4444   0.4462    0.448   0.4498   0.4516   0.4534   0.4552    0.457   0.4588   0.4606   0.4624   0.4642   0.4659   0.4677   0.4695   0.4713   0.4731   0.4749   0.4767   0.4785   0.4803   0.4821   0.4839   0.4857   0.4875   0.4892    0.491   0.4928   0.4946   0.4964   0.4982
    S      0.0   0.5505   0.4783   0.1069      1.0   0.2905   0.3745   0.0983   0.1103   0.1651    0.486   0.0615   0.0863   0.1073    0.086   0.0777   0.0377   0.0996   0.0963   0.0543   0.0556   0.2096   0.2639   0.0598   0.0895   0.1107   0.1695   0.0826   0.1011   0.2334   0.1474    0.156   0.1018   0.0527   0.1001   0.0754   0.1912   0.3741   0.0966    0.059   0.0769   0.0704   0.1925   0.0231   0.0678   0.0942   0.1023   0.0641   0.1576   0.1354    0.078   0.2331   0.0694   0.0928   0.2063    0.269   0.1293   0.2506    0.133   0.0741   0.2036   0.1342   0.0705   0.1241   0.2197   0.0804   0.0375   0.1375   0.2774   0.0286   0.1025   0.2107   0.0975   0.1778   0.0699   0.0368   0.0999   0.1663    0.049   0.1414    0.135   0.1068   0.0221   0.0335   0.1304   0.0688   0.0451   0.0487   0.1066    0.183    0.055   0.1808    0.048   0.0948   0.0522   0.1523   0.2294    0.034   0.0692      0.1   0.0191   0.1483    0.047   0.1442   0.0789   0.1357    0.258   0.0684   0.0286   0.1805   0.0469   0.1544   0.2147   0.0361   0.0253   0.1579   0.0502   0.1114   0.0563   0.0462   0.1001   0.0852   0.1017   0.1882   0.0896   0.0922   0.0606   0.0707    0.081   0.0365   0.0848   0.0785   0.0228   0.1092   0.0644   0.1016    0.076   0.0591   0.2289   0.0683   0.1028   0.0596   0.0707    0.063   0.0316   0.1198   0.0685   0.0964   0.0463   0.0754   0.1301   0.0773   0.1995   0.1167   0.0941   0.0983   0.1201      0.1   0.0355   0.0889    0.105   0.0426    0.048   0.0869   0.0445    0.134   0.1168   0.2191   0.0275   0.1921   0.1195   0.1175   0.0745   0.1697   0.0949    0.145   0.1944   0.0898   0.0804   0.0215   0.0997   0.2481   0.0763   0.0502   0.1381   0.0272    0.054   0.2636   0.0705   0.1556   0.1175   0.1253   0.1382   0.0615   0.0626   0.0428   0.1251   0.1636    0.125   0.0298   0.1743   0.1395   0.0545    0.117    0.111   0.0453   0.0582   0.0829   0.1652   0.0973   0.1041   0.0742   0.0857   0.1397   0.1287   0.1508   0.0602   0.1031   0.1771   0.0287   0.0781   0.1284   0.1319   0.0484   0.1396   0.0712   0.1824   0.1235   0.0552   0.0834   0.0941   0.1255   0.0498   0.1035    0.111   0.1317   0.0631   0.1837   0.3784   0.0331    0.097   0.1123   0.0867    0.088   0.0931   0.0447   0.1262   0.1395   0.0717   0.1483   0.1045    0.071   0.1844    0.046   0.1864   0.0634   0.0805   0.0719   0.0328   0.1081   0.0555   0.1527   0.0663   0.0275   0.1291   0.1585   0.1353   0.1734   0.0665   0.1888   0.1784   0.2064   0.0327   0.1438   0.1291   0.2203   0.0523   0.1478      0.1
  snr    -15.0
    H     5.41
 exon    False

M: eiip
 freq      0.0   0.0018   0.0036   0.0054   0.0072    0.009   0.0108   0.0125   0.0143   0.0161   0.0179   0.0197   0.0215   0.0233   0.0251   0.0269   0.0287   0.0305   0.0323   0.0341   0.0358   0.0376   0.0394   0.0412    0.043   0.0448   0.0466   0.0484   0.0502    0.052   0.0538   0.0556   0.0573   0.0591   0.0609   0.0627   0.0645   0.0663   0.0681   0.0699   0.0717   0.0735   0.0753   0.0771   0.0789   0.0806   0.0824   0.0842    0.086   0.0878   0.0896   0.0914   0.0932    0.095   0.0968   0.0986   0.1004   0.1022   0.1039   0.1057   0.1075   0.1093   0.1111   0.1129   0.1147   0.1165   0.1183   0.1201   0.1219   0.1237   0.1254   0.1272    0.129   0.1308   0.1326   0.1344   0.1362    0.138   0.1398   0.1416   0.1434   0.1452    0.147   0.1487   0.1505   0.1523   0.1541   0.1559   0.1577   0.1595   0.1613   0.1631   0.1649   0.1667   0.1685   0.1703    0.172   0.1738   0.1756   0.1774   0.1792    0.181   0.1828   0.1846   0.1864   0.1882     0.19   0.1918   0.1935   0.1953   0.1971   0.1989   0.2007   0.2025   0.2043   0.2061   0.2079   0.2097   0.2115   0.2133   0.2151   0.2168   0.2186   0.2204   0.2222    0.224   0.2258   0.2276   0.2294   0.2312    0.233   0.2348   0.2366   0.2384   0.2401   0.2419   0.2437   0.2455   0.2473   0.2491   0.2509   0.2527   0.2545   0.2563   0.2581   0.2599   0.2616   0.2634   0.2652    0.267   0.2688   0.2706   0.2724   0.2742    0.276   0.2778   0.2796   0.2814   0.2832   0.2849   0.2867   0.2885   0.2903   0.2921   0.2939   0.2957   0.2975   0.2993   0.3011   0.3029   0.3047   0.3065   0.3082     0.31   0.3118   0.3136   0.3154   0.3172    0.319   0.3208   0.3226   0.3244   0.3262    0.328   0.3297   0.3315   0.3333   0.3351   0.3369   0.3387   0.3405   0.3423   0.3441   0.3459   0.3477   0.3495   0.3513    0.353   0.3548   0.3566   0.3584   0.3602    0.362   0.3638   0.3656   0.3674   0.3692    0.371   0.3728   0.3746   0.3763   0.3781   0.3799   0.3817   0.3835   0.3853   0.3871   0.3889   0.3907   0.3925   0.3943   0.3961   0.3978   0.3996   0.4014   0.4032    0.405   0.4068   0.4086   0.4104   0.4122    0.414   0.4158   0.4176   0.4194   0.4211   0.4229   0.4247   0.4265   0.4283   0.4301   0.4319   0.4337   0.4355   0.4373   0.4391   0.4409   0.4427   0.4444   0.4462    0.448   0.4498   0.4516   0.4534   0.4552    0.457   0.4588   0.4606   0.4624   0.4642   0.4659   0.4677   0.4695   0.4713   0.4731   0.4749   0.4767   0.4785   0.4803   0.4821   0.4839   0.4857   0.4875   0.4892    0.491   0.4928   0.4946   0.4964   0.4982
    S      0.0   0.7297      1.0     0.04   0.8977   0.2534   0.1748   0.0157   0.0163   0.0986   0.1279   0.1201   0.0884   0.0995   0.0728   0.0957   0.0237   0.0614   0.0617   0.0199   0.0207   0.2329   0.3076   0.0537   0.0294    0.122   0.0142   0.0499   0.1151   0.0385   0.1356   0.1232   0.0548    0.045   0.0261   0.0973   0.2335   0.2891   0.0226   0.0712   0.1142   0.0245   0.1116   0.0178   0.0488   0.1297   0.0284   0.0199   0.2791   0.2031   0.0183   0.0822   0.0206   0.0445   0.1026   0.0505   0.0323   0.2417   0.0148   0.0859   0.0077   0.0298   0.0515   0.1987   0.0055    0.019   0.0082   0.0933   0.2422     0.03   0.1717   0.4222   0.0827   0.2323   0.0321   0.0065   0.0277   0.2563   0.0075   0.0644   0.1595   0.0213   0.0357   0.0022   0.0516   0.0577   0.0295   0.0055   0.1002   0.0046   0.0253   0.0675   0.0158   0.0287   0.0003   0.0379   0.0789   0.0523   0.0066   0.1807   0.0239   0.1636   0.0312   0.1222   0.0583   0.0493   0.0127   0.1165   0.0172   0.0293   0.0291    0.025    0.052   0.0128     0.04   0.2594   0.0325   0.0563   0.0229   0.0428   0.0747   0.0135    0.005   0.0823   0.0058   0.0748   0.0977    0.041   0.0337   0.0264   0.0076   0.0275    0.019   0.1431   0.0347    0.199   0.1414    0.088   0.0752   0.1203   0.0043   0.0975   0.0123   0.0256    0.005   0.0428    0.008   0.1038   0.0748    0.026   0.2436   0.0509   0.0028   0.0127   0.0786    0.005   0.1001   0.0669   0.0502   0.0613   0.0276   0.0012   0.0314   0.0948    0.042    0.003   0.0352   0.3044   0.0225   0.2626   0.1535   0.2204   0.1074   0.1405   0.0062   0.0258    0.103    0.047   0.0437   0.0357   0.1152   0.2112   0.1443   0.0248   0.1234   0.0129    0.024   0.1233   0.0574   0.1908    0.015   0.0518    0.258   0.0373   0.0383   0.0496   0.0636   0.0518   0.0766   0.0176   0.2257   0.0022   0.0107   0.0638   0.1066   0.0444   0.0057   0.0604   0.0121   0.1529   0.0713   0.0482   0.0839   0.0228   0.1535   0.0701   0.0234   0.0248   0.1447   0.0271   0.0977   0.0796   0.1827   0.0043    0.131   0.0552   0.1214    0.043   0.0579   0.0367   0.0527   0.0719   0.0116   0.0186   0.0681    0.192   0.0687   0.0175   0.5017   0.0385   0.0873   0.1415   0.0311   0.0134   0.0872    0.066    0.092   0.0407   0.0205   0.1746   0.1973   0.0124    0.028   0.0243   0.0432   0.0302   0.0541   0.0267   0.0224   0.0098   0.0319   0.0161   0.0107   0.0066   0.0756   0.0431   0.0186   0.1126   0.0535   0.1296   0.0224   0.1407   0.0282   0.2314   0.0983   0.1731   0.0192   0.1856   0.0818
  snr   -13.53
    H     5.09
 exon    False

M: qpsk
 freq      0.0   0.0018   0.0036   0.0054   0.0072    0.009   0.0108   0.0125   0.0143   0.0161   0.0179   0.0197   0.0215   0.0233   0.0251   0.0269   0.0287   0.0305   0.0323   0.0341   0.0358   0.0376   0.0394   0.0412    0.043   0.0448   0.0466   0.0484   0.0502    0.052   0.0538   0.0556   0.0573   0.0591   0.0609   0.0627   0.0645   0.0663   0.0681   0.0699   0.0717   0.0735   0.0753   0.0771   0.0789   0.0806   0.0824   0.0842    0.086   0.0878   0.0896   0.0914   0.0932    0.095   0.0968   0.0986   0.1004   0.1022   0.1039   0.1057   0.1075   0.1093   0.1111   0.1129   0.1147   0.1165   0.1183   0.1201   0.1219   0.1237   0.1254   0.1272    0.129   0.1308   0.1326   0.1344   0.1362    0.138   0.1398   0.1416   0.1434   0.1452    0.147   0.1487   0.1505   0.1523   0.1541   0.1559   0.1577   0.1595   0.1613   0.1631   0.1649   0.1667   0.1685   0.1703    0.172   0.1738   0.1756   0.1774   0.1792    0.181   0.1828   0.1846   0.1864   0.1882     0.19   0.1918   0.1935   0.1953   0.1971   0.1989   0.2007   0.2025   0.2043   0.2061   0.2079   0.2097   0.2115   0.2133   0.2151   0.2168   0.2186   0.2204   0.2222    0.224   0.2258   0.2276   0.2294   0.2312    0.233   0.2348   0.2366   0.2384   0.2401   0.2419   0.2437   0.2455   0.2473   0.2491   0.2509   0.2527   0.2545   0.2563   0.2581   0.2599   0.2616   0.2634   0.2652    0.267   0.2688   0.2706   0.2724   0.2742    0.276   0.2778   0.2796   0.2814   0.2832   0.2849   0.2867   0.2885   0.2903   0.2921   0.2939   0.2957   0.2975   0.2993   0.3011   0.3029   0.3047   0.3065   0.3082     0.31   0.3118   0.3136   0.3154   0.3172    0.319   0.3208   0.3226   0.3244   0.3262    0.328   0.3297   0.3315   0.3333   0.3351   0.3369   0.3387   0.3405   0.3423   0.3441   0.3459   0.3477   0.3495   0.3513    0.353   0.3548   0.3566   0.3584   0.3602    0.362   0.3638   0.3656   0.3674   0.3692    0.371   0.3728   0.3746   0.3763   0.3781   0.3799   0.3817   0.3835   0.3853   0.3871   0.3889   0.3907   0.3925   0.3943   0.3961   0.3978   0.3996   0.4014   0.4032    0.405   0.4068   0.4086   0.4104   0.4122    0.414   0.4158   0.4176   0.4194   0.4211   0.4229   0.4247   0.4265   0.4283   0.4301   0.4319   0.4337   0.4355   0.4373   0.4391   0.4409   0.4427   0.4444   0.4462    0.448   0.4498   0.4516   0.4534   0.4552    0.457   0.4588   0.4606   0.4624   0.4642   0.4659   0.4677   0.4695   0.4713   0.4731   0.4749   0.4767   0.4785   0.4803   0.4821   0.4839   0.4857   0.4875   0.4892    0.491   0.4928   0.4946   0.4964   0.4982
    S      0.0   0.5621    0.466   0.0803      1.0    0.251   0.2991   0.0631   0.0607   0.1505   0.1162   0.0657   0.0859   0.0917   0.0976   0.0741    0.036   0.0223    0.103   0.0421   0.0599   0.0404   0.2157   0.0619   0.0511   0.1242   0.0604   0.0757    0.102   0.1247   0.1429   0.1419   0.0775    0.028   0.0803   0.0644   0.1043   0.1471   0.1071   0.0456   0.0764   0.0598   0.0934   0.0242   0.0486   0.1045   0.0936   0.0195    0.102   0.1285   0.0681   0.2012   0.0583   0.0729   0.1966   0.0992   0.1324    0.231   0.1311   0.0571    0.109   0.1401   0.0764   0.0973   0.1008   0.0145   0.0257    0.099   0.2416   0.0059    0.104   0.1527   0.1092   0.0687   0.0757   0.0294   0.0879   0.1389   0.0361   0.0415   0.0778   0.0809   0.0179   0.0094    0.087   0.0677   0.0491   0.0107   0.1005   0.0736    0.041   0.1604   0.0505   0.0719   0.0331   0.0697   0.1443   0.0307   0.0349   0.0464   0.0123   0.1639   0.0214   0.1581   0.0668   0.1083   0.2519   0.0236   0.0299   0.1749     0.05   0.0439   0.1645    0.026   0.0266   0.0857   0.0559   0.0147   0.0472   0.0436   0.0432   0.0683   0.0582   0.1734   0.0774   0.0935   0.0323     0.05   0.0613   0.0206   0.0397   0.0823   0.0249   0.0836   0.0501   0.0822   0.0736   0.0504   0.2301   0.0662    0.023   0.0453   0.0371   0.0386    0.032   0.1131   0.0377   0.0905   0.0456   0.0352   0.1266   0.0792   0.1408   0.1074   0.0943   0.0765   0.0488    0.085    0.017   0.0925   0.0393   0.0118   0.0468   0.0775   0.0498   0.0353   0.0908   0.1382   0.0229   0.1201    0.017   0.0499   0.0431   0.1843   0.0805   0.0953   0.0392   0.0789   0.0618   0.0121   0.1078   0.0887   0.0848   0.0558   0.1541   0.0278   0.0128   0.2949   0.0509   0.1523   0.0642   0.1119   0.1338   0.0627   0.0323   0.0368   0.1181   0.0979   0.1145    0.021   0.1865   0.1498   0.0536   0.1157   0.0442    0.048   0.0411   0.0613   0.1846    0.052   0.1024   0.0332   0.0825   0.1041   0.1145   0.0975   0.0157    0.104   0.0802   0.0186   0.0746   0.0796   0.1433   0.0352   0.1073   0.0354   0.1442   0.0724   0.0591   0.0816   0.0878   0.0823   0.0499   0.1156   0.0512   0.0945    0.013   0.1606   0.1536   0.0102   0.0101   0.1265   0.0934   0.0314   0.0428   0.0414   0.0513   0.1215   0.0551   0.0713   0.1027   0.0772    0.184   0.0162   0.1107   0.0536   0.0526   0.0623    0.033   0.0923   0.0475   0.1079   0.0354   0.0271   0.0486   0.1539   0.1314   0.1182    0.017   0.1567   0.1013   0.1981   0.0348   0.0986   0.1315   0.2408   0.0168   0.1075   0.0967
  snr   -13.75
    H     5.34
 exon    False

M: mem
 freq      0.0   0.0018   0.0036   0.0054   0.0072    0.009   0.0108   0.0125   0.0143   0.0161   0.0179   0.0197   0.0215   0.0233   0.0251   0.0269   0.0287   0.0305   0.0323   0.0341   0.0358   0.0376   0.0394   0.0412    0.043   0.0448   0.0466   0.0484   0.0502    0.052   0.0538   0.0556   0.0573   0.0591   0.0609   0.0627   0.0645   0.0663   0.0681   0.0699   0.0717   0.0735   0.0753   0.0771   0.0789   0.0806   0.0824   0.0842    0.086   0.0878   0.0896   0.0914   0.0932    0.095   0.0968   0.0986   0.1004   0.1022   0.1039   0.1057   0.1075   0.1093   0.1111   0.1129   0.1147   0.1165   0.1183   0.1201   0.1219   0.1237   0.1254   0.1272    0.129   0.1308   0.1326   0.1344   0.1362    0.138   0.1398   0.1416   0.1434   0.1452    0.147   0.1487   0.1505   0.1523   0.1541   0.1559   0.1577   0.1595   0.1613   0.1631   0.1649   0.1667   0.1685   0.1703    0.172   0.1738   0.1756   0.1774   0.1792    0.181   0.1828   0.1846   0.1864   0.1882     0.19   0.1918   0.1935   0.1953   0.1971   0.1989   0.2007   0.2025   0.2043   0.2061   0.2079   0.2097   0.2115   0.2133   0.2151   0.2168   0.2186   0.2204   0.2222    0.224   0.2258   0.2276   0.2294   0.2312    0.233   0.2348   0.2366   0.2384   0.2401   0.2419   0.2437   0.2455   0.2473   0.2491   0.2509   0.2527   0.2545   0.2563   0.2581   0.2599   0.2616   0.2634   0.2652    0.267   0.2688   0.2706   0.2724   0.2742    0.276   0.2778   0.2796   0.2814   0.2832   0.2849   0.2867   0.2885   0.2903   0.2921   0.2939   0.2957   0.2975   0.2993   0.3011   0.3029   0.3047   0.3065   0.3082     0.31   0.3118   0.3136   0.3154   0.3172    0.319   0.3208   0.3226   0.3244   0.3262    0.328   0.3297   0.3315   0.3333   0.3351   0.3369   0.3387   0.3405   0.3423   0.3441   0.3459   0.3477   0.3495   0.3513    0.353   0.3548   0.3566   0.3584   0.3602    0.362   0.3638   0.3656   0.3674   0.3692    0.371   0.3728   0.3746   0.3763   0.3781   0.3799   0.3817   0.3835   0.3853   0.3871   0.3889   0.3907   0.3925   0.3943   0.3961   0.3978   0.3996   0.4014   0.4032    0.405   0.4068   0.4086   0.4104   0.4122    0.414   0.4158   0.4176   0.4194   0.4211   0.4229   0.4247   0.4265   0.4283   0.4301   0.4319   0.4337   0.4355   0.4373   0.4391   0.4409   0.4427   0.4444   0.4462    0.448   0.4498   0.4516   0.4534   0.4552    0.457   0.4588   0.4606   0.4624   0.4642   0.4659   0.4677   0.4695   0.4713   0.4731   0.4749   0.4767   0.4785   0.4803   0.4821   0.4839   0.4857   0.4875   0.4892    0.491   0.4928   0.4946   0.4964   0.4982
    S      0.0   0.1588   0.1803   0.1063   0.2807   0.1892   0.2988    0.112   0.1555   0.0961      1.0     0.01   0.0244   0.0718   0.0005   0.0372   0.0133   0.2157   0.0143   0.0425   0.0096   0.4528   0.1785   0.0146   0.1115    0.002   0.2835   0.0485   0.0346   0.3428   0.0694   0.0965   0.0922   0.0779   0.0853   0.0449   0.2398   0.6775   0.0042   0.0531   0.0286    0.042   0.2664   0.0062    0.063   0.0073   0.0434   0.1298   0.1705   0.0542   0.0498   0.1416    0.053   0.0726   0.0868   0.4954   0.0371   0.1208   0.0497   0.0646   0.2658   0.0371   0.0113   0.1015   0.3255   0.1821    0.044   0.1327   0.1556   0.0607   0.0248   0.2112   0.0045    0.323    0.011   0.0245   0.0485   0.1105   0.0386   0.2627   0.1696   0.0852   0.0175   0.0685   0.1463   0.0207   0.0062    0.104   0.0439   0.3098   0.0437   0.1033   0.0108   0.0854   0.0619   0.2266   0.2787   0.0196   0.0932   0.1625     0.02   0.0065   0.0714   0.0124   0.0462   0.1018   0.0699   0.1272   0.0068   0.0871   0.0104   0.3191   0.1986   0.0313   0.0055   0.2072   0.0038   0.2639    0.036   0.0249    0.178    0.075    0.119   0.1115   0.0578   0.0219   0.0853   0.0688   0.0655    0.046   0.1205   0.0142   0.0016   0.0865   0.0558   0.0832   0.0287   0.0377   0.0699   0.0295   0.2102   0.0477   0.1073   0.0712   0.0109   0.0645   0.0898   0.0515   0.0195    0.121    0.046   0.0166   0.1908   0.0513   0.0308   0.0917   0.1944   0.0605    0.056   0.0229   0.1777   0.0851   0.0167   0.0444   0.0007   0.2711   0.1008   0.2408   0.0196   0.2082   0.2722   0.1966   0.0937   0.0277   0.0759   0.1763   0.4282   0.0519   0.0636   0.0292   0.0103   0.4308   0.0046   0.0043   0.0056   0.0094   0.1095   0.0046   0.0679   0.0561   0.1611   0.0662   0.0618   0.0124    0.082   0.0274   0.0471   0.2027   0.0628    0.028   0.0207   0.0237   0.0139    0.032   0.1847   0.0099   0.0644   0.0785   0.0039   0.1356   0.0354   0.1192   0.0274   0.1248   0.0643   0.1698   0.1283    0.031   0.2951   0.0318   0.0399   0.1423    0.014   0.0517   0.1132   0.1032   0.1521   0.1432   0.0069   0.0308   0.0382   0.1417   0.0159   0.0073   0.1605   0.1405   0.1329   0.1155   0.6218   0.0642   0.2263   0.0011   0.0068   0.1582   0.1368   0.0211   0.2187   0.0685   0.0622    0.229   0.0372   0.0047   0.0502   0.0773   0.2227   0.0447   0.0875   0.0389   0.0092    0.073   0.0298    0.143   0.0854   0.0078   0.2281   0.0501   0.0583   0.1752    0.129   0.1133   0.2306   0.0733   0.0045   0.1529   0.0278   0.0183   0.1052   0.1452   0.0329
  snr   -14.37
    H     5.16
 exon    False

M: alg1
 freq      0.0   0.0018   0.0036   0.0054   0.0072    0.009   0.0108   0.0125   0.0143   0.0161   0.0179   0.0197   0.0215   0.0233   0.0251   0.0269   0.0287   0.0305   0.0323   0.0341   0.0358   0.0376   0.0394   0.0412    0.043   0.0448   0.0466   0.0484   0.0502    0.052   0.0538   0.0556   0.0573   0.0591   0.0609   0.0627   0.0645   0.0663   0.0681   0.0699   0.0717   0.0735   0.0753   0.0771   0.0789   0.0806   0.0824   0.0842    0.086   0.0878   0.0896   0.0914   0.0932    0.095   0.0968   0.0986   0.1004   0.1022   0.1039   0.1057   0.1075   0.1093   0.1111   0.1129   0.1147   0.1165   0.1183   0.1201   0.1219   0.1237   0.1254   0.1272    0.129   0.1308   0.1326   0.1344   0.1362    0.138   0.1398   0.1416   0.1434   0.1452    0.147   0.1487   0.1505   0.1523   0.1541   0.1559   0.1577   0.1595   0.1613   0.1631   0.1649   0.1667   0.1685   0.1703    0.172   0.1738   0.1756   0.1774   0.1792    0.181   0.1828   0.1846   0.1864   0.1882     0.19   0.1918   0.1935   0.1953   0.1971   0.1989   0.2007   0.2025   0.2043   0.2061   0.2079   0.2097   0.2115   0.2133   0.2151   0.2168   0.2186   0.2204   0.2222    0.224   0.2258   0.2276   0.2294   0.2312    0.233   0.2348   0.2366   0.2384   0.2401   0.2419   0.2437   0.2455   0.2473   0.2491   0.2509   0.2527   0.2545   0.2563   0.2581   0.2599   0.2616   0.2634   0.2652    0.267   0.2688   0.2706   0.2724   0.2742    0.276   0.2778   0.2796   0.2814   0.2832   0.2849   0.2867   0.2885   0.2903   0.2921   0.2939   0.2957   0.2975   0.2993   0.3011   0.3029   0.3047   0.3065   0.3082     0.31   0.3118   0.3136   0.3154   0.3172    0.319   0.3208   0.3226   0.3244   0.3262    0.328   0.3297   0.3315   0.3333   0.3351   0.3369   0.3387   0.3405   0.3423   0.3441   0.3459   0.3477   0.3495   0.3513    0.353   0.3548   0.3566   0.3584   0.3602    0.362   0.3638   0.3656   0.3674   0.3692    0.371   0.3728   0.3746   0.3763   0.3781   0.3799   0.3817   0.3835   0.3853   0.3871   0.3889   0.3907   0.3925   0.3943   0.3961   0.3978   0.3996   0.4014   0.4032    0.405   0.4068   0.4086   0.4104   0.4122    0.414   0.4158   0.4176   0.4194   0.4211   0.4229   0.4247   0.4265   0.4283   0.4301   0.4319   0.4337   0.4355   0.4373   0.4391   0.4409   0.4427   0.4444   0.4462    0.448   0.4498   0.4516   0.4534   0.4552    0.457   0.4588   0.4606   0.4624   0.4642   0.4659   0.4677   0.4695   0.4713   0.4731   0.4749   0.4767   0.4785   0.4803   0.4821   0.4839   0.4857   0.4875   0.4892    0.491   0.4928   0.4946   0.4964   0.4982
    S      0.0   0.2266    0.205   0.0571   0.9369   0.2427   0.4169   0.1532    0.148   0.1109      1.0   0.0222   0.0526   0.1071   0.0214   0.0361    0.034   0.1686   0.0227   0.0771   0.0129   0.3592   0.2241   0.0387    0.132   0.0374   0.3425    0.024   0.0196    0.295   0.0225   0.0559   0.1002   0.0561   0.0897   0.0681   0.2467   0.4594   0.0222   0.0408   0.0234   0.0536   0.2887   0.0015   0.0592   0.0294   0.1022   0.0961    0.158   0.0726   0.0668    0.233   0.0556   0.1202   0.1402   0.4459     0.07   0.2489   0.0642   0.0477   0.3467   0.0534   0.0252   0.0875   0.4326   0.1539   0.0239   0.1321   0.2376   0.0518   0.0521   0.1293   0.0306   0.1959   0.0285   0.0363   0.0999   0.1319   0.0575   0.2686   0.1533   0.1491   0.0138   0.0605   0.1102   0.0604   0.0228   0.0982   0.1037   0.3505   0.0695   0.0923   0.0213   0.1227    0.066   0.2847   0.2424   0.0164   0.1258   0.0937   0.0211   0.0606   0.0739   0.0803   0.0816   0.1738   0.1913   0.0845    0.017   0.0625    0.002   0.2483   0.2278   0.0521   0.0084   0.1884   0.0192   0.2045   0.0614   0.0083   0.0935   0.0553   0.1701   0.0803   0.0716   0.0829   0.0584   0.0595   0.1072   0.0559   0.1473   0.0431   0.0128   0.1037    0.068   0.0473   0.0401   0.0345   0.1457   0.0178   0.2281   0.0517   0.0881   0.0838   0.0138   0.0301   0.1229   0.0222   0.0081   0.0981   0.0702   0.0539   0.2364   0.0818   0.0558   0.0736   0.1879   0.0904   0.0373   0.0423   0.1807   0.0847   0.0371   0.0536   0.0193   0.2713   0.1449   0.2379   0.0259   0.2153   0.2126   0.1297   0.0772   0.0301   0.0394   0.1118   0.3315   0.1045   0.1011   0.0219    0.072   0.3894    0.029   0.0167   0.0666   0.0054     0.11   0.0907   0.0872   0.1209   0.1775   0.1145   0.0347   0.0399   0.0908   0.0373   0.1258   0.2057   0.1359   0.0339   0.0906   0.0332   0.0407    0.105    0.157   0.0183    0.049   0.0939   0.0364   0.1104   0.0651   0.0924   0.0524   0.1797   0.0859   0.1438   0.0921   0.0613   0.2187   0.0287   0.0114   0.1566   0.0445   0.0333    0.159     0.09   0.1845   0.1982   0.0412   0.0609   0.1034   0.1073   0.0301   0.0208   0.1684   0.0722   0.1105   0.1177   0.5129    0.051    0.195   0.0548    0.044   0.1702   0.1398   0.0261   0.1848    0.117   0.0841   0.1735   0.0453   0.0215   0.1225    0.083   0.2464   0.0613   0.1019   0.0847   0.0266   0.0792   0.0468   0.2166   0.1137    0.014   0.2162   0.0854   0.0784   0.2439   0.1231    0.173   0.3094   0.2158   0.0188   0.1252    0.106   0.0773   0.0699   0.1234   0.0526
  snr   -14.89
    H     5.26
 exon    False

M: alg2
 freq      0.0   0.0018   0.0036   0.0054   0.0072    0.009   0.0108   0.0125   0.0143   0.0161   0.0179   0.0197   0.0215   0.0233   0.0251   0.0269   0.0287   0.0305   0.0323   0.0341   0.0358   0.0376   0.0394   0.0412    0.043   0.0448   0.0466   0.0484   0.0502    0.052   0.0538   0.0556   0.0573   0.0591   0.0609   0.0627   0.0645   0.0663   0.0681   0.0699   0.0717   0.0735   0.0753   0.0771   0.0789   0.0806   0.0824   0.0842    0.086   0.0878   0.0896   0.0914   0.0932    0.095   0.0968   0.0986   0.1004   0.1022   0.1039   0.1057   0.1075   0.1093   0.1111   0.1129   0.1147   0.1165   0.1183   0.1201   0.1219   0.1237   0.1254   0.1272    0.129   0.1308   0.1326   0.1344   0.1362    0.138   0.1398   0.1416   0.1434   0.1452    0.147   0.1487   0.1505   0.1523   0.1541   0.1559   0.1577   0.1595   0.1613   0.1631   0.1649   0.1667   0.1685   0.1703    0.172   0.1738   0.1756   0.1774   0.1792    0.181   0.1828   0.1846   0.1864   0.1882     0.19   0.1918   0.1935   0.1953   0.1971   0.1989   0.2007   0.2025   0.2043   0.2061   0.2079   0.2097   0.2115   0.2133   0.2151   0.2168   0.2186   0.2204   0.2222    0.224   0.2258   0.2276   0.2294   0.2312    0.233   0.2348   0.2366   0.2384   0.2401   0.2419   0.2437   0.2455   0.2473   0.2491   0.2509   0.2527   0.2545   0.2563   0.2581   0.2599   0.2616   0.2634   0.2652    0.267   0.2688   0.2706   0.2724   0.2742    0.276   0.2778   0.2796   0.2814   0.2832   0.2849   0.2867   0.2885   0.2903   0.2921   0.2939   0.2957   0.2975   0.2993   0.3011   0.3029   0.3047   0.3065   0.3082     0.31   0.3118   0.3136   0.3154   0.3172    0.319   0.3208   0.3226   0.3244   0.3262    0.328   0.3297   0.3315   0.3333   0.3351   0.3369   0.3387   0.3405   0.3423   0.3441   0.3459   0.3477   0.3495   0.3513    0.353   0.3548   0.3566   0.3584   0.3602    0.362   0.3638   0.3656   0.3674   0.3692    0.371   0.3728   0.3746   0.3763   0.3781   0.3799   0.3817   0.3835   0.3853   0.3871   0.3889   0.3907   0.3925   0.3943   0.3961   0.3978   0.3996   0.4014   0.4032    0.405   0.4068   0.4086   0.4104   0.4122    0.414   0.4158   0.4176   0.4194   0.4211   0.4229   0.4247   0.4265   0.4283   0.4301   0.4319   0.4337   0.4355   0.4373   0.4391   0.4409   0.4427   0.4444   0.4462    0.448   0.4498   0.4516   0.4534   0.4552    0.457   0.4588   0.4606   0.4624   0.4642   0.4659   0.4677   0.4695   0.4713   0.4731   0.4749   0.4767   0.4785   0.4803   0.4821   0.4839   0.4857   0.4875   0.4892    0.491   0.4928   0.4946   0.4964   0.4982
    S      0.0   0.4139   0.3117   0.0073      1.0   0.1348   0.2613   0.0675   0.0286   0.0658   0.1768   0.0476   0.0572   0.0816   0.0506   0.0489   0.0237   0.0117   0.0251   0.0463    0.018   0.0013   0.1126   0.0489   0.0239   0.0743   0.0515   0.0204   0.0479    0.065   0.0382   0.0436   0.0566   0.0082    0.042   0.0455   0.0094   0.0296   0.0034   0.0302   0.0382   0.0104   0.0025   0.0079   0.0012    0.064   0.0668   0.0052   0.0416   0.0665   0.0383   0.1052   0.0248    0.067   0.0582   0.0872   0.0428   0.2164   0.0352   0.0119   0.0856    0.031   0.0321   0.0617   0.1336   0.0159   0.0006   0.0234   0.0851   0.0029   0.0489    0.097   0.0372   0.0136   0.0215   0.0018   0.0388   0.0968   0.0043   0.0164   0.0145   0.0773   0.0092   0.0086   0.0002   0.0625   0.0224   0.0147   0.0893   0.0955   0.0225   0.0057   0.0113   0.0669   0.0169   0.0831   0.0664   0.0148   0.0311   0.0201   0.0013   0.0577   0.0169    0.103   0.0468   0.0957   0.0841   0.0093   0.0142   0.0246    0.013   0.0194   0.1059   0.0234   0.0194   0.0316   0.0211   0.0059   0.0391   0.0113    0.001   0.0102   0.0398   0.0523   0.0202   0.0915   0.0098   0.0033   0.0598    0.018    0.018   0.0411   0.0192   0.0299   0.0318    0.052   0.0434   0.0204    0.083   0.0409   0.0374   0.0133   0.0183   0.0197   0.0054   0.0083   0.0486   0.0382   0.0264    0.016   0.0822   0.0604   0.0495   0.0083   0.0679   0.0142   0.0107   0.0248   0.0096   0.0519   0.0154   0.0146   0.0225   0.0136   0.0368   0.0467   0.0798   0.0524   0.0197   0.0173   0.0024   0.0213   0.0136   0.0669   0.0022   0.0042   0.0054   0.0751   0.0458   0.0084   0.1034    0.002    0.069   0.0143   0.0931   0.0061   0.0148   0.0973   0.0498   0.1403   0.0428   0.0807   0.0886   0.0245   0.0009   0.0328   0.0968   0.0582   0.1116   0.0134   0.0946   0.0091    0.023   0.0989    0.001    0.029   0.0073   0.0557   0.0265   0.0268   0.0318   0.0041   0.0128   0.0857   0.0217   0.0091   0.0042   0.0433   0.0481   0.0025   0.0322   0.0249   0.0697   0.0022   0.1007   0.0012   0.1198   0.0598   0.0552   0.0368   0.0879   0.0059   0.0211   0.0138   0.0023   0.0426   0.0007   0.0387   0.0264   0.0067    0.003   0.1009   0.0479    0.043   0.0086   0.0284   0.0433   0.0014   0.0364    0.042   0.0598   0.0041   0.0619    0.002   0.0207   0.0319    0.046   0.0571   0.0229    0.029   0.0058   0.0882   0.0323   0.0001   0.0411   0.0005   0.0354   0.1266    0.005   0.0407   0.1263   0.2026    0.027   0.0726   0.1123   0.0505   0.0015   0.0791   0.0193
  snr   -10.82
    H     5.06
 exon    False