>data-XVI-cerevisiae-intergenic-469
N: 246
Methods: voss, eiip, qpsk, mem, tbpse, snrse

M: voss
 freq      0.0   0.0041   0.0081   0.0122   0.0163   0.0203   0.0244   0.0285   0.0325   0.0366   0.0407   0.0447   0.0488   0.0528   0.0569    0.061    0.065   0.0691   0.0732   0.0772   0.0813   0.0854   0.0894   0.0935   0.0976   0.1016   0.1057   0.1098   0.1138   0.1179    0.122    0.126   0.1301   0.1341   0.1382   0.1423   0.1463   0.1504   0.1545   0.1585   0.1626   0.1667   0.1707   0.1748   0.1789   0.1829    0.187   0.1911   0.1951   0.1992   0.2033   0.2073   0.2114   0.2154   0.2195   0.2236   0.2276   0.2317   0.2358   0.2398   0.2439    0.248    0.252   0.2561   0.2602   0.2642   0.2683   0.2724   0.2764   0.2805   0.2846   0.2886   0.2927   0.2967   0.3008   0.3049   0.3089    0.313   0.3171   0.3211   0.3252   0.3293   0.3333   0.3374   0.3415   0.3455   0.3496   0.3537   0.3577   0.3618   0.3659   0.3699    0.374    0.378   0.3821   0.3862   0.3902   0.3943   0.3984   0.4024   0.4065   0.4106   0.4146   0.4187   0.4228   0.4268   0.4309    0.435    0.439   0.4431   0.4472   0.4512   0.4553   0.4593   0.4634   0.4675   0.4715   0.4756   0.4797   0.4837   0.4878   0.4919   0.4959
    S      0.0      1.0   0.1373   0.4182   0.1645   0.2698   0.2186   0.1216   0.1064   0.0388   0.1215   0.0413   0.3067    0.168   0.2482   0.1553   0.1477   0.3322    0.282    0.115   0.1244   0.1089   0.1153   0.0751   0.1018   0.2818   0.1501   0.1078   0.2125   0.0603   0.1971    0.129   0.0125   0.1372   0.1272   0.1067    0.062   0.0873   0.2527   0.0876   0.1265   0.0996   0.1801   0.2125   0.1339    0.228   0.0744   0.1574    0.132   0.1963   0.1085   0.1811    0.136   0.1909   0.1549   0.1775    0.153    0.112   0.1112   0.2946   0.0562   0.2063   0.1118   0.1763   0.0355   0.0627   0.1509   0.0483   0.1755   0.0684   0.1328   0.2878   0.0597   0.2043   0.1571   0.0649   0.0559   0.0715   0.0873   0.1334   0.1447   0.1175   0.1345   0.1761   0.1819   0.1268   0.2129   0.1128   0.2919   0.1175   0.3946   0.2827    0.211   0.0777   0.1116   0.1124   0.0404   0.3175   0.0596   0.1554   0.1492   0.1144   0.0839   0.0982   0.0545   0.0966    0.093   0.0487   0.0208   0.0926   0.1133    0.061   0.0908   0.0782   0.4095   0.0466   0.1548   0.0138   0.1645   0.1371   0.1155   0.1404    0.097
  snr   -12.38
    H      4.6
 exon    False

M: eiip
 freq      0.0   0.0041   0.0081   0.0122   0.0163   0.0203   0.0244   0.0285   0.0325   0.0366   0.0407   0.0447   0.0488   0.0528   0.0569    0.061    0.065   0.0691   0.0732   0.0772   0.0813   0.0854   0.0894   0.0935   0.0976   0.1016   0.1057   0.1098   0.1138   0.1179    0.122    0.126   0.1301   0.1341   0.1382   0.1423   0.1463   0.1504   0.1545   0.1585   0.1626   0.1667   0.1707   0.1748   0.1789   0.1829    0.187   0.1911   0.1951   0.1992   0.2033   0.2073   0.2114   0.2154   0.2195   0.2236   0.2276   0.2317   0.2358   0.2398   0.2439    0.248    0.252   0.2561   0.2602   0.2642   0.2683   0.2724   0.2764   0.2805   0.2846   0.2886   0.2927   0.2967   0.3008   0.3049   0.3089    0.313   0.3171   0.3211   0.3252   0.3293   0.3333   0.3374   0.3415   0.3455   0.3496   0.3537   0.3577   0.3618   0.3659   0.3699    0.374    0.378   0.3821   0.3862   0.3902   0.3943   0.3984   0.4024   0.4065   0.4106   0.4146   0.4187   0.4228   0.4268   0.4309    0.435    0.439   0.4431   0.4472   0.4512   0.4553   0.4593   0.4634   0.4675   0.4715   0.4756   0.4797   0.4837   0.4878   0.4919   0.4959
    S      0.0   0.0888   0.0043   0.2303   0.2052   0.3029   0.1423   0.3595   0.0106   0.0113   0.2753   0.0767    0.337   0.2737   0.3339   0.5242   0.3228   0.0335   0.1117   0.0436   0.4925   0.1733   0.1042   0.1485   0.0483   0.0769   0.4525   0.4765   0.0227   0.1428   0.3942   0.1399   0.0086   0.1217   0.0092   0.0411   0.0997    0.067   0.0695   0.1279    0.074    0.179    0.073   0.3556   0.4377   0.0132   0.0999   0.7692   0.3916   0.1803   0.5184   0.1016   0.4801      1.0   0.0269   0.2775   0.2438   0.0406   0.2404   0.3278     0.32   0.2507    0.061   0.1944   0.1671   0.0959   0.4506   0.0037   0.7031    0.348   0.2563     0.04   0.1148   0.1134   0.0996   0.0225    0.155   0.1095   0.1719   0.0106    0.201    0.026   0.0837   0.0043   0.3462   0.0755   0.4145   0.4579   0.2298   0.2887   0.3132   0.0054   0.1207   0.3386   0.3408   0.0175   0.0352   0.9447   0.1611   0.1173   0.2271   0.2722   0.2223   0.1225    0.246   0.2045   0.2287   0.1947     0.06   0.1343   0.0515    0.179   0.0735   0.0208   0.0301   0.0727   0.1333   0.0016    0.336   0.1789   0.2179   0.1524    0.193
  snr   -13.71
    H     4.43
 exon    False

M: qpsk
 freq      0.0   0.0041   0.0081   0.0122   0.0163   0.0203   0.0244   0.0285   0.0325   0.0366   0.0407   0.0447   0.0488   0.0528   0.0569    0.061    0.065   0.0691   0.0732   0.0772   0.0813   0.0854   0.0894   0.0935   0.0976   0.1016   0.1057   0.1098   0.1138   0.1179    0.122    0.126   0.1301   0.1341   0.1382   0.1423   0.1463   0.1504   0.1545   0.1585   0.1626   0.1667   0.1707   0.1748   0.1789   0.1829    0.187   0.1911   0.1951   0.1992   0.2033   0.2073   0.2114   0.2154   0.2195   0.2236   0.2276   0.2317   0.2358   0.2398   0.2439    0.248    0.252   0.2561   0.2602   0.2642   0.2683   0.2724   0.2764   0.2805   0.2846   0.2886   0.2927   0.2967   0.3008   0.3049   0.3089    0.313   0.3171   0.3211   0.3252   0.3293   0.3333   0.3374   0.3415   0.3455   0.3496   0.3537   0.3577   0.3618   0.3659   0.3699    0.374    0.378   0.3821   0.3862   0.3902   0.3943   0.3984   0.4024   0.4065   0.4106   0.4146   0.4187   0.4228   0.4268   0.4309    0.435    0.439   0.4431   0.4472   0.4512   0.4553   0.4593   0.4634   0.4675   0.4715   0.4756   0.4797   0.4837   0.4878   0.4919   0.4959
    S      0.0      1.0   0.0571   0.2598   0.1722   0.1836   0.2038   0.0681   0.0729    0.043   0.1246   0.0346   0.3365   0.0516   0.2481   0.1494    0.159   0.1793   0.1523   0.0823   0.1424   0.1034   0.0652   0.0793   0.0165   0.1361   0.1692   0.0711   0.1025   0.0558   0.1937   0.0975   0.0081   0.1409   0.0891   0.0644   0.0707   0.0981   0.1605   0.0599    0.125   0.0141   0.1393   0.1223   0.1072   0.0884   0.0806   0.1511   0.0856   0.1522   0.1202   0.0181   0.0582   0.1189   0.1346   0.1681   0.1078   0.0958   0.0632   0.1805   0.0405   0.0827   0.0454   0.1364   0.0158    0.068   0.0952   0.0164   0.0571   0.0713   0.1448   0.2666   0.0595   0.1478   0.1759   0.0638   0.0546   0.0756   0.0504   0.0731   0.0189   0.0845   0.1388   0.0564   0.1871   0.0676   0.2322   0.0839   0.2346   0.0797   0.1914   0.1296   0.1307   0.0865   0.0969   0.0469   0.0413   0.3288   0.0592   0.0603   0.0518   0.1229   0.0893    0.088   0.0501   0.0738   0.0837   0.0494     0.02   0.0607   0.1014   0.0338   0.0676   0.0278   0.3086   0.0153    0.014   0.0137   0.0967   0.1452   0.1038   0.1259   0.0196
  snr   -10.97
    H     4.52
 exon    False

M: mem
 freq      0.0   0.0041   0.0081   0.0122   0.0163   0.0203   0.0244   0.0285   0.0325   0.0366   0.0407   0.0447   0.0488   0.0528   0.0569    0.061    0.065   0.0691   0.0732   0.0772   0.0813   0.0854   0.0894   0.0935   0.0976   0.1016   0.1057   0.1098   0.1138   0.1179    0.122    0.126   0.1301   0.1341   0.1382   0.1423   0.1463   0.1504   0.1545   0.1585   0.1626   0.1667   0.1707   0.1748   0.1789   0.1829    0.187   0.1911   0.1951   0.1992   0.2033   0.2073   0.2114   0.2154   0.2195   0.2236   0.2276   0.2317   0.2358   0.2398   0.2439    0.248    0.252   0.2561   0.2602   0.2642   0.2683   0.2724   0.2764   0.2805   0.2846   0.2886   0.2927   0.2967   0.3008   0.3049   0.3089    0.313   0.3171   0.3211   0.3252   0.3293   0.3333   0.3374   0.3415   0.3455   0.3496   0.3537   0.3577   0.3618   0.3659   0.3699    0.374    0.378   0.3821   0.3862   0.3902   0.3943   0.3984   0.4024   0.4065   0.4106   0.4146   0.4187   0.4228   0.4268   0.4309    0.435    0.439   0.4431   0.4472   0.4512   0.4553   0.4593   0.4634   0.4675   0.4715   0.4756   0.4797   0.4837   0.4878   0.4919   0.4959
    S      0.0      1.0   0.5006   0.2956   0.1395   0.3676   0.2243   0.1405   0.0098   0.0809   0.1645   0.0476   0.8554   0.0432   0.4397   0.0599   0.0129   0.0708   0.0054   0.1201   0.0045    0.027   0.0537    0.105   0.2272   0.5311   0.2081   0.0776   0.3121   0.0211   0.0113   0.0967   0.0414   0.2919   0.4072    0.089   0.1285   0.1207    0.027   0.2124   0.1468   0.2467   0.2313   0.0316   0.0333   0.3197   0.2093   0.0007   0.0344   0.4269   0.0004   0.2668    0.133   0.0781   0.3366   0.1588   0.2752   0.2374   0.3535   0.3808   0.0094   0.0426   0.2414   0.2244   0.0169   0.1276   0.0054   0.0854   0.1343   0.0217   0.1073   0.7257   0.1545   0.0143   0.3853   0.0836   0.0351   0.1229   0.2812   0.4387   0.1942   0.1911    0.148   0.2788   0.0858   0.0922   0.0727   0.1737   0.0319   0.0076   0.2473   0.8851   0.0192   0.0358   0.0168    0.076   0.1398   0.2924    0.075    0.004   0.2298   0.2175   0.0995   0.1153    0.033   0.0927   0.0381   0.0242   0.0274    0.039   0.0955   0.0939   0.1499   0.0942   0.0281   0.0813   0.1971   0.0546   0.3278   0.1242   0.2099   0.0688   0.1209
  snr   -12.87
    H     4.35
 exon    False

M: tbpse
 freq      0.0   0.0041   0.0081   0.0122   0.0163   0.0203   0.0244   0.0285   0.0325   0.0366   0.0407   0.0447   0.0488   0.0528   0.0569    0.061    0.065   0.0691   0.0732   0.0772   0.0813   0.0854   0.0894   0.0935   0.0976   0.1016   0.1057   0.1098   0.1138   0.1179    0.122    0.126   0.1301   0.1341   0.1382   0.1423   0.1463   0.1504   0.1545   0.1585   0.1626   0.1667   0.1707   0.1748   0.1789   0.1829    0.187   0.1911   0.1951   0.1992   0.2033   0.2073   0.2114   0.2154   0.2195   0.2236   0.2276   0.2317   0.2358   0.2398   0.2439    0.248    0.252   0.2561   0.2602   0.2642   0.2683   0.2724   0.2764   0.2805   0.2846   0.2886   0.2927   0.2967   0.3008   0.3049   0.3089    0.313   0.3171   0.3211   0.3252   0.3293   0.3333   0.3374   0.3415   0.3455   0.3496   0.3537   0.3577   0.3618   0.3659   0.3699    0.374    0.378   0.3821   0.3862   0.3902   0.3943   0.3984   0.4024   0.4065   0.4106   0.4146   0.4187   0.4228   0.4268   0.4309    0.435    0.439   0.4431   0.4472   0.4512   0.4553   0.4593   0.4634   0.4675   0.4715   0.4756   0.4797   0.4837   0.4878   0.4919   0.4959
    S      0.0      1.0    0.009   0.1546   0.1023   0.0582   0.1407   0.0465   0.0735   0.0353   0.0793   0.0308   0.1549   0.0728    0.176   0.0337   0.0754   0.1985   0.2184   0.0838   0.0318   0.0775   0.0471   0.0556   0.0139   0.0658   0.0441   0.0111   0.0547   0.0177   0.0859   0.0466   0.0014   0.1034   0.0409   0.0574   0.0339   0.0686   0.1546   0.0125   0.1211   0.0018   0.0981   0.1518   0.0723   0.0652   0.0289   0.0364   0.0636     0.03   0.0235   0.0407   0.0273    0.022   0.1182   0.1004   0.0284   0.0833    0.018   0.1269   0.0064   0.1371   0.0397   0.0387   0.0061   0.0323   0.0754   0.0098   0.0198   0.0133   0.0873   0.1931   0.0285   0.1449   0.1351   0.0519   0.0161   0.0558   0.0159   0.0133   0.0291   0.0688   0.1211   0.0414   0.1096   0.0438   0.1091   0.0186   0.1542   0.0605   0.2668   0.0274   0.1705   0.0139   0.0401   0.0442   0.0214   0.0814   0.0102   0.1075   0.0324   0.0233   0.0409   0.0371   0.0075   0.0544   0.0385   0.0194    0.009   0.0739   0.1112   0.0122   0.0595   0.0331   0.3485   0.0092   0.0366    0.007    0.021   0.0974   0.0211   0.1096    0.017
  snr    -8.98
    H     4.31
 exon    False

M: snrse
 freq      0.0   0.0041   0.0081   0.0122   0.0163   0.0203   0.0244   0.0285   0.0325   0.0366   0.0407   0.0447   0.0488   0.0528   0.0569    0.061    0.065   0.0691   0.0732   0.0772   0.0813   0.0854   0.0894   0.0935   0.0976   0.1016   0.1057   0.1098   0.1138   0.1179    0.122    0.126   0.1301   0.1341   0.1382   0.1423   0.1463   0.1504   0.1545   0.1585   0.1626   0.1667   0.1707   0.1748   0.1789   0.1829    0.187   0.1911   0.1951   0.1992   0.2033   0.2073   0.2114   0.2154   0.2195   0.2236   0.2276   0.2317   0.2358   0.2398   0.2439    0.248    0.252   0.2561   0.2602   0.2642   0.2683   0.2724   0.2764   0.2805   0.2846   0.2886   0.2927   0.2967   0.3008   0.3049   0.3089    0.313   0.3171   0.3211   0.3252   0.3293   0.3333   0.3374   0.3415   0.3455   0.3496   0.3537   0.3577   0.3618   0.3659   0.3699    0.374    0.378   0.3821   0.3862   0.3902   0.3943   0.3984   0.4024   0.4065   0.4106   0.4146   0.4187   0.4228   0.4268   0.4309    0.435    0.439   0.4431   0.4472   0.4512   0.4553   0.4593   0.4634   0.4675   0.4715   0.4756   0.4797   0.4837   0.4878   0.4919   0.4959
    S      0.0      1.0   0.0343   0.0123   0.0826   0.0272   0.1206   0.0532    0.033   0.0462   0.0998   0.0434   0.2871   0.0444   0.2708   0.0059   0.0254   0.0736   0.1568   0.0854   0.0017   0.0592   0.0082   0.0837   0.0097   0.0252   0.0621   0.0074   0.0088   0.0019   0.0101   0.0185   0.0044   0.1589   0.0714   0.0275   0.0494   0.0587   0.0586   0.0274   0.1437   0.0048   0.0612    0.158   0.0931   0.0187   0.0594   0.0288   0.0758   0.0347   0.0043   0.0123    0.042   0.0306   0.1477   0.1057   0.0391   0.1118   0.0333   0.0687   0.0066   0.1202   0.0488   0.0065   0.0084    0.052   0.0766   0.0014   0.0197   0.0134   0.0869   0.2682   0.0569   0.0847   0.2086   0.0526   0.0129   0.0798   0.0274   0.0343   0.0179    0.073   0.1303   0.0056   0.0526   0.0064   0.0381   0.0294   0.0304   0.0402   0.2343    0.055    0.131   0.0152   0.0256   0.0073   0.0363   0.0994   0.0102   0.0809   0.0346   0.0495   0.0243   0.0163   0.0049    0.076   0.0314   0.0196   0.0063   0.0819   0.1209   0.0229   0.0592    0.018   0.2228    0.004   0.0148   0.0133   0.0132   0.0645   0.0224   0.0829   0.0047
  snr     -8.4
    H     4.19
 exon    False