>data-XIV-cerevisiae-intergenic-29
N: 581
Methods: voss, eiip, qpsk, mem, tbpse, snrse

M: voss
 freq      0.0   0.0017   0.0034   0.0052   0.0069   0.0086   0.0103    0.012   0.0138   0.0155   0.0172   0.0189   0.0207   0.0224   0.0241   0.0258   0.0275   0.0293    0.031   0.0327   0.0344   0.0361   0.0379   0.0396   0.0413    0.043   0.0448   0.0465   0.0482   0.0499   0.0516   0.0534   0.0551   0.0568   0.0585   0.0602    0.062   0.0637   0.0654   0.0671   0.0688   0.0706   0.0723    0.074   0.0757   0.0775   0.0792   0.0809   0.0826   0.0843   0.0861   0.0878   0.0895   0.0912   0.0929   0.0947   0.0964   0.0981   0.0998   0.1015   0.1033    0.105   0.1067   0.1084   0.1102   0.1119   0.1136   0.1153    0.117   0.1188   0.1205   0.1222   0.1239   0.1256   0.1274   0.1291   0.1308   0.1325   0.1343    0.136   0.1377   0.1394   0.1411   0.1429   0.1446   0.1463    0.148   0.1497   0.1515   0.1532   0.1549   0.1566   0.1583   0.1601   0.1618   0.1635   0.1652    0.167   0.1687   0.1704   0.1721   0.1738   0.1756   0.1773    0.179   0.1807   0.1824   0.1842   0.1859   0.1876   0.1893    0.191   0.1928   0.1945   0.1962   0.1979   0.1997   0.2014   0.2031   0.2048   0.2065   0.2083     0.21   0.2117   0.2134   0.2151   0.2169   0.2186   0.2203    0.222   0.2238   0.2255   0.2272   0.2289   0.2306   0.2324   0.2341   0.2358   0.2375   0.2392    0.241   0.2427   0.2444   0.2461   0.2478   0.2496   0.2513    0.253   0.2547   0.2565   0.2582   0.2599   0.2616   0.2633   0.2651   0.2668   0.2685   0.2702   0.2719   0.2737   0.2754   0.2771   0.2788   0.2806   0.2823    0.284   0.2857   0.2874   0.2892   0.2909   0.2926   0.2943    0.296   0.2978   0.2995   0.3012   0.3029   0.3046   0.3064   0.3081   0.3098   0.3115   0.3133    0.315   0.3167   0.3184   0.3201   0.3219   0.3236   0.3253    0.327   0.3287   0.3305   0.3322   0.3339   0.3356   0.3373   0.3391   0.3408   0.3425   0.3442    0.346   0.3477   0.3494   0.3511   0.3528   0.3546   0.3563    0.358   0.3597   0.3614   0.3632   0.3649   0.3666   0.3683   0.3701   0.3718   0.3735   0.3752   0.3769   0.3787   0.3804   0.3821   0.3838   0.3855   0.3873    0.389   0.3907   0.3924   0.3941   0.3959   0.3976   0.3993    0.401   0.4028   0.4045   0.4062   0.4079   0.4096   0.4114   0.4131   0.4148   0.4165   0.4182     0.42   0.4217   0.4234   0.4251   0.4269   0.4286   0.4303    0.432   0.4337   0.4355   0.4372   0.4389   0.4406   0.4423   0.4441   0.4458   0.4475   0.4492   0.4509   0.4527   0.4544   0.4561   0.4578   0.4596   0.4613    0.463   0.4647   0.4664   0.4682   0.4699   0.4716   0.4733    0.475   0.4768   0.4785   0.4802   0.4819   0.4836   0.4854   0.4871   0.4888   0.4905   0.4923    0.494   0.4957   0.4974   0.4991
    S      0.0      1.0   0.5882   0.5581   0.1873    0.756   0.1456   0.2123   0.5968   0.2228   0.2944   0.4064   0.1122    0.305   0.4215   0.2385    0.123   0.1818   0.3855   0.2371   0.5574   0.4767   0.2277   0.3711   0.5648    0.549   0.1614   0.1977   0.2483   0.0541   0.6975   0.1674   0.1047   0.2884   0.1503   0.1374   0.1165    0.256   0.1488   0.1767   0.0522   0.2903   0.1547   0.1683   0.1921   0.1574   0.2034   0.1374   0.3839   0.3384   0.1104   0.6065   0.3358    0.316   0.2291   0.3074   0.4132   0.1999   0.1424     0.29   0.1047   0.1339   0.2415   0.3456   0.1534   0.1339   0.2702   0.3793   0.1295   0.0946   0.1717   0.1237   0.1654   0.2166   0.0515   0.1032   0.1161   0.2728   0.1239   0.4695   0.4102   0.0984   0.1506   0.8011   0.0759   0.5599    0.526   0.3509     0.47    0.227   0.0923   0.3326   0.0609   0.0565    0.128   0.4384   0.3725   0.3049    0.103   0.1983   0.4318    0.527   0.0923   0.3431   0.2591   0.0749   0.2743   0.1783   0.2417   0.0884   0.1357   0.2887   0.6047   0.1265   0.1397   0.3432   0.0699   0.1736   0.1978   0.1557   0.2468   0.0551    0.275    0.144    0.372   0.2603   0.2388   0.2425   0.4591   0.2647   0.4771   0.1226   0.0311   0.4258   0.4628   0.1669   0.4771    0.149   0.2647     0.42   0.1342   0.4717   0.1641   0.1203   0.1984   0.1916   0.2116   0.2609   0.1409   0.2181   0.5578   0.3841   0.1743    0.061   0.1807   0.2436   0.4061   0.4766   0.3416   0.6319    0.091   0.4762   0.1474   0.2787   0.0811   0.5149   0.1168   0.4527   0.9172   0.1551    0.133   0.4394   0.1673   0.0692   0.1149   0.2541   0.2941   0.4564   0.0533   0.1656   0.4592   0.5123   0.3383   0.2322   0.3578   0.4828   0.3989   0.0229   0.1967   0.2055   0.5519   0.3615   0.3105   0.1634   0.2829   0.2568   0.0867   0.2503   0.2804   0.2278   0.2039   0.3936     0.18   0.2999   0.2913   0.0639   0.1693   0.3555   0.2588   0.1351   0.3108   0.1996    0.425   0.3137   0.1082   0.3388   0.2772   0.2625   0.2896   0.2312    0.173   0.2852   0.4493   0.2337   0.8115    0.041    0.763   0.3172   0.1058   0.3125   0.4971   0.3169   0.2812   0.3486   0.3922   0.0655   0.0793   0.0856   0.0714   0.0859   0.1611   0.3704   0.2819   0.2415   0.2798   0.2646   0.5364   0.2184   0.1852   0.2783   0.1131   0.3706   0.5698   0.1335    0.309   0.1314   0.1648   0.1338   0.1078   0.1907   0.1326    0.134   0.1104   0.4052   0.5833   0.4642   0.2688   0.2419   0.2108   0.2955   0.3918   0.4815   0.1155   0.8531   0.2744   0.3053   0.1488   0.1385   0.2015   0.1837   0.1772   0.3007   0.2865    0.304   0.3189   0.2598   0.1128   0.4581   0.3136   0.2764   0.0666
  snr   -18.93
    H     5.49
 exon    False

M: eiip
 freq      0.0   0.0017   0.0034   0.0052   0.0069   0.0086   0.0103    0.012   0.0138   0.0155   0.0172   0.0189   0.0207   0.0224   0.0241   0.0258   0.0275   0.0293    0.031   0.0327   0.0344   0.0361   0.0379   0.0396   0.0413    0.043   0.0448   0.0465   0.0482   0.0499   0.0516   0.0534   0.0551   0.0568   0.0585   0.0602    0.062   0.0637   0.0654   0.0671   0.0688   0.0706   0.0723    0.074   0.0757   0.0775   0.0792   0.0809   0.0826   0.0843   0.0861   0.0878   0.0895   0.0912   0.0929   0.0947   0.0964   0.0981   0.0998   0.1015   0.1033    0.105   0.1067   0.1084   0.1102   0.1119   0.1136   0.1153    0.117   0.1188   0.1205   0.1222   0.1239   0.1256   0.1274   0.1291   0.1308   0.1325   0.1343    0.136   0.1377   0.1394   0.1411   0.1429   0.1446   0.1463    0.148   0.1497   0.1515   0.1532   0.1549   0.1566   0.1583   0.1601   0.1618   0.1635   0.1652    0.167   0.1687   0.1704   0.1721   0.1738   0.1756   0.1773    0.179   0.1807   0.1824   0.1842   0.1859   0.1876   0.1893    0.191   0.1928   0.1945   0.1962   0.1979   0.1997   0.2014   0.2031   0.2048   0.2065   0.2083     0.21   0.2117   0.2134   0.2151   0.2169   0.2186   0.2203    0.222   0.2238   0.2255   0.2272   0.2289   0.2306   0.2324   0.2341   0.2358   0.2375   0.2392    0.241   0.2427   0.2444   0.2461   0.2478   0.2496   0.2513    0.253   0.2547   0.2565   0.2582   0.2599   0.2616   0.2633   0.2651   0.2668   0.2685   0.2702   0.2719   0.2737   0.2754   0.2771   0.2788   0.2806   0.2823    0.284   0.2857   0.2874   0.2892   0.2909   0.2926   0.2943    0.296   0.2978   0.2995   0.3012   0.3029   0.3046   0.3064   0.3081   0.3098   0.3115   0.3133    0.315   0.3167   0.3184   0.3201   0.3219   0.3236   0.3253    0.327   0.3287   0.3305   0.3322   0.3339   0.3356   0.3373   0.3391   0.3408   0.3425   0.3442    0.346   0.3477   0.3494   0.3511   0.3528   0.3546   0.3563    0.358   0.3597   0.3614   0.3632   0.3649   0.3666   0.3683   0.3701   0.3718   0.3735   0.3752   0.3769   0.3787   0.3804   0.3821   0.3838   0.3855   0.3873    0.389   0.3907   0.3924   0.3941   0.3959   0.3976   0.3993    0.401   0.4028   0.4045   0.4062   0.4079   0.4096   0.4114   0.4131   0.4148   0.4165   0.4182     0.42   0.4217   0.4234   0.4251   0.4269   0.4286   0.4303    0.432   0.4337   0.4355   0.4372   0.4389   0.4406   0.4423   0.4441   0.4458   0.4475   0.4492   0.4509   0.4527   0.4544   0.4561   0.4578   0.4596   0.4613    0.463   0.4647   0.4664   0.4682   0.4699   0.4716   0.4733    0.475   0.4768   0.4785   0.4802   0.4819   0.4836   0.4854   0.4871   0.4888   0.4905   0.4923    0.494   0.4957   0.4974   0.4991
    S      0.0   0.4414   0.4648   0.1086   0.0578   0.0719   0.0286   0.1249   0.0444   0.0322    0.029   0.3265   0.0284   0.0268   0.2969   0.1251   0.1227    0.026     0.43   0.1801   0.4486   0.3437    0.118    0.557   0.0874   0.1913   0.0266   0.0393   0.2158   0.0038   0.0538   0.1029   0.0096   0.0004   0.0485   0.0385   0.1144   0.1693   0.1195   0.0949   0.0361   0.2882   0.0214   0.1138   0.0497   0.0413   0.1701     0.08   0.0687   0.4043   0.0194   0.5549   0.2976   0.1797   0.1278   0.1669   0.3265   0.0759   0.0233   0.1205   0.0336    0.118   0.1411   0.2039   0.0809   0.0283   0.0976   0.2981   0.0032   0.1224   0.1954   0.0229   0.1568   0.1416   0.0177   0.0998   0.1336   0.0393    0.118    0.351   0.0279   0.0618    0.024   0.1229   0.0205   0.0721   0.4474   0.0158   0.0804    0.069   0.0947   0.0518    0.015   0.0083   0.0765   0.4937   0.1185   0.1237    0.059   0.0499   0.4139   0.2165    0.047    0.379   0.0347   0.0123    0.061   0.0602   0.1685   0.0395   0.0148   0.1709   0.0914   0.0863   0.0399   0.1405   0.0658    0.034   0.0845   0.2079   0.0302   0.0271   0.2206   0.1062   0.5023   0.3564   0.2185   0.2845   0.3727   0.0009   0.1094   0.0366    0.006   0.0662   0.1422   0.0963     0.16   0.0338   0.1885   0.4795   0.0095   0.1398    0.081   0.0203   0.0741   0.0119   0.0468   0.2586   0.0987   0.2027   0.0094   0.0628   0.0508    0.001   0.0907   0.0433   0.0717   0.1504   0.4253   0.3079    0.064   0.5286   0.1644   0.0466   0.0613   0.4803    0.063   0.0084   0.1969   0.1088    0.059   0.0708     0.19    0.052   0.0827   0.1956   0.1817   0.0726   0.0208    0.111   0.1892   0.1222    0.115   0.2394   0.4509   0.1836   0.0779   0.0151   0.0098   0.1187   0.5587   0.4036   0.0674   0.2205   0.2286   0.0264   0.0011   0.1125   0.0621   0.1648   0.1132   0.0305   0.0149   0.0181   0.2111   0.0526   0.1548   0.0812   0.0345   0.1239   0.2523   0.0687   0.3211   0.2358   0.0187   0.2915   0.1065   0.1834   0.0465    0.118   0.0274   0.0131   0.2361   0.2348   0.4008   0.0445   0.1247   0.1662   0.0106   0.2439   0.1654   0.3185   0.2858   0.0023    0.267   0.0722   0.0413   0.0525   0.0591   0.0689   0.1858   0.2602   0.0584   0.2953   0.1325    0.075   0.0205    0.258   0.0135   0.2743   0.0648   0.1407    0.109   0.0157   0.3821   0.0455   0.0687   0.0909   0.1148   0.1285   0.0051   0.0921   0.0515   0.2684   0.3592   0.4936   0.2111   0.0571   0.0354   0.2731   0.0144   0.2971   0.1439      1.0    0.001   0.1068   0.1136   0.0496   0.3136   0.0914   0.0071   0.1197   0.3537   0.3333   0.1864   0.0714    0.068   0.0949   0.3597   0.0767   0.0139
  snr   -16.04
    H     5.26
 exon    False

M: qpsk
 freq      0.0   0.0017   0.0034   0.0052   0.0069   0.0086   0.0103    0.012   0.0138   0.0155   0.0172   0.0189   0.0207   0.0224   0.0241   0.0258   0.0275   0.0293    0.031   0.0327   0.0344   0.0361   0.0379   0.0396   0.0413    0.043   0.0448   0.0465   0.0482   0.0499   0.0516   0.0534   0.0551   0.0568   0.0585   0.0602    0.062   0.0637   0.0654   0.0671   0.0688   0.0706   0.0723    0.074   0.0757   0.0775   0.0792   0.0809   0.0826   0.0843   0.0861   0.0878   0.0895   0.0912   0.0929   0.0947   0.0964   0.0981   0.0998   0.1015   0.1033    0.105   0.1067   0.1084   0.1102   0.1119   0.1136   0.1153    0.117   0.1188   0.1205   0.1222   0.1239   0.1256   0.1274   0.1291   0.1308   0.1325   0.1343    0.136   0.1377   0.1394   0.1411   0.1429   0.1446   0.1463    0.148   0.1497   0.1515   0.1532   0.1549   0.1566   0.1583   0.1601   0.1618   0.1635   0.1652    0.167   0.1687   0.1704   0.1721   0.1738   0.1756   0.1773    0.179   0.1807   0.1824   0.1842   0.1859   0.1876   0.1893    0.191   0.1928   0.1945   0.1962   0.1979   0.1997   0.2014   0.2031   0.2048   0.2065   0.2083     0.21   0.2117   0.2134   0.2151   0.2169   0.2186   0.2203    0.222   0.2238   0.2255   0.2272   0.2289   0.2306   0.2324   0.2341   0.2358   0.2375   0.2392    0.241   0.2427   0.2444   0.2461   0.2478   0.2496   0.2513    0.253   0.2547   0.2565   0.2582   0.2599   0.2616   0.2633   0.2651   0.2668   0.2685   0.2702   0.2719   0.2737   0.2754   0.2771   0.2788   0.2806   0.2823    0.284   0.2857   0.2874   0.2892   0.2909   0.2926   0.2943    0.296   0.2978   0.2995   0.3012   0.3029   0.3046   0.3064   0.3081   0.3098   0.3115   0.3133    0.315   0.3167   0.3184   0.3201   0.3219   0.3236   0.3253    0.327   0.3287   0.3305   0.3322   0.3339   0.3356   0.3373   0.3391   0.3408   0.3425   0.3442    0.346   0.3477   0.3494   0.3511   0.3528   0.3546   0.3563    0.358   0.3597   0.3614   0.3632   0.3649   0.3666   0.3683   0.3701   0.3718   0.3735   0.3752   0.3769   0.3787   0.3804   0.3821   0.3838   0.3855   0.3873    0.389   0.3907   0.3924   0.3941   0.3959   0.3976   0.3993    0.401   0.4028   0.4045   0.4062   0.4079   0.4096   0.4114   0.4131   0.4148   0.4165   0.4182     0.42   0.4217   0.4234   0.4251   0.4269   0.4286   0.4303    0.432   0.4337   0.4355   0.4372   0.4389   0.4406   0.4423   0.4441   0.4458   0.4475   0.4492   0.4509   0.4527   0.4544   0.4561   0.4578   0.4596   0.4613    0.463   0.4647   0.4664   0.4682   0.4699   0.4716   0.4733    0.475   0.4768   0.4785   0.4802   0.4819   0.4836   0.4854   0.4871   0.4888   0.4905   0.4923    0.494   0.4957   0.4974   0.4991
    S      0.0      1.0   0.4927   0.1783   0.1099   0.5509   0.1342   0.1103   0.2395   0.1368   0.2274   0.2686   0.0063   0.2146   0.2375   0.1774   0.0747   0.1596   0.2778   0.1765   0.3575   0.4299   0.1548   0.1962   0.4323   0.3877   0.0705   0.1763   0.2548   0.0204    0.511   0.1677   0.0985   0.1492   0.0247   0.0582   0.1266   0.2726   0.0672   0.1673   0.0557   0.1034   0.1228   0.1596   0.0518   0.0938   0.0696   0.1117   0.3346   0.1902   0.0995   0.4983   0.3641   0.2267   0.1377   0.2362   0.2733   0.2109   0.1525   0.2647   0.0515    0.118   0.2632    0.073    0.147   0.1323   0.1749    0.362   0.0473   0.0388   0.1495   0.0814   0.0934   0.1011    0.051   0.0943   0.0907   0.2376   0.1068   0.3179   0.2424   0.0574   0.1047   0.5586   0.0799   0.3541   0.4763   0.2438   0.1322   0.2171   0.0593   0.3152   0.0489   0.0362   0.0566   0.4683   0.1884   0.2273   0.0415   0.1166   0.1647   0.3784   0.0801   0.0937   0.1433   0.0736   0.2724   0.1328   0.2309   0.0389   0.0504   0.0232   0.3056   0.0737   0.0956   0.2833   0.0713   0.0916   0.1297   0.1205   0.2207   0.0178   0.2359   0.1182   0.3615   0.2175   0.1736   0.1874   0.3804   0.2191   0.3237   0.0048   0.0339   0.2658   0.1039   0.1431    0.209   0.1586   0.1516   0.3028   0.1289    0.178   0.1256   0.1264   0.0617   0.1567   0.2014   0.2702   0.0978   0.1035   0.3044   0.3225   0.1645   0.0372   0.1106   0.2169   0.0984   0.5022   0.3562   0.4517   0.0382    0.483   0.1265   0.3014   0.0283   0.3268   0.0529   0.1783   0.1985    0.078   0.0872   0.4731   0.1753   0.0585   0.0087   0.1772   0.0525   0.1769   0.0558    0.018   0.2964    0.513   0.3014    0.051   0.2173   0.4099   0.2519   0.0162   0.1669   0.1634   0.5897   0.3458   0.2438   0.1619   0.2727   0.0666   0.0422    0.265   0.2557   0.1829   0.2136   0.2269   0.1076   0.0973   0.1814   0.0489   0.1213   0.0284   0.2054   0.0984   0.2849   0.1101   0.3176   0.2909   0.0728    0.311   0.2297   0.2066   0.2652   0.1788   0.1528   0.2974   0.4611   0.2144   0.6429    0.044   0.4826   0.1344   0.0529   0.1688   0.3748   0.3303   0.1908   0.2227   0.3488   0.0632   0.0817   0.0487   0.0624   0.0899   0.1583   0.4025   0.1946   0.1551   0.3038   0.2632   0.4553   0.1935   0.1648   0.3018   0.0816   0.2199   0.2578    0.076   0.2389    0.143    0.055   0.0798   0.0471   0.1945   0.1165   0.1204    0.079   0.2941   0.5263   0.3701   0.2576   0.1851   0.1862   0.3082   0.3498   0.3664   0.1248   0.6353   0.2297   0.2455   0.1079   0.1342   0.1678   0.0788   0.0998   0.2061   0.1357   0.1928   0.3022    0.202     0.09   0.4213   0.3118   0.2542   0.0258
  snr    -17.5
    H     5.44
 exon    False

M: mem
 freq      0.0   0.0017   0.0034   0.0052   0.0069   0.0086   0.0103   0.0121   0.0138   0.0155   0.0172    0.019   0.0207   0.0224   0.0241   0.0259   0.0276   0.0293    0.031   0.0328   0.0345   0.0362   0.0379   0.0397   0.0414   0.0431   0.0448   0.0466   0.0483     0.05   0.0517   0.0534   0.0552   0.0569   0.0586   0.0603   0.0621   0.0638   0.0655   0.0672    0.069   0.0707   0.0724   0.0741   0.0759   0.0776   0.0793    0.081   0.0828   0.0845   0.0862   0.0879   0.0897   0.0914   0.0931   0.0948   0.0966   0.0983      0.1   0.1017   0.1034   0.1052   0.1069   0.1086   0.1103   0.1121   0.1138   0.1155   0.1172    0.119   0.1207   0.1224   0.1241   0.1259   0.1276   0.1293    0.131   0.1328   0.1345   0.1362   0.1379   0.1397   0.1414   0.1431   0.1448   0.1466   0.1483     0.15   0.1517   0.1534   0.1552   0.1569   0.1586   0.1603   0.1621   0.1638   0.1655   0.1672    0.169   0.1707   0.1724   0.1741   0.1759   0.1776   0.1793    0.181   0.1828   0.1845   0.1862   0.1879   0.1897   0.1914   0.1931   0.1948   0.1966   0.1983      0.2   0.2017   0.2034   0.2052   0.2069   0.2086   0.2103   0.2121   0.2138   0.2155   0.2172    0.219   0.2207   0.2224   0.2241   0.2259   0.2276   0.2293    0.231   0.2328   0.2345   0.2362   0.2379   0.2397   0.2414   0.2431   0.2448   0.2466   0.2483     0.25   0.2517   0.2534   0.2552   0.2569   0.2586   0.2603   0.2621   0.2638   0.2655   0.2672    0.269   0.2707   0.2724   0.2741   0.2759   0.2776   0.2793    0.281   0.2828   0.2845   0.2862   0.2879   0.2897   0.2914   0.2931   0.2948   0.2966   0.2983      0.3   0.3017   0.3034   0.3052   0.3069   0.3086   0.3103   0.3121   0.3138   0.3155   0.3172    0.319   0.3207   0.3224   0.3241   0.3259   0.3276   0.3293    0.331   0.3328   0.3345   0.3362   0.3379   0.3397   0.3414   0.3431   0.3448   0.3466   0.3483     0.35   0.3517   0.3534   0.3552   0.3569   0.3586   0.3603   0.3621   0.3638   0.3655   0.3672    0.369   0.3707   0.3724   0.3741   0.3759   0.3776   0.3793    0.381   0.3828   0.3845   0.3862   0.3879   0.3897   0.3914   0.3931   0.3948   0.3966   0.3983      0.4   0.4017   0.4034   0.4052   0.4069   0.4086   0.4103   0.4121   0.4138   0.4155   0.4172    0.419   0.4207   0.4224   0.4241   0.4259   0.4276   0.4293    0.431   0.4328   0.4345   0.4362   0.4379   0.4397   0.4414   0.4431   0.4448   0.4466   0.4483     0.45   0.4517   0.4534   0.4552   0.4569   0.4586   0.4603   0.4621   0.4638   0.4655   0.4672    0.469   0.4707   0.4724   0.4741   0.4759   0.4776   0.4793    0.481   0.4828   0.4845   0.4862   0.4879   0.4897   0.4914   0.4931   0.4948   0.4966   0.4983
    S      0.0    0.426   0.1592   0.5513   0.0694    0.884   0.0621   0.1081   0.7499   0.1692   0.2615   0.1611   0.0925   0.2274   0.2975   0.1452   0.0487   0.1646    0.159   0.1167   0.3491   0.2647   0.0462   0.0371   0.4447   0.5804   0.1497   0.0116   0.0691   0.0351   0.8074   0.0627   0.1137   0.3077   0.1607    0.099   0.0409   0.0912   0.0818   0.0753   0.0287   0.1771   0.0064   0.0413    0.164   0.0546   0.0911    0.098   0.1073   0.1207   0.0763   0.1449   0.1215   0.2732   0.1734   0.1334   0.2341   0.0194   0.0281   0.1517   0.0765   0.0244   0.0946   0.1652   0.1326   0.0535   0.0668   0.1088   0.1768   0.0114   0.0121   0.1127   0.0962   0.0954   0.0197   0.0042   0.0902   0.2448   0.1014   0.1651   0.2636   0.0869   0.1742      1.0   0.0912   0.0392    0.001   0.2857   0.5301   0.0774   0.0369   0.0668   0.0934   0.0499   0.0627   0.1073   0.2781   0.1387   0.0202   0.0706   0.1986   0.4152   0.0812   0.1888   0.0994   0.0165   0.0889   0.2664   0.1284   0.0262   0.0723   0.1228   0.8508   0.0081   0.2967   0.1437   0.0053   0.0189    0.122   0.0407   0.2521   0.1182   0.0931     0.01   0.0218   0.0205   0.0883   0.0489   0.0906   0.3977   0.2046   0.0417   0.0018   0.2818   0.3656   0.0018   0.3143   0.0273   0.2577   0.0371    0.029   0.1544   0.2027   0.0451   0.0954   0.0321   0.0255   0.0806   0.0234   0.2512   0.5145   0.2025   0.0163   0.0284   0.0702   0.2027   0.1295   0.1199   0.1831   0.2883   0.0667   0.0935   0.0791   0.1735   0.0393   0.1983   0.1085    0.839   0.4619   0.2587    0.001   0.0372   0.0089   0.0446   0.0338   0.0516   0.1407   0.2044    0.044   0.0452   0.1866   0.2815    0.179   0.2174   0.1546   0.5288   0.3175    0.023   0.0055    0.437   0.0536   0.1337   0.2051   0.0236     0.07   0.2122   0.1206   0.1848   0.1262   0.1291   0.0592   0.5124   0.0455   0.1476   0.1413   0.0251   0.0137   0.5507   0.0336   0.1118   0.1271   0.0078   0.0154   0.0849   0.0851   0.1764   0.2801   0.0066   0.0631    0.055   0.1684   0.4258   0.0074   0.2934    0.063   0.3134   0.5229    0.172   0.2052   0.1137   0.2525   0.0332   0.1554   0.1942   0.2604   0.1488   0.0085   0.1065   0.0041   0.0042   0.0162   0.0807   0.4924   0.0608    0.043   0.0128   0.0041   0.0031   0.0726   0.0595   0.0516   0.1624    0.597    0.012   0.0004   0.1457   0.0422   0.0082   0.0811   0.0396   0.0121   0.0299   0.1897   0.1608   0.0083    0.024   0.0143   0.1215   0.0084   0.1848   0.0633   0.0944   0.0728   0.0204   0.1317   0.5457   0.0238   0.1699   0.1153   0.0332   0.0797   0.3796   0.0234   0.0805   0.0987    0.038   0.1757   0.0445   0.1469   0.0258
  snr   -16.17
    H     5.19
 exon    False

M: tbpse
 freq      0.0   0.0017   0.0034   0.0052   0.0069   0.0086   0.0103    0.012   0.0138   0.0155   0.0172   0.0189   0.0207   0.0224   0.0241   0.0258   0.0275   0.0293    0.031   0.0327   0.0344   0.0361   0.0379   0.0396   0.0413    0.043   0.0448   0.0465   0.0482   0.0499   0.0516   0.0534   0.0551   0.0568   0.0585   0.0602    0.062   0.0637   0.0654   0.0671   0.0688   0.0706   0.0723    0.074   0.0757   0.0775   0.0792   0.0809   0.0826   0.0843   0.0861   0.0878   0.0895   0.0912   0.0929   0.0947   0.0964   0.0981   0.0998   0.1015   0.1033    0.105   0.1067   0.1084   0.1102   0.1119   0.1136   0.1153    0.117   0.1188   0.1205   0.1222   0.1239   0.1256   0.1274   0.1291   0.1308   0.1325   0.1343    0.136   0.1377   0.1394   0.1411   0.1429   0.1446   0.1463    0.148   0.1497   0.1515   0.1532   0.1549   0.1566   0.1583   0.1601   0.1618   0.1635   0.1652    0.167   0.1687   0.1704   0.1721   0.1738   0.1756   0.1773    0.179   0.1807   0.1824   0.1842   0.1859   0.1876   0.1893    0.191   0.1928   0.1945   0.1962   0.1979   0.1997   0.2014   0.2031   0.2048   0.2065   0.2083     0.21   0.2117   0.2134   0.2151   0.2169   0.2186   0.2203    0.222   0.2238   0.2255   0.2272   0.2289   0.2306   0.2324   0.2341   0.2358   0.2375   0.2392    0.241   0.2427   0.2444   0.2461   0.2478   0.2496   0.2513    0.253   0.2547   0.2565   0.2582   0.2599   0.2616   0.2633   0.2651   0.2668   0.2685   0.2702   0.2719   0.2737   0.2754   0.2771   0.2788   0.2806   0.2823    0.284   0.2857   0.2874   0.2892   0.2909   0.2926   0.2943    0.296   0.2978   0.2995   0.3012   0.3029   0.3046   0.3064   0.3081   0.3098   0.3115   0.3133    0.315   0.3167   0.3184   0.3201   0.3219   0.3236   0.3253    0.327   0.3287   0.3305   0.3322   0.3339   0.3356   0.3373   0.3391   0.3408   0.3425   0.3442    0.346   0.3477   0.3494   0.3511   0.3528   0.3546   0.3563    0.358   0.3597   0.3614   0.3632   0.3649   0.3666   0.3683   0.3701   0.3718   0.3735   0.3752   0.3769   0.3787   0.3804   0.3821   0.3838   0.3855   0.3873    0.389   0.3907   0.3924   0.3941   0.3959   0.3976   0.3993    0.401   0.4028   0.4045   0.4062   0.4079   0.4096   0.4114   0.4131   0.4148   0.4165   0.4182     0.42   0.4217   0.4234   0.4251   0.4269   0.4286   0.4303    0.432   0.4337   0.4355   0.4372   0.4389   0.4406   0.4423   0.4441   0.4458   0.4475   0.4492   0.4509   0.4527   0.4544   0.4561   0.4578   0.4596   0.4613    0.463   0.4647   0.4664   0.4682   0.4699   0.4716   0.4733    0.475   0.4768   0.4785   0.4802   0.4819   0.4836   0.4854   0.4871   0.4888   0.4905   0.4923    0.494   0.4957   0.4974   0.4991
    S      0.0   0.1827    0.307   0.0658   0.0494   0.0393   0.0584   0.1677   0.0245   0.0026   0.0756    0.321    0.007   0.1073   0.2716   0.1991   0.1433   0.0046   0.4358   0.2578   0.5468   0.3455   0.0249   0.4461   0.2412   0.0969   0.0447   0.0155   0.1049   0.0083   0.0166   0.1766   0.0219   0.0151   0.0275   0.0463   0.1233   0.2127   0.1242   0.1497   0.0434    0.254   0.0079   0.0322   0.0346   0.0782   0.0766   0.1232    0.166   0.3945   0.0723    0.765   0.2817   0.1994   0.1905   0.0812   0.3636   0.1695   0.0997   0.2583   0.0547   0.0453   0.0702   0.1479   0.0715   0.0847   0.1168   0.4396   0.0063    0.088   0.0967   0.0248     0.11   0.1323   0.0187   0.1227   0.1195   0.0126   0.1695   0.3967   0.1486   0.0623   0.0605   0.1853   0.0533   0.1628   0.5492   0.0589   0.0687   0.1909   0.0637   0.2303   0.0166   0.0233   0.0917   0.6862    0.135   0.1089   0.0333   0.0619   0.3986   0.1407   0.0576   0.2157    0.112   0.0565   0.1861    0.052    0.178   0.0527   0.0102   0.1049   0.1246    0.052   0.0587   0.2264    0.039   0.0726   0.1318   0.1745   0.0837   0.0295   0.3413   0.1607   0.5204   0.2564   0.1677   0.3266   0.5245   0.0323   0.2602   0.0084   0.0236   0.0569    0.135    0.166    0.247      0.1   0.2397   0.5693   0.0226   0.1708   0.1121   0.0079   0.0574   0.0266   0.0544    0.347   0.0715   0.2054   0.0249   0.0046   0.1217   0.0213   0.1272   0.1363   0.0407   0.3979   0.4395   0.3113   0.0676   0.6199    0.191   0.0314   0.0272   0.5974   0.0616   0.0685   0.1447   0.1192   0.1051   0.3031   0.2536   0.0678   0.0483   0.1166   0.0507    0.118   0.0588   0.0382   0.3091   0.0125   0.0826   0.1809   0.3881   0.2012   0.1292   0.0205   0.1033   0.1094   0.4529    0.285   0.0801   0.2757   0.3776   0.0336   0.0144   0.0725   0.0126   0.1124   0.2461   0.0378   0.0401   0.0371   0.2692   0.0229   0.1182   0.0336   0.0944   0.1307   0.2709   0.0077   0.1283   0.3886    0.022   0.1039   0.1654   0.1099     0.13   0.2058   0.0479   0.1168   0.1034   0.3478   0.6517   0.0418   0.0871   0.1115   0.0205   0.2976   0.3352   0.3329   0.3294   0.0155   0.3652   0.0765   0.0302   0.0447   0.0934   0.1194   0.2356   0.2977   0.0975   0.2656   0.2094   0.1701    0.211   0.3334   0.0061   0.4171   0.0405   0.0176   0.0743   0.0319   0.3695    0.034    0.075   0.1135   0.0701   0.0628   0.0361   0.0948   0.0901   0.3217   0.6196   0.6148   0.1577   0.1574   0.1168    0.247   0.0381   0.4897   0.1374      1.0   0.0336    0.172   0.1455   0.0452    0.242   0.0405   0.0216   0.2325   0.3129   0.3457   0.2897   0.0413   0.0874   0.2642   0.4131   0.2519   0.0062
  snr   -16.59
    H     5.27
 exon    False

M: snrse
 freq      0.0   0.0017   0.0034   0.0052   0.0069   0.0086   0.0103    0.012   0.0138   0.0155   0.0172   0.0189   0.0207   0.0224   0.0241   0.0258   0.0275   0.0293    0.031   0.0327   0.0344   0.0361   0.0379   0.0396   0.0413    0.043   0.0448   0.0465   0.0482   0.0499   0.0516   0.0534   0.0551   0.0568   0.0585   0.0602    0.062   0.0637   0.0654   0.0671   0.0688   0.0706   0.0723    0.074   0.0757   0.0775   0.0792   0.0809   0.0826   0.0843   0.0861   0.0878   0.0895   0.0912   0.0929   0.0947   0.0964   0.0981   0.0998   0.1015   0.1033    0.105   0.1067   0.1084   0.1102   0.1119   0.1136   0.1153    0.117   0.1188   0.1205   0.1222   0.1239   0.1256   0.1274   0.1291   0.1308   0.1325   0.1343    0.136   0.1377   0.1394   0.1411   0.1429   0.1446   0.1463    0.148   0.1497   0.1515   0.1532   0.1549   0.1566   0.1583   0.1601   0.1618   0.1635   0.1652    0.167   0.1687   0.1704   0.1721   0.1738   0.1756   0.1773    0.179   0.1807   0.1824   0.1842   0.1859   0.1876   0.1893    0.191   0.1928   0.1945   0.1962   0.1979   0.1997   0.2014   0.2031   0.2048   0.2065   0.2083     0.21   0.2117   0.2134   0.2151   0.2169   0.2186   0.2203    0.222   0.2238   0.2255   0.2272   0.2289   0.2306   0.2324   0.2341   0.2358   0.2375   0.2392    0.241   0.2427   0.2444   0.2461   0.2478   0.2496   0.2513    0.253   0.2547   0.2565   0.2582   0.2599   0.2616   0.2633   0.2651   0.2668   0.2685   0.2702   0.2719   0.2737   0.2754   0.2771   0.2788   0.2806   0.2823    0.284   0.2857   0.2874   0.2892   0.2909   0.2926   0.2943    0.296   0.2978   0.2995   0.3012   0.3029   0.3046   0.3064   0.3081   0.3098   0.3115   0.3133    0.315   0.3167   0.3184   0.3201   0.3219   0.3236   0.3253    0.327   0.3287   0.3305   0.3322   0.3339   0.3356   0.3373   0.3391   0.3408   0.3425   0.3442    0.346   0.3477   0.3494   0.3511   0.3528   0.3546   0.3563    0.358   0.3597   0.3614   0.3632   0.3649   0.3666   0.3683   0.3701   0.3718   0.3735   0.3752   0.3769   0.3787   0.3804   0.3821   0.3838   0.3855   0.3873    0.389   0.3907   0.3924   0.3941   0.3959   0.3976   0.3993    0.401   0.4028   0.4045   0.4062   0.4079   0.4096   0.4114   0.4131   0.4148   0.4165   0.4182     0.42   0.4217   0.4234   0.4251   0.4269   0.4286   0.4303    0.432   0.4337   0.4355   0.4372   0.4389   0.4406   0.4423   0.4441   0.4458   0.4475   0.4492   0.4509   0.4527   0.4544   0.4561   0.4578   0.4596   0.4613    0.463   0.4647   0.4664   0.4682   0.4699   0.4716   0.4733    0.475   0.4768   0.4785   0.4802   0.4819   0.4836   0.4854   0.4871   0.4888   0.4905   0.4923    0.494   0.4957   0.4974   0.4991
    S      0.0      1.0   0.4898   0.0926      0.1   0.3052   0.0744   0.0086   0.0807   0.1307   0.0933   0.1495   0.0143   0.0539   0.1115   0.0246   0.0053   0.1271   0.0962   0.0078   0.0378   0.2078   0.2226   0.1615    0.105   0.2919   0.0049   0.1978   0.2744   0.0155   0.2992   0.0239   0.0556   0.0531   0.0209   0.0119    0.062   0.1193   0.0111   0.0525   0.0258   0.0387   0.1416   0.2092   0.0227   0.0377   0.1264   0.0166   0.1802   0.0655   0.0223    0.036   0.2184   0.0788   0.0018    0.232   0.0663   0.0764   0.0491   0.0249   0.0039   0.1573   0.2457   0.0731   0.0958   0.0401   0.1374   0.0537   0.0067   0.0443    0.196     0.05   0.0944   0.0549   0.0309   0.0365   0.0506   0.1626    0.003   0.0757   0.0393   0.0198   0.0284   0.1876    0.035   0.2317   0.2151   0.1021   0.0118   0.0409   0.0646   0.0884   0.0306   0.0049   0.0006   0.0522   0.0411   0.2013   0.0496   0.1008   0.0402   0.2636   0.0264   0.1901   0.0057    0.018   0.0765   0.0672   0.1105   0.0048    0.025   0.0305   0.0657   0.0858   0.0217   0.0584   0.0684   0.0398   0.0163   0.0817    0.092   0.0021   0.0082   0.0125   0.1545    0.215   0.1415   0.0336   0.0722   0.1277   0.0605   0.0224   0.0107   0.2411   0.0339   0.0182   0.0177   0.0585   0.0045   0.0336   0.1044   0.0824   0.0251   0.1257    0.055   0.1473   0.1806   0.0729   0.0754   0.0196   0.1016   0.3073    0.072   0.0123   0.0402   0.0915   0.0778    0.152   0.1748   0.1844   0.0087   0.1374   0.0281   0.2636   0.0546   0.0109   0.0165   0.0074   0.0494   0.0118   0.0098   0.1743   0.0339   0.0118   0.0206   0.2112   0.1745   0.0942   0.0051   0.0775   0.0261   0.5525    0.193    0.043   0.1607   0.1732   0.0518   0.0033   0.0639   0.0836   0.4111   0.3305   0.1119    0.023   0.0235   0.0066   0.0142   0.2063   0.2357   0.1539   0.0161   0.1037   0.0388   0.0516   0.0162   0.0646   0.1107   0.0266   0.0778   0.0387   0.1117   0.1772   0.4573    0.016   0.0269   0.4194   0.0511   0.2074   0.1429   0.0077   0.0961   0.1434   0.4607   0.0025   0.1379   0.0249   0.2417   0.0899   0.0126   0.0121   0.0264   0.1458   0.0347   0.0949   0.1027   0.0289   0.0642   0.0241   0.0018   0.0072   0.0333   0.2129   0.1021   0.0894   0.1478   0.0881     0.26   0.0168   0.1446   0.0254    0.083   0.3527   0.1219   0.0143   0.1382   0.1182   0.0225   0.0164   0.0622   0.1873   0.0843   0.0789   0.0024    0.072   0.1133    0.064   0.2437   0.0557   0.0745   0.1867   0.2885   0.0398   0.0673   0.2982   0.1272   0.0536   0.0135   0.0861   0.1471   0.1138   0.0304   0.0062   0.0771   0.0772   0.0813    0.206   0.0221   0.1782   0.0928    0.023   0.0354
  snr   -14.35
    H     5.21
 exon    False