>data-XVI-cerevisiae-intergenic-125
N: 448
Methods: voss, eiip, qpsk, mem, tbpse, snrse

M: voss
 freq      0.0   0.0022   0.0045   0.0067   0.0089   0.0112   0.0134   0.0156   0.0179   0.0201   0.0223   0.0246   0.0268    0.029   0.0312   0.0335   0.0357   0.0379   0.0402   0.0424   0.0446   0.0469   0.0491   0.0513   0.0536   0.0558    0.058   0.0603   0.0625   0.0647    0.067   0.0692   0.0714   0.0737   0.0759   0.0781   0.0804   0.0826   0.0848   0.0871   0.0893   0.0915   0.0938    0.096   0.0982   0.1004   0.1027   0.1049   0.1071   0.1094   0.1116   0.1138   0.1161   0.1183   0.1205   0.1228    0.125   0.1272   0.1295   0.1317   0.1339   0.1362   0.1384   0.1406   0.1429   0.1451   0.1473   0.1496   0.1518    0.154   0.1562   0.1585   0.1607   0.1629   0.1652   0.1674   0.1696   0.1719   0.1741   0.1763   0.1786   0.1808    0.183   0.1853   0.1875   0.1897    0.192   0.1942   0.1964   0.1987   0.2009   0.2031   0.2054   0.2076   0.2098   0.2121   0.2143   0.2165   0.2188    0.221   0.2232   0.2254   0.2277   0.2299   0.2321   0.2344   0.2366   0.2388   0.2411   0.2433   0.2455   0.2478     0.25   0.2522   0.2545   0.2567   0.2589   0.2612   0.2634   0.2656   0.2679   0.2701   0.2723   0.2746   0.2768    0.279   0.2812   0.2835   0.2857   0.2879   0.2902   0.2924   0.2946   0.2969   0.2991   0.3013   0.3036   0.3058    0.308   0.3103   0.3125   0.3147    0.317   0.3192   0.3214   0.3237   0.3259   0.3281   0.3304   0.3326   0.3348   0.3371   0.3393   0.3415   0.3438    0.346   0.3482   0.3504   0.3527   0.3549   0.3571   0.3594   0.3616   0.3638   0.3661   0.3683   0.3705   0.3728    0.375   0.3772   0.3795   0.3817   0.3839   0.3862   0.3884   0.3906   0.3929   0.3951   0.3973   0.3996   0.4018    0.404   0.4062   0.4085   0.4107   0.4129   0.4152   0.4174   0.4196   0.4219   0.4241   0.4263   0.4286   0.4308    0.433   0.4353   0.4375   0.4397    0.442   0.4442   0.4464   0.4487   0.4509   0.4531   0.4554   0.4576   0.4598   0.4621   0.4643   0.4665   0.4688    0.471   0.4732   0.4754   0.4777   0.4799   0.4821   0.4844   0.4866   0.4888   0.4911   0.4933   0.4955   0.4978
    S      0.0   0.4042      1.0   0.8519   0.9522   0.0882   0.4538    0.753     0.46   0.4418    0.225   0.1747   0.2513   0.4593   0.1681   0.1027   0.0225   0.3813   0.1151   0.4512   0.1867   0.2961   0.2132   0.2153   0.1955   0.3112   0.2658   0.4606   0.5198   0.3045    0.381   0.3144   0.2271   0.3082   0.3901   0.3271   0.2639   0.9616     0.05   0.2506   0.3537   0.4773   0.1603   0.3978   0.6518   0.3561   0.1836   0.2027     0.11   0.2757   0.2128   0.2146   0.4626   0.3251   0.5411    0.321   0.3224   0.3869   0.3584   0.5442   0.2977   0.1748   0.5625   0.1199   0.1519   0.1642     0.22   0.0497   0.3591   0.2068   0.2481   0.4128    0.265   0.2772   0.3558   0.0882   0.3424    0.412    0.221   0.5964   0.0851   0.2652     0.34   0.5638   0.7628   0.1508    0.406   0.6202   0.4075   0.1539   0.7378   0.1673   0.0506   0.2603   0.1973   0.1991   0.1391   0.2204   0.0387   0.5667    0.104   0.0648    0.296   0.3972   0.2058   0.0982   0.2335   0.2374    0.365   0.0885   0.0358   0.4122   0.5365   0.1356   0.1029   0.1701   0.2384   0.2508   0.3356   0.1283   0.4197    0.239   0.1157   0.3989   0.3376    0.465    0.299   0.2619   0.1807   0.4127   0.2388   0.6573   0.2995   0.0941   0.1937   0.3463   0.1571    0.343   0.1204   0.0906   0.0649   0.3215    0.088   0.5004   0.0589   0.4519   0.3005   0.2589   0.1327   0.3248   0.0982   0.1922   0.3111   0.0966   0.3668   0.3862   0.1197   0.2228   0.2637   0.5128   0.3707   0.3229   0.3003    0.169   0.5885   0.2325   0.0785   0.2123   0.0553   0.1019   0.2024   0.0778   0.2794   0.1421    0.338   0.2041   0.3283   0.0359   0.1196   0.1589   0.2601   0.3462   0.1937   0.2103   0.3942     0.45   0.1451   0.3104   0.4334   0.2725   0.1646   0.3475   0.4484   0.1411   0.6646   0.1271   0.1632   0.1375   0.0552   0.1608   0.3367   0.3368    0.238   0.3181    0.202   0.1304   0.2068   0.4904   0.1188   0.1197   0.8125   0.8261   0.0728   0.1652   0.3179   0.5829   0.2671   0.2441   0.3332   0.3235   0.1331   0.2086   0.2122   0.3062
  snr   -18.07
    H     5.23
 exon    False

M: eiip
 freq      0.0   0.0022   0.0045   0.0067   0.0089   0.0112   0.0134   0.0156   0.0179   0.0201   0.0223   0.0246   0.0268    0.029   0.0312   0.0335   0.0357   0.0379   0.0402   0.0424   0.0446   0.0469   0.0491   0.0513   0.0536   0.0558    0.058   0.0603   0.0625   0.0647    0.067   0.0692   0.0714   0.0737   0.0759   0.0781   0.0804   0.0826   0.0848   0.0871   0.0893   0.0915   0.0938    0.096   0.0982   0.1004   0.1027   0.1049   0.1071   0.1094   0.1116   0.1138   0.1161   0.1183   0.1205   0.1228    0.125   0.1272   0.1295   0.1317   0.1339   0.1362   0.1384   0.1406   0.1429   0.1451   0.1473   0.1496   0.1518    0.154   0.1562   0.1585   0.1607   0.1629   0.1652   0.1674   0.1696   0.1719   0.1741   0.1763   0.1786   0.1808    0.183   0.1853   0.1875   0.1897    0.192   0.1942   0.1964   0.1987   0.2009   0.2031   0.2054   0.2076   0.2098   0.2121   0.2143   0.2165   0.2188    0.221   0.2232   0.2254   0.2277   0.2299   0.2321   0.2344   0.2366   0.2388   0.2411   0.2433   0.2455   0.2478     0.25   0.2522   0.2545   0.2567   0.2589   0.2612   0.2634   0.2656   0.2679   0.2701   0.2723   0.2746   0.2768    0.279   0.2812   0.2835   0.2857   0.2879   0.2902   0.2924   0.2946   0.2969   0.2991   0.3013   0.3036   0.3058    0.308   0.3103   0.3125   0.3147    0.317   0.3192   0.3214   0.3237   0.3259   0.3281   0.3304   0.3326   0.3348   0.3371   0.3393   0.3415   0.3438    0.346   0.3482   0.3504   0.3527   0.3549   0.3571   0.3594   0.3616   0.3638   0.3661   0.3683   0.3705   0.3728    0.375   0.3772   0.3795   0.3817   0.3839   0.3862   0.3884   0.3906   0.3929   0.3951   0.3973   0.3996   0.4018    0.404   0.4062   0.4085   0.4107   0.4129   0.4152   0.4174   0.4196   0.4219   0.4241   0.4263   0.4286   0.4308    0.433   0.4353   0.4375   0.4397    0.442   0.4442   0.4464   0.4487   0.4509   0.4531   0.4554   0.4576   0.4598   0.4621   0.4643   0.4665   0.4688    0.471   0.4732   0.4754   0.4777   0.4799   0.4821   0.4844   0.4866   0.4888   0.4911   0.4933   0.4955   0.4978
    S      0.0   0.3387   0.3965   0.5482   0.0773   0.0577   0.1591   0.8795   0.1152   0.1114   0.1159   0.2038   0.2464   0.0868   0.0045   0.0511   0.0032   0.0289   0.0826   0.2976   0.0752   0.1449    0.083   0.1384   0.1887   0.1541   0.1111   0.0884   0.1817   0.0129    0.154   0.0996   0.1381   0.2645   0.2185   0.1473   0.1863   0.0878   0.0164   0.0043   0.1314   0.1594   0.2022   0.0877   0.1544   0.2514   0.0048   0.0452   0.1212   0.1032   0.0553    0.042   0.2091   0.2861   0.2915   0.1606   0.2376   0.0467   0.0278   0.7724   0.3449   0.2745   0.6154    0.052   0.0088   0.2593   0.3009   0.0954   0.1917   0.0593    0.353   0.0209   0.2394    0.017   0.1825    0.064   0.3041   0.2322   0.1974   0.1786   0.0748   0.4485   0.5517   0.2474   0.2016   0.0714   0.3192   0.1298   0.2038    0.233   0.1477   0.0055   0.0234   0.0486   0.3268   0.2653    0.034   0.2154   0.0336   0.1121   0.0412    0.016   0.2801   0.0153   0.0376   0.0068   0.0764   0.0976   0.0035   0.0545   0.0331   0.0879   0.0534   0.0267   0.1853   0.0486   0.0337   0.2072   0.1376   0.0712   0.3227   0.1404   0.2022     0.16   0.0516   0.0248   0.1727   0.3331    0.003   0.2206   0.0128   0.6423   0.1439   0.0884   0.1047     0.35   0.0684   0.4993   0.0281   0.0237   0.1034   0.0037   0.1681   0.2251     0.08   0.3764   0.1273   0.0493     0.07   0.1855   0.0386   0.2052   0.3901   0.0749   0.1422   0.2971   0.1496   0.2257   0.0686   0.0864   0.0294    0.235    0.399   0.2765   0.6344   0.1252   0.0425   0.1205   0.0134   0.0388   0.3771   0.0697   0.1767   0.0909   0.1596   0.1124    0.131   0.0195   0.0254   0.2113   0.1306   0.4077   0.0741   0.2224   0.2845    0.322    0.033   0.2709   0.1833    0.258   0.0001   0.0124   0.1563   0.0301   0.0546   0.1076   0.3513    0.086   0.0047   0.1131   0.7269   0.3715   0.2319   0.0474   0.0746   0.1581   0.0444      1.0   0.0523   0.0528   0.1847   0.0002   0.0093   0.0752   0.5496   0.3316   0.0655   0.0999   0.0493   0.1847   0.0215   0.0482   0.0421    0.289
  snr   -15.52
    H     5.01
 exon    False

M: qpsk
 freq      0.0   0.0022   0.0045   0.0067   0.0089   0.0112   0.0134   0.0156   0.0179   0.0201   0.0223   0.0246   0.0268    0.029   0.0312   0.0335   0.0357   0.0379   0.0402   0.0424   0.0446   0.0469   0.0491   0.0513   0.0536   0.0558    0.058   0.0603   0.0625   0.0647    0.067   0.0692   0.0714   0.0737   0.0759   0.0781   0.0804   0.0826   0.0848   0.0871   0.0893   0.0915   0.0938    0.096   0.0982   0.1004   0.1027   0.1049   0.1071   0.1094   0.1116   0.1138   0.1161   0.1183   0.1205   0.1228    0.125   0.1272   0.1295   0.1317   0.1339   0.1362   0.1384   0.1406   0.1429   0.1451   0.1473   0.1496   0.1518    0.154   0.1562   0.1585   0.1607   0.1629   0.1652   0.1674   0.1696   0.1719   0.1741   0.1763   0.1786   0.1808    0.183   0.1853   0.1875   0.1897    0.192   0.1942   0.1964   0.1987   0.2009   0.2031   0.2054   0.2076   0.2098   0.2121   0.2143   0.2165   0.2188    0.221   0.2232   0.2254   0.2277   0.2299   0.2321   0.2344   0.2366   0.2388   0.2411   0.2433   0.2455   0.2478     0.25   0.2522   0.2545   0.2567   0.2589   0.2612   0.2634   0.2656   0.2679   0.2701   0.2723   0.2746   0.2768    0.279   0.2812   0.2835   0.2857   0.2879   0.2902   0.2924   0.2946   0.2969   0.2991   0.3013   0.3036   0.3058    0.308   0.3103   0.3125   0.3147    0.317   0.3192   0.3214   0.3237   0.3259   0.3281   0.3304   0.3326   0.3348   0.3371   0.3393   0.3415   0.3438    0.346   0.3482   0.3504   0.3527   0.3549   0.3571   0.3594   0.3616   0.3638   0.3661   0.3683   0.3705   0.3728    0.375   0.3772   0.3795   0.3817   0.3839   0.3862   0.3884   0.3906   0.3929   0.3951   0.3973   0.3996   0.4018    0.404   0.4062   0.4085   0.4107   0.4129   0.4152   0.4174   0.4196   0.4219   0.4241   0.4263   0.4286   0.4308    0.433   0.4353   0.4375   0.4397    0.442   0.4442   0.4464   0.4487   0.4509   0.4531   0.4554   0.4576   0.4598   0.4621   0.4643   0.4665   0.4688    0.471   0.4732   0.4754   0.4777   0.4799   0.4821   0.4844   0.4866   0.4888   0.4911   0.4933   0.4955   0.4978
    S      0.0   0.4844   0.8809   0.8543   0.6612   0.0646   0.3778   0.7866    0.379   0.1535   0.1035   0.0855   0.2955     0.26   0.1372   0.0729   0.0121   0.1396   0.1201   0.3394   0.1349    0.339   0.0455   0.0496   0.1666   0.2992   0.2298   0.4521   0.3889   0.1058    0.402   0.3751   0.2477   0.3606   0.3309   0.2923   0.2645   0.7093   0.0569   0.2167   0.4186   0.3526   0.1159   0.4246   0.5939   0.3752   0.1376   0.1709   0.1247    0.247    0.244   0.1345   0.3295   0.3448   0.6343   0.3579   0.3477   0.3324   0.3387   0.5185   0.1379   0.1579   0.5995   0.0854   0.0803   0.0697   0.2347   0.0394   0.3994    0.086   0.2171   0.4705   0.1061   0.1064   0.4109   0.0914   0.1411   0.1995   0.1352   0.3966   0.0714   0.2333   0.3289   0.0748    0.404   0.1278   0.4052   0.2937   0.4647   0.1114   0.4253   0.0957   0.0441   0.2904   0.0843   0.2194   0.1517   0.2424   0.0076   0.4246   0.1005   0.0744   0.1055   0.2019   0.1209     0.05   0.1748   0.1438   0.1684   0.0873   0.0334   0.3806   0.4173   0.1083   0.0994   0.0367   0.1764   0.2748   0.2815   0.1356   0.2422   0.2426   0.1136   0.4743   0.0884   0.4899   0.2377    0.149   0.1776   0.3127   0.0691   0.6736   0.3216   0.1054   0.2125   0.3815    0.124    0.205   0.1309   0.1008   0.0617   0.1473   0.0614   0.1875   0.0462   0.5236   0.1765   0.2476   0.0853   0.2071   0.0222   0.1094   0.0445   0.1122   0.3175   0.4463   0.0459   0.0957   0.0903   0.6124   0.2362   0.2489   0.1889   0.0927   0.4998   0.2724   0.0668   0.2135   0.0632   0.1151   0.1241   0.0763    0.277   0.1481   0.3757   0.1117   0.1677   0.0172   0.1058   0.1202   0.2778   0.4125   0.0686   0.0365   0.2907   0.2884   0.0752   0.0443   0.5245   0.2225    0.178   0.0881    0.384   0.1142   0.5589   0.0918   0.1555   0.0302   0.0281   0.1629   0.2684   0.4028   0.2633   0.2402   0.2183   0.0717   0.1495   0.5348   0.1194   0.0998   0.3365      1.0   0.0485   0.0145    0.295     0.55    0.289   0.2221   0.2173   0.2141   0.0464   0.1533   0.0619   0.3204
  snr    -17.1
    H     5.15
 exon    False

M: mem
 freq      0.0   0.0022   0.0045   0.0067   0.0089   0.0112   0.0134   0.0156   0.0179   0.0201   0.0223   0.0246   0.0268    0.029   0.0312   0.0335   0.0357   0.0379   0.0402   0.0424   0.0446   0.0469   0.0491   0.0513   0.0536   0.0558    0.058   0.0603   0.0625   0.0647    0.067   0.0692   0.0714   0.0737   0.0759   0.0781   0.0804   0.0826   0.0848   0.0871   0.0893   0.0915   0.0938    0.096   0.0982   0.1004   0.1027   0.1049   0.1071   0.1094   0.1116   0.1138   0.1161   0.1183   0.1205   0.1228    0.125   0.1272   0.1295   0.1317   0.1339   0.1362   0.1384   0.1406   0.1429   0.1451   0.1473   0.1496   0.1518    0.154   0.1562   0.1585   0.1607   0.1629   0.1652   0.1674   0.1696   0.1719   0.1741   0.1763   0.1786   0.1808    0.183   0.1853   0.1875   0.1897    0.192   0.1942   0.1964   0.1987   0.2009   0.2031   0.2054   0.2076   0.2098   0.2121   0.2143   0.2165   0.2188    0.221   0.2232   0.2254   0.2277   0.2299   0.2321   0.2344   0.2366   0.2388   0.2411   0.2433   0.2455   0.2478     0.25   0.2522   0.2545   0.2567   0.2589   0.2612   0.2634   0.2656   0.2679   0.2701   0.2723   0.2746   0.2768    0.279   0.2812   0.2835   0.2857   0.2879   0.2902   0.2924   0.2946   0.2969   0.2991   0.3013   0.3036   0.3058    0.308   0.3103   0.3125   0.3147    0.317   0.3192   0.3214   0.3237   0.3259   0.3281   0.3304   0.3326   0.3348   0.3371   0.3393   0.3415   0.3438    0.346   0.3482   0.3504   0.3527   0.3549   0.3571   0.3594   0.3616   0.3638   0.3661   0.3683   0.3705   0.3728    0.375   0.3772   0.3795   0.3817   0.3839   0.3862   0.3884   0.3906   0.3929   0.3951   0.3973   0.3996   0.4018    0.404   0.4062   0.4085   0.4107   0.4129   0.4152   0.4174   0.4196   0.4219   0.4241   0.4263   0.4286   0.4308    0.433   0.4353   0.4375   0.4397    0.442   0.4442   0.4464   0.4487   0.4509   0.4531   0.4554   0.4576   0.4598   0.4621   0.4643   0.4665   0.4688    0.471   0.4732   0.4754   0.4777   0.4799   0.4821   0.4844   0.4866   0.4888   0.4911   0.4933   0.4955   0.4978
    S      0.0   0.2674      1.0   0.7593   0.5474   0.0115   0.5562   0.6511    0.508   0.1014   0.1099   0.0535   0.0232   0.4352   0.1056   0.0296   0.0173   0.1623   0.0331   0.4408   0.1512   0.0935   0.1249   0.0283   0.0573   0.0808   0.0041   0.0181    0.367   0.2432   0.0064    0.127   0.0237   0.0843   0.3975   0.3562   0.0455    0.155   0.0102   0.1865   0.1055   0.4367   0.0265   0.1311   0.1349   0.3982   0.0907    0.178   0.0845   0.2326   0.0364    0.068   0.4453   0.2206   0.1412    0.096   0.3107   0.2313   0.1637   0.0228   0.0016   0.0458   0.1471   0.0981   0.1429    0.002   0.0411   0.0091   0.0006   0.0865   0.1601   0.0309   0.0047   0.2204   0.0474   0.0079   0.1455   0.1682   0.0146   0.1233   0.0342   0.0104   0.0223   0.2462   0.3057   0.0535     0.08   0.3549   0.0207   0.0358   0.2985   0.0688   0.0161   0.1336    0.002   0.1363   0.0168   0.0588   0.0041   0.4783   0.0554   0.0187   0.0155   0.4415   0.1439   0.0665   0.2482   0.0534   0.1904    0.008   0.0155   0.2637   0.3604   0.0833   0.0254   0.0988    0.086   0.0676   0.1329    0.145   0.2786   0.0544    0.044   0.1601   0.2427   0.0967   0.2145   0.0751   0.0473   0.1252   0.1848   0.3025     0.19   0.0661   0.1265   0.0195   0.1624   0.0022   0.0665   0.0674   0.0047   0.2012   0.0107    0.147   0.0241   0.3473   0.2324   0.1209   0.0781   0.0171   0.0637   0.0524   0.0328   0.0069    0.418   0.0452   0.0178    0.005   0.1067   0.0114   0.0724   0.0164   0.0267   0.0119   0.0624   0.0692   0.0261   0.0124   0.0276   0.0848   0.0025   0.0628    0.241   0.1424   0.3229     0.01   0.2851   0.0132   0.0329   0.0368   0.1479   0.1882   0.0842    0.046   0.0018   0.1134   0.0396   0.0466   0.1661    0.207   0.0406   0.3135   0.0236   0.0587   0.4038   0.0131   0.0417    0.048   0.0473   0.0943   0.0503   0.2251   0.1391   0.3265   0.0156   0.0611   0.0422   0.2097    0.008   0.0086   0.2093   0.0805   0.0511   0.0846   0.0581   0.5894   0.2143    0.291   0.1851    0.156   0.1019   0.1221   0.1177   0.1049
  snr   -14.61
    H     4.91
 exon    False

M: tbpse
 freq      0.0   0.0022   0.0045   0.0067   0.0089   0.0112   0.0134   0.0156   0.0179   0.0201   0.0223   0.0246   0.0268    0.029   0.0312   0.0335   0.0357   0.0379   0.0402   0.0424   0.0446   0.0469   0.0491   0.0513   0.0536   0.0558    0.058   0.0603   0.0625   0.0647    0.067   0.0692   0.0714   0.0737   0.0759   0.0781   0.0804   0.0826   0.0848   0.0871   0.0893   0.0915   0.0938    0.096   0.0982   0.1004   0.1027   0.1049   0.1071   0.1094   0.1116   0.1138   0.1161   0.1183   0.1205   0.1228    0.125   0.1272   0.1295   0.1317   0.1339   0.1362   0.1384   0.1406   0.1429   0.1451   0.1473   0.1496   0.1518    0.154   0.1562   0.1585   0.1607   0.1629   0.1652   0.1674   0.1696   0.1719   0.1741   0.1763   0.1786   0.1808    0.183   0.1853   0.1875   0.1897    0.192   0.1942   0.1964   0.1987   0.2009   0.2031   0.2054   0.2076   0.2098   0.2121   0.2143   0.2165   0.2188    0.221   0.2232   0.2254   0.2277   0.2299   0.2321   0.2344   0.2366   0.2388   0.2411   0.2433   0.2455   0.2478     0.25   0.2522   0.2545   0.2567   0.2589   0.2612   0.2634   0.2656   0.2679   0.2701   0.2723   0.2746   0.2768    0.279   0.2812   0.2835   0.2857   0.2879   0.2902   0.2924   0.2946   0.2969   0.2991   0.3013   0.3036   0.3058    0.308   0.3103   0.3125   0.3147    0.317   0.3192   0.3214   0.3237   0.3259   0.3281   0.3304   0.3326   0.3348   0.3371   0.3393   0.3415   0.3438    0.346   0.3482   0.3504   0.3527   0.3549   0.3571   0.3594   0.3616   0.3638   0.3661   0.3683   0.3705   0.3728    0.375   0.3772   0.3795   0.3817   0.3839   0.3862   0.3884   0.3906   0.3929   0.3951   0.3973   0.3996   0.4018    0.404   0.4062   0.4085   0.4107   0.4129   0.4152   0.4174   0.4196   0.4219   0.4241   0.4263   0.4286   0.4308    0.433   0.4353   0.4375   0.4397    0.442   0.4442   0.4464   0.4487   0.4509   0.4531   0.4554   0.4576   0.4598   0.4621   0.4643   0.4665   0.4688    0.471   0.4732   0.4754   0.4777   0.4799   0.4821   0.4844   0.4866   0.4888   0.4911   0.4933   0.4955   0.4978
    S      0.0   0.1545   0.0299    0.257   0.7521   0.1011   0.0386   0.1978   0.0555   0.5192   0.1085   0.1298   0.0598   0.1893   0.0491   0.1018   0.0116    0.398   0.1024   0.1118   0.0405    0.148   0.0577   0.2544   0.0363   0.0384   0.2193   0.4453   0.1221   0.1837   0.2548   0.1606   0.0459   0.1235   0.1026   0.0596    0.237      1.0   0.0328    0.035    0.218   0.2188   0.0191   0.2946    0.671   0.0405   0.1491   0.0428   0.0228   0.0941   0.1098   0.1242   0.1672   0.0895   0.1668   0.2633   0.0505   0.0187   0.2215   0.1253   0.3087   0.0304   0.4585   0.0617   0.0542    0.151   0.0512   0.0238   0.0977   0.1673    0.064   0.3589   0.3292   0.0567   0.1002   0.0188   0.1822   0.3214    0.235   0.4695   0.0373   0.0437    0.049   0.3744   0.7672   0.1381   0.0794   0.0597   0.2613   0.0298   0.2061   0.1412   0.0456   0.1065    0.068    0.023   0.1272   0.1678   0.0422   0.3036   0.0696   0.0477    0.303   0.0532   0.1199   0.0504   0.0566   0.0992   0.3464   0.0138   0.0036   0.0981   0.3206   0.0086   0.0198    0.039     0.23   0.2201   0.2195   0.0077   0.2363   0.2062   0.0444   0.2237   0.0554   0.3842   0.0248   0.1585   0.1437   0.3973   0.1457   0.1567    0.126   0.0111   0.0898   0.1107   0.0145   0.1432   0.0277   0.0248   0.0126    0.266   0.0355   0.5089   0.0183   0.1704   0.0278    0.027   0.0118   0.3938    0.054   0.0318   0.1796   0.0374   0.0154   0.1655   0.0676    0.232     0.23   0.2408   0.4231   0.3788   0.3011   0.1007   0.6338   0.1619   0.0654   0.2151   0.0156   0.0197   0.0768   0.0053   0.0295   0.0174   0.0458   0.2517   0.1425   0.0025   0.0385   0.1166   0.1024   0.0982   0.0322   0.1305   0.4738   0.3412   0.1498   0.2939   0.1999    0.095   0.0896   0.1469   0.4061   0.1001   0.1523   0.0864   0.0487   0.0348   0.0038   0.0171   0.1601   0.0695   0.1374    0.079   0.2017   0.0647   0.1321   0.1309   0.1319   0.0582   0.8522   0.5143   0.0285   0.0998    0.169   0.1575   0.0479   0.0212   0.0106   0.0747   0.0186   0.1213   0.1356   0.1664
  snr    -15.2
    H     4.98
 exon    False

M: snrse
 freq      0.0   0.0022   0.0045   0.0067   0.0089   0.0112   0.0134   0.0156   0.0179   0.0201   0.0223   0.0246   0.0268    0.029   0.0312   0.0335   0.0357   0.0379   0.0402   0.0424   0.0446   0.0469   0.0491   0.0513   0.0536   0.0558    0.058   0.0603   0.0625   0.0647    0.067   0.0692   0.0714   0.0737   0.0759   0.0781   0.0804   0.0826   0.0848   0.0871   0.0893   0.0915   0.0938    0.096   0.0982   0.1004   0.1027   0.1049   0.1071   0.1094   0.1116   0.1138   0.1161   0.1183   0.1205   0.1228    0.125   0.1272   0.1295   0.1317   0.1339   0.1362   0.1384   0.1406   0.1429   0.1451   0.1473   0.1496   0.1518    0.154   0.1562   0.1585   0.1607   0.1629   0.1652   0.1674   0.1696   0.1719   0.1741   0.1763   0.1786   0.1808    0.183   0.1853   0.1875   0.1897    0.192   0.1942   0.1964   0.1987   0.2009   0.2031   0.2054   0.2076   0.2098   0.2121   0.2143   0.2165   0.2188    0.221   0.2232   0.2254   0.2277   0.2299   0.2321   0.2344   0.2366   0.2388   0.2411   0.2433   0.2455   0.2478     0.25   0.2522   0.2545   0.2567   0.2589   0.2612   0.2634   0.2656   0.2679   0.2701   0.2723   0.2746   0.2768    0.279   0.2812   0.2835   0.2857   0.2879   0.2902   0.2924   0.2946   0.2969   0.2991   0.3013   0.3036   0.3058    0.308   0.3103   0.3125   0.3147    0.317   0.3192   0.3214   0.3237   0.3259   0.3281   0.3304   0.3326   0.3348   0.3371   0.3393   0.3415   0.3438    0.346   0.3482   0.3504   0.3527   0.3549   0.3571   0.3594   0.3616   0.3638   0.3661   0.3683   0.3705   0.3728    0.375   0.3772   0.3795   0.3817   0.3839   0.3862   0.3884   0.3906   0.3929   0.3951   0.3973   0.3996   0.4018    0.404   0.4062   0.4085   0.4107   0.4129   0.4152   0.4174   0.4196   0.4219   0.4241   0.4263   0.4286   0.4308    0.433   0.4353   0.4375   0.4397    0.442   0.4442   0.4464   0.4487   0.4509   0.4531   0.4554   0.4576   0.4598   0.4621   0.4643   0.4665   0.4688    0.471   0.4732   0.4754   0.4777   0.4799   0.4821   0.4844   0.4866   0.4888   0.4911   0.4933   0.4955   0.4978
    S      0.0   0.3736      1.0   0.5132    0.227   0.0209   0.4809   0.7023   0.4384   0.0176    0.058   0.0389   0.0068    0.333   0.0997   0.0348     0.01   0.0504   0.0611   0.3658   0.1109   0.0369   0.0874   0.0025   0.0773   0.1128   0.0183   0.0789   0.2695   0.1356   0.0061    0.177   0.0359   0.0403   0.2942   0.2773   0.0654    0.026   0.0028   0.2096   0.2076   0.3183   0.0282   0.2109   0.1565   0.3683   0.0459   0.1472   0.0626   0.1567   0.0251   0.0677   0.3661    0.144   0.1386   0.1652   0.2652   0.2713   0.1203   0.0177   0.0129   0.0361   0.2967   0.0641   0.0986   0.0152   0.0235   0.0155   0.0161   0.0316   0.1563   0.0698   0.0091   0.1736   0.0615    0.006   0.1385   0.1601   0.0401   0.0336   0.0488   0.0114   0.0198   0.1119   0.1458   0.0444   0.0561    0.315   0.0363   0.0392   0.2751   0.0333   0.0227   0.1571   0.0017   0.1401   0.0261    0.106   0.0004   0.2738    0.037    0.029   0.0154   0.3588   0.1211   0.0408   0.2159   0.0588   0.0691   0.0151   0.0178    0.332   0.2107   0.0851   0.0223    0.074   0.0297   0.1448   0.0503   0.1522   0.2279   0.0585    0.062   0.2818   0.1913   0.0929   0.2284   0.0496   0.0415   0.1573   0.1023   0.1912   0.1321   0.0686   0.1709   0.0216   0.1372   0.0147    0.078   0.0866    0.006    0.088   0.0125   0.0433   0.0174   0.4485   0.2187   0.1502   0.0807   0.0159   0.0425   0.0541   0.0107   0.0086    0.383   0.0155   0.0205    0.004   0.0367   0.0547   0.0076   0.0493   0.0545   0.0266    0.202   0.1076   0.0141   0.0538   0.0367   0.1043   0.0092   0.0603   0.2698   0.1568   0.3757   0.0136    0.215   0.0123   0.0495   0.0658   0.0915   0.1494   0.0709   0.0296   0.0487    0.162   0.0077   0.0155   0.2473   0.1569   0.0644   0.2038   0.0017   0.0697   0.3837    0.002   0.0533   0.0351   0.0413   0.0883   0.0877   0.1833   0.1904   0.2657   0.0582   0.0581   0.0466   0.2494   0.0338    0.015   0.0449   0.2511   0.0347   0.0483   0.0848    0.433   0.2561   0.2646   0.2006   0.1077   0.0818   0.0611   0.0595    0.069
  snr    -14.1
    H     4.93
 exon    False