>data-XVI-cerevisiae-intergenic-62
N: 365
Methods: voss, eiip, qpsk, mem, alg1, alg2

M: voss
 freq      0.0   0.0027   0.0055   0.0082    0.011   0.0137   0.0164   0.0192   0.0219   0.0247   0.0274   0.0301   0.0329   0.0356   0.0384   0.0411   0.0438   0.0466   0.0493   0.0521   0.0548   0.0575   0.0603    0.063   0.0658   0.0685   0.0712    0.074   0.0767   0.0795   0.0822   0.0849   0.0877   0.0904   0.0932   0.0959   0.0986   0.1014   0.1041   0.1068   0.1096   0.1123   0.1151   0.1178   0.1205   0.1233    0.126   0.1288   0.1315   0.1342    0.137   0.1397   0.1425   0.1452   0.1479   0.1507   0.1534   0.1562   0.1589   0.1616   0.1644   0.1671   0.1699   0.1726   0.1753   0.1781   0.1808   0.1836   0.1863    0.189   0.1918   0.1945   0.1973      0.2   0.2027   0.2055   0.2082    0.211   0.2137   0.2164   0.2192   0.2219   0.2247   0.2274   0.2301   0.2329   0.2356   0.2384   0.2411   0.2438   0.2466   0.2493   0.2521   0.2548   0.2575   0.2603    0.263   0.2658   0.2685   0.2712    0.274   0.2767   0.2795   0.2822   0.2849   0.2877   0.2904   0.2932   0.2959   0.2986   0.3014   0.3041   0.3068   0.3096   0.3123   0.3151   0.3178   0.3205   0.3233    0.326   0.3288   0.3315   0.3342    0.337   0.3397   0.3425   0.3452   0.3479   0.3507   0.3534   0.3562   0.3589   0.3616   0.3644   0.3671   0.3699   0.3726   0.3753   0.3781   0.3808   0.3836   0.3863    0.389   0.3918   0.3945   0.3973      0.4   0.4027   0.4055   0.4082    0.411   0.4137   0.4164   0.4192   0.4219   0.4247   0.4274   0.4301   0.4329   0.4356   0.4384   0.4411   0.4438   0.4466   0.4493   0.4521   0.4548   0.4575   0.4603    0.463   0.4658   0.4685   0.4712    0.474   0.4767   0.4795   0.4822   0.4849   0.4877   0.4904   0.4932   0.4959   0.4986
    S      0.0   0.9108   0.6069   0.2861   0.5932   0.5574   0.7615   0.3835   0.3475   0.1758   0.6334   0.6434   0.2008    0.404   0.0985   0.5019   0.8061   0.2862   0.4688   0.3471   0.2521   0.4754   0.2294   0.1925    0.116      1.0   0.3853   0.0786   0.3984   0.1677   0.4687   0.2793    0.332   0.3811   0.4105   0.4642   0.0473   0.1522   0.6649   0.3274   0.3069   0.1664   0.6005   0.4113   0.2332   0.1616   0.3374   0.2688   0.5063   0.1682   0.7856   0.3455   0.2452   0.4661   0.5994   0.2702   0.1913   0.8419   0.4602    0.679   0.2306   0.1737   0.5192   0.3054    0.303   0.2331   0.5154    0.436   0.2639   0.0688      0.6   0.2124   0.2916    0.271   0.4077   0.3236   0.2976   0.0789   0.4961   0.5106   0.3742    0.309   0.2745   0.2493   0.2631   0.2637   0.3172    0.158   0.1592   0.1663   0.4725   0.3976   0.3869   0.3499   0.4983   0.3766   0.6012    0.662   0.5115    0.044   0.3552   0.4981   0.1481   0.5996   0.3594   0.2419   0.5754   0.4177   0.1559   0.4997     0.29   0.3018   0.2124   0.1923   0.2628    0.233   0.4714   0.0723    0.114   0.1558   0.1179   0.1895   0.4559   0.3519   0.4094   0.1696   0.3423   0.6047   0.1253   0.2645   0.2768   0.3104   0.3494   0.6196   0.2578   0.9435   0.1757    0.252   0.0935   0.2959   0.6947   0.4828   0.4334   0.1913   0.2642   0.7375   0.2165   0.1938   0.4045   0.5191    0.184   0.5037   0.2543   0.3704   0.2273    0.265   0.0656   0.2205   0.1574    0.195   0.4804   0.2714   0.1306    0.238   0.4201   0.3741   0.6869   0.3908   0.0415   0.4577   0.3051   0.2456    0.294   0.2235   0.4924   0.1625   0.2376    0.135   0.5222   0.5768   0.4236   0.8496   0.1893
  snr   -18.04
    H     5.06
 exon    False

M: eiip
 freq      0.0   0.0027   0.0055   0.0082    0.011   0.0137   0.0164   0.0192   0.0219   0.0247   0.0274   0.0301   0.0329   0.0356   0.0384   0.0411   0.0438   0.0466   0.0493   0.0521   0.0548   0.0575   0.0603    0.063   0.0658   0.0685   0.0712    0.074   0.0767   0.0795   0.0822   0.0849   0.0877   0.0904   0.0932   0.0959   0.0986   0.1014   0.1041   0.1068   0.1096   0.1123   0.1151   0.1178   0.1205   0.1233    0.126   0.1288   0.1315   0.1342    0.137   0.1397   0.1425   0.1452   0.1479   0.1507   0.1534   0.1562   0.1589   0.1616   0.1644   0.1671   0.1699   0.1726   0.1753   0.1781   0.1808   0.1836   0.1863    0.189   0.1918   0.1945   0.1973      0.2   0.2027   0.2055   0.2082    0.211   0.2137   0.2164   0.2192   0.2219   0.2247   0.2274   0.2301   0.2329   0.2356   0.2384   0.2411   0.2438   0.2466   0.2493   0.2521   0.2548   0.2575   0.2603    0.263   0.2658   0.2685   0.2712    0.274   0.2767   0.2795   0.2822   0.2849   0.2877   0.2904   0.2932   0.2959   0.2986   0.3014   0.3041   0.3068   0.3096   0.3123   0.3151   0.3178   0.3205   0.3233    0.326   0.3288   0.3315   0.3342    0.337   0.3397   0.3425   0.3452   0.3479   0.3507   0.3534   0.3562   0.3589   0.3616   0.3644   0.3671   0.3699   0.3726   0.3753   0.3781   0.3808   0.3836   0.3863    0.389   0.3918   0.3945   0.3973      0.4   0.4027   0.4055   0.4082    0.411   0.4137   0.4164   0.4192   0.4219   0.4247   0.4274   0.4301   0.4329   0.4356   0.4384   0.4411   0.4438   0.4466   0.4493   0.4521   0.4548   0.4575   0.4603    0.463   0.4658   0.4685   0.4712    0.474   0.4767   0.4795   0.4822   0.4849   0.4877   0.4904   0.4932   0.4959   0.4986
    S      0.0    0.208   0.6933    0.089   0.3139    0.279   0.7507   0.2248   0.2066   0.1022   0.0108   0.5062   0.0796   0.2452   0.0236   0.4557   0.1704    0.205   0.1363   0.3314   0.2979   0.4829   0.0103   0.0379   0.1043   0.2259   0.3484   0.0137   0.1925    0.074   0.3258   0.0578   0.0719   0.1918    0.235   0.4302   0.0367   0.1502   0.1909   0.3312   0.0519   0.0841   0.4074   0.0385   0.1718   0.0208   0.1254   0.0512   0.8485   0.1412   0.1855   0.1654   0.2725   0.0927      1.0   0.3978   0.0388   0.0103   0.2032   0.6176   0.0384   0.0349   0.0577    0.044   0.2077   0.0866   0.1809   0.2446   0.0325   0.0843   0.2278   0.0986   0.0853   0.0511   0.0409   0.2222   0.2199   0.0371   0.1914   0.0139   0.0835   0.0746    0.098   0.0814   0.1361   0.1413   0.1198    0.089   0.1943   0.0756   0.1556   0.0778   0.0316   0.3907   0.4026    0.438   0.1409   0.3708    0.253   0.0475   0.1045   0.0296   0.1897   0.1666   0.1726   0.2799   0.2019   0.1324   0.1263   0.0951   0.0151   0.0705   0.1139   0.0934   0.2736   0.0725   0.1298   0.0506   0.0244    0.136   0.0123   0.1516   0.0038   0.1706   0.0993   0.0494   0.0096   0.0447   0.1513   0.1776     0.23   0.0186   0.2286   0.2329   0.1069   0.7002   0.0699   0.1228    0.139   0.0436   0.4709   0.0925   0.1574    0.007   0.3944   0.0582   0.0718   0.1392   0.0808   0.2574   0.1446   0.1675   0.1002    0.096   0.1141   0.3522   0.0422   0.1633   0.0367    0.068   0.2051   0.2689   0.1095   0.0088   0.3201   0.2109   0.1122   0.1507    0.042   0.0327   0.1305   0.1541   0.0428     0.06   0.1127   0.0326   0.0457   0.0503   0.1235    0.112   0.5219   0.0563   0.0059
  snr    -14.7
    H     4.83
 exon    False

M: qpsk
 freq      0.0   0.0027   0.0055   0.0082    0.011   0.0137   0.0164   0.0192   0.0219   0.0247   0.0274   0.0301   0.0329   0.0356   0.0384   0.0411   0.0438   0.0466   0.0493   0.0521   0.0548   0.0575   0.0603    0.063   0.0658   0.0685   0.0712    0.074   0.0767   0.0795   0.0822   0.0849   0.0877   0.0904   0.0932   0.0959   0.0986   0.1014   0.1041   0.1068   0.1096   0.1123   0.1151   0.1178   0.1205   0.1233    0.126   0.1288   0.1315   0.1342    0.137   0.1397   0.1425   0.1452   0.1479   0.1507   0.1534   0.1562   0.1589   0.1616   0.1644   0.1671   0.1699   0.1726   0.1753   0.1781   0.1808   0.1836   0.1863    0.189   0.1918   0.1945   0.1973      0.2   0.2027   0.2055   0.2082    0.211   0.2137   0.2164   0.2192   0.2219   0.2247   0.2274   0.2301   0.2329   0.2356   0.2384   0.2411   0.2438   0.2466   0.2493   0.2521   0.2548   0.2575   0.2603    0.263   0.2658   0.2685   0.2712    0.274   0.2767   0.2795   0.2822   0.2849   0.2877   0.2904   0.2932   0.2959   0.2986   0.3014   0.3041   0.3068   0.3096   0.3123   0.3151   0.3178   0.3205   0.3233    0.326   0.3288   0.3315   0.3342    0.337   0.3397   0.3425   0.3452   0.3479   0.3507   0.3534   0.3562   0.3589   0.3616   0.3644   0.3671   0.3699   0.3726   0.3753   0.3781   0.3808   0.3836   0.3863    0.389   0.3918   0.3945   0.3973      0.4   0.4027   0.4055   0.4082    0.411   0.4137   0.4164   0.4192   0.4219   0.4247   0.4274   0.4301   0.4329   0.4356   0.4384   0.4411   0.4438   0.4466   0.4493   0.4521   0.4548   0.4575   0.4603    0.463   0.4658   0.4685   0.4712    0.474   0.4767   0.4795   0.4822   0.4849   0.4877   0.4904   0.4932   0.4959   0.4986
    S      0.0   0.5943   0.5808   0.1309   0.5784   0.4347   0.3054   0.3408   0.3227   0.1619   0.2767    0.593   0.1298   0.0255   0.0406   0.5304   0.5673   0.2398   0.3996   0.3534   0.2622   0.3521   0.0733   0.1849   0.1235   0.7111   0.3866   0.0842   0.3204   0.1571   0.4519   0.2126   0.1572    0.056   0.4421   0.4655   0.0241   0.1238   0.4301   0.3536   0.1796   0.1732   0.5649   0.2467   0.2454   0.0521   0.2502   0.1036   0.4833   0.0378   0.1049   0.3736   0.0919   0.4833   0.5677   0.0997   0.1762   0.4037   0.1286   0.5354   0.2138   0.1127   0.1434   0.2063   0.2798   0.2397   0.1797   0.3022   0.2263   0.0473   0.3358   0.1598   0.0796   0.2226   0.2947   0.2502   0.2554   0.0775   0.2458   0.2056    0.263   0.3172   0.1415   0.1679   0.0925   0.2408   0.2552   0.1365   0.1106   0.1285   0.2871   0.2899    0.167   0.3286    0.279   0.1176   0.3461   0.4731   0.4321    0.048    0.374   0.3218   0.0652   0.3267   0.1852   0.2462   0.3589   0.4254   0.1603   0.4931   0.2076   0.2753   0.1836   0.1795   0.0532   0.2461   0.1246   0.0731   0.1073   0.1666    0.093   0.1677   0.2822   0.2973   0.1586   0.1381   0.1728   0.2549   0.1353   0.2354   0.2195   0.2882   0.2399   0.6083   0.1645      1.0   0.1757   0.0523   0.0625   0.2479   0.4566   0.4598   0.4267   0.0789   0.1142   0.5195   0.0905   0.0343   0.2377   0.1713   0.1949   0.4884    0.217   0.2889   0.2236   0.2701   0.0544   0.2316   0.1562   0.1504   0.1706   0.2375   0.1274   0.2564   0.3923    0.392   0.4882   0.2929   0.0434   0.1992   0.0761   0.2307   0.2286   0.2089   0.0971   0.1303   0.1841   0.1292   0.3249   0.1181   0.3803   0.8711   0.1023
  snr   -16.54
    H     5.01
 exon    False

M: mem
 freq      0.0   0.0027   0.0055   0.0082    0.011   0.0137   0.0165   0.0192    0.022   0.0247   0.0275   0.0302    0.033   0.0357   0.0385   0.0412    0.044   0.0467   0.0495   0.0522   0.0549   0.0577   0.0604   0.0632   0.0659   0.0687   0.0714   0.0742   0.0769   0.0797   0.0824   0.0852   0.0879   0.0907   0.0934   0.0962   0.0989   0.1016   0.1044   0.1071   0.1099   0.1126   0.1154   0.1181   0.1209   0.1236   0.1264   0.1291   0.1319   0.1346   0.1374   0.1401   0.1429   0.1456   0.1484   0.1511   0.1538   0.1566   0.1593   0.1621   0.1648   0.1676   0.1703   0.1731   0.1758   0.1786   0.1813   0.1841   0.1868   0.1896   0.1923   0.1951   0.1978   0.2005   0.2033    0.206   0.2088   0.2115   0.2143    0.217   0.2198   0.2225   0.2253    0.228   0.2308   0.2335   0.2363    0.239   0.2418   0.2445   0.2473     0.25   0.2527   0.2555   0.2582    0.261   0.2637   0.2665   0.2692    0.272   0.2747   0.2775   0.2802    0.283   0.2857   0.2885   0.2912    0.294   0.2967   0.2995   0.3022   0.3049   0.3077   0.3104   0.3132   0.3159   0.3187   0.3214   0.3242   0.3269   0.3297   0.3324   0.3352   0.3379   0.3407   0.3434   0.3462   0.3489   0.3516   0.3544   0.3571   0.3599   0.3626   0.3654   0.3681   0.3709   0.3736   0.3764   0.3791   0.3819   0.3846   0.3874   0.3901   0.3929   0.3956   0.3984   0.4011   0.4038   0.4066   0.4093   0.4121   0.4148   0.4176   0.4203   0.4231   0.4258   0.4286   0.4313   0.4341   0.4368   0.4396   0.4423   0.4451   0.4478   0.4505   0.4533    0.456   0.4588   0.4615   0.4643    0.467   0.4698   0.4725   0.4753    0.478   0.4808   0.4835   0.4863    0.489   0.4918   0.4945   0.4973
    S      0.0   0.0335   0.0996   0.1076   0.1035   0.1078      1.0   0.0327   0.0081    0.019   0.6607    0.051   0.0243   0.5862    0.114   0.0434   0.2478   0.0368    0.002    0.008   0.0135    0.052   0.1334   0.2355   0.0092   0.1603   0.0124   0.0367   0.0935   0.0525   0.0236   0.0727   0.1812   0.4678   0.2017   0.0356   0.0207   0.0259   0.2171   0.0108   0.2338   0.0116   0.0451   0.1233   0.0727   0.1199    0.015   0.2901   0.2054   0.1553   0.6685    0.063   0.2175   0.2609   0.3849    0.126    0.081   0.5471   0.3621   0.2771   0.0704   0.1255   0.5395   0.1331   0.2005   0.0266   0.5289   0.0024   0.0201   0.0746   0.7294   0.1017   0.0831   0.0804   0.0241    0.121   0.2715   0.0909   0.9315   0.2226   0.0076   0.1706    0.191   0.4237   0.1094   0.2075    0.016   0.0673   0.0515    0.029   0.2453   0.2282   0.5001   0.0071   0.0713   0.2476   0.6878   0.4985    0.064   0.0691     0.02   0.3486   0.2892   0.6388   0.1861   0.0049   0.0133   0.1872   0.1653   0.0821   0.0741   0.3634   0.2004   0.0553   0.3645   0.0057   0.2803   0.0197   0.1468   0.0294   0.1775   0.0069   0.4026   0.0425    0.306   0.0926   0.3735   0.4265   0.1529   0.0219   0.0921   0.2854   0.2444   0.1831   0.0103   0.1564   0.4542   0.0108   0.0711   0.0733   0.1129   0.1218   0.0074   0.1635   0.5704   0.1197   0.1844   0.3884   0.5837   0.3264   0.0249   0.3678    0.068   0.1815   0.1151   0.0022    0.093   0.0686    0.259   0.0216   0.1841    0.044    0.056   0.1386   0.1476   0.0687   0.5715   0.1103   0.2451   0.1379   0.1001   0.0526   0.3345   0.1004   0.2739   0.0944   0.3794   0.3566   0.1661   0.4359   0.3949   0.1386
  snr   -15.08
    H     4.75
 exon    False

M: alg1
 freq      0.0   0.0027   0.0055   0.0082    0.011   0.0137   0.0164   0.0192   0.0219   0.0247   0.0274   0.0301   0.0329   0.0356   0.0384   0.0411   0.0438   0.0466   0.0493   0.0521   0.0548   0.0575   0.0603    0.063   0.0658   0.0685   0.0712    0.074   0.0767   0.0795   0.0822   0.0849   0.0877   0.0904   0.0932   0.0959   0.0986   0.1014   0.1041   0.1068   0.1096   0.1123   0.1151   0.1178   0.1205   0.1233    0.126   0.1288   0.1315   0.1342    0.137   0.1397   0.1425   0.1452   0.1479   0.1507   0.1534   0.1562   0.1589   0.1616   0.1644   0.1671   0.1699   0.1726   0.1753   0.1781   0.1808   0.1836   0.1863    0.189   0.1918   0.1945   0.1973      0.2   0.2027   0.2055   0.2082    0.211   0.2137   0.2164   0.2192   0.2219   0.2247   0.2274   0.2301   0.2329   0.2356   0.2384   0.2411   0.2438   0.2466   0.2493   0.2521   0.2548   0.2575   0.2603    0.263   0.2658   0.2685   0.2712    0.274   0.2767   0.2795   0.2822   0.2849   0.2877   0.2904   0.2932   0.2959   0.2986   0.3014   0.3041   0.3068   0.3096   0.3123   0.3151   0.3178   0.3205   0.3233    0.326   0.3288   0.3315   0.3342    0.337   0.3397   0.3425   0.3452   0.3479   0.3507   0.3534   0.3562   0.3589   0.3616   0.3644   0.3671   0.3699   0.3726   0.3753   0.3781   0.3808   0.3836   0.3863    0.389   0.3918   0.3945   0.3973      0.4   0.4027   0.4055   0.4082    0.411   0.4137   0.4164   0.4192   0.4219   0.4247   0.4274   0.4301   0.4329   0.4356   0.4384   0.4411   0.4438   0.4466   0.4493   0.4521   0.4548   0.4575   0.4603    0.463   0.4658   0.4685   0.4712    0.474   0.4767   0.4795   0.4822   0.4849   0.4877   0.4904   0.4932   0.4959   0.4986
    S      0.0   0.4761    0.205   0.1564   0.3519   0.4955   0.2532   0.2949   0.2771    0.103   0.1309   0.5538   0.1433   0.0978   0.0131   0.2396   0.5746   0.1806   0.4527   0.2443   0.1174   0.1873   0.0996   0.0898   0.0118   0.8269   0.1249   0.0621   0.1951      0.1    0.469   0.1922   0.1752   0.1347   0.4008   0.2357   0.0106   0.0649   0.4436   0.0539   0.1546   0.1821   0.5707    0.222   0.0901   0.0872   0.1108   0.0443    0.422   0.0598   0.2745   0.0222   0.1001   0.0518    0.408   0.1057   0.1276   0.4216   0.1539   0.1293   0.1535   0.0193   0.1516    0.215   0.0829   0.0307   0.1424   0.2433   0.2317   0.0262   0.2753   0.1664   0.1451   0.2339   0.2212   0.2827   0.1639    0.044   0.1741   0.1656   0.2222   0.0036   0.1496   0.0627   0.1329    0.076    0.253   0.1153   0.0963   0.0519    0.368   0.3214   0.1876   0.3135   0.3204   0.1086   0.0612    0.237   0.3463   0.0251    0.047   0.0981   0.0571   0.0684   0.2331   0.0446   0.2797    0.213   0.0248   0.1959   0.1337   0.0088    0.137   0.1721   0.0766    0.154   0.2204   0.0671   0.0085    0.157   0.0048   0.1783   0.0554    0.319   0.1765   0.1048   0.1889   0.1692   0.0576   0.2543    0.169   0.1293   0.1792   0.1049   0.0979      1.0   0.0821   0.0668   0.0461   0.2537    0.149   0.2028    0.166    0.064    0.111   0.2523   0.0898   0.0492   0.1284   0.1898   0.0765   0.0208   0.0636   0.1383   0.0959   0.1974   0.0431   0.2023   0.1052   0.1487   0.1923   0.1231   0.1242   0.1312   0.3811   0.3126   0.2778   0.2578   0.0418   0.1568   0.1292    0.148   0.0912   0.1354   0.2117   0.0558   0.1784   0.1171   0.0641   0.2693   0.3504   0.3242   0.0185
  snr   -14.94
    H     4.93
 exon    False

M: alg2
 freq      0.0   0.0027   0.0055   0.0082    0.011   0.0137   0.0164   0.0192   0.0219   0.0247   0.0274   0.0301   0.0329   0.0356   0.0384   0.0411   0.0438   0.0466   0.0493   0.0521   0.0548   0.0575   0.0603    0.063   0.0658   0.0685   0.0712    0.074   0.0767   0.0795   0.0822   0.0849   0.0877   0.0904   0.0932   0.0959   0.0986   0.1014   0.1041   0.1068   0.1096   0.1123   0.1151   0.1178   0.1205   0.1233    0.126   0.1288   0.1315   0.1342    0.137   0.1397   0.1425   0.1452   0.1479   0.1507   0.1534   0.1562   0.1589   0.1616   0.1644   0.1671   0.1699   0.1726   0.1753   0.1781   0.1808   0.1836   0.1863    0.189   0.1918   0.1945   0.1973      0.2   0.2027   0.2055   0.2082    0.211   0.2137   0.2164   0.2192   0.2219   0.2247   0.2274   0.2301   0.2329   0.2356   0.2384   0.2411   0.2438   0.2466   0.2493   0.2521   0.2548   0.2575   0.2603    0.263   0.2658   0.2685   0.2712    0.274   0.2767   0.2795   0.2822   0.2849   0.2877   0.2904   0.2932   0.2959   0.2986   0.3014   0.3041   0.3068   0.3096   0.3123   0.3151   0.3178   0.3205   0.3233    0.326   0.3288   0.3315   0.3342    0.337   0.3397   0.3425   0.3452   0.3479   0.3507   0.3534   0.3562   0.3589   0.3616   0.3644   0.3671   0.3699   0.3726   0.3753   0.3781   0.3808   0.3836   0.3863    0.389   0.3918   0.3945   0.3973      0.4   0.4027   0.4055   0.4082    0.411   0.4137   0.4164   0.4192   0.4219   0.4247   0.4274   0.4301   0.4329   0.4356   0.4384   0.4411   0.4438   0.4466   0.4493   0.4521   0.4548   0.4575   0.4603    0.463   0.4658   0.4685   0.4712    0.474   0.4767   0.4795   0.4822   0.4849   0.4877   0.4904   0.4932   0.4959   0.4986
    S      0.0   0.7488   0.1141   0.1741   0.1658   0.1194   0.1925    0.011   0.1746   0.0375   0.1204   0.0469   0.0575   0.0386    0.015   0.0895   0.1311   0.1879   0.1749   0.0051   0.0256   0.2541   0.0666   0.1601   0.0727   0.1778    0.133   0.0754   0.0469   0.1469   0.0969   0.0671   0.0141   0.1043   0.2588   0.0224   0.0214   0.0421   0.0385    0.175   0.0234   0.0776   0.1588   0.3074   0.0944   0.0488   0.3318   0.0557   0.0312    0.056   0.1064   0.3098   0.0123   0.4036   0.0105   0.0422   0.1046   0.1808    0.219     0.21   0.2115   0.0896   0.1326   0.1343   0.1542   0.2134   0.2342   0.2319   0.1972   0.0197   0.2609   0.0386   0.0952   0.1204   0.3939   0.0861   0.0841   0.0704    0.159   0.0309   0.3051   0.2244   0.0332   0.0893   0.0642   0.1266   0.1377   0.0152   0.0568   0.1008   0.1553   0.0906    0.067   0.1184    0.185   0.0673   0.1456   0.5615   0.0076   0.0138   0.3764   0.1297   0.0118   0.2534   0.0508   0.1215   0.4029   0.2536   0.1223   0.3346   0.2427   0.1693    0.128   0.1065   0.0785   0.1782   0.0685   0.0346   0.0606    0.069   0.0673   0.0638   0.1447   0.1399   0.2454   0.0479   0.0939    0.234   0.0141   0.0588    0.151   0.2752   0.0313   0.3763    0.221   0.2776   0.1137   0.0282   0.0252   0.1941   0.4905   0.5424   0.3544   0.0486   0.0439    0.264   0.1412   0.0111   0.0933   0.0129   0.0571   0.2416   0.2571   0.0578   0.1886   0.0561   0.0248   0.1257   0.1252   0.0989   0.2952   0.1536   0.0559   0.2534   0.0779   0.1877   0.1702    0.299   0.0073   0.0313   0.1302   0.0515    0.093   0.2145    0.059   0.1089   0.0883   0.0796   0.2309   0.2204   0.0782      1.0    0.058
  snr   -13.99
    H     4.86
 exon    False