>data-XV-cerevisiae-intergenic-124
N: 290
Methods: voss, eiip, qpsk, mem, alg1, alg2

M: voss
 freq      0.0   0.0034   0.0069   0.0103   0.0138   0.0172   0.0207   0.0241   0.0276    0.031   0.0345   0.0379   0.0414   0.0448   0.0483   0.0517   0.0552   0.0586   0.0621   0.0655    0.069   0.0724   0.0759   0.0793   0.0828   0.0862   0.0897   0.0931   0.0966      0.1   0.1034   0.1069   0.1103   0.1138   0.1172   0.1207   0.1241   0.1276    0.131   0.1345   0.1379   0.1414   0.1448   0.1483   0.1517   0.1552   0.1586   0.1621   0.1655    0.169   0.1724   0.1759   0.1793   0.1828   0.1862   0.1897   0.1931   0.1966      0.2   0.2034   0.2069   0.2103   0.2138   0.2172   0.2207   0.2241   0.2276    0.231   0.2345   0.2379   0.2414   0.2448   0.2483   0.2517   0.2552   0.2586   0.2621   0.2655    0.269   0.2724   0.2759   0.2793   0.2828   0.2862   0.2897   0.2931   0.2966      0.3   0.3034   0.3069   0.3103   0.3138   0.3172   0.3207   0.3241   0.3276    0.331   0.3345   0.3379   0.3414   0.3448   0.3483   0.3517   0.3552   0.3586   0.3621   0.3655    0.369   0.3724   0.3759   0.3793   0.3828   0.3862   0.3897   0.3931   0.3966      0.4   0.4034   0.4069   0.4103   0.4138   0.4172   0.4207   0.4241   0.4276    0.431   0.4345   0.4379   0.4414   0.4448   0.4483   0.4517   0.4552   0.4586   0.4621   0.4655    0.469   0.4724   0.4759   0.4793   0.4828   0.4862   0.4897   0.4931   0.4966
    S      0.0   0.4843   0.1035   0.2786   0.1056   0.8491     0.62    0.345   0.3211   0.1329   0.3102   0.1683   0.1705   0.4865    0.253    0.216   0.5819    0.113   0.1513   0.1537    0.121   0.2162   0.1522    0.321   0.1529   0.1944   0.3069   0.1806   0.1472   0.0973   0.1746   0.2369   0.2852    0.318   0.1866   0.2097   0.2822    0.226   0.4339   0.2105   0.0887   0.3426   0.2471   0.1909   0.0995   0.1715   0.1497   0.1048    0.073    0.186   0.1661   0.1886    0.266   0.1555   0.0984   0.1613   0.1467   0.1254    0.231   0.3644    0.134   0.1068   0.1693    0.368   0.1815   0.0765   0.2952   0.1876   0.6632   0.2398   0.2569   0.1367   0.2001   0.1283   0.4416   0.0867   0.4403   0.2062   0.1531   0.3464   0.1845   0.1658   0.0461   0.5406   0.1087   0.1277   0.2181   0.0997   0.0857   0.3153   0.2343   0.4552   0.0771   0.0972    0.309   0.2253   0.4051   0.4541   0.2743   0.2824   0.1287   0.2318   0.1452   0.1243   0.3222   0.2458   0.3618   0.4654   0.1246    0.096   0.1532   0.2398   0.0563   0.1101   0.2905   0.0337   0.1901   0.3076   0.1462   0.0827   0.1286   0.2057   0.2867   0.2445   0.1381   0.1736   0.1144   0.2392   0.1357   0.0475      1.0   0.1787   0.1235   0.1811   0.1305   0.2688   0.2226   0.1854   0.4329   0.1776     0.25   0.0924   0.3721   0.3053   0.1081
  snr   -15.05
    H      4.8
 exon    False

M: eiip
 freq      0.0   0.0034   0.0069   0.0103   0.0138   0.0172   0.0207   0.0241   0.0276    0.031   0.0345   0.0379   0.0414   0.0448   0.0483   0.0517   0.0552   0.0586   0.0621   0.0655    0.069   0.0724   0.0759   0.0793   0.0828   0.0862   0.0897   0.0931   0.0966      0.1   0.1034   0.1069   0.1103   0.1138   0.1172   0.1207   0.1241   0.1276    0.131   0.1345   0.1379   0.1414   0.1448   0.1483   0.1517   0.1552   0.1586   0.1621   0.1655    0.169   0.1724   0.1759   0.1793   0.1828   0.1862   0.1897   0.1931   0.1966      0.2   0.2034   0.2069   0.2103   0.2138   0.2172   0.2207   0.2241   0.2276    0.231   0.2345   0.2379   0.2414   0.2448   0.2483   0.2517   0.2552   0.2586   0.2621   0.2655    0.269   0.2724   0.2759   0.2793   0.2828   0.2862   0.2897   0.2931   0.2966      0.3   0.3034   0.3069   0.3103   0.3138   0.3172   0.3207   0.3241   0.3276    0.331   0.3345   0.3379   0.3414   0.3448   0.3483   0.3517   0.3552   0.3586   0.3621   0.3655    0.369   0.3724   0.3759   0.3793   0.3828   0.3862   0.3897   0.3931   0.3966      0.4   0.4034   0.4069   0.4103   0.4138   0.4172   0.4207   0.4241   0.4276    0.431   0.4345   0.4379   0.4414   0.4448   0.4483   0.4517   0.4552   0.4586   0.4621   0.4655    0.469   0.4724   0.4759   0.4793   0.4828   0.4862   0.4897   0.4931   0.4966
    S      0.0   0.5667   0.0445    0.137   0.1531   0.4771   0.5503   0.0292   0.1779   0.4919   0.4587   0.5878   0.3933   0.5817   0.6019    0.007   0.0587   0.2982   0.5986   0.0808   0.0657   0.0772   0.4213   0.0403   0.0446   0.3072   0.3441   0.0689    0.075   0.1299     0.48   0.7473   0.2636   0.3205   0.3051   0.2769   0.6953   0.1099   0.3625   0.5863   0.1566   0.1309   0.0612    0.399   0.1766   0.4543   0.0005   0.2463    0.216   0.4188   0.0473    0.068   0.0673   0.4692   0.0341   0.4925   0.1987   0.0161   0.3271   0.3504   0.0631   0.0977   0.3573   0.2923   0.0728   0.1972   0.3585   0.3119   0.0538   0.4994   0.1344   0.1047   0.2472   0.0125   0.2626   0.2043   0.8814   0.7067    0.251   0.1183   0.0948   0.1254   0.0002   0.1105   0.1802   0.2271   0.3007   0.2191    0.202   0.5582   0.2811      1.0   0.0891    0.324   0.1893   0.0407   0.0662   0.8996   0.6429    0.205   0.2158   0.0657   0.5163   0.1811    0.236   0.2089   0.4434   0.3831    0.132   0.2002   0.0192   0.0101   0.2094   0.3991    0.411    0.064   0.3463   0.4086   0.1109   0.2761   0.0682     0.74   0.3778   0.6041   0.2978   0.1864    0.255    0.148    0.321   0.0789   0.7054   0.1128    0.183    0.111    0.235   0.0072   0.2977   0.0257    0.946   0.6042   0.2639   0.0072   0.1835   0.8482   0.2206
  snr   -15.91
    H     4.65
 exon     True

M: qpsk
 freq      0.0   0.0034   0.0069   0.0103   0.0138   0.0172   0.0207   0.0241   0.0276    0.031   0.0345   0.0379   0.0414   0.0448   0.0483   0.0517   0.0552   0.0586   0.0621   0.0655    0.069   0.0724   0.0759   0.0793   0.0828   0.0862   0.0897   0.0931   0.0966      0.1   0.1034   0.1069   0.1103   0.1138   0.1172   0.1207   0.1241   0.1276    0.131   0.1345   0.1379   0.1414   0.1448   0.1483   0.1517   0.1552   0.1586   0.1621   0.1655    0.169   0.1724   0.1759   0.1793   0.1828   0.1862   0.1897   0.1931   0.1966      0.2   0.2034   0.2069   0.2103   0.2138   0.2172   0.2207   0.2241   0.2276    0.231   0.2345   0.2379   0.2414   0.2448   0.2483   0.2517   0.2552   0.2586   0.2621   0.2655    0.269   0.2724   0.2759   0.2793   0.2828   0.2862   0.2897   0.2931   0.2966      0.3   0.3034   0.3069   0.3103   0.3138   0.3172   0.3207   0.3241   0.3276    0.331   0.3345   0.3379   0.3414   0.3448   0.3483   0.3517   0.3552   0.3586   0.3621   0.3655    0.369   0.3724   0.3759   0.3793   0.3828   0.3862   0.3897   0.3931   0.3966      0.4   0.4034   0.4069   0.4103   0.4138   0.4172   0.4207   0.4241   0.4276    0.431   0.4345   0.4379   0.4414   0.4448   0.4483   0.4517   0.4552   0.4586   0.4621   0.4655    0.469   0.4724   0.4759   0.4793   0.4828   0.4862   0.4897   0.4931   0.4966
    S      0.0   0.7686   0.0976   0.2224   0.1089   0.4911   0.9434     0.22    0.282   0.2035   0.1197   0.2745   0.2694    0.423   0.4144   0.3382   0.5107   0.1477   0.1706    0.051   0.1608   0.0546    0.242   0.2425   0.1734   0.2438   0.4049   0.2366   0.0557   0.1388    0.185   0.3897   0.2521   0.3247   0.2949   0.1839   0.0712    0.251   0.6605   0.2609    0.128   0.1081   0.1264     0.21   0.1517   0.1738   0.0815   0.0185   0.0595   0.2848   0.1261   0.1327   0.2969    0.245   0.0189   0.2102    0.139   0.1137   0.3643   0.2011    0.147   0.0353   0.2227   0.2481   0.2957   0.1239   0.4841   0.2861   0.7388   0.3929   0.1898   0.2182   0.2769   0.0789   0.7087   0.0625   0.5593   0.3362   0.2192   0.2438   0.2348   0.1807   0.0307   0.4402   0.0547   0.1281   0.2422    0.075   0.1182   0.1898   0.3594   0.6456   0.1085   0.0418    0.304   0.0874   0.5089   0.5356   0.4483   0.4547   0.1901   0.1791   0.2264   0.1574   0.5222   0.4045   0.2696   0.5567   0.1636   0.1251   0.1361   0.3335   0.0788   0.1217   0.2195   0.0218   0.0775   0.4027    0.195   0.0817   0.1238   0.2355   0.3416   0.2217   0.1207   0.2505   0.1677   0.0587    0.175   0.0695      1.0    0.269   0.1064   0.2338   0.1824    0.277   0.3362   0.1442   0.6589   0.2235   0.3485   0.0937   0.2063   0.3611   0.0968
  snr   -15.43
    H     4.74
 exon    False

M: mem
 freq      0.0   0.0034   0.0069   0.0103   0.0138   0.0172   0.0207   0.0241   0.0276    0.031   0.0345   0.0379   0.0414   0.0448   0.0483   0.0517   0.0552   0.0586   0.0621   0.0655    0.069   0.0724   0.0759   0.0793   0.0828   0.0862   0.0897   0.0931   0.0966      0.1   0.1034   0.1069   0.1103   0.1138   0.1172   0.1207   0.1241   0.1276    0.131   0.1345   0.1379   0.1414   0.1448   0.1483   0.1517   0.1552   0.1586   0.1621   0.1655    0.169   0.1724   0.1759   0.1793   0.1828   0.1862   0.1897   0.1931   0.1966      0.2   0.2034   0.2069   0.2103   0.2138   0.2172   0.2207   0.2241   0.2276    0.231   0.2345   0.2379   0.2414   0.2448   0.2483   0.2517   0.2552   0.2586   0.2621   0.2655    0.269   0.2724   0.2759   0.2793   0.2828   0.2862   0.2897   0.2931   0.2966      0.3   0.3034   0.3069   0.3103   0.3138   0.3172   0.3207   0.3241   0.3276    0.331   0.3345   0.3379   0.3414   0.3448   0.3483   0.3517   0.3552   0.3586   0.3621   0.3655    0.369   0.3724   0.3759   0.3793   0.3828   0.3862   0.3897   0.3931   0.3966      0.4   0.4034   0.4069   0.4103   0.4138   0.4172   0.4207   0.4241   0.4276    0.431   0.4345   0.4379   0.4414   0.4448   0.4483   0.4517   0.4552   0.4586   0.4621   0.4655    0.469   0.4724   0.4759   0.4793   0.4828   0.4862   0.4897   0.4931   0.4966
    S      0.0   0.3493    0.046   0.2647   0.0387    0.971   0.5202   0.3282   0.2598   0.0024   0.1632   0.0343   0.0079   0.2461   0.0275    0.148    0.638   0.0527   0.0283   0.1211   0.0459   0.1463   0.0452   0.3693   0.0616   0.0472   0.2204   0.0357   0.1279   0.0224   0.0332   0.0037   0.1944   0.3107   0.1006   0.1105   0.2059   0.0689    0.216   0.0859   0.0228   0.2558   0.2874   0.1181    0.053   0.0095   0.1056   0.0518   0.0345   0.0306   0.0502   0.0465   0.2978   0.0098   0.1081   0.0337   0.0048   0.0342   0.1172   0.3746   0.0223   0.0883   0.0381   0.3781   0.0484   0.0197   0.1248   0.0016   0.0604   0.1063   0.2715   0.0392    0.138   0.1325   0.1143   0.0162   0.1803   0.0346   0.0705   0.4042   0.0005   0.0742   0.0374   0.5684    0.045   0.0061   0.0081   0.0042   0.0407   0.1948   0.0813   0.0916     0.06   0.0348   0.0237   0.2018   0.4292   0.0823   0.0269   0.0735   0.0007    0.137   0.0118   0.0517   0.1148   0.1307    0.228    0.141    0.054   0.0557   0.0308     0.04   0.0081   0.0079   0.0332   0.0156   0.1637   0.1837   0.1167   0.0254   0.0592   0.0609   0.1222   0.0856   0.1031   0.1217   0.0536   0.1791   0.0076   0.0051      1.0   0.1324   0.0029    0.122   0.0026    0.329   0.0463   0.2111    0.096   0.0606   0.1199   0.1095   0.4538    0.132   0.0776
  snr    -12.4
    H     4.42
 exon    False

M: alg1
 freq      0.0   0.0034   0.0069   0.0103   0.0138   0.0172   0.0207   0.0241   0.0276    0.031   0.0345   0.0379   0.0414   0.0448   0.0483   0.0517   0.0552   0.0586   0.0621   0.0655    0.069   0.0724   0.0759   0.0793   0.0828   0.0862   0.0897   0.0931   0.0966      0.1   0.1034   0.1069   0.1103   0.1138   0.1172   0.1207   0.1241   0.1276    0.131   0.1345   0.1379   0.1414   0.1448   0.1483   0.1517   0.1552   0.1586   0.1621   0.1655    0.169   0.1724   0.1759   0.1793   0.1828   0.1862   0.1897   0.1931   0.1966      0.2   0.2034   0.2069   0.2103   0.2138   0.2172   0.2207   0.2241   0.2276    0.231   0.2345   0.2379   0.2414   0.2448   0.2483   0.2517   0.2552   0.2586   0.2621   0.2655    0.269   0.2724   0.2759   0.2793   0.2828   0.2862   0.2897   0.2931   0.2966      0.3   0.3034   0.3069   0.3103   0.3138   0.3172   0.3207   0.3241   0.3276    0.331   0.3345   0.3379   0.3414   0.3448   0.3483   0.3517   0.3552   0.3586   0.3621   0.3655    0.369   0.3724   0.3759   0.3793   0.3828   0.3862   0.3897   0.3931   0.3966      0.4   0.4034   0.4069   0.4103   0.4138   0.4172   0.4207   0.4241   0.4276    0.431   0.4345   0.4379   0.4414   0.4448   0.4483   0.4517   0.4552   0.4586   0.4621   0.4655    0.469   0.4724   0.4759   0.4793   0.4828   0.4862   0.4897   0.4931   0.4966
    S      0.0    0.521     0.04   0.2314   0.0455   0.7572   0.7053   0.2675   0.2126   0.0039   0.0745   0.0851   0.0349   0.2565   0.0754   0.1808   0.5957   0.0688   0.0182   0.0691   0.0432   0.0818    0.072   0.3113   0.0747   0.0702     0.28   0.0679   0.0817   0.0237   0.0216    0.021   0.1961   0.2626   0.1425   0.1178   0.0825   0.0562   0.2089   0.0663   0.0225   0.1446   0.2196   0.1252   0.0717   0.0403   0.0749    0.015   0.0127   0.0555   0.0417   0.0236   0.3119   0.0102   0.0685   0.0608   0.0136   0.0241   0.1812   0.2656   0.0265   0.0509   0.0733   0.3144   0.0745   0.0344   0.2264   0.0126   0.0702   0.1874   0.2361   0.0819   0.1622   0.1047    0.206   0.0063   0.1921   0.0873   0.0581   0.3351   0.0275   0.0768   0.0294    0.511    0.022   0.0064   0.0497   0.0063   0.0489   0.1527   0.0797   0.0538   0.0784    0.009   0.0424   0.1415   0.4735   0.0377    0.074   0.1656   0.0158   0.1074   0.0182    0.036   0.1358   0.2236   0.1951   0.1125    0.072   0.0667   0.0203   0.0678   0.0097   0.0063   0.0327   0.0067   0.0866   0.1527    0.148    0.007   0.0535   0.0515   0.0842   0.0508   0.0625   0.1576   0.0619   0.0938   0.0056   0.0145      1.0    0.185   0.0146   0.1251   0.0273   0.3165    0.116   0.1898   0.1533   0.0641    0.113   0.1013   0.3303   0.1029   0.0449
  snr    -12.3
    H     4.47
 exon    False

M: alg2
 freq      0.0   0.0034   0.0069   0.0103   0.0138   0.0172   0.0207   0.0241   0.0276    0.031   0.0345   0.0379   0.0414   0.0448   0.0483   0.0517   0.0552   0.0586   0.0621   0.0655    0.069   0.0724   0.0759   0.0793   0.0828   0.0862   0.0897   0.0931   0.0966      0.1   0.1034   0.1069   0.1103   0.1138   0.1172   0.1207   0.1241   0.1276    0.131   0.1345   0.1379   0.1414   0.1448   0.1483   0.1517   0.1552   0.1586   0.1621   0.1655    0.169   0.1724   0.1759   0.1793   0.1828   0.1862   0.1897   0.1931   0.1966      0.2   0.2034   0.2069   0.2103   0.2138   0.2172   0.2207   0.2241   0.2276    0.231   0.2345   0.2379   0.2414   0.2448   0.2483   0.2517   0.2552   0.2586   0.2621   0.2655    0.269   0.2724   0.2759   0.2793   0.2828   0.2862   0.2897   0.2931   0.2966      0.3   0.3034   0.3069   0.3103   0.3138   0.3172   0.3207   0.3241   0.3276    0.331   0.3345   0.3379   0.3414   0.3448   0.3483   0.3517   0.3552   0.3586   0.3621   0.3655    0.369   0.3724   0.3759   0.3793   0.3828   0.3862   0.3897   0.3931   0.3966      0.4   0.4034   0.4069   0.4103   0.4138   0.4172   0.4207   0.4241   0.4276    0.431   0.4345   0.4379   0.4414   0.4448   0.4483   0.4517   0.4552   0.4586   0.4621   0.4655    0.469   0.4724   0.4759   0.4793   0.4828   0.4862   0.4897   0.4931   0.4966
    S      0.0   0.4665   0.0492   0.2485    0.049   0.7445   0.6435   0.2975   0.1803   0.0047   0.0967   0.0875   0.0257   0.2223   0.0675   0.1316   0.5714   0.0705   0.0152   0.0762    0.029   0.0997   0.0674   0.2928   0.0551   0.0762   0.2428   0.0515   0.0934    0.024   0.0118   0.0261   0.1788   0.2306   0.1295   0.1165   0.0895   0.0602    0.129   0.0638    0.022   0.1697   0.2275     0.13   0.0704   0.0311   0.0878   0.0193   0.0112   0.0661    0.045   0.0258   0.2981   0.0089   0.0745   0.0488   0.0047   0.0261   0.1682   0.2713   0.0138   0.0518   0.0724    0.317   0.0442   0.0366    0.177   0.0032   0.0642   0.1757   0.2427   0.0552   0.1331   0.1106   0.1211   0.0094   0.2205   0.0868   0.0389   0.3182   0.0095   0.0888   0.0311   0.5366   0.0293    0.003   0.0324   0.0036   0.0513   0.1533   0.0512   0.0256    0.076   0.0125   0.0333   0.1581    0.433   0.0223   0.0695   0.1123   0.0092   0.1309   0.0189   0.0246   0.0772   0.1805   0.2178    0.071   0.0518   0.0696   0.0214   0.0399   0.0113    0.009   0.0184   0.0079   0.0831   0.1052   0.1366   0.0052   0.0646   0.0559   0.0656   0.0635   0.0519   0.1534   0.0555   0.1116   0.0016    0.013      1.0   0.1608   0.0064   0.0931   0.0166   0.2916   0.0917   0.1899   0.1044    0.061   0.0919   0.0916   0.3135   0.0797   0.0358
  snr   -11.96
    H     4.43
 exon    False