>data-XIV-cerevisiae-intergenic-103
N: 474
Methods: voss, eiip, qpsk, mem, tbpse, snrse

M: voss
 freq      0.0   0.0021   0.0042   0.0063   0.0084   0.0105   0.0127   0.0148   0.0169    0.019   0.0211   0.0232   0.0253   0.0274   0.0295   0.0316   0.0338   0.0359    0.038   0.0401   0.0422   0.0443   0.0464   0.0485   0.0506   0.0527   0.0549    0.057   0.0591   0.0612   0.0633   0.0654   0.0675   0.0696   0.0717   0.0738   0.0759   0.0781   0.0802   0.0823   0.0844   0.0865   0.0886   0.0907   0.0928   0.0949    0.097   0.0992   0.1013   0.1034   0.1055   0.1076   0.1097   0.1118   0.1139    0.116   0.1181   0.1203   0.1224   0.1245   0.1266   0.1287   0.1308   0.1329    0.135   0.1371   0.1392   0.1414   0.1435   0.1456   0.1477   0.1498   0.1519    0.154   0.1561   0.1582   0.1603   0.1624   0.1646   0.1667   0.1688   0.1709    0.173   0.1751   0.1772   0.1793   0.1814   0.1835   0.1857   0.1878   0.1899    0.192   0.1941   0.1962   0.1983   0.2004   0.2025   0.2046   0.2068   0.2089    0.211   0.2131   0.2152   0.2173   0.2194   0.2215   0.2236   0.2257   0.2278     0.23   0.2321   0.2342   0.2363   0.2384   0.2405   0.2426   0.2447   0.2468   0.2489   0.2511   0.2532   0.2553   0.2574   0.2595   0.2616   0.2637   0.2658   0.2679     0.27   0.2722   0.2743   0.2764   0.2785   0.2806   0.2827   0.2848   0.2869    0.289   0.2911   0.2932   0.2954   0.2975   0.2996   0.3017   0.3038   0.3059    0.308   0.3101   0.3122   0.3143   0.3165   0.3186   0.3207   0.3228   0.3249    0.327   0.3291   0.3312   0.3333   0.3354   0.3376   0.3397   0.3418   0.3439    0.346   0.3481   0.3502   0.3523   0.3544   0.3565   0.3586   0.3608   0.3629    0.365   0.3671   0.3692   0.3713   0.3734   0.3755   0.3776   0.3797   0.3819    0.384   0.3861   0.3882   0.3903   0.3924   0.3945   0.3966   0.3987   0.4008    0.403   0.4051   0.4072   0.4093   0.4114   0.4135   0.4156   0.4177   0.4198   0.4219   0.4241   0.4262   0.4283   0.4304   0.4325   0.4346   0.4367   0.4388   0.4409    0.443   0.4451   0.4473   0.4494   0.4515   0.4536   0.4557   0.4578   0.4599    0.462   0.4641   0.4662   0.4684   0.4705   0.4726   0.4747   0.4768   0.4789    0.481   0.4831   0.4852   0.4873   0.4895   0.4916   0.4937   0.4958   0.4979
    S      0.0      1.0   0.8228   0.4736   0.3432   0.1911   0.9289    0.276   0.5276   0.4118   0.7989   0.0976   0.2002   0.2113   0.3935   0.2897   0.0854   0.2144   0.6176   0.1116   0.1167   0.2506   0.1354   0.3473   0.1754   0.3887   0.2454   0.1503   0.3123   0.4593   0.2479   0.2373   0.0631   0.1501   0.1668   0.6428   0.1203   0.3728   0.1035   0.7152   0.0334   0.3966   0.1828   0.0771   0.3694   0.5238   0.8868   0.7516   0.1875   0.2712    0.188   0.2203   0.1206   0.5093   0.2549    0.166   0.6529   0.1316   0.3938   0.2719   0.4792   0.3742   0.2243   0.3617   0.0733   0.2172   0.0412   0.3279   0.4056   0.3585   0.2057   0.2731   0.0967   0.3893   0.3818   0.3239   0.0764   0.1864   0.2925   0.2237    0.202    0.206   0.3374   0.2525   0.1957    0.171   0.1407   0.1729   0.2919   0.1765   0.2989   0.2701   0.1522   0.3498   0.0832   0.0981    0.209   0.5557   0.3308   0.0907   0.6195   0.1812   0.1044   0.2084   0.2772   0.1873   0.4114   0.3181    0.096   0.3922   0.2859   0.5468   0.3793   0.1345   0.2476   0.3494   0.0638   0.4201   0.2167   0.2128   0.1091   0.2186   0.3955   0.1183   0.2587   0.2599   0.0742    0.208   0.3117    0.578   0.1178   0.2829   0.1824   0.2377   0.0767   0.1694   0.0759   0.1711   0.1174   0.2776   0.4459   0.3744   0.2708   0.3277    0.341   0.1156   0.3749   0.2536   0.3345   0.1546   0.1601   0.0305   0.5076   0.2695   0.2857   0.2431    0.129   0.2474    0.329   0.2286   0.2533    0.364   0.3138   0.2273   0.1154   0.5163   0.5574   0.1154   0.4192   0.2627   0.1307   0.1593    0.207   0.2517   0.2267   0.0968   0.0491   0.2559   0.3888   0.2379     0.08   0.0645   0.1754   0.3121   0.3923   0.3664   0.2131   0.1661   0.0641   0.2493   0.1268    0.303   0.3498   0.2775   0.3478   0.2023   0.3199   0.2344   0.2417   0.1345   0.1297   0.2253   0.2473   0.2933   0.1989   0.1467   0.1228   0.1298   0.3164   0.0727   0.3691   0.1219    0.221   0.6908   0.2414    0.347   0.1481   0.2442   0.1537   0.5176   0.1575   0.0839   0.3123    0.184   0.5472   0.2406    0.207   0.2309   0.4236   0.7251   0.2823   0.9448   0.2337   0.2081   0.1179   0.1454   0.5942
  snr    -18.1
    H     5.29
 exon    False

M: eiip
 freq      0.0   0.0021   0.0042   0.0063   0.0084   0.0105   0.0127   0.0148   0.0169    0.019   0.0211   0.0232   0.0253   0.0274   0.0295   0.0316   0.0338   0.0359    0.038   0.0401   0.0422   0.0443   0.0464   0.0485   0.0506   0.0527   0.0549    0.057   0.0591   0.0612   0.0633   0.0654   0.0675   0.0696   0.0717   0.0738   0.0759   0.0781   0.0802   0.0823   0.0844   0.0865   0.0886   0.0907   0.0928   0.0949    0.097   0.0992   0.1013   0.1034   0.1055   0.1076   0.1097   0.1118   0.1139    0.116   0.1181   0.1203   0.1224   0.1245   0.1266   0.1287   0.1308   0.1329    0.135   0.1371   0.1392   0.1414   0.1435   0.1456   0.1477   0.1498   0.1519    0.154   0.1561   0.1582   0.1603   0.1624   0.1646   0.1667   0.1688   0.1709    0.173   0.1751   0.1772   0.1793   0.1814   0.1835   0.1857   0.1878   0.1899    0.192   0.1941   0.1962   0.1983   0.2004   0.2025   0.2046   0.2068   0.2089    0.211   0.2131   0.2152   0.2173   0.2194   0.2215   0.2236   0.2257   0.2278     0.23   0.2321   0.2342   0.2363   0.2384   0.2405   0.2426   0.2447   0.2468   0.2489   0.2511   0.2532   0.2553   0.2574   0.2595   0.2616   0.2637   0.2658   0.2679     0.27   0.2722   0.2743   0.2764   0.2785   0.2806   0.2827   0.2848   0.2869    0.289   0.2911   0.2932   0.2954   0.2975   0.2996   0.3017   0.3038   0.3059    0.308   0.3101   0.3122   0.3143   0.3165   0.3186   0.3207   0.3228   0.3249    0.327   0.3291   0.3312   0.3333   0.3354   0.3376   0.3397   0.3418   0.3439    0.346   0.3481   0.3502   0.3523   0.3544   0.3565   0.3586   0.3608   0.3629    0.365   0.3671   0.3692   0.3713   0.3734   0.3755   0.3776   0.3797   0.3819    0.384   0.3861   0.3882   0.3903   0.3924   0.3945   0.3966   0.3987   0.4008    0.403   0.4051   0.4072   0.4093   0.4114   0.4135   0.4156   0.4177   0.4198   0.4219   0.4241   0.4262   0.4283   0.4304   0.4325   0.4346   0.4367   0.4388   0.4409    0.443   0.4451   0.4473   0.4494   0.4515   0.4536   0.4557   0.4578   0.4599    0.462   0.4641   0.4662   0.4684   0.4705   0.4726   0.4747   0.4768   0.4789    0.481   0.4831   0.4852   0.4873   0.4895   0.4916   0.4937   0.4958   0.4979
    S      0.0   0.8769   0.2265   0.4438   0.2699   0.0965   0.6643   0.1395   0.2134   0.1104   0.0689   0.1991   0.2196   0.0562   0.1218   0.0861   0.0552   0.0345   0.3709   0.0144   0.0503   0.0395   0.0266   0.0553   0.3093   0.0633   0.0298   0.0058   0.1669   0.4355   0.1914   0.0078   0.0345    0.104   0.0205   0.4486    0.001   0.0726   0.1146   0.0905   0.0419   0.4684    0.318      0.0   0.7211   0.1619   0.6167    0.264   0.0582   0.0635   0.2658   0.2589   0.0437   0.4651   0.0848   0.1135   0.1808   0.1045   0.3635   0.0736    0.124   0.1415   0.0189   0.1393   0.1253   0.0601   0.0735   0.2477    0.027   0.1722   0.4773   0.1786   0.0464   0.0412   0.0105   0.0654      0.2   0.1551   0.0544   0.0236   0.0163   0.0518   0.0235    0.136   0.0308   0.1894   0.0937   0.1311   0.1818   0.0456   0.1313   0.6568   0.0413   0.3071    0.076   0.1084   0.0924   0.0261   0.0955   0.0369   0.6012   0.2179   0.2768    0.153   0.0991   0.2722   0.1825   0.0148   0.0345   0.1975   0.3989   0.0515   0.1223   0.0839   0.0723   0.0717   0.1106   0.3611    0.269    0.035   0.0183   0.0493   0.0145   0.1118   0.4269   0.2404   0.0169   0.0136    0.206   0.0505   0.0422   0.1064   0.0637   0.5284   0.0501   0.3883   0.0904   0.0492   0.0466   0.0238   0.2099   0.6094   0.1545   0.3741   0.1352   0.0479   0.0908   0.2923   0.5248     0.05   0.0892   0.0333    0.411   0.0579   0.2423   0.2027   0.1581   0.0154   0.3873   0.2828   0.0073      1.0   0.2227   0.1037   0.1676    0.873   0.3863    0.049   0.2251     0.05   0.1589   0.0247    0.113   0.0417   0.0539    0.011   0.0786   0.0905   0.0656   0.2035   0.0481   0.0416    0.006   0.1888   0.1101   0.2243   0.1175   0.1222   0.0009   0.1653   0.0801   0.0253    0.028   0.1464   0.1604   0.2339   0.2972    0.248    0.219   0.0915   0.1197    0.282   0.6821   0.5904   0.3726   0.0818    0.037   0.0435   0.0713   0.0413   0.1817   0.0496   0.2599   0.1064   0.0157   0.0476   0.1677   0.0556   0.0149   0.0719   0.0844    0.045   0.2635   0.1241   0.5649   0.3122   0.0225   0.2477   0.7785    0.316   0.3577   0.1744   0.4194   0.0896   0.0472   0.3368   0.0938
  snr   -15.98
    H     5.02
 exon     True

M: qpsk
 freq      0.0   0.0021   0.0042   0.0063   0.0084   0.0105   0.0127   0.0148   0.0169    0.019   0.0211   0.0232   0.0253   0.0274   0.0295   0.0316   0.0338   0.0359    0.038   0.0401   0.0422   0.0443   0.0464   0.0485   0.0506   0.0527   0.0549    0.057   0.0591   0.0612   0.0633   0.0654   0.0675   0.0696   0.0717   0.0738   0.0759   0.0781   0.0802   0.0823   0.0844   0.0865   0.0886   0.0907   0.0928   0.0949    0.097   0.0992   0.1013   0.1034   0.1055   0.1076   0.1097   0.1118   0.1139    0.116   0.1181   0.1203   0.1224   0.1245   0.1266   0.1287   0.1308   0.1329    0.135   0.1371   0.1392   0.1414   0.1435   0.1456   0.1477   0.1498   0.1519    0.154   0.1561   0.1582   0.1603   0.1624   0.1646   0.1667   0.1688   0.1709    0.173   0.1751   0.1772   0.1793   0.1814   0.1835   0.1857   0.1878   0.1899    0.192   0.1941   0.1962   0.1983   0.2004   0.2025   0.2046   0.2068   0.2089    0.211   0.2131   0.2152   0.2173   0.2194   0.2215   0.2236   0.2257   0.2278     0.23   0.2321   0.2342   0.2363   0.2384   0.2405   0.2426   0.2447   0.2468   0.2489   0.2511   0.2532   0.2553   0.2574   0.2595   0.2616   0.2637   0.2658   0.2679     0.27   0.2722   0.2743   0.2764   0.2785   0.2806   0.2827   0.2848   0.2869    0.289   0.2911   0.2932   0.2954   0.2975   0.2996   0.3017   0.3038   0.3059    0.308   0.3101   0.3122   0.3143   0.3165   0.3186   0.3207   0.3228   0.3249    0.327   0.3291   0.3312   0.3333   0.3354   0.3376   0.3397   0.3418   0.3439    0.346   0.3481   0.3502   0.3523   0.3544   0.3565   0.3586   0.3608   0.3629    0.365   0.3671   0.3692   0.3713   0.3734   0.3755   0.3776   0.3797   0.3819    0.384   0.3861   0.3882   0.3903   0.3924   0.3945   0.3966   0.3987   0.4008    0.403   0.4051   0.4072   0.4093   0.4114   0.4135   0.4156   0.4177   0.4198   0.4219   0.4241   0.4262   0.4283   0.4304   0.4325   0.4346   0.4367   0.4388   0.4409    0.443   0.4451   0.4473   0.4494   0.4515   0.4536   0.4557   0.4578   0.4599    0.462   0.4641   0.4662   0.4684   0.4705   0.4726   0.4747   0.4768   0.4789    0.481   0.4831   0.4852   0.4873   0.4895   0.4916   0.4937   0.4958   0.4979
    S      0.0      1.0   0.8174    0.424   0.2559   0.1214    0.389   0.2865   0.3013   0.1514   0.4021   0.0749   0.0925   0.1615   0.3328   0.1867   0.0737   0.1873   0.2425   0.1037   0.0876   0.1361   0.1451   0.1435   0.1791     0.17   0.2281   0.1045    0.266   0.2502   0.1821   0.0498   0.0668   0.0804   0.0713   0.5238   0.1314   0.3757   0.0895     0.58   0.0346   0.3646   0.1941   0.0478   0.2055   0.3389   0.6984   0.4941   0.0826   0.2338    0.164   0.2399   0.1012   0.1686   0.2066   0.1622   0.4353   0.1318   0.3011   0.2046   0.4086   0.4059   0.1594   0.1716   0.0436     0.23   0.0336   0.1496    0.187   0.3771   0.1116   0.2794   0.0861   0.1806   0.1214   0.2476    0.047   0.1981   0.1677   0.0581   0.1186   0.1398   0.1535   0.2755   0.0516   0.1704   0.1257   0.0132   0.3013   0.1454   0.2204   0.2917   0.1306   0.2203    0.041   0.0781   0.2093   0.3242   0.2385   0.0793   0.0852   0.0265    0.088   0.2162   0.2858   0.2042   0.2728   0.2555   0.0463   0.0572   0.2675   0.5411   0.2848   0.1261   0.2267    0.295   0.0422   0.2214   0.1872   0.2083   0.0788   0.0835    0.146   0.0238   0.2283   0.2447   0.0473   0.1418   0.1956    0.247    0.082    0.171   0.1013     0.08    0.072    0.168   0.0761   0.1699   0.1238   0.1001   0.3499   0.4068      0.2   0.1653    0.357   0.1214   0.2999   0.1954   0.3141   0.1684   0.1575   0.0307   0.4419    0.268   0.2082   0.0735   0.1297   0.2522   0.3051    0.169   0.2121   0.3721   0.1313   0.2077   0.1162   0.5468   0.4144    0.044    0.125   0.1036    0.091   0.0647   0.1082   0.2343   0.0538   0.0994   0.0514   0.1771    0.272   0.2552   0.0698   0.0621   0.1269   0.1418   0.4056   0.3382   0.1963   0.0626   0.0598   0.2645   0.0281   0.1834   0.1794   0.0678   0.2906   0.1386   0.1345   0.1747   0.2231   0.1351   0.0809   0.1386   0.2505   0.2545   0.1929   0.0263   0.0867   0.0333   0.3179   0.0751   0.2383   0.0453   0.1825   0.4002   0.2614   0.2755   0.1368   0.2635    0.042    0.316   0.1121    0.061   0.2523   0.2025   0.5227   0.2231   0.1357   0.2357   0.4517   0.1528    0.253   0.5022    0.184   0.1721   0.1217   0.1334   0.1993
  snr   -16.62
    H     5.25
 exon    False

M: mem
 freq      0.0   0.0021   0.0042   0.0063   0.0084   0.0105   0.0127   0.0148   0.0169    0.019   0.0211   0.0232   0.0253   0.0274   0.0295   0.0316   0.0338   0.0359    0.038   0.0401   0.0422   0.0443   0.0464   0.0485   0.0506   0.0527   0.0549    0.057   0.0591   0.0612   0.0633   0.0654   0.0675   0.0696   0.0717   0.0738   0.0759   0.0781   0.0802   0.0823   0.0844   0.0865   0.0886   0.0907   0.0928   0.0949    0.097   0.0992   0.1013   0.1034   0.1055   0.1076   0.1097   0.1118   0.1139    0.116   0.1181   0.1203   0.1224   0.1245   0.1266   0.1287   0.1308   0.1329    0.135   0.1371   0.1392   0.1414   0.1435   0.1456   0.1477   0.1498   0.1519    0.154   0.1561   0.1582   0.1603   0.1624   0.1646   0.1667   0.1688   0.1709    0.173   0.1751   0.1772   0.1793   0.1814   0.1835   0.1857   0.1878   0.1899    0.192   0.1941   0.1962   0.1983   0.2004   0.2025   0.2046   0.2068   0.2089    0.211   0.2131   0.2152   0.2173   0.2194   0.2215   0.2236   0.2257   0.2278     0.23   0.2321   0.2342   0.2363   0.2384   0.2405   0.2426   0.2447   0.2468   0.2489   0.2511   0.2532   0.2553   0.2574   0.2595   0.2616   0.2637   0.2658   0.2679     0.27   0.2722   0.2743   0.2764   0.2785   0.2806   0.2827   0.2848   0.2869    0.289   0.2911   0.2932   0.2954   0.2975   0.2996   0.3017   0.3038   0.3059    0.308   0.3101   0.3122   0.3143   0.3165   0.3186   0.3207   0.3228   0.3249    0.327   0.3291   0.3312   0.3333   0.3354   0.3376   0.3397   0.3418   0.3439    0.346   0.3481   0.3502   0.3523   0.3544   0.3565   0.3586   0.3608   0.3629    0.365   0.3671   0.3692   0.3713   0.3734   0.3755   0.3776   0.3797   0.3819    0.384   0.3861   0.3882   0.3903   0.3924   0.3945   0.3966   0.3987   0.4008    0.403   0.4051   0.4072   0.4093   0.4114   0.4135   0.4156   0.4177   0.4198   0.4219   0.4241   0.4262   0.4283   0.4304   0.4325   0.4346   0.4367   0.4388   0.4409    0.443   0.4451   0.4473   0.4494   0.4515   0.4536   0.4557   0.4578   0.4599    0.462   0.4641   0.4662   0.4684   0.4705   0.4726   0.4747   0.4768   0.4789    0.481   0.4831   0.4852   0.4873   0.4895   0.4916   0.4937   0.4958   0.4979
    S      0.0   0.0231   0.0347   0.0381   0.1119   0.0634   0.8868   0.0666   0.2201    0.342   0.5794   0.0927   0.2151    0.106   0.2314   0.1671   0.0242    0.031   0.6711    0.006   0.0244   0.1762   0.0045   0.2256   0.0396   0.2906   0.0345   0.0557   0.0115   0.4154   0.1563   0.2167   0.0019   0.1642   0.1126   0.0797   0.0003   0.0525   0.0435   0.2842   0.0068   0.2517   0.0802   0.0356    0.463   0.3089   0.1098   0.4724   0.1775   0.0249   0.1392   0.0221    0.022   0.6081   0.1546   0.0092   0.2195   0.0259   0.3444   0.0448   0.1832   0.0055   0.0508   0.2624    0.078   0.0019   0.0445   0.2741   0.2298    0.053   0.2961   0.0722    0.028   0.2853   0.2861   0.0604   0.1126   0.0111   0.1067   0.1993   0.0848   0.0889   0.1561   0.0129   0.2143      0.0   0.0649   0.2648   0.0617   0.0764   0.1973   0.1119   0.0733   0.1876   0.0793   0.0559   0.0505   0.3697   0.1687   0.0321      1.0    0.324   0.1025   0.0028   0.0868   0.0304   0.2423   0.0534   0.0861   0.5304   0.1533   0.1407   0.0464    0.046   0.0525   0.0346   0.0555   0.4109   0.1353   0.0387    0.055   0.1826   0.2794   0.1696   0.1243   0.0028   0.0159    0.081   0.1285   0.3306   0.0383   0.1967   0.1134   0.4191   0.0132   0.1044   0.0073   0.0142   0.0002   0.1879   0.1964   0.0653   0.1562   0.3096   0.0711   0.0037   0.0418   0.2308   0.1151   0.0139   0.0341   0.0041   0.2628   0.0012   0.1288   0.3467   0.0559   0.0321   0.2186    0.159   0.0521   0.2474   0.3524   0.0135    0.044   0.0766   0.3091   0.1262   0.4221   0.1872   0.1265   0.1354   0.1693    0.046   0.2554   0.0067   0.0036   0.1275   0.1123    0.041    0.018   0.0012   0.0853   0.2572    0.006    0.011   0.0995   0.1751   0.0053   0.0107    0.172   0.1055   0.1286   0.3227   0.1784   0.1261   0.4176    0.211   0.0012   0.0036   0.0757   0.2106   0.1752    0.181   0.0785   0.1825   0.0795   0.1306    0.099   0.0177   0.2207   0.1285   0.0662   0.5262   0.0092   0.0859   0.0235   0.0135   0.1589   0.3668   0.0304   0.0184   0.0832    0.004   0.0108   0.0499   0.0737   0.0449   0.1202   0.9249   0.0675    0.743     0.23   0.0896   0.0173   0.1056    0.549
  snr   -15.25
    H     4.97
 exon    False

M: tbpse
 freq      0.0   0.0021   0.0042   0.0063   0.0084   0.0105   0.0127   0.0148   0.0169    0.019   0.0211   0.0232   0.0253   0.0274   0.0295   0.0316   0.0338   0.0359    0.038   0.0401   0.0422   0.0443   0.0464   0.0485   0.0506   0.0527   0.0549    0.057   0.0591   0.0612   0.0633   0.0654   0.0675   0.0696   0.0717   0.0738   0.0759   0.0781   0.0802   0.0823   0.0844   0.0865   0.0886   0.0907   0.0928   0.0949    0.097   0.0992   0.1013   0.1034   0.1055   0.1076   0.1097   0.1118   0.1139    0.116   0.1181   0.1203   0.1224   0.1245   0.1266   0.1287   0.1308   0.1329    0.135   0.1371   0.1392   0.1414   0.1435   0.1456   0.1477   0.1498   0.1519    0.154   0.1561   0.1582   0.1603   0.1624   0.1646   0.1667   0.1688   0.1709    0.173   0.1751   0.1772   0.1793   0.1814   0.1835   0.1857   0.1878   0.1899    0.192   0.1941   0.1962   0.1983   0.2004   0.2025   0.2046   0.2068   0.2089    0.211   0.2131   0.2152   0.2173   0.2194   0.2215   0.2236   0.2257   0.2278     0.23   0.2321   0.2342   0.2363   0.2384   0.2405   0.2426   0.2447   0.2468   0.2489   0.2511   0.2532   0.2553   0.2574   0.2595   0.2616   0.2637   0.2658   0.2679     0.27   0.2722   0.2743   0.2764   0.2785   0.2806   0.2827   0.2848   0.2869    0.289   0.2911   0.2932   0.2954   0.2975   0.2996   0.3017   0.3038   0.3059    0.308   0.3101   0.3122   0.3143   0.3165   0.3186   0.3207   0.3228   0.3249    0.327   0.3291   0.3312   0.3333   0.3354   0.3376   0.3397   0.3418   0.3439    0.346   0.3481   0.3502   0.3523   0.3544   0.3565   0.3586   0.3608   0.3629    0.365   0.3671   0.3692   0.3713   0.3734   0.3755   0.3776   0.3797   0.3819    0.384   0.3861   0.3882   0.3903   0.3924   0.3945   0.3966   0.3987   0.4008    0.403   0.4051   0.4072   0.4093   0.4114   0.4135   0.4156   0.4177   0.4198   0.4219   0.4241   0.4262   0.4283   0.4304   0.4325   0.4346   0.4367   0.4388   0.4409    0.443   0.4451   0.4473   0.4494   0.4515   0.4536   0.4557   0.4578   0.4599    0.462   0.4641   0.4662   0.4684   0.4705   0.4726   0.4747   0.4768   0.4789    0.481   0.4831   0.4852   0.4873   0.4895   0.4916   0.4937   0.4958   0.4979
    S      0.0   0.1273   0.4271   0.0754   0.3175   0.0523   0.6194   0.4504   0.1872   0.2241   0.4233    0.027   0.0312   0.1746   0.7091   0.1473    0.076   0.3076   0.3409   0.1661   0.0935   0.1652    0.114   0.0682   0.0479   0.2847   0.2963   0.0875   0.3003   0.2944   0.0904   0.0499   0.0927    0.186   0.0341   0.0871    0.182   0.6335   0.0103    0.929   0.0595   0.5104   0.3687   0.0536   0.0838   0.4817   0.2682      1.0    0.177   0.1893   0.1994   0.3681   0.0295    0.339   0.3839   0.0173   0.4411   0.0326   0.7041     0.11   0.4799     0.33   0.1659   0.0662   0.0731   0.2887   0.0901   0.1507   0.1932   0.2749   0.1292   0.2945   0.1646   0.2814   0.1414   0.3611   0.0978   0.3181   0.1832   0.0765   0.1058   0.1401   0.0691   0.1349   0.1011   0.0206   0.1181   0.0643   0.3082   0.2777   0.3255    0.116   0.2546   0.0707    0.017   0.1266   0.4196   0.4822   0.2006   0.1377   0.3605   0.1823   0.0913   0.1178   0.5627   0.1475    0.386   0.3316   0.0795   0.1649   0.5522   0.8753   0.2365   0.1607   0.2318   0.3673   0.0381   0.1873   0.1023   0.2301   0.0764    0.117   0.0917   0.0621   0.2957   0.1725   0.0431   0.1353   0.1291   0.2905   0.1174   0.1514   0.1625    0.205   0.0197   0.2487   0.0076   0.2492   0.1167   0.0536   0.6895   0.1585   0.1203   0.1131   0.4736   0.2001   0.4324   0.3893   0.3401   0.2361   0.0662   0.0229    0.411   0.4412   0.0646   0.2283   0.1688   0.2532   0.7455   0.0358   0.3099   0.2446   0.1802   0.0417   0.0064   0.0862   0.3314   0.0787   0.1359   0.0753   0.1599   0.0832   0.0802   0.3996   0.0978   0.0966    0.023   0.1377   0.0681   0.1547   0.0984   0.0116   0.1657   0.1404   0.6972   0.2207   0.4134   0.0378   0.0861   0.0902   0.1021   0.2371   0.1502   0.0769   0.4439   0.0497     0.45   0.3386   0.1432   0.0171   0.0771   0.3041    0.202   0.1781    0.203   0.0315   0.1813   0.0552   0.6119   0.1328   0.2785   0.0674   0.0731   0.6041   0.3068   0.4481    0.017   0.2102   0.0741   0.5863     0.04    0.011    0.135   0.0679   0.3724   0.1771   0.1268   0.0495   0.0498   0.4624    0.233   0.6467    0.412   0.1592   0.1273   0.1554   0.2149
  snr   -16.99
    H     5.15
 exon    False

M: snrse
 freq      0.0   0.0021   0.0042   0.0063   0.0084   0.0105   0.0127   0.0148   0.0169    0.019   0.0211   0.0232   0.0253   0.0274   0.0295   0.0316   0.0338   0.0359    0.038   0.0401   0.0422   0.0443   0.0464   0.0485   0.0506   0.0527   0.0549    0.057   0.0591   0.0612   0.0633   0.0654   0.0675   0.0696   0.0717   0.0738   0.0759   0.0781   0.0802   0.0823   0.0844   0.0865   0.0886   0.0907   0.0928   0.0949    0.097   0.0992   0.1013   0.1034   0.1055   0.1076   0.1097   0.1118   0.1139    0.116   0.1181   0.1203   0.1224   0.1245   0.1266   0.1287   0.1308   0.1329    0.135   0.1371   0.1392   0.1414   0.1435   0.1456   0.1477   0.1498   0.1519    0.154   0.1561   0.1582   0.1603   0.1624   0.1646   0.1667   0.1688   0.1709    0.173   0.1751   0.1772   0.1793   0.1814   0.1835   0.1857   0.1878   0.1899    0.192   0.1941   0.1962   0.1983   0.2004   0.2025   0.2046   0.2068   0.2089    0.211   0.2131   0.2152   0.2173   0.2194   0.2215   0.2236   0.2257   0.2278     0.23   0.2321   0.2342   0.2363   0.2384   0.2405   0.2426   0.2447   0.2468   0.2489   0.2511   0.2532   0.2553   0.2574   0.2595   0.2616   0.2637   0.2658   0.2679     0.27   0.2722   0.2743   0.2764   0.2785   0.2806   0.2827   0.2848   0.2869    0.289   0.2911   0.2932   0.2954   0.2975   0.2996   0.3017   0.3038   0.3059    0.308   0.3101   0.3122   0.3143   0.3165   0.3186   0.3207   0.3228   0.3249    0.327   0.3291   0.3312   0.3333   0.3354   0.3376   0.3397   0.3418   0.3439    0.346   0.3481   0.3502   0.3523   0.3544   0.3565   0.3586   0.3608   0.3629    0.365   0.3671   0.3692   0.3713   0.3734   0.3755   0.3776   0.3797   0.3819    0.384   0.3861   0.3882   0.3903   0.3924   0.3945   0.3966   0.3987   0.4008    0.403   0.4051   0.4072   0.4093   0.4114   0.4135   0.4156   0.4177   0.4198   0.4219   0.4241   0.4262   0.4283   0.4304   0.4325   0.4346   0.4367   0.4388   0.4409    0.443   0.4451   0.4473   0.4494   0.4515   0.4536   0.4557   0.4578   0.4599    0.462   0.4641   0.4662   0.4684   0.4705   0.4726   0.4747   0.4768   0.4789    0.481   0.4831   0.4852   0.4873   0.4895   0.4916   0.4937   0.4958   0.4979
    S      0.0      1.0   0.6244   0.4301   0.1061   0.1046   0.2808   0.0623   0.1867   0.0854   0.3101   0.0795   0.0901   0.1138   0.0635    0.167   0.0271   0.0068    0.229   0.0004   0.0409   0.1056   0.0894   0.1098    0.185   0.0572   0.0774   0.0737   0.0941   0.2302   0.1184   0.0306   0.0197   0.0292   0.0735   0.5277   0.0259   0.0563   0.0964   0.0924   0.0082   0.1981   0.0534   0.0206   0.2352   0.1934   0.6006   0.0822   0.0386   0.1214   0.1008   0.0733   0.0881   0.0553   0.0738   0.1692   0.2404   0.1115   0.0837   0.1519   0.2479   0.2395   0.0559   0.1612   0.0314    0.073   0.0068   0.1314   0.0982   0.2569   0.1165   0.1291   0.0049   0.0344    0.023     0.03    0.037   0.0373   0.0593    0.031   0.0391   0.0962   0.1174   0.2131   0.0446    0.178   0.0677   0.0093   0.1342    0.022   0.1292   0.3098    0.028   0.2128   0.0439   0.0373    0.005   0.1636   0.1269   0.0204   0.1034   0.0151   0.0847   0.1571   0.0379   0.1604   0.1587   0.0466   0.0113   0.0664   0.0568   0.1302   0.1419   0.0387    0.136   0.0783   0.0375   0.1393   0.1659   0.0704    0.049   0.0054   0.1403   0.0265   0.1285   0.1633   0.0187   0.0511   0.1481    0.045   0.0209   0.0947   0.0379   0.0845   0.0712   0.0997   0.0824   0.0212   0.0585   0.0744   0.0127   0.3762    0.153   0.1832     0.12   0.0108   0.0278   0.0856   0.1859    0.053   0.1176   0.0234   0.3333   0.0074   0.2224   0.0439    0.059   0.1376   0.0188   0.1546   0.0296     0.38   0.1078   0.2025   0.1205   0.5868   0.1916   0.0331   0.1165   0.0947   0.0568   0.0557   0.0483   0.0077   0.0536   0.0345   0.0475    0.155   0.2749   0.1772   0.0134   0.0603   0.0589   0.1315   0.0089    0.236   0.0108   0.0375   0.0054   0.2159   0.0132   0.0332   0.0714   0.0767   0.0733    0.124   0.0141   0.0835   0.1586   0.1382   0.0606   0.0469   0.2403   0.2461   0.1391   0.0256   0.0164   0.0061    0.043   0.0166   0.1734   0.0281   0.1644   0.2417   0.1014   0.0174   0.1422   0.1389    0.037   0.1003   0.0959   0.0592   0.2265   0.1711   0.3696   0.1505   0.0392   0.2395   0.5063    0.113   0.1738   0.3664   0.0537   0.1297   0.0678    0.108   0.1656
  snr   -14.24
    H     5.07
 exon    False