>data-XIV-cerevisiae-intergenic-144
N: 253
Methods: voss, eiip, qpsk, mem, alg1, alg2

M: voss
 freq      0.0    0.004   0.0079   0.0119   0.0158   0.0198   0.0237   0.0277   0.0316   0.0356   0.0395   0.0435   0.0474   0.0514   0.0553   0.0593   0.0632   0.0672   0.0711   0.0751   0.0791    0.083    0.087   0.0909   0.0949   0.0988   0.1028   0.1067   0.1107   0.1146   0.1186   0.1225   0.1265   0.1304   0.1344   0.1383   0.1423   0.1462   0.1502   0.1542   0.1581   0.1621    0.166     0.17   0.1739   0.1779   0.1818   0.1858   0.1897   0.1937   0.1976   0.2016   0.2055   0.2095   0.2134   0.2174   0.2213   0.2253   0.2292   0.2332   0.2372   0.2411   0.2451    0.249    0.253   0.2569   0.2609   0.2648   0.2688   0.2727   0.2767   0.2806   0.2846   0.2885   0.2925   0.2964   0.3004   0.3043   0.3083   0.3123   0.3162   0.3202   0.3241   0.3281    0.332    0.336   0.3399   0.3439   0.3478   0.3518   0.3557   0.3597   0.3636   0.3676   0.3715   0.3755   0.3794   0.3834   0.3874   0.3913   0.3953   0.3992   0.4032   0.4071   0.4111    0.415    0.419   0.4229   0.4269   0.4308   0.4348   0.4387   0.4427   0.4466   0.4506   0.4545   0.4585   0.4625   0.4664   0.4704   0.4743   0.4783   0.4822   0.4862   0.4901   0.4941    0.498
    S      0.0   0.4673   0.5195   0.1305   0.2278   0.2815   0.1216   0.9144   0.1789   0.2533   0.5996   0.4915   0.4845   0.2756   0.1739   0.2997   0.2191   0.3614   0.5236   0.4435   0.7635   0.3849   0.7647   0.2206   0.0244   0.1245   0.3742   0.8924   0.1156   0.2049   0.2768     0.17   0.2796    0.234   0.1768   0.3566   0.2365   0.3881    0.308   0.1856   0.2051   0.1217   0.2205    0.503   0.3909   0.5064    0.142   0.3506   0.3552   0.0943   0.2353   0.5925   0.1426   0.2087     0.68   0.1481   0.6334   0.5194   0.2527   0.0728   0.0824   0.1846   0.2361   0.3558   0.4774   0.1125   0.2091   0.4037   0.0859   0.5081   0.2292    0.189   0.1923    0.472   0.1904   0.0985   0.2819   0.0623   0.4431   0.2601   0.1425    0.184   0.3521   0.4292   0.7107   0.1376   0.2345   0.5807   0.1766   0.4379   0.2085   0.1711    0.087   0.3661   0.5255   0.5285   0.1549   0.4462      1.0   0.6968   0.5502   0.1979   0.1265   0.3113   0.3905   0.2387    0.076   0.4172   0.0572   0.2037   0.1647   0.2651   0.2056   0.1966   0.1141   0.2547   0.4456   0.1696     0.52   0.1344   0.6782   0.1709   0.1273   0.1879   0.2164    0.529    0.182
  snr   -15.87
    H     4.65
 exon    False

M: eiip
 freq      0.0    0.004   0.0079   0.0119   0.0158   0.0198   0.0237   0.0277   0.0316   0.0356   0.0395   0.0435   0.0474   0.0514   0.0553   0.0593   0.0632   0.0672   0.0711   0.0751   0.0791    0.083    0.087   0.0909   0.0949   0.0988   0.1028   0.1067   0.1107   0.1146   0.1186   0.1225   0.1265   0.1304   0.1344   0.1383   0.1423   0.1462   0.1502   0.1542   0.1581   0.1621    0.166     0.17   0.1739   0.1779   0.1818   0.1858   0.1897   0.1937   0.1976   0.2016   0.2055   0.2095   0.2134   0.2174   0.2213   0.2253   0.2292   0.2332   0.2372   0.2411   0.2451    0.249    0.253   0.2569   0.2609   0.2648   0.2688   0.2727   0.2767   0.2806   0.2846   0.2885   0.2925   0.2964   0.3004   0.3043   0.3083   0.3123   0.3162   0.3202   0.3241   0.3281    0.332    0.336   0.3399   0.3439   0.3478   0.3518   0.3557   0.3597   0.3636   0.3676   0.3715   0.3755   0.3794   0.3834   0.3874   0.3913   0.3953   0.3992   0.4032   0.4071   0.4111    0.415    0.419   0.4229   0.4269   0.4308   0.4348   0.4387   0.4427   0.4466   0.4506   0.4545   0.4585   0.4625   0.4664   0.4704   0.4743   0.4783   0.4822   0.4862   0.4901   0.4941    0.498
    S      0.0   0.0919   0.8412   0.0646   0.1171   0.0242   0.0786   0.8074   0.0237   0.1863   0.1172   0.6173   0.4717   0.0439   0.3788   0.0001   0.2295   0.2077      1.0   0.1903   0.5487   0.1786   0.0858   0.0706   0.0078   0.0237   0.2683   0.0441   0.0717   0.1745   0.0338   0.2815   0.6009   0.0867    0.041   0.1753   0.1151   0.0068   0.0371   0.0693   0.0096   0.0002    0.255   0.7797   0.2496   0.1146   0.0448   0.0578   0.0768    0.027   0.3392    0.188   0.2656   0.0148   0.6189   0.0875   0.6806   0.0496   0.3184   0.0112   0.0281   0.1289   0.1178   0.2859   0.0801   0.1253   0.0541   0.0211   0.1698   0.4743   0.0891   0.0181   0.1728   0.7122   0.1587   0.0455   0.1079   0.0668   0.0501   0.1016   0.0241   0.0289   0.1019   0.1025   0.1398   0.0151   0.1014   0.7687   0.3407   0.1515   0.1063   0.3543   0.0048   0.1416   0.1689   0.5203   0.0495   0.1347   0.1501   0.1785   0.2325     0.14   0.0395    0.006   0.0304   0.2567   0.0484    0.328   0.0109   0.1016   0.1297    0.339   0.0956   0.0548   0.0304   0.2138   0.0095   0.1061   0.0542   0.2103   0.0461   0.2854   0.1028   0.0282    0.053   0.0257   0.2197
  snr    -13.3
    H     4.32
 exon    False

M: qpsk
 freq      0.0    0.004   0.0079   0.0119   0.0158   0.0198   0.0237   0.0277   0.0316   0.0356   0.0395   0.0435   0.0474   0.0514   0.0553   0.0593   0.0632   0.0672   0.0711   0.0751   0.0791    0.083    0.087   0.0909   0.0949   0.0988   0.1028   0.1067   0.1107   0.1146   0.1186   0.1225   0.1265   0.1304   0.1344   0.1383   0.1423   0.1462   0.1502   0.1542   0.1581   0.1621    0.166     0.17   0.1739   0.1779   0.1818   0.1858   0.1897   0.1937   0.1976   0.2016   0.2055   0.2095   0.2134   0.2174   0.2213   0.2253   0.2292   0.2332   0.2372   0.2411   0.2451    0.249    0.253   0.2569   0.2609   0.2648   0.2688   0.2727   0.2767   0.2806   0.2846   0.2885   0.2925   0.2964   0.3004   0.3043   0.3083   0.3123   0.3162   0.3202   0.3241   0.3281    0.332    0.336   0.3399   0.3439   0.3478   0.3518   0.3557   0.3597   0.3636   0.3676   0.3715   0.3755   0.3794   0.3834   0.3874   0.3913   0.3953   0.3992   0.4032   0.4071   0.4111    0.415    0.419   0.4229   0.4269   0.4308   0.4348   0.4387   0.4427   0.4466   0.4506   0.4545   0.4585   0.4625   0.4664   0.4704   0.4743   0.4783   0.4822   0.4862   0.4901   0.4941    0.498
    S      0.0   0.4418   0.5541   0.0719   0.2571    0.235   0.1247      1.0    0.159   0.2819   0.3568   0.5838    0.559   0.2758   0.1732   0.2016   0.0335   0.0859   0.6058   0.2137    0.766   0.1182    0.465   0.1644   0.0051    0.117   0.3742   0.4038   0.0356   0.1739   0.2092   0.1781    0.248   0.0519   0.0922    0.335   0.2689   0.2162   0.1859   0.1688   0.1338   0.0826   0.2649   0.1348   0.2875   0.3426   0.1334   0.1901   0.2433   0.0715    0.279   0.3955   0.1223   0.2265   0.5599   0.1607   0.3544   0.5182   0.3051   0.0644   0.0633   0.1994   0.2112   0.3293   0.3868   0.0453   0.2261   0.3105   0.0892   0.4969   0.1771   0.0367   0.2143   0.4197   0.0528   0.1075     0.15   0.0617   0.3419   0.2537    0.072   0.1523   0.3364   0.1213   0.4737   0.0955   0.2172   0.6939   0.1744    0.057   0.1336   0.1345   0.0811   0.2807   0.3598   0.3801   0.1449   0.3638   0.8063     0.09   0.5684   0.0868   0.0587    0.166   0.2614   0.2693   0.0806   0.3324   0.0509   0.1875    0.059   0.0448   0.1075   0.1005   0.0544   0.2941   0.2012    0.175   0.5833    0.036   0.6776   0.1926   0.1021   0.1094   0.1649   0.3451   0.1914
  snr    -14.7
    H     4.58
 exon    False

M: mem
 freq      0.0    0.004   0.0079   0.0119   0.0159   0.0198   0.0238   0.0278   0.0317   0.0357   0.0397   0.0437   0.0476   0.0516   0.0556   0.0595   0.0635   0.0675   0.0714   0.0754   0.0794   0.0833   0.0873   0.0913   0.0952   0.0992   0.1032   0.1071   0.1111   0.1151    0.119    0.123    0.127    0.131   0.1349   0.1389   0.1429   0.1468   0.1508   0.1548   0.1587   0.1627   0.1667   0.1706   0.1746   0.1786   0.1825   0.1865   0.1905   0.1944   0.1984   0.2024   0.2063   0.2103   0.2143   0.2183   0.2222   0.2262   0.2302   0.2341   0.2381   0.2421    0.246     0.25    0.254   0.2579   0.2619   0.2659   0.2698   0.2738   0.2778   0.2817   0.2857   0.2897   0.2937   0.2976   0.3016   0.3056   0.3095   0.3135   0.3175   0.3214   0.3254   0.3294   0.3333   0.3373   0.3413   0.3452   0.3492   0.3532   0.3571   0.3611   0.3651    0.369    0.373    0.377    0.381   0.3849   0.3889   0.3929   0.3968   0.4008   0.4048   0.4087   0.4127   0.4167   0.4206   0.4246   0.4286   0.4325   0.4365   0.4405   0.4444   0.4484   0.4524   0.4563   0.4603   0.4643   0.4683   0.4722   0.4762   0.4802   0.4841   0.4881   0.4921    0.496
    S      0.0    0.207   0.0667   0.0719   0.0374    0.168   0.0178   0.1973   0.0534   0.0326   0.4573   0.0189   0.0177   0.1029   0.0335   0.1885   0.2436   0.3144   0.0282   0.3339   0.2654   0.2679   0.4737   0.1527   0.0267   0.0333   0.1502   0.7198   0.0909    0.099   0.1468   0.0202    0.086   0.2092   0.1176   0.1207   0.0005   0.3259   0.1822   0.1093   0.0903   0.1029   0.0186   0.3181   0.3131   0.2451    0.002   0.1901   0.4239   0.0003   0.0355   0.2329   0.0379   0.0692   0.2638   0.0365   0.4708    0.074   0.0016   0.0531   0.0161   0.0547   0.0932    0.065   0.2889   0.0954   0.2163   0.1193    0.002   0.2711     0.01   0.1781   0.1121   0.2527   0.0838    0.035   0.0514   0.1298   0.0448   0.0193    0.037   0.1001   0.0906   0.1951   0.5427   0.1013   0.0387   0.0061   0.0573   0.3933   0.1547   0.0294   0.0128    0.061   0.6956   0.0744   0.0573     0.13      1.0   0.5242    0.115   0.1264     0.06   0.6279   0.0413   0.0836   0.0879   0.0538   0.0049   0.0647   0.5131   0.0518   0.0154   0.1331   0.0125   0.1228    0.213   0.3267   0.0515   0.0272   0.0792   0.0068   0.2191   0.0421   0.3208   0.1429
  snr   -12.59
    H     4.34
 exon    False

M: alg1
 freq      0.0    0.004   0.0079   0.0119   0.0158   0.0198   0.0237   0.0277   0.0316   0.0356   0.0395   0.0435   0.0474   0.0514   0.0553   0.0593   0.0632   0.0672   0.0711   0.0751   0.0791    0.083    0.087   0.0909   0.0949   0.0988   0.1028   0.1067   0.1107   0.1146   0.1186   0.1225   0.1265   0.1304   0.1344   0.1383   0.1423   0.1462   0.1502   0.1542   0.1581   0.1621    0.166     0.17   0.1739   0.1779   0.1818   0.1858   0.1897   0.1937   0.1976   0.2016   0.2055   0.2095   0.2134   0.2174   0.2213   0.2253   0.2292   0.2332   0.2372   0.2411   0.2451    0.249    0.253   0.2569   0.2609   0.2648   0.2688   0.2727   0.2767   0.2806   0.2846   0.2885   0.2925   0.2964   0.3004   0.3043   0.3083   0.3123   0.3162   0.3202   0.3241   0.3281    0.332    0.336   0.3399   0.3439   0.3478   0.3518   0.3557   0.3597   0.3636   0.3676   0.3715   0.3755   0.3794   0.3834   0.3874   0.3913   0.3953   0.3992   0.4032   0.4071   0.4111    0.415    0.419   0.4229   0.4269   0.4308   0.4348   0.4387   0.4427   0.4466   0.4506   0.4545   0.4585   0.4625   0.4664   0.4704   0.4743   0.4783   0.4822   0.4862   0.4901   0.4941    0.498
    S      0.0   0.4322   0.2076   0.0665   0.1531   0.2756   0.0659   0.6571   0.0817   0.0888   0.5124   0.1176   0.1541   0.1446   0.0292   0.2523   0.1154   0.2793   0.1371   0.3743   0.4624   0.3141   0.4845   0.1338   0.0194    0.026   0.2753   0.8909   0.0865   0.0697   0.2002   0.0314   0.0382   0.1673   0.1022   0.1721   0.0607   0.3695   0.2231   0.1073   0.2067   0.0757   0.0629   0.1558   0.2792   0.3745   0.0254   0.2986   0.3151   0.0741   0.0954   0.5283   0.0266   0.0565   0.3294   0.0404   0.3423   0.2815   0.0916   0.0525   0.0335   0.0941   0.1701   0.1875   0.3914   0.0273   0.1575   0.3438   0.0162   0.3035   0.1909   0.1614   0.1094   0.1297   0.0744   0.0639   0.2157    0.038     0.43   0.1962   0.0727   0.0633   0.2362    0.393   0.6445   0.0361   0.0582   0.1414   0.0323   0.2901   0.0843    0.031    0.038   0.2894   0.4694   0.2913    0.043   0.2784      1.0   0.5396   0.4616   0.1215   0.1044   0.3077   0.3732   0.1301   0.0266   0.1914   0.0387   0.1336   0.1017   0.0903   0.0622   0.1039   0.0598   0.0774   0.4371    0.074    0.297   0.0285   0.3559   0.0443   0.0668   0.1606    0.138     0.55   0.0337
  snr   -13.81
    H     4.49
 exon    False

M: alg2
 freq      0.0    0.004   0.0079   0.0119   0.0158   0.0198   0.0237   0.0277   0.0316   0.0356   0.0395   0.0435   0.0474   0.0514   0.0553   0.0593   0.0632   0.0672   0.0711   0.0751   0.0791    0.083    0.087   0.0909   0.0949   0.0988   0.1028   0.1067   0.1107   0.1146   0.1186   0.1225   0.1265   0.1304   0.1344   0.1383   0.1423   0.1462   0.1502   0.1542   0.1581   0.1621    0.166     0.17   0.1739   0.1779   0.1818   0.1858   0.1897   0.1937   0.1976   0.2016   0.2055   0.2095   0.2134   0.2174   0.2213   0.2253   0.2292   0.2332   0.2372   0.2411   0.2451    0.249    0.253   0.2569   0.2609   0.2648   0.2688   0.2727   0.2767   0.2806   0.2846   0.2885   0.2925   0.2964   0.3004   0.3043   0.3083   0.3123   0.3162   0.3202   0.3241   0.3281    0.332    0.336   0.3399   0.3439   0.3478   0.3518   0.3557   0.3597   0.3636   0.3676   0.3715   0.3755   0.3794   0.3834   0.3874   0.3913   0.3953   0.3992   0.4032   0.4071   0.4111    0.415    0.419   0.4229   0.4269   0.4308   0.4348   0.4387   0.4427   0.4466   0.4506   0.4545   0.4585   0.4625   0.4664   0.4704   0.4743   0.4783   0.4822   0.4862   0.4901   0.4941    0.498
    S      0.0    0.307   0.5937   0.0286    0.208   0.1441   0.0858      1.0   0.0713   0.1299   0.0202   0.3175   0.3397   0.0325   0.2154    0.074   0.0464   0.0072   0.6414   0.1026   0.6271   0.0015   0.1771    0.082   0.0043    0.022   0.3301   0.1203   0.0032   0.0493    0.037   0.1401   0.3411   0.0096   0.0643   0.2131   0.0867   0.1025   0.1223   0.1293   0.0798   0.0283   0.1545   0.2556   0.2112   0.2647    0.041   0.1252   0.0931   0.0567   0.2921    0.352   0.1575   0.0305    0.148    0.042   0.3383   0.1053   0.2494   0.0341   0.0452   0.1274   0.1728   0.3284      0.2   0.0528   0.1394   0.0805   0.1206   0.3722   0.1618   0.0203   0.1821   0.4289   0.0759   0.0821   0.1092   0.0675   0.1854   0.1958    0.043    0.059   0.0937   0.0071   0.2415   0.0223   0.0876   0.4217   0.1602   0.0281   0.0561   0.1565   0.0186   0.2479   0.2179   0.1928   0.0647   0.1906   0.5927    0.068   0.4648   0.1041   0.0142   0.1022   0.1723   0.2324   0.0121   0.0626   0.0266   0.0691   0.0205    0.107    0.041   0.0712   0.0232   0.1256   0.0668   0.0458   0.2491   0.0819   0.2716   0.2341   0.0576   0.0847   0.1179   0.2226    0.206
  snr   -12.67
    H     4.44
 exon    False