>data-XV-cerevisiae-intergenic-112
N: 240
Methods: voss, eiip, qpsk, mem, tbpse, snrse

M: voss
 freq      0.0   0.0042   0.0083   0.0125   0.0167   0.0208    0.025   0.0292   0.0333   0.0375   0.0417   0.0458     0.05   0.0542   0.0583   0.0625   0.0667   0.0708    0.075   0.0792   0.0833   0.0875   0.0917   0.0958      0.1   0.1042   0.1083   0.1125   0.1167   0.1208    0.125   0.1292   0.1333   0.1375   0.1417   0.1458     0.15   0.1542   0.1583   0.1625   0.1667   0.1708    0.175   0.1792   0.1833   0.1875   0.1917   0.1958      0.2   0.2042   0.2083   0.2125   0.2167   0.2208    0.225   0.2292   0.2333   0.2375   0.2417   0.2458     0.25   0.2542   0.2583   0.2625   0.2667   0.2708    0.275   0.2792   0.2833   0.2875   0.2917   0.2958      0.3   0.3042   0.3083   0.3125   0.3167   0.3208    0.325   0.3292   0.3333   0.3375   0.3417   0.3458     0.35   0.3542   0.3583   0.3625   0.3667   0.3708    0.375   0.3792   0.3833   0.3875   0.3917   0.3958      0.4   0.4042   0.4083   0.4125   0.4167   0.4208    0.425   0.4292   0.4333   0.4375   0.4417   0.4458     0.45   0.4542   0.4583   0.4625   0.4667   0.4708    0.475   0.4792   0.4833   0.4875   0.4917   0.4958
    S      0.0   0.2915   0.8827     0.39      1.0   0.2084   0.0764   0.5443   0.1528   0.4918   0.1288   0.3518   0.2912   0.3027   0.2885   0.3351    0.135   0.1986   0.1009   0.7403   0.1694   0.3702   0.1659   0.6096   0.3566   0.1466   0.1286   0.1807   0.4315    0.076   0.2321    0.069   0.2112   0.0833   0.3126   0.2239   0.1657   0.1362    0.183   0.3316   0.0639   0.2046   0.0256   0.0135    0.213    0.119   0.0232   0.1173   0.0732   0.3528   0.1529   0.2308   0.2289     0.36   0.1148   0.3227   0.1146   0.1339   0.3836   0.0647   0.2433   0.2948   0.2643   0.1923   0.4588   0.1201   0.1652   0.2616   0.2992   0.2193   0.5707   0.1716   0.1118   0.2751   0.3038   0.3683   0.1507   0.2762   0.2486   0.1647   0.1581   0.2778   0.1355   0.1307   0.1449   0.2649   0.1785   0.1696   0.1464   0.1476   0.0902   0.3512    0.077   0.2023   0.1715   0.2754   0.1276   0.1979   0.2197    0.293   0.2168   0.1146   0.1855   0.2007   0.4499   0.1265   0.1225   0.4773   0.1282   0.2624   0.1208   0.1585   0.2534     0.15   0.0682   0.5546   0.0265   0.3137   0.3418   0.1316
  snr   -14.33
    H     4.58
 exon    False

M: eiip
 freq      0.0   0.0042   0.0083   0.0125   0.0167   0.0208    0.025   0.0292   0.0333   0.0375   0.0417   0.0458     0.05   0.0542   0.0583   0.0625   0.0667   0.0708    0.075   0.0792   0.0833   0.0875   0.0917   0.0958      0.1   0.1042   0.1083   0.1125   0.1167   0.1208    0.125   0.1292   0.1333   0.1375   0.1417   0.1458     0.15   0.1542   0.1583   0.1625   0.1667   0.1708    0.175   0.1792   0.1833   0.1875   0.1917   0.1958      0.2   0.2042   0.2083   0.2125   0.2167   0.2208    0.225   0.2292   0.2333   0.2375   0.2417   0.2458     0.25   0.2542   0.2583   0.2625   0.2667   0.2708    0.275   0.2792   0.2833   0.2875   0.2917   0.2958      0.3   0.3042   0.3083   0.3125   0.3167   0.3208    0.325   0.3292   0.3333   0.3375   0.3417   0.3458     0.35   0.3542   0.3583   0.3625   0.3667   0.3708    0.375   0.3792   0.3833   0.3875   0.3917   0.3958      0.4   0.4042   0.4083   0.4125   0.4167   0.4208    0.425   0.4292   0.4333   0.4375   0.4417   0.4458     0.45   0.4542   0.4583   0.4625   0.4667   0.4708    0.475   0.4792   0.4833   0.4875   0.4917   0.4958
    S      0.0   0.1831   0.6265   0.0135   0.8448   0.2073   0.0297   0.0048   0.1507   0.2899   0.2296   0.3521    0.351   0.8038   0.1769   0.2226   0.3197   0.6596   0.1213   0.5064   0.2414   0.3849   0.1966   0.2231   0.2432   0.1139   0.0285   0.0878    0.604   0.1368   0.0191   0.0454   0.2677   0.1242   0.7919   0.0427   0.2339   0.0335   0.5337   0.1903   0.1042   0.1073   0.0098   0.0148   0.2598   0.2384   0.0293   0.1123   0.1343   0.0061   0.3238   0.3714   0.1084   0.3809   0.2921   0.1329   0.2527   0.0225   0.8115    0.037   0.0004   0.3544   0.2793   0.2505   0.0764   0.2562   0.3603   0.3142   0.0713   0.3239   0.6108   0.0994   0.0988    0.092   0.3596   0.6248   0.2316   0.0509   0.0168   0.0961   0.0063   0.4346   0.0803   0.1585    0.522   0.3636   0.0156   0.2612   0.0236   0.1603   0.2075      1.0   0.0517   0.8831    0.152   0.1397   0.1096    0.211   0.1217   0.0722    0.064   0.1724   0.8269   0.2549   0.9448   0.0703   0.0356   0.4352   0.0821   0.1026   0.2668   0.1282   0.3954   0.5875   0.2323   0.6997   0.0482   0.1244   0.0029   0.6509
  snr   -14.63
    H     4.38
 exon    False

M: qpsk
 freq      0.0   0.0042   0.0083   0.0125   0.0167   0.0208    0.025   0.0292   0.0333   0.0375   0.0417   0.0458     0.05   0.0542   0.0583   0.0625   0.0667   0.0708    0.075   0.0792   0.0833   0.0875   0.0917   0.0958      0.1   0.1042   0.1083   0.1125   0.1167   0.1208    0.125   0.1292   0.1333   0.1375   0.1417   0.1458     0.15   0.1542   0.1583   0.1625   0.1667   0.1708    0.175   0.1792   0.1833   0.1875   0.1917   0.1958      0.2   0.2042   0.2083   0.2125   0.2167   0.2208    0.225   0.2292   0.2333   0.2375   0.2417   0.2458     0.25   0.2542   0.2583   0.2625   0.2667   0.2708    0.275   0.2792   0.2833   0.2875   0.2917   0.2958      0.3   0.3042   0.3083   0.3125   0.3167   0.3208    0.325   0.3292   0.3333   0.3375   0.3417   0.3458     0.35   0.3542   0.3583   0.3625   0.3667   0.3708    0.375   0.3792   0.3833   0.3875   0.3917   0.3958      0.4   0.4042   0.4083   0.4125   0.4167   0.4208    0.425   0.4292   0.4333   0.4375   0.4417   0.4458     0.45   0.4542   0.4583   0.4625   0.4667   0.4708    0.475   0.4792   0.4833   0.4875   0.4917   0.4958
    S      0.0    0.271   0.7392   0.2923      1.0   0.0974   0.0592   0.2936   0.1743   0.4004   0.1289    0.073   0.1624    0.344   0.3532   0.2572   0.0711    0.245   0.1097   0.6721   0.1976   0.2685   0.1757   0.6971   0.0412   0.0895   0.1148   0.1212   0.1722    0.064   0.1022   0.0301   0.2171   0.0488   0.2447   0.1115   0.1923   0.0843    0.218   0.3923   0.0661   0.1028   0.0233   0.0109   0.2029   0.1052   0.0154   0.1296   0.0608    0.317   0.0954   0.1926   0.0767    0.335   0.1224   0.2201   0.0797   0.1619   0.3557   0.0245   0.1417   0.0997   0.2623   0.0842   0.2903   0.1436   0.1957   0.3085   0.2509   0.1941   0.4826    0.201   0.1383   0.1139   0.1002   0.1964   0.1859   0.3321   0.1316   0.1658   0.1719   0.0481   0.0813   0.1264   0.1523   0.2841   0.1296   0.1879   0.0257   0.0999   0.0754   0.3449   0.0281   0.2256   0.1747   0.1378   0.1073   0.2265   0.0715   0.2504   0.0405   0.1349   0.0946   0.0942   0.3062   0.0231   0.1124    0.469   0.0977   0.2285   0.0564    0.053   0.2795    0.168   0.0496   0.3974   0.0181    0.238   0.1694   0.1009
  snr   -13.25
    H      4.5
 exon    False

M: mem
 freq      0.0   0.0042   0.0083   0.0125   0.0167   0.0208    0.025   0.0292   0.0333   0.0375   0.0417   0.0458     0.05   0.0542   0.0583   0.0625   0.0667   0.0708    0.075   0.0792   0.0833   0.0875   0.0917   0.0958      0.1   0.1042   0.1083   0.1125   0.1167   0.1208    0.125   0.1292   0.1333   0.1375   0.1417   0.1458     0.15   0.1542   0.1583   0.1625   0.1667   0.1708    0.175   0.1792   0.1833   0.1875   0.1917   0.1958      0.2   0.2042   0.2083   0.2125   0.2167   0.2208    0.225   0.2292   0.2333   0.2375   0.2417   0.2458     0.25   0.2542   0.2583   0.2625   0.2667   0.2708    0.275   0.2792   0.2833   0.2875   0.2917   0.2958      0.3   0.3042   0.3083   0.3125   0.3167   0.3208    0.325   0.3292   0.3333   0.3375   0.3417   0.3458     0.35   0.3542   0.3583   0.3625   0.3667   0.3708    0.375   0.3792   0.3833   0.3875   0.3917   0.3958      0.4   0.4042   0.4083   0.4125   0.4167   0.4208    0.425   0.4292   0.4333   0.4375   0.4417   0.4458     0.45   0.4542   0.4583   0.4625   0.4667   0.4708    0.475   0.4792   0.4833   0.4875   0.4917   0.4958
    S      0.0   0.2558   0.5596   0.2796      1.0   0.0237   0.0595   0.2632   0.2498   0.2879   0.1899   0.0085   0.0141    0.586    0.321   0.0206   0.1403   0.1572    0.026   0.6878   0.0436   0.0549   0.3278   0.5757   0.1023   0.0345   0.0593   0.0529   0.4634   0.0076   0.0218   0.0007   0.5498   0.0311   0.3002   0.1705   0.0646   0.0172   0.0406   0.2029   0.0295   0.0417   0.0273   0.0029   0.0421   0.0055   0.0459   0.1228   0.0631   0.3195   0.0118   0.5097   0.0176   0.0955   0.0045   0.1437   0.0453   0.2107   0.3142      0.0   0.1423   0.1691    0.024   0.1701   0.2468   0.0125   0.1417   0.7804   0.1981   0.2105   0.1847   0.0856   0.2873   0.0546   0.1569   0.0588   0.1913    0.319   0.0347   0.2392   0.2293   0.3142   0.0023   0.0144   0.2875    0.398   0.1149   0.2965   0.0129   0.0161   0.1938   0.0358   0.1125   0.2283   0.2744   0.0941    0.092   0.3908   0.0622   0.3393   0.0239   0.2551   0.3799   0.0185   0.2601   0.0135   0.1391    0.495   0.0706   0.1141   0.0085   0.0208   0.1496   0.2557   0.1246   0.2836   0.0252   0.2596   0.0729   0.1928
  snr   -12.94
    H     4.31
 exon    False

M: tbpse
 freq      0.0   0.0042   0.0083   0.0125   0.0167   0.0208    0.025   0.0292   0.0333   0.0375   0.0417   0.0458     0.05   0.0542   0.0583   0.0625   0.0667   0.0708    0.075   0.0792   0.0833   0.0875   0.0917   0.0958      0.1   0.1042   0.1083   0.1125   0.1167   0.1208    0.125   0.1292   0.1333   0.1375   0.1417   0.1458     0.15   0.1542   0.1583   0.1625   0.1667   0.1708    0.175   0.1792   0.1833   0.1875   0.1917   0.1958      0.2   0.2042   0.2083   0.2125   0.2167   0.2208    0.225   0.2292   0.2333   0.2375   0.2417   0.2458     0.25   0.2542   0.2583   0.2625   0.2667   0.2708    0.275   0.2792   0.2833   0.2875   0.2917   0.2958      0.3   0.3042   0.3083   0.3125   0.3167   0.3208    0.325   0.3292   0.3333   0.3375   0.3417   0.3458     0.35   0.3542   0.3583   0.3625   0.3667   0.3708    0.375   0.3792   0.3833   0.3875   0.3917   0.3958      0.4   0.4042   0.4083   0.4125   0.4167   0.4208    0.425   0.4292   0.4333   0.4375   0.4417   0.4458     0.45   0.4542   0.4583   0.4625   0.4667   0.4708    0.475   0.4792   0.4833   0.4875   0.4917   0.4958
    S      0.0    0.284    0.139   0.1196   0.5951   0.0381   0.1606   0.4707   0.1042   0.0793    0.031   0.0282   0.1043    0.196   0.5523   0.2495    0.066   0.0919   0.1689   0.1069    0.292   0.1834   0.0852      1.0   0.1105   0.0405   0.2859   0.0704   0.2144   0.0699   0.1436    0.024   0.3023   0.0716   0.0268   0.2659   0.2646   0.1204    0.235   0.8114   0.0887   0.0278   0.0252   0.0119   0.1642   0.1209   0.0251    0.122   0.0747   0.2817   0.0828   0.2739   0.0826   0.3616   0.1439   0.0544   0.0604   0.2688   0.3918   0.0242   0.4583   0.0496   0.4505   0.1594    0.078   0.2001   0.1242   0.4489   0.2165   0.2746   0.2107   0.4151   0.1769   0.0298    0.162   0.1242   0.2008    0.549   0.1914   0.0678    0.416   0.2467   0.0819   0.1211   0.0178   0.0939   0.0477   0.0396   0.0734   0.0784   0.0545   0.2722   0.1231   0.0709   0.0727   0.3465   0.0171   0.0955     0.05   0.2038   0.1079   0.0535   0.0422   0.0457   0.0551   0.0236   0.0582    0.255   0.0574   0.2536   0.0307   0.0524   0.3755   0.0529   0.0282   0.0832     0.03   0.1437   0.0407   0.0132
  snr   -12.74
    H     4.39
 exon    False

M: snrse
 freq      0.0   0.0042   0.0083   0.0125   0.0167   0.0208    0.025   0.0292   0.0333   0.0375   0.0417   0.0458     0.05   0.0542   0.0583   0.0625   0.0667   0.0708    0.075   0.0792   0.0833   0.0875   0.0917   0.0958      0.1   0.1042   0.1083   0.1125   0.1167   0.1208    0.125   0.1292   0.1333   0.1375   0.1417   0.1458     0.15   0.1542   0.1583   0.1625   0.1667   0.1708    0.175   0.1792   0.1833   0.1875   0.1917   0.1958      0.2   0.2042   0.2083   0.2125   0.2167   0.2208    0.225   0.2292   0.2333   0.2375   0.2417   0.2458     0.25   0.2542   0.2583   0.2625   0.2667   0.2708    0.275   0.2792   0.2833   0.2875   0.2917   0.2958      0.3   0.3042   0.3083   0.3125   0.3167   0.3208    0.325   0.3292   0.3333   0.3375   0.3417   0.3458     0.35   0.3542   0.3583   0.3625   0.3667   0.3708    0.375   0.3792   0.3833   0.3875   0.3917   0.3958      0.4   0.4042   0.4083   0.4125   0.4167   0.4208    0.425   0.4292   0.4333   0.4375   0.4417   0.4458     0.45   0.4542   0.4583   0.4625   0.4667   0.4708    0.475   0.4792   0.4833   0.4875   0.4917   0.4958
    S      0.0   0.1383   0.2436    0.335   0.4971   0.1049   0.0412   0.2735   0.1319   0.1181   0.0741   0.1835   0.2257   0.0848   0.4735   0.0047   0.0964   0.0216   0.1557   0.3006   0.2665   0.2553   0.1166      1.0   0.0686   0.0199   0.0875   0.0139   0.0487    0.023   0.0761   0.0291   0.1717   0.0828   0.0705   0.0628   0.1103   0.0092   0.1564   0.4134   0.0949    0.103   0.0168   0.0201   0.0574   0.1563    0.016   0.0866   0.0887   0.4649   0.1676   0.0993   0.0263   0.4553   0.1115   0.1718   0.0149   0.2143   0.0652    0.024     0.08   0.0729   0.2046   0.0044   0.2491   0.1335   0.0536    0.314   0.2001   0.0536   0.0829   0.2188   0.1503   0.1663   0.1996   0.3761   0.1512   0.5136   0.0356   0.1463   0.2066    0.046   0.0338   0.0205   0.0299   0.1077    0.157   0.0814   0.0095   0.1541   0.0235   0.2413   0.0212   0.0277    0.111   0.0298   0.0364    0.163   0.1322   0.2278   0.0349    0.082   0.0085   0.1829   0.1295   0.0503   0.1294   0.1957   0.1402   0.2982   0.1101   0.1161   0.1214   0.0118   0.0329   0.2441   0.0041   0.1306   0.1504   0.0252
  snr   -11.91
    H     4.39
 exon    False