>data-XVI-cerevisiae-intergenic-107
N: 369
Methods: voss, eiip, qpsk, mem, alg1, alg2

M: voss
 freq      0.0   0.0027   0.0054   0.0081   0.0108   0.0136   0.0163    0.019   0.0217   0.0244   0.0271   0.0298   0.0325   0.0352   0.0379   0.0407   0.0434   0.0461   0.0488   0.0515   0.0542   0.0569   0.0596   0.0623    0.065   0.0678   0.0705   0.0732   0.0759   0.0786   0.0813    0.084   0.0867   0.0894   0.0921   0.0949   0.0976   0.1003    0.103   0.1057   0.1084   0.1111   0.1138   0.1165   0.1192    0.122   0.1247   0.1274   0.1301   0.1328   0.1355   0.1382   0.1409   0.1436   0.1463   0.1491   0.1518   0.1545   0.1572   0.1599   0.1626   0.1653    0.168   0.1707   0.1734   0.1762   0.1789   0.1816   0.1843    0.187   0.1897   0.1924   0.1951   0.1978   0.2005   0.2033    0.206   0.2087   0.2114   0.2141   0.2168   0.2195   0.2222   0.2249   0.2276   0.2304   0.2331   0.2358   0.2385   0.2412   0.2439   0.2466   0.2493    0.252   0.2547   0.2575   0.2602   0.2629   0.2656   0.2683    0.271   0.2737   0.2764   0.2791   0.2818   0.2846   0.2873     0.29   0.2927   0.2954   0.2981   0.3008   0.3035   0.3062   0.3089   0.3117   0.3144   0.3171   0.3198   0.3225   0.3252   0.3279   0.3306   0.3333    0.336   0.3388   0.3415   0.3442   0.3469   0.3496   0.3523    0.355   0.3577   0.3604   0.3631   0.3659   0.3686   0.3713    0.374   0.3767   0.3794   0.3821   0.3848   0.3875   0.3902    0.393   0.3957   0.3984   0.4011   0.4038   0.4065   0.4092   0.4119   0.4146   0.4173   0.4201   0.4228   0.4255   0.4282   0.4309   0.4336   0.4363    0.439   0.4417   0.4444   0.4472   0.4499   0.4526   0.4553    0.458   0.4607   0.4634   0.4661   0.4688   0.4715   0.4743    0.477   0.4797   0.4824   0.4851   0.4878   0.4905   0.4932   0.4959   0.4986
    S      0.0   0.0532   0.2251   0.2606     0.87   0.2642   0.1987   0.3241   0.0909   0.3836   0.3044   0.1277   0.1918   0.1016   0.3983   0.3765   0.0697   0.1238   0.1853   0.3754   0.1852   0.2002   0.3596   0.2701   0.3832   0.2801   0.6178    0.563   0.2472   0.1583   0.4358   0.1092   0.7377   0.2235   0.0753   0.1628   0.3386   0.2878   0.1268   0.3061   0.4527   0.1418   0.2686   0.2046   0.2212   0.0818   0.1775   0.1509   0.1222   0.1497   0.3272      1.0   0.1153   0.2635   0.4074   0.6851   0.1084   0.6756   0.2056   0.2616   0.1218   0.3788   0.2053   0.1676   0.3855   0.1255   0.9976   0.0954   0.1602   0.1914   0.2913   0.2544   0.1884   0.3026   0.1913   0.3735   0.0815   0.2904   0.2924   0.2567   0.4495   0.0848   0.1112   0.2369   0.1175   0.1707   0.4226   0.9529   0.2642   0.0994   0.0818   0.0916   0.3051   0.1464   0.3827   0.2412   0.1567   0.2911   0.1807   0.4422     0.36   0.2714   0.2801   0.5011   0.2809   0.6443    0.058   0.1818   0.2023   0.2423   0.3284   0.1476   0.1668   0.5476   0.1985   0.4791   0.3163   0.4012   0.3598   0.1079   0.0846    0.388   0.2333   0.4329   0.2361   0.1276   0.4071   0.4561   0.2693   0.2724   0.7111   0.2556   0.3483   0.5816   0.4107    0.317   0.3122   0.0948    0.051   0.2297   0.0861    0.267   0.3888   0.3052   0.3025   0.3912   0.1688   0.5246   0.7724   0.1843   0.8265   0.2718    0.135   0.1419   0.3701   0.3593   0.1116   0.4593   0.6869   0.2338   0.2584   0.3054   0.0614   0.1255   0.1928   0.3585   0.4867   0.3766   0.1918   0.1329   0.2272   0.1406   0.1372   0.0755   0.1547    0.234   0.6687   0.3413   0.1531   0.2308   0.3237   0.5387   0.2184   0.1349   0.1764
  snr   -17.17
    H     5.03
 exon    False

M: eiip
 freq      0.0   0.0027   0.0054   0.0081   0.0108   0.0136   0.0163    0.019   0.0217   0.0244   0.0271   0.0298   0.0325   0.0352   0.0379   0.0407   0.0434   0.0461   0.0488   0.0515   0.0542   0.0569   0.0596   0.0623    0.065   0.0678   0.0705   0.0732   0.0759   0.0786   0.0813    0.084   0.0867   0.0894   0.0921   0.0949   0.0976   0.1003    0.103   0.1057   0.1084   0.1111   0.1138   0.1165   0.1192    0.122   0.1247   0.1274   0.1301   0.1328   0.1355   0.1382   0.1409   0.1436   0.1463   0.1491   0.1518   0.1545   0.1572   0.1599   0.1626   0.1653    0.168   0.1707   0.1734   0.1762   0.1789   0.1816   0.1843    0.187   0.1897   0.1924   0.1951   0.1978   0.2005   0.2033    0.206   0.2087   0.2114   0.2141   0.2168   0.2195   0.2222   0.2249   0.2276   0.2304   0.2331   0.2358   0.2385   0.2412   0.2439   0.2466   0.2493    0.252   0.2547   0.2575   0.2602   0.2629   0.2656   0.2683    0.271   0.2737   0.2764   0.2791   0.2818   0.2846   0.2873     0.29   0.2927   0.2954   0.2981   0.3008   0.3035   0.3062   0.3089   0.3117   0.3144   0.3171   0.3198   0.3225   0.3252   0.3279   0.3306   0.3333    0.336   0.3388   0.3415   0.3442   0.3469   0.3496   0.3523    0.355   0.3577   0.3604   0.3631   0.3659   0.3686   0.3713    0.374   0.3767   0.3794   0.3821   0.3848   0.3875   0.3902    0.393   0.3957   0.3984   0.4011   0.4038   0.4065   0.4092   0.4119   0.4146   0.4173   0.4201   0.4228   0.4255   0.4282   0.4309   0.4336   0.4363    0.439   0.4417   0.4444   0.4472   0.4499   0.4526   0.4553    0.458   0.4607   0.4634   0.4661   0.4688   0.4715   0.4743    0.477   0.4797   0.4824   0.4851   0.4878   0.4905   0.4932   0.4959   0.4986
    S      0.0   0.0884   0.0276   0.3316   0.3041   0.2589    0.305   0.1629   0.0353   0.2608   0.1444   0.0488   0.0388   0.0133   0.0188   0.0857   0.0607   0.1679   0.1511   0.0386   0.1471   0.0901   0.2838   0.1203    0.063   0.2373   0.0204   0.3133   0.0488   0.0819   0.0776   0.0179   0.1101   0.0534   0.0322   0.1349   0.5674   0.0174   0.0138   0.1041    0.539    0.075   0.1423   0.1048   0.0235   0.1065     0.26   0.1162   0.1162   0.0131   0.0993   0.0247   0.0453   0.1179   0.0331   0.0625   0.0161   0.6304   0.2026   0.0537   0.0244   0.0932   0.1794   0.1892    0.411   0.0916   0.0511   0.1157   0.0239   0.1528    0.253   0.2937   0.1422   0.0656    0.313   0.1356    0.021   0.1211   0.1824   0.2367   0.0446   0.1312   0.1895   0.0045   0.1953   0.0276   0.2903      1.0   0.2222   0.0081   0.0424   0.0268    0.014   0.1618   0.1318   0.0248   0.1648   0.2563   0.0305   0.4542   0.0333    0.131    0.042   0.0796   0.0364   0.4623   0.0161   0.0595   0.1608   0.0118   0.4179   0.1591   0.1402   0.3386   0.0198   0.2723   0.3291   0.3353   0.0234   0.0573    0.093   0.0268   0.0915   0.0821   0.1727   0.0459   0.0612   0.4142    0.115    0.148   0.0066   0.0443   0.1187   0.3743   0.3551   0.0304   0.0093   0.0126   0.0439   0.0925   0.0077   0.0009   0.2075   0.1646   0.0916     0.21   0.0774   0.6767   0.4652   0.2094    0.428   0.2522   0.0625   0.2351   0.0229   0.4198   0.0308    0.849   0.1294    0.042   0.2495   0.4697   0.0968   0.0342   0.0317   0.3295   0.5497   0.0019   0.2512   0.0674   0.3002    0.092   0.1683   0.0075   0.1302   0.2586    0.037   0.4819   0.1583   0.0173   0.0265   0.2523   0.2611   0.0097   0.0582
  snr   -14.43
    H     4.77
 exon    False

M: qpsk
 freq      0.0   0.0027   0.0054   0.0081   0.0108   0.0136   0.0163    0.019   0.0217   0.0244   0.0271   0.0298   0.0325   0.0352   0.0379   0.0407   0.0434   0.0461   0.0488   0.0515   0.0542   0.0569   0.0596   0.0623    0.065   0.0678   0.0705   0.0732   0.0759   0.0786   0.0813    0.084   0.0867   0.0894   0.0921   0.0949   0.0976   0.1003    0.103   0.1057   0.1084   0.1111   0.1138   0.1165   0.1192    0.122   0.1247   0.1274   0.1301   0.1328   0.1355   0.1382   0.1409   0.1436   0.1463   0.1491   0.1518   0.1545   0.1572   0.1599   0.1626   0.1653    0.168   0.1707   0.1734   0.1762   0.1789   0.1816   0.1843    0.187   0.1897   0.1924   0.1951   0.1978   0.2005   0.2033    0.206   0.2087   0.2114   0.2141   0.2168   0.2195   0.2222   0.2249   0.2276   0.2304   0.2331   0.2358   0.2385   0.2412   0.2439   0.2466   0.2493    0.252   0.2547   0.2575   0.2602   0.2629   0.2656   0.2683    0.271   0.2737   0.2764   0.2791   0.2818   0.2846   0.2873     0.29   0.2927   0.2954   0.2981   0.3008   0.3035   0.3062   0.3089   0.3117   0.3144   0.3171   0.3198   0.3225   0.3252   0.3279   0.3306   0.3333    0.336   0.3388   0.3415   0.3442   0.3469   0.3496   0.3523    0.355   0.3577   0.3604   0.3631   0.3659   0.3686   0.3713    0.374   0.3767   0.3794   0.3821   0.3848   0.3875   0.3902    0.393   0.3957   0.3984   0.4011   0.4038   0.4065   0.4092   0.4119   0.4146   0.4173   0.4201   0.4228   0.4255   0.4282   0.4309   0.4336   0.4363    0.439   0.4417   0.4444   0.4472   0.4499   0.4526   0.4553    0.458   0.4607   0.4634   0.4661   0.4688   0.4715   0.4743    0.477   0.4797   0.4824   0.4851   0.4878   0.4905   0.4932   0.4959   0.4986
    S      0.0   0.0583   0.0882   0.2945   0.7762   0.3423   0.2438   0.4384   0.0441   0.1967   0.0555   0.1051   0.0399   0.1078   0.2394     0.29   0.0798   0.1316   0.2512   0.3764   0.0366   0.2579   0.4109    0.355   0.3418   0.1869   0.7811   0.5135    0.244   0.2236   0.1631   0.0951   0.5945   0.0818   0.0634    0.117   0.4563   0.3418   0.1262   0.1082     0.62   0.0727     0.32   0.2613     0.29   0.0483   0.2035   0.1891   0.0868   0.1103   0.3509   0.4008   0.0346   0.2806   0.3874    0.427   0.0944   0.7697   0.0375   0.2147    0.093    0.108    0.214   0.1392   0.5153     0.13   0.6548   0.0814   0.0634   0.0501   0.2186   0.1955   0.1474   0.1726    0.175   0.4986   0.1078   0.3525   0.4038   0.2267   0.2062   0.0861    0.144   0.2555   0.0843   0.1166   0.4843   0.9363   0.0776   0.0552   0.0628   0.1271    0.189    0.203   0.4903   0.1436   0.0821   0.3062   0.0737   0.3121   0.3935   0.3518   0.2561   0.4447   0.3428   0.7848    0.017   0.0667   0.1986   0.0785   0.3672   0.1401   0.1783   0.6742   0.2287   0.5923   0.1885   0.3748   0.4435   0.1173   0.0894   0.4199   0.3173   0.4915   0.3236   0.1437   0.5165   0.5233   0.2449   0.1218   0.9037     0.11   0.0959   0.6369    0.543   0.1282   0.2766   0.1084   0.0719   0.2866   0.0308   0.2753   0.1095   0.2105   0.4075   0.3167   0.2175   0.4077      1.0   0.2589   0.8925    0.143   0.0961   0.1308   0.3725   0.5006   0.0363   0.6029   0.6336   0.2674   0.2599   0.4155   0.0676   0.1517   0.1393   0.4862   0.1851   0.2585   0.2505    0.145   0.1927   0.0914    0.061   0.0985   0.1669   0.2978   0.3154   0.4786   0.1795   0.2755    0.231   0.6978   0.2876   0.0944   0.1817
  snr   -16.84
    H     4.96
 exon    False

M: mem
 freq      0.0   0.0027   0.0054   0.0082   0.0109   0.0136   0.0163    0.019   0.0217   0.0245   0.0272   0.0299   0.0326   0.0353    0.038   0.0408   0.0435   0.0462   0.0489   0.0516   0.0543   0.0571   0.0598   0.0625   0.0652   0.0679   0.0707   0.0734   0.0761   0.0788   0.0815   0.0842    0.087   0.0897   0.0924   0.0951   0.0978   0.1005   0.1033    0.106   0.1087   0.1114   0.1141   0.1168   0.1196   0.1223    0.125   0.1277   0.1304   0.1332   0.1359   0.1386   0.1413    0.144   0.1467   0.1495   0.1522   0.1549   0.1576   0.1603    0.163   0.1658   0.1685   0.1712   0.1739   0.1766   0.1793   0.1821   0.1848   0.1875   0.1902   0.1929   0.1957   0.1984   0.2011   0.2038   0.2065   0.2092    0.212   0.2147   0.2174   0.2201   0.2228   0.2255   0.2283    0.231   0.2337   0.2364   0.2391   0.2418   0.2446   0.2473     0.25   0.2527   0.2554   0.2582   0.2609   0.2636   0.2663    0.269   0.2717   0.2745   0.2772   0.2799   0.2826   0.2853    0.288   0.2908   0.2935   0.2962   0.2989   0.3016   0.3043   0.3071   0.3098   0.3125   0.3152   0.3179   0.3207   0.3234   0.3261   0.3288   0.3315   0.3342    0.337   0.3397   0.3424   0.3451   0.3478   0.3505   0.3533    0.356   0.3587   0.3614   0.3641   0.3668   0.3696   0.3723    0.375   0.3777   0.3804   0.3832   0.3859   0.3886   0.3913    0.394   0.3967   0.3995   0.4022   0.4049   0.4076   0.4103    0.413   0.4158   0.4185   0.4212   0.4239   0.4266   0.4293   0.4321   0.4348   0.4375   0.4402   0.4429   0.4457   0.4484   0.4511   0.4538   0.4565   0.4592    0.462   0.4647   0.4674   0.4701   0.4728   0.4755   0.4783    0.481   0.4837   0.4864   0.4891   0.4918   0.4946   0.4973
    S      0.0   0.0265   0.1652   0.2153   0.3399   0.3679   0.0665   0.2374   0.0339   0.1058   0.0821   0.0121   0.1319   0.0658   0.2656   0.0339   0.0097   0.0486   0.0397   0.2782   0.0513   0.0275   0.0967   0.0597   0.4486   0.1524   0.0123   0.2494   0.2356   0.1311   0.2095   0.1491   0.8526   0.1317   0.0399   0.0034   0.1871   0.0605   0.0182   0.3371   0.5561   0.0419   0.3346   0.1244    0.179   0.0305   0.1363   0.1248   0.0228   0.0825   0.4153   0.6494   0.0824   0.3787   0.3553   0.7248   0.0361   0.1686   0.0386    0.311   0.0217   0.2828    0.024   0.0999   0.1665   0.0532   0.3188   0.0353   0.2632   0.0051   0.1539   0.0765   0.0424   0.2349   0.0917   0.2548   0.0074   0.0548   0.1062   0.1243   0.2441   0.0868   0.0404   0.1172   0.0199   0.1892   0.5501   0.1122   0.0254   0.0456   0.0804   0.0547   0.1085   0.2112   0.4295   0.1562   0.0159   0.1354   0.0493   0.1412   0.2321   0.0104   0.1286   0.6315   0.0108   0.4016   0.1565   0.2523    0.079   0.0713   0.2768   0.0055   0.0827   0.0525     0.08   0.1228   0.0227    0.455   0.1262   0.0414    0.035   0.3703   0.0327   0.1301   0.0429   0.0211    0.385   0.0537   0.0545   0.0851   0.1907   0.0547   0.0829   0.0882   0.0086   0.2935   0.1341   0.0523   0.0844    0.239     0.04   0.3873   0.0115   0.0216   0.0532   0.0076   0.3385   0.0001   0.8163    0.233      1.0   0.0557   0.1422   0.0098   0.2095   0.3335   0.0181   0.1831   0.0648   0.1827   0.1552   0.0815   0.0151   0.1215   0.2639   0.0519   0.0037   0.2279   0.0146   0.1591   0.0158   0.2105   0.0079   0.0192   0.0432    0.172   0.7982   0.2923   0.0932   0.1049   0.6219   0.1431   0.2953   0.0747
  snr   -14.59
    H     4.73
 exon    False

M: alg1
 freq      0.0   0.0027   0.0054   0.0081   0.0108   0.0136   0.0163    0.019   0.0217   0.0244   0.0271   0.0298   0.0325   0.0352   0.0379   0.0407   0.0434   0.0461   0.0488   0.0515   0.0542   0.0569   0.0596   0.0623    0.065   0.0678   0.0705   0.0732   0.0759   0.0786   0.0813    0.084   0.0867   0.0894   0.0921   0.0949   0.0976   0.1003    0.103   0.1057   0.1084   0.1111   0.1138   0.1165   0.1192    0.122   0.1247   0.1274   0.1301   0.1328   0.1355   0.1382   0.1409   0.1436   0.1463   0.1491   0.1518   0.1545   0.1572   0.1599   0.1626   0.1653    0.168   0.1707   0.1734   0.1762   0.1789   0.1816   0.1843    0.187   0.1897   0.1924   0.1951   0.1978   0.2005   0.2033    0.206   0.2087   0.2114   0.2141   0.2168   0.2195   0.2222   0.2249   0.2276   0.2304   0.2331   0.2358   0.2385   0.2412   0.2439   0.2466   0.2493    0.252   0.2547   0.2575   0.2602   0.2629   0.2656   0.2683    0.271   0.2737   0.2764   0.2791   0.2818   0.2846   0.2873     0.29   0.2927   0.2954   0.2981   0.3008   0.3035   0.3062   0.3089   0.3117   0.3144   0.3171   0.3198   0.3225   0.3252   0.3279   0.3306   0.3333    0.336   0.3388   0.3415   0.3442   0.3469   0.3496   0.3523    0.355   0.3577   0.3604   0.3631   0.3659   0.3686   0.3713    0.374   0.3767   0.3794   0.3821   0.3848   0.3875   0.3902    0.393   0.3957   0.3984   0.4011   0.4038   0.4065   0.4092   0.4119   0.4146   0.4173   0.4201   0.4228   0.4255   0.4282   0.4309   0.4336   0.4363    0.439   0.4417   0.4444   0.4472   0.4499   0.4526   0.4553    0.458   0.4607   0.4634   0.4661   0.4688   0.4715   0.4743    0.477   0.4797   0.4824   0.4851   0.4878   0.4905   0.4932   0.4959   0.4986
    S      0.0   0.0091   0.1176   0.0339   0.8622   0.0068   0.1323    0.258   0.0638   0.2541   0.1657   0.1345   0.0831   0.1034   0.3239   0.4078   0.0534   0.0553   0.1994   0.3622   0.0699   0.2173   0.3423   0.2656   0.2171   0.1022   0.8838   0.4051   0.1382   0.1031   0.2703   0.0428   0.4552   0.1581   0.0402    0.128   0.1411   0.3903     0.15   0.0947   0.0109   0.0857   0.0771   0.1867   0.1863   0.0401   0.0349    0.039   0.0754   0.1373   0.1634   0.5524   0.0526   0.0178    0.463   0.1451   0.1191   0.4571   0.0885   0.0823   0.1168   0.2013   0.1824   0.0549   0.3594   0.1323      1.0   0.0433   0.0632   0.1052   0.1282   0.1441   0.0817    0.183   0.0581   0.2651   0.0746   0.2975   0.3366   0.0908   0.3563   0.0164   0.0518   0.1499    0.052    0.104   0.0677   0.6226   0.1436   0.0899   0.0644   0.0782   0.1915   0.0072   0.4218   0.0961   0.0776   0.2267   0.1002   0.2612    0.401   0.3342   0.1848   0.1811   0.3028   0.5646   0.0315   0.1194   0.1569   0.0751   0.0896   0.0935   0.1284    0.484   0.2511   0.3613    0.084   0.0578    0.379   0.1041   0.0742   0.2399   0.2167   0.5675   0.1872   0.0677   0.3148   0.4647   0.2144   0.1945   0.8945   0.1282   0.2436   0.6065   0.3313   0.1027   0.3799   0.1239    0.029    0.226   0.0228   0.2088   0.1928   0.1931   0.3772   0.3523   0.2001   0.1075   0.6131   0.0346    0.146   0.1256   0.0348   0.0515   0.3495   0.1147   0.0361   0.0947   0.8285   0.2792   0.2324   0.0971   0.0174   0.0744    0.183   0.0905   0.2289   0.3408   0.1532   0.0208   0.1159   0.0652   0.0412    0.104   0.1517   0.1984   0.3873   0.0022   0.0328   0.1836   0.3275   0.3251   0.0586   0.0414   0.1473
  snr   -15.48
    H     4.87
 exon    False

M: alg2
 freq      0.0   0.0027   0.0054   0.0081   0.0108   0.0136   0.0163    0.019   0.0217   0.0244   0.0271   0.0298   0.0325   0.0352   0.0379   0.0407   0.0434   0.0461   0.0488   0.0515   0.0542   0.0569   0.0596   0.0623    0.065   0.0678   0.0705   0.0732   0.0759   0.0786   0.0813    0.084   0.0867   0.0894   0.0921   0.0949   0.0976   0.1003    0.103   0.1057   0.1084   0.1111   0.1138   0.1165   0.1192    0.122   0.1247   0.1274   0.1301   0.1328   0.1355   0.1382   0.1409   0.1436   0.1463   0.1491   0.1518   0.1545   0.1572   0.1599   0.1626   0.1653    0.168   0.1707   0.1734   0.1762   0.1789   0.1816   0.1843    0.187   0.1897   0.1924   0.1951   0.1978   0.2005   0.2033    0.206   0.2087   0.2114   0.2141   0.2168   0.2195   0.2222   0.2249   0.2276   0.2304   0.2331   0.2358   0.2385   0.2412   0.2439   0.2466   0.2493    0.252   0.2547   0.2575   0.2602   0.2629   0.2656   0.2683    0.271   0.2737   0.2764   0.2791   0.2818   0.2846   0.2873     0.29   0.2927   0.2954   0.2981   0.3008   0.3035   0.3062   0.3089   0.3117   0.3144   0.3171   0.3198   0.3225   0.3252   0.3279   0.3306   0.3333    0.336   0.3388   0.3415   0.3442   0.3469   0.3496   0.3523    0.355   0.3577   0.3604   0.3631   0.3659   0.3686   0.3713    0.374   0.3767   0.3794   0.3821   0.3848   0.3875   0.3902    0.393   0.3957   0.3984   0.4011   0.4038   0.4065   0.4092   0.4119   0.4146   0.4173   0.4201   0.4228   0.4255   0.4282   0.4309   0.4336   0.4363    0.439   0.4417   0.4444   0.4472   0.4499   0.4526   0.4553    0.458   0.4607   0.4634   0.4661   0.4688   0.4715   0.4743    0.477   0.4797   0.4824   0.4851   0.4878   0.4905   0.4932   0.4959   0.4986
    S      0.0   0.0514   0.0218   0.2106   0.2359   0.1181   0.0786   0.0683    0.046   0.1109   0.1455   0.0462   0.0362   0.0097   0.0939   0.1819   0.0637   0.0908   0.0431   0.0135   0.0681   0.0266   0.0333   0.1976   0.0117   0.1078   0.1969   0.0414   0.0103   0.0951   0.1383   0.0037   0.0149   0.0742   0.0103   0.1402    0.164   0.0312    0.056   0.0826   0.2298   0.0455   0.0529   0.0716   0.0698   0.0854   0.1223   0.0488   0.0394   0.0315   0.1352   0.1285   0.0186   0.0438   0.0638   0.0076   0.0447   0.6837   0.1459   0.0466   0.0261   0.1323   0.0483    0.081   0.0868   0.0194   0.2886   0.1021   0.0349   0.1347   0.2275   0.2636    0.047   0.0637   0.2274   0.1653   0.0338   0.0354   0.0616   0.2032   0.1314   0.0801   0.0579     0.03   0.0814   0.0028   0.0883      1.0   0.1427   0.0335   0.0064   0.0511   0.0476   0.0814    0.009   0.0096   0.0553   0.2726   0.0327   0.1918   0.0171   0.0488   0.0183   0.0236   0.1247   0.1715   0.0226   0.0748   0.0408   0.0177   0.2784   0.0741   0.1656   0.4678   0.0726   0.0246   0.2233   0.1413   0.1011   0.0903   0.0245   0.0493   0.0874   0.0847   0.0325   0.0473   0.1023   0.1121   0.1538   0.1408   0.1832   0.0457   0.1808   0.3488   0.1886   0.0094    0.098    0.035   0.0224   0.0026   0.0084   0.0317   0.0807   0.1621    0.105   0.2606   0.0025   0.4306   0.0723   0.1026   0.0951   0.2229   0.0245   0.0962   0.0744   0.2846   0.0154   0.3343   0.3253   0.0084   0.0883   0.2012   0.0713   0.0365   0.0589    0.265   0.3993   0.0548   0.0533   0.0222   0.1818   0.0668   0.0802   0.0059   0.0583    0.043   0.0832   0.2417    0.051   0.0325   0.1183   0.2023   0.1058    0.003   0.0983
  snr   -12.67
    H     4.78
 exon    False