>data-XV-cerevisiae-intergenic-348
N: 443
Methods: voss, eiip, qpsk, mem, alg1, alg2

M: voss
 freq      0.0   0.0023   0.0045   0.0068    0.009   0.0113   0.0135   0.0158   0.0181   0.0203   0.0226   0.0248   0.0271   0.0293   0.0316   0.0339   0.0361   0.0384   0.0406   0.0429   0.0451   0.0474   0.0497   0.0519   0.0542   0.0564   0.0587   0.0609   0.0632   0.0655   0.0677     0.07   0.0722   0.0745   0.0767    0.079   0.0813   0.0835   0.0858    0.088   0.0903   0.0926   0.0948   0.0971   0.0993   0.1016   0.1038   0.1061   0.1084   0.1106   0.1129   0.1151   0.1174   0.1196   0.1219   0.1242   0.1264   0.1287   0.1309   0.1332   0.1354   0.1377     0.14   0.1422   0.1445   0.1467    0.149   0.1512   0.1535   0.1558    0.158   0.1603   0.1625   0.1648    0.167   0.1693   0.1716   0.1738   0.1761   0.1783   0.1806   0.1828   0.1851   0.1874   0.1896   0.1919   0.1941   0.1964   0.1986   0.2009   0.2032   0.2054   0.2077   0.2099   0.2122   0.2144   0.2167    0.219   0.2212   0.2235   0.2257    0.228   0.2302   0.2325   0.2348    0.237   0.2393   0.2415   0.2438    0.246   0.2483   0.2506   0.2528   0.2551   0.2573   0.2596   0.2619   0.2641   0.2664   0.2686   0.2709   0.2731   0.2754   0.2777   0.2799   0.2822   0.2844   0.2867   0.2889   0.2912   0.2935   0.2957    0.298   0.3002   0.3025   0.3047    0.307   0.3093   0.3115   0.3138    0.316   0.3183   0.3205   0.3228   0.3251   0.3273   0.3296   0.3318   0.3341   0.3363   0.3386   0.3409   0.3431   0.3454   0.3476   0.3499   0.3521   0.3544   0.3567   0.3589   0.3612   0.3634   0.3657   0.3679   0.3702   0.3725   0.3747    0.377   0.3792   0.3815   0.3837    0.386   0.3883   0.3905   0.3928    0.395   0.3973   0.3995   0.4018   0.4041   0.4063   0.4086   0.4108   0.4131   0.4153   0.4176   0.4199   0.4221   0.4244   0.4266   0.4289   0.4312   0.4334   0.4357   0.4379   0.4402   0.4424   0.4447    0.447   0.4492   0.4515   0.4537    0.456   0.4582   0.4605   0.4628    0.465   0.4673   0.4695   0.4718    0.474   0.4763   0.4786   0.4808   0.4831   0.4853   0.4876   0.4898   0.4921   0.4944   0.4966   0.4989
    S      0.0    0.218   0.2599   0.2809   0.0821   0.2078   0.0835   0.1842   0.6022   0.3832   0.0554   0.3225    0.143   0.1268   0.0973   0.3688   0.3917   0.4271   0.0418   0.4374   0.3291   0.4966   0.1602   0.1845    0.425   0.1508   0.2756   0.1431   0.1855   0.2742    0.586   0.1666   0.1334   0.1089   0.2468   0.0919   0.0938   0.4333    0.404   0.4114   0.1696    0.404   0.7348   0.1251   0.5059   0.2537   0.2896   0.5308    0.171      1.0   0.2513    0.487    0.171   0.2156   0.4269   0.2433   0.1136    0.265   0.4288   0.1313   0.1683   0.0905   0.1791   0.2057   0.0778   0.1054   0.3523   0.3685   0.5755    0.267   0.2781   0.2362   0.4046    0.139   0.2245   0.3079   0.4772   0.0924   0.1618   0.0217   0.3781   0.1458   0.2394   0.2893   0.1029   0.1675   0.1555   0.1811   0.3233   0.1395    0.218   0.3451   0.1918   0.6196   0.1093   0.2341   0.2635   0.3171   0.2597   0.0651   0.3001    0.353   0.1441   0.1974   0.2416   0.3562   0.2209    0.294    0.478   0.0904    0.089   0.2891   0.4479   0.0684   0.0688   0.2011   0.1702   0.1392   0.0423   0.0551   0.1301   0.0366   0.3666   0.1664   0.3708   0.2537   0.3213   0.2213   0.1157   0.3645   0.2038   0.2914   0.1481   0.2576   0.1801   0.1752    0.534   0.1501   0.4577   0.3627   0.1622   0.1118    0.232   0.3657   0.2867   0.0855   0.2281   0.0608   0.8152   0.2606   0.2204   0.4656   0.4846   0.5655   0.4125   0.3031   0.1489   0.4211    0.407   0.2286   0.7562   0.1822   0.1632    0.122   0.1729   0.2477   0.3836   0.3804   0.0809   0.3596   0.2639   0.3269   0.2116   0.2116   0.2113   0.2005   0.2801   0.0887   0.2053   0.1319   0.2178   0.0375   0.1392   0.1402   0.2558   0.5246   0.2738   0.3449   0.1126   0.1461    0.135   0.3728   0.8412   0.1528   0.0797   0.1959   0.0601   0.2288   0.3631   0.2143   0.4104   0.1841   0.3887   0.0445   0.2416   0.1576   0.1347   0.1216   0.2682   0.2453   0.2485   0.2196   0.1712    0.562    0.405   0.1174   0.2656   0.2519   0.3369   0.3115   0.3499   0.6095
  snr   -17.55
    H     5.23
 exon    False

M: eiip
 freq      0.0   0.0023   0.0045   0.0068    0.009   0.0113   0.0135   0.0158   0.0181   0.0203   0.0226   0.0248   0.0271   0.0293   0.0316   0.0339   0.0361   0.0384   0.0406   0.0429   0.0451   0.0474   0.0497   0.0519   0.0542   0.0564   0.0587   0.0609   0.0632   0.0655   0.0677     0.07   0.0722   0.0745   0.0767    0.079   0.0813   0.0835   0.0858    0.088   0.0903   0.0926   0.0948   0.0971   0.0993   0.1016   0.1038   0.1061   0.1084   0.1106   0.1129   0.1151   0.1174   0.1196   0.1219   0.1242   0.1264   0.1287   0.1309   0.1332   0.1354   0.1377     0.14   0.1422   0.1445   0.1467    0.149   0.1512   0.1535   0.1558    0.158   0.1603   0.1625   0.1648    0.167   0.1693   0.1716   0.1738   0.1761   0.1783   0.1806   0.1828   0.1851   0.1874   0.1896   0.1919   0.1941   0.1964   0.1986   0.2009   0.2032   0.2054   0.2077   0.2099   0.2122   0.2144   0.2167    0.219   0.2212   0.2235   0.2257    0.228   0.2302   0.2325   0.2348    0.237   0.2393   0.2415   0.2438    0.246   0.2483   0.2506   0.2528   0.2551   0.2573   0.2596   0.2619   0.2641   0.2664   0.2686   0.2709   0.2731   0.2754   0.2777   0.2799   0.2822   0.2844   0.2867   0.2889   0.2912   0.2935   0.2957    0.298   0.3002   0.3025   0.3047    0.307   0.3093   0.3115   0.3138    0.316   0.3183   0.3205   0.3228   0.3251   0.3273   0.3296   0.3318   0.3341   0.3363   0.3386   0.3409   0.3431   0.3454   0.3476   0.3499   0.3521   0.3544   0.3567   0.3589   0.3612   0.3634   0.3657   0.3679   0.3702   0.3725   0.3747    0.377   0.3792   0.3815   0.3837    0.386   0.3883   0.3905   0.3928    0.395   0.3973   0.3995   0.4018   0.4041   0.4063   0.4086   0.4108   0.4131   0.4153   0.4176   0.4199   0.4221   0.4244   0.4266   0.4289   0.4312   0.4334   0.4357   0.4379   0.4402   0.4424   0.4447    0.447   0.4492   0.4515   0.4537    0.456   0.4582   0.4605   0.4628    0.465   0.4673   0.4695   0.4718    0.474   0.4763   0.4786   0.4808   0.4831   0.4853   0.4876   0.4898   0.4921   0.4944   0.4966   0.4989
    S      0.0   0.0308   0.2722   0.8377   0.1187   0.3337   0.1695    0.222      1.0   0.6927   0.0229   0.9856   0.0959   0.0288   0.0148   0.9068   0.7489   0.0496   0.0581   0.4102   0.2486   0.0854   0.0123   0.0805   0.3959   0.0467   0.3437   0.0825   0.6128    0.131   0.1602   0.3578   0.2886   0.1489   0.0193   0.0313   0.0588   0.2423   0.5141   0.0583   0.2282   0.1026   0.7896   0.2689   0.1885   0.0478   0.4675   0.0002   0.0084   0.4687   0.3002    0.584   0.0756   0.0133   0.4765   0.1584   0.2373   0.0264    0.176   0.0022   0.0173   0.0907   0.4383   0.2089   0.0395   0.0745   0.1587   0.1444   0.0477   0.1194   0.1179    0.186   0.1413   0.0802   0.0183    0.201   0.1296   0.1153   0.0117   0.0252    0.073   0.0425   0.1007   0.3968   0.0172   0.4074    0.217   0.0988   0.3348   0.0459   0.0244   0.1329    0.476   0.0004   0.2227   0.4375   0.6306   0.0101   0.0143   0.1749   0.1323   0.4718   0.1972    0.025   0.7238   0.0697   0.0122   0.0078   0.3497   0.0461   0.2143   0.4878   0.3043   0.1389    0.167   0.3961   0.1387   0.2777   0.1424   0.1663   0.3423   0.0101   0.0471   0.1197   0.4079   0.2645   0.2421   0.7075   0.2462   0.1983   0.0672   0.0273   0.0371    0.103   0.0607   0.2732    0.508   0.0406   0.4983   0.5854   0.1667   0.1592     0.05   0.0251   0.3541   0.2088   0.0172   0.0492   0.0115   0.0046   0.0109   0.7325     0.37    0.306   0.5304   0.1993   0.0603   0.4109   0.1307   0.1479   0.1251   0.0278    0.048   0.1063   0.2089   0.3144   0.1467   0.2837   0.1419   0.1455   0.2125   0.3283   0.4745   0.0065   0.0139    0.304   0.1601   0.1766   0.1907   0.1806   0.5592   0.0521   0.1781   0.0573    0.613   0.1942   0.2163   0.1207   0.0263   0.3102   0.1142   0.1904   0.5424   0.2588   0.1356   0.2667   0.0379    0.203   0.0081   0.1747   0.1493   0.0221   0.9085   0.0026   0.0377   0.2849   0.1279    0.201    0.157   0.0369   0.3233   0.0803   0.3848   0.1642    0.026   0.0359   0.4074   0.6463   0.0465   0.0877   0.4521   0.2779
  snr   -16.69
    H     4.97
 exon    False

M: qpsk
 freq      0.0   0.0023   0.0045   0.0068    0.009   0.0113   0.0135   0.0158   0.0181   0.0203   0.0226   0.0248   0.0271   0.0293   0.0316   0.0339   0.0361   0.0384   0.0406   0.0429   0.0451   0.0474   0.0497   0.0519   0.0542   0.0564   0.0587   0.0609   0.0632   0.0655   0.0677     0.07   0.0722   0.0745   0.0767    0.079   0.0813   0.0835   0.0858    0.088   0.0903   0.0926   0.0948   0.0971   0.0993   0.1016   0.1038   0.1061   0.1084   0.1106   0.1129   0.1151   0.1174   0.1196   0.1219   0.1242   0.1264   0.1287   0.1309   0.1332   0.1354   0.1377     0.14   0.1422   0.1445   0.1467    0.149   0.1512   0.1535   0.1558    0.158   0.1603   0.1625   0.1648    0.167   0.1693   0.1716   0.1738   0.1761   0.1783   0.1806   0.1828   0.1851   0.1874   0.1896   0.1919   0.1941   0.1964   0.1986   0.2009   0.2032   0.2054   0.2077   0.2099   0.2122   0.2144   0.2167    0.219   0.2212   0.2235   0.2257    0.228   0.2302   0.2325   0.2348    0.237   0.2393   0.2415   0.2438    0.246   0.2483   0.2506   0.2528   0.2551   0.2573   0.2596   0.2619   0.2641   0.2664   0.2686   0.2709   0.2731   0.2754   0.2777   0.2799   0.2822   0.2844   0.2867   0.2889   0.2912   0.2935   0.2957    0.298   0.3002   0.3025   0.3047    0.307   0.3093   0.3115   0.3138    0.316   0.3183   0.3205   0.3228   0.3251   0.3273   0.3296   0.3318   0.3341   0.3363   0.3386   0.3409   0.3431   0.3454   0.3476   0.3499   0.3521   0.3544   0.3567   0.3589   0.3612   0.3634   0.3657   0.3679   0.3702   0.3725   0.3747    0.377   0.3792   0.3815   0.3837    0.386   0.3883   0.3905   0.3928    0.395   0.3973   0.3995   0.4018   0.4041   0.4063   0.4086   0.4108   0.4131   0.4153   0.4176   0.4199   0.4221   0.4244   0.4266   0.4289   0.4312   0.4334   0.4357   0.4379   0.4402   0.4424   0.4447    0.447   0.4492   0.4515   0.4537    0.456   0.4582   0.4605   0.4628    0.465   0.4673   0.4695   0.4718    0.474   0.4763   0.4786   0.4808   0.4831   0.4853   0.4876   0.4898   0.4921   0.4944   0.4966   0.4989
    S      0.0   0.2516   0.3165   0.3219   0.0197   0.2566   0.0925   0.2064   0.6725   0.4978   0.0714   0.2148   0.1532   0.1089   0.0917   0.4644   0.0772   0.1102   0.0475   0.4799   0.4014   0.4056   0.1618   0.1959   0.0468   0.1271   0.0191   0.1538   0.1941    0.333    0.548   0.1631   0.1731   0.1316   0.0639   0.1212   0.0311   0.4318   0.1935   0.1888   0.2072   0.4311   0.8695   0.1092    0.427   0.1673   0.3749   0.4638   0.0791   0.9338   0.3341   0.5474   0.1352   0.1526   0.3781   0.2738   0.0874   0.1781   0.5169   0.1752    0.069   0.0502   0.1348    0.175   0.0635   0.0834   0.3364   0.2214   0.2915   0.3045    0.193   0.1171   0.3373   0.1088   0.1908   0.3514   0.1692   0.0626   0.0885   0.0247   0.4306    0.141    0.197   0.0841   0.0792    0.091   0.1574   0.1772    0.234   0.0273   0.0879   0.3402   0.0488   0.3344   0.0701   0.3041   0.2681   0.4199   0.1942   0.0539   0.0438   0.2629   0.0156   0.1472   0.2425   0.4106    0.151   0.2849   0.5798   0.0277   0.1074   0.2475   0.5785   0.0687   0.0756   0.2508   0.1072    0.161    0.036   0.0422     0.06   0.0205   0.1997   0.1583    0.407   0.1657   0.3577   0.2348   0.1533   0.3573   0.0526   0.1045   0.1077   0.2594   0.2283   0.0135   0.7075    0.051   0.4633   0.4503   0.2156   0.0706   0.1452   0.1096   0.1033   0.0324   0.1613   0.0585   0.4859    0.167   0.2462   0.5969   0.6465   0.4856   0.4308   0.2236   0.0763   0.4047    0.451   0.0799      1.0   0.1052   0.0356   0.0156   0.2327   0.1806   0.3068   0.3816   0.1093   0.2665   0.0939   0.3278   0.1394   0.1164   0.2482   0.2577   0.3284   0.1136   0.1247    0.061   0.2589   0.0408   0.1603   0.1354   0.3436   0.6847   0.2764   0.1184     0.11   0.1711   0.1368   0.4956    0.746   0.1959   0.1032   0.2583   0.0517   0.3079   0.1665   0.1005   0.3722   0.1712    0.285   0.0447   0.0738   0.2115   0.1147   0.1264   0.0977   0.1237   0.2225   0.1834    0.084   0.7399   0.2708   0.0725   0.3367   0.3341   0.3798   0.1701   0.4434      0.5
  snr   -16.97
    H     5.12
 exon    False

M: mem
 freq      0.0   0.0023   0.0045   0.0068    0.009   0.0113   0.0136   0.0158   0.0181   0.0204   0.0226   0.0249   0.0271   0.0294   0.0317   0.0339   0.0362   0.0385   0.0407    0.043   0.0452   0.0475   0.0498    0.052   0.0543   0.0566   0.0588   0.0611   0.0633   0.0656   0.0679   0.0701   0.0724   0.0747   0.0769   0.0792   0.0814   0.0837    0.086   0.0882   0.0905   0.0928    0.095   0.0973   0.0995   0.1018   0.1041   0.1063   0.1086   0.1109   0.1131   0.1154   0.1176   0.1199   0.1222   0.1244   0.1267    0.129   0.1312   0.1335   0.1357    0.138   0.1403   0.1425   0.1448   0.1471   0.1493   0.1516   0.1538   0.1561   0.1584   0.1606   0.1629   0.1652   0.1674   0.1697   0.1719   0.1742   0.1765   0.1787    0.181   0.1833   0.1855   0.1878     0.19   0.1923   0.1946   0.1968   0.1991   0.2014   0.2036   0.2059   0.2081   0.2104   0.2127   0.2149   0.2172   0.2195   0.2217    0.224   0.2262   0.2285   0.2308    0.233   0.2353   0.2376   0.2398   0.2421   0.2443   0.2466   0.2489   0.2511   0.2534   0.2557   0.2579   0.2602   0.2624   0.2647    0.267   0.2692   0.2715   0.2738    0.276   0.2783   0.2805   0.2828   0.2851   0.2873   0.2896   0.2919   0.2941   0.2964   0.2986   0.3009   0.3032   0.3054   0.3077     0.31   0.3122   0.3145   0.3167    0.319   0.3213   0.3235   0.3258   0.3281   0.3303   0.3326   0.3348   0.3371   0.3394   0.3416   0.3439   0.3462   0.3484   0.3507   0.3529   0.3552   0.3575   0.3597    0.362   0.3643   0.3665   0.3688    0.371   0.3733   0.3756   0.3778   0.3801   0.3824   0.3846   0.3869   0.3891   0.3914   0.3937   0.3959   0.3982   0.4005   0.4027    0.405   0.4072   0.4095   0.4118    0.414   0.4163   0.4186   0.4208   0.4231   0.4253   0.4276   0.4299   0.4321   0.4344   0.4367   0.4389   0.4412   0.4434   0.4457    0.448   0.4502   0.4525   0.4548    0.457   0.4593   0.4615   0.4638   0.4661   0.4683   0.4706   0.4729   0.4751   0.4774   0.4796   0.4819   0.4842   0.4864   0.4887    0.491   0.4932   0.4955   0.4977
    S      0.0   0.3021   0.3038   0.0223   0.0218    0.413   0.0611   0.1756   0.0342   0.3854    0.041   0.1421   0.0528   0.0661   0.0481   0.3879   0.3442   0.0111   0.0551   0.0752   0.2232    0.225   0.1493   0.1133   0.2318   0.2183   0.2098   0.0857   0.1195   0.2558   0.2738   0.0254   0.0094   0.0628    0.015   0.0778   0.0502   0.0773   0.0166   0.0951   0.0564   0.2363   0.5556   0.1475   0.1242   0.0807   0.0436   0.4122   0.0063   0.4952    0.153    0.342    0.016   0.1548   0.1706   0.1812   0.0551   0.1265   0.4184   0.1131   0.0051   0.0004   0.1752   0.1748   0.0144   0.0355   0.1698   0.4393   0.0556    0.215   0.0257   0.3414   0.3744   0.0578   0.1063   0.0616   0.1032   0.0466    0.098   0.1405   0.1981   0.0359   0.0938   0.0106   0.0324   0.0425   0.3171   0.1736   0.0719   0.0289   0.0432   0.2842   0.1889   0.0418    0.001   0.0573   0.1292   0.3461   0.0406   0.0262   0.0597   0.1056   0.0753   0.0895   0.0286   0.3514   0.0516   0.3929    0.424     0.06   0.1061   0.0275   0.6142   0.0809   0.0103   0.2432   0.0453   0.0924   0.0163   0.0159   0.0588   0.0223    0.007   0.3918   0.0321   0.4317   0.1028   0.0428   0.1671   0.2665   0.0359   0.0099   0.1085   0.2047   0.1154   0.1768   0.4567   0.0239   0.2332   0.4225   0.1901   0.1004   0.1082   0.0268   0.2643   0.0223   0.0819   0.1174   0.1033   0.2623   0.0083      1.0   0.0537   0.2233   0.0351   0.3005   0.0864   0.0446   0.4966   0.1626   0.6521   0.0079   0.1025   0.0137   0.1304      0.1   0.0926   0.0574   0.2036   0.0763   0.1793   0.2361   0.0699   0.1361   0.0795   0.1854   0.2503   0.1174   0.0524   0.0541   0.0564   0.0189   0.1209    0.102    0.414   0.2533   0.3151   0.0127   0.0399   0.0128   0.0517   0.4758   0.1185   0.1482   0.6156   0.1145   0.1306    0.128   0.0298   0.0071   0.3256   0.0547   0.0071   0.1175   0.2008   0.0121    0.023   0.0431   0.0117    0.199    0.002   0.1621   0.6237   0.5016   0.0368   0.1384   0.0713   0.0657   0.6732   0.3822   0.0559
  snr   -15.15
    H     4.95
 exon     True

M: alg1
 freq      0.0   0.0023   0.0045   0.0068    0.009   0.0113   0.0135   0.0158   0.0181   0.0203   0.0226   0.0248   0.0271   0.0293   0.0316   0.0339   0.0361   0.0384   0.0406   0.0429   0.0451   0.0474   0.0497   0.0519   0.0542   0.0564   0.0587   0.0609   0.0632   0.0655   0.0677     0.07   0.0722   0.0745   0.0767    0.079   0.0813   0.0835   0.0858    0.088   0.0903   0.0926   0.0948   0.0971   0.0993   0.1016   0.1038   0.1061   0.1084   0.1106   0.1129   0.1151   0.1174   0.1196   0.1219   0.1242   0.1264   0.1287   0.1309   0.1332   0.1354   0.1377     0.14   0.1422   0.1445   0.1467    0.149   0.1512   0.1535   0.1558    0.158   0.1603   0.1625   0.1648    0.167   0.1693   0.1716   0.1738   0.1761   0.1783   0.1806   0.1828   0.1851   0.1874   0.1896   0.1919   0.1941   0.1964   0.1986   0.2009   0.2032   0.2054   0.2077   0.2099   0.2122   0.2144   0.2167    0.219   0.2212   0.2235   0.2257    0.228   0.2302   0.2325   0.2348    0.237   0.2393   0.2415   0.2438    0.246   0.2483   0.2506   0.2528   0.2551   0.2573   0.2596   0.2619   0.2641   0.2664   0.2686   0.2709   0.2731   0.2754   0.2777   0.2799   0.2822   0.2844   0.2867   0.2889   0.2912   0.2935   0.2957    0.298   0.3002   0.3025   0.3047    0.307   0.3093   0.3115   0.3138    0.316   0.3183   0.3205   0.3228   0.3251   0.3273   0.3296   0.3318   0.3341   0.3363   0.3386   0.3409   0.3431   0.3454   0.3476   0.3499   0.3521   0.3544   0.3567   0.3589   0.3612   0.3634   0.3657   0.3679   0.3702   0.3725   0.3747    0.377   0.3792   0.3815   0.3837    0.386   0.3883   0.3905   0.3928    0.395   0.3973   0.3995   0.4018   0.4041   0.4063   0.4086   0.4108   0.4131   0.4153   0.4176   0.4199   0.4221   0.4244   0.4266   0.4289   0.4312   0.4334   0.4357   0.4379   0.4402   0.4424   0.4447    0.447   0.4492   0.4515   0.4537    0.456   0.4582   0.4605   0.4628    0.465   0.4673   0.4695   0.4718    0.474   0.4763   0.4786   0.4808   0.4831   0.4853   0.4876   0.4898   0.4921   0.4944   0.4966   0.4989
    S      0.0   0.0631   0.2671   0.0319   0.0295    0.119   0.0727   0.1577   0.2804   0.3999   0.0032   0.0583   0.0865   0.1499   0.0553   0.3023   0.0896   0.3114   0.0101   0.2583   0.1546   0.4507   0.1307   0.1427   0.1367   0.0131   0.0755   0.1042   0.0666   0.1688   0.5649   0.0382   0.0117   0.1076   0.1574   0.0099   0.0556   0.0875   0.1685   0.2022   0.0389   0.1937   0.6783   0.0529   0.5185   0.1964   0.0123   0.2034   0.1695      1.0   0.0885   0.5119   0.0661   0.1896    0.236    0.103    0.025   0.1964    0.431   0.0663   0.1536   0.0241    0.075   0.1927   0.0414   0.0448   0.3371   0.1186   0.3843     0.18   0.2184    0.035   0.0645   0.1426   0.2071   0.0784   0.3442    0.075   0.1437   0.0048   0.2914   0.0872   0.1666   0.1251   0.1032    0.036   0.0596   0.0885   0.1602   0.0618   0.1892   0.0187   0.0449    0.633   0.0252   0.1051   0.0475   0.0613   0.1959   0.0151   0.1601   0.0998   0.0604   0.1522   0.0798   0.2916   0.1546   0.2624   0.4744   0.0397   0.0716   0.0713   0.3176   0.0075   0.0445    0.089   0.1142   0.1248   0.0055   0.0166   0.0379   0.0234   0.3352   0.1043   0.3154   0.0311   0.0119   0.0636   0.0925   0.2771   0.1458   0.1715   0.1095   0.2542   0.0494   0.0656   0.5076   0.1177   0.0845    0.366   0.0974   0.0316   0.0995   0.2706   0.0501   0.0259   0.2295   0.0655   0.7607   0.1896   0.2046   0.2726   0.0321   0.3546   0.1016    0.044   0.1384   0.1754   0.1566   0.1429   0.1442   0.0986   0.0894   0.0533   0.0983   0.1839   0.2074   0.2369   0.0783   0.2307   0.0581   0.3259   0.0753   0.0872   0.0294   0.1199   0.3112   0.0358   0.1268   0.0435   0.1062   0.0024   0.0928   0.0393   0.1656   0.3325   0.2585   0.2334   0.0655   0.0704   0.0707   0.1096   0.8478   0.1237   0.0605   0.1898   0.0542   0.1859   0.3235   0.1255   0.3816   0.0109   0.0663   0.0023   0.1584   0.1426   0.0875   0.0358   0.1605   0.0562   0.0709   0.0704   0.0293   0.4602   0.1158   0.0843   0.2394   0.1281   0.3202   0.2511   0.3837    0.528
  snr   -15.32
    H     5.02
 exon    False

M: alg2
 freq      0.0   0.0023   0.0045   0.0068    0.009   0.0113   0.0135   0.0158   0.0181   0.0203   0.0226   0.0248   0.0271   0.0293   0.0316   0.0339   0.0361   0.0384   0.0406   0.0429   0.0451   0.0474   0.0497   0.0519   0.0542   0.0564   0.0587   0.0609   0.0632   0.0655   0.0677     0.07   0.0722   0.0745   0.0767    0.079   0.0813   0.0835   0.0858    0.088   0.0903   0.0926   0.0948   0.0971   0.0993   0.1016   0.1038   0.1061   0.1084   0.1106   0.1129   0.1151   0.1174   0.1196   0.1219   0.1242   0.1264   0.1287   0.1309   0.1332   0.1354   0.1377     0.14   0.1422   0.1445   0.1467    0.149   0.1512   0.1535   0.1558    0.158   0.1603   0.1625   0.1648    0.167   0.1693   0.1716   0.1738   0.1761   0.1783   0.1806   0.1828   0.1851   0.1874   0.1896   0.1919   0.1941   0.1964   0.1986   0.2009   0.2032   0.2054   0.2077   0.2099   0.2122   0.2144   0.2167    0.219   0.2212   0.2235   0.2257    0.228   0.2302   0.2325   0.2348    0.237   0.2393   0.2415   0.2438    0.246   0.2483   0.2506   0.2528   0.2551   0.2573   0.2596   0.2619   0.2641   0.2664   0.2686   0.2709   0.2731   0.2754   0.2777   0.2799   0.2822   0.2844   0.2867   0.2889   0.2912   0.2935   0.2957    0.298   0.3002   0.3025   0.3047    0.307   0.3093   0.3115   0.3138    0.316   0.3183   0.3205   0.3228   0.3251   0.3273   0.3296   0.3318   0.3341   0.3363   0.3386   0.3409   0.3431   0.3454   0.3476   0.3499   0.3521   0.3544   0.3567   0.3589   0.3612   0.3634   0.3657   0.3679   0.3702   0.3725   0.3747    0.377   0.3792   0.3815   0.3837    0.386   0.3883   0.3905   0.3928    0.395   0.3973   0.3995   0.4018   0.4041   0.4063   0.4086   0.4108   0.4131   0.4153   0.4176   0.4199   0.4221   0.4244   0.4266   0.4289   0.4312   0.4334   0.4357   0.4379   0.4402   0.4424   0.4447    0.447   0.4492   0.4515   0.4537    0.456   0.4582   0.4605   0.4628    0.465   0.4673   0.4695   0.4718    0.474   0.4763   0.4786   0.4808   0.4831   0.4853   0.4876   0.4898   0.4921   0.4944   0.4966   0.4989
    S      0.0   0.2193   0.1071   0.1332   0.0081   0.1284   0.0025   0.0882   0.2151   0.0375   0.0672   0.0849   0.0513   0.0206   0.0784   0.0467    0.038   0.0274   0.0315   0.1135    0.311   0.1382   0.1087   0.1189   0.0357   0.1226   0.0218   0.1149   0.0344   0.1974    0.187   0.1041   0.0964   0.0134   0.0192    0.108   0.0056   0.2556   0.2003   0.1051   0.1249   0.4272   0.1788   0.0176   0.0951   0.1453   0.2574   0.3901   0.0243   0.1623   0.2237   0.0067   0.0705   0.1111   0.2936   0.1357   0.0666   0.0513   0.2532   0.1605   0.0054   0.0451   0.0264   0.0299    0.016   0.0276   0.1882   0.1992   0.0509   0.1605   0.1553   0.0975   0.3375   0.0239    0.088     0.19   0.1304   0.0053   0.0498   0.0183   0.3428   0.1389   0.1792   0.0912   0.0203   0.0635   0.0977   0.0689    0.211    0.021   0.0302    0.312   0.0175   0.1068   0.0591   0.0662    0.106   0.4178   0.1422   0.0277   0.0158   0.1026   0.0109    0.048   0.0519   0.2546   0.1185   0.2256    0.235   0.0272   0.0107   0.2121   0.3871   0.0477   0.0094   0.1165   0.0869   0.0029   0.0127   0.0122   0.0197   0.0113   0.0027   0.1063   0.0229   0.1416    0.307   0.0407   0.0119   0.1594   0.0286   0.0417    0.098   0.1436   0.2302   0.0134   0.2889   0.0048   0.4245    0.006   0.1113   0.0392   0.1138   0.0076   0.0957   0.0098   0.0589   0.0116    0.252   0.0727   0.1701   0.2967   0.5937   0.3208   0.1871   0.1833   0.0207   0.2165   0.3097   0.0511      1.0   0.0924   0.0122    0.008   0.1219    0.023   0.1793   0.0738   0.0251   0.2638   0.0835   0.0182   0.0233   0.0845   0.2343   0.1139   0.1295   0.0366   0.1006   0.0534   0.0837    0.034   0.0576   0.1247   0.0541    0.497   0.1244   0.0104   0.0966   0.0305   0.0335   0.4351   0.0173   0.0699   0.0344   0.0843   0.0068   0.1611    0.044   0.0985    0.085    0.164   0.1965   0.0445   0.0235   0.0546   0.0846    0.054   0.0227   0.1155   0.2154   0.0946   0.0405   0.5084   0.1713   0.0632   0.0533    0.073   0.2437   0.1412   0.0659   0.0167
  snr   -13.96
    H     4.96
 exon    False