>data-XIV-cerevisiae-intergenic-358
N: 267
Methods: voss, eiip, qpsk, mem, tbpse, snrse

M: voss
 freq      0.0   0.0037   0.0075   0.0112    0.015   0.0187   0.0225   0.0262     0.03   0.0337   0.0375   0.0412   0.0449   0.0487   0.0524   0.0562   0.0599   0.0637   0.0674   0.0712   0.0749   0.0787   0.0824   0.0861   0.0899   0.0936   0.0974   0.1011   0.1049   0.1086   0.1124   0.1161   0.1199   0.1236   0.1273   0.1311   0.1348   0.1386   0.1423   0.1461   0.1498   0.1536   0.1573    0.161   0.1648   0.1685   0.1723    0.176   0.1798   0.1835   0.1873    0.191   0.1948   0.1985   0.2022    0.206   0.2097   0.2135   0.2172    0.221   0.2247   0.2285   0.2322    0.236   0.2397   0.2434   0.2472   0.2509   0.2547   0.2584   0.2622   0.2659   0.2697   0.2734   0.2772   0.2809   0.2846   0.2884   0.2921   0.2959   0.2996   0.3034   0.3071   0.3109   0.3146   0.3184   0.3221   0.3258   0.3296   0.3333   0.3371   0.3408   0.3446   0.3483   0.3521   0.3558   0.3596   0.3633    0.367   0.3708   0.3745   0.3783    0.382   0.3858   0.3895   0.3933    0.397   0.4007   0.4045   0.4082    0.412   0.4157   0.4195   0.4232    0.427   0.4307   0.4345   0.4382   0.4419   0.4457   0.4494   0.4532   0.4569   0.4607   0.4644   0.4682   0.4719   0.4757   0.4794   0.4831   0.4869   0.4906   0.4944   0.4981
    S      0.0   0.4618   0.1533   0.3924    0.237   0.0816   0.1381   0.2949   0.2974   0.5318   0.3166   0.2333    0.083   0.6112   0.1303    0.132   0.3292   0.4222   0.1115   0.3272    0.337   0.1739   0.1253   0.1373   0.4038   0.2716   0.2769   0.2064   0.5055   0.2166   0.8116   0.2217   0.2929   0.2896   0.1517   0.0861   0.2834   0.4632   0.1758   0.3488   0.3069   0.1126   0.3567      1.0     0.19   0.3319   0.3414   0.2818   0.3445   0.6315   0.8011   0.2754   0.3847   0.1295   0.2039   0.2125   0.3506   0.2551   0.1886   0.4265   0.1388   0.2238   0.1092   0.1047   0.1367   0.0486   0.0348   0.1563   0.0923   0.3451   0.2205   0.3813    0.066   0.3481    0.375   0.2958   0.1266   0.5794   0.2976   0.2025   0.1533   0.4851   0.8499   0.5365   0.5211   0.2741   0.3209   0.4305   0.2284   0.1388   0.2523   0.1699   0.1371   0.1286   0.1002   0.5399   0.5775   0.2708   0.7053   0.0643   0.4484   0.1365   0.4831   0.3738   0.4691   0.1345   0.1739   0.3156   0.1125   0.3598    0.239   0.2869    0.426   0.2153   0.1133   0.2964     0.16    0.147   0.3087   0.5085   0.2718   0.1515    0.625   0.1019   0.1438   0.3933   0.0428    0.053    0.226   0.3513   0.1866   0.0845   0.3323   0.1493
  snr    -15.7
    H     4.71
 exon    False

M: eiip
 freq      0.0   0.0037   0.0075   0.0112    0.015   0.0187   0.0225   0.0262     0.03   0.0337   0.0375   0.0412   0.0449   0.0487   0.0524   0.0562   0.0599   0.0637   0.0674   0.0712   0.0749   0.0787   0.0824   0.0861   0.0899   0.0936   0.0974   0.1011   0.1049   0.1086   0.1124   0.1161   0.1199   0.1236   0.1273   0.1311   0.1348   0.1386   0.1423   0.1461   0.1498   0.1536   0.1573    0.161   0.1648   0.1685   0.1723    0.176   0.1798   0.1835   0.1873    0.191   0.1948   0.1985   0.2022    0.206   0.2097   0.2135   0.2172    0.221   0.2247   0.2285   0.2322    0.236   0.2397   0.2434   0.2472   0.2509   0.2547   0.2584   0.2622   0.2659   0.2697   0.2734   0.2772   0.2809   0.2846   0.2884   0.2921   0.2959   0.2996   0.3034   0.3071   0.3109   0.3146   0.3184   0.3221   0.3258   0.3296   0.3333   0.3371   0.3408   0.3446   0.3483   0.3521   0.3558   0.3596   0.3633    0.367   0.3708   0.3745   0.3783    0.382   0.3858   0.3895   0.3933    0.397   0.4007   0.4045   0.4082    0.412   0.4157   0.4195   0.4232    0.427   0.4307   0.4345   0.4382   0.4419   0.4457   0.4494   0.4532   0.4569   0.4607   0.4644   0.4682   0.4719   0.4757   0.4794   0.4831   0.4869   0.4906   0.4944   0.4981
    S      0.0   0.1225   0.0154    0.061   0.2233   0.0303   0.1463   0.0973   0.2045   0.1408   0.1809   0.1829   0.0147   0.8405   0.1479   0.0306   0.0265   0.5419   0.1005   0.0766   0.5292   0.1739   0.0236   0.0269    0.161   0.0101   0.1161   0.0761   0.2023   0.0724   0.1486   0.0447   0.1472    0.064   0.0877   0.1462   0.1274   0.2001   0.0578   0.1506   0.0481   0.0139   0.0792   0.0976   0.0048   0.0615   0.5025   0.0419   0.3632   0.7781   0.2101   0.0571   0.2592    0.016   0.0694   0.3759   0.0621   0.1218   0.2363   0.2022   0.0002   0.0021   0.1082    0.174   0.0285   0.0192    0.029   0.0956   0.1049   0.1397   0.2566   0.1548   0.0811   0.4102   0.2325   0.2032   0.0345   0.3361   0.2093   0.0623   0.0432   0.0296    0.322   0.3387   0.7738   0.0577   0.1652   0.2881   0.2192   0.0531   0.2406   0.0574   0.1886   0.1278   0.0406    0.066   0.3537   0.0306      1.0   0.0179   0.3507   0.0287   0.4203   0.1062   0.4499   0.1291   0.1606   0.2183   0.1246   0.1436   0.1997   0.3337    0.301   0.0579   0.1608   0.0723   0.2304   0.1588   0.3497   0.2738   0.3455     0.06   0.1017   0.0437   0.0961   0.0032    0.035   0.0231   0.0543   0.2796   0.2011   0.0193   0.0364   0.1008
  snr   -13.25
    H     4.47
 exon    False

M: qpsk
 freq      0.0   0.0037   0.0075   0.0112    0.015   0.0187   0.0225   0.0262     0.03   0.0337   0.0375   0.0412   0.0449   0.0487   0.0524   0.0562   0.0599   0.0637   0.0674   0.0712   0.0749   0.0787   0.0824   0.0861   0.0899   0.0936   0.0974   0.1011   0.1049   0.1086   0.1124   0.1161   0.1199   0.1236   0.1273   0.1311   0.1348   0.1386   0.1423   0.1461   0.1498   0.1536   0.1573    0.161   0.1648   0.1685   0.1723    0.176   0.1798   0.1835   0.1873    0.191   0.1948   0.1985   0.2022    0.206   0.2097   0.2135   0.2172    0.221   0.2247   0.2285   0.2322    0.236   0.2397   0.2434   0.2472   0.2509   0.2547   0.2584   0.2622   0.2659   0.2697   0.2734   0.2772   0.2809   0.2846   0.2884   0.2921   0.2959   0.2996   0.3034   0.3071   0.3109   0.3146   0.3184   0.3221   0.3258   0.3296   0.3333   0.3371   0.3408   0.3446   0.3483   0.3521   0.3558   0.3596   0.3633    0.367   0.3708   0.3745   0.3783    0.382   0.3858   0.3895   0.3933    0.397   0.4007   0.4045   0.4082    0.412   0.4157   0.4195   0.4232    0.427   0.4307   0.4345   0.4382   0.4419   0.4457   0.4494   0.4532   0.4569   0.4607   0.4644   0.4682   0.4719   0.4757   0.4794   0.4831   0.4869   0.4906   0.4944   0.4981
    S      0.0   0.6044   0.2152   0.3717   0.2945   0.1088   0.1801    0.089   0.4293   0.1414   0.3794   0.1855   0.0725   0.5645   0.1909   0.0733   0.3952   0.6095   0.1576   0.4403   0.2283   0.1833   0.1492   0.0364    0.432   0.2258   0.3414   0.0569   0.4196   0.1613   0.3274   0.3078   0.1516   0.2668   0.1127   0.1072   0.2945   0.5367   0.2293   0.3378   0.2557    0.086   0.4091   0.8109   0.2553   0.3326    0.413   0.3666   0.1366   0.1748      1.0   0.2221   0.4909   0.1177   0.0693   0.1876   0.1745   0.3317   0.2289   0.3832   0.1936   0.2344   0.0549   0.0695   0.1054   0.0116   0.0415   0.2202   0.1061   0.2334   0.3071   0.3956   0.0822   0.2908   0.4683   0.3295   0.1189    0.788   0.3377   0.0826   0.1878   0.2632   0.9981   0.7281    0.459   0.3102   0.3284    0.602   0.0226    0.145   0.3518   0.2085   0.1202   0.1202   0.1419   0.4509   0.5806   0.0704   0.8405   0.0722   0.6374   0.1679   0.4637   0.4926   0.6603   0.1979   0.1961   0.4483   0.0822   0.2468    0.327   0.1842   0.5995   0.1518    0.112   0.4344   0.2278   0.0854   0.1511   0.0966   0.2607   0.1606   0.7027   0.0445    0.198   0.2581   0.0344   0.0343    0.181   0.4755   0.1321   0.0642   0.3478   0.1862
  snr   -15.61
    H     4.65
 exon    False

M: mem
 freq      0.0   0.0038   0.0075   0.0113    0.015   0.0188   0.0226   0.0263   0.0301   0.0338   0.0376   0.0414   0.0451   0.0489   0.0526   0.0564   0.0602   0.0639   0.0677   0.0714   0.0752   0.0789   0.0827   0.0865   0.0902    0.094   0.0977   0.1015   0.1053    0.109   0.1128   0.1165   0.1203   0.1241   0.1278   0.1316   0.1353   0.1391   0.1429   0.1466   0.1504   0.1541   0.1579   0.1617   0.1654   0.1692   0.1729   0.1767   0.1805   0.1842    0.188   0.1917   0.1955   0.1992    0.203   0.2068   0.2105   0.2143    0.218   0.2218   0.2256   0.2293   0.2331   0.2368   0.2406   0.2444   0.2481   0.2519   0.2556   0.2594   0.2632   0.2669   0.2707   0.2744   0.2782    0.282   0.2857   0.2895   0.2932    0.297   0.3008   0.3045   0.3083    0.312   0.3158   0.3195   0.3233   0.3271   0.3308   0.3346   0.3383   0.3421   0.3459   0.3496   0.3534   0.3571   0.3609   0.3647   0.3684   0.3722   0.3759   0.3797   0.3835   0.3872    0.391   0.3947   0.3985   0.4023    0.406   0.4098   0.4135   0.4173   0.4211   0.4248   0.4286   0.4323   0.4361   0.4398   0.4436   0.4474   0.4511   0.4549   0.4586   0.4624   0.4662   0.4699   0.4737   0.4774   0.4812    0.485   0.4887   0.4925   0.4962
    S      0.0   0.1974   0.0047   0.2737   0.0023   0.0057   0.0104   0.2553   0.0055   0.3099    0.308   0.0356   0.0968   0.1893   0.0967   0.0782   0.1897   0.0635   0.1007   0.0564   0.0139   0.0997   0.0923   0.0842   0.0527   0.3557   0.0825   0.1285   0.3672   0.1726   0.6485   0.0497   0.1654    0.223   0.1476   0.0193   0.1056   0.0438   0.0329   0.0416   0.2385   0.0606   0.3505      1.0    0.063   0.0919   0.0057   0.0969   0.2455   0.0432   0.0023   0.1829   0.2993   0.0309   0.1918   0.0209   0.1989   0.0032   0.0061   0.0827   0.0003   0.0475   0.0467   0.0283   0.1621   0.0693   0.0026   0.0531   0.0859   0.1998   0.0201   0.2606   0.0614     0.08   0.2048   0.1243   0.2892   0.4958   0.1936    0.163    0.239   0.0842   0.4774   0.2631   0.1081   0.4998    0.225   0.0199   0.0848     0.03   0.1401   0.0581   0.0078   0.0416    0.064   0.6499   0.2167   0.0955   0.0124    0.047   0.1735   0.0311    0.129   0.1377   0.0861   0.0312   0.0738   0.0488   0.0735   0.1707   0.0651   0.0165   0.0496     0.18   0.0618   0.0378   0.0093   0.0309   0.0736   0.1967   0.5008   0.2192   0.0966    0.085   0.1948   0.1112    0.053   0.0475   0.0382   0.0714   0.0353   0.0761   0.0423
  snr   -12.21
    H     4.41
 exon    False

M: tbpse
 freq      0.0   0.0037   0.0075   0.0112    0.015   0.0187   0.0225   0.0262     0.03   0.0337   0.0375   0.0412   0.0449   0.0487   0.0524   0.0562   0.0599   0.0637   0.0674   0.0712   0.0749   0.0787   0.0824   0.0861   0.0899   0.0936   0.0974   0.1011   0.1049   0.1086   0.1124   0.1161   0.1199   0.1236   0.1273   0.1311   0.1348   0.1386   0.1423   0.1461   0.1498   0.1536   0.1573    0.161   0.1648   0.1685   0.1723    0.176   0.1798   0.1835   0.1873    0.191   0.1948   0.1985   0.2022    0.206   0.2097   0.2135   0.2172    0.221   0.2247   0.2285   0.2322    0.236   0.2397   0.2434   0.2472   0.2509   0.2547   0.2584   0.2622   0.2659   0.2697   0.2734   0.2772   0.2809   0.2846   0.2884   0.2921   0.2959   0.2996   0.3034   0.3071   0.3109   0.3146   0.3184   0.3221   0.3258   0.3296   0.3333   0.3371   0.3408   0.3446   0.3483   0.3521   0.3558   0.3596   0.3633    0.367   0.3708   0.3745   0.3783    0.382   0.3858   0.3895   0.3933    0.397   0.4007   0.4045   0.4082    0.412   0.4157   0.4195   0.4232    0.427   0.4307   0.4345   0.4382   0.4419   0.4457   0.4494   0.4532   0.4569   0.4607   0.4644   0.4682   0.4719   0.4757   0.4794   0.4831   0.4869   0.4906   0.4944   0.4981
    S      0.0   0.2319   0.1763   0.3647   0.1788   0.0839   0.1054    0.086   0.2065   0.3048   0.0812    0.128   0.0484   0.2581   0.0409   0.0064   0.0887   0.1998   0.0191   0.3281   0.1987   0.0385     0.07   0.1283   0.2731   0.0267   0.1904   0.0391      0.3   0.0838   0.1405   0.1185   0.0244   0.1476   0.0562   0.0292   0.1198   0.3432   0.1783   0.4165   0.1732   0.1311   0.1473     0.31   0.0978    0.135   0.1238   0.1163   0.0738   0.4023      1.0   0.0285   0.2121   0.1185   0.0534   0.0806   0.4383   0.1824   0.1103   0.3474   0.1594   0.2913   0.0171   0.0511   0.0278   0.0385   0.0114   0.0534   0.0334   0.2668   0.1282   0.2371   0.0199   0.0752   0.2491   0.1035   0.0059   0.0878   0.0703   0.1062   0.0161   0.1305   0.5481   0.2625   0.2084   0.0313   0.0614   0.3137   0.1085   0.1729   0.1223   0.0905    0.034   0.0612   0.0928   0.0779   0.5696    0.214   0.2562   0.0748   0.1696   0.0911   0.1418   0.4313   0.1802   0.0698   0.0799   0.2497    0.027   0.1237    0.195   0.2414   0.3446   0.1535   0.0278    0.197   0.0655    0.124   0.2804   0.1656   0.0611   0.0914   0.0822   0.0126   0.1238   0.0064   0.0205   0.0073   0.2816   0.2474   0.1455   0.0599   0.0965   0.1271
  snr   -12.87
    H     4.56
 exon    False

M: snrse
 freq      0.0   0.0037   0.0075   0.0112    0.015   0.0187   0.0225   0.0262     0.03   0.0337   0.0375   0.0412   0.0449   0.0487   0.0524   0.0562   0.0599   0.0637   0.0674   0.0712   0.0749   0.0787   0.0824   0.0861   0.0899   0.0936   0.0974   0.1011   0.1049   0.1086   0.1124   0.1161   0.1199   0.1236   0.1273   0.1311   0.1348   0.1386   0.1423   0.1461   0.1498   0.1536   0.1573    0.161   0.1648   0.1685   0.1723    0.176   0.1798   0.1835   0.1873    0.191   0.1948   0.1985   0.2022    0.206   0.2097   0.2135   0.2172    0.221   0.2247   0.2285   0.2322    0.236   0.2397   0.2434   0.2472   0.2509   0.2547   0.2584   0.2622   0.2659   0.2697   0.2734   0.2772   0.2809   0.2846   0.2884   0.2921   0.2959   0.2996   0.3034   0.3071   0.3109   0.3146   0.3184   0.3221   0.3258   0.3296   0.3333   0.3371   0.3408   0.3446   0.3483   0.3521   0.3558   0.3596   0.3633    0.367   0.3708   0.3745   0.3783    0.382   0.3858   0.3895   0.3933    0.397   0.4007   0.4045   0.4082    0.412   0.4157   0.4195   0.4232    0.427   0.4307   0.4345   0.4382   0.4419   0.4457   0.4494   0.4532   0.4569   0.4607   0.4644   0.4682   0.4719   0.4757   0.4794   0.4831   0.4869   0.4906   0.4944   0.4981
    S      0.0   0.0389   0.0488   0.4141   0.0156   0.0328   0.0092   0.1481   0.0862   0.3062   0.3277   0.0458    0.096   0.2482   0.0695   0.0516   0.1096   0.1711    0.073   0.2017   0.0339   0.1098   0.0825   0.1003   0.0545   0.1562   0.2681   0.0917   0.4198   0.1187   0.4114    0.015   0.0439   0.2126   0.1152   0.0202   0.0274   0.0443   0.1418   0.1114   0.3647   0.0775   0.2169      1.0   0.0072   0.0424   0.0898     0.02   0.0446   0.0891   0.2371   0.2189   0.3919   0.1275   0.1162   0.0203   0.2298   0.0302    0.008   0.0536    0.027    0.121   0.0066   0.0011   0.1051   0.0318   0.0111   0.0492   0.0623   0.3029   0.0835   0.3874   0.0284   0.0148   0.3662   0.0139   0.0697   0.3115   0.2603   0.1556   0.0833   0.4569   0.5955   0.3333   0.1317   0.1729   0.2798   0.0146   0.0622    0.054   0.0654   0.1341   0.0353   0.0525    0.008   0.4834   0.3052    0.227   0.2009   0.0126   0.2539   0.0083    0.016   0.1928   0.3862   0.0756   0.0321   0.1361   0.0376   0.0645   0.0613   0.0614   0.2705   0.2017   0.0333   0.0133   0.0562   0.0154    0.048   0.1826   0.0984   0.1376   0.2008   0.0419   0.0495   0.2218   0.0052   0.0357   0.0966   0.1658   0.0102   0.0552   0.0422   0.0009
  snr   -12.27
    H     4.42
 exon    False