>data-XIV-cerevisiae-intergenic-123
N: 335
Methods: voss, eiip, qpsk, mem, alg1, alg2

M: voss
 freq      0.0    0.003    0.006    0.009   0.0119   0.0149   0.0179   0.0209   0.0239   0.0269   0.0299   0.0328   0.0358   0.0388   0.0418   0.0448   0.0478   0.0507   0.0537   0.0567   0.0597   0.0627   0.0657   0.0687   0.0716   0.0746   0.0776   0.0806   0.0836   0.0866   0.0896   0.0925   0.0955   0.0985   0.1015   0.1045   0.1075   0.1104   0.1134   0.1164   0.1194   0.1224   0.1254   0.1284   0.1313   0.1343   0.1373   0.1403   0.1433   0.1463   0.1493   0.1522   0.1552   0.1582   0.1612   0.1642   0.1672   0.1701   0.1731   0.1761   0.1791   0.1821   0.1851   0.1881    0.191    0.194    0.197      0.2    0.203    0.206    0.209   0.2119   0.2149   0.2179   0.2209   0.2239   0.2269   0.2299   0.2328   0.2358   0.2388   0.2418   0.2448   0.2478   0.2507   0.2537   0.2567   0.2597   0.2627   0.2657   0.2687   0.2716   0.2746   0.2776   0.2806   0.2836   0.2866   0.2896   0.2925   0.2955   0.2985   0.3015   0.3045   0.3075   0.3104   0.3134   0.3164   0.3194   0.3224   0.3254   0.3284   0.3313   0.3343   0.3373   0.3403   0.3433   0.3463   0.3493   0.3522   0.3552   0.3582   0.3612   0.3642   0.3672   0.3701   0.3731   0.3761   0.3791   0.3821   0.3851   0.3881    0.391    0.394    0.397      0.4    0.403    0.406    0.409   0.4119   0.4149   0.4179   0.4209   0.4239   0.4269   0.4299   0.4328   0.4358   0.4388   0.4418   0.4448   0.4478   0.4507   0.4537   0.4567   0.4597   0.4627   0.4657   0.4687   0.4716   0.4746   0.4776   0.4806   0.4836   0.4866   0.4896   0.4925   0.4955   0.4985
    S      0.0   0.5367   0.3704   0.8544   0.4696   0.2725   0.5102   0.1748   0.1316   0.3859    0.203   0.1013      1.0   0.2802   0.1213   0.1544   0.2968   0.2362   0.2442   0.1684   0.6521   0.0869   0.3204   0.6453   0.1104   0.2271   0.4767   0.2534   0.2807   0.4506   0.0725   0.3864    0.393   0.0451   0.0543   0.3469   0.3562   0.1237   0.1306   0.4409    0.272   0.2767   0.1941   0.4099   0.3009   0.3619    0.145   0.2317    0.142   0.3614   0.2281   0.7122   0.5426   0.1403   0.2582   0.3572   0.0786   0.2228    0.573    0.081   0.4161    0.183   0.6769   0.2015   0.1602   0.0518   0.4878   0.3462    0.132   0.1334   0.3376   0.1563   0.1678   0.2856   0.3947   0.4252   0.2503   0.4955   0.2871   0.2672   0.3484    0.458   0.0925   0.3064   0.3921   0.5327   0.1701   0.3389   0.3218   0.6887   0.8529   0.3315    0.297   0.2283   0.3286   0.3675   0.3561   0.7424   0.5008   0.2264   0.0919   0.2903   0.5896   0.2264   0.2325   0.3125   0.1828   0.6069   0.0929   0.2716   0.8499    0.162   0.2353   0.2259   0.2395   0.1642   0.2412   0.0569   0.2104   0.5025   0.3899    0.284   0.4677   0.6898   0.0527   0.1011   0.5332   0.3376   0.5697   0.3688   0.1718    0.082   0.4029   0.4305   0.2927   0.0729   0.3205   0.8568   0.2429   0.2919   0.5783    0.281   0.2603   0.2202   0.1143   0.4264   0.3896   0.2405   0.2479   0.2778    0.092    0.042   0.5233   0.0586    0.122   0.2165   0.2946   0.7067   0.4827   0.1753   0.1695   0.3647   0.4486   0.4239   0.3653   0.4617   0.6271   0.1256
  snr    -17.2
    H     4.95
 exon    False

M: eiip
 freq      0.0    0.003    0.006    0.009   0.0119   0.0149   0.0179   0.0209   0.0239   0.0269   0.0299   0.0328   0.0358   0.0388   0.0418   0.0448   0.0478   0.0507   0.0537   0.0567   0.0597   0.0627   0.0657   0.0687   0.0716   0.0746   0.0776   0.0806   0.0836   0.0866   0.0896   0.0925   0.0955   0.0985   0.1015   0.1045   0.1075   0.1104   0.1134   0.1164   0.1194   0.1224   0.1254   0.1284   0.1313   0.1343   0.1373   0.1403   0.1433   0.1463   0.1493   0.1522   0.1552   0.1582   0.1612   0.1642   0.1672   0.1701   0.1731   0.1761   0.1791   0.1821   0.1851   0.1881    0.191    0.194    0.197      0.2    0.203    0.206    0.209   0.2119   0.2149   0.2179   0.2209   0.2239   0.2269   0.2299   0.2328   0.2358   0.2388   0.2418   0.2448   0.2478   0.2507   0.2537   0.2567   0.2597   0.2627   0.2657   0.2687   0.2716   0.2746   0.2776   0.2806   0.2836   0.2866   0.2896   0.2925   0.2955   0.2985   0.3015   0.3045   0.3075   0.3104   0.3134   0.3164   0.3194   0.3224   0.3254   0.3284   0.3313   0.3343   0.3373   0.3403   0.3433   0.3463   0.3493   0.3522   0.3552   0.3582   0.3612   0.3642   0.3672   0.3701   0.3731   0.3761   0.3791   0.3821   0.3851   0.3881    0.391    0.394    0.397      0.4    0.403    0.406    0.409   0.4119   0.4149   0.4179   0.4209   0.4239   0.4269   0.4299   0.4328   0.4358   0.4388   0.4418   0.4448   0.4478   0.4507   0.4537   0.4567   0.4597   0.4627   0.4657   0.4687   0.4716   0.4746   0.4776   0.4806   0.4836   0.4866   0.4896   0.4925   0.4955   0.4985
    S      0.0   0.7814   0.4715   0.2307   0.3594   0.3671   0.0604   0.0666   0.0032    0.359   0.0331   0.1263   0.1314   0.2386   0.0406   0.2194   0.0286   0.1519   0.2131   0.0897   0.3077     0.03   0.1386   0.1576   0.1281   0.1267    0.182   0.0812   0.3409    0.092   0.0421   0.0648    0.042    0.048   0.0573   0.0763   0.0055   0.0346   0.2232   0.2996   0.3348   0.0123   0.2438   0.3343    0.028   0.1124   0.2803   0.0329   0.0458   0.0394   0.2643   0.1907   0.4546   0.1475   0.0866   0.1873   0.0322   0.2932   0.0584   0.0355   0.0533   0.2636      1.0   0.1052   0.1951   0.0148    0.888   0.1785   0.0056   0.1217   0.0687   0.1303   0.3281   0.0024   0.2047   0.0866   0.1194   0.0443   0.0563   0.0563   0.4181   0.0389   0.1675   0.0387   0.0353   0.0587   0.1009   0.1642   0.0636   0.1835   0.5656    0.265   0.0477   0.1197   0.0273   0.0555   0.0267   0.0785   0.2073   0.0077   0.0389   0.1323    0.448   0.1654   0.2299   0.3976   0.1746   0.1426   0.0513   0.3197   0.5797   0.1083   0.0228    0.082   0.0808   0.0715   0.1888   0.0845   0.0924   0.2793   0.2178   0.0107   0.0541   0.3845   0.0391   0.0898   0.1345   0.1944   0.8927   0.0116    0.033    0.035   0.4008   0.0604   0.0776   0.0095   0.1039   0.1314   0.0574   0.2246   0.0852   0.0093   0.1673   0.1264   0.0973   0.0741   0.0673   0.1326   0.1716   0.2869   0.1014   0.0516   0.8513    0.004   0.0752   0.1158    0.096   0.0278   0.4955   0.1319   0.0637   0.1943   0.2183   0.0005   0.3854   0.1246   0.0815   0.0754
  snr   -14.22
    H     4.68
 exon    False

M: qpsk
 freq      0.0    0.003    0.006    0.009   0.0119   0.0149   0.0179   0.0209   0.0239   0.0269   0.0299   0.0328   0.0358   0.0388   0.0418   0.0448   0.0478   0.0507   0.0537   0.0567   0.0597   0.0627   0.0657   0.0687   0.0716   0.0746   0.0776   0.0806   0.0836   0.0866   0.0896   0.0925   0.0955   0.0985   0.1015   0.1045   0.1075   0.1104   0.1134   0.1164   0.1194   0.1224   0.1254   0.1284   0.1313   0.1343   0.1373   0.1403   0.1433   0.1463   0.1493   0.1522   0.1552   0.1582   0.1612   0.1642   0.1672   0.1701   0.1731   0.1761   0.1791   0.1821   0.1851   0.1881    0.191    0.194    0.197      0.2    0.203    0.206    0.209   0.2119   0.2149   0.2179   0.2209   0.2239   0.2269   0.2299   0.2328   0.2358   0.2388   0.2418   0.2448   0.2478   0.2507   0.2537   0.2567   0.2597   0.2627   0.2657   0.2687   0.2716   0.2746   0.2776   0.2806   0.2836   0.2866   0.2896   0.2925   0.2955   0.2985   0.3015   0.3045   0.3075   0.3104   0.3134   0.3164   0.3194   0.3224   0.3254   0.3284   0.3313   0.3343   0.3373   0.3403   0.3433   0.3463   0.3493   0.3522   0.3552   0.3582   0.3612   0.3642   0.3672   0.3701   0.3731   0.3761   0.3791   0.3821   0.3851   0.3881    0.391    0.394    0.397      0.4    0.403    0.406    0.409   0.4119   0.4149   0.4179   0.4209   0.4239   0.4269   0.4299   0.4328   0.4358   0.4388   0.4418   0.4448   0.4478   0.4507   0.4537   0.4567   0.4597   0.4627   0.4657   0.4687   0.4716   0.4746   0.4776   0.4806   0.4836   0.4866   0.4896   0.4925   0.4955   0.4985
    S      0.0   0.7757    0.417   0.9863    0.472   0.0935   0.5077   0.2093   0.1314    0.212   0.1299   0.0207   0.7932   0.4265   0.0417   0.2281   0.1085   0.2189   0.3409   0.2382   0.9078   0.1152   0.0719   0.6006   0.1385   0.2385   0.5763   0.3467   0.3595   0.3213    0.058   0.2542    0.296    0.007   0.0584   0.3074   0.3023   0.0963   0.1335   0.4057   0.1517   0.2068   0.2915   0.3288   0.4547   0.2567   0.1681   0.0768   0.1201   0.4921   0.2833   0.8085   0.6492   0.2006   0.1351   0.4375   0.0456   0.2236   0.4228    0.104   0.3663   0.2457   0.7612   0.2516    0.246   0.0623   0.7127   0.4848   0.1204   0.1963   0.2724   0.1767   0.1945   0.3071   0.2924   0.5141   0.2729   0.5561   0.3585   0.3467   0.3584   0.2427   0.0943   0.1664   0.4655   0.3866   0.1551   0.4592   0.3712   0.7851      1.0   0.4995    0.159    0.286   0.4626   0.2206   0.2399   0.3171   0.6861   0.3375   0.1121   0.4438   0.8695   0.2727   0.3494   0.3283   0.1685   0.6186   0.1287   0.4028   0.2227   0.0569   0.2501    0.308   0.2589     0.18   0.2074   0.0387   0.1849   0.5915   0.5567   0.1239   0.4578   0.8773   0.0523   0.0682   0.6552   0.4803   0.6088    0.463   0.1537   0.0459   0.6174   0.2754   0.2182   0.0477   0.4299   0.1197   0.2171   0.3719   0.8539    0.153   0.1579   0.2073   0.1735   0.4703   0.5668    0.276   0.2936   0.3259   0.1223   0.0264   0.3681   0.0668   0.0711   0.3054   0.3585   0.6574   0.5934   0.2243   0.2002   0.4789   0.2124   0.2439   0.2547   0.2255     0.64   0.1849
  snr   -17.22
    H      4.9
 exon    False

M: mem
 freq      0.0    0.003    0.006    0.009    0.012    0.015    0.018    0.021    0.024   0.0269   0.0299   0.0329   0.0359   0.0389   0.0419   0.0449   0.0479   0.0509   0.0539   0.0569   0.0599   0.0629   0.0659   0.0689   0.0719   0.0749   0.0778   0.0808   0.0838   0.0868   0.0898   0.0928   0.0958   0.0988   0.1018   0.1048   0.1078   0.1108   0.1138   0.1168   0.1198   0.1228   0.1257   0.1287   0.1317   0.1347   0.1377   0.1407   0.1437   0.1467   0.1497   0.1527   0.1557   0.1587   0.1617   0.1647   0.1677   0.1707   0.1737   0.1766   0.1796   0.1826   0.1856   0.1886   0.1916   0.1946   0.1976   0.2006   0.2036   0.2066   0.2096   0.2126   0.2156   0.2186   0.2216   0.2246   0.2275   0.2305   0.2335   0.2365   0.2395   0.2425   0.2455   0.2485   0.2515   0.2545   0.2575   0.2605   0.2635   0.2665   0.2695   0.2725   0.2754   0.2784   0.2814   0.2844   0.2874   0.2904   0.2934   0.2964   0.2994   0.3024   0.3054   0.3084   0.3114   0.3144   0.3174   0.3204   0.3234   0.3263   0.3293   0.3323   0.3353   0.3383   0.3413   0.3443   0.3473   0.3503   0.3533   0.3563   0.3593   0.3623   0.3653   0.3683   0.3713   0.3743   0.3772   0.3802   0.3832   0.3862   0.3892   0.3922   0.3952   0.3982   0.4012   0.4042   0.4072   0.4102   0.4132   0.4162   0.4192   0.4222   0.4251   0.4281   0.4311   0.4341   0.4371   0.4401   0.4431   0.4461   0.4491   0.4521   0.4551   0.4581   0.4611   0.4641   0.4671   0.4701   0.4731    0.476    0.479    0.482    0.485    0.488    0.491    0.494    0.497
    S      0.0   0.1751   0.1356   0.0119   0.0642   0.0368   0.0453   0.0688   0.0085   0.0025   0.2923   0.0246   0.7896   0.1214   0.0081   0.0655   0.2556   0.1036   0.0347   0.1946   0.0519   0.0822    0.338   0.1225   0.0637     0.03   0.5148   0.0607   0.0642   0.0348   0.0032   0.0116   0.6022   0.0394   0.0059   0.2625   0.1326   0.0866   0.0415   0.0755   0.0851   0.2938   0.1648   0.0739   0.2038   0.2277   0.0045   0.1415     0.06   0.1679   0.0402   0.4075   0.1386   0.0023   0.4387    0.091   0.0087   0.0245   0.0838   0.1306   0.2504   0.0964   0.1004   0.2237   0.0768   0.0374   0.0045   0.1061   0.0144   0.0229   0.0625   0.1382   0.0007   0.0208    0.606   0.4429   0.0133   0.2183   0.0508   0.1769   0.0408   0.2952   0.0273    0.295   0.0464   0.0729   0.0517   0.0174    0.219      1.0   0.2852   0.0625   0.0789   0.0799   0.1125    0.626   0.1355   0.0209   0.0041    0.207   0.0361   0.4469   0.2346   0.0285   0.0597   0.4551   0.0147   0.0569   0.2672   0.0947   0.0227   0.1769   0.0361   0.1804   0.3795   0.0089    0.021   0.0467   0.0606   0.1711   0.0528   0.3898   0.2477   0.2459   0.0118   0.1131   0.5084   0.1761   0.6336   0.0169   0.1903   0.1046   0.2428   0.2804   0.1516   0.1975   0.2218   0.1257   0.2195   0.3629   0.7923   0.1675   0.0473   0.0036   0.1359   0.3349   0.0356   0.3376    0.123   0.0703   0.0133   0.0101   0.2325   0.0097   0.2674   0.1166   0.0505   0.3789   0.1991   0.1721   0.0115   0.2185   0.0942   0.3016   0.0442   0.6021   0.0148
  snr   -14.03
    H     4.61
 exon    False

M: alg1
 freq      0.0    0.003    0.006    0.009   0.0119   0.0149   0.0179   0.0209   0.0239   0.0269   0.0299   0.0328   0.0358   0.0388   0.0418   0.0448   0.0478   0.0507   0.0537   0.0567   0.0597   0.0627   0.0657   0.0687   0.0716   0.0746   0.0776   0.0806   0.0836   0.0866   0.0896   0.0925   0.0955   0.0985   0.1015   0.1045   0.1075   0.1104   0.1134   0.1164   0.1194   0.1224   0.1254   0.1284   0.1313   0.1343   0.1373   0.1403   0.1433   0.1463   0.1493   0.1522   0.1552   0.1582   0.1612   0.1642   0.1672   0.1701   0.1731   0.1761   0.1791   0.1821   0.1851   0.1881    0.191    0.194    0.197      0.2    0.203    0.206    0.209   0.2119   0.2149   0.2179   0.2209   0.2239   0.2269   0.2299   0.2328   0.2358   0.2388   0.2418   0.2448   0.2478   0.2507   0.2537   0.2567   0.2597   0.2627   0.2657   0.2687   0.2716   0.2746   0.2776   0.2806   0.2836   0.2866   0.2896   0.2925   0.2955   0.2985   0.3015   0.3045   0.3075   0.3104   0.3134   0.3164   0.3194   0.3224   0.3254   0.3284   0.3313   0.3343   0.3373   0.3403   0.3433   0.3463   0.3493   0.3522   0.3552   0.3582   0.3612   0.3642   0.3672   0.3701   0.3731   0.3761   0.3791   0.3821   0.3851   0.3881    0.391    0.394    0.397      0.4    0.403    0.406    0.409   0.4119   0.4149   0.4179   0.4209   0.4239   0.4269   0.4299   0.4328   0.4358   0.4388   0.4418   0.4448   0.4478   0.4507   0.4537   0.4567   0.4597   0.4627   0.4657   0.4687   0.4716   0.4746   0.4776   0.4806   0.4836   0.4866   0.4896   0.4925   0.4955   0.4985
    S      0.0   0.2096   0.1566   0.0843   0.1139   0.2618   0.0812   0.0502   0.0196   0.2228   0.2745   0.1094   0.7579    0.063   0.0857   0.0315   0.3571    0.133   0.0397   0.0936   0.0058   0.0572   0.4832   0.1573   0.0796   0.0776   0.2788   0.0386   0.0526   0.1543   0.0257   0.1575   0.4984    0.055   0.0243   0.2511   0.1679   0.0928   0.0986   0.1593   0.2282   0.2865   0.0429   0.2117   0.0929   0.2555   0.0534   0.2437   0.0453   0.0394   0.0562    0.333   0.1426   0.0144    0.316   0.1446   0.0465   0.0982   0.2217   0.0488   0.2766   0.0551   0.3011   0.1472   0.0147   0.0289   0.1218   0.0459   0.0274   0.0244   0.1478   0.0688   0.0955   0.0227   0.4244   0.3825   0.0386   0.1973   0.0516   0.1326   0.1576   0.3435    0.074   0.2315   0.0225   0.2882   0.0753   0.0115   0.3318   0.4841   0.1117   0.1127   0.1847   0.0969   0.0077   0.4581   0.1366   0.4597   0.0109   0.0348   0.0659   0.0868   0.0947   0.0329   0.0531   0.3043    0.108   0.1137   0.0367   0.0287   0.8298   0.2357   0.1482   0.1536   0.1399   0.0243   0.1086   0.0647   0.0647   0.0648   0.1766   0.3767   0.0735   0.2968   0.0163    0.101   0.0883   0.1614   0.4678   0.1614   0.2188   0.1118   0.0915   0.2675   0.1475   0.0287   0.0452      1.0     0.13   0.2188   0.2006   0.3268   0.2545   0.0577    0.026   0.0412   0.1555   0.2382   0.0466   0.2172   0.0187    0.051   0.4671   0.0252   0.1097   0.0276   0.2595   0.5439   0.1559   0.0375   0.0194   0.0231   0.4225   0.2293   0.2887   0.3147   0.2092   0.0363
  snr   -14.14
    H     4.73
 exon    False

M: alg2
 freq      0.0    0.003    0.006    0.009   0.0119   0.0149   0.0179   0.0209   0.0239   0.0269   0.0299   0.0328   0.0358   0.0388   0.0418   0.0448   0.0478   0.0507   0.0537   0.0567   0.0597   0.0627   0.0657   0.0687   0.0716   0.0746   0.0776   0.0806   0.0836   0.0866   0.0896   0.0925   0.0955   0.0985   0.1015   0.1045   0.1075   0.1104   0.1134   0.1164   0.1194   0.1224   0.1254   0.1284   0.1313   0.1343   0.1373   0.1403   0.1433   0.1463   0.1493   0.1522   0.1552   0.1582   0.1612   0.1642   0.1672   0.1701   0.1731   0.1761   0.1791   0.1821   0.1851   0.1881    0.191    0.194    0.197      0.2    0.203    0.206    0.209   0.2119   0.2149   0.2179   0.2209   0.2239   0.2269   0.2299   0.2328   0.2358   0.2388   0.2418   0.2448   0.2478   0.2507   0.2537   0.2567   0.2597   0.2627   0.2657   0.2687   0.2716   0.2746   0.2776   0.2806   0.2836   0.2866   0.2896   0.2925   0.2955   0.2985   0.3015   0.3045   0.3075   0.3104   0.3134   0.3164   0.3194   0.3224   0.3254   0.3284   0.3313   0.3343   0.3373   0.3403   0.3433   0.3463   0.3493   0.3522   0.3552   0.3582   0.3612   0.3642   0.3672   0.3701   0.3731   0.3761   0.3791   0.3821   0.3851   0.3881    0.391    0.394    0.397      0.4    0.403    0.406    0.409   0.4119   0.4149   0.4179   0.4209   0.4239   0.4269   0.4299   0.4328   0.4358   0.4388   0.4418   0.4448   0.4478   0.4507   0.4537   0.4567   0.4597   0.4627   0.4657   0.4687   0.4716   0.4746   0.4776   0.4806   0.4836   0.4866   0.4896   0.4925   0.4955   0.4985
    S      0.0   0.1171   0.2155   0.1503   0.3778   0.3528   0.2282   0.0727    0.061   0.4396   0.0884   0.1398   0.2468   0.0082   0.1263   0.0385   0.1995   0.0796   0.0359    0.013   0.0302   0.0075   0.2729   0.4553   0.0364   0.0633    0.013   0.0185   0.1714   0.3576   0.0623   0.2645   0.1415   0.0578   0.0371   0.0768   0.1606   0.0378   0.0884    0.336   0.3095   0.0828   0.0337   0.2818   0.0259   0.2683   0.1151   0.1623   0.1088   0.1219   0.0686   0.1041   0.1355   0.0059   0.1673   0.0098   0.0689   0.1472   0.3562   0.0131   0.1103   0.0535   0.5123   0.0311   0.0149   0.0108   0.1339   0.0085   0.0518   0.0046   0.1406   0.0335   0.1121   0.1167   0.1706   0.0576   0.1174   0.1921   0.0527    0.038   0.1858   0.2402   0.0642   0.1598   0.1176   0.1952   0.1321   0.0619   0.0512    0.049   0.3718   0.0439   0.2398   0.1001   0.0442   0.1567   0.2172   0.5978   0.0669   0.0259   0.0104   0.0453   0.2135   0.0877   0.0142   0.1494   0.0837   0.2124   0.0009   0.0051      1.0   0.1391   0.0845    0.028   0.1099   0.1113   0.1337   0.0481   0.1077   0.1218    0.006   0.1471    0.184   0.0321    0.039   0.0643   0.2179   0.0109   0.3444   0.0502   0.0502   0.0494   0.0387   0.2981   0.1751   0.0497   0.0687   0.7704   0.0479   0.0538   0.0714   0.1279   0.1769   0.1633   0.0055   0.1041   0.0281   0.0575   0.0798   0.1121   0.0166   0.0339   0.5051   0.0142   0.0952   0.0867   0.0569   0.1669   0.0921    0.019   0.0258   0.0736   0.3301   0.2408   0.3482   0.4182   0.2583   0.0083
  snr   -13.32
    H     4.68
 exon     True