>data-XV-cerevisiae-intergenic-61
N: 587
Methods: voss, eiip, qpsk, mem, tbpse, snrse

M: voss
 freq      0.0   0.0017   0.0034   0.0051   0.0068   0.0085   0.0102   0.0119   0.0136   0.0153    0.017   0.0187   0.0204   0.0221   0.0239   0.0256   0.0273    0.029   0.0307   0.0324   0.0341   0.0358   0.0375   0.0392   0.0409   0.0426   0.0443    0.046   0.0477   0.0494   0.0511   0.0528   0.0545   0.0562   0.0579   0.0596   0.0613    0.063   0.0647   0.0664   0.0681   0.0698   0.0716   0.0733    0.075   0.0767   0.0784   0.0801   0.0818   0.0835   0.0852   0.0869   0.0886   0.0903    0.092   0.0937   0.0954   0.0971   0.0988   0.1005   0.1022   0.1039   0.1056   0.1073    0.109   0.1107   0.1124   0.1141   0.1158   0.1175   0.1193    0.121   0.1227   0.1244   0.1261   0.1278   0.1295   0.1312   0.1329   0.1346   0.1363    0.138   0.1397   0.1414   0.1431   0.1448   0.1465   0.1482   0.1499   0.1516   0.1533    0.155   0.1567   0.1584   0.1601   0.1618   0.1635   0.1652    0.167   0.1687   0.1704   0.1721   0.1738   0.1755   0.1772   0.1789   0.1806   0.1823    0.184   0.1857   0.1874   0.1891   0.1908   0.1925   0.1942   0.1959   0.1976   0.1993    0.201   0.2027   0.2044   0.2061   0.2078   0.2095   0.2112   0.2129   0.2147   0.2164   0.2181   0.2198   0.2215   0.2232   0.2249   0.2266   0.2283     0.23   0.2317   0.2334   0.2351   0.2368   0.2385   0.2402   0.2419   0.2436   0.2453    0.247   0.2487   0.2504   0.2521   0.2538   0.2555   0.2572   0.2589   0.2606   0.2624   0.2641   0.2658   0.2675   0.2692   0.2709   0.2726   0.2743    0.276   0.2777   0.2794   0.2811   0.2828   0.2845   0.2862   0.2879   0.2896   0.2913    0.293   0.2947   0.2964   0.2981   0.2998   0.3015   0.3032   0.3049   0.3066   0.3083   0.3101   0.3118   0.3135   0.3152   0.3169   0.3186   0.3203    0.322   0.3237   0.3254   0.3271   0.3288   0.3305   0.3322   0.3339   0.3356   0.3373    0.339   0.3407   0.3424   0.3441   0.3458   0.3475   0.3492   0.3509   0.3526   0.3543    0.356   0.3578   0.3595   0.3612   0.3629   0.3646   0.3663    0.368   0.3697   0.3714   0.3731   0.3748   0.3765   0.3782   0.3799   0.3816   0.3833    0.385   0.3867   0.3884   0.3901   0.3918   0.3935   0.3952   0.3969   0.3986   0.4003    0.402   0.4037   0.4055   0.4072   0.4089   0.4106   0.4123    0.414   0.4157   0.4174   0.4191   0.4208   0.4225   0.4242   0.4259   0.4276   0.4293    0.431   0.4327   0.4344   0.4361   0.4378   0.4395   0.4412   0.4429   0.4446   0.4463    0.448   0.4497   0.4514   0.4532   0.4549   0.4566   0.4583     0.46   0.4617   0.4634   0.4651   0.4668   0.4685   0.4702   0.4719   0.4736   0.4753    0.477   0.4787   0.4804   0.4821   0.4838   0.4855   0.4872   0.4889   0.4906   0.4923    0.494   0.4957   0.4974   0.4991
    S      0.0   0.0978     0.19   0.2354   0.4647   0.3126   0.2183   0.1052   0.1534   0.1469   0.1471   0.1898   0.2979   0.6682   0.2301   0.7324    0.979   0.0948   0.6272   0.2151    0.414   0.2519   0.2128   0.4622   0.1716   0.4283   0.7918   0.8266   0.1604     0.19      1.0   0.1505   0.2125   0.2211   0.3111   0.1078   0.3851   0.1512   0.4795   0.5808   0.4372   0.3529   0.4339   0.2038   0.2249   0.2291   0.2229   0.2076   0.0453   0.1855   0.2757   0.6138   0.1282   0.1669   0.1385   0.1621   0.4728   0.1965   0.3667   0.2001   0.0727   0.2254   0.1263   0.0672   0.5052   0.5424    0.194   0.1352   0.2692   0.1317   0.0615   0.5044   0.4075   0.3069   0.0747   0.3013   0.5417   0.3299   0.0582   0.1554   0.0814   0.1163   0.1109   0.0443   0.0626   0.1363   0.6206   0.2522   0.1477   0.3173   0.1763   0.1209   0.3273   0.1385   0.2104   0.3161   0.2428   0.3546   0.0806   0.2102   0.1826   0.3779   0.4221   0.3564   0.0253   0.3719   0.1392   0.2466   0.2051   0.2408   0.1267   0.0885   0.3252   0.1574   0.1562   0.0296   0.2306   0.4587   0.2055   0.2218   0.1859   0.0648   0.4414    0.351   0.1523   0.0847   0.2395   0.3257   0.2609   0.1142   0.2738   0.1574   0.2531   0.2134   0.3948   0.4156    0.329   0.2083   0.1495   0.2637   0.0937    0.243   0.5764   0.1221   0.1836   0.1555   0.4937   0.2316   0.1816   0.2226   0.0942   0.2902   0.2021   0.0949   0.0352   0.2813   0.2077   0.1949   0.1053   0.2077   0.2607   0.2021   0.1114   0.1876   0.5224   0.2733   0.1391   0.0764   0.0695   0.1027   0.1349   0.4079   0.0385   0.1602   0.5277   0.3829   0.2177   0.3096   0.1925   0.1058   0.1376   0.1719   0.1747   0.1066   0.1267   0.5742   0.1545   0.0969   0.1664   0.1617   0.5372    0.234   0.2875    0.053    0.171   0.2748   0.2613    0.111    0.077    0.127   0.2246   0.1291   0.3653   0.1434   0.2177   0.1277    0.096   0.0779   0.2455   0.3956   0.2346   0.0716   0.0925   0.2666   0.3351    0.079    0.241   0.1421   0.3016     0.29   0.3061   0.3491    0.024   0.4155   0.1395   0.1799   0.1285   0.2587   0.0971   0.3734   0.1085   0.0453   0.2762    0.217   0.2307   0.1667   0.3344   0.1847   0.2818   0.0351   0.0702   0.2985   0.1697   0.1302   0.2444   0.2562   0.1787   0.3457   0.2203   0.4263   0.0783   0.0821    0.341   0.0891   0.2502   0.1459   0.2149   0.3435   0.0182   0.2166   0.2405   0.4938   0.2528    0.064   0.3328   0.1663   0.2021   0.0853   0.1588    0.364   0.4434   0.2016   0.2747   0.1584   0.1398   0.3382   0.4708   0.1164   0.0017   0.1645     0.14   0.0712   0.0629   0.0531   0.2305   0.0316   0.2544   0.1202   0.1555   0.2867   0.2833   0.1659   0.1627   0.0633
  snr   -18.33
    H     5.48
 exon    False

M: eiip
 freq      0.0   0.0017   0.0034   0.0051   0.0068   0.0085   0.0102   0.0119   0.0136   0.0153    0.017   0.0187   0.0204   0.0221   0.0239   0.0256   0.0273    0.029   0.0307   0.0324   0.0341   0.0358   0.0375   0.0392   0.0409   0.0426   0.0443    0.046   0.0477   0.0494   0.0511   0.0528   0.0545   0.0562   0.0579   0.0596   0.0613    0.063   0.0647   0.0664   0.0681   0.0698   0.0716   0.0733    0.075   0.0767   0.0784   0.0801   0.0818   0.0835   0.0852   0.0869   0.0886   0.0903    0.092   0.0937   0.0954   0.0971   0.0988   0.1005   0.1022   0.1039   0.1056   0.1073    0.109   0.1107   0.1124   0.1141   0.1158   0.1175   0.1193    0.121   0.1227   0.1244   0.1261   0.1278   0.1295   0.1312   0.1329   0.1346   0.1363    0.138   0.1397   0.1414   0.1431   0.1448   0.1465   0.1482   0.1499   0.1516   0.1533    0.155   0.1567   0.1584   0.1601   0.1618   0.1635   0.1652    0.167   0.1687   0.1704   0.1721   0.1738   0.1755   0.1772   0.1789   0.1806   0.1823    0.184   0.1857   0.1874   0.1891   0.1908   0.1925   0.1942   0.1959   0.1976   0.1993    0.201   0.2027   0.2044   0.2061   0.2078   0.2095   0.2112   0.2129   0.2147   0.2164   0.2181   0.2198   0.2215   0.2232   0.2249   0.2266   0.2283     0.23   0.2317   0.2334   0.2351   0.2368   0.2385   0.2402   0.2419   0.2436   0.2453    0.247   0.2487   0.2504   0.2521   0.2538   0.2555   0.2572   0.2589   0.2606   0.2624   0.2641   0.2658   0.2675   0.2692   0.2709   0.2726   0.2743    0.276   0.2777   0.2794   0.2811   0.2828   0.2845   0.2862   0.2879   0.2896   0.2913    0.293   0.2947   0.2964   0.2981   0.2998   0.3015   0.3032   0.3049   0.3066   0.3083   0.3101   0.3118   0.3135   0.3152   0.3169   0.3186   0.3203    0.322   0.3237   0.3254   0.3271   0.3288   0.3305   0.3322   0.3339   0.3356   0.3373    0.339   0.3407   0.3424   0.3441   0.3458   0.3475   0.3492   0.3509   0.3526   0.3543    0.356   0.3578   0.3595   0.3612   0.3629   0.3646   0.3663    0.368   0.3697   0.3714   0.3731   0.3748   0.3765   0.3782   0.3799   0.3816   0.3833    0.385   0.3867   0.3884   0.3901   0.3918   0.3935   0.3952   0.3969   0.3986   0.4003    0.402   0.4037   0.4055   0.4072   0.4089   0.4106   0.4123    0.414   0.4157   0.4174   0.4191   0.4208   0.4225   0.4242   0.4259   0.4276   0.4293    0.431   0.4327   0.4344   0.4361   0.4378   0.4395   0.4412   0.4429   0.4446   0.4463    0.448   0.4497   0.4514   0.4532   0.4549   0.4566   0.4583     0.46   0.4617   0.4634   0.4651   0.4668   0.4685   0.4702   0.4719   0.4736   0.4753    0.477   0.4787   0.4804   0.4821   0.4838   0.4855   0.4872   0.4889   0.4906   0.4923    0.494   0.4957   0.4974   0.4991
    S      0.0   0.0981   0.1534   0.0604   0.1756   0.0575   0.1167    0.174   0.2818   0.1744   0.0359     0.06   0.2082   0.5373   0.1333   0.1085   0.6273   0.0057   0.1784   0.2399   0.2661     0.31    0.358    0.281   0.2796   0.2554   0.5204   0.3746   0.2035    0.064   0.2209   0.1898   0.1335   0.0726   0.1808   0.0279   0.1839   0.0709   0.1688   0.0276   0.0512   0.3436   0.0937   0.0786   0.0778   0.0648   0.1026    0.037   0.0888   0.0649   0.0239   0.1084    0.047    0.099   0.2344   0.2927   0.0364   0.0446   0.1078   0.0985   0.1093   0.1697   0.0815   0.0759    0.558   0.5693   0.1375   0.0912   0.2137   0.0261   0.0114   0.2158   0.2802   0.2693   0.0092   0.0229    0.054   0.1131   0.0032   0.1763   0.0106   0.0453   0.1935   0.0156   0.0246   0.1724      1.0   0.0537   0.0592   0.2558   0.1957   0.1374   0.4573   0.2109   0.1757   0.2721   0.2427    0.034   0.0533   0.0503   0.1996   0.1478   0.0163    0.005   0.0101   0.2314    0.001   0.0953   0.1062    0.313    0.018   0.0928   0.7187   0.2726   0.0131   0.0561   0.2376   0.3191   0.1487    0.379   0.2664   0.0337   0.3694   0.1808   0.1773   0.0012   0.1756   0.3349   0.2247   0.1595   0.0659   0.0715   0.0039   0.2579   0.2675   0.3482   0.2788    0.301   0.0586   0.4856   0.0948   0.1199   0.0817   0.0755    0.102   0.1124   0.0971   0.1946   0.1129    0.152   0.1534   0.3239   0.2438   0.0298   0.0244   0.1021   0.1919   0.2305    0.147   0.1022   0.3068    0.431   0.0076   0.0851   0.2326   0.4743   0.0079   0.0311   0.0139   0.0205   0.0941   0.7896   0.0456   0.0013   0.1266   0.1448   0.0979   0.1152   0.3067   0.0422    0.062   0.0672   0.0037   0.0841   0.1058   0.0091   0.2095   0.0549   0.0593   0.0041    0.272    0.076    0.322   0.0519   0.0191   0.2799   0.1944   0.1338   0.0431   0.0367   0.1054   0.0157   0.3727   0.0263   0.0521   0.2333   0.1604    0.031   0.0529   0.2559   0.1343   0.0075   0.0834   0.0374   0.0167   0.1131   0.1484   0.1068   0.3018   0.2202   0.3318   0.2536   0.0305   0.0783   0.0582   0.1212   0.0513   0.2132   0.0606   0.3692   0.1383   0.0669   0.2084   0.0078   0.1038   0.0135   0.4184   0.2986   0.1355   0.0194     0.04   0.1405   0.0502   0.0944   0.2221   0.2568   0.1362   0.1004   0.1186   0.5635   0.0497   0.0847    0.349   0.0521   0.1811   0.0859   0.1067   0.2408   0.0339   0.0227   0.2927   0.2265   0.1071   0.0392   0.0292   0.0924   0.2398   0.1551   0.0589   0.3608   0.1066   0.0248   0.3153   0.0261   0.0321   0.5798   0.0042   0.0158   0.0008   0.0767   0.2581   0.0884   0.1039   0.0739   0.2987   0.0152   0.0132   0.1886   0.0986   0.1043   0.0841   0.0647   0.1986   0.0129
  snr   -16.43
    H      5.3
 exon    False

M: qpsk
 freq      0.0   0.0017   0.0034   0.0051   0.0068   0.0085   0.0102   0.0119   0.0136   0.0153    0.017   0.0187   0.0204   0.0221   0.0239   0.0256   0.0273    0.029   0.0307   0.0324   0.0341   0.0358   0.0375   0.0392   0.0409   0.0426   0.0443    0.046   0.0477   0.0494   0.0511   0.0528   0.0545   0.0562   0.0579   0.0596   0.0613    0.063   0.0647   0.0664   0.0681   0.0698   0.0716   0.0733    0.075   0.0767   0.0784   0.0801   0.0818   0.0835   0.0852   0.0869   0.0886   0.0903    0.092   0.0937   0.0954   0.0971   0.0988   0.1005   0.1022   0.1039   0.1056   0.1073    0.109   0.1107   0.1124   0.1141   0.1158   0.1175   0.1193    0.121   0.1227   0.1244   0.1261   0.1278   0.1295   0.1312   0.1329   0.1346   0.1363    0.138   0.1397   0.1414   0.1431   0.1448   0.1465   0.1482   0.1499   0.1516   0.1533    0.155   0.1567   0.1584   0.1601   0.1618   0.1635   0.1652    0.167   0.1687   0.1704   0.1721   0.1738   0.1755   0.1772   0.1789   0.1806   0.1823    0.184   0.1857   0.1874   0.1891   0.1908   0.1925   0.1942   0.1959   0.1976   0.1993    0.201   0.2027   0.2044   0.2061   0.2078   0.2095   0.2112   0.2129   0.2147   0.2164   0.2181   0.2198   0.2215   0.2232   0.2249   0.2266   0.2283     0.23   0.2317   0.2334   0.2351   0.2368   0.2385   0.2402   0.2419   0.2436   0.2453    0.247   0.2487   0.2504   0.2521   0.2538   0.2555   0.2572   0.2589   0.2606   0.2624   0.2641   0.2658   0.2675   0.2692   0.2709   0.2726   0.2743    0.276   0.2777   0.2794   0.2811   0.2828   0.2845   0.2862   0.2879   0.2896   0.2913    0.293   0.2947   0.2964   0.2981   0.2998   0.3015   0.3032   0.3049   0.3066   0.3083   0.3101   0.3118   0.3135   0.3152   0.3169   0.3186   0.3203    0.322   0.3237   0.3254   0.3271   0.3288   0.3305   0.3322   0.3339   0.3356   0.3373    0.339   0.3407   0.3424   0.3441   0.3458   0.3475   0.3492   0.3509   0.3526   0.3543    0.356   0.3578   0.3595   0.3612   0.3629   0.3646   0.3663    0.368   0.3697   0.3714   0.3731   0.3748   0.3765   0.3782   0.3799   0.3816   0.3833    0.385   0.3867   0.3884   0.3901   0.3918   0.3935   0.3952   0.3969   0.3986   0.4003    0.402   0.4037   0.4055   0.4072   0.4089   0.4106   0.4123    0.414   0.4157   0.4174   0.4191   0.4208   0.4225   0.4242   0.4259   0.4276   0.4293    0.431   0.4327   0.4344   0.4361   0.4378   0.4395   0.4412   0.4429   0.4446   0.4463    0.448   0.4497   0.4514   0.4532   0.4549   0.4566   0.4583     0.46   0.4617   0.4634   0.4651   0.4668   0.4685   0.4702   0.4719   0.4736   0.4753    0.477   0.4787   0.4804   0.4821   0.4838   0.4855   0.4872   0.4889   0.4906   0.4923    0.494   0.4957   0.4974   0.4991
    S      0.0   0.0864   0.2118   0.1524   0.2501   0.1997    0.167   0.0609   0.1498   0.1273   0.1036   0.0096   0.3244   0.6856    0.241   0.3674   0.7786   0.0891   0.2858   0.0884   0.4402   0.2821   0.2459   0.4763   0.1617   0.2892   0.6277   0.6217    0.019    0.172      1.0   0.1568   0.1401   0.2501   0.3089   0.0521   0.2268    0.129   0.2462   0.4094   0.3225   0.3684   0.2208   0.2328   0.1558   0.1852   0.2329    0.207   0.0433   0.1208   0.1515   0.4348   0.1167   0.1441   0.1482   0.1802   0.2311   0.1378   0.4002   0.2151   0.0194   0.2427   0.0736   0.0775   0.3507   0.5599   0.1489   0.1449   0.2025   0.1082   0.0697   0.0973    0.155   0.2562   0.0594   0.1406   0.2406   0.2812   0.0681   0.1474   0.0924   0.1154   0.0884   0.0455   0.0662   0.1393   0.5686   0.1321   0.0628   0.3178   0.1153   0.1345   0.3666    0.061    0.154   0.2544   0.1805   0.3726   0.0806   0.2347   0.1454   0.3699    0.326   0.2391   0.0103   0.3379   0.1106   0.1498   0.1104   0.1698   0.0912   0.0683   0.1863   0.1376    0.078   0.0235   0.2231   0.4525   0.2006   0.2188   0.1217   0.0696    0.049   0.0532   0.1053   0.0351   0.1407   0.3016   0.2377   0.1299   0.2275   0.0602   0.1666   0.1686   0.4279   0.4726   0.3277   0.1409   0.1153   0.2731   0.0941   0.2598   0.5763   0.0537   0.0107   0.1672   0.1053   0.2658   0.2105    0.186   0.0239   0.3289   0.0898   0.1055   0.0355   0.3289   0.1667   0.1187   0.0418   0.1495   0.1435   0.1719   0.0801   0.0566   0.0203   0.2454   0.1071   0.0805   0.0698   0.0199   0.1433   0.4458   0.0278   0.1856   0.3322   0.0945   0.1145   0.1003   0.1415   0.0129   0.1092   0.1936    0.099   0.0144   0.1212   0.4471   0.1563   0.0887   0.1531   0.0467    0.608   0.1813   0.2547   0.0104   0.1851   0.0954   0.1326   0.1168   0.0659   0.0898    0.155   0.1445    0.313   0.0863   0.2491   0.0828   0.0968   0.0854   0.2414   0.4358   0.1047   0.0214   0.1019   0.1408   0.1936   0.0856   0.1553   0.1451   0.2142   0.3019   0.2948   0.2941   0.0035   0.3026   0.0305   0.1698   0.0435   0.2653   0.0218   0.3979   0.1152   0.0358   0.1255   0.2541   0.2585   0.0648   0.3715   0.2158   0.0963   0.0332   0.0643   0.1236   0.0758   0.0464   0.0642   0.2974   0.1765   0.2944     0.25   0.4655   0.0857   0.0534   0.1948   0.0545   0.2241   0.0991   0.1203   0.2986   0.0208   0.1265   0.2127   0.4539   0.2538   0.0197   0.2411   0.1191    0.056   0.0577   0.1298    0.414   0.1733   0.1031   0.2064   0.1037   0.1621   0.1289   0.3537   0.0554   0.0002   0.0921   0.1312   0.0621   0.0277   0.0102   0.1134   0.0325    0.129    0.051   0.0861   0.2023   0.1706   0.1733    0.076   0.0736
  snr   -17.15
    H     5.41
 exon    False

M: mem
 freq      0.0   0.0017   0.0034   0.0051   0.0068   0.0085   0.0102   0.0119   0.0137   0.0154   0.0171   0.0188   0.0205   0.0222   0.0239   0.0256   0.0273    0.029   0.0307   0.0324   0.0341   0.0358   0.0375   0.0392    0.041   0.0427   0.0444   0.0461   0.0478   0.0495   0.0512   0.0529   0.0546   0.0563    0.058   0.0597   0.0614   0.0631   0.0648   0.0666   0.0683     0.07   0.0717   0.0734   0.0751   0.0768   0.0785   0.0802   0.0819   0.0836   0.0853    0.087   0.0887   0.0904   0.0922   0.0939   0.0956   0.0973    0.099   0.1007   0.1024   0.1041   0.1058   0.1075   0.1092   0.1109   0.1126   0.1143    0.116   0.1177   0.1195   0.1212   0.1229   0.1246   0.1263    0.128   0.1297   0.1314   0.1331   0.1348   0.1365   0.1382   0.1399   0.1416   0.1433   0.1451   0.1468   0.1485   0.1502   0.1519   0.1536   0.1553    0.157   0.1587   0.1604   0.1621   0.1638   0.1655   0.1672   0.1689   0.1706   0.1724   0.1741   0.1758   0.1775   0.1792   0.1809   0.1826   0.1843    0.186   0.1877   0.1894   0.1911   0.1928   0.1945   0.1962    0.198   0.1997   0.2014   0.2031   0.2048   0.2065   0.2082   0.2099   0.2116   0.2133    0.215   0.2167   0.2184   0.2201   0.2218   0.2235   0.2253    0.227   0.2287   0.2304   0.2321   0.2338   0.2355   0.2372   0.2389   0.2406   0.2423    0.244   0.2457   0.2474   0.2491   0.2509   0.2526   0.2543    0.256   0.2577   0.2594   0.2611   0.2628   0.2645   0.2662   0.2679   0.2696   0.2713    0.273   0.2747   0.2765   0.2782   0.2799   0.2816   0.2833    0.285   0.2867   0.2884   0.2901   0.2918   0.2935   0.2952   0.2969   0.2986   0.3003    0.302   0.3038   0.3055   0.3072   0.3089   0.3106   0.3123    0.314   0.3157   0.3174   0.3191   0.3208   0.3225   0.3242   0.3259   0.3276   0.3294   0.3311   0.3328   0.3345   0.3362   0.3379   0.3396   0.3413    0.343   0.3447   0.3464   0.3481   0.3498   0.3515   0.3532   0.3549   0.3567   0.3584   0.3601   0.3618   0.3635   0.3652   0.3669   0.3686   0.3703    0.372   0.3737   0.3754   0.3771   0.3788   0.3805   0.3823    0.384   0.3857   0.3874   0.3891   0.3908   0.3925   0.3942   0.3959   0.3976   0.3993    0.401   0.4027   0.4044   0.4061   0.4078   0.4096   0.4113    0.413   0.4147   0.4164   0.4181   0.4198   0.4215   0.4232   0.4249   0.4266   0.4283     0.43   0.4317   0.4334   0.4352   0.4369   0.4386   0.4403    0.442   0.4437   0.4454   0.4471   0.4488   0.4505   0.4522   0.4539   0.4556   0.4573    0.459   0.4608   0.4625   0.4642   0.4659   0.4676   0.4693    0.471   0.4727   0.4744   0.4761   0.4778   0.4795   0.4812   0.4829   0.4846   0.4863   0.4881   0.4898   0.4915   0.4932   0.4949   0.4966   0.4983
    S      0.0   0.0484   0.0764   0.0777   0.5384   0.3278   0.1918   0.0804   0.0059   0.0774   0.1788   0.2639   0.1898   0.3068   0.0127      1.0   0.9198   0.0732   0.8074   0.1495   0.2578   0.0531   0.0169   0.3033   0.0446   0.4536   0.6886   0.8619   0.1578   0.0447   0.5786   0.0851   0.1621   0.0652   0.2715   0.0916   0.3203   0.1419   0.6987   0.5791   0.3881   0.0865    0.628     0.02   0.1613   0.2823   0.1248   0.0438   0.0074   0.1568    0.279   0.7304   0.0509   0.1452   0.0262     0.01    0.731    0.182   0.0286   0.0908   0.0846   0.0835   0.1058   0.0053   0.3728   0.0208    0.174   0.0471   0.1415   0.0718   0.0042   0.7578   0.5397   0.1301   0.0522   0.5126   0.5767    0.152   0.0395   0.0374    0.011   0.0382   0.0461   0.0127   0.0173   0.1044   0.0969   0.3184    0.219    0.014   0.1233   0.0226   0.0451   0.1635   0.1403   0.1976   0.1393   0.2358   0.0408   0.0933     0.06    0.186    0.791   0.2855   0.1275   0.1062   0.1026   0.1772   0.2812   0.0743   0.1724   0.1181   0.0478   0.0293   0.3125   0.0138   0.0934   0.1677   0.2438   0.0094   0.0633   0.1158   0.6451   0.4731   0.1175   0.1136   0.1283   0.2215   0.0623   0.0158   0.3448   0.0504   0.1797   0.0842   0.0187   0.0924   0.1666    0.118   0.1009   0.1123   0.0399   0.1046   0.3768   0.2277   0.2705   0.1222   0.6504   0.0558   0.1735    0.047   0.0532   0.0865    0.235   0.0207   0.0028   0.0333   0.2216   0.0605   0.1455   0.1368   0.1248   0.1367   0.0927   0.3332   0.7191   0.1398   0.0654   0.0151   0.0961   0.0872    0.077   0.0435   0.0843   0.4338    0.108   0.5033   0.5833   0.1176   0.0634   0.0892   0.1942   0.0041   0.3423   0.0257   0.0517   0.6183   0.0094   0.0913   0.4107   0.0461   0.0364   0.0668   0.2287   0.0074   0.1648   0.2081   0.2119   0.0371    0.006   0.1578   0.1794   0.1368   0.2215   0.2273   0.0078    0.066   0.0988    0.058   0.1373   0.0006   0.2223   0.1871   0.1461   0.0222   0.5529   0.0641   0.1377   0.1023   0.0093   0.0016    0.038   0.3146   0.0985     0.13   0.1895   0.4468    0.015   0.1831   0.0926   0.1162   0.0011   0.0007    0.369   0.1537   0.1641   0.0113    0.082   0.2394    0.115   0.0356   0.0636   0.4324   0.1669    0.162   0.1275   0.0766   0.1502   0.1168   0.0687   0.0324   0.0715   0.1461   0.1447    0.248   0.0041   0.0095    0.256   0.0736    0.007   0.4851   0.5056   0.0821   0.0492    0.265   0.1082   0.0011    0.266   0.1046   0.0735   0.0877   0.6585   0.0455   0.0087   0.0324   0.0035   0.2603   0.5807   0.1519   0.0682   0.1004   0.0809   0.1955   0.0107   0.1534   0.1707   0.0837   0.0968   0.0178   0.0461   0.6199   0.1058   0.0268   0.0462
  snr   -17.01
    H      5.2
 exon    False

M: tbpse
 freq      0.0   0.0017   0.0034   0.0051   0.0068   0.0085   0.0102   0.0119   0.0136   0.0153    0.017   0.0187   0.0204   0.0221   0.0239   0.0256   0.0273    0.029   0.0307   0.0324   0.0341   0.0358   0.0375   0.0392   0.0409   0.0426   0.0443    0.046   0.0477   0.0494   0.0511   0.0528   0.0545   0.0562   0.0579   0.0596   0.0613    0.063   0.0647   0.0664   0.0681   0.0698   0.0716   0.0733    0.075   0.0767   0.0784   0.0801   0.0818   0.0835   0.0852   0.0869   0.0886   0.0903    0.092   0.0937   0.0954   0.0971   0.0988   0.1005   0.1022   0.1039   0.1056   0.1073    0.109   0.1107   0.1124   0.1141   0.1158   0.1175   0.1193    0.121   0.1227   0.1244   0.1261   0.1278   0.1295   0.1312   0.1329   0.1346   0.1363    0.138   0.1397   0.1414   0.1431   0.1448   0.1465   0.1482   0.1499   0.1516   0.1533    0.155   0.1567   0.1584   0.1601   0.1618   0.1635   0.1652    0.167   0.1687   0.1704   0.1721   0.1738   0.1755   0.1772   0.1789   0.1806   0.1823    0.184   0.1857   0.1874   0.1891   0.1908   0.1925   0.1942   0.1959   0.1976   0.1993    0.201   0.2027   0.2044   0.2061   0.2078   0.2095   0.2112   0.2129   0.2147   0.2164   0.2181   0.2198   0.2215   0.2232   0.2249   0.2266   0.2283     0.23   0.2317   0.2334   0.2351   0.2368   0.2385   0.2402   0.2419   0.2436   0.2453    0.247   0.2487   0.2504   0.2521   0.2538   0.2555   0.2572   0.2589   0.2606   0.2624   0.2641   0.2658   0.2675   0.2692   0.2709   0.2726   0.2743    0.276   0.2777   0.2794   0.2811   0.2828   0.2845   0.2862   0.2879   0.2896   0.2913    0.293   0.2947   0.2964   0.2981   0.2998   0.3015   0.3032   0.3049   0.3066   0.3083   0.3101   0.3118   0.3135   0.3152   0.3169   0.3186   0.3203    0.322   0.3237   0.3254   0.3271   0.3288   0.3305   0.3322   0.3339   0.3356   0.3373    0.339   0.3407   0.3424   0.3441   0.3458   0.3475   0.3492   0.3509   0.3526   0.3543    0.356   0.3578   0.3595   0.3612   0.3629   0.3646   0.3663    0.368   0.3697   0.3714   0.3731   0.3748   0.3765   0.3782   0.3799   0.3816   0.3833    0.385   0.3867   0.3884   0.3901   0.3918   0.3935   0.3952   0.3969   0.3986   0.4003    0.402   0.4037   0.4055   0.4072   0.4089   0.4106   0.4123    0.414   0.4157   0.4174   0.4191   0.4208   0.4225   0.4242   0.4259   0.4276   0.4293    0.431   0.4327   0.4344   0.4361   0.4378   0.4395   0.4412   0.4429   0.4446   0.4463    0.448   0.4497   0.4514   0.4532   0.4549   0.4566   0.4583     0.46   0.4617   0.4634   0.4651   0.4668   0.4685   0.4702   0.4719   0.4736   0.4753    0.477   0.4787   0.4804   0.4821   0.4838   0.4855   0.4872   0.4889   0.4906   0.4923    0.494   0.4957   0.4974   0.4991
    S      0.0   0.1208   0.0235   0.2877   0.6088   0.1722   0.2929   0.1587   0.1215   0.1793     0.16   0.3499   0.0186   0.2119   0.1435   0.8129   0.4606   0.0644   0.9154   0.3409   0.1273   0.1177   0.0922   0.1045   0.1599   0.4668   0.7698   0.7253    0.347   0.1537   0.8065   0.0532     0.27   0.0747   0.1136     0.12   0.3245   0.0487   0.7004   0.3774   0.3852   0.1129   0.5864   0.1447   0.2287   0.0732   0.0393   0.1354   0.0523   0.2196   0.2895   0.2632   0.1327   0.0527   0.0833   0.0724   0.4228    0.212   0.2889   0.0641    0.155   0.0396   0.1127   0.0236   0.7712   0.3075   0.1692   0.0348   0.1935    0.111   0.0306   0.9045   0.6319   0.4099   0.0618   0.2868   0.5249   0.2149   0.0363   0.1993   0.0588   0.1193   0.1137   0.0284    0.026     0.04   0.7504   0.3321   0.2204   0.1602   0.2741    0.112    0.226   0.2557   0.1719   0.2432    0.231   0.1582   0.0348   0.1741   0.1492    0.282   0.2601   0.3072   0.0336   0.2941   0.0922    0.182   0.1908   0.3738   0.0569   0.0605   0.5559   0.2143   0.1793   0.0427   0.1172    0.427   0.0292   0.2397   0.2354   0.0524   0.9258   0.6624     0.19   0.0991   0.2624   0.1191   0.1763   0.0384    0.298   0.2142   0.2738   0.2194     0.36   0.2298   0.1948   0.2872   0.1722   0.1815   0.0686   0.2346   0.2119   0.2059   0.3633   0.1056   0.7211   0.0208   0.0689   0.2131   0.1973   0.1284   0.3845   0.0614   0.0388    0.171   0.1865    0.221    0.187   0.1061   0.3467   0.2559   0.0878   0.2911      1.0   0.2902   0.1326   0.0578   0.0646   0.1569   0.0303   0.2078   0.0486   0.0895    0.626   0.6551   0.2847   0.4896   0.2439   0.1932   0.1071   0.1512   0.1435   0.2099   0.0786   0.4381   0.0955   0.0287   0.0795   0.1899   0.4343   0.2569   0.2134   0.0985   0.1014   0.5186   0.4307   0.1203   0.0882    0.154   0.2355   0.0558     0.18    0.086   0.0808   0.1783   0.0661   0.0461   0.0811   0.2106   0.2956   0.0996   0.0289   0.2087   0.3525   0.0383   0.2992    0.119   0.3965    0.167    0.295   0.1666   0.0527   0.1904   0.2459   0.0403   0.2078   0.0713   0.1716   0.1401   0.0319   0.0622   0.4179   0.1382   0.1513   0.2014   0.1155   0.0646   0.4396   0.0267   0.0715    0.439   0.2376   0.2319    0.418    0.071   0.2027   0.1285   0.1834   0.2687   0.0231    0.123   0.4806   0.1317   0.0674   0.1791   0.2759   0.4401   0.0088   0.1488     0.13   0.0941   0.1896   0.1073   0.2006   0.1537   0.4016    0.119   0.0976   0.2964   0.5595   0.1672   0.3804    0.081   0.0554   0.6958   0.3362   0.1523    0.003   0.1507   0.1735   0.0863   0.1252   0.1135   0.3846   0.0198   0.2766   0.2175   0.1815   0.1762   0.3727   0.0494   0.2686   0.0237
  snr   -18.01
    H     5.38
 exon    False

M: snrse
 freq      0.0   0.0017   0.0034   0.0051   0.0068   0.0085   0.0102   0.0119   0.0136   0.0153    0.017   0.0187   0.0204   0.0221   0.0239   0.0256   0.0273    0.029   0.0307   0.0324   0.0341   0.0358   0.0375   0.0392   0.0409   0.0426   0.0443    0.046   0.0477   0.0494   0.0511   0.0528   0.0545   0.0562   0.0579   0.0596   0.0613    0.063   0.0647   0.0664   0.0681   0.0698   0.0716   0.0733    0.075   0.0767   0.0784   0.0801   0.0818   0.0835   0.0852   0.0869   0.0886   0.0903    0.092   0.0937   0.0954   0.0971   0.0988   0.1005   0.1022   0.1039   0.1056   0.1073    0.109   0.1107   0.1124   0.1141   0.1158   0.1175   0.1193    0.121   0.1227   0.1244   0.1261   0.1278   0.1295   0.1312   0.1329   0.1346   0.1363    0.138   0.1397   0.1414   0.1431   0.1448   0.1465   0.1482   0.1499   0.1516   0.1533    0.155   0.1567   0.1584   0.1601   0.1618   0.1635   0.1652    0.167   0.1687   0.1704   0.1721   0.1738   0.1755   0.1772   0.1789   0.1806   0.1823    0.184   0.1857   0.1874   0.1891   0.1908   0.1925   0.1942   0.1959   0.1976   0.1993    0.201   0.2027   0.2044   0.2061   0.2078   0.2095   0.2112   0.2129   0.2147   0.2164   0.2181   0.2198   0.2215   0.2232   0.2249   0.2266   0.2283     0.23   0.2317   0.2334   0.2351   0.2368   0.2385   0.2402   0.2419   0.2436   0.2453    0.247   0.2487   0.2504   0.2521   0.2538   0.2555   0.2572   0.2589   0.2606   0.2624   0.2641   0.2658   0.2675   0.2692   0.2709   0.2726   0.2743    0.276   0.2777   0.2794   0.2811   0.2828   0.2845   0.2862   0.2879   0.2896   0.2913    0.293   0.2947   0.2964   0.2981   0.2998   0.3015   0.3032   0.3049   0.3066   0.3083   0.3101   0.3118   0.3135   0.3152   0.3169   0.3186   0.3203    0.322   0.3237   0.3254   0.3271   0.3288   0.3305   0.3322   0.3339   0.3356   0.3373    0.339   0.3407   0.3424   0.3441   0.3458   0.3475   0.3492   0.3509   0.3526   0.3543    0.356   0.3578   0.3595   0.3612   0.3629   0.3646   0.3663    0.368   0.3697   0.3714   0.3731   0.3748   0.3765   0.3782   0.3799   0.3816   0.3833    0.385   0.3867   0.3884   0.3901   0.3918   0.3935   0.3952   0.3969   0.3986   0.4003    0.402   0.4037   0.4055   0.4072   0.4089   0.4106   0.4123    0.414   0.4157   0.4174   0.4191   0.4208   0.4225   0.4242   0.4259   0.4276   0.4293    0.431   0.4327   0.4344   0.4361   0.4378   0.4395   0.4412   0.4429   0.4446   0.4463    0.448   0.4497   0.4514   0.4532   0.4549   0.4566   0.4583     0.46   0.4617   0.4634   0.4651   0.4668   0.4685   0.4702   0.4719   0.4736   0.4753    0.477   0.4787   0.4804   0.4821   0.4838   0.4855   0.4872   0.4889   0.4906   0.4923    0.494   0.4957   0.4974   0.4991
    S      0.0   0.0827   0.0493   0.1132   0.2631   0.0064   0.2194   0.0218   0.0102   0.1127   0.1087      0.0   0.0597   0.2001   0.1516   0.2972   0.0727   0.0817   0.3477   0.0071   0.1792    0.109   0.0567   0.1407   0.0618    0.224   0.4811   0.4342   0.0044   0.1182      1.0   0.0195   0.1427   0.1512   0.1234   0.0334   0.0161   0.0116   0.3414   0.2153   0.2312   0.0605   0.2652   0.2221   0.1065   0.0288   0.0772   0.1541   0.0208   0.0905   0.1255   0.0504   0.1166   0.0108   0.0372   0.0182   0.0807   0.1468   0.3865   0.0968   0.0204   0.0502   0.0061   0.0253   0.3716   0.1641   0.0755   0.0416   0.0214   0.0682   0.0556   0.1549   0.0815    0.297   0.0376   0.0278   0.0685   0.1217   0.0671   0.1582   0.0978   0.1347   0.0092   0.0336   0.0336   0.0062   0.3743   0.1525   0.0457   0.1082   0.1187   0.1133   0.1957   0.0466   0.0469   0.0595   0.0577   0.2805   0.0349   0.2614   0.0152   0.3033   0.1938   0.1932    0.003   0.2289   0.0804   0.0138   0.0013   0.1611   0.0191   0.0003   0.0171   0.1006   0.0746   0.0148   0.0584   0.4242   0.0086   0.1339   0.0149   0.0658   0.1141   0.1023   0.0672   0.0188   0.0383   0.0015   0.0961   0.0255   0.2751   0.0111   0.1297   0.0602   0.3994   0.2989   0.1681   0.0844   0.1252   0.0461   0.0352   0.2911   0.3482   0.0808   0.0218    0.101   0.0508   0.0591   0.1208    0.138   0.0104   0.1425   0.1228   0.0882   0.0403   0.2894   0.0676   0.0108   0.0039   0.0022    0.026   0.0584   0.0486   0.0428   0.0088   0.0968   0.1105   0.0751   0.0782   0.0144   0.0388   0.0353    0.018   0.1776    0.369   0.1409   0.1111   0.0794   0.0209   0.0208   0.0567   0.2119   0.0495   0.0016   0.0479   0.3822   0.0391   0.0116   0.0797   0.0012   0.5786   0.1448   0.0936   0.0005   0.1584   0.0958   0.1824   0.1068   0.0616   0.1107   0.1282   0.1103    0.007   0.0004   0.1718   0.0157   0.0216   0.0566   0.1248   0.2649   0.0142    0.012    0.029   0.0086   0.1774   0.0236   0.1329   0.0959   0.1407   0.1628   0.1957   0.0496   0.0043   0.0624    0.045   0.0129   0.0601   0.0542   0.0229    0.098   0.0064   0.0259   0.1102   0.2587   0.2106   0.0186   0.0854   0.0402   0.1009   0.0184    0.056   0.1291   0.0881   0.0494   0.0143    0.094   0.1963   0.0717   0.2493    0.173   0.0335   0.0432    0.057   0.0607   0.0054   0.0642   0.0759   0.3601   0.0031   0.0293   0.0071    0.063   0.2137    0.007   0.1039   0.0396   0.0514   0.0046   0.0423   0.3424   0.1196   0.0061   0.1776   0.0096   0.1164   0.1184   0.2597   0.0563   0.0001   0.0093   0.0821   0.0436   0.0285   0.0085   0.0843   0.0247   0.0578    0.015   0.0511   0.0342   0.1274   0.0757   0.0187   0.0515
  snr   -14.65
    H     5.21
 exon    False