>data-XV-cerevisiae-intergenic-459
N: 271
Methods: voss, eiip, qpsk, mem, alg1, alg2

M: voss
 freq      0.0   0.0037   0.0074   0.0111   0.0148   0.0185   0.0221   0.0258   0.0295   0.0332   0.0369   0.0406   0.0443    0.048   0.0517   0.0554    0.059   0.0627   0.0664   0.0701   0.0738   0.0775   0.0812   0.0849   0.0886   0.0923   0.0959   0.0996   0.1033    0.107   0.1107   0.1144   0.1181   0.1218   0.1255   0.1292   0.1328   0.1365   0.1402   0.1439   0.1476   0.1513    0.155   0.1587   0.1624   0.1661   0.1697   0.1734   0.1771   0.1808   0.1845   0.1882   0.1919   0.1956   0.1993    0.203   0.2066   0.2103    0.214   0.2177   0.2214   0.2251   0.2288   0.2325   0.2362   0.2399   0.2435   0.2472   0.2509   0.2546   0.2583    0.262   0.2657   0.2694   0.2731   0.2768   0.2804   0.2841   0.2878   0.2915   0.2952   0.2989   0.3026   0.3063     0.31   0.3137   0.3173    0.321   0.3247   0.3284   0.3321   0.3358   0.3395   0.3432   0.3469   0.3506   0.3542   0.3579   0.3616   0.3653    0.369   0.3727   0.3764   0.3801   0.3838   0.3875   0.3911   0.3948   0.3985   0.4022   0.4059   0.4096   0.4133    0.417   0.4207   0.4244    0.428   0.4317   0.4354   0.4391   0.4428   0.4465   0.4502   0.4539   0.4576   0.4613   0.4649   0.4686   0.4723    0.476   0.4797   0.4834   0.4871   0.4908   0.4945   0.4982
    S      0.0      1.0   0.7853   0.8301   0.6876   0.6431   0.1051   0.2162   0.0677   0.2906   0.2923    0.196   0.3388   0.0644   0.1949   0.4096   0.2198   0.2741   0.1199   0.3352   0.2339   0.0578   0.3444   0.1716    0.105   0.3408   0.2158   0.3031   0.4968   0.3361   0.4013   0.0679   0.0474   0.2699   0.1433   0.1358   0.0932   0.2258   0.1453   0.2506   0.3544   0.1682   0.4119   0.5173    0.139   0.5451   0.3763   0.1398   0.2374   0.5839   0.0702   0.0551   0.4894   0.0892   0.1958   0.0296   0.0524   0.6345   0.1123   0.1035   0.0321   0.2436   0.4628    0.563   0.1384   0.3271   0.2129   0.1875   0.3476   0.3381   0.2245   0.0899   0.0768    0.376   0.1687     0.22   0.2969   0.3098   0.3743      0.1   0.2327   0.3705   0.4397   0.0625   0.2438     0.19    0.325   0.1758   0.3811   0.1264   0.1833   0.0712   0.2236   0.1278   0.5802   0.1265   0.2574   0.0917    0.188   0.2029   0.1586   0.2136   0.3875   0.0819   0.1959   0.3836   0.5506   0.4734   0.1981   0.0877   0.1397   0.0539     0.09   0.1629   0.2453   0.1567   0.1307   0.2526   0.1398   0.2554   0.2152   0.1315   0.2807   0.2195   0.3094    0.177   0.1752   0.2448   0.1177   0.2029   0.1068   0.2308   0.1465   0.2574    0.356   0.0995
  snr    -15.2
    H      4.7
 exon    False

M: eiip
 freq      0.0   0.0037   0.0074   0.0111   0.0148   0.0185   0.0221   0.0258   0.0295   0.0332   0.0369   0.0406   0.0443    0.048   0.0517   0.0554    0.059   0.0627   0.0664   0.0701   0.0738   0.0775   0.0812   0.0849   0.0886   0.0923   0.0959   0.0996   0.1033    0.107   0.1107   0.1144   0.1181   0.1218   0.1255   0.1292   0.1328   0.1365   0.1402   0.1439   0.1476   0.1513    0.155   0.1587   0.1624   0.1661   0.1697   0.1734   0.1771   0.1808   0.1845   0.1882   0.1919   0.1956   0.1993    0.203   0.2066   0.2103    0.214   0.2177   0.2214   0.2251   0.2288   0.2325   0.2362   0.2399   0.2435   0.2472   0.2509   0.2546   0.2583    0.262   0.2657   0.2694   0.2731   0.2768   0.2804   0.2841   0.2878   0.2915   0.2952   0.2989   0.3026   0.3063     0.31   0.3137   0.3173    0.321   0.3247   0.3284   0.3321   0.3358   0.3395   0.3432   0.3469   0.3506   0.3542   0.3579   0.3616   0.3653    0.369   0.3727   0.3764   0.3801   0.3838   0.3875   0.3911   0.3948   0.3985   0.4022   0.4059   0.4096   0.4133    0.417   0.4207   0.4244    0.428   0.4317   0.4354   0.4391   0.4428   0.4465   0.4502   0.4539   0.4576   0.4613   0.4649   0.4686   0.4723    0.476   0.4797   0.4834   0.4871   0.4908   0.4945   0.4982
    S      0.0   0.0455   0.2147   0.3717   0.1631   0.3012    0.139    0.438   0.0599   0.1085   0.1355   0.2384   0.1012   0.0078   0.0494   0.0281    0.071   0.1031   0.1339   0.4811   0.1274   0.0238   0.0498   0.2628   0.1043   0.3356   0.1759   0.0924   0.0632   0.0271   0.1714   0.0042   0.0552   0.5872   0.0672   0.0528   0.0831   0.1498   0.0454   0.4902   0.0894   0.0115   0.0967   0.1996   0.0114   0.0876   0.0569   0.1103    0.004   0.2256   0.1003   0.0492   0.3469   0.1145   0.2488   0.0169    0.079   0.3496   0.2167   0.0304   0.0039   0.2429   0.1371      1.0   0.1183   0.3117   0.3706   0.2713   0.0983    0.169   0.2204   0.0378   0.0197   0.1337    0.019   0.4535   0.0853   0.2652   0.2338    0.085   0.0195   0.2202   0.1291   0.0161   0.2048   0.2015   0.1964   0.1184   0.4399   0.1141   0.0816   0.0078   0.1285   0.2748   0.0325   0.1802   0.4155   0.0304   0.0527   0.3217   0.0238   0.0988   0.2955   0.1391   0.0658   0.3982   0.0892   0.5092   0.2789   0.0974   0.0878   0.0724   0.0416   0.2184    0.357   0.2151   0.0945   0.0484   0.1056   0.0705   0.0038   0.0791   0.0176   0.0632   0.2699   0.0463    0.173   0.2802   0.0352    0.196   0.1422   0.1022   0.2185   0.1499   0.1222   0.0095
  snr   -13.07
    H     4.54
 exon    False

M: qpsk
 freq      0.0   0.0037   0.0074   0.0111   0.0148   0.0185   0.0221   0.0258   0.0295   0.0332   0.0369   0.0406   0.0443    0.048   0.0517   0.0554    0.059   0.0627   0.0664   0.0701   0.0738   0.0775   0.0812   0.0849   0.0886   0.0923   0.0959   0.0996   0.1033    0.107   0.1107   0.1144   0.1181   0.1218   0.1255   0.1292   0.1328   0.1365   0.1402   0.1439   0.1476   0.1513    0.155   0.1587   0.1624   0.1661   0.1697   0.1734   0.1771   0.1808   0.1845   0.1882   0.1919   0.1956   0.1993    0.203   0.2066   0.2103    0.214   0.2177   0.2214   0.2251   0.2288   0.2325   0.2362   0.2399   0.2435   0.2472   0.2509   0.2546   0.2583    0.262   0.2657   0.2694   0.2731   0.2768   0.2804   0.2841   0.2878   0.2915   0.2952   0.2989   0.3026   0.3063     0.31   0.3137   0.3173    0.321   0.3247   0.3284   0.3321   0.3358   0.3395   0.3432   0.3469   0.3506   0.3542   0.3579   0.3616   0.3653    0.369   0.3727   0.3764   0.3801   0.3838   0.3875   0.3911   0.3948   0.3985   0.4022   0.4059   0.4096   0.4133    0.417   0.4207   0.4244    0.428   0.4317   0.4354   0.4391   0.4428   0.4465   0.4502   0.4539   0.4576   0.4613   0.4649   0.4686   0.4723    0.476   0.4797   0.4834   0.4871   0.4908   0.4945   0.4982
    S      0.0   0.8332   0.9033      1.0   0.8968   0.8548   0.1927    0.279   0.1166   0.3555   0.2932   0.2884   0.5243   0.0597   0.2373   0.7654    0.269   0.0976   0.1612     0.49   0.4355   0.1028   0.3603   0.1733   0.1886    0.614   0.1542   0.3027   0.2033   0.6286   0.3076   0.0855   0.0677   0.4173   0.1581   0.1383    0.152   0.2408   0.0943   0.1441    0.563   0.0918   0.7177   0.4271   0.0633   0.8526   0.2901   0.1917   0.4379   0.3054   0.1046   0.0937   0.2955   0.1473   0.2647   0.0407   0.0889   0.4858   0.1721   0.1416   0.0446   0.2394    0.586    0.767   0.2285   0.6018   0.3959   0.2146   0.6142   0.5075   0.3991   0.1128   0.0307   0.6757   0.2505   0.1447   0.3768   0.5802   0.5806   0.0534   0.2276   0.4715   0.6795   0.0631    0.075   0.2801   0.4837   0.2607   0.4043    0.208   0.2906   0.0984   0.2838   0.2127   0.4304   0.1967   0.3789   0.1712   0.3439    0.316   0.2373   0.2064   0.6745   0.1104   0.2527   0.4328   0.9539   0.8482   0.2578   0.1022   0.1946   0.0112   0.1174   0.2348   0.3574   0.2566   0.1468   0.3221   0.1212   0.2524   0.3238   0.1934   0.2117   0.2083   0.1084   0.1391   0.0813    0.433   0.0237   0.3142   0.0379   0.3945   0.2244   0.1939   0.0286   0.1845
  snr   -16.11
    H     4.65
 exon    False

M: mem
 freq      0.0   0.0037   0.0074   0.0111   0.0148   0.0185   0.0222   0.0259   0.0296   0.0333    0.037   0.0407   0.0444   0.0481   0.0519   0.0556   0.0593    0.063   0.0667   0.0704   0.0741   0.0778   0.0815   0.0852   0.0889   0.0926   0.0963      0.1   0.1037   0.1074   0.1111   0.1148   0.1185   0.1222   0.1259   0.1296   0.1333    0.137   0.1407   0.1444   0.1481   0.1519   0.1556   0.1593    0.163   0.1667   0.1704   0.1741   0.1778   0.1815   0.1852   0.1889   0.1926   0.1963      0.2   0.2037   0.2074   0.2111   0.2148   0.2185   0.2222   0.2259   0.2296   0.2333    0.237   0.2407   0.2444   0.2481   0.2519   0.2556   0.2593    0.263   0.2667   0.2704   0.2741   0.2778   0.2815   0.2852   0.2889   0.2926   0.2963      0.3   0.3037   0.3074   0.3111   0.3148   0.3185   0.3222   0.3259   0.3296   0.3333    0.337   0.3407   0.3444   0.3481   0.3519   0.3556   0.3593    0.363   0.3667   0.3704   0.3741   0.3778   0.3815   0.3852   0.3889   0.3926   0.3963      0.4   0.4037   0.4074   0.4111   0.4148   0.4185   0.4222   0.4259   0.4296   0.4333    0.437   0.4407   0.4444   0.4481   0.4519   0.4556   0.4593    0.463   0.4667   0.4704   0.4741   0.4778   0.4815   0.4852   0.4889   0.4926   0.4963
    S      0.0   0.2612   0.3004   0.4188   0.1914   0.2898   0.0952   0.2061    0.069   0.0117   0.0247    0.185    0.017   0.0214   0.1124   0.2504   0.0431   0.0138    0.137   0.1425   0.2106   0.0414   0.1951   0.0189   0.0009   0.2324   0.1245   0.1206   0.0177   0.1816    0.046   0.0175   0.0886   0.2529   0.0129   0.0924   0.0113   0.1586     0.02   0.2473   0.0279   0.0259   0.0275    0.129   0.0168   0.1348   0.0212   0.0456   0.0849   0.0335   0.0861    0.042   0.0678   0.1257   0.1447   0.0379   0.0014   0.0137   0.0937   0.0618   0.0084    0.026   0.4873   0.6158   0.0364   0.4148   0.2389   0.0677   0.0299   0.0502    0.124   0.0145   0.0029   0.0271   0.1039   0.0425   0.3181   0.2781   0.1945   0.1325   0.0266   0.0051   0.0126   0.0203   0.1381   0.0907   0.3046   0.1239   0.2807   0.0271   0.0531   0.0411   0.0273   0.0902    0.049   0.0009   0.0885   0.0112   0.0541    0.139   0.2401   0.0422     0.07     0.22   0.0234    0.413   0.0422      1.0   0.0204   0.1846    0.241   0.1204   0.1743   0.0071   0.1329   0.1771   0.0054   0.0209   0.0063   0.1408   0.0028   0.0674   0.0219   0.0108   0.1417   0.1741   0.0969   0.1526   0.1673   0.0748   0.0671   0.0694   0.0496   0.0326   0.0017
  snr   -11.56
    H     4.38
 exon    False

M: alg1
 freq      0.0   0.0037   0.0074   0.0111   0.0148   0.0185   0.0221   0.0258   0.0295   0.0332   0.0369   0.0406   0.0443    0.048   0.0517   0.0554    0.059   0.0627   0.0664   0.0701   0.0738   0.0775   0.0812   0.0849   0.0886   0.0923   0.0959   0.0996   0.1033    0.107   0.1107   0.1144   0.1181   0.1218   0.1255   0.1292   0.1328   0.1365   0.1402   0.1439   0.1476   0.1513    0.155   0.1587   0.1624   0.1661   0.1697   0.1734   0.1771   0.1808   0.1845   0.1882   0.1919   0.1956   0.1993    0.203   0.2066   0.2103    0.214   0.2177   0.2214   0.2251   0.2288   0.2325   0.2362   0.2399   0.2435   0.2472   0.2509   0.2546   0.2583    0.262   0.2657   0.2694   0.2731   0.2768   0.2804   0.2841   0.2878   0.2915   0.2952   0.2989   0.3026   0.3063     0.31   0.3137   0.3173    0.321   0.3247   0.3284   0.3321   0.3358   0.3395   0.3432   0.3469   0.3506   0.3542   0.3579   0.3616   0.3653    0.369   0.3727   0.3764   0.3801   0.3838   0.3875   0.3911   0.3948   0.3985   0.4022   0.4059   0.4096   0.4133    0.417   0.4207   0.4244    0.428   0.4317   0.4354   0.4391   0.4428   0.4465   0.4502   0.4539   0.4576   0.4613   0.4649   0.4686   0.4723    0.476   0.4797   0.4834   0.4871   0.4908   0.4945   0.4982
    S      0.0      1.0   0.6859   0.7615   0.3087   0.4513   0.1005   0.0887   0.0649   0.3418   0.3174   0.1344   0.3099   0.0686   0.2627   0.4882   0.0776   0.0922   0.0277   0.0935   0.2911   0.0801   0.4318   0.0795   0.0493   0.3414   0.0228   0.2448   0.4656   0.4034   0.3907   0.0941   0.0267   0.0902   0.1595   0.0729   0.0164   0.1736   0.0621   0.0413   0.3976   0.1476   0.3541   0.1822   0.1343   0.5406   0.4491   0.0735   0.2194   0.5459    0.032   0.0398   0.3946   0.0381   0.0545   0.0075   0.0193    0.494   0.0764   0.1062   0.0062   0.1352   0.6492   0.3049   0.1837   0.2716   0.2095   0.0703   0.2575   0.1095   0.0898   0.0441   0.0501   0.0974   0.1587   0.0571   0.3996   0.4149    0.345   0.0754   0.0097   0.1156   0.2518   0.0736   0.0284    0.133   0.1553   0.1326   0.1563   0.0716   0.2619   0.0863   0.1061   0.0573   0.1166   0.0457   0.1145   0.0776   0.0717   0.1691   0.2381   0.1551   0.3846   0.0337   0.2171   0.2074   0.7064   0.4785   0.1039   0.0397   0.1636   0.0099   0.0822   0.1491   0.2262   0.0759   0.0407   0.1995   0.0794   0.3149   0.2609     0.18   0.3372   0.2278   0.1442   0.1204   0.0938   0.3059   0.0148   0.2474   0.0415    0.044   0.1302   0.2515   0.1383   0.0663
  snr   -14.01
    H     4.55
 exon    False

M: alg2
 freq      0.0   0.0037   0.0074   0.0111   0.0148   0.0185   0.0221   0.0258   0.0295   0.0332   0.0369   0.0406   0.0443    0.048   0.0517   0.0554    0.059   0.0627   0.0664   0.0701   0.0738   0.0775   0.0812   0.0849   0.0886   0.0923   0.0959   0.0996   0.1033    0.107   0.1107   0.1144   0.1181   0.1218   0.1255   0.1292   0.1328   0.1365   0.1402   0.1439   0.1476   0.1513    0.155   0.1587   0.1624   0.1661   0.1697   0.1734   0.1771   0.1808   0.1845   0.1882   0.1919   0.1956   0.1993    0.203   0.2066   0.2103    0.214   0.2177   0.2214   0.2251   0.2288   0.2325   0.2362   0.2399   0.2435   0.2472   0.2509   0.2546   0.2583    0.262   0.2657   0.2694   0.2731   0.2768   0.2804   0.2841   0.2878   0.2915   0.2952   0.2989   0.3026   0.3063     0.31   0.3137   0.3173    0.321   0.3247   0.3284   0.3321   0.3358   0.3395   0.3432   0.3469   0.3506   0.3542   0.3579   0.3616   0.3653    0.369   0.3727   0.3764   0.3801   0.3838   0.3875   0.3911   0.3948   0.3985   0.4022   0.4059   0.4096   0.4133    0.417   0.4207   0.4244    0.428   0.4317   0.4354   0.4391   0.4428   0.4465   0.4502   0.4539   0.4576   0.4613   0.4649   0.4686   0.4723    0.476   0.4797   0.4834   0.4871   0.4908   0.4945   0.4982
    S      0.0      1.0   0.7131   0.7436   0.4322    0.528   0.0461   0.0028   0.0252   0.1078   0.1494   0.1193   0.0586   0.0634   0.1709   0.0583   0.1579    0.166   0.0207   0.1073   0.0523   0.0211   0.3311   0.0224   0.0037   0.1573   0.0717   0.2304   0.4407   0.0485   0.2575   0.0533   0.0021   0.0128    0.055   0.0417    0.021   0.0597   0.1026   0.0181   0.1116   0.1465   0.0317   0.3703   0.1279   0.1854   0.2725   0.0975   0.0167   0.3821   0.0086   0.0332   0.2562   0.0291   0.0146   0.0135     0.02   0.2538   0.0126   0.0818   0.0047   0.0748   0.3266   0.1495   0.0863   0.0465   0.0761   0.0103   0.0585   0.1345   0.0907   0.0617   0.0516   0.0409   0.0734   0.0217   0.2623    0.103   0.2768   0.0516   0.1064   0.0749   0.0984    0.034   0.1001   0.0051   0.1797   0.0384   0.0272   0.0285   0.0994    0.027   0.0679   0.0117   0.3991   0.0043   0.0043   0.0089   0.0081   0.0274   0.0831   0.0691    0.089   0.0071   0.1141   0.1113   0.2199   0.0955   0.0034   0.0406   0.1153   0.0161   0.0637   0.0538   0.0934   0.0029    0.009   0.1299     0.05   0.1754   0.0961   0.0815    0.254   0.1079   0.1733   0.0876   0.0919   0.1288   0.0704   0.1011    0.033   0.0453   0.0657   0.1259   0.2602   0.0033
  snr   -11.69
    H     4.35
 exon    False