>data-XV-cerevisiae-intergenic-132
N: 270
Methods: voss, eiip, qpsk, mem, tbpse, snrse

M: voss
 freq      0.0   0.0037   0.0074   0.0111   0.0148   0.0185   0.0222   0.0259   0.0296   0.0333    0.037   0.0407   0.0444   0.0481   0.0519   0.0556   0.0593    0.063   0.0667   0.0704   0.0741   0.0778   0.0815   0.0852   0.0889   0.0926   0.0963      0.1   0.1037   0.1074   0.1111   0.1148   0.1185   0.1222   0.1259   0.1296   0.1333    0.137   0.1407   0.1444   0.1481   0.1519   0.1556   0.1593    0.163   0.1667   0.1704   0.1741   0.1778   0.1815   0.1852   0.1889   0.1926   0.1963      0.2   0.2037   0.2074   0.2111   0.2148   0.2185   0.2222   0.2259   0.2296   0.2333    0.237   0.2407   0.2444   0.2481   0.2519   0.2556   0.2593    0.263   0.2667   0.2704   0.2741   0.2778   0.2815   0.2852   0.2889   0.2926   0.2963      0.3   0.3037   0.3074   0.3111   0.3148   0.3185   0.3222   0.3259   0.3296   0.3333    0.337   0.3407   0.3444   0.3481   0.3519   0.3556   0.3593    0.363   0.3667   0.3704   0.3741   0.3778   0.3815   0.3852   0.3889   0.3926   0.3963      0.4   0.4037   0.4074   0.4111   0.4148   0.4185   0.4222   0.4259   0.4296   0.4333    0.437   0.4407   0.4444   0.4481   0.4519   0.4556   0.4593    0.463   0.4667   0.4704   0.4741   0.4778   0.4815   0.4852   0.4889   0.4926   0.4963
    S      0.0   0.2772   0.3831   0.4469   0.0796   0.3384   0.5723   0.1584   0.0474   0.7179   0.1828   0.2987    0.166   0.1679   0.7883   0.1242   0.5174   0.5393   0.3319   0.5388   0.3937   0.0621    0.436   0.1316   0.0635   0.1001   0.2404   0.1219   0.0821   0.2845   0.2815   0.2537   0.2519    0.061   0.4999   0.2294   0.3285   0.4463    0.305   0.2352   0.1841   0.2585   0.2335    0.156    0.178   0.2408   0.1378   0.2981   0.2332    0.152   0.2036   0.1855    0.156   0.5894   0.1411   0.1168   0.3547   0.2228   0.3641   0.2919   0.1156   0.2728   0.2157   0.6422   0.4445     0.12   0.4929   0.1316   0.0507   0.7918   0.1693      1.0   0.1649    0.865   0.3513   0.2767   0.0791    0.203    0.056   0.1053   0.0954   0.3192    0.524   0.0796   0.3739   0.1651   0.2226   0.0965   0.2292   0.0904    0.175   0.2572    0.257   0.3242   0.2976   0.3294   0.3414   0.5942   0.3666   0.0422   0.2342    0.608   0.2996   0.0858   0.6493   0.3034   0.6153   0.2033   0.1445   0.1118   0.0576   0.0113   0.3541   0.2033   0.2492   0.6252   0.7169   0.4356   0.3006   0.3246    0.406   0.1292    0.197   0.3283   0.2421   0.0886   0.0913   0.1745    0.148   0.1639   0.5385   0.1112   0.3325   0.5491   0.4509
  snr   -15.73
    H     4.69
 exon    False

M: eiip
 freq      0.0   0.0037   0.0074   0.0111   0.0148   0.0185   0.0222   0.0259   0.0296   0.0333    0.037   0.0407   0.0444   0.0481   0.0519   0.0556   0.0593    0.063   0.0667   0.0704   0.0741   0.0778   0.0815   0.0852   0.0889   0.0926   0.0963      0.1   0.1037   0.1074   0.1111   0.1148   0.1185   0.1222   0.1259   0.1296   0.1333    0.137   0.1407   0.1444   0.1481   0.1519   0.1556   0.1593    0.163   0.1667   0.1704   0.1741   0.1778   0.1815   0.1852   0.1889   0.1926   0.1963      0.2   0.2037   0.2074   0.2111   0.2148   0.2185   0.2222   0.2259   0.2296   0.2333    0.237   0.2407   0.2444   0.2481   0.2519   0.2556   0.2593    0.263   0.2667   0.2704   0.2741   0.2778   0.2815   0.2852   0.2889   0.2926   0.2963      0.3   0.3037   0.3074   0.3111   0.3148   0.3185   0.3222   0.3259   0.3296   0.3333    0.337   0.3407   0.3444   0.3481   0.3519   0.3556   0.3593    0.363   0.3667   0.3704   0.3741   0.3778   0.3815   0.3852   0.3889   0.3926   0.3963      0.4   0.4037   0.4074   0.4111   0.4148   0.4185   0.4222   0.4259   0.4296   0.4333    0.437   0.4407   0.4444   0.4481   0.4519   0.4556   0.4593    0.463   0.4667   0.4704   0.4741   0.4778   0.4815   0.4852   0.4889   0.4926   0.4963
    S      0.0   0.0934   0.1427   0.2225   0.0269   0.2012   0.4559   0.3611   0.0274   0.2073   0.5847   0.0109   0.0101   0.4486   0.2717   0.2864   0.2073   0.2422   0.3365   0.0217    0.161   0.1108   0.0007   0.0908   0.0483   0.1413   0.2893   0.0578   0.2062   0.1058   0.5901   0.0981   0.1807   0.0397   0.6905    0.142   0.0104   0.1676   0.3961   0.0523   0.0614   0.1939   0.4343   0.1227    0.269   0.1137   0.0987   0.4531   0.0253   0.2237   0.1096   0.0577   0.0412   0.5034   0.2532   0.1499   0.5259    0.029   0.3174    0.213    0.098   0.1743   0.0349   0.0865      1.0   0.0592   0.1152    0.242   0.1089   0.2142   0.0638   0.5632   0.4518   0.5119   0.0264    0.187   0.0023   0.4039   0.0251   0.1049      0.0   0.3334   0.9394   0.0848   0.1671   0.0566   0.2954   0.0563   0.0779   0.1612   0.0606   0.5308   0.1764   0.3918   0.0637   0.3874   0.5225   0.4582   0.0605   0.0973   0.6449   0.0962   0.0746   0.2086    0.412   0.5965   0.8323   0.1579   0.0724   0.1552   0.1241   0.0146   0.0302   0.1382   0.0558   0.3116    0.121   0.0547   0.1317   0.1983   0.2138   0.1075   0.1198   0.2866   0.1654   0.0392   0.0232   0.2551   0.3891   0.5185   0.0892   0.0628   0.1735    0.373   0.5756
  snr    -14.5
    H     4.52
 exon    False

M: qpsk
 freq      0.0   0.0037   0.0074   0.0111   0.0148   0.0185   0.0222   0.0259   0.0296   0.0333    0.037   0.0407   0.0444   0.0481   0.0519   0.0556   0.0593    0.063   0.0667   0.0704   0.0741   0.0778   0.0815   0.0852   0.0889   0.0926   0.0963      0.1   0.1037   0.1074   0.1111   0.1148   0.1185   0.1222   0.1259   0.1296   0.1333    0.137   0.1407   0.1444   0.1481   0.1519   0.1556   0.1593    0.163   0.1667   0.1704   0.1741   0.1778   0.1815   0.1852   0.1889   0.1926   0.1963      0.2   0.2037   0.2074   0.2111   0.2148   0.2185   0.2222   0.2259   0.2296   0.2333    0.237   0.2407   0.2444   0.2481   0.2519   0.2556   0.2593    0.263   0.2667   0.2704   0.2741   0.2778   0.2815   0.2852   0.2889   0.2926   0.2963      0.3   0.3037   0.3074   0.3111   0.3148   0.3185   0.3222   0.3259   0.3296   0.3333    0.337   0.3407   0.3444   0.3481   0.3519   0.3556   0.3593    0.363   0.3667   0.3704   0.3741   0.3778   0.3815   0.3852   0.3889   0.3926   0.3963      0.4   0.4037   0.4074   0.4111   0.4148   0.4185   0.4222   0.4259   0.4296   0.4333    0.437   0.4407   0.4444   0.4481   0.4519   0.4556   0.4593    0.463   0.4667   0.4704   0.4741   0.4778   0.4815   0.4852   0.4889   0.4926   0.4963
    S      0.0   0.2066   0.4206   0.3748    0.055   0.4168   0.5225   0.1848   0.0583   0.5526     0.11    0.214   0.1424   0.1751   0.7238    0.084    0.502   0.6567   0.1908    0.623   0.1254   0.0259   0.2689   0.0469   0.0201   0.0916    0.203   0.1266   0.0366   0.0912   0.1692   0.2337   0.1298   0.0603   0.6069   0.2065   0.1427   0.3694   0.2598   0.2634   0.2312   0.0568   0.3007   0.1011   0.1736    0.192    0.036   0.3375   0.2659   0.1163   0.1728   0.1859   0.1767   0.6581   0.1685   0.1348   0.3924   0.1126   0.3213   0.3427   0.0655   0.3133   0.1066    0.734   0.3221   0.0837   0.2836   0.1623   0.0395   0.2627   0.1024    0.742   0.1842      1.0   0.1892   0.0807   0.0879   0.1147   0.0726   0.0591   0.1067   0.2711   0.3131   0.0707   0.3713   0.1975   0.2774   0.1118   0.2704   0.1023   0.0979    0.215   0.1651   0.2298   0.3756    0.379   0.4174   0.7588   0.4585    0.049   0.2795   0.3762   0.3117   0.0971   0.3297   0.3878   0.4766   0.1205   0.1116   0.1358   0.0702   0.0033    0.224   0.2192   0.1402    0.687   0.7785   0.2355    0.374   0.2669   0.1532   0.1385   0.2362   0.1688   0.2495   0.0949   0.0308   0.1474   0.0601   0.1461    0.459   0.0877   0.2018    0.244    0.545
  snr   -15.05
    H     4.63
 exon    False

M: mem
 freq      0.0   0.0037   0.0074   0.0111   0.0148   0.0185   0.0222   0.0259   0.0296   0.0333    0.037   0.0407   0.0444   0.0481   0.0519   0.0556   0.0593    0.063   0.0667   0.0704   0.0741   0.0778   0.0815   0.0852   0.0889   0.0926   0.0963      0.1   0.1037   0.1074   0.1111   0.1148   0.1185   0.1222   0.1259   0.1296   0.1333    0.137   0.1407   0.1444   0.1481   0.1519   0.1556   0.1593    0.163   0.1667   0.1704   0.1741   0.1778   0.1815   0.1852   0.1889   0.1926   0.1963      0.2   0.2037   0.2074   0.2111   0.2148   0.2185   0.2222   0.2259   0.2296   0.2333    0.237   0.2407   0.2444   0.2481   0.2519   0.2556   0.2593    0.263   0.2667   0.2704   0.2741   0.2778   0.2815   0.2852   0.2889   0.2926   0.2963      0.3   0.3037   0.3074   0.3111   0.3148   0.3185   0.3222   0.3259   0.3296   0.3333    0.337   0.3407   0.3444   0.3481   0.3519   0.3556   0.3593    0.363   0.3667   0.3704   0.3741   0.3778   0.3815   0.3852   0.3889   0.3926   0.3963      0.4   0.4037   0.4074   0.4111   0.4148   0.4185   0.4222   0.4259   0.4296   0.4333    0.437   0.4407   0.4444   0.4481   0.4519   0.4556   0.4593    0.463   0.4667   0.4704   0.4741   0.4778   0.4815   0.4852   0.4889   0.4926   0.4963
    S      0.0    0.152    0.513   0.2443   0.0894   0.4885    0.675   0.3674   0.0792   0.2871   0.2046   0.1931   0.0318   0.1948   0.0728    0.107   0.0197    0.791   0.2433   0.3059   0.0331   0.0153   0.0173   0.0255   0.0368   0.0898   0.3592    0.022   0.0397   0.0731   0.3633   0.0706   0.0508   0.0489   0.8367   0.2318    0.003    0.075   0.3816   0.1297   0.0964   0.0355   0.1666    0.017   0.1292   0.1029   0.0114   0.5865   0.0176   0.1953   0.2385   0.0813   0.2405   0.3161   0.1396     0.07   0.5212   0.0188   0.4421   0.0542   0.0683   0.0629    0.106   0.6366    0.543   0.0841   0.0024   0.2424   0.0658   0.0363   0.1294   0.8415   0.3845   0.3947     0.09   0.0221   0.0257   0.1633   0.0933   0.0653   0.0616   0.0909    0.053    0.098   0.0866   0.0413   0.4209   0.0156   0.2201   0.1365   0.1004   0.0795   0.0587   0.4249    0.068    0.408   0.7943      1.0   0.2369   0.0614   0.1678   0.5768   0.0393   0.1028   0.0722   0.3192   0.9135   0.0405   0.1333   0.0621   0.0662   0.0041     0.28   0.2451   0.1951   0.1972    0.751   0.3784    0.466   0.1533   0.2276   0.1468   0.1472   0.0703   0.3685   0.0406   0.0284   0.0362   0.0799   0.1617    0.084   0.0187    0.002   0.1987   0.2799
  snr   -14.15
    H     4.42
 exon    False

M: tbpse
 freq      0.0   0.0037   0.0074   0.0111   0.0148   0.0185   0.0222   0.0259   0.0296   0.0333    0.037   0.0407   0.0444   0.0481   0.0519   0.0556   0.0593    0.063   0.0667   0.0704   0.0741   0.0778   0.0815   0.0852   0.0889   0.0926   0.0963      0.1   0.1037   0.1074   0.1111   0.1148   0.1185   0.1222   0.1259   0.1296   0.1333    0.137   0.1407   0.1444   0.1481   0.1519   0.1556   0.1593    0.163   0.1667   0.1704   0.1741   0.1778   0.1815   0.1852   0.1889   0.1926   0.1963      0.2   0.2037   0.2074   0.2111   0.2148   0.2185   0.2222   0.2259   0.2296   0.2333    0.237   0.2407   0.2444   0.2481   0.2519   0.2556   0.2593    0.263   0.2667   0.2704   0.2741   0.2778   0.2815   0.2852   0.2889   0.2926   0.2963      0.3   0.3037   0.3074   0.3111   0.3148   0.3185   0.3222   0.3259   0.3296   0.3333    0.337   0.3407   0.3444   0.3481   0.3519   0.3556   0.3593    0.363   0.3667   0.3704   0.3741   0.3778   0.3815   0.3852   0.3889   0.3926   0.3963      0.4   0.4037   0.4074   0.4111   0.4148   0.4185   0.4222   0.4259   0.4296   0.4333    0.437   0.4407   0.4444   0.4481   0.4519   0.4556   0.4593    0.463   0.4667   0.4704   0.4741   0.4778   0.4815   0.4852   0.4889   0.4926   0.4963
    S      0.0    0.231   0.3583   0.2958   0.0877    0.254   0.3862   0.0756    0.041   0.6692   0.0959   0.3226   0.1398   0.0408   0.4894   0.0704   0.3333   0.4393   0.3349   0.4413   0.4174   0.0501   0.3915   0.1509   0.0709   0.0524   0.2111   0.0957   0.0589   0.3044   0.2306   0.1498   0.2646   0.0423   0.2945   0.1485   0.3353   0.3074   0.2636   0.1876   0.1146   0.2909   0.0271    0.154   0.0722   0.2438   0.1648   0.2187     0.15    0.126   0.1513   0.1725   0.1508   0.2508   0.0289   0.0592   0.1428   0.2251   0.3297   0.1106   0.1178   0.1351   0.2583    0.584   0.2697   0.1033   0.4637   0.0453   0.0351   0.8652   0.1756      1.0   0.0755   0.4345   0.3257   0.3133   0.0628   0.1479   0.0471   0.1061    0.084   0.1908   0.3843    0.066   0.2507   0.0968   0.1529   0.0654   0.1963   0.0344   0.1961   0.1338   0.2027   0.2767   0.1887    0.157    0.236   0.4628    0.291   0.0089   0.0164   0.6098   0.2149   0.0196   0.6927   0.0484   0.4883   0.1891   0.1283   0.0266   0.0131   0.0114   0.3574   0.1733   0.2663   0.3134   0.6211   0.5101   0.2475   0.2274   0.4615   0.0784   0.1132   0.3407   0.2262   0.0524   0.1114   0.1128   0.1043    0.043    0.373   0.0818   0.2939   0.5386   0.2097
  snr   -14.61
    H     4.61
 exon    False

M: snrse
 freq      0.0   0.0037   0.0074   0.0111   0.0148   0.0185   0.0222   0.0259   0.0296   0.0333    0.037   0.0407   0.0444   0.0481   0.0519   0.0556   0.0593    0.063   0.0667   0.0704   0.0741   0.0778   0.0815   0.0852   0.0889   0.0926   0.0963      0.1   0.1037   0.1074   0.1111   0.1148   0.1185   0.1222   0.1259   0.1296   0.1333    0.137   0.1407   0.1444   0.1481   0.1519   0.1556   0.1593    0.163   0.1667   0.1704   0.1741   0.1778   0.1815   0.1852   0.1889   0.1926   0.1963      0.2   0.2037   0.2074   0.2111   0.2148   0.2185   0.2222   0.2259   0.2296   0.2333    0.237   0.2407   0.2444   0.2481   0.2519   0.2556   0.2593    0.263   0.2667   0.2704   0.2741   0.2778   0.2815   0.2852   0.2889   0.2926   0.2963      0.3   0.3037   0.3074   0.3111   0.3148   0.3185   0.3222   0.3259   0.3296   0.3333    0.337   0.3407   0.3444   0.3481   0.3519   0.3556   0.3593    0.363   0.3667   0.3704   0.3741   0.3778   0.3815   0.3852   0.3889   0.3926   0.3963      0.4   0.4037   0.4074   0.4111   0.4148   0.4185   0.4222   0.4259   0.4296   0.4333    0.437   0.4407   0.4444   0.4481   0.4519   0.4556   0.4593    0.463   0.4667   0.4704   0.4741   0.4778   0.4815   0.4852   0.4889   0.4926   0.4963
    S      0.0   0.0187   0.2271   0.0811   0.0802   0.2538   0.0594   0.0062   0.0391   0.0123   0.1094   0.2587   0.0079   0.0875   0.1032   0.0843   0.1314   0.4368   0.1705   0.4375   0.2056   0.0484   0.0189   0.1601   0.0465   0.0488   0.0615   0.1714   0.0784   0.1219   0.0672   0.0109   0.2964   0.0024   0.0642   0.0243   0.0343    0.016   0.2772   0.0742   0.0858   0.0798    0.065   0.2772   0.0301   0.3902   0.2131   0.0225   0.0828    0.004   0.0504   0.2917    0.131   0.1402   0.0135   0.0656   0.0404   0.0144   0.0528   0.0487   0.1566   0.1455   0.2633   0.3982   0.2578   0.0763   0.1667   0.0025   0.0385   0.1085   0.0648   0.3539   0.0012   0.2924   0.0612   0.2498    0.033   0.0526   0.0376   0.0607   0.0765   0.0758   0.7693   0.0022   0.0559   0.0513   0.1032   0.1314   0.1487   0.0281   0.1428   0.2665   0.0366   0.0938   0.2214   0.0168   0.0854   0.2171   0.4018   0.0044   0.1564   0.3381   0.2218   0.0164      1.0   0.0846   0.2405   0.1101   0.1179   0.0178   0.0116   0.0035    0.212   0.0309   0.2191   0.0686   0.3999    0.471   0.2284   0.0017   0.2368   0.0628   0.1066   0.5381    0.165   0.0088   0.1163   0.1752   0.1244   0.1112   0.0081   0.0141    0.221   0.0678   0.4308
  snr   -12.46
    H     4.43
 exon    False