>data-XIV-cerevisiae-intergenic-327
N: 281
Methods: voss, eiip, qpsk, mem, tbpse, snrse

M: voss
 freq      0.0   0.0036   0.0071   0.0107   0.0142   0.0178   0.0214   0.0249   0.0285    0.032   0.0356   0.0391   0.0427   0.0463   0.0498   0.0534   0.0569   0.0605   0.0641   0.0676   0.0712   0.0747   0.0783   0.0819   0.0854    0.089   0.0925   0.0961   0.0996   0.1032   0.1068   0.1103   0.1139   0.1174    0.121   0.1246   0.1281   0.1317   0.1352   0.1388   0.1423   0.1459   0.1495    0.153   0.1566   0.1601   0.1637   0.1673   0.1708   0.1744   0.1779   0.1815   0.1851   0.1886   0.1922   0.1957   0.1993   0.2028   0.2064     0.21   0.2135   0.2171   0.2206   0.2242   0.2278   0.2313   0.2349   0.2384    0.242   0.2456   0.2491   0.2527   0.2562   0.2598   0.2633   0.2669   0.2705    0.274   0.2776   0.2811   0.2847   0.2883   0.2918   0.2954   0.2989   0.3025    0.306   0.3096   0.3132   0.3167   0.3203   0.3238   0.3274    0.331   0.3345   0.3381   0.3416   0.3452   0.3488   0.3523   0.3559   0.3594    0.363   0.3665   0.3701   0.3737   0.3772   0.3808   0.3843   0.3879   0.3915    0.395   0.3986   0.4021   0.4057   0.4093   0.4128   0.4164   0.4199   0.4235    0.427   0.4306   0.4342   0.4377   0.4413   0.4448   0.4484    0.452   0.4555   0.4591   0.4626   0.4662   0.4698   0.4733   0.4769   0.4804    0.484   0.4875   0.4911   0.4947   0.4982
    S      0.0      1.0   0.1801   0.6512    0.457   0.3116    0.518   0.0889   0.1576   0.1161   0.0818   0.4383   0.3758   0.2821    0.179   0.0768   0.4581   0.3639   0.2748   0.4385   0.1305   0.4973   0.1808   0.4035   0.4018   0.2126   0.2988   0.2806   0.1786   0.1603   0.2721   0.3399   0.4281   0.3281   0.3304   0.4433   0.2741   0.2506   0.3867   0.0854   0.1434   0.1946   0.1368   0.2119   0.6699   0.2739   0.2757   0.2699   0.2972   0.2279   0.3442   0.2392   0.2211   0.1959   0.8235   0.5891    0.409   0.1557   0.2645   0.1243   0.2766   0.2504   0.4724   0.3849   0.3686   0.0989   0.0639   0.3695   0.1732   0.3273   0.2363   0.1968   0.4013   0.2778   0.4813   0.3323   0.3723   0.4352   0.5034   0.4588   0.2437   0.5417   0.3138   0.4024   0.3722   0.2804    0.384   0.3203   0.5888   0.3785   0.0444   0.1507   0.3206   0.5186   0.1697   0.3374   0.1949   0.1664   0.3189   0.1912   0.1352   0.2077   0.5979   0.2409   0.3281    0.374   0.2325   0.1542   0.1278    0.535   0.2538   0.2514   0.2882   0.2832   0.2019   0.2575   0.2148   0.1732   0.3174   0.2856   0.2547   0.1862   0.5503   0.1672   0.5301   0.1805   0.2863   0.3735   0.2795   0.2573   0.0665   0.4465   0.0262    0.093   0.0495   0.3279   0.1086    0.781    0.058   0.6086   0.1852
  snr   -16.17
    H      4.8
 exon    False

M: eiip
 freq      0.0   0.0036   0.0071   0.0107   0.0142   0.0178   0.0214   0.0249   0.0285    0.032   0.0356   0.0391   0.0427   0.0463   0.0498   0.0534   0.0569   0.0605   0.0641   0.0676   0.0712   0.0747   0.0783   0.0819   0.0854    0.089   0.0925   0.0961   0.0996   0.1032   0.1068   0.1103   0.1139   0.1174    0.121   0.1246   0.1281   0.1317   0.1352   0.1388   0.1423   0.1459   0.1495    0.153   0.1566   0.1601   0.1637   0.1673   0.1708   0.1744   0.1779   0.1815   0.1851   0.1886   0.1922   0.1957   0.1993   0.2028   0.2064     0.21   0.2135   0.2171   0.2206   0.2242   0.2278   0.2313   0.2349   0.2384    0.242   0.2456   0.2491   0.2527   0.2562   0.2598   0.2633   0.2669   0.2705    0.274   0.2776   0.2811   0.2847   0.2883   0.2918   0.2954   0.2989   0.3025    0.306   0.3096   0.3132   0.3167   0.3203   0.3238   0.3274    0.331   0.3345   0.3381   0.3416   0.3452   0.3488   0.3523   0.3559   0.3594    0.363   0.3665   0.3701   0.3737   0.3772   0.3808   0.3843   0.3879   0.3915    0.395   0.3986   0.4021   0.4057   0.4093   0.4128   0.4164   0.4199   0.4235    0.427   0.4306   0.4342   0.4377   0.4413   0.4448   0.4484    0.452   0.4555   0.4591   0.4626   0.4662   0.4698   0.4733   0.4769   0.4804    0.484   0.4875   0.4911   0.4947   0.4982
    S      0.0   0.2656   0.0216    0.353   0.1419   0.3173   0.2285   0.0566    0.087     0.11    0.007   0.1446   0.2439   0.0055   0.0301   0.1738   0.1745   0.0974   0.1091   0.1062   0.0779   0.1908   0.0323    0.235   0.1906    0.033   0.0828   0.4499   0.0514   0.0615   0.1279   0.1744   0.0308   0.2579   0.1731    0.004   0.0226   0.0795   0.4407   0.0614   0.0189   0.0196   0.0323   0.0143   0.7537   0.0786   0.3251   0.0464   0.1034   0.2783   0.2907   0.1655   0.0946   0.0623   0.0778   0.0713    0.171    0.053   0.3399   0.0072   0.0866   0.1674   0.2587   0.2456   0.1374   0.0239   0.0007   0.2047    0.176   0.0897   0.2119   0.0442   0.1973   0.2456   0.0393   0.0925   0.1181   0.2759   0.3347   0.1097   0.0196   0.1476   0.0358   0.0141   0.0731   0.2001    0.541   0.0109   0.5338   0.6959   0.0164   0.0092   0.2336    0.233   0.0744   0.3922   0.0556     0.01   0.1712   0.0181   0.2498   0.0499     0.04   0.2653   0.1034   0.0789   0.1744   0.1149   0.0891   0.5169   0.1186   0.0317     0.15   0.0022   0.0145     0.26   0.0496    0.228   0.1002   0.4163   0.0763   0.2277   0.8124   0.1305   0.1687   0.2001    0.201   0.1739   0.3839   0.4343   0.0673   0.0112   0.0066   0.0886   0.0108   0.1346   0.0714   0.0805   0.0193      1.0   0.2588
  snr   -13.35
    H     4.51
 exon    False

M: qpsk
 freq      0.0   0.0036   0.0071   0.0107   0.0142   0.0178   0.0214   0.0249   0.0285    0.032   0.0356   0.0391   0.0427   0.0463   0.0498   0.0534   0.0569   0.0605   0.0641   0.0676   0.0712   0.0747   0.0783   0.0819   0.0854    0.089   0.0925   0.0961   0.0996   0.1032   0.1068   0.1103   0.1139   0.1174    0.121   0.1246   0.1281   0.1317   0.1352   0.1388   0.1423   0.1459   0.1495    0.153   0.1566   0.1601   0.1637   0.1673   0.1708   0.1744   0.1779   0.1815   0.1851   0.1886   0.1922   0.1957   0.1993   0.2028   0.2064     0.21   0.2135   0.2171   0.2206   0.2242   0.2278   0.2313   0.2349   0.2384    0.242   0.2456   0.2491   0.2527   0.2562   0.2598   0.2633   0.2669   0.2705    0.274   0.2776   0.2811   0.2847   0.2883   0.2918   0.2954   0.2989   0.3025    0.306   0.3096   0.3132   0.3167   0.3203   0.3238   0.3274    0.331   0.3345   0.3381   0.3416   0.3452   0.3488   0.3523   0.3559   0.3594    0.363   0.3665   0.3701   0.3737   0.3772   0.3808   0.3843   0.3879   0.3915    0.395   0.3986   0.4021   0.4057   0.4093   0.4128   0.4164   0.4199   0.4235    0.427   0.4306   0.4342   0.4377   0.4413   0.4448   0.4484    0.452   0.4555   0.4591   0.4626   0.4662   0.4698   0.4733   0.4769   0.4804    0.484   0.4875   0.4911   0.4947   0.4982
    S      0.0      1.0   0.1872    0.797   0.5527   0.4068   0.6186   0.0255   0.2006   0.1263   0.0836   0.4843   0.2643   0.2762   0.1426   0.0785   0.3967    0.371   0.3604   0.3532   0.0946   0.5484   0.0905   0.1918    0.378    0.075   0.2109   0.0996   0.2205   0.0833   0.2068   0.3979   0.5676   0.3846   0.3292   0.1809   0.2435   0.2675   0.4964   0.0644    0.089   0.2166   0.1781   0.1179   0.2083   0.2823   0.2595    0.158   0.1738   0.2553   0.3343   0.3038   0.0908    0.079   0.4661   0.5093   0.4612     0.15   0.1223   0.1362   0.2844   0.2801   0.2192   0.4218   0.1753   0.0852   0.0322   0.4298   0.1845   0.3378   0.1057   0.0828   0.4588   0.3614   0.3875   0.3057   0.3507   0.5122   0.2886   0.4321   0.1546   0.4507   0.4044   0.4137   0.3712    0.267   0.4839   0.2974   0.4299   0.3667   0.0036   0.1563   0.1457   0.6004   0.0785   0.4187   0.2348   0.1308   0.2917   0.2097   0.1233   0.2316   0.2621   0.1592   0.4041   0.1974   0.0101   0.0759   0.1387    0.306   0.0634    0.108   0.3365   0.2204   0.1172   0.3055   0.2051   0.2274   0.3084   0.2745    0.259    0.064   0.7191    0.079   0.1809   0.1173   0.2971   0.3723    0.135   0.2916   0.0604    0.189   0.0199   0.0607   0.0085   0.3054   0.0696   0.6459   0.0329    0.673   0.2278
  snr   -15.56
    H     4.73
 exon    False

M: mem
 freq      0.0   0.0036   0.0071   0.0107   0.0143   0.0179   0.0214    0.025   0.0286   0.0321   0.0357   0.0393   0.0429   0.0464     0.05   0.0536   0.0571   0.0607   0.0643   0.0679   0.0714    0.075   0.0786   0.0821   0.0857   0.0893   0.0929   0.0964      0.1   0.1036   0.1071   0.1107   0.1143   0.1179   0.1214    0.125   0.1286   0.1321   0.1357   0.1393   0.1429   0.1464     0.15   0.1536   0.1571   0.1607   0.1643   0.1679   0.1714    0.175   0.1786   0.1821   0.1857   0.1893   0.1929   0.1964      0.2   0.2036   0.2071   0.2107   0.2143   0.2179   0.2214    0.225   0.2286   0.2321   0.2357   0.2393   0.2429   0.2464     0.25   0.2536   0.2571   0.2607   0.2643   0.2679   0.2714    0.275   0.2786   0.2821   0.2857   0.2893   0.2929   0.2964      0.3   0.3036   0.3071   0.3107   0.3143   0.3179   0.3214    0.325   0.3286   0.3321   0.3357   0.3393   0.3429   0.3464     0.35   0.3536   0.3571   0.3607   0.3643   0.3679   0.3714    0.375   0.3786   0.3821   0.3857   0.3893   0.3929   0.3964      0.4   0.4036   0.4071   0.4107   0.4143   0.4179   0.4214    0.425   0.4286   0.4321   0.4357   0.4393   0.4429   0.4464     0.45   0.4536   0.4571   0.4607   0.4643   0.4679   0.4714    0.475   0.4786   0.4821   0.4857   0.4893   0.4929   0.4964
    S      0.0      1.0   0.0462   0.4406   0.2363   0.2882   0.0177   0.0256   0.0289   0.0365   0.0379   0.0977   0.2089   0.1219   0.1681   0.0313     0.02   0.1429   0.0443   0.1056    0.021   0.3787    0.187   0.1336   0.3611   0.2759   0.0335   0.0085   0.0516   0.1159   0.1073   0.0034   0.0083   0.0389   0.2786   0.2905   0.0619   0.0773   0.4849   0.0297   0.1519   0.0489   0.0039   0.1216   0.0352   0.2824   0.0738   0.2372   0.2458   0.1257   0.2891   0.1494   0.1063   0.2503   0.5834   0.8495   0.0096   0.0842   0.0215   0.0515    0.239   0.1906   0.2651   0.4488   0.2278   0.0057   0.0673   0.1016   0.0567   0.0228   0.0071   0.0637   0.0878   0.2629   0.0421   0.0007   0.2286   0.5211   0.6717   0.2725   0.1453   0.3458   0.0387   0.2023   0.0586   0.4512   0.0795   0.1183    0.003   0.1445   0.0533   0.0744   0.1145   0.1615   0.1927   0.5259   0.0036   0.2695   0.2256   0.1441   0.0073    0.085   0.4484   0.0189   0.1789   0.2632   0.0088   0.0053   0.0554   0.0923   0.1331    0.304   0.3592   0.1493   0.0171   0.2576   0.1068    0.241   0.0787   0.0811   0.1677   0.1055    0.616   0.1135   0.2874   0.0266   0.6553   0.0414   0.0954    0.019    0.096   0.2133   0.0382   0.0253   0.0347   0.3414   0.3972   0.2546   0.0525   0.3738
  snr   -13.57
    H     4.48
 exon    False

M: tbpse
 freq      0.0   0.0036   0.0071   0.0107   0.0142   0.0178   0.0214   0.0249   0.0285    0.032   0.0356   0.0391   0.0427   0.0463   0.0498   0.0534   0.0569   0.0605   0.0641   0.0676   0.0712   0.0747   0.0783   0.0819   0.0854    0.089   0.0925   0.0961   0.0996   0.1032   0.1068   0.1103   0.1139   0.1174    0.121   0.1246   0.1281   0.1317   0.1352   0.1388   0.1423   0.1459   0.1495    0.153   0.1566   0.1601   0.1637   0.1673   0.1708   0.1744   0.1779   0.1815   0.1851   0.1886   0.1922   0.1957   0.1993   0.2028   0.2064     0.21   0.2135   0.2171   0.2206   0.2242   0.2278   0.2313   0.2349   0.2384    0.242   0.2456   0.2491   0.2527   0.2562   0.2598   0.2633   0.2669   0.2705    0.274   0.2776   0.2811   0.2847   0.2883   0.2918   0.2954   0.2989   0.3025    0.306   0.3096   0.3132   0.3167   0.3203   0.3238   0.3274    0.331   0.3345   0.3381   0.3416   0.3452   0.3488   0.3523   0.3559   0.3594    0.363   0.3665   0.3701   0.3737   0.3772   0.3808   0.3843   0.3879   0.3915    0.395   0.3986   0.4021   0.4057   0.4093   0.4128   0.4164   0.4199   0.4235    0.427   0.4306   0.4342   0.4377   0.4413   0.4448   0.4484    0.452   0.4555   0.4591   0.4626   0.4662   0.4698   0.4733   0.4769   0.4804    0.484   0.4875   0.4911   0.4947   0.4982
    S      0.0      1.0   0.1095   0.6167   0.4796   0.2218    0.207   0.0237   0.1636   0.0154   0.0649    0.328   0.0804    0.238   0.1001    0.033   0.2641   0.3366    0.298    0.227   0.0895   0.5224   0.0895   0.1814    0.143    0.088    0.149   0.0379   0.1165   0.0472   0.0934    0.162    0.374   0.2105   0.2749   0.2185   0.1819   0.1176   0.3772   0.0573   0.0876   0.1193   0.1151   0.0841   0.0782   0.0876   0.1311   0.1051   0.1385   0.0637   0.1513    0.217   0.0939   0.0817   0.3184   0.5185   0.1384   0.0664   0.0534   0.0699   0.0873   0.1551   0.1961   0.1631   0.1431   0.0626   0.0249   0.2091    0.154   0.1576   0.1013   0.0911   0.4002   0.2868   0.3055   0.2117   0.2083   0.3774   0.1735   0.1507   0.0908   0.2139   0.1381   0.1894   0.3301   0.1037    0.255   0.2095   0.1527   0.0221   0.0125   0.0917   0.0667   0.5092   0.0689   0.2919   0.1334   0.0643   0.1643    0.126   0.0766   0.1141   0.2922   0.1419    0.306   0.1597   0.0439    0.073   0.1046   0.0884   0.0633   0.0841   0.2484    0.153   0.1189   0.2102   0.0828   0.1516    0.219   0.0411   0.1556   0.0487   0.1726   0.0383   0.1949    0.083   0.1696   0.3514   0.0195   0.0232   0.0387   0.2232   0.0141   0.0534   0.0193    0.292   0.0656   0.7024   0.0221   0.2705   0.1514
  snr   -13.59
    H     4.66
 exon    False

M: snrse
 freq      0.0   0.0036   0.0071   0.0107   0.0142   0.0178   0.0214   0.0249   0.0285    0.032   0.0356   0.0391   0.0427   0.0463   0.0498   0.0534   0.0569   0.0605   0.0641   0.0676   0.0712   0.0747   0.0783   0.0819   0.0854    0.089   0.0925   0.0961   0.0996   0.1032   0.1068   0.1103   0.1139   0.1174    0.121   0.1246   0.1281   0.1317   0.1352   0.1388   0.1423   0.1459   0.1495    0.153   0.1566   0.1601   0.1637   0.1673   0.1708   0.1744   0.1779   0.1815   0.1851   0.1886   0.1922   0.1957   0.1993   0.2028   0.2064     0.21   0.2135   0.2171   0.2206   0.2242   0.2278   0.2313   0.2349   0.2384    0.242   0.2456   0.2491   0.2527   0.2562   0.2598   0.2633   0.2669   0.2705    0.274   0.2776   0.2811   0.2847   0.2883   0.2918   0.2954   0.2989   0.3025    0.306   0.3096   0.3132   0.3167   0.3203   0.3238   0.3274    0.331   0.3345   0.3381   0.3416   0.3452   0.3488   0.3523   0.3559   0.3594    0.363   0.3665   0.3701   0.3737   0.3772   0.3808   0.3843   0.3879   0.3915    0.395   0.3986   0.4021   0.4057   0.4093   0.4128   0.4164   0.4199   0.4235    0.427   0.4306   0.4342   0.4377   0.4413   0.4448   0.4484    0.452   0.4555   0.4591   0.4626   0.4662   0.4698   0.4733   0.4769   0.4804    0.484   0.4875   0.4911   0.4947   0.4982
    S      0.0      1.0   0.0166   0.5013   0.3478   0.1688   0.0941    0.006   0.0759   0.0066   0.0575   0.2497   0.0783   0.1929   0.0843   0.0153   0.1153   0.2475    0.157   0.2353   0.0512   0.4446   0.1176   0.2276   0.0876   0.1171   0.0873   0.0126   0.0776   0.0577   0.1063   0.0707   0.1704   0.0556   0.2499   0.2567   0.1712   0.0943   0.3155   0.0598   0.0813   0.0299   0.0611   0.0383   0.1359   0.0562   0.0434   0.1206   0.0794    0.061   0.1707   0.1083   0.1292   0.1151    0.353   0.5514   0.0721   0.0012   0.0124   0.0385   0.0609   0.0318   0.2628   0.1677   0.1933    0.052   0.0268   0.1485   0.1141   0.1229   0.0011   0.0606   0.2291   0.1813   0.2734   0.0835   0.1317   0.3078   0.2299   0.1122   0.0511   0.2125   0.0135    0.037   0.2943    0.077   0.1403   0.1681   0.0807   0.0042   0.0163   0.0165    0.079   0.3468   0.0207   0.2631    0.093   0.0339   0.1891   0.0907   0.0401   0.0798   0.3838   0.1003   0.2099   0.2048    0.041   0.0828   0.1092   0.0261   0.0494   0.0843   0.0723   0.1209   0.1501   0.1292   0.0436   0.1224   0.2187   0.0324   0.1385   0.0053   0.1083    0.048   0.1874    0.081   0.1465   0.3147   0.0187   0.0096   0.0085   0.2461   0.0146   0.0037   0.0272   0.2799   0.0286   0.7466   0.0278   0.1476   0.0898
  snr   -12.49
    H     4.53
 exon    False