>data-XV-cerevisiae-intergenic-524
N: 278
Methods: voss, eiip, qpsk, mem, alg1, alg2

M: voss
 freq      0.0   0.0036   0.0072   0.0108   0.0144    0.018   0.0216   0.0252   0.0288   0.0324    0.036   0.0396   0.0432   0.0468   0.0504    0.054   0.0576   0.0612   0.0647   0.0683   0.0719   0.0755   0.0791   0.0827   0.0863   0.0899   0.0935   0.0971   0.1007   0.1043   0.1079   0.1115   0.1151   0.1187   0.1223   0.1259   0.1295   0.1331   0.1367   0.1403   0.1439   0.1475   0.1511   0.1547   0.1583   0.1619   0.1655   0.1691   0.1727   0.1763   0.1799   0.1835   0.1871   0.1906   0.1942   0.1978   0.2014    0.205   0.2086   0.2122   0.2158   0.2194    0.223   0.2266   0.2302   0.2338   0.2374    0.241   0.2446   0.2482   0.2518   0.2554    0.259   0.2626   0.2662   0.2698   0.2734    0.277   0.2806   0.2842   0.2878   0.2914    0.295   0.2986   0.3022   0.3058   0.3094   0.3129   0.3165   0.3201   0.3237   0.3273   0.3309   0.3345   0.3381   0.3417   0.3453   0.3489   0.3525   0.3561   0.3597   0.3633   0.3669   0.3705   0.3741   0.3777   0.3813   0.3849   0.3885   0.3921   0.3957   0.3993   0.4029   0.4065   0.4101   0.4137   0.4173   0.4209   0.4245   0.4281   0.4317   0.4353   0.4388   0.4424    0.446   0.4496   0.4532   0.4568   0.4604    0.464   0.4676   0.4712   0.4748   0.4784    0.482   0.4856   0.4892   0.4928   0.4964
    S      0.0   0.3646    0.406   0.9727   0.6803      1.0   0.0589   0.7566   0.3102   0.2731   0.3236   0.1797   0.2595    0.211   0.4518   0.3168   0.5447   0.3314   0.2794   0.0605   0.4867   0.0954   0.2506   0.1635   0.1351   0.2937   0.1947   0.1228   0.2241   0.1316    0.289   0.3396    0.189   0.2746   0.3326   0.3548   0.2765   0.2768   0.1232   0.1184   0.2505   0.1611   0.2558   0.1549   0.0836   0.0601   0.3099   0.1396   0.2097   0.4077   0.3715    0.351   0.2178   0.0832   0.2799   0.4121   0.2087   0.0824   0.5443   0.1441   0.2599   0.5605   0.1676   0.2139   0.1884   0.3884   0.8038    0.542   0.3579   0.1736   0.2378   0.1082   0.4879   0.2261   0.1268   0.4282   0.2832   0.1906   0.1632   0.1301    0.175   0.2895   0.2163   0.2268   0.1033   0.2861    0.334   0.2767   0.0775     0.32    0.113   0.0851   0.2019   0.1649   0.2065   0.3932   0.0188   0.1589   0.0323   0.0604   0.2765   0.2574   0.1783   0.1697   0.2099   0.3133   0.1407   0.2988   0.3593   0.0925    0.387    0.205   0.2059   0.2503   0.2881   0.2116   0.0723   0.4388   0.6156   0.3112   0.1366   0.1567   0.2709   0.3123   0.4326   0.1501   0.1969   0.0656   0.1291   0.2812   0.4097    0.327   0.4628   0.3617    0.098   0.0357   0.1451    0.597   0.2201
  snr   -15.57
    H     4.75
 exon    False

M: eiip
 freq      0.0   0.0036   0.0072   0.0108   0.0144    0.018   0.0216   0.0252   0.0288   0.0324    0.036   0.0396   0.0432   0.0468   0.0504    0.054   0.0576   0.0612   0.0647   0.0683   0.0719   0.0755   0.0791   0.0827   0.0863   0.0899   0.0935   0.0971   0.1007   0.1043   0.1079   0.1115   0.1151   0.1187   0.1223   0.1259   0.1295   0.1331   0.1367   0.1403   0.1439   0.1475   0.1511   0.1547   0.1583   0.1619   0.1655   0.1691   0.1727   0.1763   0.1799   0.1835   0.1871   0.1906   0.1942   0.1978   0.2014    0.205   0.2086   0.2122   0.2158   0.2194    0.223   0.2266   0.2302   0.2338   0.2374    0.241   0.2446   0.2482   0.2518   0.2554    0.259   0.2626   0.2662   0.2698   0.2734    0.277   0.2806   0.2842   0.2878   0.2914    0.295   0.2986   0.3022   0.3058   0.3094   0.3129   0.3165   0.3201   0.3237   0.3273   0.3309   0.3345   0.3381   0.3417   0.3453   0.3489   0.3525   0.3561   0.3597   0.3633   0.3669   0.3705   0.3741   0.3777   0.3813   0.3849   0.3885   0.3921   0.3957   0.3993   0.4029   0.4065   0.4101   0.4137   0.4173   0.4209   0.4245   0.4281   0.4317   0.4353   0.4388   0.4424    0.446   0.4496   0.4532   0.4568   0.4604    0.464   0.4676   0.4712   0.4748   0.4784    0.482   0.4856   0.4892   0.4928   0.4964
    S      0.0   0.1836   0.0915   0.1017   0.5313   0.7318   0.0233   0.0513   0.1512   0.2044   0.0312   0.0744   0.0002   0.2609   0.1327   0.0749    0.028   0.0717      1.0   0.1077   0.0742   0.0159    0.265   0.0418   0.1442    0.051   0.1915   0.0249   0.3136   0.1165   0.0771   0.1438   0.3894   0.0027    0.156   0.3431   0.1049   0.0142   0.0025   0.1682   0.6059   0.0784    0.156   0.0652   0.2422   0.0159   0.4913   0.3066   0.0103   0.7682   0.0336   0.1016   0.1086   0.1348   0.4629   0.0722   0.3884   0.0265   0.1198   0.0497    0.007   0.1128   0.0625   0.1052    0.001   0.0171   0.0433   0.1717   0.0188   0.0026   0.0504   0.2292    0.249   0.3678   0.0251   0.2658    0.847   0.3216   0.1518   0.0131   0.1417   0.0575   0.2964   0.1972   0.1415   0.0564   0.2009   0.0446   0.0912   0.4128   0.0812   0.0847   0.2537   0.1847   0.2481   0.2829   0.0266   0.0114   0.0251   0.0401   0.1764   0.2377   0.2785   0.1941   0.4245    0.152   0.0156   0.1488    0.477   0.0004    0.532   0.1626   0.0197   0.0332   0.1191   0.0413   0.0946   0.1252   0.0682   0.1189    0.158   0.2255   0.1037   0.1156   0.4353   0.1079   0.1244   0.0084   0.4012   0.3152   0.0427   0.1263   0.7246   0.4054   0.1588   0.0076   0.0126   0.0137   0.1379
  snr   -13.56
    H     4.45
 exon    False

M: qpsk
 freq      0.0   0.0036   0.0072   0.0108   0.0144    0.018   0.0216   0.0252   0.0288   0.0324    0.036   0.0396   0.0432   0.0468   0.0504    0.054   0.0576   0.0612   0.0647   0.0683   0.0719   0.0755   0.0791   0.0827   0.0863   0.0899   0.0935   0.0971   0.1007   0.1043   0.1079   0.1115   0.1151   0.1187   0.1223   0.1259   0.1295   0.1331   0.1367   0.1403   0.1439   0.1475   0.1511   0.1547   0.1583   0.1619   0.1655   0.1691   0.1727   0.1763   0.1799   0.1835   0.1871   0.1906   0.1942   0.1978   0.2014    0.205   0.2086   0.2122   0.2158   0.2194    0.223   0.2266   0.2302   0.2338   0.2374    0.241   0.2446   0.2482   0.2518   0.2554    0.259   0.2626   0.2662   0.2698   0.2734    0.277   0.2806   0.2842   0.2878   0.2914    0.295   0.2986   0.3022   0.3058   0.3094   0.3129   0.3165   0.3201   0.3237   0.3273   0.3309   0.3345   0.3381   0.3417   0.3453   0.3489   0.3525   0.3561   0.3597   0.3633   0.3669   0.3705   0.3741   0.3777   0.3813   0.3849   0.3885   0.3921   0.3957   0.3993   0.4029   0.4065   0.4101   0.4137   0.4173   0.4209   0.4245   0.4281   0.4317   0.4353   0.4388   0.4424    0.446   0.4496   0.4532   0.4568   0.4604    0.464   0.4676   0.4712   0.4748   0.4784    0.482   0.4856   0.4892   0.4928   0.4964
    S      0.0   0.2727   0.3303   0.6785   0.6101      1.0   0.0479   0.5422   0.1872   0.1825   0.1327   0.1597   0.1189    0.174   0.4628   0.1889   0.2664   0.1563   0.2653   0.0466   0.4034   0.0759   0.0344   0.0929   0.1073   0.1272   0.1657   0.1133   0.2353   0.0203    0.082   0.0934   0.1502   0.1922   0.2806   0.2507   0.1535   0.1239   0.0911   0.1205   0.2625   0.1352   0.1443   0.0846   0.0661   0.0562   0.2934   0.0288   0.1856     0.39   0.1347   0.2162   0.1003   0.0814   0.1896   0.1101   0.0538   0.0334   0.3505   0.1159   0.1402   0.2883   0.0754   0.1402   0.1058   0.2651   0.3429   0.5373   0.2274   0.0841   0.1021   0.1143   0.1962    0.217   0.1245   0.3702   0.2509   0.0335   0.0775   0.0441   0.1063   0.2147   0.0629   0.2265   0.0092   0.1972   0.1718   0.1714   0.0297   0.3304   0.1054   0.0284   0.2057   0.1364   0.2166   0.1774    0.019   0.1004   0.0284   0.0193    0.291   0.1053   0.1786   0.1147   0.1992   0.2971   0.0633   0.1951     0.18   0.0633   0.3991   0.0617   0.0605    0.234    0.057   0.1591   0.0422   0.2428   0.3042   0.2508   0.1173   0.1402   0.0231   0.1559   0.4115   0.0461   0.1207    0.067   0.0915   0.0822   0.1529   0.2716   0.3878   0.3073   0.0937   0.0379   0.1353   0.4432   0.1182
  snr   -13.76
    H     4.66
 exon    False

M: mem
 freq      0.0   0.0036   0.0072   0.0108   0.0144    0.018   0.0216   0.0252   0.0288   0.0324    0.036   0.0396   0.0432   0.0468   0.0504    0.054   0.0576   0.0612   0.0647   0.0683   0.0719   0.0755   0.0791   0.0827   0.0863   0.0899   0.0935   0.0971   0.1007   0.1043   0.1079   0.1115   0.1151   0.1187   0.1223   0.1259   0.1295   0.1331   0.1367   0.1403   0.1439   0.1475   0.1511   0.1547   0.1583   0.1619   0.1655   0.1691   0.1727   0.1763   0.1799   0.1835   0.1871   0.1906   0.1942   0.1978   0.2014    0.205   0.2086   0.2122   0.2158   0.2194    0.223   0.2266   0.2302   0.2338   0.2374    0.241   0.2446   0.2482   0.2518   0.2554    0.259   0.2626   0.2662   0.2698   0.2734    0.277   0.2806   0.2842   0.2878   0.2914    0.295   0.2986   0.3022   0.3058   0.3094   0.3129   0.3165   0.3201   0.3237   0.3273   0.3309   0.3345   0.3381   0.3417   0.3453   0.3489   0.3525   0.3561   0.3597   0.3633   0.3669   0.3705   0.3741   0.3777   0.3813   0.3849   0.3885   0.3921   0.3957   0.3993   0.4029   0.4065   0.4101   0.4137   0.4173   0.4209   0.4245   0.4281   0.4317   0.4353   0.4388   0.4424    0.446   0.4496   0.4532   0.4568   0.4604    0.464   0.4676   0.4712   0.4748   0.4784    0.482   0.4856   0.4892   0.4928   0.4964
    S      0.0    0.101   0.0765   0.3361    0.732      1.0   0.0382   0.0557   0.0345   0.1694    0.043   0.1456    0.047   0.2377   0.0176   0.1713    0.155   0.1185    0.616   0.0765     0.12   0.0357    0.101   0.0317   0.1462   0.0565    0.152   0.0007   0.3519   0.0564   0.0454   0.0851   0.2362   0.0161   0.2961   0.3328   0.0117    0.057   0.0245   0.1747   0.4928     0.08    0.169   0.0387   0.1521   0.0116   0.3875   0.1494   0.0613   0.5615   0.0451   0.1294   0.0389   0.1428   0.1774   0.0498   0.1791    0.027   0.0024    0.036   0.0196   0.1517   0.0002   0.1102   0.0043      0.1   0.1921   0.3681   0.1074   0.0335   0.0569   0.2294   0.0882   0.2409   0.0263   0.2782    0.502   0.1573   0.0642   0.0214   0.1181   0.1516   0.1381   0.2419   0.0555   0.1414   0.1223   0.1181   0.0556   0.1789   0.1136   0.0298   0.1115   0.1439   0.3102   0.1988   0.0145   0.0462   0.0309   0.0194   0.1134   0.1372   0.2848   0.1913   0.2989   0.1103   0.0425   0.1753   0.3759   0.0046   0.3466    0.077   0.0044   0.0012    0.028    0.009   0.0183   0.2273   0.1364   0.1044   0.1767   0.2044   0.0128   0.1046   0.3235   0.0186   0.0816   0.0031   0.2767   0.1007    0.071   0.2214   0.6661   0.3131   0.1411   0.0168   0.0047   0.1157   0.1166
  snr   -12.83
    H     4.48
 exon    False

M: alg1
 freq      0.0   0.0036   0.0072   0.0108   0.0144    0.018   0.0216   0.0252   0.0288   0.0324    0.036   0.0396   0.0432   0.0468   0.0504    0.054   0.0576   0.0612   0.0647   0.0683   0.0719   0.0755   0.0791   0.0827   0.0863   0.0899   0.0935   0.0971   0.1007   0.1043   0.1079   0.1115   0.1151   0.1187   0.1223   0.1259   0.1295   0.1331   0.1367   0.1403   0.1439   0.1475   0.1511   0.1547   0.1583   0.1619   0.1655   0.1691   0.1727   0.1763   0.1799   0.1835   0.1871   0.1906   0.1942   0.1978   0.2014    0.205   0.2086   0.2122   0.2158   0.2194    0.223   0.2266   0.2302   0.2338   0.2374    0.241   0.2446   0.2482   0.2518   0.2554    0.259   0.2626   0.2662   0.2698   0.2734    0.277   0.2806   0.2842   0.2878   0.2914    0.295   0.2986   0.3022   0.3058   0.3094   0.3129   0.3165   0.3201   0.3237   0.3273   0.3309   0.3345   0.3381   0.3417   0.3453   0.3489   0.3525   0.3561   0.3597   0.3633   0.3669   0.3705   0.3741   0.3777   0.3813   0.3849   0.3885   0.3921   0.3957   0.3993   0.4029   0.4065   0.4101   0.4137   0.4173   0.4209   0.4245   0.4281   0.4317   0.4353   0.4388   0.4424    0.446   0.4496   0.4532   0.4568   0.4604    0.464   0.4676   0.4712   0.4748   0.4784    0.482   0.4856   0.4892   0.4928   0.4964
    S      0.0   0.4561    0.436   0.3425   0.2563   0.7322   0.0282   0.6108   0.3996   0.2784   0.1369   0.0987   0.0189   0.1748      1.0     0.02    0.029   0.1304   0.3874   0.0464   0.4534   0.1198   0.1193   0.1139   0.0775   0.2167   0.2995   0.2476   0.1294   0.0288   0.2034    0.214   0.2958    0.441   0.0708     0.25   0.2357   0.0641   0.1473    0.099    0.232   0.2717   0.1693   0.1071   0.0763   0.1316    0.429   0.0701   0.2896   0.5817   0.0142   0.3554   0.2648   0.0504   0.3885   0.0095   0.1451   0.0313   0.6084   0.2582   0.2157   0.3771   0.0947   0.1726   0.2853   0.1526   0.1821   0.6257   0.1978   0.0644   0.1852   0.0369   0.4163   0.3799    0.206   0.6663   0.3811   0.0892   0.0921   0.0283     0.22   0.1281   0.0756   0.1919   0.0265   0.1025   0.3818   0.0318   0.0258   0.7631   0.0939   0.0348   0.4998   0.1431   0.1271    0.127   0.0431   0.0403   0.0263   0.0531   0.6118    0.143   0.1171   0.0287   0.2714   0.6427   0.0199   0.2109   0.2382   0.1416   0.6698   0.0957   0.1717   0.5482   0.0293   0.4315   0.1006   0.0518    0.453   0.5609    0.031   0.0872   0.0327   0.1036   0.8201   0.1137   0.2614   0.1334   0.0868   0.2384   0.0948   0.1576   0.2231   0.4711   0.0865   0.0575   0.2675   0.7485   0.0472
  snr   -14.84
    H     4.57
 exon    False

M: alg2
 freq      0.0   0.0036   0.0072   0.0108   0.0144    0.018   0.0216   0.0252   0.0288   0.0324    0.036   0.0396   0.0432   0.0468   0.0504    0.054   0.0576   0.0612   0.0647   0.0683   0.0719   0.0755   0.0791   0.0827   0.0863   0.0899   0.0935   0.0971   0.1007   0.1043   0.1079   0.1115   0.1151   0.1187   0.1223   0.1259   0.1295   0.1331   0.1367   0.1403   0.1439   0.1475   0.1511   0.1547   0.1583   0.1619   0.1655   0.1691   0.1727   0.1763   0.1799   0.1835   0.1871   0.1906   0.1942   0.1978   0.2014    0.205   0.2086   0.2122   0.2158   0.2194    0.223   0.2266   0.2302   0.2338   0.2374    0.241   0.2446   0.2482   0.2518   0.2554    0.259   0.2626   0.2662   0.2698   0.2734    0.277   0.2806   0.2842   0.2878   0.2914    0.295   0.2986   0.3022   0.3058   0.3094   0.3129   0.3165   0.3201   0.3237   0.3273   0.3309   0.3345   0.3381   0.3417   0.3453   0.3489   0.3525   0.3561   0.3597   0.3633   0.3669   0.3705   0.3741   0.3777   0.3813   0.3849   0.3885   0.3921   0.3957   0.3993   0.4029   0.4065   0.4101   0.4137   0.4173   0.4209   0.4245   0.4281   0.4317   0.4353   0.4388   0.4424    0.446   0.4496   0.4532   0.4568   0.4604    0.464   0.4676   0.4712   0.4748   0.4784    0.482   0.4856   0.4892   0.4928   0.4964
    S      0.0   0.1263   0.2771   0.7123   0.5574      1.0   0.0549   0.5175   0.0556   0.0271   0.0597   0.1674   0.1163   0.0642   0.2621   0.1737   0.2586   0.1262   0.0989   0.0456   0.3741   0.0719    0.026   0.0923   0.0531   0.0113   0.0472   0.0655   0.2409   0.0254   0.0217   0.0308   0.0588   0.1065   0.2952   0.1245   0.1233   0.1131   0.0686   0.1083   0.1513   0.0798   0.1296   0.0847   0.0307    0.033    0.119   0.0219   0.1634   0.1083   0.1289   0.0667   0.0536   0.1017   0.0507   0.0919   0.0341   0.0115   0.2486   0.0217   0.0786    0.075   0.0629   0.0428   0.0331   0.2882   0.1948   0.5623   0.2082   0.0633   0.0745   0.1267   0.0181   0.1448   0.1044   0.3533   0.0674   0.0271   0.0506   0.0347   0.1022   0.1961   0.0662   0.1995   0.0119   0.1702   0.0104   0.1798   0.0154   0.0645   0.1066   0.0173   0.0505   0.0855   0.2679   0.0978   0.0007   0.1098   0.0212   0.0043   0.1591   0.0258    0.208   0.1128   0.0546   0.1973   0.0529   0.0589   0.2025   0.0336    0.214    0.012    0.004   0.1121    0.041   0.0475   0.0136   0.1831   0.0721   0.0866     0.12    0.129   0.0127   0.1031   0.1887   0.0167   0.0061   0.0465   0.0941   0.0305   0.0784   0.2558   0.2466   0.0609   0.0436    0.036     0.09   0.3221   0.1185
  snr   -11.98
    H     4.49
 exon    False