>data-XV-cerevisiae-intergenic-208
N: 519
Methods: voss, eiip, qpsk, mem, alg1, alg2

M: voss
 freq      0.0   0.0019   0.0039   0.0058   0.0077   0.0096   0.0116   0.0135   0.0154   0.0173   0.0193   0.0212   0.0231    0.025    0.027   0.0289   0.0308   0.0328   0.0347   0.0366   0.0385   0.0405   0.0424   0.0443   0.0462   0.0482   0.0501    0.052   0.0539   0.0559   0.0578   0.0597   0.0617   0.0636   0.0655   0.0674   0.0694   0.0713   0.0732   0.0751   0.0771    0.079   0.0809   0.0829   0.0848   0.0867   0.0886   0.0906   0.0925   0.0944   0.0963   0.0983   0.1002   0.1021    0.104    0.106   0.1079   0.1098   0.1118   0.1137   0.1156   0.1175   0.1195   0.1214   0.1233   0.1252   0.1272   0.1291    0.131   0.1329   0.1349   0.1368   0.1387   0.1407   0.1426   0.1445   0.1464   0.1484   0.1503   0.1522   0.1541   0.1561    0.158   0.1599   0.1618   0.1638   0.1657   0.1676   0.1696   0.1715   0.1734   0.1753   0.1773   0.1792   0.1811    0.183    0.185   0.1869   0.1888   0.1908   0.1927   0.1946   0.1965   0.1985   0.2004   0.2023   0.2042   0.2062   0.2081     0.21   0.2119   0.2139   0.2158   0.2177   0.2197   0.2216   0.2235   0.2254   0.2274   0.2293   0.2312   0.2331   0.2351    0.237   0.2389   0.2408   0.2428   0.2447   0.2466   0.2486   0.2505   0.2524   0.2543   0.2563   0.2582   0.2601    0.262    0.264   0.2659   0.2678   0.2697   0.2717   0.2736   0.2755   0.2775   0.2794   0.2813   0.2832   0.2852   0.2871    0.289   0.2909   0.2929   0.2948   0.2967   0.2987   0.3006   0.3025   0.3044   0.3064   0.3083   0.3102   0.3121   0.3141    0.316   0.3179   0.3198   0.3218   0.3237   0.3256   0.3276   0.3295   0.3314   0.3333   0.3353   0.3372   0.3391    0.341    0.343   0.3449   0.3468   0.3487   0.3507   0.3526   0.3545   0.3565   0.3584   0.3603   0.3622   0.3642   0.3661    0.368   0.3699   0.3719   0.3738   0.3757   0.3776   0.3796   0.3815   0.3834   0.3854   0.3873   0.3892   0.3911   0.3931    0.395   0.3969   0.3988   0.4008   0.4027   0.4046   0.4066   0.4085   0.4104   0.4123   0.4143   0.4162   0.4181     0.42    0.422   0.4239   0.4258   0.4277   0.4297   0.4316   0.4335   0.4355   0.4374   0.4393   0.4412   0.4432   0.4451    0.447   0.4489   0.4509   0.4528   0.4547   0.4566   0.4586   0.4605   0.4624   0.4644   0.4663   0.4682   0.4701   0.4721    0.474   0.4759   0.4778   0.4798   0.4817   0.4836   0.4855   0.4875   0.4894   0.4913   0.4933   0.4952   0.4971    0.499
    S      0.0   0.8562   0.5181      1.0   0.3363   0.2321   0.2473   0.3219   0.1645   0.3154   0.1533    0.567   0.6996   0.1495   0.0441   0.5579   0.1729    0.317   0.3667   0.1513   0.3418   0.1307    0.269   0.7718   0.3638   0.1192   0.4066    0.402   0.0885   0.2046   0.4387   0.4679   0.2596   0.3207   0.3574   0.2739   0.2078   0.2763   0.4297   0.0908   0.2287   0.2198   0.1104   0.2504   0.4206    0.346   0.4124   0.4896   0.5611   0.3988   0.3712    0.194   0.3281   0.1573   0.2006   0.8502   0.4544    0.435   0.3427   0.2166   0.2834   0.1906   0.3609   0.5258   0.2357   0.1422   0.9654   0.1193   0.0771   0.0709   0.1295    0.159   0.1796   0.3996   0.1442    0.273   0.3006   0.2015   0.1133    0.195     0.12   0.3261   0.4052   0.7451   0.2065     0.19   0.1167   0.4741   0.1426   0.2402   0.1421   0.3508   0.2196   0.3977   0.2618   0.1779   0.1181   0.2916   0.2461   0.1023   0.0724   0.1002   0.2707   0.2459   0.1778   0.2642   0.0514   0.1169   0.0928   0.2232   0.1323   0.2812   0.1755   0.3316   0.2509   0.1572   0.2274    0.083   0.2793   0.1366   0.4422   0.7908   0.1218   0.0897   0.0477   0.4427   0.1676     0.09    0.076   0.2955   0.6565   0.2675   0.3644   0.1766   0.2849   0.3166   0.0819    0.057   0.6481   0.3124   0.2678   0.3764   0.3829   0.1967   0.2266   0.5383   0.3033   0.2786    0.452   0.2186   0.2128   0.1848   0.2663   0.3244   0.4245   0.2642    0.121   0.0884   0.3394   0.1747   0.2725   0.5454   0.1752   0.1161   0.2527   0.1638   0.2802   0.2354   0.5989   0.2717   0.1727   0.2809   0.4211   0.1479   0.4174   0.0953   0.1831   0.3443   0.2572   0.0951   0.3008   0.1707   0.4491   0.2058   0.0942   0.1593   0.3649   0.2856   0.2971   0.2275   0.2273   0.2567   0.1334   0.2316   0.3245   0.3554   0.4143   0.1638   0.5652   0.3151   0.1464   0.3898   0.1709   0.2793   0.2974   0.2105    0.339   0.1017   0.2328   0.2667   0.1505   0.2477   0.4661    0.156   0.0301   0.1437    0.291   0.1782   0.2939   0.5323   0.0875    0.041   0.1979   0.0987   0.2313   0.4125   0.2322   0.1345   0.0999   0.0221   0.1827   0.1758   0.3783   0.3555   0.3564   0.1382   0.3231   0.3399   0.1778   0.0543   0.0555   0.2435   0.2772   0.1061   0.2519   0.1251   0.2656   0.1084    0.074   0.2997   0.4144   0.1124   0.1525   0.1488   0.2241   0.1209   0.2357   0.2349   0.2582   0.1627
  snr   -18.35
    H     5.39
 exon    False

M: eiip
 freq      0.0   0.0019   0.0039   0.0058   0.0077   0.0096   0.0116   0.0135   0.0154   0.0173   0.0193   0.0212   0.0231    0.025    0.027   0.0289   0.0308   0.0328   0.0347   0.0366   0.0385   0.0405   0.0424   0.0443   0.0462   0.0482   0.0501    0.052   0.0539   0.0559   0.0578   0.0597   0.0617   0.0636   0.0655   0.0674   0.0694   0.0713   0.0732   0.0751   0.0771    0.079   0.0809   0.0829   0.0848   0.0867   0.0886   0.0906   0.0925   0.0944   0.0963   0.0983   0.1002   0.1021    0.104    0.106   0.1079   0.1098   0.1118   0.1137   0.1156   0.1175   0.1195   0.1214   0.1233   0.1252   0.1272   0.1291    0.131   0.1329   0.1349   0.1368   0.1387   0.1407   0.1426   0.1445   0.1464   0.1484   0.1503   0.1522   0.1541   0.1561    0.158   0.1599   0.1618   0.1638   0.1657   0.1676   0.1696   0.1715   0.1734   0.1753   0.1773   0.1792   0.1811    0.183    0.185   0.1869   0.1888   0.1908   0.1927   0.1946   0.1965   0.1985   0.2004   0.2023   0.2042   0.2062   0.2081     0.21   0.2119   0.2139   0.2158   0.2177   0.2197   0.2216   0.2235   0.2254   0.2274   0.2293   0.2312   0.2331   0.2351    0.237   0.2389   0.2408   0.2428   0.2447   0.2466   0.2486   0.2505   0.2524   0.2543   0.2563   0.2582   0.2601    0.262    0.264   0.2659   0.2678   0.2697   0.2717   0.2736   0.2755   0.2775   0.2794   0.2813   0.2832   0.2852   0.2871    0.289   0.2909   0.2929   0.2948   0.2967   0.2987   0.3006   0.3025   0.3044   0.3064   0.3083   0.3102   0.3121   0.3141    0.316   0.3179   0.3198   0.3218   0.3237   0.3256   0.3276   0.3295   0.3314   0.3333   0.3353   0.3372   0.3391    0.341    0.343   0.3449   0.3468   0.3487   0.3507   0.3526   0.3545   0.3565   0.3584   0.3603   0.3622   0.3642   0.3661    0.368   0.3699   0.3719   0.3738   0.3757   0.3776   0.3796   0.3815   0.3834   0.3854   0.3873   0.3892   0.3911   0.3931    0.395   0.3969   0.3988   0.4008   0.4027   0.4046   0.4066   0.4085   0.4104   0.4123   0.4143   0.4162   0.4181     0.42    0.422   0.4239   0.4258   0.4277   0.4297   0.4316   0.4335   0.4355   0.4374   0.4393   0.4412   0.4432   0.4451    0.447   0.4489   0.4509   0.4528   0.4547   0.4566   0.4586   0.4605   0.4624   0.4644   0.4663   0.4682   0.4701   0.4721    0.474   0.4759   0.4778   0.4798   0.4817   0.4836   0.4855   0.4875   0.4894   0.4913   0.4933   0.4952   0.4971    0.499
    S      0.0      1.0   0.1905   0.3449   0.1099   0.0349    0.209   0.3227   0.0398   0.0063   0.0089   0.1483   0.1628   0.1334   0.0252   0.2068   0.1326   0.3606   0.1692   0.1911   0.2549   0.0481   0.1005   0.0839   0.4683   0.0805   0.1517   0.1404   0.0817   0.0679   0.4156   0.0796   0.2619   0.2316    0.087   0.0585   0.1367   0.1268   0.2653    0.026   0.0083   0.0101   0.1547   0.1086   0.3005   0.1085   0.0635   0.1159   0.4139   0.0156   0.4955   0.0988   0.2655   0.1184   0.1121   0.3741   0.0939   0.2766   0.1717   0.4188   0.1132   0.1479   0.0004     0.23   0.1361   0.0739   0.2283   0.0779   0.0144   0.0045    0.089   0.0272   0.0025   0.0963   0.0744   0.0253    0.233    0.016   0.0876   0.0965   0.0329   0.0971   0.0716   0.0306   0.0789   0.0207   0.0498   0.1609   0.0913   0.0244   0.0842     0.31   0.0046    0.089   0.2565   0.0551   0.0144   0.0936   0.0791   0.0019   0.0086   0.1733   0.4144   0.0476   0.0043    0.063   0.0633   0.0186   0.1117   0.0973   0.0813   0.2035   0.0153   0.0955   0.3595   0.1899   0.1189   0.0733   0.0888    0.051   0.1625   0.2222   0.0471   0.0997   0.0063   0.1856   0.0682   0.0078   0.0248   0.1021   0.3453    0.077   0.0092   0.1668   0.1024    0.274   0.0854   0.0058   0.0487    0.217   0.0073   0.1534    0.325   0.0022   0.0667   0.0737   0.0952   0.1828   0.0522   0.2469   0.0837   0.0336   0.3737    0.109   0.0268   0.3826   0.1333   0.0514   0.0167   0.0966   0.3797   0.2104   0.1824   0.0911   0.1517   0.1507   0.0769   0.0197   0.9358   0.0447   0.0235   0.1456   0.2617   0.1072   0.4657   0.1094   0.2517   0.0171   0.0365   0.1018   0.4923   0.1915   0.0952   0.0902   0.1081   0.0026   0.0009   0.0324   0.2139   0.1905   0.1035   0.1745   0.1935   0.2225   0.2166   0.0072   0.2626   0.1671   0.3957   0.3443   0.0342   0.0617   0.1626   0.0806   0.2102   0.1678   0.1232   0.0331   0.1822   0.0174   0.0813    0.162   0.5791    0.017   0.0407   0.0189   0.0936   0.2131   0.1852   0.0172   0.0543   0.0028   0.1787   0.0458   0.0241   0.2665    0.034   0.0792    0.067    0.024   0.1739   0.0751   0.6612   0.4995   0.3155   0.1875   0.0629   0.2285   0.0569   0.0546   0.0692   0.1505   0.0628   0.1412   0.0502   0.0146    0.401   0.0116   0.0206   0.0527   0.1516   0.0237   0.0082   0.0825   0.0357   0.0391    0.234   0.0134   0.2519   0.1732
  snr   -15.44
    H     5.14
 exon    False

M: qpsk
 freq      0.0   0.0019   0.0039   0.0058   0.0077   0.0096   0.0116   0.0135   0.0154   0.0173   0.0193   0.0212   0.0231    0.025    0.027   0.0289   0.0308   0.0328   0.0347   0.0366   0.0385   0.0405   0.0424   0.0443   0.0462   0.0482   0.0501    0.052   0.0539   0.0559   0.0578   0.0597   0.0617   0.0636   0.0655   0.0674   0.0694   0.0713   0.0732   0.0751   0.0771    0.079   0.0809   0.0829   0.0848   0.0867   0.0886   0.0906   0.0925   0.0944   0.0963   0.0983   0.1002   0.1021    0.104    0.106   0.1079   0.1098   0.1118   0.1137   0.1156   0.1175   0.1195   0.1214   0.1233   0.1252   0.1272   0.1291    0.131   0.1329   0.1349   0.1368   0.1387   0.1407   0.1426   0.1445   0.1464   0.1484   0.1503   0.1522   0.1541   0.1561    0.158   0.1599   0.1618   0.1638   0.1657   0.1676   0.1696   0.1715   0.1734   0.1753   0.1773   0.1792   0.1811    0.183    0.185   0.1869   0.1888   0.1908   0.1927   0.1946   0.1965   0.1985   0.2004   0.2023   0.2042   0.2062   0.2081     0.21   0.2119   0.2139   0.2158   0.2177   0.2197   0.2216   0.2235   0.2254   0.2274   0.2293   0.2312   0.2331   0.2351    0.237   0.2389   0.2408   0.2428   0.2447   0.2466   0.2486   0.2505   0.2524   0.2543   0.2563   0.2582   0.2601    0.262    0.264   0.2659   0.2678   0.2697   0.2717   0.2736   0.2755   0.2775   0.2794   0.2813   0.2832   0.2852   0.2871    0.289   0.2909   0.2929   0.2948   0.2967   0.2987   0.3006   0.3025   0.3044   0.3064   0.3083   0.3102   0.3121   0.3141    0.316   0.3179   0.3198   0.3218   0.3237   0.3256   0.3276   0.3295   0.3314   0.3333   0.3353   0.3372   0.3391    0.341    0.343   0.3449   0.3468   0.3487   0.3507   0.3526   0.3545   0.3565   0.3584   0.3603   0.3622   0.3642   0.3661    0.368   0.3699   0.3719   0.3738   0.3757   0.3776   0.3796   0.3815   0.3834   0.3854   0.3873   0.3892   0.3911   0.3931    0.395   0.3969   0.3988   0.4008   0.4027   0.4046   0.4066   0.4085   0.4104   0.4123   0.4143   0.4162   0.4181     0.42    0.422   0.4239   0.4258   0.4277   0.4297   0.4316   0.4335   0.4355   0.4374   0.4393   0.4412   0.4432   0.4451    0.447   0.4489   0.4509   0.4528   0.4547   0.4566   0.4586   0.4605   0.4624   0.4644   0.4663   0.4682   0.4701   0.4721    0.474   0.4759   0.4778   0.4798   0.4817   0.4836   0.4855   0.4875   0.4894   0.4913   0.4933   0.4952   0.4971    0.499
    S      0.0      1.0   0.5284   0.9382   0.4411   0.1279    0.319   0.3051   0.0659     0.35   0.1549   0.6971   0.7708   0.1905   0.0308   0.3958   0.1832   0.4134   0.3423   0.0909   0.3675   0.1035    0.086   0.5934   0.4772   0.1333   0.3238   0.4203   0.0848   0.0765   0.4261    0.201   0.2606   0.3395   0.3432   0.3387   0.2054   0.1768   0.4974   0.0983   0.2557   0.0738   0.1447   0.2699   0.3551   0.0327   0.2366   0.3766   0.5982   0.2056   0.1471   0.1814   0.2755   0.1465   0.1864   0.9088   0.3403   0.4618   0.3355   0.2246   0.3411   0.2157   0.4189    0.591   0.2379   0.0421   0.8925   0.0809   0.0527   0.0545   0.0899   0.1038   0.0867    0.333   0.1535   0.1096   0.3492   0.1278    0.135   0.2062   0.0958   0.3345   0.2515   0.4631   0.1862   0.2054   0.1174   0.4452   0.1501   0.2235   0.1717   0.3709   0.2415   0.3924   0.1442   0.1628   0.1115   0.1711   0.0649   0.0856   0.0481   0.1233   0.3306   0.1402   0.1832   0.2825   0.0675    0.121   0.1012   0.2118   0.1104   0.0925   0.1018   0.1134   0.2316    0.171   0.1098   0.1008   0.3231   0.0708   0.2336   0.5175   0.1234    0.113   0.0287   0.2327   0.0952   0.0782   0.0173   0.3033   0.7941   0.2371   0.3352   0.1559   0.3061   0.3502   0.0897   0.0531   0.6755   0.3653   0.2085   0.4921   0.4583   0.1015    0.044   0.1406   0.0762   0.2409   0.3051   0.2492   0.1292   0.1165   0.2613   0.3114   0.4453   0.0935   0.0573   0.0884   0.3003   0.1963   0.2601   0.5022   0.0426   0.0665   0.3005   0.0731   0.1756   0.0694   0.7148   0.2855   0.1464   0.3197   0.2355   0.0919   0.4619   0.1112   0.1205   0.1853   0.2684    0.074   0.3747   0.0902   0.3532   0.2211   0.1099   0.1154   0.2111   0.0885   0.3013   0.1602   0.2597   0.2981   0.0858   0.2987   0.2216   0.3684   0.1473   0.0775    0.607   0.3526   0.1921   0.2848   0.2108   0.1303   0.3281   0.1468   0.0298   0.0516   0.1501   0.2752   0.1566   0.2874   0.2052   0.1292    0.026   0.0359   0.1964   0.1224   0.3568   0.2009   0.1145   0.0488   0.1191   0.0984   0.1871   0.3647   0.1128   0.1616   0.1154   0.0284   0.2336   0.1255   0.4493   0.3911   0.2265   0.1622   0.0952   0.1625    0.141   0.0447   0.0313   0.2767   0.3364   0.0866   0.2482   0.1249   0.3398   0.0362   0.0819   0.2033   0.2294   0.1184   0.1803   0.0835   0.1243   0.1461    0.228   0.1453   0.2314   0.1094
  snr   -17.68
    H     5.32
 exon    False

M: mem
 freq      0.0   0.0019   0.0039   0.0058   0.0077   0.0097   0.0116   0.0135   0.0154   0.0174   0.0193   0.0212   0.0232   0.0251    0.027    0.029   0.0309   0.0328   0.0347   0.0367   0.0386   0.0405   0.0425   0.0444   0.0463   0.0483   0.0502   0.0521   0.0541    0.056   0.0579   0.0598   0.0618   0.0637   0.0656   0.0676   0.0695   0.0714   0.0734   0.0753   0.0772   0.0792   0.0811    0.083   0.0849   0.0869   0.0888   0.0907   0.0927   0.0946   0.0965   0.0985   0.1004   0.1023   0.1042   0.1062   0.1081     0.11    0.112   0.1139   0.1158   0.1178   0.1197   0.1216   0.1236   0.1255   0.1274   0.1293   0.1313   0.1332   0.1351   0.1371    0.139   0.1409   0.1429   0.1448   0.1467   0.1486   0.1506   0.1525   0.1544   0.1564   0.1583   0.1602   0.1622   0.1641    0.166    0.168   0.1699   0.1718   0.1737   0.1757   0.1776   0.1795   0.1815   0.1834   0.1853   0.1873   0.1892   0.1911   0.1931    0.195   0.1969   0.1988   0.2008   0.2027   0.2046   0.2066   0.2085   0.2104   0.2124   0.2143   0.2162   0.2181   0.2201    0.222   0.2239   0.2259   0.2278   0.2297   0.2317   0.2336   0.2355   0.2375   0.2394   0.2413   0.2432   0.2452   0.2471    0.249    0.251   0.2529   0.2548   0.2568   0.2587   0.2606   0.2625   0.2645   0.2664   0.2683   0.2703   0.2722   0.2741   0.2761    0.278   0.2799   0.2819   0.2838   0.2857   0.2876   0.2896   0.2915   0.2934   0.2954   0.2973   0.2992   0.3012   0.3031    0.305   0.3069   0.3089   0.3108   0.3127   0.3147   0.3166   0.3185   0.3205   0.3224   0.3243   0.3263   0.3282   0.3301    0.332    0.334   0.3359   0.3378   0.3398   0.3417   0.3436   0.3456   0.3475   0.3494   0.3514   0.3533   0.3552   0.3571   0.3591    0.361   0.3629   0.3649   0.3668   0.3687   0.3707   0.3726   0.3745   0.3764   0.3784   0.3803   0.3822   0.3842   0.3861    0.388     0.39   0.3919   0.3938   0.3958   0.3977   0.3996   0.4015   0.4035   0.4054   0.4073   0.4093   0.4112   0.4131   0.4151    0.417   0.4189   0.4208   0.4228   0.4247   0.4266   0.4286   0.4305   0.4324   0.4344   0.4363   0.4382   0.4402   0.4421    0.444   0.4459   0.4479   0.4498   0.4517   0.4537   0.4556   0.4575   0.4595   0.4614   0.4633   0.4653   0.4672   0.4691    0.471    0.473   0.4749   0.4768   0.4788   0.4807   0.4826   0.4846   0.4865   0.4884   0.4903   0.4923   0.4942   0.4961   0.4981
    S      0.0      1.0   0.4634   0.6311   0.0525   0.0462   0.0602   0.2844   0.0436   0.0888   0.0213   0.4444   0.0317   0.1621   0.0317   0.1051   0.1146   0.3948   0.1269   0.1668   0.3847   0.0002   0.0458   0.3568   0.5772   0.0807   0.1507   0.0194   0.0777   0.0969   0.4244   0.0156   0.2931   0.0304   0.2509   0.0081   0.0456   0.0934    0.198   0.1083   0.0083   0.0054    0.153   0.0343   0.3974   0.0392   0.1301   0.1789   0.2511   0.0707   0.3293   0.0247   0.0656    0.044   0.0915   0.5818   0.1792   0.0741   0.0322   0.2432   0.0648   0.1671   0.0947   0.4923   0.0272   0.0151   0.2898   0.0133   0.0284   0.0141   0.0618   0.0629   0.0342   0.0663   0.0656   0.0142   0.1747   0.0031   0.1075   0.1848   0.0166   0.3163   0.0326    0.146   0.1275   0.0794   0.0416   0.2089   0.0242   0.0896   0.1366   0.1578   0.0023   0.2593   0.0977   0.1112   0.0555   0.0406   0.0253   0.0604   0.0077   0.0737   0.2702   0.0337   0.1131   0.0957   0.0776   0.0167   0.0129   0.1654   0.0465   0.0256     0.02   0.0041   0.1476   0.2539   0.1106   0.1521   0.0263   0.0147   0.0343   0.0312   0.1139   0.0627   0.0065   0.0852   0.0429   0.0519   0.0006   0.0899   0.2609   0.0305   0.0064    0.128   0.3307   0.1671   0.0507   0.0005   0.1626   0.2726   0.0286   0.4889   0.0762   0.0313   0.0047   0.0489   0.0322    0.092   0.2277   0.2477    0.096   0.0386   0.1531   0.3021   0.0744   0.2092   0.0484   0.0056   0.2962   0.0468   0.4047   0.0634   0.2228   0.0037   0.0538   0.2015   0.0187   0.1657   0.2074   0.0112   0.2597   0.0855   0.0169   0.0688   0.3527   0.0248   0.1468   0.0523   0.0482   0.0302   0.5167   0.0241   0.1633   0.0598   0.1717   0.0132   0.0565   0.2007   0.1625   0.0549   0.0307   0.2316   0.3167   0.0076   0.2134   0.0097   0.1973   0.2384   0.2623   0.3004   0.1088   0.2466   0.0305   0.1679   0.0079   0.0406   0.0318   0.1189   0.0367    0.188   0.0589   0.2415   0.1125   0.0698   0.0503   0.0295   0.0415   0.2757   0.0149   0.0581   0.0311   0.0223   0.0154   0.0204   0.0766   0.1297   0.0037   0.0054   0.0195    0.105   0.1657   0.1114   0.7004   0.1432   0.1433   0.0431   0.1566    0.028   0.0918   0.0227   0.0367   0.1605   0.0664   0.2511   0.0447   0.2305   0.0905   0.0456   0.0437   0.1483   0.0349   0.0327   0.0543   0.0266   0.1161   0.0696    0.129   0.0451   0.2441
  snr   -14.93
    H     5.08
 exon    False

M: alg1
 freq      0.0   0.0019   0.0039   0.0058   0.0077   0.0096   0.0116   0.0135   0.0154   0.0173   0.0193   0.0212   0.0231    0.025    0.027   0.0289   0.0308   0.0328   0.0347   0.0366   0.0385   0.0405   0.0424   0.0443   0.0462   0.0482   0.0501    0.052   0.0539   0.0559   0.0578   0.0597   0.0617   0.0636   0.0655   0.0674   0.0694   0.0713   0.0732   0.0751   0.0771    0.079   0.0809   0.0829   0.0848   0.0867   0.0886   0.0906   0.0925   0.0944   0.0963   0.0983   0.1002   0.1021    0.104    0.106   0.1079   0.1098   0.1118   0.1137   0.1156   0.1175   0.1195   0.1214   0.1233   0.1252   0.1272   0.1291    0.131   0.1329   0.1349   0.1368   0.1387   0.1407   0.1426   0.1445   0.1464   0.1484   0.1503   0.1522   0.1541   0.1561    0.158   0.1599   0.1618   0.1638   0.1657   0.1676   0.1696   0.1715   0.1734   0.1753   0.1773   0.1792   0.1811    0.183    0.185   0.1869   0.1888   0.1908   0.1927   0.1946   0.1965   0.1985   0.2004   0.2023   0.2042   0.2062   0.2081     0.21   0.2119   0.2139   0.2158   0.2177   0.2197   0.2216   0.2235   0.2254   0.2274   0.2293   0.2312   0.2331   0.2351    0.237   0.2389   0.2408   0.2428   0.2447   0.2466   0.2486   0.2505   0.2524   0.2543   0.2563   0.2582   0.2601    0.262    0.264   0.2659   0.2678   0.2697   0.2717   0.2736   0.2755   0.2775   0.2794   0.2813   0.2832   0.2852   0.2871    0.289   0.2909   0.2929   0.2948   0.2967   0.2987   0.3006   0.3025   0.3044   0.3064   0.3083   0.3102   0.3121   0.3141    0.316   0.3179   0.3198   0.3218   0.3237   0.3256   0.3276   0.3295   0.3314   0.3333   0.3353   0.3372   0.3391    0.341    0.343   0.3449   0.3468   0.3487   0.3507   0.3526   0.3545   0.3565   0.3584   0.3603   0.3622   0.3642   0.3661    0.368   0.3699   0.3719   0.3738   0.3757   0.3776   0.3796   0.3815   0.3834   0.3854   0.3873   0.3892   0.3911   0.3931    0.395   0.3969   0.3988   0.4008   0.4027   0.4046   0.4066   0.4085   0.4104   0.4123   0.4143   0.4162   0.4181     0.42    0.422   0.4239   0.4258   0.4277   0.4297   0.4316   0.4335   0.4355   0.4374   0.4393   0.4412   0.4432   0.4451    0.447   0.4489   0.4509   0.4528   0.4547   0.4566   0.4586   0.4605   0.4624   0.4644   0.4663   0.4682   0.4701   0.4721    0.474   0.4759   0.4778   0.4798   0.4817   0.4836   0.4855   0.4875   0.4894   0.4913   0.4933   0.4952   0.4971    0.499
    S      0.0   0.2786   0.1439   0.1297   0.2373   0.1751   0.1485   0.0842   0.0988   0.1774   0.1457   0.2455   0.7861   0.0204   0.0122   0.6341   0.0869   0.0091   0.0405   0.0603   0.1474   0.1059    0.139   0.3477   0.0121    0.035   0.0757   0.3372   0.0287   0.1033   0.0614    0.371   0.0684   0.3786    0.161   0.1628   0.0958   0.2455   0.1175   0.0216    0.079   0.1661   0.0084   0.0438    0.118   0.2627   0.2065   0.0989   0.4788   0.1688   0.2614    0.157   0.3581   0.0514   0.0848   0.6102   0.2168   0.4768   0.2747   0.1256    0.251   0.0358    0.191   0.0851   0.1833   0.0959   0.8805   0.1569     0.02   0.0503   0.0845    0.034   0.0995   0.0703   0.0886   0.0807   0.0425   0.1358   0.0564   0.0215    0.087   0.1267    0.283   0.3272    0.188   0.0875   0.1404   0.1177   0.1548   0.2103   0.0241    0.312   0.0734   0.2877    0.221   0.1057    0.034   0.2421   0.1263    0.068   0.0171    0.037   0.1843   0.1278   0.0701   0.0835   0.0013   0.0824   0.0614   0.0278   0.0421   0.3548   0.0565   0.1925   0.1174   0.0192   0.1128   0.0274   0.1452   0.1071   0.2627      1.0   0.0235   0.0078   0.0194   0.2896   0.0975   0.0656   0.0638     0.22   0.4372    0.273   0.1034   0.0438   0.1176    0.018   0.0781   0.0167   0.5468   0.0541   0.0626    0.093   0.1098   0.1332   0.2163   0.2467   0.1806   0.2519   0.0792   0.0291   0.0748   0.0473   0.2487   0.1785   0.2849   0.2273    0.157   0.1106   0.2095   0.0154   0.1369   0.5213    0.111   0.0986    0.054   0.0679   0.1749   0.1951    0.418   0.1258   0.0606   0.0599   0.5613   0.1825    0.239   0.0074    0.108   0.1623   0.1543   0.1214   0.1386   0.1139    0.064   0.0384   0.0094   0.0511   0.2076   0.2431   0.0494   0.1302   0.1564   0.0361   0.1597   0.0553   0.0807   0.1326   0.3231   0.1229   0.0318   0.0887   0.0654   0.1822   0.0266   0.2557   0.0902   0.1552   0.3272   0.0671    0.259   0.1591   0.0145   0.0693   0.4025   0.0747   0.0099   0.0559   0.2588   0.2294   0.1704   0.3133   0.0167   0.0182   0.2288    0.082   0.1057   0.4034   0.2173     0.13     0.05   0.0077   0.0319   0.0404   0.1428   0.0808   0.4464   0.0562   0.2718   0.1676   0.0212   0.0552   0.0737   0.0457   0.1108   0.0785   0.1413   0.1293   0.0929   0.0538   0.0341   0.1444   0.3175   0.0353   0.0602   0.1234   0.1233   0.0828   0.0368   0.0412   0.1779   0.1865
  snr   -15.78
    H      5.2
 exon    False

M: alg2
 freq      0.0   0.0019   0.0039   0.0058   0.0077   0.0096   0.0116   0.0135   0.0154   0.0173   0.0193   0.0212   0.0231    0.025    0.027   0.0289   0.0308   0.0328   0.0347   0.0366   0.0385   0.0405   0.0424   0.0443   0.0462   0.0482   0.0501    0.052   0.0539   0.0559   0.0578   0.0597   0.0617   0.0636   0.0655   0.0674   0.0694   0.0713   0.0732   0.0751   0.0771    0.079   0.0809   0.0829   0.0848   0.0867   0.0886   0.0906   0.0925   0.0944   0.0963   0.0983   0.1002   0.1021    0.104    0.106   0.1079   0.1098   0.1118   0.1137   0.1156   0.1175   0.1195   0.1214   0.1233   0.1252   0.1272   0.1291    0.131   0.1329   0.1349   0.1368   0.1387   0.1407   0.1426   0.1445   0.1464   0.1484   0.1503   0.1522   0.1541   0.1561    0.158   0.1599   0.1618   0.1638   0.1657   0.1676   0.1696   0.1715   0.1734   0.1753   0.1773   0.1792   0.1811    0.183    0.185   0.1869   0.1888   0.1908   0.1927   0.1946   0.1965   0.1985   0.2004   0.2023   0.2042   0.2062   0.2081     0.21   0.2119   0.2139   0.2158   0.2177   0.2197   0.2216   0.2235   0.2254   0.2274   0.2293   0.2312   0.2331   0.2351    0.237   0.2389   0.2408   0.2428   0.2447   0.2466   0.2486   0.2505   0.2524   0.2543   0.2563   0.2582   0.2601    0.262    0.264   0.2659   0.2678   0.2697   0.2717   0.2736   0.2755   0.2775   0.2794   0.2813   0.2832   0.2852   0.2871    0.289   0.2909   0.2929   0.2948   0.2967   0.2987   0.3006   0.3025   0.3044   0.3064   0.3083   0.3102   0.3121   0.3141    0.316   0.3179   0.3198   0.3218   0.3237   0.3256   0.3276   0.3295   0.3314   0.3333   0.3353   0.3372   0.3391    0.341    0.343   0.3449   0.3468   0.3487   0.3507   0.3526   0.3545   0.3565   0.3584   0.3603   0.3622   0.3642   0.3661    0.368   0.3699   0.3719   0.3738   0.3757   0.3776   0.3796   0.3815   0.3834   0.3854   0.3873   0.3892   0.3911   0.3931    0.395   0.3969   0.3988   0.4008   0.4027   0.4046   0.4066   0.4085   0.4104   0.4123   0.4143   0.4162   0.4181     0.42    0.422   0.4239   0.4258   0.4277   0.4297   0.4316   0.4335   0.4355   0.4374   0.4393   0.4412   0.4432   0.4451    0.447   0.4489   0.4509   0.4528   0.4547   0.4566   0.4586   0.4605   0.4624   0.4644   0.4663   0.4682   0.4701   0.4721    0.474   0.4759   0.4778   0.4798   0.4817   0.4836   0.4855   0.4875   0.4894   0.4913   0.4933   0.4952   0.4971    0.499
    S      0.0   0.4995   0.4125      1.0   0.0294   0.1631   0.0681   0.2166   0.1153   0.0923    0.041   0.2954   0.0721   0.0641   0.0041   0.1503   0.1065   0.2251   0.2592   0.0057   0.1312    0.027   0.1289   0.6874   0.2687   0.0872   0.1755   0.0116   0.0567   0.0863   0.2017   0.2308   0.1001   0.0025   0.2204   0.0394   0.0561   0.1424   0.1546   0.0703   0.0313   0.1571   0.0776   0.1438   0.1368   0.1624   0.3229   0.4652   0.1232   0.3533   0.0391   0.0441   0.0189   0.0802    0.035   0.3052   0.3748   0.0552   0.0068   0.0482   0.0016   0.1521   0.0542   0.4746    0.041   0.0688   0.4295   0.0165    0.007   0.0267   0.0614   0.1415    0.145   0.2775   0.0778   0.1719   0.1846   0.1079   0.0142   0.1886   0.0197    0.254   0.1416   0.5921   0.0894   0.0172   0.0093   0.4368   0.0098   0.1124   0.0632   0.0887    0.024   0.1475   0.0634   0.1238   0.0093   0.0517   0.0541   0.0714   0.0642   0.0425   0.0687   0.0766   0.0115   0.1319   0.0357   0.0525   0.0347   0.1389   0.0665   0.0621   0.1593   0.1557   0.0913   0.0757   0.0293   0.0496   0.1302   0.0509    0.248    0.229   0.1157   0.0707   0.0322   0.0609   0.1166   0.0233   0.0365   0.1215   0.2398   0.0321   0.0979   0.1108   0.1719   0.2509   0.0066   0.0148   0.2206   0.0986   0.0414   0.1425   0.1961    0.135   0.0921   0.2027   0.1513    0.113   0.4025   0.0545   0.0508   0.1062   0.0467   0.2257   0.0745   0.0014   0.0077   0.0047   0.2251   0.1638   0.0462    0.062   0.0064   0.0494   0.1266   0.0039    0.054   0.1497   0.1377   0.0911    0.158   0.2367   0.0752    0.012    0.192   0.0512   0.0451   0.1298   0.0278   0.0015   0.1187   0.0023   0.2748   0.1888   0.0571   0.0894   0.2855    0.182   0.0356   0.1197   0.0743    0.149   0.0029   0.1289   0.0918   0.0665   0.1384    0.024   0.5079   0.1916   0.0322   0.3385   0.1014   0.1557   0.1779     0.07   0.1362   0.0692   0.0511   0.1016   0.0876   0.1876   0.0647   0.0191   0.0116   0.0659   0.1049    0.005   0.0789   0.3952   0.0479   0.0099   0.0169   0.0126   0.1826   0.1105   0.1289   0.0058   0.0347   0.0114   0.1259    0.071   0.1427    0.106   0.0168   0.0636    0.177   0.0636   0.1452   0.0133   0.0012   0.1402   0.1472   0.0332   0.1408   0.0318   0.1151   0.0711   0.0385   0.2384   0.2413   0.0454   0.0049   0.0725   0.1312   0.0033   0.0809   0.1535   0.1028   0.0074
  snr   -14.76
    H     5.14
 exon    False