>data-XVI-cerevisiae-intergenic-349
N: 327
Methods: voss, eiip, qpsk, mem, tbpse, snrse

M: voss
 freq      0.0   0.0031   0.0061   0.0092   0.0122   0.0153   0.0183   0.0214   0.0245   0.0275   0.0306   0.0336   0.0367   0.0398   0.0428   0.0459   0.0489    0.052    0.055   0.0581   0.0612   0.0642   0.0673   0.0703   0.0734   0.0765   0.0795   0.0826   0.0856   0.0887   0.0917   0.0948   0.0979   0.1009    0.104    0.107   0.1101   0.1131   0.1162   0.1193   0.1223   0.1254   0.1284   0.1315   0.1346   0.1376   0.1407   0.1437   0.1468   0.1498   0.1529    0.156    0.159   0.1621   0.1651   0.1682   0.1713   0.1743   0.1774   0.1804   0.1835   0.1865   0.1896   0.1927   0.1957   0.1988   0.2018   0.2049    0.208    0.211   0.2141   0.2171   0.2202   0.2232   0.2263   0.2294   0.2324   0.2355   0.2385   0.2416   0.2446   0.2477   0.2508   0.2538   0.2569   0.2599    0.263   0.2661   0.2691   0.2722   0.2752   0.2783   0.2813   0.2844   0.2875   0.2905   0.2936   0.2966   0.2997   0.3028   0.3058   0.3089   0.3119    0.315    0.318   0.3211   0.3242   0.3272   0.3303   0.3333   0.3364   0.3394   0.3425   0.3456   0.3486   0.3517   0.3547   0.3578   0.3609   0.3639    0.367     0.37   0.3731   0.3761   0.3792   0.3823   0.3853   0.3884   0.3914   0.3945   0.3976   0.4006   0.4037   0.4067   0.4098   0.4128   0.4159    0.419    0.422   0.4251   0.4281   0.4312   0.4343   0.4373   0.4404   0.4434   0.4465   0.4495   0.4526   0.4557   0.4587   0.4618   0.4648   0.4679   0.4709    0.474   0.4771   0.4801   0.4832   0.4862   0.4893   0.4924   0.4954   0.4985
    S      0.0   0.1517   0.1131   0.3875   0.5114   0.6428   0.4686   0.3633   0.1958   0.1939   0.4545    0.503   0.4638   0.5919   0.4936   0.4455   0.2733   0.2374   0.1572   0.2837   0.1157   0.1184   0.1581   0.1952     0.61   0.1515    0.284   0.1407   0.6154   0.2143   0.4467   0.0962   0.5636   0.3647    0.436   0.1675    0.432   0.1634   0.4642   0.1555   0.2569   0.2386   0.7134   0.1758   0.5586   0.1108   0.2603   0.8381   0.0443   0.0776   0.1182   0.3409   0.2015   0.0411   0.5137   0.1788   0.3029   0.2231   0.2499   0.2656   0.8081    0.313   0.5136   0.3247   0.1961   0.2122   0.2156   0.3908   0.0552   0.4066   0.1222      1.0    0.122   0.1598   0.0844   0.1655   0.4849   0.3929   0.2558   0.1702   0.2075   0.1809   0.1779   0.2592   0.2226   0.3241   0.3126   0.1823   0.5772   0.2203   0.2291   0.1777    0.213   0.1007   0.1733   0.1409   0.1799   0.0879   0.6365   0.0742   0.2019   0.1379   0.2479    0.064   0.1655   0.1833   0.1395   0.4043   0.1927   0.2692   0.1139   0.3715   0.2306   0.0882   0.0422   0.2406   0.3536   0.1956   0.1581    0.217   0.1456   0.2322   0.4777   0.1917    0.802   0.1796   0.2434    0.107   0.1694   0.7384   0.4151   0.2161   0.1831   0.2032   0.2297   0.0662   0.0676   0.1375   0.2756   0.3315   0.3934   0.0914   0.1684   0.4093   0.3446   0.5053   0.2073   0.0527   0.4335   0.4078   0.1876   0.1799   0.1744   0.2345   0.3548   0.3178   0.3411   0.4161   0.1124   0.0563    0.165   0.4036   0.3193   0.0531
  snr   -16.47
    H     4.91
 exon    False

M: eiip
 freq      0.0   0.0031   0.0061   0.0092   0.0122   0.0153   0.0183   0.0214   0.0245   0.0275   0.0306   0.0336   0.0367   0.0398   0.0428   0.0459   0.0489    0.052    0.055   0.0581   0.0612   0.0642   0.0673   0.0703   0.0734   0.0765   0.0795   0.0826   0.0856   0.0887   0.0917   0.0948   0.0979   0.1009    0.104    0.107   0.1101   0.1131   0.1162   0.1193   0.1223   0.1254   0.1284   0.1315   0.1346   0.1376   0.1407   0.1437   0.1468   0.1498   0.1529    0.156    0.159   0.1621   0.1651   0.1682   0.1713   0.1743   0.1774   0.1804   0.1835   0.1865   0.1896   0.1927   0.1957   0.1988   0.2018   0.2049    0.208    0.211   0.2141   0.2171   0.2202   0.2232   0.2263   0.2294   0.2324   0.2355   0.2385   0.2416   0.2446   0.2477   0.2508   0.2538   0.2569   0.2599    0.263   0.2661   0.2691   0.2722   0.2752   0.2783   0.2813   0.2844   0.2875   0.2905   0.2936   0.2966   0.2997   0.3028   0.3058   0.3089   0.3119    0.315    0.318   0.3211   0.3242   0.3272   0.3303   0.3333   0.3364   0.3394   0.3425   0.3456   0.3486   0.3517   0.3547   0.3578   0.3609   0.3639    0.367     0.37   0.3731   0.3761   0.3792   0.3823   0.3853   0.3884   0.3914   0.3945   0.3976   0.4006   0.4037   0.4067   0.4098   0.4128   0.4159    0.419    0.422   0.4251   0.4281   0.4312   0.4343   0.4373   0.4404   0.4434   0.4465   0.4495   0.4526   0.4557   0.4587   0.4618   0.4648   0.4679   0.4709    0.474   0.4771   0.4801   0.4832   0.4862   0.4893   0.4924   0.4954   0.4985
    S      0.0   0.1649   0.1612   0.1851   0.4983   0.3418     0.13   0.0824    0.205   0.0714   0.0142   0.6429   0.5154   0.3245   0.1326   0.6312   0.5482   0.0561   0.0003   0.0598    0.123   0.0773   0.1743   0.0615   0.5518   0.0379   0.4331    0.008    0.008    0.017   0.0793    0.102   0.5211   0.4868   0.5344   0.1775   0.5674   0.2635   0.2854   0.0221   0.1312   0.2077    0.147   0.3603   0.2749   0.1183   0.1933   0.3513   0.0667   0.0886   0.0151   0.5693    0.004   0.0017    0.782   0.3034   0.3019   0.1424   0.3663   0.3454   0.3989   0.0381   0.2694   0.0593   0.0596   0.4275   0.2303   0.4992   0.0075   0.0658   0.0636   0.4333   0.0121   0.1735   0.1013   0.1465   0.7664   0.0722   0.3687   0.2372   0.3548   0.0209   0.2027   0.1031   0.2501   0.1555   0.1115    0.108   0.4169   0.0561   0.3767   0.3739   0.1962   0.0108   0.2937   0.2533   0.0871   0.0314   0.0427   0.0015   0.4247    0.036   0.3192     0.04   0.2251    0.113    0.236   0.2043   0.2377     0.07   0.0098   0.0152   0.1546    0.178   0.0258   0.0478   0.4066   0.3345   0.0948   0.2907   0.1347   0.0418    0.014   0.2265   0.1452   0.2545   0.2539   0.0838   0.0935      1.0   0.0282   0.0226   0.0774   0.4114   0.2709    0.017   0.0285   0.2433   0.2823   0.3754   0.9413    0.018    0.287   0.7009   0.0316   0.5893   0.0502   0.1081   0.5079   0.7203   0.0542   0.0017    0.087   0.2452   0.4677   0.0418   0.4443   0.1625   0.0291    0.052   0.1563   0.6308   0.0834   0.0946
  snr   -15.43
    H     4.68
 exon    False

M: qpsk
 freq      0.0   0.0031   0.0061   0.0092   0.0122   0.0153   0.0183   0.0214   0.0245   0.0275   0.0306   0.0336   0.0367   0.0398   0.0428   0.0459   0.0489    0.052    0.055   0.0581   0.0612   0.0642   0.0673   0.0703   0.0734   0.0765   0.0795   0.0826   0.0856   0.0887   0.0917   0.0948   0.0979   0.1009    0.104    0.107   0.1101   0.1131   0.1162   0.1193   0.1223   0.1254   0.1284   0.1315   0.1346   0.1376   0.1407   0.1437   0.1468   0.1498   0.1529    0.156    0.159   0.1621   0.1651   0.1682   0.1713   0.1743   0.1774   0.1804   0.1835   0.1865   0.1896   0.1927   0.1957   0.1988   0.2018   0.2049    0.208    0.211   0.2141   0.2171   0.2202   0.2232   0.2263   0.2294   0.2324   0.2355   0.2385   0.2416   0.2446   0.2477   0.2508   0.2538   0.2569   0.2599    0.263   0.2661   0.2691   0.2722   0.2752   0.2783   0.2813   0.2844   0.2875   0.2905   0.2936   0.2966   0.2997   0.3028   0.3058   0.3089   0.3119    0.315    0.318   0.3211   0.3242   0.3272   0.3303   0.3333   0.3364   0.3394   0.3425   0.3456   0.3486   0.3517   0.3547   0.3578   0.3609   0.3639    0.367     0.37   0.3731   0.3761   0.3792   0.3823   0.3853   0.3884   0.3914   0.3945   0.3976   0.4006   0.4037   0.4067   0.4098   0.4128   0.4159    0.419    0.422   0.4251   0.4281   0.4312   0.4343   0.4373   0.4404   0.4434   0.4465   0.4495   0.4526   0.4557   0.4587   0.4618   0.4648   0.4679   0.4709    0.474   0.4771   0.4801   0.4832   0.4862   0.4893   0.4924   0.4954   0.4985
    S      0.0    0.188   0.0842   0.3037   0.4323   0.7121   0.4051   0.2337   0.2205   0.1434   0.1869   0.5546   0.5765   0.5728   0.3961   0.4822   0.2394   0.1066   0.2127   0.2592   0.0851   0.1447   0.1765   0.2489   0.8401    0.146   0.3857   0.0924   0.2697   0.2272   0.2098   0.1294    0.596   0.3665    0.085   0.1974   0.5669   0.1653   0.4151   0.1035   0.3217   0.1276   0.2582    0.212   0.2645   0.1523   0.2358   0.3651   0.0533   0.0852   0.0395   0.4574   0.1749   0.0441   0.5579   0.1876   0.4132   0.1103   0.3081   0.2259    0.647   0.2234   0.6631   0.1809   0.0856   0.2228   0.2121   0.4675   0.0512   0.5616   0.1566   0.1686   0.0573   0.2169   0.0129   0.1647   0.5442   0.3468   0.3526   0.1465    0.117   0.0342   0.2185   0.1229   0.3102   0.3713   0.1997     0.19   0.5964   0.1617   0.2949    0.235   0.2325   0.1273   0.2375   0.1941   0.2109   0.0755   0.5359   0.0252   0.1957   0.0868   0.2718   0.0891   0.2161   0.2282   0.1534    0.196   0.2363   0.0988   0.0728   0.3142   0.0759   0.0846   0.0421   0.2775    0.274   0.2621    0.134   0.0718   0.1723   0.2153   0.5342   0.1392   0.8959    0.234   0.2741   0.1242   0.1795      1.0   0.5155   0.1002   0.2339   0.2478   0.2829   0.0803   0.0506   0.1812    0.269   0.4384   0.5071   0.0566   0.2318   0.2561   0.4489   0.6478   0.0495    0.037   0.5892   0.4062    0.095   0.2019   0.1865   0.1729   0.0566   0.2984   0.1922   0.5199   0.0503   0.0603   0.1194   0.4483   0.2811   0.0152
  snr   -16.11
    H     4.86
 exon    False

M: mem
 freq      0.0   0.0031   0.0061   0.0092   0.0123   0.0153   0.0184   0.0215   0.0245   0.0276   0.0307   0.0337   0.0368   0.0399   0.0429    0.046   0.0491   0.0521   0.0552   0.0583   0.0613   0.0644   0.0675   0.0706   0.0736   0.0767   0.0798   0.0828   0.0859    0.089    0.092   0.0951   0.0982   0.1012   0.1043   0.1074   0.1104   0.1135   0.1166   0.1196   0.1227   0.1258   0.1288   0.1319    0.135    0.138   0.1411   0.1442   0.1472   0.1503   0.1534   0.1564   0.1595   0.1626   0.1656   0.1687   0.1718   0.1748   0.1779    0.181    0.184   0.1871   0.1902   0.1933   0.1963   0.1994   0.2025   0.2055   0.2086   0.2117   0.2147   0.2178   0.2209   0.2239    0.227   0.2301   0.2331   0.2362   0.2393   0.2423   0.2454   0.2485   0.2515   0.2546   0.2577   0.2607   0.2638   0.2669   0.2699    0.273   0.2761   0.2791   0.2822   0.2853   0.2883   0.2914   0.2945   0.2975   0.3006   0.3037   0.3067   0.3098   0.3129    0.316    0.319   0.3221   0.3252   0.3282   0.3313   0.3344   0.3374   0.3405   0.3436   0.3466   0.3497   0.3528   0.3558   0.3589    0.362    0.365   0.3681   0.3712   0.3742   0.3773   0.3804   0.3834   0.3865   0.3896   0.3926   0.3957   0.3988   0.4018   0.4049    0.408    0.411   0.4141   0.4172   0.4202   0.4233   0.4264   0.4294   0.4325   0.4356   0.4387   0.4417   0.4448   0.4479   0.4509    0.454   0.4571   0.4601   0.4632   0.4663   0.4693   0.4724   0.4755   0.4785   0.4816   0.4847   0.4877   0.4908   0.4939   0.4969
    S      0.0    0.073   0.0518   0.2227    0.225   0.0218   0.1683   0.1573   0.0796   0.2253   0.5106   0.1827   0.0175   0.1468     0.11   0.2938   0.1372   0.1284   0.0181   0.1985   0.0797   0.0398   0.0071   0.0025    0.037   0.1128   0.0255   0.0156   0.3952   0.0719   0.2881   0.0003   0.1502    0.093   0.4106   0.0879   0.0479   0.0259   0.4414   0.1589   0.0941   0.1799   0.4603   0.1663   0.2136   0.0011   0.1342      1.0   0.0103   0.0366   0.0677   0.0183   0.1882   0.0046   0.1209   0.0088   0.0505   0.1356   0.2116   0.2399   0.0615   0.3145   0.0186   0.1548    0.243   0.0141   0.1902   0.0588   0.0006   0.1124   0.0964   0.7323   0.1129    0.041   0.0586    0.166   0.1952   0.0304   0.0034   0.0426   0.2016   0.1304   0.1234   0.0678   0.0375   0.0064   0.2059   0.0285   0.1449   0.0605   0.0862   0.0202     0.02    0.004   0.0016   0.0111   0.0856   0.1585   0.1093   0.1053   0.0701   0.1085   0.0203   0.0398   0.0171   0.0229   0.0485   0.0729   0.2658   0.0666   0.0009   0.0826   0.4121    0.012   0.0151   0.0383   0.4338   0.1051    0.037   0.0884   0.0308   0.0017   0.1317   0.0366   0.0009   0.2122   0.0115   0.0148   0.1371   0.1825   0.1342   0.0477   0.0078   0.1307   0.0503   0.0694   0.1095   0.0069   0.0048   0.0799   0.1134    0.057   0.2069   0.0892   0.0012   0.3534   0.1308   0.0465   0.0339   0.0644    0.129    0.067   0.5108   0.2536   0.0518   0.2136   0.1617   0.0236   0.1679   0.1117   0.0976   0.1428    0.303
  snr   -12.73
    H      4.6
 exon    False

M: tbpse
 freq      0.0   0.0031   0.0061   0.0092   0.0122   0.0153   0.0183   0.0214   0.0245   0.0275   0.0306   0.0336   0.0367   0.0398   0.0428   0.0459   0.0489    0.052    0.055   0.0581   0.0612   0.0642   0.0673   0.0703   0.0734   0.0765   0.0795   0.0826   0.0856   0.0887   0.0917   0.0948   0.0979   0.1009    0.104    0.107   0.1101   0.1131   0.1162   0.1193   0.1223   0.1254   0.1284   0.1315   0.1346   0.1376   0.1407   0.1437   0.1468   0.1498   0.1529    0.156    0.159   0.1621   0.1651   0.1682   0.1713   0.1743   0.1774   0.1804   0.1835   0.1865   0.1896   0.1927   0.1957   0.1988   0.2018   0.2049    0.208    0.211   0.2141   0.2171   0.2202   0.2232   0.2263   0.2294   0.2324   0.2355   0.2385   0.2416   0.2446   0.2477   0.2508   0.2538   0.2569   0.2599    0.263   0.2661   0.2691   0.2722   0.2752   0.2783   0.2813   0.2844   0.2875   0.2905   0.2936   0.2966   0.2997   0.3028   0.3058   0.3089   0.3119    0.315    0.318   0.3211   0.3242   0.3272   0.3303   0.3333   0.3364   0.3394   0.3425   0.3456   0.3486   0.3517   0.3547   0.3578   0.3609   0.3639    0.367     0.37   0.3731   0.3761   0.3792   0.3823   0.3853   0.3884   0.3914   0.3945   0.3976   0.4006   0.4037   0.4067   0.4098   0.4128   0.4159    0.419    0.422   0.4251   0.4281   0.4312   0.4343   0.4373   0.4404   0.4434   0.4465   0.4495   0.4526   0.4557   0.4587   0.4618   0.4648   0.4679   0.4709    0.474   0.4771   0.4801   0.4832   0.4862   0.4893   0.4924   0.4954   0.4985
    S      0.0   0.0295   0.0541   0.2008   0.2914    0.451    0.417   0.3686   0.0802   0.0719   0.3969   0.0636   0.2299   0.5078   0.4587    0.131   0.0964   0.2088   0.0204   0.1437   0.0814   0.0347   0.0206   0.0431   0.0113   0.0714   0.1279   0.1205   0.6407   0.1156   0.3981   0.0082   0.3026   0.0743   0.3229   0.0382   0.1691   0.0742   0.1504   0.1532   0.0429   0.1707   0.7478   0.0227   0.4918   0.0061   0.1207   0.6755   0.0143   0.0104   0.1191   0.1367   0.0912   0.0224   0.1315   0.0371    0.022    0.149   0.0463   0.0581   0.6833   0.1409   0.2458   0.2985    0.175   0.0611   0.0319   0.1823   0.0276   0.0042   0.0082      1.0   0.1327   0.0272   0.0595   0.0279   0.0488   0.2964   0.0149   0.0705   0.0995   0.1898   0.0341   0.2408   0.0519   0.1349   0.2522    0.108   0.4105   0.1472   0.0605   0.0161   0.1102    0.017    0.051   0.0252   0.0195   0.0666   0.5288   0.0749   0.0356   0.1097   0.0606   0.0092   0.0049   0.0313   0.0142   0.3407   0.0343   0.2819   0.1126   0.2751   0.1793   0.0181   0.0297   0.1414   0.1163   0.0171   0.0674   0.1425   0.0391   0.1521   0.1971   0.1168   0.5066   0.0286   0.0243   0.0212   0.0324    0.184   0.0763   0.1975   0.0751    0.044   0.0303   0.0226   0.0257   0.0209   0.1135   0.0134   0.0561   0.0737   0.0318   0.2057   0.1093   0.0289   0.1844   0.0178   0.2046   0.1429   0.1582    0.034     0.02   0.1251   0.2614   0.2196   0.1898    0.167   0.0879   0.0327   0.0478   0.0892   0.0943   0.0261
  snr   -13.43
    H     4.59
 exon    False

M: snrse
 freq      0.0   0.0031   0.0061   0.0092   0.0122   0.0153   0.0183   0.0214   0.0245   0.0275   0.0306   0.0336   0.0367   0.0398   0.0428   0.0459   0.0489    0.052    0.055   0.0581   0.0612   0.0642   0.0673   0.0703   0.0734   0.0765   0.0795   0.0826   0.0856   0.0887   0.0917   0.0948   0.0979   0.1009    0.104    0.107   0.1101   0.1131   0.1162   0.1193   0.1223   0.1254   0.1284   0.1315   0.1346   0.1376   0.1407   0.1437   0.1468   0.1498   0.1529    0.156    0.159   0.1621   0.1651   0.1682   0.1713   0.1743   0.1774   0.1804   0.1835   0.1865   0.1896   0.1927   0.1957   0.1988   0.2018   0.2049    0.208    0.211   0.2141   0.2171   0.2202   0.2232   0.2263   0.2294   0.2324   0.2355   0.2385   0.2416   0.2446   0.2477   0.2508   0.2538   0.2569   0.2599    0.263   0.2661   0.2691   0.2722   0.2752   0.2783   0.2813   0.2844   0.2875   0.2905   0.2936   0.2966   0.2997   0.3028   0.3058   0.3089   0.3119    0.315    0.318   0.3211   0.3242   0.3272   0.3303   0.3333   0.3364   0.3394   0.3425   0.3456   0.3486   0.3517   0.3547   0.3578   0.3609   0.3639    0.367     0.37   0.3731   0.3761   0.3792   0.3823   0.3853   0.3884   0.3914   0.3945   0.3976   0.4006   0.4037   0.4067   0.4098   0.4128   0.4159    0.419    0.422   0.4251   0.4281   0.4312   0.4343   0.4373   0.4404   0.4434   0.4465   0.4495   0.4526   0.4557   0.4587   0.4618   0.4648   0.4679   0.4709    0.474   0.4771   0.4801   0.4832   0.4862   0.4893   0.4924   0.4954   0.4985
    S      0.0   0.0191   0.0804   0.1916   0.2251   0.1415   0.1247   0.1672   0.0303   0.0725   0.2521   0.1991   0.0628   0.1305   0.2081   0.1244   0.1744   0.1885   0.0153   0.0656   0.0591   0.0058   0.0813   0.0458   0.0977   0.0396   0.0176   0.0851   0.3912    0.044   0.3534   0.0196   0.1419   0.2219   0.4711   0.0299   0.0253   0.0754   0.1338   0.0577   0.0644   0.1897   0.4982   0.0548   0.4153    0.017   0.0781    0.507   0.0138   0.0196   0.0967   0.0387   0.0389   0.0144   0.2538   0.0895   0.0296   0.2006   0.0671   0.1534    0.383   0.1154   0.0627   0.2379   0.1508   0.0866   0.0698   0.0744   0.0256   0.0264    0.032      1.0   0.0794   0.0098   0.0892   0.0732   0.1928   0.1841    0.044   0.1134   0.1959   0.1452   0.0404   0.1771   0.0133   0.1031   0.1852   0.0234   0.1759   0.0728   0.0437   0.0493   0.0738   0.0208   0.0224   0.0206   0.0307   0.0298   0.2433   0.0458   0.1058   0.0939   0.1004   0.0048   0.0458   0.0535   0.0756    0.337   0.0309   0.1974   0.0661   0.1319   0.2064   0.0429   0.0105    0.046   0.1668   0.0425   0.0945   0.2024   0.0304   0.1091    0.132   0.1319   0.2065   0.0281   0.0755   0.0323   0.0382   0.0606    0.039   0.1562   0.0182   0.0584   0.0487   0.0169   0.0247   0.0297   0.1416    0.066   0.1148   0.0406   0.0231   0.3291   0.0427   0.1046   0.1556   0.0442   0.0249   0.2182   0.1088   0.0146   0.0358   0.1197   0.4121    0.082   0.2705   0.0624   0.0845   0.0166   0.0835   0.1981    0.082   0.0548
  snr   -12.48
    H     4.68
 exon    False