>data-XIV-cerevisiae-intergenic-302
N: 327
Methods: voss, eiip, qpsk, mem, alg1, alg2

M: voss
 freq      0.0   0.0031   0.0061   0.0092   0.0122   0.0153   0.0183   0.0214   0.0245   0.0275   0.0306   0.0336   0.0367   0.0398   0.0428   0.0459   0.0489    0.052    0.055   0.0581   0.0612   0.0642   0.0673   0.0703   0.0734   0.0765   0.0795   0.0826   0.0856   0.0887   0.0917   0.0948   0.0979   0.1009    0.104    0.107   0.1101   0.1131   0.1162   0.1193   0.1223   0.1254   0.1284   0.1315   0.1346   0.1376   0.1407   0.1437   0.1468   0.1498   0.1529    0.156    0.159   0.1621   0.1651   0.1682   0.1713   0.1743   0.1774   0.1804   0.1835   0.1865   0.1896   0.1927   0.1957   0.1988   0.2018   0.2049    0.208    0.211   0.2141   0.2171   0.2202   0.2232   0.2263   0.2294   0.2324   0.2355   0.2385   0.2416   0.2446   0.2477   0.2508   0.2538   0.2569   0.2599    0.263   0.2661   0.2691   0.2722   0.2752   0.2783   0.2813   0.2844   0.2875   0.2905   0.2936   0.2966   0.2997   0.3028   0.3058   0.3089   0.3119    0.315    0.318   0.3211   0.3242   0.3272   0.3303   0.3333   0.3364   0.3394   0.3425   0.3456   0.3486   0.3517   0.3547   0.3578   0.3609   0.3639    0.367     0.37   0.3731   0.3761   0.3792   0.3823   0.3853   0.3884   0.3914   0.3945   0.3976   0.4006   0.4037   0.4067   0.4098   0.4128   0.4159    0.419    0.422   0.4251   0.4281   0.4312   0.4343   0.4373   0.4404   0.4434   0.4465   0.4495   0.4526   0.4557   0.4587   0.4618   0.4648   0.4679   0.4709    0.474   0.4771   0.4801   0.4832   0.4862   0.4893   0.4924   0.4954   0.4985
    S      0.0   0.4441   0.6452   0.4816    0.613   0.0745   0.3159   0.2073   0.3769   0.3447    0.152   0.2961   0.1736   0.3203   0.3259   0.1535   0.1354   0.0999   0.5095   0.7821   0.5912   0.4695    0.203   0.1405      1.0   0.2186   0.1778   0.1122   0.4035   0.3769   0.2979   0.3105   0.1689   0.1981    0.421   0.0928   0.5362    0.428   0.2539    0.204   0.1082   0.3288   0.3458   0.3786   0.2251   0.5245   0.1408   0.1401   0.2803   0.3297   0.1168    0.106   0.3465   0.1875   0.4712   0.1742   0.2345   0.2743   0.0974   0.1862   0.2979   0.1427    0.335   0.3121   0.1041   0.2804   0.2726   0.2475   0.1132   0.2818   0.2147   0.0551   0.1488   0.3268   0.5452   0.2348    0.254   0.2087   0.3308   0.1971   0.6834   0.1592   0.0294   0.3573    0.291   0.4015   0.1702   0.2755   0.2285   0.3723   0.1254   0.3176   0.0673   0.1327   0.0686   0.3943   0.1561   0.0375   0.3329   0.2606   0.2129   0.1468   0.1602    0.165   0.0489   0.0813   0.1868   0.2498   0.0948   0.2171   0.1847   0.4143   0.1587   0.1742   0.1729   0.2507   0.1975   0.1404   0.2844   0.2997    0.132   0.1609   0.2702   0.2805   0.1943   0.2333   0.1221   0.2927   0.3229   0.3686   0.3032   0.2182   0.2364   0.1868   0.2002   0.1893   0.3214    0.323    0.279   0.0761   0.1789   0.2846    0.259   0.0822   0.0618    0.233   0.4224   0.3898   0.2477   0.3183   0.4888   0.1359   0.1406   0.1053   0.1228   0.1149   0.0979   0.1635   0.5514   0.2208   0.0177   0.0247   0.2951   0.2781
  snr   -16.09
    H     4.93
 exon    False

M: eiip
 freq      0.0   0.0031   0.0061   0.0092   0.0122   0.0153   0.0183   0.0214   0.0245   0.0275   0.0306   0.0336   0.0367   0.0398   0.0428   0.0459   0.0489    0.052    0.055   0.0581   0.0612   0.0642   0.0673   0.0703   0.0734   0.0765   0.0795   0.0826   0.0856   0.0887   0.0917   0.0948   0.0979   0.1009    0.104    0.107   0.1101   0.1131   0.1162   0.1193   0.1223   0.1254   0.1284   0.1315   0.1346   0.1376   0.1407   0.1437   0.1468   0.1498   0.1529    0.156    0.159   0.1621   0.1651   0.1682   0.1713   0.1743   0.1774   0.1804   0.1835   0.1865   0.1896   0.1927   0.1957   0.1988   0.2018   0.2049    0.208    0.211   0.2141   0.2171   0.2202   0.2232   0.2263   0.2294   0.2324   0.2355   0.2385   0.2416   0.2446   0.2477   0.2508   0.2538   0.2569   0.2599    0.263   0.2661   0.2691   0.2722   0.2752   0.2783   0.2813   0.2844   0.2875   0.2905   0.2936   0.2966   0.2997   0.3028   0.3058   0.3089   0.3119    0.315    0.318   0.3211   0.3242   0.3272   0.3303   0.3333   0.3364   0.3394   0.3425   0.3456   0.3486   0.3517   0.3547   0.3578   0.3609   0.3639    0.367     0.37   0.3731   0.3761   0.3792   0.3823   0.3853   0.3884   0.3914   0.3945   0.3976   0.4006   0.4037   0.4067   0.4098   0.4128   0.4159    0.419    0.422   0.4251   0.4281   0.4312   0.4343   0.4373   0.4404   0.4434   0.4465   0.4495   0.4526   0.4557   0.4587   0.4618   0.4648   0.4679   0.4709    0.474   0.4771   0.4801   0.4832   0.4862   0.4893   0.4924   0.4954   0.4985
    S      0.0   0.1825   0.5704   0.2972    0.598   0.0141   0.3346    0.179   0.2071   0.8049   0.2569   0.3492   0.2056   0.2102   0.0577    0.014   0.0696   0.0737   0.2943   0.2686   0.0941   0.1278   0.0716   0.1084      1.0   0.1317   0.1277   0.1287   0.2261   0.0101    0.305   0.6379   0.2717   0.0525   0.1974   0.0848   0.0653   0.0678   0.2141   0.0467    0.084   0.1489   0.0585    0.343   0.0379   0.3275   0.0674    0.321   0.2591   0.1092   0.0184   0.0019   0.0441   0.0177   0.5787   0.0037   0.3344   0.1644   0.0711   0.2617   0.0197   0.0257    0.658   0.4393   0.2096   0.3065     0.38    0.062   0.0619   0.2354   0.0043   0.0376   0.0923   0.0634     0.39   0.1716   0.1678   0.2464   0.0227   0.2497   0.0745   0.3211   0.0094   0.0263   0.4319   0.1426   0.2036   0.2002    0.015   0.4169   0.0537   0.1687   0.0187   0.0737   0.0331   0.5361   0.0749   0.0584   0.3075   0.0087   0.3203   0.2581   0.1927   0.0521   0.0487   0.0469   0.1018   0.1606   0.0112   0.0091   0.2449   0.5851    0.017   0.2214   0.0748   0.4503   0.1502   0.1394   0.1186   0.0067    0.015   0.2056   0.2017   0.1626   0.1203   0.3616   0.0368    0.249    0.025   0.1436   0.4671   0.0226   0.4278   0.1878   0.3003   0.2156   0.5839   0.1064   0.2559   0.0097   0.0408   0.0802   0.3245   0.0452   0.0695   0.3311    0.456    0.076   0.0451   0.0434   0.8788   0.0322   0.0143   0.2084    0.212   0.0328   0.0566   0.1977   0.2556   0.3317   0.0091   0.0048   0.0071   0.0429
  snr   -14.67
    H     4.66
 exon    False

M: qpsk
 freq      0.0   0.0031   0.0061   0.0092   0.0122   0.0153   0.0183   0.0214   0.0245   0.0275   0.0306   0.0336   0.0367   0.0398   0.0428   0.0459   0.0489    0.052    0.055   0.0581   0.0612   0.0642   0.0673   0.0703   0.0734   0.0765   0.0795   0.0826   0.0856   0.0887   0.0917   0.0948   0.0979   0.1009    0.104    0.107   0.1101   0.1131   0.1162   0.1193   0.1223   0.1254   0.1284   0.1315   0.1346   0.1376   0.1407   0.1437   0.1468   0.1498   0.1529    0.156    0.159   0.1621   0.1651   0.1682   0.1713   0.1743   0.1774   0.1804   0.1835   0.1865   0.1896   0.1927   0.1957   0.1988   0.2018   0.2049    0.208    0.211   0.2141   0.2171   0.2202   0.2232   0.2263   0.2294   0.2324   0.2355   0.2385   0.2416   0.2446   0.2477   0.2508   0.2538   0.2569   0.2599    0.263   0.2661   0.2691   0.2722   0.2752   0.2783   0.2813   0.2844   0.2875   0.2905   0.2936   0.2966   0.2997   0.3028   0.3058   0.3089   0.3119    0.315    0.318   0.3211   0.3242   0.3272   0.3303   0.3333   0.3364   0.3394   0.3425   0.3456   0.3486   0.3517   0.3547   0.3578   0.3609   0.3639    0.367     0.37   0.3731   0.3761   0.3792   0.3823   0.3853   0.3884   0.3914   0.3945   0.3976   0.4006   0.4037   0.4067   0.4098   0.4128   0.4159    0.419    0.422   0.4251   0.4281   0.4312   0.4343   0.4373   0.4404   0.4434   0.4465   0.4495   0.4526   0.4557   0.4587   0.4618   0.4648   0.4679   0.4709    0.474   0.4771   0.4801   0.4832   0.4862   0.4893   0.4924   0.4954   0.4985
    S      0.0   0.5794   0.7722   0.5224   0.7974   0.0737   0.3151   0.2973   0.1892    0.389   0.2128   0.4071   0.2416   0.3367   0.3663   0.1429   0.1743   0.1141   0.5765   0.6749   0.4386   0.6851   0.1847   0.1505      1.0    0.143   0.2109   0.0426    0.462   0.2885    0.251   0.2311   0.2542    0.127   0.5544   0.1354   0.3867   0.3343   0.3605   0.1798   0.0271   0.0497   0.3998   0.3348   0.2675   0.6841   0.0684   0.1248   0.1943   0.4113   0.0739   0.1176   0.1405   0.2409    0.585   0.1648   0.2106   0.2116   0.1313   0.0493   0.3246   0.0703   0.2527   0.2395   0.1322   0.3405   0.2134   0.1547   0.1095   0.2783   0.1639    0.069   0.1558   0.3197   0.7676   0.2464   0.3057   0.1501   0.1511    0.022   0.8564   0.2069     0.02   0.2294   0.2878   0.5402   0.2321    0.329   0.1568   0.4764   0.0889    0.395   0.0825   0.1918   0.0354   0.5698   0.1043   0.0349   0.0256   0.3359   0.1366   0.1986   0.1898   0.1669   0.0624   0.1099   0.2244   0.3218   0.0968    0.154   0.2783   0.1808   0.0969   0.2581   0.2121    0.191   0.2517   0.0376   0.2156   0.2146   0.1273   0.1508   0.3412    0.137   0.1823   0.0537   0.1549   0.3947   0.1841   0.1792   0.4348   0.2672   0.3184   0.2756   0.2687   0.2514   0.3879   0.4449   0.4159   0.0548   0.1966   0.1018   0.3443   0.1142    0.055   0.1915   0.1796   0.5445   0.3086   0.3911   0.4557   0.1699   0.1932   0.0795    0.108   0.0758   0.0408   0.1201   0.4842    0.233   0.0075   0.0233     0.27   0.2664
  snr   -16.06
    H     4.86
 exon    False

M: mem
 freq      0.0   0.0031   0.0061   0.0092   0.0123   0.0153   0.0184   0.0215   0.0245   0.0276   0.0307   0.0337   0.0368   0.0399   0.0429    0.046   0.0491   0.0521   0.0552   0.0583   0.0613   0.0644   0.0675   0.0706   0.0736   0.0767   0.0798   0.0828   0.0859    0.089    0.092   0.0951   0.0982   0.1012   0.1043   0.1074   0.1104   0.1135   0.1166   0.1196   0.1227   0.1258   0.1288   0.1319    0.135    0.138   0.1411   0.1442   0.1472   0.1503   0.1534   0.1564   0.1595   0.1626   0.1656   0.1687   0.1718   0.1748   0.1779    0.181    0.184   0.1871   0.1902   0.1933   0.1963   0.1994   0.2025   0.2055   0.2086   0.2117   0.2147   0.2178   0.2209   0.2239    0.227   0.2301   0.2331   0.2362   0.2393   0.2423   0.2454   0.2485   0.2515   0.2546   0.2577   0.2607   0.2638   0.2669   0.2699    0.273   0.2761   0.2791   0.2822   0.2853   0.2883   0.2914   0.2945   0.2975   0.3006   0.3037   0.3067   0.3098   0.3129    0.316    0.319   0.3221   0.3252   0.3282   0.3313   0.3344   0.3374   0.3405   0.3436   0.3466   0.3497   0.3528   0.3558   0.3589    0.362    0.365   0.3681   0.3712   0.3742   0.3773   0.3804   0.3834   0.3865   0.3896   0.3926   0.3957   0.3988   0.4018   0.4049    0.408    0.411   0.4141   0.4172   0.4202   0.4233   0.4264   0.4294   0.4325   0.4356   0.4387   0.4417   0.4448   0.4479   0.4509    0.454   0.4571   0.4601   0.4632   0.4663   0.4693   0.4724   0.4755   0.4785   0.4816   0.4847   0.4877   0.4908   0.4939   0.4969
    S      0.0   0.2153   0.2618   0.2694   0.1727   0.0019   0.4085   0.0837   0.3704   0.7839   0.1967   0.1615   0.1083   0.1328   0.0428    0.013   0.0221   0.0444   0.0661   0.2096   0.1416   0.1175   0.1106   0.1715   0.6378   0.2498   0.0264   0.1881   0.2254   0.0173   0.4345   0.6251    0.128   0.0577   0.0871   0.0508   0.0912   0.0257   0.1825   0.0945   0.0897   0.3049   0.0951   0.4918   0.0282   0.1516   0.0541   0.3874   0.2669   0.0255   0.0163   0.0296   0.1616   0.0476   0.5613    0.001   0.5706   0.0801   0.0577   0.4836   0.0472   0.0374   0.6339   0.5001   0.4534   0.1599   0.2546   0.2576   0.0235   0.1061   0.0416   0.0241   0.1326   0.0795   0.1435   0.2704     0.04   0.1866   0.2326   0.2455   0.0192   0.2515   0.0116   0.1472   0.2707   0.0608   0.1613   0.1173   0.0606   0.3985   0.2149   0.0452   0.0778   0.0104   0.1997   0.1638    0.161   0.2075   0.2771   0.0125   0.4552   0.1624   0.0898   0.0855   0.0085   0.0468   0.1099   0.0095   0.0168   0.0429   0.1169      1.0   0.2123   0.4612   0.4127   0.0222   0.0973   0.1296   0.0201    0.013   0.1215   0.0612   0.0743   0.1063   0.2145   0.3051   0.0864   0.0385   0.0683   0.0975    0.445   0.1413   0.6587   0.3194    0.022   0.0297   0.2969   0.0413   0.2892   0.1229   0.1984    0.086   0.0301   0.0721   0.0876   0.5149   0.5134   0.0335   0.1132   0.4083   0.3157   0.0118   0.1722   0.0006   0.0634   0.1169   0.5055   0.0666   0.1217   0.1279   0.0298   0.0241   0.0063
  snr    -14.4
    H     4.65
 exon     True

M: alg1
 freq      0.0   0.0031   0.0061   0.0092   0.0122   0.0153   0.0183   0.0214   0.0245   0.0275   0.0306   0.0336   0.0367   0.0398   0.0428   0.0459   0.0489    0.052    0.055   0.0581   0.0612   0.0642   0.0673   0.0703   0.0734   0.0765   0.0795   0.0826   0.0856   0.0887   0.0917   0.0948   0.0979   0.1009    0.104    0.107   0.1101   0.1131   0.1162   0.1193   0.1223   0.1254   0.1284   0.1315   0.1346   0.1376   0.1407   0.1437   0.1468   0.1498   0.1529    0.156    0.159   0.1621   0.1651   0.1682   0.1713   0.1743   0.1774   0.1804   0.1835   0.1865   0.1896   0.1927   0.1957   0.1988   0.2018   0.2049    0.208    0.211   0.2141   0.2171   0.2202   0.2232   0.2263   0.2294   0.2324   0.2355   0.2385   0.2416   0.2446   0.2477   0.2508   0.2538   0.2569   0.2599    0.263   0.2661   0.2691   0.2722   0.2752   0.2783   0.2813   0.2844   0.2875   0.2905   0.2936   0.2966   0.2997   0.3028   0.3058   0.3089   0.3119    0.315    0.318   0.3211   0.3242   0.3272   0.3303   0.3333   0.3364   0.3394   0.3425   0.3456   0.3486   0.3517   0.3547   0.3578   0.3609   0.3639    0.367     0.37   0.3731   0.3761   0.3792   0.3823   0.3853   0.3884   0.3914   0.3945   0.3976   0.4006   0.4037   0.4067   0.4098   0.4128   0.4159    0.419    0.422   0.4251   0.4281   0.4312   0.4343   0.4373   0.4404   0.4434   0.4465   0.4495   0.4526   0.4557   0.4587   0.4618   0.4648   0.4679   0.4709    0.474   0.4771   0.4801   0.4832   0.4862   0.4893   0.4924   0.4954   0.4985
    S      0.0   0.2918   0.6056   0.6158   0.4235   0.0506   0.0861   0.1818   0.3968   0.0729   0.0738   0.2039   0.0975   0.3248   0.4773   0.2561   0.1633   0.1103   0.3515   0.8003   0.5004     0.42   0.1416   0.1409   0.9642   0.2335    0.096   0.0665   0.3622   0.4689   0.3049   0.1757   0.0567   0.2749   0.4939   0.0622   0.6694   0.6441   0.0908   0.2196   0.0657   0.4378   0.3885   0.4559   0.2778    0.266   0.1613   0.0415   0.3205   0.2877    0.179   0.0615   0.3452    0.167   0.1501    0.297   0.0367   0.3755   0.0476   0.1976   0.3354   0.2114    0.188   0.2717   0.0365   0.2491   0.2431   0.2589   0.1555   0.2547   0.2958   0.0602   0.0753   0.1513    0.552   0.2667   0.2589   0.1928   0.4716   0.1662      1.0   0.0465   0.0296   0.5934   0.2124   0.3117   0.1205   0.2706   0.2586   0.2287   0.1745   0.2841   0.0523   0.0815   0.0785    0.187   0.1059   0.0164   0.3034   0.3273    0.207   0.0608   0.1251   0.1494   0.0171   0.0928   0.1182   0.1074   0.1355   0.3379   0.0462   0.4515    0.203   0.0752   0.2168   0.1034   0.0788   0.1362   0.2506   0.1818   0.1564   0.0977   0.3012   0.2051    0.069   0.2083   0.0556   0.1056   0.3066   0.3185    0.147   0.1764   0.0729   0.1009   0.0467   0.0929   0.1613   0.1286   0.1936   0.0901   0.1625   0.4267   0.1284   0.0354    0.021   0.0989   0.4484   0.2878   0.2945   0.1479   0.2816   0.0599   0.1372   0.0136   0.0282   0.1537   0.0922   0.0426   0.6106   0.1527   0.0147   0.0368   0.3694    0.303
  snr   -15.49
    H     4.82
 exon    False

M: alg2
 freq      0.0   0.0031   0.0061   0.0092   0.0122   0.0153   0.0183   0.0214   0.0245   0.0275   0.0306   0.0336   0.0367   0.0398   0.0428   0.0459   0.0489    0.052    0.055   0.0581   0.0612   0.0642   0.0673   0.0703   0.0734   0.0765   0.0795   0.0826   0.0856   0.0887   0.0917   0.0948   0.0979   0.1009    0.104    0.107   0.1101   0.1131   0.1162   0.1193   0.1223   0.1254   0.1284   0.1315   0.1346   0.1376   0.1407   0.1437   0.1468   0.1498   0.1529    0.156    0.159   0.1621   0.1651   0.1682   0.1713   0.1743   0.1774   0.1804   0.1835   0.1865   0.1896   0.1927   0.1957   0.1988   0.2018   0.2049    0.208    0.211   0.2141   0.2171   0.2202   0.2232   0.2263   0.2294   0.2324   0.2355   0.2385   0.2416   0.2446   0.2477   0.2508   0.2538   0.2569   0.2599    0.263   0.2661   0.2691   0.2722   0.2752   0.2783   0.2813   0.2844   0.2875   0.2905   0.2936   0.2966   0.2997   0.3028   0.3058   0.3089   0.3119    0.315    0.318   0.3211   0.3242   0.3272   0.3303   0.3333   0.3364   0.3394   0.3425   0.3456   0.3486   0.3517   0.3547   0.3578   0.3609   0.3639    0.367     0.37   0.3731   0.3761   0.3792   0.3823   0.3853   0.3884   0.3914   0.3945   0.3976   0.4006   0.4037   0.4067   0.4098   0.4128   0.4159    0.419    0.422   0.4251   0.4281   0.4312   0.4343   0.4373   0.4404   0.4434   0.4465   0.4495   0.4526   0.4557   0.4587   0.4618   0.4648   0.4679   0.4709    0.474   0.4771   0.4801   0.4832   0.4862   0.4893   0.4924   0.4954   0.4985
    S      0.0   0.1044   0.7872   0.3096   0.7584   0.0495   0.0423   0.2109   0.1302   0.1596   0.1455   0.3341   0.1753   0.1966   0.2218   0.1258   0.1459   0.1155   0.5242   0.7501   0.3585   0.0655   0.0438   0.0352      1.0   0.0627   0.1635   0.0171   0.1799   0.3072   0.1035   0.0594   0.1495   0.1785   0.3823   0.0427   0.4693   0.4743   0.1399   0.0766    0.013   0.1278   0.0744    0.041   0.1365   0.4223   0.0329   0.0554   0.1112   0.2431   0.1171   0.0185   0.2042   0.0689   0.0884   0.1401   0.0323   0.1095   0.0226   0.0289   0.0991   0.0664   0.0858   0.0289   0.0702   0.3081   0.0781   0.0641   0.0606   0.3007   0.1171   0.0597   0.1051   0.1238   0.5268   0.0215   0.3188   0.1316   0.1996   0.0308   0.4833   0.1387   0.0253   0.2993   0.1743   0.2535   0.1915   0.2778   0.1586   0.3506    0.035   0.0196   0.0353   0.0628   0.0257   0.1871   0.0188   0.0204   0.0657   0.1219   0.0365   0.1364   0.0289   0.0682   0.0336   0.0642   0.1446   0.1874   0.0723   0.1295   0.0965   0.0485   0.1209   0.0991   0.1212   0.0479   0.0259   0.0323    0.058   0.1106   0.0605   0.0713    0.251   0.0561   0.0534   0.0314   0.0547   0.2129   0.1355   0.1239   0.2207   0.1014   0.1062   0.1485   0.0927   0.0336   0.1919   0.0814   0.1655    0.081   0.1145   0.2028   0.2725    0.029   0.0266   0.0922   0.1259   0.0206    0.178   0.1102   0.1139   0.0567   0.0493   0.0202   0.0364   0.0557   0.0178   0.0208   0.1709   0.0263   0.0031   0.0086   0.1799   0.2403
  snr   -13.53
    H     4.68
 exon    False