>data-XV-cerevisiae-intergenic-27
N: 219
Methods: voss, eiip, qpsk, mem, tbpse, snrse

M: voss
 freq      0.0   0.0046   0.0091   0.0137   0.0183   0.0228   0.0274    0.032   0.0365   0.0411   0.0457   0.0502   0.0548   0.0594   0.0639   0.0685   0.0731   0.0776   0.0822   0.0868   0.0913   0.0959   0.1005    0.105   0.1096   0.1142   0.1187   0.1233   0.1279   0.1324    0.137   0.1416   0.1461   0.1507   0.1553   0.1598   0.1644   0.1689   0.1735   0.1781   0.1826   0.1872   0.1918   0.1963   0.2009   0.2055     0.21   0.2146   0.2192   0.2237   0.2283   0.2329   0.2374    0.242   0.2466   0.2511   0.2557   0.2603   0.2648   0.2694    0.274   0.2785   0.2831   0.2877   0.2922   0.2968   0.3014   0.3059   0.3105   0.3151   0.3196   0.3242   0.3288   0.3333   0.3379   0.3425    0.347   0.3516   0.3562   0.3607   0.3653   0.3699   0.3744    0.379   0.3836   0.3881   0.3927   0.3973   0.4018   0.4064    0.411   0.4155   0.4201   0.4247   0.4292   0.4338   0.4384   0.4429   0.4475   0.4521   0.4566   0.4612   0.4658   0.4703   0.4749   0.4795    0.484   0.4886   0.4932   0.4977
    S      0.0   0.2482   0.3005   0.4014   0.1366   0.1913   0.5643   0.2008   0.2928   0.1771   0.0708   0.0386   0.5188   0.1783    0.102   0.2505   0.0942   0.2255   0.1343   0.2832   0.2246    0.545      1.0   0.1487    0.212   0.1784   0.1035   0.1611   0.2556   0.2991   0.1122   0.1333   0.1996   0.1429   0.0563   0.1367   0.1728    0.247   0.2189   0.3602   0.4032   0.1976   0.1411   0.2175    0.057   0.1712   0.1402     0.25   0.0798    0.438   0.3579   0.2108   0.0591   0.1194   0.2023    0.274   0.4983   0.0888   0.1386   0.1952   0.3654   0.0985   0.3544   0.2609   0.0889   0.1068   0.3563   0.2945   0.1741   0.2529   0.0972   0.0653    0.055   0.0389   0.0786   0.2152   0.3275   0.1185   0.5651   0.2678   0.0234   0.1543   0.0863   0.3067   0.2193   0.2301   0.0954   0.3774   0.3132   0.0431   0.1116   0.2747   0.2097   0.1045   0.2168   0.1266   0.3006   0.1892   0.0953   0.1871   0.1537   0.0353   0.1851    0.152   0.4015   0.2495   0.4331   0.2349   0.2108   0.1364
  snr   -13.54
    H      4.5
 exon    False

M: eiip
 freq      0.0   0.0046   0.0091   0.0137   0.0183   0.0228   0.0274    0.032   0.0365   0.0411   0.0457   0.0502   0.0548   0.0594   0.0639   0.0685   0.0731   0.0776   0.0822   0.0868   0.0913   0.0959   0.1005    0.105   0.1096   0.1142   0.1187   0.1233   0.1279   0.1324    0.137   0.1416   0.1461   0.1507   0.1553   0.1598   0.1644   0.1689   0.1735   0.1781   0.1826   0.1872   0.1918   0.1963   0.2009   0.2055     0.21   0.2146   0.2192   0.2237   0.2283   0.2329   0.2374    0.242   0.2466   0.2511   0.2557   0.2603   0.2648   0.2694    0.274   0.2785   0.2831   0.2877   0.2922   0.2968   0.3014   0.3059   0.3105   0.3151   0.3196   0.3242   0.3288   0.3333   0.3379   0.3425    0.347   0.3516   0.3562   0.3607   0.3653   0.3699   0.3744    0.379   0.3836   0.3881   0.3927   0.3973   0.4018   0.4064    0.411   0.4155   0.4201   0.4247   0.4292   0.4338   0.4384   0.4429   0.4475   0.4521   0.4566   0.4612   0.4658   0.4703   0.4749   0.4795    0.484   0.4886   0.4932   0.4977
    S      0.0   0.0206   0.1679   0.0411   0.1006   0.1092   0.2494   0.0024   0.2428   0.4545   0.1063   0.0049   0.0371   0.1344   0.0462   0.1581   0.0864    0.149   0.0448   0.4045   0.1898   0.1632   0.7297   0.0815   0.2389   0.0874   0.0057   0.2476   0.1503   0.0062   0.1897   0.0289   0.0375   0.3283   0.0341   0.1305   0.0984   0.0331   0.2976   0.2785   0.2108   0.2885   0.1157   0.3302   0.0558   0.1807   0.0519   0.0619   0.1744   0.2317   0.0893   0.0711   0.0856   0.1287   0.1487   0.2484   0.9292   0.0268   0.0115   0.1903   0.5833   0.0893   0.1315   0.0386   0.1055   0.1791   0.0395   0.1064   0.1369    0.109   0.0642   0.0723   0.0258   0.0797   0.1685   0.0276   0.2066    0.215   0.4025   0.2967   0.0469   0.3294   0.0284   0.1659   0.2329   0.3707   0.1423   0.1307   0.0012   0.0042   0.2868   0.2587   0.1552   0.0271   0.2421   0.1696   0.5018   0.1534    0.017   0.2976   0.2027   0.0036    0.278   0.2264    0.892    0.119      1.0   0.2311   0.1268   0.1835
  snr   -12.66
    H     4.29
 exon    False

M: qpsk
 freq      0.0   0.0046   0.0091   0.0137   0.0183   0.0228   0.0274    0.032   0.0365   0.0411   0.0457   0.0502   0.0548   0.0594   0.0639   0.0685   0.0731   0.0776   0.0822   0.0868   0.0913   0.0959   0.1005    0.105   0.1096   0.1142   0.1187   0.1233   0.1279   0.1324    0.137   0.1416   0.1461   0.1507   0.1553   0.1598   0.1644   0.1689   0.1735   0.1781   0.1826   0.1872   0.1918   0.1963   0.2009   0.2055     0.21   0.2146   0.2192   0.2237   0.2283   0.2329   0.2374    0.242   0.2466   0.2511   0.2557   0.2603   0.2648   0.2694    0.274   0.2785   0.2831   0.2877   0.2922   0.2968   0.3014   0.3059   0.3105   0.3151   0.3196   0.3242   0.3288   0.3333   0.3379   0.3425    0.347   0.3516   0.3562   0.3607   0.3653   0.3699   0.3744    0.379   0.3836   0.3881   0.3927   0.3973   0.4018   0.4064    0.411   0.4155   0.4201   0.4247   0.4292   0.4338   0.4384   0.4429   0.4475   0.4521   0.4566   0.4612   0.4658   0.4703   0.4749   0.4795    0.484   0.4886   0.4932   0.4977
    S      0.0    0.406    0.355   0.4777   0.1344   0.1336      1.0   0.3063   0.4851   0.2578   0.0803   0.0475   0.7243   0.3407   0.1894    0.437   0.0747   0.2376   0.1057   0.4455   0.3612   0.7279   0.8329   0.1543   0.3921   0.2441   0.1395   0.2986   0.1112   0.4418    0.196   0.1679   0.0445    0.112   0.0367    0.107   0.3108   0.2708   0.2786   0.1519   0.6988   0.3352   0.2575   0.2668   0.1091   0.2199   0.1592   0.1887   0.1539    0.216   0.6369   0.2757   0.1039   0.1782   0.3813    0.441   0.3825   0.0419   0.1161   0.3577   0.4464   0.1428   0.5863   0.3516   0.0738   0.0673   0.5829   0.4603   0.2668   0.3793    0.128   0.1156   0.0993   0.0677   0.0887   0.2247   0.2972   0.0752   0.7719   0.4512   0.0132   0.0679   0.1359   0.2892   0.0212   0.4295   0.1559   0.6429   0.2675   0.0423   0.2007   0.4938   0.3939   0.0874   0.2484   0.2099   0.1601   0.3276   0.0632   0.3621   0.1457   0.0299    0.155   0.2691   0.7403   0.0595    0.749   0.1534   0.2647   0.2194
  snr   -14.66
    H     4.44
 exon    False

M: mem
 freq      0.0   0.0046   0.0092   0.0138   0.0183   0.0229   0.0275   0.0321   0.0367   0.0413   0.0459   0.0505    0.055   0.0596   0.0642   0.0688   0.0734    0.078   0.0826   0.0872   0.0917   0.0963   0.1009   0.1055   0.1101   0.1147   0.1193   0.1239   0.1284    0.133   0.1376   0.1422   0.1468   0.1514    0.156   0.1606   0.1651   0.1697   0.1743   0.1789   0.1835   0.1881   0.1927   0.1972   0.2018   0.2064    0.211   0.2156   0.2202   0.2248   0.2294   0.2339   0.2385   0.2431   0.2477   0.2523   0.2569   0.2615   0.2661   0.2706   0.2752   0.2798   0.2844    0.289   0.2936   0.2982   0.3028   0.3073   0.3119   0.3165   0.3211   0.3257   0.3303   0.3349   0.3394    0.344   0.3486   0.3532   0.3578   0.3624    0.367   0.3716   0.3761   0.3807   0.3853   0.3899   0.3945   0.3991   0.4037   0.4083   0.4128   0.4174    0.422   0.4266   0.4312   0.4358   0.4404    0.445   0.4495   0.4541   0.4587   0.4633   0.4679   0.4725   0.4771   0.4817   0.4862   0.4908   0.4954
    S      0.0   0.5405   0.1954   0.8138   0.0336   0.1655   0.8949   0.4888   0.3334   0.0166    0.078   0.0225      1.0   0.2218   0.1598   0.1733    0.123    0.277   0.1367   0.1961   0.0243   0.8583   0.4037   0.0121   0.0997   0.0081   0.0098   0.0549   0.4527   0.3407   0.1154   0.2541   0.1618   0.0464   0.0196   0.1934   0.5174   0.2348   0.1651   0.2753   0.2841   0.2797    0.168    0.042   0.0646   0.2012   0.3621   0.0615   0.1162   0.2524   0.6792   0.0493   0.0427   0.0083   0.0811   0.0401   0.1234   0.0069   0.1781   0.2873   0.0883   0.1509   0.1257   0.4587    0.117   0.0408   0.2804   0.5763   0.0876   0.2977    0.065   0.2188   0.1791   0.1363    0.176   0.0693   0.3209   0.0098    0.356   0.2134   0.0183    0.017   0.3051   0.1716   0.0378   0.1851   0.4157   0.1711   0.2362   0.0143   0.0152   0.3254   0.0852   0.1635   0.0362   0.1782   0.1375    0.187   0.1768    0.004   0.0442   0.0396   0.2678   0.1292   0.0074   0.0383     0.02   0.0111   0.1369
  snr   -13.01
    H     4.25
 exon    False

M: tbpse
 freq      0.0   0.0046   0.0091   0.0137   0.0183   0.0228   0.0274    0.032   0.0365   0.0411   0.0457   0.0502   0.0548   0.0594   0.0639   0.0685   0.0731   0.0776   0.0822   0.0868   0.0913   0.0959   0.1005    0.105   0.1096   0.1142   0.1187   0.1233   0.1279   0.1324    0.137   0.1416   0.1461   0.1507   0.1553   0.1598   0.1644   0.1689   0.1735   0.1781   0.1826   0.1872   0.1918   0.1963   0.2009   0.2055     0.21   0.2146   0.2192   0.2237   0.2283   0.2329   0.2374    0.242   0.2466   0.2511   0.2557   0.2603   0.2648   0.2694    0.274   0.2785   0.2831   0.2877   0.2922   0.2968   0.3014   0.3059   0.3105   0.3151   0.3196   0.3242   0.3288   0.3333   0.3379   0.3425    0.347   0.3516   0.3562   0.3607   0.3653   0.3699   0.3744    0.379   0.3836   0.3881   0.3927   0.3973   0.4018   0.4064    0.411   0.4155   0.4201   0.4247   0.4292   0.4338   0.4384   0.4429   0.4475   0.4521   0.4566   0.4612   0.4658   0.4703   0.4749   0.4795    0.484   0.4886   0.4932   0.4977
    S      0.0   0.2275   0.2967   0.2199   0.2032    0.129   0.9741   0.1802   0.5267   0.5341   0.0931   0.0215   0.3752   0.3623   0.1358   0.3616   0.0823   0.2814   0.1291   0.3649   0.2777    0.534   0.6461   0.1777   0.4068   0.1471    0.071   0.3666   0.0754   0.2787   0.2522   0.0773   0.0048   0.3416   0.0408   0.0889   0.2642   0.1172   0.2757   0.3329    0.508   0.4809   0.2184    0.283   0.0757   0.1392   0.1611   0.0898   0.2011   0.1635   0.4391   0.1411    0.095   0.2046   0.2245   0.3345   0.9461    0.027   0.0461   0.4551    0.584   0.1323   0.6276   0.2701   0.0939   0.1969   0.3055   0.4166   0.3858   0.2214   0.1295   0.1313   0.0839   0.1136   0.2242   0.1067    0.176    0.169    0.604   0.3718   0.0363      0.3   0.1142   0.3269   0.2019    0.495   0.2707   0.6938   0.1373   0.0253   0.3305   0.4402   0.5174   0.1026   0.4383   0.3425   0.5436   0.2958   0.0512   0.4082    0.346   0.0213   0.1868   0.3184   0.9126   0.1467      1.0   0.2656   0.2205   0.3625
  snr   -14.73
    H     4.44
 exon    False

M: snrse
 freq      0.0   0.0046   0.0091   0.0137   0.0183   0.0228   0.0274    0.032   0.0365   0.0411   0.0457   0.0502   0.0548   0.0594   0.0639   0.0685   0.0731   0.0776   0.0822   0.0868   0.0913   0.0959   0.1005    0.105   0.1096   0.1142   0.1187   0.1233   0.1279   0.1324    0.137   0.1416   0.1461   0.1507   0.1553   0.1598   0.1644   0.1689   0.1735   0.1781   0.1826   0.1872   0.1918   0.1963   0.2009   0.2055     0.21   0.2146   0.2192   0.2237   0.2283   0.2329   0.2374    0.242   0.2466   0.2511   0.2557   0.2603   0.2648   0.2694    0.274   0.2785   0.2831   0.2877   0.2922   0.2968   0.3014   0.3059   0.3105   0.3151   0.3196   0.3242   0.3288   0.3333   0.3379   0.3425    0.347   0.3516   0.3562   0.3607   0.3653   0.3699   0.3744    0.379   0.3836   0.3881   0.3927   0.3973   0.4018   0.4064    0.411   0.4155   0.4201   0.4247   0.4292   0.4338   0.4384   0.4429   0.4475   0.4521   0.4566   0.4612   0.4658   0.4703   0.4749   0.4795    0.484   0.4886   0.4932   0.4977
    S      0.0   0.0087   0.2215   0.1352   0.1541   0.1859   0.0887   0.0189   0.0753   0.0678   0.0219   0.0372   0.1681   0.0108   0.0236   0.0966    0.072   0.1446   0.1519    0.032   0.1275   0.2304      1.0   0.1673   0.0527   0.1467   0.1059   0.0307   0.2281   0.1387   0.0188   0.0329    0.268   0.1212   0.0694   0.0848   0.0256   0.0831    0.063   0.4848   0.0719   0.0244   0.0143   0.1237   0.0046   0.0282   0.0853   0.3048    0.007   0.3878   0.0775   0.1936   0.0187   0.0555   0.0686   0.1527   0.4438   0.1235   0.1516   0.0627   0.1424   0.0631   0.1877   0.0811   0.0698   0.1181   0.2462   0.0473   0.1067   0.1395   0.0522    0.006   0.0134   0.0088   0.0612   0.0858   0.2056   0.0953    0.377   0.0347   0.0212   0.1701   0.0253   0.2129   0.3406    0.051   0.0321   0.1502   0.3679   0.0278   0.0087    0.111   0.0438   0.1301   0.2089   0.0359   0.3412   0.0058   0.1186   0.0228   0.1697   0.0388   0.0993   0.0185   0.0247   0.4067   0.0776   0.2816    0.202   0.0437
  snr   -10.98
    H     4.26
 exon    False