>data-XV-cerevisiae-intergenic-493
N: 522
Methods: voss, eiip, qpsk, mem, tbpse, snrse

M: voss
 freq      0.0   0.0019   0.0038   0.0057   0.0077   0.0096   0.0115   0.0134   0.0153   0.0172   0.0192   0.0211    0.023   0.0249   0.0268   0.0287   0.0307   0.0326   0.0345   0.0364   0.0383   0.0402   0.0421   0.0441    0.046   0.0479   0.0498   0.0517   0.0536   0.0556   0.0575   0.0594   0.0613   0.0632   0.0651    0.067    0.069   0.0709   0.0728   0.0747   0.0766   0.0785   0.0805   0.0824   0.0843   0.0862   0.0881     0.09    0.092   0.0939   0.0958   0.0977   0.0996   0.1015   0.1034   0.1054   0.1073   0.1092   0.1111    0.113   0.1149   0.1169   0.1188   0.1207   0.1226   0.1245   0.1264   0.1284   0.1303   0.1322   0.1341    0.136   0.1379   0.1398   0.1418   0.1437   0.1456   0.1475   0.1494   0.1513   0.1533   0.1552   0.1571    0.159   0.1609   0.1628   0.1648   0.1667   0.1686   0.1705   0.1724   0.1743   0.1762   0.1782   0.1801    0.182   0.1839   0.1858   0.1877   0.1897   0.1916   0.1935   0.1954   0.1973   0.1992   0.2011   0.2031    0.205   0.2069   0.2088   0.2107   0.2126   0.2146   0.2165   0.2184   0.2203   0.2222   0.2241   0.2261    0.228   0.2299   0.2318   0.2337   0.2356   0.2375   0.2395   0.2414   0.2433   0.2452   0.2471    0.249    0.251   0.2529   0.2548   0.2567   0.2586   0.2605   0.2625   0.2644   0.2663   0.2682   0.2701    0.272   0.2739   0.2759   0.2778   0.2797   0.2816   0.2835   0.2854   0.2874   0.2893   0.2912   0.2931    0.295   0.2969   0.2989   0.3008   0.3027   0.3046   0.3065   0.3084   0.3103   0.3123   0.3142   0.3161    0.318   0.3199   0.3218   0.3238   0.3257   0.3276   0.3295   0.3314   0.3333   0.3352   0.3372   0.3391    0.341   0.3429   0.3448   0.3467   0.3487   0.3506   0.3525   0.3544   0.3563   0.3582   0.3602   0.3621    0.364   0.3659   0.3678   0.3697   0.3716   0.3736   0.3755   0.3774   0.3793   0.3812   0.3831   0.3851    0.387   0.3889   0.3908   0.3927   0.3946   0.3966   0.3985   0.4004   0.4023   0.4042   0.4061    0.408     0.41   0.4119   0.4138   0.4157   0.4176   0.4195   0.4215   0.4234   0.4253   0.4272   0.4291    0.431    0.433   0.4349   0.4368   0.4387   0.4406   0.4425   0.4444   0.4464   0.4483   0.4502   0.4521    0.454   0.4559   0.4579   0.4598   0.4617   0.4636   0.4655   0.4674   0.4693   0.4713   0.4732   0.4751    0.477   0.4789   0.4808   0.4828   0.4847   0.4866   0.4885   0.4904   0.4923   0.4943   0.4962   0.4981
    S      0.0      1.0   0.6367   0.3422   0.3094   0.8955   0.3073   0.1753   0.3265   0.1632   0.8996   0.3699   0.2692   0.1437   0.0821   0.9833   0.5842   0.1504   0.1957   0.2056   0.3144   0.2979   0.0827   0.1583   0.1753   0.1678   0.0484   0.2486   0.1364   0.2357   0.0976   0.7135   0.0827   0.1314   0.1954   0.2432   0.2536   0.4922   0.3387    0.081   0.2819   0.1274   0.1778   0.5664   0.2107   0.4671   0.4178   0.1577   0.5561   0.4481   0.2953   0.2188   0.2268   0.2257   0.2387   0.0758   0.2644   0.3337   0.2601   0.3048   0.3464   0.3252   0.1533   0.1904   0.3879   0.5776   0.2676   0.2976   0.1883   0.1137   0.4383   0.0682   0.1731   0.2571   0.1976   0.1438   0.0228   0.1142   0.2748   0.4545   0.1665   0.1137   0.2066   0.1829   0.1405    0.393   0.1778   0.1272   0.2288   0.2719   0.1985   0.7134    0.201   0.2719   0.1516   0.1001   0.1652   0.0977   0.1403   0.3377    0.118   0.2029   0.2175   0.1828   0.2206   0.2991   0.0379   0.6791   0.7349   0.0571   0.0976   0.1353   0.6291     0.35   0.1244   0.2164   0.2087    0.097   0.0767   0.0768    0.289   0.1589   0.1181   0.1626   0.1316   0.2163   0.2849   0.4212   0.0932   0.4087   0.3321   0.2124   0.3755   0.4072   0.1429   0.0925   0.2019   0.3685   0.2633    0.044   0.4381   0.0287   0.2073   0.0956   0.0738   0.2392   0.1433   0.4399     0.21   0.1051    0.361   0.1435   0.2809    0.164   0.1109   0.2577   0.0841   0.0787   0.2254   0.0434   0.3025   0.1297   0.1214   0.3196   0.2838    0.261   0.2626    0.179   0.2423   0.2194   0.1612   0.2688    0.183   0.4105   0.0711   0.1245   0.1848   0.2968   0.3269    0.118   0.0714     0.18   0.0901   0.0779   0.1236   0.0531   0.4092   0.1055   0.2622   0.3147   0.1105   0.1947   0.0881   0.1522   0.4496   0.1695   0.5453   0.2437   0.3508   0.1573    0.193   0.3289   0.0431   0.2007   0.2566   0.2982   0.1504   0.2816   0.3707   0.1541   0.0662   0.4145   0.2053   0.1515   0.2544   0.0812   0.1984   0.2628   0.3651   0.1137    0.082   0.2717   0.1267   0.0625   0.2097   0.0973   0.3248   0.3052   0.1403   0.1035   0.2157   0.0337   0.2068   0.1099   0.1672   0.2485   0.1073   0.3604   0.1894   0.1841   0.2718   0.1307   0.1345   0.2491   0.1879   0.2233   0.1557   0.3211   0.1678   0.3187   0.0585   0.1141   0.2355   0.1006   0.2121   0.0542   0.3203   0.0923   0.1552   0.0544   0.0605
  snr   -17.79
    H     5.36
 exon    False

M: eiip
 freq      0.0   0.0019   0.0038   0.0057   0.0077   0.0096   0.0115   0.0134   0.0153   0.0172   0.0192   0.0211    0.023   0.0249   0.0268   0.0287   0.0307   0.0326   0.0345   0.0364   0.0383   0.0402   0.0421   0.0441    0.046   0.0479   0.0498   0.0517   0.0536   0.0556   0.0575   0.0594   0.0613   0.0632   0.0651    0.067    0.069   0.0709   0.0728   0.0747   0.0766   0.0785   0.0805   0.0824   0.0843   0.0862   0.0881     0.09    0.092   0.0939   0.0958   0.0977   0.0996   0.1015   0.1034   0.1054   0.1073   0.1092   0.1111    0.113   0.1149   0.1169   0.1188   0.1207   0.1226   0.1245   0.1264   0.1284   0.1303   0.1322   0.1341    0.136   0.1379   0.1398   0.1418   0.1437   0.1456   0.1475   0.1494   0.1513   0.1533   0.1552   0.1571    0.159   0.1609   0.1628   0.1648   0.1667   0.1686   0.1705   0.1724   0.1743   0.1762   0.1782   0.1801    0.182   0.1839   0.1858   0.1877   0.1897   0.1916   0.1935   0.1954   0.1973   0.1992   0.2011   0.2031    0.205   0.2069   0.2088   0.2107   0.2126   0.2146   0.2165   0.2184   0.2203   0.2222   0.2241   0.2261    0.228   0.2299   0.2318   0.2337   0.2356   0.2375   0.2395   0.2414   0.2433   0.2452   0.2471    0.249    0.251   0.2529   0.2548   0.2567   0.2586   0.2605   0.2625   0.2644   0.2663   0.2682   0.2701    0.272   0.2739   0.2759   0.2778   0.2797   0.2816   0.2835   0.2854   0.2874   0.2893   0.2912   0.2931    0.295   0.2969   0.2989   0.3008   0.3027   0.3046   0.3065   0.3084   0.3103   0.3123   0.3142   0.3161    0.318   0.3199   0.3218   0.3238   0.3257   0.3276   0.3295   0.3314   0.3333   0.3352   0.3372   0.3391    0.341   0.3429   0.3448   0.3467   0.3487   0.3506   0.3525   0.3544   0.3563   0.3582   0.3602   0.3621    0.364   0.3659   0.3678   0.3697   0.3716   0.3736   0.3755   0.3774   0.3793   0.3812   0.3831   0.3851    0.387   0.3889   0.3908   0.3927   0.3946   0.3966   0.3985   0.4004   0.4023   0.4042   0.4061    0.408     0.41   0.4119   0.4138   0.4157   0.4176   0.4195   0.4215   0.4234   0.4253   0.4272   0.4291    0.431    0.433   0.4349   0.4368   0.4387   0.4406   0.4425   0.4444   0.4464   0.4483   0.4502   0.4521    0.454   0.4559   0.4579   0.4598   0.4617   0.4636   0.4655   0.4674   0.4693   0.4713   0.4732   0.4751    0.477   0.4789   0.4808   0.4828   0.4847   0.4866   0.4885   0.4904   0.4923   0.4943   0.4962   0.4981
    S      0.0   0.0409   0.3151   0.0845   0.2292   0.9346   0.1137   0.0439   0.0993   0.1406     0.88    0.099    0.052   0.1715   0.0139   0.7747   0.2098   0.0764   0.4022   0.1467   0.2666   0.4986   0.0716   0.3411   0.1515    0.141   0.0402   0.0483   0.1014   0.1067   0.0251   0.2103   0.0522    0.048   0.3188   0.4001   0.2306   0.5688   0.3285    0.076   0.0395   0.0154    0.122   0.0949   0.0381   0.5231   0.0738   0.0062   0.1812   0.6225   0.1284   0.3686   0.2702    0.237   0.1595   0.0135   0.0794   0.0785    0.282   0.2176   0.1355   0.0563   0.3176   0.0908   0.0632   0.8199   0.1602   0.0883   0.1559   0.1867   0.9626    0.127   0.0192   0.5403   0.0778    0.199   0.0437   0.2468   0.0374   0.2765   0.1812   0.3061   0.0846   0.0252   0.1143   0.3053   0.2095   0.0412   0.2225   0.1232   0.3541   0.5777   0.2919   0.0211   0.2012    0.119   0.0338   0.0125   0.1597   0.0634   0.1308   0.4238   0.4204   0.4167   0.0121   0.0417   0.0031   0.2561   0.2352   0.0583   0.1245   0.2942   0.4357   0.4494   0.0284   0.0619   0.0739   0.0759   0.0483   0.1799    0.021    0.102     0.07   0.0428   0.0735   0.2337   0.0886     0.67   0.0658   0.0738   0.1755   0.2688   0.6354   0.2291   0.1477   0.1875    0.317   0.2015   0.0416   0.0838      1.0   0.0437   0.3315   0.0812   0.1315   0.0361   0.1746   0.4693   0.0379   0.0448    0.167   0.0822   0.2292   0.1659   0.0554   0.1374   0.1009   0.1157   0.1425   0.0107   0.0045   0.0585   0.2222   0.6125   0.1459   0.3329   0.3285   0.1582   0.4308   0.1212   0.0474   0.1177   0.0632   0.7748    0.002    0.015   0.0514   0.1845   0.6609   0.0661   0.0675   0.0665   0.0458   0.0742   0.0419   0.0623   0.5166   0.0725   0.0767   0.1403   0.2788   0.2799   0.0886   0.0142   0.9151   0.3065   0.7279   0.0826   0.2774   0.0058   0.4326   0.1173   0.0831   0.2215   0.5851   0.4756    0.151   0.5063   0.0206   0.0288   0.0117   0.2345   0.2754   0.0462    0.317   0.0743   0.0101   0.5407   0.4155   0.0317   0.0574   0.3815   0.0286     0.05   0.1859   0.1055   0.3629   0.2106   0.3428   0.1515   0.1914   0.0627   0.1421    0.025   0.1325   0.2103   0.0197   0.3178   0.1289   0.1678   0.3949   0.0929    0.169   0.6565   0.1853   0.4017   0.2611   0.0718   0.0082   0.1754   0.0388   0.0918   0.0978   0.0673   0.2335   0.0491   0.1262   0.0564   0.3333   0.0676   0.0506
  snr   -17.04
    H     5.14
 exon    False

M: qpsk
 freq      0.0   0.0019   0.0038   0.0057   0.0077   0.0096   0.0115   0.0134   0.0153   0.0172   0.0192   0.0211    0.023   0.0249   0.0268   0.0287   0.0307   0.0326   0.0345   0.0364   0.0383   0.0402   0.0421   0.0441    0.046   0.0479   0.0498   0.0517   0.0536   0.0556   0.0575   0.0594   0.0613   0.0632   0.0651    0.067    0.069   0.0709   0.0728   0.0747   0.0766   0.0785   0.0805   0.0824   0.0843   0.0862   0.0881     0.09    0.092   0.0939   0.0958   0.0977   0.0996   0.1015   0.1034   0.1054   0.1073   0.1092   0.1111    0.113   0.1149   0.1169   0.1188   0.1207   0.1226   0.1245   0.1264   0.1284   0.1303   0.1322   0.1341    0.136   0.1379   0.1398   0.1418   0.1437   0.1456   0.1475   0.1494   0.1513   0.1533   0.1552   0.1571    0.159   0.1609   0.1628   0.1648   0.1667   0.1686   0.1705   0.1724   0.1743   0.1762   0.1782   0.1801    0.182   0.1839   0.1858   0.1877   0.1897   0.1916   0.1935   0.1954   0.1973   0.1992   0.2011   0.2031    0.205   0.2069   0.2088   0.2107   0.2126   0.2146   0.2165   0.2184   0.2203   0.2222   0.2241   0.2261    0.228   0.2299   0.2318   0.2337   0.2356   0.2375   0.2395   0.2414   0.2433   0.2452   0.2471    0.249    0.251   0.2529   0.2548   0.2567   0.2586   0.2605   0.2625   0.2644   0.2663   0.2682   0.2701    0.272   0.2739   0.2759   0.2778   0.2797   0.2816   0.2835   0.2854   0.2874   0.2893   0.2912   0.2931    0.295   0.2969   0.2989   0.3008   0.3027   0.3046   0.3065   0.3084   0.3103   0.3123   0.3142   0.3161    0.318   0.3199   0.3218   0.3238   0.3257   0.3276   0.3295   0.3314   0.3333   0.3352   0.3372   0.3391    0.341   0.3429   0.3448   0.3467   0.3487   0.3506   0.3525   0.3544   0.3563   0.3582   0.3602   0.3621    0.364   0.3659   0.3678   0.3697   0.3716   0.3736   0.3755   0.3774   0.3793   0.3812   0.3831   0.3851    0.387   0.3889   0.3908   0.3927   0.3946   0.3966   0.3985   0.4004   0.4023   0.4042   0.4061    0.408     0.41   0.4119   0.4138   0.4157   0.4176   0.4195   0.4215   0.4234   0.4253   0.4272   0.4291    0.431    0.433   0.4349   0.4368   0.4387   0.4406   0.4425   0.4444   0.4464   0.4483   0.4502   0.4521    0.454   0.4559   0.4579   0.4598   0.4617   0.4636   0.4655   0.4674   0.4693   0.4713   0.4732   0.4751    0.477   0.4789   0.4808   0.4828   0.4847   0.4866   0.4885   0.4904   0.4923   0.4943   0.4962   0.4981
    S      0.0   0.9742   0.6837   0.2442   0.1506   0.6806    0.164   0.1221    0.104   0.1955   0.8901   0.3751   0.2049   0.1695   0.0887      1.0   0.3254   0.1063   0.2064   0.1715   0.2973   0.3461   0.0835    0.122   0.1731   0.2034   0.0437    0.216    0.161   0.0839   0.0466   0.6701   0.0252   0.1357   0.2092   0.2725   0.0088   0.4929   0.1706   0.0492   0.3339   0.0845   0.1619     0.41   0.0969   0.1565   0.3102   0.1679   0.5378   0.5396   0.3408   0.1747   0.1694   0.2214   0.1364   0.0499   0.2631   0.3524   0.2967   0.1531   0.2193   0.2971   0.0744    0.121   0.1156   0.5107    0.191   0.2312   0.0859   0.1035   0.4259   0.0646   0.1215   0.3047   0.1585   0.0953   0.0187   0.1276   0.0806   0.4093    0.193   0.1042   0.1796   0.1298   0.1595   0.3079   0.1591   0.1496   0.2302   0.0737   0.1134   0.4255   0.0879   0.1703   0.1548   0.1122   0.1587   0.0449   0.1642   0.2696   0.0284   0.1564   0.1714   0.2086   0.1384   0.2649   0.0232   0.4241   0.2415   0.0303   0.0569   0.1644   0.4201   0.1458   0.0944   0.1683   0.2056   0.1091    0.093    0.041   0.1947   0.1614   0.0856   0.1033   0.0201   0.0194   0.1643   0.3351   0.0852   0.1883   0.3821   0.2241   0.2316   0.2593   0.1697   0.1005   0.1259   0.3956    0.208    0.026   0.2922   0.0047   0.1496   0.0865   0.0476   0.1285   0.1508   0.5315   0.1826   0.0846   0.3239   0.0634   0.2424   0.1509   0.0875   0.2472   0.0483    0.082   0.1966   0.0222   0.2715    0.153   0.1174   0.2936   0.0928   0.2785   0.1949   0.2149   0.2087   0.2108   0.1604   0.3026   0.1726    0.284   0.0767   0.0616   0.1252   0.0074   0.3528   0.1199   0.0819   0.1523   0.0793   0.0414   0.1453   0.0433   0.3544   0.1245    0.132    0.248   0.0623   0.1688   0.0937   0.1035    0.302   0.0374   0.4594   0.2305   0.4197   0.1606   0.0912   0.3828   0.0299   0.2136   0.2103   0.3447   0.1599   0.2999   0.1305   0.0571   0.0128   0.1367   0.2444   0.1667   0.1683   0.0937   0.0525   0.1922   0.4402   0.0805   0.0415   0.0842   0.1509    0.007   0.2204    0.117   0.3913   0.1712   0.1073   0.0855   0.2608   0.0104    0.115   0.0551   0.1267   0.1758   0.0977   0.1461   0.0788   0.0678   0.2662    0.129   0.1533   0.1999    0.081   0.2671   0.1717   0.2763   0.0845   0.0355   0.0672   0.0663   0.2544   0.0701   0.2458   0.0419   0.2842   0.0985     0.13   0.0624   0.0198
  snr   -16.79
    H      5.3
 exon    False

M: mem
 freq      0.0   0.0019   0.0038   0.0057   0.0077   0.0096   0.0115   0.0134   0.0153   0.0172   0.0192   0.0211    0.023   0.0249   0.0268   0.0287   0.0307   0.0326   0.0345   0.0364   0.0383   0.0402   0.0421   0.0441    0.046   0.0479   0.0498   0.0517   0.0536   0.0556   0.0575   0.0594   0.0613   0.0632   0.0651    0.067    0.069   0.0709   0.0728   0.0747   0.0766   0.0785   0.0805   0.0824   0.0843   0.0862   0.0881     0.09    0.092   0.0939   0.0958   0.0977   0.0996   0.1015   0.1034   0.1054   0.1073   0.1092   0.1111    0.113   0.1149   0.1169   0.1188   0.1207   0.1226   0.1245   0.1264   0.1284   0.1303   0.1322   0.1341    0.136   0.1379   0.1398   0.1418   0.1437   0.1456   0.1475   0.1494   0.1513   0.1533   0.1552   0.1571    0.159   0.1609   0.1628   0.1648   0.1667   0.1686   0.1705   0.1724   0.1743   0.1762   0.1782   0.1801    0.182   0.1839   0.1858   0.1877   0.1897   0.1916   0.1935   0.1954   0.1973   0.1992   0.2011   0.2031    0.205   0.2069   0.2088   0.2107   0.2126   0.2146   0.2165   0.2184   0.2203   0.2222   0.2241   0.2261    0.228   0.2299   0.2318   0.2337   0.2356   0.2375   0.2395   0.2414   0.2433   0.2452   0.2471    0.249    0.251   0.2529   0.2548   0.2567   0.2586   0.2605   0.2625   0.2644   0.2663   0.2682   0.2701    0.272   0.2739   0.2759   0.2778   0.2797   0.2816   0.2835   0.2854   0.2874   0.2893   0.2912   0.2931    0.295   0.2969   0.2989   0.3008   0.3027   0.3046   0.3065   0.3084   0.3103   0.3123   0.3142   0.3161    0.318   0.3199   0.3218   0.3238   0.3257   0.3276   0.3295   0.3314   0.3333   0.3352   0.3372   0.3391    0.341   0.3429   0.3448   0.3467   0.3487   0.3506   0.3525   0.3544   0.3563   0.3582   0.3602   0.3621    0.364   0.3659   0.3678   0.3697   0.3716   0.3736   0.3755   0.3774   0.3793   0.3812   0.3831   0.3851    0.387   0.3889   0.3908   0.3927   0.3946   0.3966   0.3985   0.4004   0.4023   0.4042   0.4061    0.408     0.41   0.4119   0.4138   0.4157   0.4176   0.4195   0.4215   0.4234   0.4253   0.4272   0.4291    0.431    0.433   0.4349   0.4368   0.4387   0.4406   0.4425   0.4444   0.4464   0.4483   0.4502   0.4521    0.454   0.4559   0.4579   0.4598   0.4617   0.4636   0.4655   0.4674   0.4693   0.4713   0.4732   0.4751    0.477   0.4789   0.4808   0.4828   0.4847   0.4866   0.4885   0.4904   0.4923   0.4943   0.4962   0.4981
    S      0.0   0.5604   0.5608   0.3121   0.0466   0.6639   0.1635   0.0689    0.131   0.0963    0.628   0.2941   0.0649   0.1132   0.0276      1.0   0.3555   0.0275   0.0475   0.1248   0.2923   0.2572   0.0089   0.0522   0.1685   0.1035   0.0416   0.1549   0.0263   0.0583   0.0225   0.3308   0.0147    0.112   0.0915   0.1607   0.0432   0.1946    0.094   0.0243   0.0784   0.0323   0.1607   0.1056   0.0773   0.0476   0.2077   0.0771   0.4045   0.1528   0.0221   0.0012    0.112   0.1352   0.0204   0.0074   0.0053   0.0085   0.0085   0.1492   0.1436   0.2603   0.0102    0.091   0.1934   0.0142   0.2199   0.2142   0.0725   0.0695   0.0425   0.0253   0.0652    0.207   0.1755   0.0535   0.0025   0.0501   0.1482   0.4556   0.0521    0.041   0.0274   0.1077   0.0078   0.2687   0.1407   0.0278   0.1103   0.1106   0.0492   0.1075   0.0211   0.1224   0.0358   0.0818   0.0267   0.0392   0.0449   0.1033   0.0329   0.0108   0.0114    0.078   0.1732   0.0109   0.0148    0.212   0.2184   0.0203   0.0014    0.105   0.0866   0.0346   0.0275   0.0503   0.1335   0.0853   0.0334   0.0054   0.1009   0.0198   0.0076   0.0441   0.0309   0.0286    0.123   0.0002   0.0197    0.209   0.1989   0.1876   0.0109   0.0732   0.0368   0.0256   0.0035   0.0316   0.0842   0.0033   0.0301   0.0021   0.0237     0.04   0.0107   0.1808   0.1327   0.2114   0.1231   0.0708   0.0454   0.0557   0.1362   0.0804    0.042   0.0433   0.0285   0.0551   0.0498    0.015   0.1107   0.0268   0.0616   0.0565   0.0561   0.1649   0.1519    0.101   0.1049   0.0237   0.0873   0.0374   0.1435   0.0404   0.0104   0.0603   0.0733    0.069   0.1933   0.0888   0.0325   0.1481    0.067   0.0339   0.0488   0.0305   0.0514   0.0122   0.1261   0.1458   0.0042   0.0642   0.0169   0.0258   0.0167   0.0049   0.3994    0.069   0.0118   0.0796   0.0221   0.0836   0.0009   0.0515   0.0676   0.1299   0.0288   0.0506   0.2275   0.0684   0.0215   0.0744   0.1811   0.0169   0.1313   0.0719   0.1044   0.0244   0.2403   0.0414   0.0094   0.0387   0.0241   0.0097   0.1388    0.039   0.1345   0.1412   0.0223   0.0276   0.0157   0.0001    0.022    0.038   0.0534   0.0293   0.0141   0.1221   0.0233   0.0473    0.137   0.0543   0.0488   0.0287   0.0685   0.1852   0.1211   0.1586   0.0957   0.1108   0.0159   0.0765   0.0391    0.082    0.113   0.0043   0.2614   0.0696   0.0069   0.0405   0.0078
  snr   -13.75
    H     5.06
 exon    False

M: tbpse
 freq      0.0   0.0019   0.0038   0.0057   0.0077   0.0096   0.0115   0.0134   0.0153   0.0172   0.0192   0.0211    0.023   0.0249   0.0268   0.0287   0.0307   0.0326   0.0345   0.0364   0.0383   0.0402   0.0421   0.0441    0.046   0.0479   0.0498   0.0517   0.0536   0.0556   0.0575   0.0594   0.0613   0.0632   0.0651    0.067    0.069   0.0709   0.0728   0.0747   0.0766   0.0785   0.0805   0.0824   0.0843   0.0862   0.0881     0.09    0.092   0.0939   0.0958   0.0977   0.0996   0.1015   0.1034   0.1054   0.1073   0.1092   0.1111    0.113   0.1149   0.1169   0.1188   0.1207   0.1226   0.1245   0.1264   0.1284   0.1303   0.1322   0.1341    0.136   0.1379   0.1398   0.1418   0.1437   0.1456   0.1475   0.1494   0.1513   0.1533   0.1552   0.1571    0.159   0.1609   0.1628   0.1648   0.1667   0.1686   0.1705   0.1724   0.1743   0.1762   0.1782   0.1801    0.182   0.1839   0.1858   0.1877   0.1897   0.1916   0.1935   0.1954   0.1973   0.1992   0.2011   0.2031    0.205   0.2069   0.2088   0.2107   0.2126   0.2146   0.2165   0.2184   0.2203   0.2222   0.2241   0.2261    0.228   0.2299   0.2318   0.2337   0.2356   0.2375   0.2395   0.2414   0.2433   0.2452   0.2471    0.249    0.251   0.2529   0.2548   0.2567   0.2586   0.2605   0.2625   0.2644   0.2663   0.2682   0.2701    0.272   0.2739   0.2759   0.2778   0.2797   0.2816   0.2835   0.2854   0.2874   0.2893   0.2912   0.2931    0.295   0.2969   0.2989   0.3008   0.3027   0.3046   0.3065   0.3084   0.3103   0.3123   0.3142   0.3161    0.318   0.3199   0.3218   0.3238   0.3257   0.3276   0.3295   0.3314   0.3333   0.3352   0.3372   0.3391    0.341   0.3429   0.3448   0.3467   0.3487   0.3506   0.3525   0.3544   0.3563   0.3582   0.3602   0.3621    0.364   0.3659   0.3678   0.3697   0.3716   0.3736   0.3755   0.3774   0.3793   0.3812   0.3831   0.3851    0.387   0.3889   0.3908   0.3927   0.3946   0.3966   0.3985   0.4004   0.4023   0.4042   0.4061    0.408     0.41   0.4119   0.4138   0.4157   0.4176   0.4195   0.4215   0.4234   0.4253   0.4272   0.4291    0.431    0.433   0.4349   0.4368   0.4387   0.4406   0.4425   0.4444   0.4464   0.4483   0.4502   0.4521    0.454   0.4559   0.4579   0.4598   0.4617   0.4636   0.4655   0.4674   0.4693   0.4713   0.4732   0.4751    0.477   0.4789   0.4808   0.4828   0.4847   0.4866   0.4885   0.4904   0.4923   0.4943   0.4962   0.4981
    S      0.0      1.0    0.386    0.129    0.212   0.2272   0.1612   0.1473   0.1605   0.1358   0.4623   0.2686   0.2814   0.0721   0.1022   0.3138   0.2807   0.1391   0.1098   0.1179      0.1   0.0671   0.0924     0.03   0.0558   0.1378   0.0172   0.1964   0.1687   0.1423   0.0773   0.6804   0.0449   0.0854   0.1023   0.0964   0.0549   0.3597   0.1681   0.0466   0.3929   0.1249   0.0668   0.6081   0.1452   0.2128   0.3387     0.18   0.4049   0.3848   0.4263   0.1559   0.0915   0.1269   0.2023    0.083   0.3726   0.4945   0.3164   0.1225   0.2456   0.2197   0.0347   0.1169    0.171   0.5036   0.0858   0.1749   0.0779     0.03   0.2503   0.0285   0.1581   0.0334   0.0819   0.0538   0.0123   0.0448   0.1126     0.14   0.1595   0.0078   0.2376   0.1304   0.1821   0.1699   0.0472   0.1746   0.1677   0.1051   0.0505   0.5392   0.0817   0.2158   0.1231    0.043   0.2134   0.0662   0.1324   0.3478   0.0252   0.0976    0.122   0.0679   0.1098   0.4059   0.0316   0.5458   0.4306    0.024   0.0663   0.0208   0.5473   0.1617   0.1304   0.2249   0.1697   0.0518   0.0825   0.0124   0.2683   0.1907   0.1203   0.1439   0.0519   0.0503    0.193   0.3169   0.0928   0.2261   0.3046   0.0609      0.2   0.3512   0.1528   0.0527     0.12   0.4876   0.2684   0.0162   0.1323   0.0048   0.1205   0.0719   0.0294   0.0983   0.0376    0.379   0.1751   0.0631    0.423    0.072   0.1887   0.1043   0.0916   0.2941   0.0336   0.0285   0.2243   0.0314   0.3398   0.1734   0.0396   0.1772   0.1691    0.137   0.0793    0.151   0.0779   0.2629   0.1499   0.3654   0.1183   0.1861   0.1046   0.0793   0.1497    0.079   0.0893   0.0769   0.0634   0.0934   0.0513   0.0292   0.1478   0.0211   0.3305   0.1396   0.1502    0.244    0.016   0.1076   0.0912   0.1647   0.1957   0.0248   0.1167    0.272   0.4832   0.1714   0.0206    0.433   0.0218   0.1867   0.0627   0.1951   0.1549   0.2048   0.1563   0.0836    0.033   0.2473   0.0747   0.2145   0.0757   0.0406   0.0852   0.1116   0.2431   0.0978   0.0607   0.0758   0.1824   0.0211   0.1331   0.0898   0.2927   0.1455   0.0321   0.0584   0.2835   0.0073   0.1654   0.0795   0.1245   0.2111   0.1377   0.1413   0.1259   0.0781   0.1314   0.1146   0.1113    0.058   0.0639   0.0524   0.0393   0.2872   0.0993   0.0841   0.0684   0.0301   0.3041   0.0284   0.1591   0.0505   0.1759   0.0618   0.0814   0.0273   0.0317
  snr   -16.04
    H     5.26
 exon    False

M: snrse
 freq      0.0   0.0019   0.0038   0.0057   0.0077   0.0096   0.0115   0.0134   0.0153   0.0172   0.0192   0.0211    0.023   0.0249   0.0268   0.0287   0.0307   0.0326   0.0345   0.0364   0.0383   0.0402   0.0421   0.0441    0.046   0.0479   0.0498   0.0517   0.0536   0.0556   0.0575   0.0594   0.0613   0.0632   0.0651    0.067    0.069   0.0709   0.0728   0.0747   0.0766   0.0785   0.0805   0.0824   0.0843   0.0862   0.0881     0.09    0.092   0.0939   0.0958   0.0977   0.0996   0.1015   0.1034   0.1054   0.1073   0.1092   0.1111    0.113   0.1149   0.1169   0.1188   0.1207   0.1226   0.1245   0.1264   0.1284   0.1303   0.1322   0.1341    0.136   0.1379   0.1398   0.1418   0.1437   0.1456   0.1475   0.1494   0.1513   0.1533   0.1552   0.1571    0.159   0.1609   0.1628   0.1648   0.1667   0.1686   0.1705   0.1724   0.1743   0.1762   0.1782   0.1801    0.182   0.1839   0.1858   0.1877   0.1897   0.1916   0.1935   0.1954   0.1973   0.1992   0.2011   0.2031    0.205   0.2069   0.2088   0.2107   0.2126   0.2146   0.2165   0.2184   0.2203   0.2222   0.2241   0.2261    0.228   0.2299   0.2318   0.2337   0.2356   0.2375   0.2395   0.2414   0.2433   0.2452   0.2471    0.249    0.251   0.2529   0.2548   0.2567   0.2586   0.2605   0.2625   0.2644   0.2663   0.2682   0.2701    0.272   0.2739   0.2759   0.2778   0.2797   0.2816   0.2835   0.2854   0.2874   0.2893   0.2912   0.2931    0.295   0.2969   0.2989   0.3008   0.3027   0.3046   0.3065   0.3084   0.3103   0.3123   0.3142   0.3161    0.318   0.3199   0.3218   0.3238   0.3257   0.3276   0.3295   0.3314   0.3333   0.3352   0.3372   0.3391    0.341   0.3429   0.3448   0.3467   0.3487   0.3506   0.3525   0.3544   0.3563   0.3582   0.3602   0.3621    0.364   0.3659   0.3678   0.3697   0.3716   0.3736   0.3755   0.3774   0.3793   0.3812   0.3831   0.3851    0.387   0.3889   0.3908   0.3927   0.3946   0.3966   0.3985   0.4004   0.4023   0.4042   0.4061    0.408     0.41   0.4119   0.4138   0.4157   0.4176   0.4195   0.4215   0.4234   0.4253   0.4272   0.4291    0.431    0.433   0.4349   0.4368   0.4387   0.4406   0.4425   0.4444   0.4464   0.4483   0.4502   0.4521    0.454   0.4559   0.4579   0.4598   0.4617   0.4636   0.4655   0.4674   0.4693   0.4713   0.4732   0.4751    0.477   0.4789   0.4808   0.4828   0.4847   0.4866   0.4885   0.4904   0.4923   0.4943   0.4962   0.4981
    S      0.0   0.6154   0.5867   0.3134   0.0407   0.6425     0.15   0.0743    0.138   0.1004   0.5869   0.3102   0.0708    0.116   0.0287      1.0   0.3639   0.0277   0.0401   0.1291   0.2791   0.2595   0.0115   0.0556   0.1616   0.1135   0.0393   0.1577   0.0211   0.0624     0.02   0.3336   0.0144   0.1175    0.099   0.1485   0.0445   0.2074   0.1011   0.0263   0.0944   0.0317   0.1603   0.1107   0.0821   0.0561   0.2277   0.0872   0.4179   0.1473   0.0144   0.0007   0.1126   0.1448   0.0226   0.0071   0.0045   0.0052   0.0049   0.1513    0.158   0.2716   0.0101   0.0981   0.2012   0.0184   0.2122   0.1995   0.0754   0.0662    0.032   0.0274   0.0727   0.2031   0.1719   0.0489   0.0026   0.0461   0.1529   0.4444   0.0572   0.0425   0.0358   0.1003    0.009   0.2783   0.1418   0.0283   0.1056   0.1148   0.0461   0.1132   0.0227    0.132    0.042   0.0797   0.0292   0.0377   0.0461   0.1097   0.0337   0.0106   0.0102    0.074   0.1785   0.0145   0.0129   0.2272   0.2123   0.0187   0.0013    0.102   0.1089   0.0387    0.031   0.0599   0.1328   0.0888    0.037   0.0051   0.1085   0.0244   0.0061   0.0478   0.0297   0.0313   0.1344   0.0009   0.0243   0.2056   0.2084   0.1788   0.0101   0.0862   0.0295   0.0232   0.0029   0.0367   0.0714   0.0044   0.0259   0.0023   0.0238   0.0432    0.013   0.1771    0.129   0.2134   0.1333   0.0658   0.0582   0.0564   0.1248   0.0806   0.0474   0.0557    0.031   0.0511   0.0472   0.0132   0.1148   0.0283   0.0638   0.0613   0.0606   0.1582   0.1571   0.1085   0.1056   0.0181   0.0898   0.0264   0.1446   0.0435   0.0115   0.0645   0.0812   0.0686    0.179   0.0876   0.0283   0.1498   0.0625   0.0358   0.0569   0.0301   0.0673   0.0124   0.1306   0.1519   0.0041   0.0687   0.0166   0.0246   0.0148   0.0064   0.3903   0.0698   0.0069    0.088   0.0233   0.0928    0.001   0.0575   0.0655   0.1123   0.0241   0.0489    0.219   0.0721   0.0199   0.0739   0.1862   0.0122   0.1234    0.074   0.1022   0.0245   0.2438   0.0466   0.0096    0.037   0.0314   0.0092   0.1442   0.0378   0.1263   0.1409   0.0236   0.0314   0.0105   0.0005   0.0187   0.0339   0.0493   0.0384   0.0175   0.1235   0.0244   0.0473    0.143   0.0599   0.0544   0.0249   0.0718   0.1863   0.1231   0.1732   0.0908   0.1111   0.0131   0.0745   0.0478   0.0802   0.1191    0.005   0.2694   0.0733   0.0051   0.0383   0.0084
  snr   -13.81
    H     5.06
 exon    False