>data-XIV-cerevisiae-intergenic-36
N: 469
Methods: voss, eiip, qpsk, mem, tbpse, snrse

M: voss
 freq      0.0   0.0021   0.0043   0.0064   0.0085   0.0107   0.0128   0.0149   0.0171   0.0192   0.0213   0.0235   0.0256   0.0277   0.0299    0.032   0.0341   0.0362   0.0384   0.0405   0.0426   0.0448   0.0469    0.049   0.0512   0.0533   0.0554   0.0576   0.0597   0.0618    0.064   0.0661   0.0682   0.0704   0.0725   0.0746   0.0768   0.0789    0.081   0.0832   0.0853   0.0874   0.0896   0.0917   0.0938   0.0959   0.0981   0.1002   0.1023   0.1045   0.1066   0.1087   0.1109    0.113   0.1151   0.1173   0.1194   0.1215   0.1237   0.1258   0.1279   0.1301   0.1322   0.1343   0.1365   0.1386   0.1407   0.1429    0.145   0.1471   0.1493   0.1514   0.1535   0.1557   0.1578   0.1599    0.162   0.1642   0.1663   0.1684   0.1706   0.1727   0.1748    0.177   0.1791   0.1812   0.1834   0.1855   0.1876   0.1898   0.1919    0.194   0.1962   0.1983   0.2004   0.2026   0.2047   0.2068    0.209   0.2111   0.2132   0.2154   0.2175   0.2196   0.2217   0.2239    0.226   0.2281   0.2303   0.2324   0.2345   0.2367   0.2388   0.2409   0.2431   0.2452   0.2473   0.2495   0.2516   0.2537   0.2559    0.258   0.2601   0.2623   0.2644   0.2665   0.2687   0.2708   0.2729   0.2751   0.2772   0.2793   0.2814   0.2836   0.2857   0.2878     0.29   0.2921   0.2942   0.2964   0.2985   0.3006   0.3028   0.3049    0.307   0.3092   0.3113   0.3134   0.3156   0.3177   0.3198    0.322   0.3241   0.3262   0.3284   0.3305   0.3326   0.3348   0.3369    0.339   0.3412   0.3433   0.3454   0.3475   0.3497   0.3518   0.3539   0.3561   0.3582   0.3603   0.3625   0.3646   0.3667   0.3689    0.371   0.3731   0.3753   0.3774   0.3795   0.3817   0.3838   0.3859   0.3881   0.3902   0.3923   0.3945   0.3966   0.3987   0.4009    0.403   0.4051   0.4072   0.4094   0.4115   0.4136   0.4158   0.4179     0.42   0.4222   0.4243   0.4264   0.4286   0.4307   0.4328    0.435   0.4371   0.4392   0.4414   0.4435   0.4456   0.4478   0.4499    0.452   0.4542   0.4563   0.4584   0.4606   0.4627   0.4648    0.467   0.4691   0.4712   0.4733   0.4755   0.4776   0.4797   0.4819    0.484   0.4861   0.4883   0.4904   0.4925   0.4947   0.4968   0.4989
    S      0.0   0.5834   0.3756   0.1343   0.5616   0.5038   0.5531   0.5356   0.2249   0.3761    0.232   0.6223   0.5898   0.3759   0.1549   0.0838   0.1549   0.3889   0.5511   0.5723   0.3041    0.557   0.2596   0.3401   0.2525   0.7439   0.3052   0.4504   0.3788   0.3033   0.2404   0.2602   0.2392   0.4078   0.3626   0.5134   0.4484   0.1709   0.0619   0.0336   0.1425   0.2925   0.0693   0.3285    0.115   0.5288   0.2396   0.1621   0.0094    0.326   0.5711   0.4694   0.2288   0.5172    0.482   0.3099   0.8161   0.6068   0.3013   0.5691   0.4315   0.2802   0.0693   0.1425   0.1842   0.8786   0.1472   0.1803   0.2075   0.4262   0.0364   0.1961   0.2935   0.5882   0.5848   0.2779   0.2032   0.3062   0.1698   0.6119    0.324   0.0637   0.5126   0.2249   0.5251   0.6277   0.1477   0.3208   0.2796   0.9705    0.302   0.3845   0.1125   0.1047   0.1533   0.1494   0.0358     0.59   0.2562   0.0956   0.2276   0.1848   0.3106   0.6634   0.1979   0.5755   0.4439   0.2924   0.1734   0.4543    0.582   0.1113    0.299   0.4161      1.0   0.0372    0.733   0.0665   0.3438   0.0768    0.069   0.6273   0.3767    0.639   0.0982   0.1173   0.5669   0.1482   0.0531   0.1206    0.154   0.4074   0.2006   0.5427   0.1227   0.4868   0.3784   0.2861   0.2903   0.1987   0.3582   0.2289   0.1252   0.2605    0.109   0.7969   0.4255    0.198   0.1299   0.1203   0.1594   0.3173   0.1373   0.3775   0.4531   0.1833   0.2862   0.0855   0.2369   0.2093   0.2527   0.8201   0.2619   0.3341   0.0466   0.3767   0.3141   0.2213   0.8241   0.3536   0.0405   0.8101   0.7116   0.4289   0.4557   0.6318   0.2653   0.3853   0.3582    0.416   0.2141   0.1084   0.1566   0.2591    0.403   0.2111   0.5348   0.3199   0.3357   0.0996   0.0975   0.4662   0.1128   0.2812   0.1368    0.375   0.2949   0.4203   0.0844   0.1302   0.5508   0.5358   0.4603   0.4484   0.3113   0.1292   0.2546   0.0852   0.2413   0.2636   0.2037   0.4748    0.347   0.2389   0.3434   0.1959   0.1731    0.402   0.7942   0.3887   0.4867   0.3806   0.4978   0.4845   0.5364   0.4265   0.0871   0.5639   0.1791   0.3774   0.1924   0.3885   0.1905   0.2524    0.548
  snr   -18.85
    H     5.28
 exon    False

M: eiip
 freq      0.0   0.0021   0.0043   0.0064   0.0085   0.0107   0.0128   0.0149   0.0171   0.0192   0.0213   0.0235   0.0256   0.0277   0.0299    0.032   0.0341   0.0362   0.0384   0.0405   0.0426   0.0448   0.0469    0.049   0.0512   0.0533   0.0554   0.0576   0.0597   0.0618    0.064   0.0661   0.0682   0.0704   0.0725   0.0746   0.0768   0.0789    0.081   0.0832   0.0853   0.0874   0.0896   0.0917   0.0938   0.0959   0.0981   0.1002   0.1023   0.1045   0.1066   0.1087   0.1109    0.113   0.1151   0.1173   0.1194   0.1215   0.1237   0.1258   0.1279   0.1301   0.1322   0.1343   0.1365   0.1386   0.1407   0.1429    0.145   0.1471   0.1493   0.1514   0.1535   0.1557   0.1578   0.1599    0.162   0.1642   0.1663   0.1684   0.1706   0.1727   0.1748    0.177   0.1791   0.1812   0.1834   0.1855   0.1876   0.1898   0.1919    0.194   0.1962   0.1983   0.2004   0.2026   0.2047   0.2068    0.209   0.2111   0.2132   0.2154   0.2175   0.2196   0.2217   0.2239    0.226   0.2281   0.2303   0.2324   0.2345   0.2367   0.2388   0.2409   0.2431   0.2452   0.2473   0.2495   0.2516   0.2537   0.2559    0.258   0.2601   0.2623   0.2644   0.2665   0.2687   0.2708   0.2729   0.2751   0.2772   0.2793   0.2814   0.2836   0.2857   0.2878     0.29   0.2921   0.2942   0.2964   0.2985   0.3006   0.3028   0.3049    0.307   0.3092   0.3113   0.3134   0.3156   0.3177   0.3198    0.322   0.3241   0.3262   0.3284   0.3305   0.3326   0.3348   0.3369    0.339   0.3412   0.3433   0.3454   0.3475   0.3497   0.3518   0.3539   0.3561   0.3582   0.3603   0.3625   0.3646   0.3667   0.3689    0.371   0.3731   0.3753   0.3774   0.3795   0.3817   0.3838   0.3859   0.3881   0.3902   0.3923   0.3945   0.3966   0.3987   0.4009    0.403   0.4051   0.4072   0.4094   0.4115   0.4136   0.4158   0.4179     0.42   0.4222   0.4243   0.4264   0.4286   0.4307   0.4328    0.435   0.4371   0.4392   0.4414   0.4435   0.4456   0.4478   0.4499    0.452   0.4542   0.4563   0.4584   0.4606   0.4627   0.4648    0.467   0.4691   0.4712   0.4733   0.4755   0.4776   0.4797   0.4819    0.484   0.4861   0.4883   0.4904   0.4925   0.4947   0.4968   0.4989
    S      0.0   0.2631   0.1054   0.1153   0.1133   0.0393   0.1432    0.235   0.1213   0.0649    0.179   0.0123   0.1089   0.0463   0.0504   0.0251   0.1804   0.0652   0.4364   0.1603   0.1036   0.0169   0.0231   0.2646   0.1872   0.0218   0.3304   0.2245   0.0339   0.0636   0.0796   0.2758   0.2514   0.4604   0.3549   0.3831   0.0703   0.0666   0.0007   0.0464   0.1407   0.3178   0.0673   0.0481   0.0377   0.0671   0.2966   0.0878   0.0002   0.1676   0.0925     0.14   0.1925   0.2627   0.0275   0.1182   0.2296   0.1074   0.4826   0.0306   0.1602   0.0557   0.0469   0.0423    0.095   0.1005   0.0436   0.1059   0.0073   0.0113   0.0276   0.1824   0.0741   0.3551    0.236   0.0239   0.0391   0.3339   0.0294   0.3997   0.0845    0.061   0.1229   0.1182   0.3111   0.4272    0.092   0.1706   0.2336   0.4695   0.0154   0.1069   0.0674   0.0217   0.1942   0.0196   0.0158   0.0383   0.1064   0.1164   0.1347   0.0602   0.1586   0.2047   0.0986    0.094   0.3133   0.2872   0.1015   0.5133   0.1327   0.0472   0.2147   0.0235   0.5416   0.0116   0.2561   0.0285   0.3039   0.0068   0.0085   0.5425   0.2144   0.0715   0.0324   0.0274   0.1301   0.0403    0.022   0.0277   0.0167   0.1389   0.1485   0.1361   0.0008   0.1925   0.3392   0.2738   0.1664   0.2351   0.0838   0.0095   0.1306   0.0232   0.0016   0.1246   0.2739    0.234   0.0719   0.0507   0.0416   0.3587   0.1263   0.1738   0.1207   0.1056   0.1282   0.0306   0.0852   0.0521   0.0159   0.0506   0.2443   0.0651   0.0144   0.2961   0.2172   0.1152      1.0   0.1839   0.0142   0.1815   0.2971   0.0886   0.1187   0.2881   0.3148   0.0411   0.0518   0.3245   0.0965   0.0397   0.1027   0.0221   0.1455   0.0888   0.1296   0.1444   0.2456   0.0162   0.0021   0.2475   0.0299   0.0754   0.1851   0.1432   0.1232   0.0828   0.0663   0.0217   0.3411   0.5964   0.1424    0.241   0.0372   0.0074   0.3047   0.1005   0.0338   0.0621   0.1347   0.2833   0.0448   0.0018   0.0182   0.0566   0.1355   0.0388   0.5461   0.4773   0.1046   0.1249   0.1744   0.0771   0.2026   0.3434   0.0281   0.6399   0.2316   0.4027   0.0431   0.1278   0.0892   0.1743   0.1552
  snr   -15.29
    H     5.06
 exon    False

M: qpsk
 freq      0.0   0.0021   0.0043   0.0064   0.0085   0.0107   0.0128   0.0149   0.0171   0.0192   0.0213   0.0235   0.0256   0.0277   0.0299    0.032   0.0341   0.0362   0.0384   0.0405   0.0426   0.0448   0.0469    0.049   0.0512   0.0533   0.0554   0.0576   0.0597   0.0618    0.064   0.0661   0.0682   0.0704   0.0725   0.0746   0.0768   0.0789    0.081   0.0832   0.0853   0.0874   0.0896   0.0917   0.0938   0.0959   0.0981   0.1002   0.1023   0.1045   0.1066   0.1087   0.1109    0.113   0.1151   0.1173   0.1194   0.1215   0.1237   0.1258   0.1279   0.1301   0.1322   0.1343   0.1365   0.1386   0.1407   0.1429    0.145   0.1471   0.1493   0.1514   0.1535   0.1557   0.1578   0.1599    0.162   0.1642   0.1663   0.1684   0.1706   0.1727   0.1748    0.177   0.1791   0.1812   0.1834   0.1855   0.1876   0.1898   0.1919    0.194   0.1962   0.1983   0.2004   0.2026   0.2047   0.2068    0.209   0.2111   0.2132   0.2154   0.2175   0.2196   0.2217   0.2239    0.226   0.2281   0.2303   0.2324   0.2345   0.2367   0.2388   0.2409   0.2431   0.2452   0.2473   0.2495   0.2516   0.2537   0.2559    0.258   0.2601   0.2623   0.2644   0.2665   0.2687   0.2708   0.2729   0.2751   0.2772   0.2793   0.2814   0.2836   0.2857   0.2878     0.29   0.2921   0.2942   0.2964   0.2985   0.3006   0.3028   0.3049    0.307   0.3092   0.3113   0.3134   0.3156   0.3177   0.3198    0.322   0.3241   0.3262   0.3284   0.3305   0.3326   0.3348   0.3369    0.339   0.3412   0.3433   0.3454   0.3475   0.3497   0.3518   0.3539   0.3561   0.3582   0.3603   0.3625   0.3646   0.3667   0.3689    0.371   0.3731   0.3753   0.3774   0.3795   0.3817   0.3838   0.3859   0.3881   0.3902   0.3923   0.3945   0.3966   0.3987   0.4009    0.403   0.4051   0.4072   0.4094   0.4115   0.4136   0.4158   0.4179     0.42   0.4222   0.4243   0.4264   0.4286   0.4307   0.4328    0.435   0.4371   0.4392   0.4414   0.4435   0.4456   0.4478   0.4499    0.452   0.4542   0.4563   0.4584   0.4606   0.4627   0.4648    0.467   0.4691   0.4712   0.4733   0.4755   0.4776   0.4797   0.4819    0.484   0.4861   0.4883   0.4904   0.4925   0.4947   0.4968   0.4989
    S      0.0   0.4559   0.3589   0.1096   0.3688   0.3418   0.4366   0.0951   0.1647   0.2734    0.255   0.5211   0.3754    0.262   0.1583   0.0441   0.1619   0.3237   0.5753   0.4608    0.301   0.2582   0.2141    0.141    0.111   0.6258   0.3356   0.4568    0.411   0.3013   0.2105    0.256   0.2262   0.3241   0.3786   0.5044   0.1402    0.172    0.031   0.0284     0.11   0.3315   0.0694   0.3312   0.1205   0.2826   0.1721   0.1288   0.0107   0.0813   0.0793   0.3945   0.2516   0.3982   0.5039   0.2983   0.6131   0.5719   0.3071   0.3298   0.4676   0.1321   0.0785   0.1377   0.2041   0.6276   0.1005   0.1354   0.1802   0.3591   0.0278   0.1521    0.237   0.6185   0.1539   0.2312   0.1029     0.27   0.1947   0.3832   0.3325   0.0593   0.1937   0.2401   0.3981   0.4637   0.1104   0.2999     0.16   0.2165   0.2257   0.3323   0.0802   0.0368   0.1135   0.1166   0.0414   0.3851   0.2565   0.0542   0.2099   0.0995   0.3176    0.529   0.0979   0.3191   0.3872   0.2034   0.1996   0.4257   0.6668   0.0763   0.0159   0.2402      1.0   0.0316   0.7958   0.0629   0.1572   0.0546   0.0395   0.2723   0.3994   0.6655   0.0568   0.0724   0.3949   0.1395   0.0337   0.0328   0.1078   0.3497   0.2197   0.5215   0.0468   0.4562   0.4114   0.2387   0.0846   0.1478   0.3221   0.1395   0.0248   0.2978   0.0612   0.8192   0.3882   0.1305   0.0814    0.121    0.128   0.3147    0.131   0.3886   0.4313   0.1125   0.3252   0.0922    0.156   0.2128   0.2796   0.4624   0.2953     0.07    0.048   0.4083   0.2921   0.0976   0.6217   0.1005   0.0222   0.5939   0.6594   0.2944   0.3783   0.4412   0.1164   0.3487   0.0879   0.3237   0.2292   0.0194   0.1389   0.0844   0.0733   0.2039   0.4587     0.32   0.3652   0.0878   0.0447   0.3351   0.1277   0.1493   0.1337   0.4303   0.0279   0.3213   0.0812   0.1002   0.6264   0.1652    0.361   0.0504   0.2623   0.1455   0.2248   0.0554   0.2145   0.1594     0.21   0.5042   0.3825   0.1195   0.1763   0.1641   0.0992   0.3228   0.7542   0.1767   0.5321   0.3172   0.3731   0.1086    0.462    0.199   0.0677   0.2347   0.1505   0.3174   0.1451   0.2992   0.1971   0.1213   0.1905
  snr   -17.66
    H     5.22
 exon    False

M: mem
 freq      0.0   0.0021   0.0043   0.0064   0.0085   0.0107   0.0128    0.015   0.0171   0.0192   0.0214   0.0235   0.0256   0.0278   0.0299   0.0321   0.0342   0.0363   0.0385   0.0406   0.0427   0.0449    0.047   0.0491   0.0513   0.0534   0.0556   0.0577   0.0598    0.062   0.0641   0.0662   0.0684   0.0705   0.0726   0.0748   0.0769   0.0791   0.0812   0.0833   0.0855   0.0876   0.0897   0.0919    0.094   0.0962   0.0983   0.1004   0.1026   0.1047   0.1068    0.109   0.1111   0.1132   0.1154   0.1175   0.1197   0.1218   0.1239   0.1261   0.1282   0.1303   0.1325   0.1346   0.1368   0.1389    0.141   0.1432   0.1453   0.1474   0.1496   0.1517   0.1538    0.156   0.1581   0.1603   0.1624   0.1645   0.1667   0.1688   0.1709   0.1731   0.1752   0.1774   0.1795   0.1816   0.1838   0.1859    0.188   0.1902   0.1923   0.1944   0.1966   0.1987   0.2009    0.203   0.2051   0.2073   0.2094   0.2115   0.2137   0.2158   0.2179   0.2201   0.2222   0.2244   0.2265   0.2286   0.2308   0.2329    0.235   0.2372   0.2393   0.2415   0.2436   0.2457   0.2479     0.25   0.2521   0.2543   0.2564   0.2585   0.2607   0.2628    0.265   0.2671   0.2692   0.2714   0.2735   0.2756   0.2778   0.2799   0.2821   0.2842   0.2863   0.2885   0.2906   0.2927   0.2949    0.297   0.2991   0.3013   0.3034   0.3056   0.3077   0.3098    0.312   0.3141   0.3162   0.3184   0.3205   0.3226   0.3248   0.3269   0.3291   0.3312   0.3333   0.3355   0.3376   0.3397   0.3419    0.344   0.3462   0.3483   0.3504   0.3526   0.3547   0.3568    0.359   0.3611   0.3632   0.3654   0.3675   0.3697   0.3718   0.3739   0.3761   0.3782   0.3803   0.3825   0.3846   0.3868   0.3889    0.391   0.3932   0.3953   0.3974   0.3996   0.4017   0.4038    0.406   0.4081   0.4103   0.4124   0.4145   0.4167   0.4188   0.4209   0.4231   0.4252   0.4274   0.4295   0.4316   0.4338   0.4359    0.438   0.4402   0.4423   0.4444   0.4466   0.4487   0.4509    0.453   0.4551   0.4573   0.4594   0.4615   0.4637   0.4658   0.4679   0.4701   0.4722   0.4744   0.4765   0.4786   0.4808   0.4829    0.485   0.4872   0.4893   0.4915   0.4936   0.4957   0.4979
    S      0.0   0.0243   0.1128   0.0176   0.0514   0.0233   0.0175   0.0344   0.0294    0.069   0.0095   0.1101   0.0979   0.1266   0.1106   0.0092   0.0099   0.0925   0.0201   0.1381   0.1524   0.0285   0.1652   0.1261   0.1971    0.397    0.071   0.4157   0.2992   0.0663   0.0312   0.0478   0.0713   0.0281   0.0065   0.1681   0.1412   0.0517   0.0637   0.0007   0.0786    0.024   0.0273   0.3265   0.0575   0.0641   0.0092   0.0155   0.0069   0.0949   0.3883   0.0893   0.0216   0.2146   0.3068   0.0404   0.0039   0.4201   0.0125   0.0309   0.2417   0.0486   0.0615   0.0683   0.0325      1.0   0.0067   0.0953   0.0879   0.1178   0.0191   0.0423   0.0829   0.1181   0.1089   0.1236   0.0203   0.0164   0.1129   0.2387   0.1384   0.0574   0.3641   0.0842   0.1329   0.2064   0.0227   0.0396   0.1479   0.1119   0.4282   0.2596   0.1243   0.0079   0.0257   0.1388    0.056   0.3608   0.0581   0.0021   0.0331   0.2643   0.0877   0.0217   0.0969   0.3488   0.0902   0.0112   0.1314   0.0222   0.2832   0.0719   0.0672   0.4822   0.1943   0.0203   0.3133   0.0441   0.0129   0.0741   0.1741   0.0522   0.3342   0.4568   0.0252    0.135   0.0125    0.007   0.0139   0.0953    0.013   0.0279   0.2061   0.2442   0.0458   0.0523   0.0932   0.0304   0.1637   0.0124   0.0408   0.0642   0.0526   0.1927   0.3112   0.6546   0.0312   0.0088   0.0307    0.155    0.107   0.0401   0.1623   0.0387   0.1548   0.0931   0.3184   0.0314   0.0154    0.254   0.1005   0.0889   0.0268   0.0647   0.0516   0.0748   0.0944   0.0033   0.1137   0.0184   0.1501   0.0672   0.4013   0.1025   0.0127   0.2206   0.0156   0.2839   0.3313   0.1831   0.0251   0.0056   0.0188   0.1656   0.0908   0.1049   0.0603   0.0411   0.0243   0.0501   0.0181   0.0117   0.0635   0.0052   0.0842   0.1577   0.0519   0.0869   0.0009   0.1742   0.1225   0.1179   0.1881   0.1095   0.1254   0.0277   0.0692    0.039   0.0045   0.0547   0.0089    0.224   0.1214   0.0729   0.2634   0.0588   0.0675   0.0417   0.1546   0.1355   0.1135   0.0115   0.3343   0.0495   0.1183   0.2597    0.012   0.0812   0.0621   0.0706   0.0411   0.1079   0.2551   0.0092
  snr   -13.99
    H     4.98
 exon    False

M: tbpse
 freq      0.0   0.0021   0.0043   0.0064   0.0085   0.0107   0.0128   0.0149   0.0171   0.0192   0.0213   0.0235   0.0256   0.0277   0.0299    0.032   0.0341   0.0362   0.0384   0.0405   0.0426   0.0448   0.0469    0.049   0.0512   0.0533   0.0554   0.0576   0.0597   0.0618    0.064   0.0661   0.0682   0.0704   0.0725   0.0746   0.0768   0.0789    0.081   0.0832   0.0853   0.0874   0.0896   0.0917   0.0938   0.0959   0.0981   0.1002   0.1023   0.1045   0.1066   0.1087   0.1109    0.113   0.1151   0.1173   0.1194   0.1215   0.1237   0.1258   0.1279   0.1301   0.1322   0.1343   0.1365   0.1386   0.1407   0.1429    0.145   0.1471   0.1493   0.1514   0.1535   0.1557   0.1578   0.1599    0.162   0.1642   0.1663   0.1684   0.1706   0.1727   0.1748    0.177   0.1791   0.1812   0.1834   0.1855   0.1876   0.1898   0.1919    0.194   0.1962   0.1983   0.2004   0.2026   0.2047   0.2068    0.209   0.2111   0.2132   0.2154   0.2175   0.2196   0.2217   0.2239    0.226   0.2281   0.2303   0.2324   0.2345   0.2367   0.2388   0.2409   0.2431   0.2452   0.2473   0.2495   0.2516   0.2537   0.2559    0.258   0.2601   0.2623   0.2644   0.2665   0.2687   0.2708   0.2729   0.2751   0.2772   0.2793   0.2814   0.2836   0.2857   0.2878     0.29   0.2921   0.2942   0.2964   0.2985   0.3006   0.3028   0.3049    0.307   0.3092   0.3113   0.3134   0.3156   0.3177   0.3198    0.322   0.3241   0.3262   0.3284   0.3305   0.3326   0.3348   0.3369    0.339   0.3412   0.3433   0.3454   0.3475   0.3497   0.3518   0.3539   0.3561   0.3582   0.3603   0.3625   0.3646   0.3667   0.3689    0.371   0.3731   0.3753   0.3774   0.3795   0.3817   0.3838   0.3859   0.3881   0.3902   0.3923   0.3945   0.3966   0.3987   0.4009    0.403   0.4051   0.4072   0.4094   0.4115   0.4136   0.4158   0.4179     0.42   0.4222   0.4243   0.4264   0.4286   0.4307   0.4328    0.435   0.4371   0.4392   0.4414   0.4435   0.4456   0.4478   0.4499    0.452   0.4542   0.4563   0.4584   0.4606   0.4627   0.4648    0.467   0.4691   0.4712   0.4733   0.4755   0.4776   0.4797   0.4819    0.484   0.4861   0.4883   0.4904   0.4925   0.4947   0.4968   0.4989
    S      0.0   0.4136   0.3855   0.1152   0.2839   0.2256   0.2105   0.1406   0.1972   0.1919   0.1297   0.6103   0.1516   0.3226   0.1217   0.0191   0.1126   0.3712   0.2562   0.5636   0.3558   0.1245   0.2368   0.0896     0.13   0.5885   0.2576   0.4987   0.4507   0.2505   0.1922   0.1219   0.2021   0.3026   0.1891   0.2767   0.1351    0.115   0.0152   0.0221   0.1006   0.1668   0.0558   0.3981   0.1269   0.1201    0.154   0.1437    0.013   0.0544   0.0546   0.3933   0.1272   0.2643    0.616   0.1674   0.3247   0.4605   0.1761    0.378   0.3761   0.0928   0.0676   0.1084   0.1741   0.7244   0.0603   0.0833   0.1777   0.3599   0.0311   0.1586   0.2988    0.428   0.0808   0.2268    0.122   0.1415   0.2141   0.4599   0.3792   0.0556   0.2123   0.1743   0.4654   0.5055   0.1287   0.3363   0.1121   0.3144   0.2437   0.3656   0.0582   0.0387    0.075   0.1154   0.0402   0.2927   0.1789   0.0364   0.1911   0.1069   0.2846   0.3573    0.044   0.2654   0.3165   0.2135   0.1847   0.3187   0.7146   0.0499   0.0328   0.2218   0.4666   0.0387   0.8743   0.0538   0.1205   0.0624   0.0355   0.2799   0.2658   0.6745   0.0674   0.0483   0.4586   0.0945   0.0417    0.017   0.0805   0.1477   0.1098   0.5491   0.0142    0.234   0.3333   0.1292    0.114    0.133   0.2345   0.1557   0.0313   0.3452   0.0548      1.0   0.1776   0.0787   0.0633   0.1185   0.1527   0.2654   0.1077   0.2266   0.3532   0.1065    0.337   0.0853   0.1916   0.2531   0.3271   0.2973   0.1433   0.0783   0.0538   0.2175    0.265    0.095   0.5515   0.1014   0.0262   0.4151   0.7618   0.0895   0.2435   0.2896   0.1189   0.3076   0.0817   0.2388   0.1778   0.0283   0.0947   0.0497   0.0942   0.1901   0.3011   0.1874   0.2288   0.1019   0.0165   0.1723   0.1252     0.19   0.0904   0.4485   0.0304   0.1698    0.052   0.0537   0.5218   0.1522   0.1221    0.068    0.205   0.1768    0.127   0.0499   0.1693   0.1995   0.1736   0.2824   0.4362   0.0891   0.1264   0.1885   0.1117   0.3912   0.7437   0.1658   0.6277   0.1352   0.1301   0.0789   0.5579   0.1813    0.061   0.2274   0.1212   0.2387   0.1798   0.3198   0.1769   0.1128    0.191
  snr   -16.96
    H     5.18
 exon    False

M: snrse
 freq      0.0   0.0021   0.0043   0.0064   0.0085   0.0107   0.0128   0.0149   0.0171   0.0192   0.0213   0.0235   0.0256   0.0277   0.0299    0.032   0.0341   0.0362   0.0384   0.0405   0.0426   0.0448   0.0469    0.049   0.0512   0.0533   0.0554   0.0576   0.0597   0.0618    0.064   0.0661   0.0682   0.0704   0.0725   0.0746   0.0768   0.0789    0.081   0.0832   0.0853   0.0874   0.0896   0.0917   0.0938   0.0959   0.0981   0.1002   0.1023   0.1045   0.1066   0.1087   0.1109    0.113   0.1151   0.1173   0.1194   0.1215   0.1237   0.1258   0.1279   0.1301   0.1322   0.1343   0.1365   0.1386   0.1407   0.1429    0.145   0.1471   0.1493   0.1514   0.1535   0.1557   0.1578   0.1599    0.162   0.1642   0.1663   0.1684   0.1706   0.1727   0.1748    0.177   0.1791   0.1812   0.1834   0.1855   0.1876   0.1898   0.1919    0.194   0.1962   0.1983   0.2004   0.2026   0.2047   0.2068    0.209   0.2111   0.2132   0.2154   0.2175   0.2196   0.2217   0.2239    0.226   0.2281   0.2303   0.2324   0.2345   0.2367   0.2388   0.2409   0.2431   0.2452   0.2473   0.2495   0.2516   0.2537   0.2559    0.258   0.2601   0.2623   0.2644   0.2665   0.2687   0.2708   0.2729   0.2751   0.2772   0.2793   0.2814   0.2836   0.2857   0.2878     0.29   0.2921   0.2942   0.2964   0.2985   0.3006   0.3028   0.3049    0.307   0.3092   0.3113   0.3134   0.3156   0.3177   0.3198    0.322   0.3241   0.3262   0.3284   0.3305   0.3326   0.3348   0.3369    0.339   0.3412   0.3433   0.3454   0.3475   0.3497   0.3518   0.3539   0.3561   0.3582   0.3603   0.3625   0.3646   0.3667   0.3689    0.371   0.3731   0.3753   0.3774   0.3795   0.3817   0.3838   0.3859   0.3881   0.3902   0.3923   0.3945   0.3966   0.3987   0.4009    0.403   0.4051   0.4072   0.4094   0.4115   0.4136   0.4158   0.4179     0.42   0.4222   0.4243   0.4264   0.4286   0.4307   0.4328    0.435   0.4371   0.4392   0.4414   0.4435   0.4456   0.4478   0.4499    0.452   0.4542   0.4563   0.4584   0.4606   0.4627   0.4648    0.467   0.4691   0.4712   0.4733   0.4755   0.4776   0.4797   0.4819    0.484   0.4861   0.4883   0.4904   0.4925   0.4947   0.4968   0.4989
    S      0.0   0.0175   0.0945   0.0163   0.0564   0.0293   0.0368    0.067   0.0175   0.0765   0.0089   0.0776   0.1303    0.109    0.111   0.0184   0.0104   0.0631   0.0394   0.0938   0.1399   0.0633    0.137   0.1575   0.2058   0.4024   0.0665   0.3431   0.3314   0.0466   0.0125   0.0373   0.0825   0.0354   0.0099    0.187   0.1887   0.0401    0.044   0.0089   0.0856   0.0139   0.0185   0.3245    0.074    0.077    0.031   0.0154   0.0068   0.1543   0.4163   0.0819   0.0025   0.3449    0.229   0.0537   0.0306   0.4423   0.0087   0.0211   0.1975   0.0854   0.0277   0.0903   0.0348      1.0   0.0382   0.1056   0.0945   0.1071   0.0045   0.0505   0.0386   0.0221   0.2731   0.1006   0.0291   0.0218   0.0827   0.2255   0.1221   0.0315   0.4576   0.1294   0.0875   0.1235    0.015   0.0676   0.1182   0.1935    0.341   0.3658   0.0511   0.0335   0.0494   0.1294   0.0157   0.4886   0.0053   0.0233   0.0656   0.1717   0.1531   0.0315   0.0493   0.4387   0.0285   0.0618   0.0708   0.0981    0.236   0.0109   0.1506   0.3476   0.2931    0.025   0.3205   0.0503   0.0446   0.0733   0.0664   0.2289   0.1982   0.5944   0.0022   0.0802   0.0311   0.0011   0.0182   0.0718   0.0471   0.0283   0.0641   0.4448   0.0288   0.0223   0.0833   0.0165   0.0921   0.1055   0.1261   0.0732   0.0349   0.1201   0.0711   0.7596   0.1315   0.0546     0.05   0.0378   0.1469   0.0981   0.0418   0.2061   0.2125   0.1256   0.1401   0.0327   0.1045   0.1106   0.2217   0.1023   0.0034   0.0713   0.0201   0.1261   0.1502   0.0389    0.086   0.0781   0.0332   0.2228   0.4119   0.1399   0.0196   0.0908   0.1243   0.3588   0.0757   0.2488   0.1257   0.0107   0.0029    0.087   0.2212   0.1146   0.0227    0.012   0.0276   0.1056   0.0166   0.0316   0.0568    0.006   0.0344   0.1739   0.1015   0.0308   0.0341   0.0332   0.2809   0.1771    0.104   0.1982   0.0188   0.0664   0.0109   0.0456   0.0373   0.0126   0.0241   0.0348   0.2075   0.1558   0.2211   0.0207   0.0172   0.0524   0.2512    0.184   0.2307   0.0296   0.1448    0.187   0.1345   0.2118   0.0502   0.0762   0.0633     0.01   0.0639   0.3046     0.12   0.1034   0.0289
  snr   -14.13
    H     4.98
 exon    False