>data-XIV-cerevisiae-intergenic-212
N: 439
Methods: voss, eiip, qpsk, mem, alg1, alg2

M: voss
 freq      0.0   0.0023   0.0046   0.0068   0.0091   0.0114   0.0137   0.0159   0.0182   0.0205   0.0228   0.0251   0.0273   0.0296   0.0319   0.0342   0.0364   0.0387    0.041   0.0433   0.0456   0.0478   0.0501   0.0524   0.0547   0.0569   0.0592   0.0615   0.0638   0.0661   0.0683   0.0706   0.0729   0.0752   0.0774   0.0797    0.082   0.0843   0.0866   0.0888   0.0911   0.0934   0.0957   0.0979   0.1002   0.1025   0.1048   0.1071   0.1093   0.1116   0.1139   0.1162   0.1185   0.1207    0.123   0.1253   0.1276   0.1298   0.1321   0.1344   0.1367    0.139   0.1412   0.1435   0.1458   0.1481   0.1503   0.1526   0.1549   0.1572   0.1595   0.1617    0.164   0.1663   0.1686   0.1708   0.1731   0.1754   0.1777     0.18   0.1822   0.1845   0.1868   0.1891   0.1913   0.1936   0.1959   0.1982   0.2005   0.2027    0.205   0.2073   0.2096   0.2118   0.2141   0.2164   0.2187    0.221   0.2232   0.2255   0.2278   0.2301   0.2323   0.2346   0.2369   0.2392   0.2415   0.2437    0.246   0.2483   0.2506   0.2528   0.2551   0.2574   0.2597    0.262   0.2642   0.2665   0.2688   0.2711   0.2733   0.2756   0.2779   0.2802   0.2825   0.2847    0.287   0.2893   0.2916   0.2938   0.2961   0.2984   0.3007    0.303   0.3052   0.3075   0.3098   0.3121   0.3144   0.3166   0.3189   0.3212   0.3235   0.3257    0.328   0.3303   0.3326   0.3349   0.3371   0.3394   0.3417    0.344   0.3462   0.3485   0.3508   0.3531   0.3554   0.3576   0.3599   0.3622   0.3645   0.3667    0.369   0.3713   0.3736   0.3759   0.3781   0.3804   0.3827    0.385   0.3872   0.3895   0.3918   0.3941   0.3964   0.3986   0.4009   0.4032   0.4055   0.4077     0.41   0.4123   0.4146   0.4169   0.4191   0.4214   0.4237    0.426   0.4282   0.4305   0.4328   0.4351   0.4374   0.4396   0.4419   0.4442   0.4465   0.4487    0.451   0.4533   0.4556   0.4579   0.4601   0.4624   0.4647    0.467   0.4692   0.4715   0.4738   0.4761   0.4784   0.4806   0.4829   0.4852   0.4875   0.4897    0.492   0.4943   0.4966   0.4989
    S      0.0      1.0   0.5141   0.6503   0.3705   0.4287   0.4533   0.5152   0.6516   0.1705   0.3185   0.1295    0.272   0.0456   0.2093   0.2364   0.1835   0.4899   0.1691   0.2262   0.0441    0.578   0.0631   0.1527    0.357   0.1278   0.1215   0.6564   0.4314   0.1358   0.1506   0.4542   0.8358   0.1519   0.2668   0.0276   0.1348   0.4417    0.122   0.0482   0.1476   0.2861   0.1095   0.2968   0.4894   0.5104    0.152   0.6479   0.1038   0.1234   0.4928   0.2666    0.214   0.1172   0.3162   0.2222   0.1556   0.1755   0.0711   0.0936   0.0637   0.0613   0.1702   0.1354   0.3403   0.1654   0.3752   0.0717   0.4329   0.3634   0.1492   0.1144   0.1217   0.0146   0.6485    0.254   0.1581   0.1315   0.0948   0.1384   0.6183   0.1582    0.149   0.1962   0.1981   0.2475    0.486   0.4489   0.2736   0.1708   0.0601   0.0806    0.082   0.2101   0.0789   0.1688    0.049   0.1072   0.1456   0.1129   0.1413   0.2305   0.2827   0.1229   0.1232   0.1124   0.1825   0.1605    0.279    0.275   0.1739   0.1522   0.3042   0.2248   0.1532   0.3552    0.586   0.1157   0.3175   0.1344   0.0823   0.1738   0.1121   0.2945   0.3495    0.202   0.2732   0.0979   0.0423   0.1569   0.3137   0.1553   0.0895   0.3239   0.2388   0.3976   0.3713   0.2366   0.1158   0.1395   0.1667   0.1264   0.0394   0.3223   0.2625   0.0944   0.2243   0.1283   0.4774   0.0777   0.0204   0.0744   0.3535   0.2658   0.4777    0.257   0.2196   0.1849   0.4056   0.0444   0.1384   0.1567   0.3102   0.2625   0.2582   0.0141    0.188   0.0792   0.3069   0.3492   0.2285   0.1862   0.2413   0.1748    0.379    0.275   0.0805   0.3265    0.106   0.0409   0.1187   0.4276   0.2532    0.034   0.4139   0.2493   0.1138   0.1253   0.2853   0.2875   0.0377   0.2443   0.2574   0.2644   0.2402   0.2418   0.1715    0.085   0.2809   0.2996   0.2874    0.068   0.3893   0.5144   0.1431   0.1769     0.29   0.2036   0.0271   0.3346   0.1994    0.195   0.3143   0.3434   0.1252   0.3968   0.5066   0.2072    0.106   0.4098
  snr   -17.07
    H     5.18
 exon    False

M: eiip
 freq      0.0   0.0023   0.0046   0.0068   0.0091   0.0114   0.0137   0.0159   0.0182   0.0205   0.0228   0.0251   0.0273   0.0296   0.0319   0.0342   0.0364   0.0387    0.041   0.0433   0.0456   0.0478   0.0501   0.0524   0.0547   0.0569   0.0592   0.0615   0.0638   0.0661   0.0683   0.0706   0.0729   0.0752   0.0774   0.0797    0.082   0.0843   0.0866   0.0888   0.0911   0.0934   0.0957   0.0979   0.1002   0.1025   0.1048   0.1071   0.1093   0.1116   0.1139   0.1162   0.1185   0.1207    0.123   0.1253   0.1276   0.1298   0.1321   0.1344   0.1367    0.139   0.1412   0.1435   0.1458   0.1481   0.1503   0.1526   0.1549   0.1572   0.1595   0.1617    0.164   0.1663   0.1686   0.1708   0.1731   0.1754   0.1777     0.18   0.1822   0.1845   0.1868   0.1891   0.1913   0.1936   0.1959   0.1982   0.2005   0.2027    0.205   0.2073   0.2096   0.2118   0.2141   0.2164   0.2187    0.221   0.2232   0.2255   0.2278   0.2301   0.2323   0.2346   0.2369   0.2392   0.2415   0.2437    0.246   0.2483   0.2506   0.2528   0.2551   0.2574   0.2597    0.262   0.2642   0.2665   0.2688   0.2711   0.2733   0.2756   0.2779   0.2802   0.2825   0.2847    0.287   0.2893   0.2916   0.2938   0.2961   0.2984   0.3007    0.303   0.3052   0.3075   0.3098   0.3121   0.3144   0.3166   0.3189   0.3212   0.3235   0.3257    0.328   0.3303   0.3326   0.3349   0.3371   0.3394   0.3417    0.344   0.3462   0.3485   0.3508   0.3531   0.3554   0.3576   0.3599   0.3622   0.3645   0.3667    0.369   0.3713   0.3736   0.3759   0.3781   0.3804   0.3827    0.385   0.3872   0.3895   0.3918   0.3941   0.3964   0.3986   0.4009   0.4032   0.4055   0.4077     0.41   0.4123   0.4146   0.4169   0.4191   0.4214   0.4237    0.426   0.4282   0.4305   0.4328   0.4351   0.4374   0.4396   0.4419   0.4442   0.4465   0.4487    0.451   0.4533   0.4556   0.4579   0.4601   0.4624   0.4647    0.467   0.4692   0.4715   0.4738   0.4761   0.4784   0.4806   0.4829   0.4852   0.4875   0.4897    0.492   0.4943   0.4966   0.4989
    S      0.0   0.3917    0.077   0.2041   0.8637   0.0579   0.1442   0.2546   0.3386   0.0302   0.0237   0.1616     0.16   0.0141   0.0151   0.0814   0.0498   0.0298   0.1108   0.1442   0.1071   0.0971   0.1601   0.4793   0.3211   0.0833   0.0932   0.0476   0.1174   0.1095   0.0284   0.1939   0.1739   0.0978   0.3383   0.0313    0.064   0.6047   0.3123   0.1456   0.0213   0.0035   0.0517   0.0516   0.0223   0.1068   0.2786   0.0842   0.2446   0.1712   0.5939   0.3045   0.0274   0.0328   0.4521   0.0866   0.2291   0.2971   0.1421   0.2681   0.0531      0.1   0.0191   0.0556   0.2096   0.2813   0.0519   0.0519   0.0185   0.0148   0.0907   0.0303    0.076   0.0254      1.0   0.3605   0.1514   0.0259   0.0876   0.1185   0.1319    0.142   0.1574   0.1988    0.028   0.0932   0.2705   0.4886   0.2176   0.4851   0.0072    0.086    0.096   0.4602   0.0761   0.2477   0.0957   0.0675   0.1646   0.1407   0.0185   0.1768   0.1295   0.1151   0.3965   0.1727   0.1486   0.1655   0.1859   0.1939   0.0545   0.1386   0.3854   0.3589   0.1083   0.6153   0.0754   0.0497   0.0102   0.0448   0.0476   0.0728   0.1673   0.0691   0.3866   0.1825   0.0983   0.2165   0.0866    0.006   0.2318   0.4519   0.1387   0.2766   0.1556   0.4566   0.1934   0.1753   0.1663   0.0775   0.0409   0.0287    0.056   0.6907   0.3507   0.0937   0.0131   0.1956   0.4678   0.0186   0.0538   0.0029   0.5909    0.127   0.0814   0.3202   0.0367   0.2264   0.1269    0.041   0.1079   0.0958   0.1864   0.0302   0.7668   0.0068   0.2691   0.1393   0.0706   0.8984   0.1229   0.2631    0.037    0.103   0.2387   0.1021   0.0502   0.4292   0.0024   0.0273   0.0313   0.6824   0.2491    0.028    0.012   0.1656   0.1687   0.3605    0.341   0.7373    0.072   0.0818   0.2336    0.272   0.1807   0.2801   0.0338    0.104   0.2322   0.7007   0.2515   0.0277   0.1331   0.9903   0.0221   0.0417   0.1535   0.0069   0.0239   0.0312   0.0185   0.1606   0.2433   0.1254   0.2493   0.0361   0.1991   0.0593   0.0243   0.5192
  snr   -15.88
    H     4.95
 exon    False

M: qpsk
 freq      0.0   0.0023   0.0046   0.0068   0.0091   0.0114   0.0137   0.0159   0.0182   0.0205   0.0228   0.0251   0.0273   0.0296   0.0319   0.0342   0.0364   0.0387    0.041   0.0433   0.0456   0.0478   0.0501   0.0524   0.0547   0.0569   0.0592   0.0615   0.0638   0.0661   0.0683   0.0706   0.0729   0.0752   0.0774   0.0797    0.082   0.0843   0.0866   0.0888   0.0911   0.0934   0.0957   0.0979   0.1002   0.1025   0.1048   0.1071   0.1093   0.1116   0.1139   0.1162   0.1185   0.1207    0.123   0.1253   0.1276   0.1298   0.1321   0.1344   0.1367    0.139   0.1412   0.1435   0.1458   0.1481   0.1503   0.1526   0.1549   0.1572   0.1595   0.1617    0.164   0.1663   0.1686   0.1708   0.1731   0.1754   0.1777     0.18   0.1822   0.1845   0.1868   0.1891   0.1913   0.1936   0.1959   0.1982   0.2005   0.2027    0.205   0.2073   0.2096   0.2118   0.2141   0.2164   0.2187    0.221   0.2232   0.2255   0.2278   0.2301   0.2323   0.2346   0.2369   0.2392   0.2415   0.2437    0.246   0.2483   0.2506   0.2528   0.2551   0.2574   0.2597    0.262   0.2642   0.2665   0.2688   0.2711   0.2733   0.2756   0.2779   0.2802   0.2825   0.2847    0.287   0.2893   0.2916   0.2938   0.2961   0.2984   0.3007    0.303   0.3052   0.3075   0.3098   0.3121   0.3144   0.3166   0.3189   0.3212   0.3235   0.3257    0.328   0.3303   0.3326   0.3349   0.3371   0.3394   0.3417    0.344   0.3462   0.3485   0.3508   0.3531   0.3554   0.3576   0.3599   0.3622   0.3645   0.3667    0.369   0.3713   0.3736   0.3759   0.3781   0.3804   0.3827    0.385   0.3872   0.3895   0.3918   0.3941   0.3964   0.3986   0.4009   0.4032   0.4055   0.4077     0.41   0.4123   0.4146   0.4169   0.4191   0.4214   0.4237    0.426   0.4282   0.4305   0.4328   0.4351   0.4374   0.4396   0.4419   0.4442   0.4465   0.4487    0.451   0.4533   0.4556   0.4579   0.4601   0.4624   0.4647    0.467   0.4692   0.4715   0.4738   0.4761   0.4784   0.4806   0.4829   0.4852   0.4875   0.4897    0.492   0.4943   0.4966   0.4989
    S      0.0   0.8218   0.4268   0.5594   0.5556   0.2805   0.3809   0.5779   0.5516   0.1634   0.3044   0.1124   0.3503   0.0305   0.2868   0.2746   0.2615   0.6349    0.186   0.1019    0.037   0.3897   0.0428   0.1384      0.4   0.0804   0.1423   0.7536   0.3704   0.1658   0.1798    0.671      1.0   0.1522   0.3628   0.0156   0.0508   0.5118   0.1414   0.0302   0.0801   0.1751    0.146   0.3719   0.3759   0.2069   0.1942   0.7843   0.1536   0.1798   0.4152   0.2807   0.0591   0.0868    0.295    0.243   0.1068   0.2496   0.0705   0.0914   0.0761   0.0849   0.1823   0.0663   0.3656   0.2139    0.385   0.1065   0.4362   0.2866    0.154   0.0464   0.1293   0.0136   0.8506   0.0898    0.024   0.1066   0.1318   0.1923   0.4197   0.2322   0.1735   0.1089   0.2824   0.3303   0.4853   0.5694   0.1705   0.1375   0.0473   0.0261    0.122   0.2714   0.0307    0.213   0.0316   0.0634   0.1512   0.1082   0.0923   0.0354   0.2693   0.1433   0.1228   0.1451   0.0424   0.2105   0.4175   0.1977    0.218   0.1198   0.1658   0.2727   0.1891   0.2371   0.6341   0.0585   0.3102   0.0419   0.1031   0.1489   0.1427   0.2747   0.1673   0.1628   0.2987   0.1348   0.0511    0.066   0.3049   0.1651   0.1243   0.3623   0.0752   0.5531   0.4008   0.2866   0.0411   0.1657   0.2153   0.0248    0.024   0.2839   0.3765    0.133   0.1418   0.1925   0.4742   0.0622   0.0275   0.0574   0.2766   0.2317   0.1457   0.0433   0.2397   0.1871    0.446   0.0099   0.1921   0.0366   0.3391   0.3184   0.2095   0.0041   0.1221   0.0253   0.2267   0.2451   0.2206    0.261   0.0907   0.2459   0.4232   0.4006   0.0969   0.2093   0.0929   0.0433   0.1406    0.499   0.3606   0.0293   0.2064   0.2644   0.1184   0.1219    0.426   0.4187     0.04   0.1784   0.3311   0.1633   0.0298    0.252    0.127   0.0221   0.2411   0.4476   0.3256   0.0581   0.3988   0.7405   0.1302   0.0663   0.0426   0.1982   0.0274   0.4948   0.2282   0.2364   0.3799   0.4825   0.1859   0.1564   0.7481   0.1331     0.02   0.5221
  snr   -16.93
    H      5.1
 exon    False

M: mem
 freq      0.0   0.0023   0.0046   0.0068   0.0091   0.0114   0.0137    0.016   0.0183   0.0205   0.0228   0.0251   0.0274   0.0297    0.032   0.0342   0.0365   0.0388   0.0411   0.0434   0.0457   0.0479   0.0502   0.0525   0.0548   0.0571   0.0594   0.0616   0.0639   0.0662   0.0685   0.0708   0.0731   0.0753   0.0776   0.0799   0.0822   0.0845   0.0868    0.089   0.0913   0.0936   0.0959   0.0982   0.1005   0.1027    0.105   0.1073   0.1096   0.1119   0.1142   0.1164   0.1187    0.121   0.1233   0.1256   0.1279   0.1301   0.1324   0.1347    0.137   0.1393   0.1416   0.1438   0.1461   0.1484   0.1507    0.153   0.1553   0.1575   0.1598   0.1621   0.1644   0.1667   0.1689   0.1712   0.1735   0.1758   0.1781   0.1804   0.1826   0.1849   0.1872   0.1895   0.1918   0.1941   0.1963   0.1986   0.2009   0.2032   0.2055   0.2078     0.21   0.2123   0.2146   0.2169   0.2192   0.2215   0.2237    0.226   0.2283   0.2306   0.2329   0.2352   0.2374   0.2397    0.242   0.2443   0.2466   0.2489   0.2511   0.2534   0.2557    0.258   0.2603   0.2626   0.2648   0.2671   0.2694   0.2717    0.274   0.2763   0.2785   0.2808   0.2831   0.2854   0.2877     0.29   0.2922   0.2945   0.2968   0.2991   0.3014   0.3037   0.3059   0.3082   0.3105   0.3128   0.3151   0.3174   0.3196   0.3219   0.3242   0.3265   0.3288   0.3311   0.3333   0.3356   0.3379   0.3402   0.3425   0.3447    0.347   0.3493   0.3516   0.3539   0.3562   0.3584   0.3607    0.363   0.3653   0.3676   0.3699   0.3721   0.3744   0.3767    0.379   0.3813   0.3836   0.3858   0.3881   0.3904   0.3927    0.395   0.3973   0.3995   0.4018   0.4041   0.4064   0.4087    0.411   0.4132   0.4155   0.4178   0.4201   0.4224   0.4247   0.4269   0.4292   0.4315   0.4338   0.4361   0.4384   0.4406   0.4429   0.4452   0.4475   0.4498   0.4521   0.4543   0.4566   0.4589   0.4612   0.4635   0.4658    0.468   0.4703   0.4726   0.4749   0.4772   0.4795   0.4817    0.484   0.4863   0.4886   0.4909   0.4932   0.4954   0.4977
    S      0.0      1.0   0.1595   0.7555   0.3125   0.0338   0.3479   0.7196   0.5825    0.081   0.3488   0.0905   0.2195   0.0253   0.1479   0.1287   0.1345   0.0876   0.1665   0.0441   0.0014     0.35   0.0304   0.0058   0.0836   0.0424   0.0888   0.0124   0.4813   0.0518    0.103   0.4234   0.0778   0.2073    0.329   0.0165    0.084    0.632   0.0437   0.0132   0.0807   0.1437   0.0856   0.3407   0.1237   0.2325    0.065    0.197   0.0706   0.0836   0.0388   0.1086   0.1322   0.1237   0.2669   0.1377    0.074   0.1216   0.0364   0.0343   0.0001   0.0332   0.2393   0.0089   0.1631   0.2076   0.3181   0.0242    0.017   0.2536   0.0162   0.1171   0.0688   0.0027   0.7679   0.0099   0.0233   0.0799   0.0439   0.0137   0.4639   0.0426   0.0453   0.0224   0.0318   0.0281   0.2017   0.2936   0.0224   0.0237    0.018   0.0049   0.0401   0.3455   0.0314   0.0871   0.0146   0.0794   0.0989   0.0442   0.0905   0.0518   0.0775   0.0403   0.0308    0.036    0.091    0.065   0.0293   0.3241   0.0341   0.1172   0.0594   0.0509   0.0202   0.0276   0.0685   0.0744   0.2722   0.0378   0.1064   0.1173   0.1558    0.182   0.1941   0.1472   0.1655   0.0084   0.0475   0.0732   0.0971   0.2209    0.079   0.3838   0.1748   0.4705   0.2377    0.073   0.0431   0.0194   0.0809   0.0383   0.0052   0.0424   0.2146   0.1989   0.0446   0.1106   0.5608   0.1956   0.0232   0.2436   0.0118   0.0774   0.3996   0.0212    0.152   0.0604   0.3121   0.0052    0.025   0.0183   0.2663   0.0434   0.0317    0.019   0.0109   0.0634   0.2085   0.0195   0.2124   0.0799   0.0721   0.0362   0.1676   0.1236    0.022   0.1493   0.0834    0.044   0.0746   0.4221   0.1409   0.0569   0.3686   0.0456   0.0643   0.0935   0.0074   0.3535   0.1448   0.0027   0.1088   0.0537   0.0201   0.3332   0.0388   0.0936   0.1148   0.1057   0.4699    0.178   0.0625   0.1454   0.2157   0.0898    0.004   0.0784   0.0814   0.0736   0.0354   0.3829   0.0377   0.2445   0.0333   0.1822   0.1609   0.5611   0.2394
  snr   -14.67
    H     4.89
 exon    False

M: alg1
 freq      0.0   0.0023   0.0046   0.0068   0.0091   0.0114   0.0137   0.0159   0.0182   0.0205   0.0228   0.0251   0.0273   0.0296   0.0319   0.0342   0.0364   0.0387    0.041   0.0433   0.0456   0.0478   0.0501   0.0524   0.0547   0.0569   0.0592   0.0615   0.0638   0.0661   0.0683   0.0706   0.0729   0.0752   0.0774   0.0797    0.082   0.0843   0.0866   0.0888   0.0911   0.0934   0.0957   0.0979   0.1002   0.1025   0.1048   0.1071   0.1093   0.1116   0.1139   0.1162   0.1185   0.1207    0.123   0.1253   0.1276   0.1298   0.1321   0.1344   0.1367    0.139   0.1412   0.1435   0.1458   0.1481   0.1503   0.1526   0.1549   0.1572   0.1595   0.1617    0.164   0.1663   0.1686   0.1708   0.1731   0.1754   0.1777     0.18   0.1822   0.1845   0.1868   0.1891   0.1913   0.1936   0.1959   0.1982   0.2005   0.2027    0.205   0.2073   0.2096   0.2118   0.2141   0.2164   0.2187    0.221   0.2232   0.2255   0.2278   0.2301   0.2323   0.2346   0.2369   0.2392   0.2415   0.2437    0.246   0.2483   0.2506   0.2528   0.2551   0.2574   0.2597    0.262   0.2642   0.2665   0.2688   0.2711   0.2733   0.2756   0.2779   0.2802   0.2825   0.2847    0.287   0.2893   0.2916   0.2938   0.2961   0.2984   0.3007    0.303   0.3052   0.3075   0.3098   0.3121   0.3144   0.3166   0.3189   0.3212   0.3235   0.3257    0.328   0.3303   0.3326   0.3349   0.3371   0.3394   0.3417    0.344   0.3462   0.3485   0.3508   0.3531   0.3554   0.3576   0.3599   0.3622   0.3645   0.3667    0.369   0.3713   0.3736   0.3759   0.3781   0.3804   0.3827    0.385   0.3872   0.3895   0.3918   0.3941   0.3964   0.3986   0.4009   0.4032   0.4055   0.4077     0.41   0.4123   0.4146   0.4169   0.4191   0.4214   0.4237    0.426   0.4282   0.4305   0.4328   0.4351   0.4374   0.4396   0.4419   0.4442   0.4465   0.4487    0.451   0.4533   0.4556   0.4579   0.4601   0.4624   0.4647    0.467   0.4692   0.4715   0.4738   0.4761   0.4784   0.4806   0.4829   0.4852   0.4875   0.4897    0.492   0.4943   0.4966   0.4989
    S      0.0      1.0   0.4821   0.6605   0.1478   0.3055   0.4576   0.3653   0.6542    0.068   0.1502   0.0953   0.1625   0.0211   0.0118   0.1564   0.0229   0.1282   0.1349   0.1761   0.0018   0.6196   0.0121   0.0004   0.1667   0.0387   0.1118   0.3295   0.4262   0.0071   0.0393   0.0522   0.5449   0.0743   0.0899   0.0181   0.1164   0.3076   0.0299   0.0058   0.1539    0.256   0.0408   0.0996   0.3528   0.3914   0.0296   0.3682   0.0236   0.0603   0.1004   0.0999   0.1935   0.1207   0.1913   0.0265   0.0774   0.1139   0.0133   0.0046   0.0356   0.0407   0.0752   0.1019   0.2721   0.0186   0.1862   0.0147   0.3232   0.2171   0.0392   0.1002   0.0897   0.0061   0.1717   0.1036   0.1048   0.1122   0.0601   0.0317   0.3764   0.0628   0.1316   0.1132   0.0481   0.1196   0.4474   0.3052   0.1211   0.0084   0.0472   0.0429   0.0211   0.0718   0.0497   0.0574   0.0071   0.0728   0.0922   0.0404   0.1158   0.1653   0.2135   0.0833   0.0163   0.0435   0.1254   0.0297   0.0693   0.2407   0.0595   0.0473     0.18   0.0229   0.1138   0.0471   0.2384   0.0584   0.1686   0.1199   0.0142   0.1689   0.0507   0.2293   0.1247    0.095   0.0877   0.0228   0.0012   0.1666   0.1276   0.0311   0.0213   0.2145   0.1862   0.1779   0.3493   0.0464   0.0381   0.0258   0.0812   0.1205    0.018    0.096   0.0179   0.0306   0.2399   0.0456    0.349   0.0785   0.0031    0.064    0.161   0.2713   0.4316    0.148   0.1601    0.016   0.2542   0.0245    0.061   0.1161   0.2214   0.1206   0.0131    0.011   0.0665   0.0349   0.3244   0.0265   0.2313   0.0233   0.2359   0.0659   0.1057   0.0312   0.0313   0.1858   0.0664   0.0404    0.062   0.1614   0.0405   0.0209   0.3504   0.0679    0.017   0.0153   0.1056   0.0633   0.0124   0.2186   0.1051    0.131   0.1756   0.1905   0.1725   0.0347   0.1709   0.0981   0.2725   0.0484   0.3195   0.1758   0.0605   0.1506   0.2176   0.1232   0.0032   0.0373   0.0672   0.0413   0.2209   0.1425   0.0526   0.4123   0.0687    0.137   0.0944   0.0749
  snr   -14.49
    H     4.96
 exon    False

M: alg2
 freq      0.0   0.0023   0.0046   0.0068   0.0091   0.0114   0.0137   0.0159   0.0182   0.0205   0.0228   0.0251   0.0273   0.0296   0.0319   0.0342   0.0364   0.0387    0.041   0.0433   0.0456   0.0478   0.0501   0.0524   0.0547   0.0569   0.0592   0.0615   0.0638   0.0661   0.0683   0.0706   0.0729   0.0752   0.0774   0.0797    0.082   0.0843   0.0866   0.0888   0.0911   0.0934   0.0957   0.0979   0.1002   0.1025   0.1048   0.1071   0.1093   0.1116   0.1139   0.1162   0.1185   0.1207    0.123   0.1253   0.1276   0.1298   0.1321   0.1344   0.1367    0.139   0.1412   0.1435   0.1458   0.1481   0.1503   0.1526   0.1549   0.1572   0.1595   0.1617    0.164   0.1663   0.1686   0.1708   0.1731   0.1754   0.1777     0.18   0.1822   0.1845   0.1868   0.1891   0.1913   0.1936   0.1959   0.1982   0.2005   0.2027    0.205   0.2073   0.2096   0.2118   0.2141   0.2164   0.2187    0.221   0.2232   0.2255   0.2278   0.2301   0.2323   0.2346   0.2369   0.2392   0.2415   0.2437    0.246   0.2483   0.2506   0.2528   0.2551   0.2574   0.2597    0.262   0.2642   0.2665   0.2688   0.2711   0.2733   0.2756   0.2779   0.2802   0.2825   0.2847    0.287   0.2893   0.2916   0.2938   0.2961   0.2984   0.3007    0.303   0.3052   0.3075   0.3098   0.3121   0.3144   0.3166   0.3189   0.3212   0.3235   0.3257    0.328   0.3303   0.3326   0.3349   0.3371   0.3394   0.3417    0.344   0.3462   0.3485   0.3508   0.3531   0.3554   0.3576   0.3599   0.3622   0.3645   0.3667    0.369   0.3713   0.3736   0.3759   0.3781   0.3804   0.3827    0.385   0.3872   0.3895   0.3918   0.3941   0.3964   0.3986   0.4009   0.4032   0.4055   0.4077     0.41   0.4123   0.4146   0.4169   0.4191   0.4214   0.4237    0.426   0.4282   0.4305   0.4328   0.4351   0.4374   0.4396   0.4419   0.4442   0.4465   0.4487    0.451   0.4533   0.4556   0.4579   0.4601   0.4624   0.4647    0.467   0.4692   0.4715   0.4738   0.4761   0.4784   0.4806   0.4829   0.4852   0.4875   0.4897    0.492   0.4943   0.4966   0.4989
    S      0.0      1.0   0.3565   0.6909    0.202   0.1753   0.4015   0.4898   0.6317   0.0508   0.2128   0.0929   0.1706   0.0192   0.0264   0.1341   0.0351   0.0247   0.1396   0.1189   0.0012   0.5302   0.0146   0.0051   0.1262   0.0437   0.1018   0.1501   0.4448   0.0146   0.0319    0.137   0.3182   0.0971   0.1639   0.0185   0.1088   0.3808    0.035   0.0051   0.1311   0.1799   0.0724    0.163   0.2136   0.3075     0.04   0.2399   0.0455   0.0581    0.036   0.0595   0.1813   0.1161   0.2183   0.0458   0.0493   0.1329   0.0097   0.0129   0.0223     0.05   0.1124   0.0647   0.2225   0.0331   0.2192   0.0131    0.189   0.1886   0.0131   0.0876   0.1003   0.0054   0.3036    0.084   0.0639   0.1139   0.0451   0.0173   0.3654   0.0378   0.1318   0.0711   0.0102   0.0599   0.4217   0.2681   0.0618    0.006   0.0339     0.02    0.034   0.1221   0.0456   0.0645   0.0034   0.0623   0.0976   0.0409   0.0867   0.1003   0.1584   0.0621   0.0267   0.0382   0.1006   0.0376   0.0394   0.2468   0.0587   0.0484   0.1185   0.0188    0.085   0.0346   0.0725   0.0521   0.1832   0.1087   0.0179   0.1831   0.0688   0.2102   0.1349   0.1189   0.0425   0.0271   0.0045   0.1337   0.0836   0.0515   0.0284   0.2913   0.1293   0.2705   0.3151   0.0435   0.0265   0.0131    0.047    0.101   0.0115   0.0794   0.0393   0.0406   0.2138   0.0387   0.4278   0.0735    0.008   0.0412   0.1754   0.2683   0.3518    0.105   0.1269   0.0224   0.3096   0.0196   0.0397   0.1078    0.212   0.0502   0.0115   0.0078   0.0517   0.0211   0.2793   0.0181   0.2372   0.0101   0.2237   0.0405   0.0634   0.0113   0.0418   0.1634   0.0814    0.039   0.0781   0.2327   0.0125   0.0239   0.3617    0.029   0.0136   0.0215   0.0758   0.0988   0.0193    0.212   0.1355    0.131   0.1097   0.1915   0.1721   0.0293   0.1034   0.1361   0.2806   0.0435   0.3523    0.158   0.0767   0.1029   0.1675   0.0999   0.0022   0.0133   0.0817   0.0441   0.1683   0.0686   0.0873   0.3472   0.1585   0.1506   0.0779    0.091
  snr   -14.11
    H     4.94
 exon    False