>data-XVI-cerevisiae-intergenic-167
N: 292
Methods: voss, eiip, qpsk, mem, alg1, alg2

M: voss
 freq      0.0   0.0034   0.0068   0.0103   0.0137   0.0171   0.0205    0.024   0.0274   0.0308   0.0342   0.0377   0.0411   0.0445   0.0479   0.0514   0.0548   0.0582   0.0616   0.0651   0.0685   0.0719   0.0753   0.0788   0.0822   0.0856    0.089   0.0925   0.0959   0.0993   0.1027   0.1062   0.1096    0.113   0.1164   0.1199   0.1233   0.1267   0.1301   0.1336    0.137   0.1404   0.1438   0.1473   0.1507   0.1541   0.1575    0.161   0.1644   0.1678   0.1712   0.1747   0.1781   0.1815   0.1849   0.1884   0.1918   0.1952   0.1986   0.2021   0.2055   0.2089   0.2123   0.2158   0.2192   0.2226    0.226   0.2295   0.2329   0.2363   0.2397   0.2432   0.2466     0.25   0.2534   0.2568   0.2603   0.2637   0.2671   0.2705    0.274   0.2774   0.2808   0.2842   0.2877   0.2911   0.2945   0.2979   0.3014   0.3048   0.3082   0.3116   0.3151   0.3185   0.3219   0.3253   0.3288   0.3322   0.3356    0.339   0.3425   0.3459   0.3493   0.3527   0.3562   0.3596    0.363   0.3664   0.3699   0.3733   0.3767   0.3801   0.3836    0.387   0.3904   0.3938   0.3973   0.4007   0.4041   0.4075    0.411   0.4144   0.4178   0.4212   0.4247   0.4281   0.4315   0.4349   0.4384   0.4418   0.4452   0.4486   0.4521   0.4555   0.4589   0.4623   0.4658   0.4692   0.4726    0.476   0.4795   0.4829   0.4863   0.4897   0.4932   0.4966
    S      0.0      1.0    0.025   0.0473   0.0528   0.4582   0.2097   0.1523   0.1627   0.0657   0.0187   0.0555   0.1282   0.4101    0.262   0.1258   0.0557   0.0292   0.0784   0.1578   0.2087    0.158   0.0266   0.1487    0.159   0.1208   0.3718   0.1473   0.1404      0.1   0.0481   0.0895   0.0469   0.1891   0.1159   0.0958   0.1145   0.1101   0.0623   0.1082   0.0321    0.063   0.1781   0.2963   0.1746   0.1891   0.1094   0.0838   0.0706   0.3268    0.087   0.0611   0.1152   0.1114   0.0263   0.0204   0.1865   0.1187   0.0835   0.1085   0.0631   0.0893   0.1698   0.0341   0.1093   0.1104   0.0781   0.1182   0.1016    0.047   0.0872   0.1931   0.0747   0.0755   0.1657   0.1166   0.1047   0.1427   0.0337   0.0449   0.3125   0.1142    0.256    0.033   0.0453   0.0885   0.0956   0.1112   0.0632   0.0803   0.1061   0.0366   0.1123   0.0788   0.1053    0.192   0.0997   0.0074   0.1748   0.0617   0.1981   0.1288   0.1492   0.1082   0.0914   0.1137   0.2662   0.2534   0.0952   0.1203   0.0303   0.0427   0.0758   0.1212   0.1931   0.1155   0.0685   0.0589   0.0509   0.2895   0.1075    0.108   0.2317    0.025   0.2021    0.129   0.0605   0.0488   0.2046   0.1373   0.0487   0.1737   0.1115    0.174   0.1651   0.0542   0.1652   0.0682   0.2447   0.0967   0.1339   0.1996   0.4641   0.6027   0.3257   0.3569
  snr   -12.75
    H     4.71
 exon    False

M: eiip
 freq      0.0   0.0034   0.0068   0.0103   0.0137   0.0171   0.0205    0.024   0.0274   0.0308   0.0342   0.0377   0.0411   0.0445   0.0479   0.0514   0.0548   0.0582   0.0616   0.0651   0.0685   0.0719   0.0753   0.0788   0.0822   0.0856    0.089   0.0925   0.0959   0.0993   0.1027   0.1062   0.1096    0.113   0.1164   0.1199   0.1233   0.1267   0.1301   0.1336    0.137   0.1404   0.1438   0.1473   0.1507   0.1541   0.1575    0.161   0.1644   0.1678   0.1712   0.1747   0.1781   0.1815   0.1849   0.1884   0.1918   0.1952   0.1986   0.2021   0.2055   0.2089   0.2123   0.2158   0.2192   0.2226    0.226   0.2295   0.2329   0.2363   0.2397   0.2432   0.2466     0.25   0.2534   0.2568   0.2603   0.2637   0.2671   0.2705    0.274   0.2774   0.2808   0.2842   0.2877   0.2911   0.2945   0.2979   0.3014   0.3048   0.3082   0.3116   0.3151   0.3185   0.3219   0.3253   0.3288   0.3322   0.3356    0.339   0.3425   0.3459   0.3493   0.3527   0.3562   0.3596    0.363   0.3664   0.3699   0.3733   0.3767   0.3801   0.3836    0.387   0.3904   0.3938   0.3973   0.4007   0.4041   0.4075    0.411   0.4144   0.4178   0.4212   0.4247   0.4281   0.4315   0.4349   0.4384   0.4418   0.4452   0.4486   0.4521   0.4555   0.4589   0.4623   0.4658   0.4692   0.4726    0.476   0.4795   0.4829   0.4863   0.4897   0.4932   0.4966
    S      0.0   0.2769   0.0596   0.0846   0.2148    0.807   0.0248   0.7733    0.731    0.147   0.0142   0.1161   0.4686   0.3977   0.1462   0.3431   0.1757   0.0165   0.0678   0.2185   0.4152   0.1698   0.0274   0.0513   0.1698   0.4099   0.5138   0.7879   0.5999   0.0604   0.0805   0.0376   0.0474   0.0065   0.2728    0.007   0.1085     0.03    0.062   0.2427   0.0152   0.0188      1.0   0.0155   0.4716     0.04   0.2628   0.2621   0.0915   0.0851   0.0081   0.2937   0.0496   0.6043   0.0482   0.0666   0.2267   0.0279    0.164   0.0603    0.222   0.3884    0.122   0.0498   0.0113   0.2694   0.1582    0.048   0.1629   0.0542   0.1921   0.5589   0.0085   0.0299   0.2219   0.1185   0.3671   0.3074   0.1615   0.1869   0.3754   0.4635   0.0154   0.0597    0.032   0.1326   0.5191   0.4964   0.0903   0.0479   0.2653   0.0052    0.407   0.1855   0.1044   0.0093   0.0512   0.0208   0.2858    0.251   0.7095   0.0949   0.1833   0.2203   0.3475   0.0172   0.6047   0.0303   0.1047   0.5021   0.1421    0.127   0.0445   0.1798   0.3434   0.0102   0.2135   0.3557   0.0136    0.591   0.2581    0.474   0.1547   0.1157   0.0095   0.0171   0.0712   0.0602   0.4196   0.5773   0.1362   0.1962   0.2575   0.1309   0.7835   0.1662   0.5533   0.0316   0.5625   0.0807   0.2635   0.9175   0.4629   0.3721   0.3916   0.7516
  snr   -15.12
    H     4.54
 exon    False

M: qpsk
 freq      0.0   0.0034   0.0068   0.0103   0.0137   0.0171   0.0205    0.024   0.0274   0.0308   0.0342   0.0377   0.0411   0.0445   0.0479   0.0514   0.0548   0.0582   0.0616   0.0651   0.0685   0.0719   0.0753   0.0788   0.0822   0.0856    0.089   0.0925   0.0959   0.0993   0.1027   0.1062   0.1096    0.113   0.1164   0.1199   0.1233   0.1267   0.1301   0.1336    0.137   0.1404   0.1438   0.1473   0.1507   0.1541   0.1575    0.161   0.1644   0.1678   0.1712   0.1747   0.1781   0.1815   0.1849   0.1884   0.1918   0.1952   0.1986   0.2021   0.2055   0.2089   0.2123   0.2158   0.2192   0.2226    0.226   0.2295   0.2329   0.2363   0.2397   0.2432   0.2466     0.25   0.2534   0.2568   0.2603   0.2637   0.2671   0.2705    0.274   0.2774   0.2808   0.2842   0.2877   0.2911   0.2945   0.2979   0.3014   0.3048   0.3082   0.3116   0.3151   0.3185   0.3219   0.3253   0.3288   0.3322   0.3356    0.339   0.3425   0.3459   0.3493   0.3527   0.3562   0.3596    0.363   0.3664   0.3699   0.3733   0.3767   0.3801   0.3836    0.387   0.3904   0.3938   0.3973   0.4007   0.4041   0.4075    0.411   0.4144   0.4178   0.4212   0.4247   0.4281   0.4315   0.4349   0.4384   0.4418   0.4452   0.4486   0.4521   0.4555   0.4589   0.4623   0.4658   0.4692   0.4726    0.476   0.4795   0.4829   0.4863   0.4897   0.4932   0.4966
    S      0.0      1.0    0.038   0.0798   0.0938   0.9474   0.2593   0.2894   0.1357   0.0601   0.0389   0.0706   0.2314   0.6487   0.4019   0.2142   0.1132   0.0572   0.0144   0.1976   0.2963   0.1154   0.0503   0.2394   0.0772    0.175   0.5086   0.2769    0.076   0.0263   0.0484   0.1775    0.028   0.1074   0.1677   0.1349   0.1678   0.1139   0.0923   0.2038   0.0644   0.0841     0.33   0.4913   0.2336   0.1534   0.1487   0.0837   0.1322   0.5662   0.0919   0.0653   0.1629   0.0959    0.008   0.0278   0.3588   0.2203   0.1241   0.1384   0.1068   0.0537   0.1237     0.07   0.1697    0.133   0.1399    0.206    0.145   0.0757   0.1311   0.3808   0.0615   0.1028   0.2566   0.0698   0.1092   0.2319   0.0478   0.0541   0.3119   0.1129   0.3768   0.0548   0.0834   0.0674   0.1034    0.166   0.0557   0.1219   0.1099   0.0759   0.1848   0.0828   0.2091    0.392   0.0641   0.0115   0.1167   0.0613   0.3196   0.1968   0.2168   0.1817   0.1898   0.2209   0.3312   0.3071   0.1667   0.0956   0.0621   0.0872   0.1043   0.1371   0.3756   0.2133   0.1136   0.1143   0.0602   0.3996   0.1686   0.1829   0.4596   0.0494   0.3812   0.2166   0.0737   0.0903   0.2549   0.2682   0.0875   0.1458   0.1896   0.1712   0.1723   0.0131   0.1094   0.0385   0.2328   0.2032   0.2441   0.4183   0.6302   0.7498   0.5504   0.6147
  snr   -14.25
    H     4.66
 exon    False

M: mem
 freq      0.0   0.0034   0.0068   0.0103   0.0137   0.0171   0.0205    0.024   0.0274   0.0308   0.0342   0.0377   0.0411   0.0445   0.0479   0.0514   0.0548   0.0582   0.0616   0.0651   0.0685   0.0719   0.0753   0.0788   0.0822   0.0856    0.089   0.0925   0.0959   0.0993   0.1027   0.1062   0.1096    0.113   0.1164   0.1199   0.1233   0.1267   0.1301   0.1336    0.137   0.1404   0.1438   0.1473   0.1507   0.1541   0.1575    0.161   0.1644   0.1678   0.1712   0.1747   0.1781   0.1815   0.1849   0.1884   0.1918   0.1952   0.1986   0.2021   0.2055   0.2089   0.2123   0.2158   0.2192   0.2226    0.226   0.2295   0.2329   0.2363   0.2397   0.2432   0.2466     0.25   0.2534   0.2568   0.2603   0.2637   0.2671   0.2705    0.274   0.2774   0.2808   0.2842   0.2877   0.2911   0.2945   0.2979   0.3014   0.3048   0.3082   0.3116   0.3151   0.3185   0.3219   0.3253   0.3288   0.3322   0.3356    0.339   0.3425   0.3459   0.3493   0.3527   0.3562   0.3596    0.363   0.3664   0.3699   0.3733   0.3767   0.3801   0.3836    0.387   0.3904   0.3938   0.3973   0.4007   0.4041   0.4075    0.411   0.4144   0.4178   0.4212   0.4247   0.4281   0.4315   0.4349   0.4384   0.4418   0.4452   0.4486   0.4521   0.4555   0.4589   0.4623   0.4658   0.4692   0.4726    0.476   0.4795   0.4829   0.4863   0.4897   0.4932   0.4966
    S      0.0   0.9845   0.0123   0.0564   0.1147   0.8508   0.2501    0.169   0.1423   0.0395   0.0358   0.0973   0.3193   0.4377   0.0278   0.2433   0.1532    0.024    0.022   0.0062   0.1365   0.1687   0.0039   0.1107   0.0125   0.0193   0.2102   0.1738   0.0771   0.0385    0.018   0.0889   0.0374   0.1254    0.074   0.0242   0.2222   0.1287   0.0271   0.1383   0.0154   0.0105   0.4332   0.3644   0.0594   0.1955   0.0379   0.0521   0.0065    0.337   0.0121   0.0822    0.078   0.1129   0.0048   0.0194   0.0316    0.027   0.0905   0.1724   0.0327   0.0349   0.1584   0.0454   0.1312   0.0001   0.0909   0.2292   0.0178   0.1039   0.1288   0.2515    0.052   0.1419   0.2124   0.0121   0.1025   0.0184   0.0268   0.0513   0.0669   0.1207   0.4031   0.0465   0.0759   0.0568   0.0297   0.2081   0.0328    0.003   0.0949   0.0276   0.1798   0.0045   0.0037   0.1272   0.0928   0.0063   0.0511   0.0526   0.3667   0.0522   0.0539   0.1661   0.2565   0.0258    0.468   0.3251   0.0199   0.0715   0.0826   0.1153   0.0021   0.1332   0.1038   0.0421   0.1373   0.0882   0.0435   0.4667   0.0043    0.226   0.1776   0.0656    0.273   0.1609   0.0416   0.0006   0.0935   0.3256   0.0791   0.1118   0.2389   0.0955   0.1584   0.0136   0.0121   0.0156    0.046   0.0061   0.0111   0.1912   0.8005      1.0   0.6939   0.6744
  snr   -12.79
    H     4.38
 exon    False

M: alg1
 freq      0.0   0.0034   0.0068   0.0103   0.0137   0.0171   0.0205    0.024   0.0274   0.0308   0.0342   0.0377   0.0411   0.0445   0.0479   0.0514   0.0548   0.0582   0.0616   0.0651   0.0685   0.0719   0.0753   0.0788   0.0822   0.0856    0.089   0.0925   0.0959   0.0993   0.1027   0.1062   0.1096    0.113   0.1164   0.1199   0.1233   0.1267   0.1301   0.1336    0.137   0.1404   0.1438   0.1473   0.1507   0.1541   0.1575    0.161   0.1644   0.1678   0.1712   0.1747   0.1781   0.1815   0.1849   0.1884   0.1918   0.1952   0.1986   0.2021   0.2055   0.2089   0.2123   0.2158   0.2192   0.2226    0.226   0.2295   0.2329   0.2363   0.2397   0.2432   0.2466     0.25   0.2534   0.2568   0.2603   0.2637   0.2671   0.2705    0.274   0.2774   0.2808   0.2842   0.2877   0.2911   0.2945   0.2979   0.3014   0.3048   0.3082   0.3116   0.3151   0.3185   0.3219   0.3253   0.3288   0.3322   0.3356    0.339   0.3425   0.3459   0.3493   0.3527   0.3562   0.3596    0.363   0.3664   0.3699   0.3733   0.3767   0.3801   0.3836    0.387   0.3904   0.3938   0.3973   0.4007   0.4041   0.4075    0.411   0.4144   0.4178   0.4212   0.4247   0.4281   0.4315   0.4349   0.4384   0.4418   0.4452   0.4486   0.4521   0.4555   0.4589   0.4623   0.4658   0.4692   0.4726    0.476   0.4795   0.4829   0.4863   0.4897   0.4932   0.4966
    S      0.0      1.0   0.0458     0.08   0.0717   0.6469   0.1183   0.2493   0.2948   0.1362   0.0167   0.0366   0.1458   0.6114   0.3986   0.1528   0.0544   0.0513   0.0393    0.244   0.3848   0.1147   0.0338   0.0653   0.1998   0.0885   0.1417   0.2402   0.2384   0.0557   0.0088    0.144   0.0494   0.1594    0.055   0.1617   0.0671   0.1101   0.1172     0.13   0.0398   0.1354   0.2695   0.1711   0.1507   0.1814   0.0618   0.1023   0.0895   0.1369   0.1655   0.1017   0.0605   0.1409   0.0412   0.0155   0.1728   0.2251   0.0641    0.025   0.0639   0.0623   0.0808   0.0384   0.1017     0.11   0.0794   0.0569   0.0391   0.0286   0.1111    0.235   0.0513    0.031   0.1597   0.2049    0.165   0.1593   0.0494   0.0331   0.6758   0.2056   0.0392   0.0499   0.0227   0.1058   0.0824   0.1858   0.0113   0.1707    0.176   0.0555   0.1544   0.0546   0.2044   0.2073   0.0548   0.0146   0.1001   0.1139   0.3333   0.2613    0.325   0.1878   0.0974   0.1915   0.2237   0.0689   0.1003   0.1197    0.041   0.0441   0.1477   0.0428     0.38   0.2372   0.0544   0.0928   0.0593   0.3991   0.1605   0.1068   0.3002   0.0348    0.122    0.045   0.0741   0.0762   0.3681   0.1463   0.0654   0.2323   0.0741   0.0051   0.2934   0.0734   0.1533   0.0962   0.0551   0.1459   0.1905   0.3374    0.318   0.1748   0.2309   0.2712
  snr    -13.1
    H     4.65
 exon    False

M: alg2
 freq      0.0   0.0034   0.0068   0.0103   0.0137   0.0171   0.0205    0.024   0.0274   0.0308   0.0342   0.0377   0.0411   0.0445   0.0479   0.0514   0.0548   0.0582   0.0616   0.0651   0.0685   0.0719   0.0753   0.0788   0.0822   0.0856    0.089   0.0925   0.0959   0.0993   0.1027   0.1062   0.1096    0.113   0.1164   0.1199   0.1233   0.1267   0.1301   0.1336    0.137   0.1404   0.1438   0.1473   0.1507   0.1541   0.1575    0.161   0.1644   0.1678   0.1712   0.1747   0.1781   0.1815   0.1849   0.1884   0.1918   0.1952   0.1986   0.2021   0.2055   0.2089   0.2123   0.2158   0.2192   0.2226    0.226   0.2295   0.2329   0.2363   0.2397   0.2432   0.2466     0.25   0.2534   0.2568   0.2603   0.2637   0.2671   0.2705    0.274   0.2774   0.2808   0.2842   0.2877   0.2911   0.2945   0.2979   0.3014   0.3048   0.3082   0.3116   0.3151   0.3185   0.3219   0.3253   0.3288   0.3322   0.3356    0.339   0.3425   0.3459   0.3493   0.3527   0.3562   0.3596    0.363   0.3664   0.3699   0.3733   0.3767   0.3801   0.3836    0.387   0.3904   0.3938   0.3973   0.4007   0.4041   0.4075    0.411   0.4144   0.4178   0.4212   0.4247   0.4281   0.4315   0.4349   0.4384   0.4418   0.4452   0.4486   0.4521   0.4555   0.4589   0.4623   0.4658   0.4692   0.4726    0.476   0.4795   0.4829   0.4863   0.4897   0.4932   0.4966
    S      0.0      1.0   0.0023   0.0369     0.03   0.0347   0.1334   0.0218   0.0279   0.0162   0.0035   0.0361   0.0592   0.3156     0.07   0.1044   0.0311   0.0047   0.0692   0.0697   0.1394   0.1452   0.0011   0.0364   0.1013   0.0184   0.1369   0.0227   0.0327   0.0912   0.0198   0.0114   0.0421   0.1929   0.0244   0.0456   0.1005   0.1156   0.0447   0.0046   0.0005   0.0427   0.0147   0.1277   0.0646   0.2106   0.0319   0.0498     0.01   0.0803   0.0502   0.0085   0.0515   0.0295   0.0156   0.0035   0.0068   0.0319   0.0487   0.0784   0.0149   0.0303   0.1566   0.0027   0.0566   0.0264    0.006   0.0616   0.0178   0.0394   0.0166   0.0124   0.0633   0.0644    0.038   0.0845   0.0553   0.0343   0.0112   0.0142   0.1044   0.0285    0.153   0.0286   0.0164   0.0768   0.0069   0.0127   0.0346   0.0368   0.0677      0.0   0.0754   0.0263    0.025    0.009   0.0988   0.0021   0.1133    0.007    0.014   0.0932   0.0376   0.0241   0.0411   0.0145   0.1776   0.1888   0.0194   0.0258   0.0067   0.0207   0.0368   0.0596   0.0538   0.0134   0.0254   0.0117   0.0283   0.1387   0.0212    0.042   0.0566   0.0037   0.0489   0.0493   0.0475   0.0061   0.1261   0.0421   0.0025   0.0886   0.0535   0.0886   0.0157   0.0286   0.0664   0.0613   0.0765   0.0028   0.0276   0.0629   0.4285    0.481   0.2491   0.2285
  snr     -9.3
    H     4.33
 exon    False