>data-XIV-cerevisiae-intergenic-183
N: 643
Methods: voss, eiip, qpsk, mem, alg1, alg2

M: voss
 freq      0.0   0.0016   0.0031   0.0047   0.0062   0.0078   0.0093   0.0109   0.0124    0.014   0.0156   0.0171   0.0187   0.0202   0.0218   0.0233   0.0249   0.0264    0.028   0.0295   0.0311   0.0327   0.0342   0.0358   0.0373   0.0389   0.0404    0.042   0.0435   0.0451   0.0467   0.0482   0.0498   0.0513   0.0529   0.0544    0.056   0.0575   0.0591   0.0607   0.0622   0.0638   0.0653   0.0669   0.0684     0.07   0.0715   0.0731   0.0747   0.0762   0.0778   0.0793   0.0809   0.0824    0.084   0.0855   0.0871   0.0886   0.0902   0.0918   0.0933   0.0949   0.0964    0.098   0.0995   0.1011   0.1026   0.1042   0.1058   0.1073   0.1089   0.1104    0.112   0.1135   0.1151   0.1166   0.1182   0.1198   0.1213   0.1229   0.1244    0.126   0.1275   0.1291   0.1306   0.1322   0.1337   0.1353   0.1369   0.1384     0.14   0.1415   0.1431   0.1446   0.1462   0.1477   0.1493   0.1509   0.1524    0.154   0.1555   0.1571   0.1586   0.1602   0.1617   0.1633   0.1649   0.1664    0.168   0.1695   0.1711   0.1726   0.1742   0.1757   0.1773   0.1788   0.1804    0.182   0.1835   0.1851   0.1866   0.1882   0.1897   0.1913   0.1928   0.1944    0.196   0.1975   0.1991   0.2006   0.2022   0.2037   0.2053   0.2068   0.2084     0.21   0.2115   0.2131   0.2146   0.2162   0.2177   0.2193   0.2208   0.2224    0.224   0.2255   0.2271   0.2286   0.2302   0.2317   0.2333   0.2348   0.2364   0.2379   0.2395   0.2411   0.2426   0.2442   0.2457   0.2473   0.2488   0.2504   0.2519   0.2535   0.2551   0.2566   0.2582   0.2597   0.2613   0.2628   0.2644   0.2659   0.2675   0.2691   0.2706   0.2722   0.2737   0.2753   0.2768   0.2784   0.2799   0.2815    0.283   0.2846   0.2862   0.2877   0.2893   0.2908   0.2924   0.2939   0.2955    0.297   0.2986   0.3002   0.3017   0.3033   0.3048   0.3064   0.3079   0.3095    0.311   0.3126   0.3142   0.3157   0.3173   0.3188   0.3204   0.3219   0.3235    0.325   0.3266   0.3281   0.3297   0.3313   0.3328   0.3344   0.3359   0.3375    0.339   0.3406   0.3421   0.3437   0.3453   0.3468   0.3484   0.3499   0.3515    0.353   0.3546   0.3561   0.3577   0.3593   0.3608   0.3624   0.3639   0.3655    0.367   0.3686   0.3701   0.3717   0.3733   0.3748   0.3764   0.3779   0.3795    0.381   0.3826   0.3841   0.3857   0.3872   0.3888   0.3904   0.3919   0.3935    0.395   0.3966   0.3981   0.3997   0.4012   0.4028   0.4044   0.4059   0.4075    0.409   0.4106   0.4121   0.4137   0.4152   0.4168   0.4184   0.4199   0.4215    0.423   0.4246   0.4261   0.4277   0.4292   0.4308   0.4323   0.4339   0.4355    0.437   0.4386   0.4401   0.4417   0.4432   0.4448   0.4463   0.4479   0.4495    0.451   0.4526   0.4541   0.4557   0.4572   0.4588   0.4603   0.4619   0.4635    0.465   0.4666   0.4681   0.4697   0.4712   0.4728   0.4743   0.4759   0.4774    0.479   0.4806   0.4821   0.4837   0.4852   0.4868   0.4883   0.4899   0.4914    0.493   0.4946   0.4961   0.4977   0.4992
    S      0.0   0.2624      1.0   0.1436   0.5712   0.3589   0.1499   0.4271   0.0465   0.1455   0.1755   0.2556   0.0797   0.1073   0.0496   0.0676   0.1537   0.1551   0.1007   0.0482   0.2637   0.1128   0.1162   0.0987   0.0495   0.0266   0.0065   0.0757   0.0495   0.0951   0.0923   0.0406   0.1168   0.0874   0.0742   0.0505   0.0676   0.1311   0.1396   0.0514   0.0567   0.0778   0.0839   0.0451   0.2842   0.0216   0.0606   0.0184   0.1297   0.0906   0.0465   0.0598    0.122   0.1067   0.0391   0.0923   0.0891   0.1135   0.0556   0.1054   0.0824   0.2168    0.029   0.0512   0.0546   0.0208   0.0958   0.2567   0.0199   0.0338   0.0534   0.0449   0.0939   0.1018   0.0668   0.0391   0.0606   0.0284   0.0737   0.0226   0.2439   0.1294   0.0714   0.0286   0.1055   0.2152   0.0795   0.1473   0.0285   0.0417   0.0361   0.0392   0.0613   0.0289   0.0283    0.067   0.0454   0.1456    0.077   0.0963   0.0457    0.048   0.1927   0.1744   0.0541   0.1114   0.0987   0.0606   0.1271   0.0394   0.0436   0.0778   0.1547   0.0579   0.1061   0.0932   0.0353   0.0751   0.2385   0.1317   0.0474   0.1205   0.0721   0.0364   0.0611   0.0744   0.0147   0.0249   0.1494   0.0483   0.0821   0.0794   0.0728   0.0701   0.0812   0.0207   0.0265   0.0944   0.0567   0.0475   0.1129   0.0377   0.2386   0.0443   0.0959   0.1025   0.1216   0.1344   0.1436   0.0548   0.0421   0.0723   0.0567    0.051   0.0525   0.0245   0.0651   0.0436    0.076   0.0611   0.0133   0.0774   0.0772   0.1034   0.0789    0.086   0.0604   0.0988   0.0925   0.0851   0.0639   0.0417   0.0066   0.0618   0.0675   0.0359   0.0696   0.0739   0.0935   0.0738   0.0336   0.0596   0.0416   0.0247   0.1445   0.1588   0.0576   0.0297   0.0882   0.0632   0.0627   0.0589    0.042   0.2153   0.0387   0.1501   0.0993   0.0839   0.0496   0.1826   0.0737   0.0456   0.0507    0.058   0.0508   0.1073   0.1974   0.1382   0.0134   0.0959   0.0664   0.0702    0.108   0.0957   0.0353   0.0644   0.0703   0.0163   0.0413   0.1802   0.1015   0.0373   0.1901   0.0509   0.0035   0.0308   0.0748   0.1075   0.0688   0.1567   0.1092   0.0467   0.0664   0.2061   0.0884   0.2039   0.0759   0.0294   0.0536   0.0909     0.11   0.0805   0.0568   0.0729   0.1534   0.1146    0.084   0.0926   0.0566   0.0869   0.1251   0.1451   0.0768   0.1588    0.205   0.1532    0.045   0.1285   0.0261     0.06   0.0681   0.0553   0.0542   0.0712   0.0566   0.0349   0.0273   0.1338   0.0939   0.0412   0.0484   0.0179   0.0712   0.1634   0.1522   0.1547   0.1169   0.0928   0.0339   0.0374   0.0478   0.1561   0.1745   0.1163    0.025   0.4436   0.0633    0.019   0.0799   0.1699   0.0323   0.0717   0.1307    0.044   0.0473   0.0188    0.015     0.06   0.1539   0.0835   0.0794   0.0876   0.0185   0.1111   0.0309   0.1184    0.019     0.07   0.0576   0.2271   0.0816   0.0485   0.1124   0.0656   0.0632   0.0562   0.0323   0.0791      0.1   0.0838   0.0195   0.1846
  snr   -14.54
    H      5.5
 exon    False

M: eiip
 freq      0.0   0.0016   0.0031   0.0047   0.0062   0.0078   0.0093   0.0109   0.0124    0.014   0.0156   0.0171   0.0187   0.0202   0.0218   0.0233   0.0249   0.0264    0.028   0.0295   0.0311   0.0327   0.0342   0.0358   0.0373   0.0389   0.0404    0.042   0.0435   0.0451   0.0467   0.0482   0.0498   0.0513   0.0529   0.0544    0.056   0.0575   0.0591   0.0607   0.0622   0.0638   0.0653   0.0669   0.0684     0.07   0.0715   0.0731   0.0747   0.0762   0.0778   0.0793   0.0809   0.0824    0.084   0.0855   0.0871   0.0886   0.0902   0.0918   0.0933   0.0949   0.0964    0.098   0.0995   0.1011   0.1026   0.1042   0.1058   0.1073   0.1089   0.1104    0.112   0.1135   0.1151   0.1166   0.1182   0.1198   0.1213   0.1229   0.1244    0.126   0.1275   0.1291   0.1306   0.1322   0.1337   0.1353   0.1369   0.1384     0.14   0.1415   0.1431   0.1446   0.1462   0.1477   0.1493   0.1509   0.1524    0.154   0.1555   0.1571   0.1586   0.1602   0.1617   0.1633   0.1649   0.1664    0.168   0.1695   0.1711   0.1726   0.1742   0.1757   0.1773   0.1788   0.1804    0.182   0.1835   0.1851   0.1866   0.1882   0.1897   0.1913   0.1928   0.1944    0.196   0.1975   0.1991   0.2006   0.2022   0.2037   0.2053   0.2068   0.2084     0.21   0.2115   0.2131   0.2146   0.2162   0.2177   0.2193   0.2208   0.2224    0.224   0.2255   0.2271   0.2286   0.2302   0.2317   0.2333   0.2348   0.2364   0.2379   0.2395   0.2411   0.2426   0.2442   0.2457   0.2473   0.2488   0.2504   0.2519   0.2535   0.2551   0.2566   0.2582   0.2597   0.2613   0.2628   0.2644   0.2659   0.2675   0.2691   0.2706   0.2722   0.2737   0.2753   0.2768   0.2784   0.2799   0.2815    0.283   0.2846   0.2862   0.2877   0.2893   0.2908   0.2924   0.2939   0.2955    0.297   0.2986   0.3002   0.3017   0.3033   0.3048   0.3064   0.3079   0.3095    0.311   0.3126   0.3142   0.3157   0.3173   0.3188   0.3204   0.3219   0.3235    0.325   0.3266   0.3281   0.3297   0.3313   0.3328   0.3344   0.3359   0.3375    0.339   0.3406   0.3421   0.3437   0.3453   0.3468   0.3484   0.3499   0.3515    0.353   0.3546   0.3561   0.3577   0.3593   0.3608   0.3624   0.3639   0.3655    0.367   0.3686   0.3701   0.3717   0.3733   0.3748   0.3764   0.3779   0.3795    0.381   0.3826   0.3841   0.3857   0.3872   0.3888   0.3904   0.3919   0.3935    0.395   0.3966   0.3981   0.3997   0.4012   0.4028   0.4044   0.4059   0.4075    0.409   0.4106   0.4121   0.4137   0.4152   0.4168   0.4184   0.4199   0.4215    0.423   0.4246   0.4261   0.4277   0.4292   0.4308   0.4323   0.4339   0.4355    0.437   0.4386   0.4401   0.4417   0.4432   0.4448   0.4463   0.4479   0.4495    0.451   0.4526   0.4541   0.4557   0.4572   0.4588   0.4603   0.4619   0.4635    0.465   0.4666   0.4681   0.4697   0.4712   0.4728   0.4743   0.4759   0.4774    0.479   0.4806   0.4821   0.4837   0.4852   0.4868   0.4883   0.4899   0.4914    0.493   0.4946   0.4961   0.4977   0.4992
    S      0.0   0.0916   0.9264   0.5576   0.5032   0.0719   0.2475   0.7535   0.1074   0.2206   0.0206   0.3698   0.2348   0.4211   0.1948   0.1328   0.0008   0.1874   0.1188   0.0321   0.7934   0.3113   0.2274   0.0181   0.0238    0.111    0.014   0.0888   0.1694   0.1546   0.1619   0.0682   0.1604   0.2744   0.0502   0.0121   0.0581   0.0454   0.3431   0.0984   0.0073   0.3339   0.0036   0.1333   0.4109   0.0518   0.0374   0.0174   0.3615   0.2241   0.3582   0.0962     0.05   0.0696   0.0045   0.1604   0.0921   0.1471   0.0601   0.0051    0.225   0.0195   0.0261   0.1055   0.0757   0.0168   0.3205   0.3638    0.009   0.0348   0.0417   0.0088   0.2368   0.0067   0.1904   0.1641    0.133   0.0152     0.03   0.0589   0.4047   0.1855   0.4254   0.1013   0.1494   0.0639   0.1388   0.8002   0.0531   0.1194   0.0348   0.0889   0.1438   0.1462   0.0567   0.0388   0.0152   0.0862    0.057   0.1885   0.1048   0.1567   0.6321   0.0625   0.1211   0.2321   0.1849   0.0965   0.0746   0.0571   0.1102   0.1251    0.329   0.0389   0.1718   0.2703   0.0364   0.1638   0.0074   0.4557   0.1494   0.0879   0.1839   0.0334   0.2623    0.147   0.0728   0.1218     0.15    0.163   0.1176   0.0608   0.0274   0.2432   0.0694   0.0885   0.1228   0.0061   0.0235   0.1255   0.8327   0.2485   0.8452   0.1077    0.124   0.0261     0.18   0.2618   0.0351   0.1875   0.0114   0.2206   0.1244   0.0969   0.0384   0.0019   0.0543   0.1197   0.0047   0.2177   0.0067   0.2089   0.1539   0.0544   0.1602   0.1927   0.2095   0.4941   0.0799   0.1336   0.0008   0.1892   0.0181   0.2025   0.1115   0.0372   0.0669   0.3009   0.2051   0.4308   0.0727   0.0368    0.114   0.1215   0.3615   0.3943   0.0808   0.1362   0.0456   0.0104    0.249   0.0351    0.181   0.3819   0.0071    0.121   0.5646   0.0993   0.3436      1.0   0.5296   0.0216   0.0801   0.0888   0.0537   0.4291   0.4877   0.4368   0.0434    0.016   0.0832   0.0486   0.3283   0.3891   0.1019   0.4127   0.0315   0.0517   0.0687    0.047   0.1141   0.0032   0.1757   0.2463   0.0028   0.0596   0.0472   0.2961   0.0793   0.1439   0.0906   0.1426   0.0034   0.5542   0.0722   0.0294   0.0331   0.1938   0.2039   0.2358   0.2124   0.1475   0.0109   0.3288   0.8016    0.186   0.3735   0.0678   0.1074   0.1791   0.1396    0.109    0.039   0.1952   0.0896   0.2038   0.0113   0.5738   0.0747   0.0069   0.0185   0.0551   0.0721   0.1346   0.1222   0.1317   0.0795   0.6105   0.1121    0.088   0.0468   0.0918   0.0063   0.0294   0.2282   0.1545   0.2121    0.561   0.2052   0.0182   0.0389   0.0668   0.1586    0.141   0.1281      0.3   0.0937    0.126   0.2412   0.1087   0.1086   0.0488   0.1253   0.0064   0.0543   0.1072   0.0084    0.319   0.2108   0.5646   0.0459   0.5699   0.0176   0.0895   0.0577   0.7057   0.1127   0.1156   0.0901   0.0321   0.2083   0.0808   0.4466   0.0102   0.0388   0.1623   0.0707   0.2353   0.3166   0.2668   0.0209   0.1056
  snr    -17.2
    H     5.32
 exon    False

M: qpsk
 freq      0.0   0.0016   0.0031   0.0047   0.0062   0.0078   0.0093   0.0109   0.0124    0.014   0.0156   0.0171   0.0187   0.0202   0.0218   0.0233   0.0249   0.0264    0.028   0.0295   0.0311   0.0327   0.0342   0.0358   0.0373   0.0389   0.0404    0.042   0.0435   0.0451   0.0467   0.0482   0.0498   0.0513   0.0529   0.0544    0.056   0.0575   0.0591   0.0607   0.0622   0.0638   0.0653   0.0669   0.0684     0.07   0.0715   0.0731   0.0747   0.0762   0.0778   0.0793   0.0809   0.0824    0.084   0.0855   0.0871   0.0886   0.0902   0.0918   0.0933   0.0949   0.0964    0.098   0.0995   0.1011   0.1026   0.1042   0.1058   0.1073   0.1089   0.1104    0.112   0.1135   0.1151   0.1166   0.1182   0.1198   0.1213   0.1229   0.1244    0.126   0.1275   0.1291   0.1306   0.1322   0.1337   0.1353   0.1369   0.1384     0.14   0.1415   0.1431   0.1446   0.1462   0.1477   0.1493   0.1509   0.1524    0.154   0.1555   0.1571   0.1586   0.1602   0.1617   0.1633   0.1649   0.1664    0.168   0.1695   0.1711   0.1726   0.1742   0.1757   0.1773   0.1788   0.1804    0.182   0.1835   0.1851   0.1866   0.1882   0.1897   0.1913   0.1928   0.1944    0.196   0.1975   0.1991   0.2006   0.2022   0.2037   0.2053   0.2068   0.2084     0.21   0.2115   0.2131   0.2146   0.2162   0.2177   0.2193   0.2208   0.2224    0.224   0.2255   0.2271   0.2286   0.2302   0.2317   0.2333   0.2348   0.2364   0.2379   0.2395   0.2411   0.2426   0.2442   0.2457   0.2473   0.2488   0.2504   0.2519   0.2535   0.2551   0.2566   0.2582   0.2597   0.2613   0.2628   0.2644   0.2659   0.2675   0.2691   0.2706   0.2722   0.2737   0.2753   0.2768   0.2784   0.2799   0.2815    0.283   0.2846   0.2862   0.2877   0.2893   0.2908   0.2924   0.2939   0.2955    0.297   0.2986   0.3002   0.3017   0.3033   0.3048   0.3064   0.3079   0.3095    0.311   0.3126   0.3142   0.3157   0.3173   0.3188   0.3204   0.3219   0.3235    0.325   0.3266   0.3281   0.3297   0.3313   0.3328   0.3344   0.3359   0.3375    0.339   0.3406   0.3421   0.3437   0.3453   0.3468   0.3484   0.3499   0.3515    0.353   0.3546   0.3561   0.3577   0.3593   0.3608   0.3624   0.3639   0.3655    0.367   0.3686   0.3701   0.3717   0.3733   0.3748   0.3764   0.3779   0.3795    0.381   0.3826   0.3841   0.3857   0.3872   0.3888   0.3904   0.3919   0.3935    0.395   0.3966   0.3981   0.3997   0.4012   0.4028   0.4044   0.4059   0.4075    0.409   0.4106   0.4121   0.4137   0.4152   0.4168   0.4184   0.4199   0.4215    0.423   0.4246   0.4261   0.4277   0.4292   0.4308   0.4323   0.4339   0.4355    0.437   0.4386   0.4401   0.4417   0.4432   0.4448   0.4463   0.4479   0.4495    0.451   0.4526   0.4541   0.4557   0.4572   0.4588   0.4603   0.4619   0.4635    0.465   0.4666   0.4681   0.4697   0.4712   0.4728   0.4743   0.4759   0.4774    0.479   0.4806   0.4821   0.4837   0.4852   0.4868   0.4883   0.4899   0.4914    0.493   0.4946   0.4961   0.4977   0.4992
    S      0.0   0.3122      1.0   0.1821   0.4708   0.2363   0.2321   0.4758   0.0456   0.1671   0.1284   0.3042    0.103   0.1457   0.0596    0.071   0.2203   0.2076   0.0477    0.022   0.3692   0.1554    0.058    0.061   0.0552   0.0345   0.0085   0.0226   0.0748   0.1079   0.1299   0.0467   0.1106   0.1266   0.0866   0.0322   0.0087   0.1438   0.1735   0.0481   0.0458   0.0763   0.0591   0.0469   0.3642   0.0204   0.0123    0.009   0.1256   0.1255   0.0472   0.0717   0.1495    0.036   0.0312    0.134   0.1321   0.1424     0.06   0.1179   0.1248   0.2277   0.0368   0.0457   0.0671   0.0216   0.1176   0.3985   0.0214   0.0499   0.0079   0.0298   0.1166   0.1262   0.0904   0.0582   0.0841   0.0345   0.0641   0.0335   0.1799   0.0079   0.0618   0.0232   0.1179   0.1118   0.1003   0.2208   0.0423   0.0609   0.0184   0.0311   0.0438    0.035    0.015   0.0309   0.0485    0.087   0.1164    0.081   0.0182   0.0637   0.2217   0.1923   0.0304   0.0696   0.0295   0.0592   0.1063   0.0567   0.0575   0.1187   0.0872   0.0493   0.0534   0.1007   0.0313   0.0942   0.2075   0.1665   0.0731   0.0658   0.0853   0.0155   0.0855   0.0879   0.0229   0.0372   0.1395   0.0615   0.1274   0.0734   0.1015   0.0715   0.0619   0.0197    0.023   0.0524   0.0249   0.0653   0.1343    0.053   0.2327   0.0308   0.1127   0.1338   0.1268   0.0761   0.1782   0.0583   0.0631   0.0289   0.0777   0.0251   0.0801   0.0193   0.0622   0.0266   0.1153   0.0957   0.0132   0.0401   0.0969   0.1074   0.1129   0.1243    0.057   0.1364   0.0568   0.0661   0.0454   0.0653   0.0084   0.0572   0.1018   0.0434   0.1021   0.0408    0.026   0.0813   0.0364   0.0596   0.0476   0.0136    0.008   0.1102   0.0818   0.0333   0.0993    0.096   0.0284   0.0257    0.036   0.2887   0.0404   0.2175   0.0557   0.0694   0.0447   0.1035    0.098   0.0398   0.0376   0.0757   0.0641   0.1283   0.2746    0.196   0.0117   0.0646   0.0978   0.0542   0.0822   0.0736   0.0337    0.089   0.1006   0.0171    0.041   0.1703   0.0741   0.0233   0.0694    0.031    0.003   0.0475    0.055   0.0991   0.0377   0.1601   0.1194   0.0677   0.0771   0.2796   0.0125   0.2941   0.0512   0.0427   0.0645   0.1214   0.0613   0.0279   0.0479   0.1098   0.1963   0.1682    0.067   0.0822   0.0838   0.1097    0.136   0.1615   0.0948   0.1831    0.145   0.1721   0.0558   0.1998   0.0008   0.0693   0.0438   0.0588   0.0783   0.0867   0.0543   0.0514   0.0065    0.051    0.116     0.03    0.035   0.0157   0.0944   0.1384   0.2062   0.1258   0.1486   0.1086   0.0524   0.0556   0.0468   0.1979   0.0698   0.1506   0.0252   0.3094     0.05   0.0238   0.0578    0.221   0.0259   0.0547   0.1741   0.0336   0.0539   0.0102   0.0089   0.0793   0.1856   0.1172   0.1194   0.1113   0.0245   0.0748    0.039   0.1424   0.0116   0.0232   0.0704   0.1875   0.0825   0.0384   0.1694   0.0769   0.0575   0.0322   0.0482   0.0818   0.0575   0.0408    0.023   0.1791
  snr   -14.59
    H     5.45
 exon    False

M: mem
 freq      0.0   0.0016   0.0031   0.0047   0.0062   0.0078   0.0093   0.0109   0.0125    0.014   0.0156   0.0171   0.0187   0.0202   0.0218   0.0234   0.0249   0.0265    0.028   0.0296   0.0312   0.0327   0.0343   0.0358   0.0374   0.0389   0.0405   0.0421   0.0436   0.0452   0.0467   0.0483   0.0498   0.0514    0.053   0.0545   0.0561   0.0576   0.0592   0.0607   0.0623   0.0639   0.0654    0.067   0.0685   0.0701   0.0717   0.0732   0.0748   0.0763   0.0779   0.0794    0.081   0.0826   0.0841   0.0857   0.0872   0.0888   0.0903   0.0919   0.0935    0.095   0.0966   0.0981   0.0997   0.1012   0.1028   0.1044   0.1059   0.1075    0.109   0.1106   0.1121   0.1137   0.1153   0.1168   0.1184   0.1199   0.1215   0.1231   0.1246   0.1262   0.1277   0.1293   0.1308   0.1324    0.134   0.1355   0.1371   0.1386   0.1402   0.1417   0.1433   0.1449   0.1464    0.148   0.1495   0.1511   0.1526   0.1542   0.1558   0.1573   0.1589   0.1604    0.162   0.1636   0.1651   0.1667   0.1682   0.1698   0.1713   0.1729   0.1745    0.176   0.1776   0.1791   0.1807   0.1822   0.1838   0.1854   0.1869   0.1885     0.19   0.1916   0.1931   0.1947   0.1963   0.1978   0.1994   0.2009   0.2025    0.204   0.2056   0.2072   0.2087   0.2103   0.2118   0.2134    0.215   0.2165   0.2181   0.2196   0.2212   0.2227   0.2243   0.2259   0.2274    0.229   0.2305   0.2321   0.2336   0.2352   0.2368   0.2383   0.2399   0.2414    0.243   0.2445   0.2461   0.2477   0.2492   0.2508   0.2523   0.2539   0.2555    0.257   0.2586   0.2601   0.2617   0.2632   0.2648   0.2664   0.2679   0.2695    0.271   0.2726   0.2741   0.2757   0.2773   0.2788   0.2804   0.2819   0.2835    0.285   0.2866   0.2882   0.2897   0.2913   0.2928   0.2944    0.296   0.2975   0.2991   0.3006   0.3022   0.3037   0.3053   0.3069   0.3084     0.31   0.3115   0.3131   0.3146   0.3162   0.3178   0.3193   0.3209   0.3224    0.324   0.3255   0.3271   0.3287   0.3302   0.3318   0.3333   0.3349   0.3364    0.338   0.3396   0.3411   0.3427   0.3442   0.3458   0.3474   0.3489   0.3505    0.352   0.3536   0.3551   0.3567   0.3583   0.3598   0.3614   0.3629   0.3645    0.366   0.3676   0.3692   0.3707   0.3723   0.3738   0.3754   0.3769   0.3785   0.3801   0.3816   0.3832   0.3847   0.3863   0.3879   0.3894    0.391   0.3925   0.3941   0.3956   0.3972   0.3988   0.4003   0.4019   0.4034    0.405   0.4065   0.4081   0.4097   0.4112   0.4128   0.4143   0.4159   0.4174    0.419   0.4206   0.4221   0.4237   0.4252   0.4268   0.4283   0.4299   0.4315    0.433   0.4346   0.4361   0.4377   0.4393   0.4408   0.4424   0.4439   0.4455    0.447   0.4486   0.4502   0.4517   0.4533   0.4548   0.4564   0.4579   0.4595   0.4611   0.4626   0.4642   0.4657   0.4673   0.4688   0.4704    0.472   0.4735   0.4751   0.4766   0.4782   0.4798   0.4813   0.4829   0.4844    0.486   0.4875   0.4891   0.4907   0.4922   0.4938   0.4953   0.4969   0.4984
    S      0.0   0.2021   0.3966   0.0715   0.1598   0.1624   0.4646      1.0   0.0532   0.1723   0.1154   0.0752   0.0233   0.0127   0.1216   0.1899   0.4925   0.5966   0.1057   0.1082   0.1422   0.2145   0.0372   0.0642   0.0989   0.0197   0.0184   0.0228   0.1286   0.0543   0.0629   0.1369   0.0235   0.3495   0.1603   0.0884   0.0032   0.2563   0.0611   0.1549   0.1562   0.1018   0.0171   0.0265   0.2722   0.0377   0.0581   0.0525   0.0198   0.1152   0.0316   0.0148   0.1698   0.0366   0.0286   0.1888   0.3287   0.4162   0.0495    0.457   0.3848   0.7057   0.0913   0.0076    0.105   0.1191      0.3   0.6013   0.0179   0.0642   0.0182    0.126   0.1218   0.1806   0.0499   0.0406   0.1786   0.1043   0.0175   0.0981   0.1248   0.0014   0.0137     0.03   0.0203   0.0702   0.0883   0.1328   0.0382   0.1133    0.053   0.0163   0.1044   0.0173   0.0403   0.0025    0.166   0.0507   0.2855   0.1605   0.0427   0.0583   0.4425   0.2316   0.0318   0.0308   0.1588   0.0867   0.0673   0.1932    0.122   0.4391    0.097   0.2351   0.1318   0.0633   0.0182   0.4198   0.0793   0.3117   0.1929     0.07   0.2641   0.0873   0.0246   0.0532   0.0138   0.0499   0.3099   0.1682    0.083   0.1743   0.2487   0.1272   0.2178   0.0444   0.1044   0.0225    0.084   0.1987   0.0922   0.0252   0.3387   0.1425   0.0136    0.203   0.0828   0.0397   0.7055   0.0466   0.1506   0.0262   0.3043   0.3096   0.0592   0.0634   0.0385   0.0149   0.4091   0.0369   0.0126   0.1031   0.2422   0.2606   0.3099   0.2958   0.0016   0.2795   0.0503   0.1895   0.0611   0.0278   0.0026    0.131   0.0934   0.1104   0.1376   0.1342   0.0325   0.0995   0.0629    0.131   0.0122   0.0165   0.0259   0.0526   0.2112    0.048   0.1701   0.2494   0.0084   0.0107   0.0917   0.1859   0.2462    0.183   0.0636    0.076   0.0071   0.1081   0.0304   0.1238     0.11   0.1268   0.0807   0.0728   0.0091   0.0515    0.042   0.1786   0.3843   0.0081   0.0788   0.0217   0.0323   0.2009   0.2825   0.0287   0.0698   0.1226   0.0988   0.1304    0.087   0.0034   0.0298   0.0942   0.0299   0.1734   0.1105   0.0157    0.102   0.0482   0.6645   0.3979    0.199   0.5648   0.1601   0.0767   0.0232   0.0224    0.116   0.0335    0.176   0.1037   0.4569   0.4536   0.0315   0.2394   0.0222   0.0076   0.1535   0.3693   0.5055   0.1649   0.3521   0.0553   0.3359   0.1601   0.0456   0.1523   0.1465   0.0566   0.0749   0.0132   0.0705    0.159   0.0035   0.1727   0.0188   0.0399   0.0498   0.1361   0.0158   0.3825   0.0262   0.4234   0.1673   0.1312   0.0168   0.2087   0.2477   0.0455   0.0959    0.578   0.2453   0.3512   0.0107   0.0322   0.2327   0.1869   0.0386   0.1019   0.0076   0.0351   0.0851    0.042   0.0437   0.1484   0.0153   0.3301   0.0776   0.0015   0.1427   0.0394   0.0497   0.0498   0.0244   0.1841    0.073   0.6311   0.0116    0.006   0.4313   0.0632   0.0803   0.0825   0.2947   0.0022   0.1763   0.0435   0.1216
  snr   -16.36
    H     5.31
 exon    False

M: alg1
 freq      0.0   0.0016   0.0031   0.0047   0.0062   0.0078   0.0093   0.0109   0.0124    0.014   0.0156   0.0171   0.0187   0.0202   0.0218   0.0233   0.0249   0.0264    0.028   0.0295   0.0311   0.0327   0.0342   0.0358   0.0373   0.0389   0.0404    0.042   0.0435   0.0451   0.0467   0.0482   0.0498   0.0513   0.0529   0.0544    0.056   0.0575   0.0591   0.0607   0.0622   0.0638   0.0653   0.0669   0.0684     0.07   0.0715   0.0731   0.0747   0.0762   0.0778   0.0793   0.0809   0.0824    0.084   0.0855   0.0871   0.0886   0.0902   0.0918   0.0933   0.0949   0.0964    0.098   0.0995   0.1011   0.1026   0.1042   0.1058   0.1073   0.1089   0.1104    0.112   0.1135   0.1151   0.1166   0.1182   0.1198   0.1213   0.1229   0.1244    0.126   0.1275   0.1291   0.1306   0.1322   0.1337   0.1353   0.1369   0.1384     0.14   0.1415   0.1431   0.1446   0.1462   0.1477   0.1493   0.1509   0.1524    0.154   0.1555   0.1571   0.1586   0.1602   0.1617   0.1633   0.1649   0.1664    0.168   0.1695   0.1711   0.1726   0.1742   0.1757   0.1773   0.1788   0.1804    0.182   0.1835   0.1851   0.1866   0.1882   0.1897   0.1913   0.1928   0.1944    0.196   0.1975   0.1991   0.2006   0.2022   0.2037   0.2053   0.2068   0.2084     0.21   0.2115   0.2131   0.2146   0.2162   0.2177   0.2193   0.2208   0.2224    0.224   0.2255   0.2271   0.2286   0.2302   0.2317   0.2333   0.2348   0.2364   0.2379   0.2395   0.2411   0.2426   0.2442   0.2457   0.2473   0.2488   0.2504   0.2519   0.2535   0.2551   0.2566   0.2582   0.2597   0.2613   0.2628   0.2644   0.2659   0.2675   0.2691   0.2706   0.2722   0.2737   0.2753   0.2768   0.2784   0.2799   0.2815    0.283   0.2846   0.2862   0.2877   0.2893   0.2908   0.2924   0.2939   0.2955    0.297   0.2986   0.3002   0.3017   0.3033   0.3048   0.3064   0.3079   0.3095    0.311   0.3126   0.3142   0.3157   0.3173   0.3188   0.3204   0.3219   0.3235    0.325   0.3266   0.3281   0.3297   0.3313   0.3328   0.3344   0.3359   0.3375    0.339   0.3406   0.3421   0.3437   0.3453   0.3468   0.3484   0.3499   0.3515    0.353   0.3546   0.3561   0.3577   0.3593   0.3608   0.3624   0.3639   0.3655    0.367   0.3686   0.3701   0.3717   0.3733   0.3748   0.3764   0.3779   0.3795    0.381   0.3826   0.3841   0.3857   0.3872   0.3888   0.3904   0.3919   0.3935    0.395   0.3966   0.3981   0.3997   0.4012   0.4028   0.4044   0.4059   0.4075    0.409   0.4106   0.4121   0.4137   0.4152   0.4168   0.4184   0.4199   0.4215    0.423   0.4246   0.4261   0.4277   0.4292   0.4308   0.4323   0.4339   0.4355    0.437   0.4386   0.4401   0.4417   0.4432   0.4448   0.4463   0.4479   0.4495    0.451   0.4526   0.4541   0.4557   0.4572   0.4588   0.4603   0.4619   0.4635    0.465   0.4666   0.4681   0.4697   0.4712   0.4728   0.4743   0.4759   0.4774    0.479   0.4806   0.4821   0.4837   0.4852   0.4868   0.4883   0.4899   0.4914    0.493   0.4946   0.4961   0.4977   0.4992
    S      0.0   0.0634      1.0   0.1306   0.6083   0.4251   0.1096      0.5   0.0631   0.1792   0.1624   0.1027   0.0717   0.0577   0.0659    0.046   0.0395   0.2219   0.0728   0.0586   0.2336   0.1664   0.0765   0.1155   0.0128   0.0184   0.0091   0.0538    0.028   0.1085   0.0215   0.0503   0.1158   0.1051   0.0624   0.0649   0.0668   0.0391   0.1528   0.0376   0.0725    0.032   0.0531   0.0404   0.2172   0.0288   0.0714   0.0197   0.0973   0.0467   0.0454   0.0253   0.0485   0.0832   0.0332   0.0258   0.0585    0.045   0.0267   0.1211   0.0971   0.2624   0.0358   0.0306   0.0352   0.0243   0.1072    0.059   0.0129   0.0149   0.0543   0.0526   0.1099   0.0165   0.0234   0.0083   0.0956   0.0257   0.0373   0.0172   0.1392   0.1201   0.0419   0.0179   0.0974   0.1694   0.0342   0.1834   0.0091   0.0503   0.0254   0.0228   0.0471   0.0233   0.0223   0.0564    0.053   0.0838   0.0412   0.0458   0.0406   0.0458   0.2669   0.1069   0.0534   0.0706   0.1107   0.0784   0.1304   0.0563   0.0168    0.097   0.0962   0.0451   0.1039   0.0686    0.039    0.098   0.1124   0.1179   0.0513    0.089   0.0785   0.0433   0.0428   0.1003   0.0127   0.0358   0.2075   0.0655   0.0276   0.0381   0.0454   0.0518   0.1092   0.0126   0.0281   0.1035   0.0667   0.0595   0.1147   0.0184   0.3158   0.0557   0.0428   0.0143   0.1748    0.099   0.1711   0.0735    0.016   0.0539   0.0523   0.0512   0.0376    0.028   0.0448   0.0466   0.0477   0.0606   0.0149   0.0784    0.051    0.096   0.0376   0.0646   0.0667    0.129   0.0709   0.0439   0.0505   0.0582   0.0069   0.0672   0.0317   0.0219   0.0514   0.0547   0.0762   0.0703   0.0247   0.0773   0.0118   0.0183   0.1267    0.142   0.0425    0.028   0.0514    0.026   0.0657   0.0486   0.0401   0.1129   0.0144   0.0694   0.0877   0.0388   0.0444   0.1414   0.0423   0.0307   0.0242   0.0846   0.0116   0.0674    0.065   0.1001   0.0058   0.1174   0.0097   0.1018   0.0648   0.0578   0.0478   0.0765   0.0563   0.0175   0.0201   0.0846   0.1034   0.0226   0.2221   0.0444   0.0032    0.001   0.0394   0.0523   0.0711   0.1745   0.0376   0.0466   0.0765   0.1912   0.0968   0.0776   0.0899   0.0151    0.062   0.0863   0.0847   0.0917   0.0758    0.046   0.1605   0.0443   0.0624     0.14   0.0433   0.0857   0.0456   0.1506   0.0571   0.1052   0.1122   0.1914   0.0224   0.1656   0.0248   0.0461   0.0827   0.0757   0.0103   0.0569   0.0341   0.0522   0.0214    0.121   0.0408   0.0252     0.03   0.0104    0.018   0.2087   0.0717   0.1391   0.1045   0.0712   0.0321   0.0195   0.0308   0.0668    0.117   0.0614   0.0277   0.6264    0.052   0.0202   0.0503   0.0263   0.0181   0.0313   0.0322   0.0381   0.0382    0.015   0.0084   0.0747   0.0933   0.1042   0.0262   0.0409   0.0188   0.1444   0.0362     0.07   0.0147   0.0717   0.0644   0.2606   0.0527   0.0301   0.1458   0.0727   0.0309   0.0453   0.0331   0.0368   0.1082    0.063   0.0149   0.1389
  snr   -13.74
    H     5.39
 exon    False

M: alg2
 freq      0.0   0.0016   0.0031   0.0047   0.0062   0.0078   0.0093   0.0109   0.0124    0.014   0.0156   0.0171   0.0187   0.0202   0.0218   0.0233   0.0249   0.0264    0.028   0.0295   0.0311   0.0327   0.0342   0.0358   0.0373   0.0389   0.0404    0.042   0.0435   0.0451   0.0467   0.0482   0.0498   0.0513   0.0529   0.0544    0.056   0.0575   0.0591   0.0607   0.0622   0.0638   0.0653   0.0669   0.0684     0.07   0.0715   0.0731   0.0747   0.0762   0.0778   0.0793   0.0809   0.0824    0.084   0.0855   0.0871   0.0886   0.0902   0.0918   0.0933   0.0949   0.0964    0.098   0.0995   0.1011   0.1026   0.1042   0.1058   0.1073   0.1089   0.1104    0.112   0.1135   0.1151   0.1166   0.1182   0.1198   0.1213   0.1229   0.1244    0.126   0.1275   0.1291   0.1306   0.1322   0.1337   0.1353   0.1369   0.1384     0.14   0.1415   0.1431   0.1446   0.1462   0.1477   0.1493   0.1509   0.1524    0.154   0.1555   0.1571   0.1586   0.1602   0.1617   0.1633   0.1649   0.1664    0.168   0.1695   0.1711   0.1726   0.1742   0.1757   0.1773   0.1788   0.1804    0.182   0.1835   0.1851   0.1866   0.1882   0.1897   0.1913   0.1928   0.1944    0.196   0.1975   0.1991   0.2006   0.2022   0.2037   0.2053   0.2068   0.2084     0.21   0.2115   0.2131   0.2146   0.2162   0.2177   0.2193   0.2208   0.2224    0.224   0.2255   0.2271   0.2286   0.2302   0.2317   0.2333   0.2348   0.2364   0.2379   0.2395   0.2411   0.2426   0.2442   0.2457   0.2473   0.2488   0.2504   0.2519   0.2535   0.2551   0.2566   0.2582   0.2597   0.2613   0.2628   0.2644   0.2659   0.2675   0.2691   0.2706   0.2722   0.2737   0.2753   0.2768   0.2784   0.2799   0.2815    0.283   0.2846   0.2862   0.2877   0.2893   0.2908   0.2924   0.2939   0.2955    0.297   0.2986   0.3002   0.3017   0.3033   0.3048   0.3064   0.3079   0.3095    0.311   0.3126   0.3142   0.3157   0.3173   0.3188   0.3204   0.3219   0.3235    0.325   0.3266   0.3281   0.3297   0.3313   0.3328   0.3344   0.3359   0.3375    0.339   0.3406   0.3421   0.3437   0.3453   0.3468   0.3484   0.3499   0.3515    0.353   0.3546   0.3561   0.3577   0.3593   0.3608   0.3624   0.3639   0.3655    0.367   0.3686   0.3701   0.3717   0.3733   0.3748   0.3764   0.3779   0.3795    0.381   0.3826   0.3841   0.3857   0.3872   0.3888   0.3904   0.3919   0.3935    0.395   0.3966   0.3981   0.3997   0.4012   0.4028   0.4044   0.4059   0.4075    0.409   0.4106   0.4121   0.4137   0.4152   0.4168   0.4184   0.4199   0.4215    0.423   0.4246   0.4261   0.4277   0.4292   0.4308   0.4323   0.4339   0.4355    0.437   0.4386   0.4401   0.4417   0.4432   0.4448   0.4463   0.4479   0.4495    0.451   0.4526   0.4541   0.4557   0.4572   0.4588   0.4603   0.4619   0.4635    0.465   0.4666   0.4681   0.4697   0.4712   0.4728   0.4743   0.4759   0.4774    0.479   0.4806   0.4821   0.4837   0.4852   0.4868   0.4883   0.4899   0.4914    0.493   0.4946   0.4961   0.4977   0.4992
    S      0.0   0.1903      1.0   0.1195   0.5363   0.3196   0.0611   0.2257   0.0345   0.1349   0.1359   0.2144   0.0811   0.0919   0.0161   0.0031   0.0369   0.0797   0.0237   0.0137   0.2651   0.0955   0.0428   0.0775   0.0174   0.0182   0.0034   0.0241   0.0177   0.0961   0.0719   0.0145   0.1146   0.0155   0.0496   0.0214   0.0283   0.0391   0.1502   0.0066   0.0174   0.0093   0.0637   0.0318   0.2549   0.0093   0.0212   0.0024   0.1009   0.0525   0.0112   0.0517   0.0824   0.0426   0.0282   0.0492   0.0191     0.01   0.0196   0.0187   0.0101   0.0832   0.0058   0.0361   0.0296   0.0039   0.0131   0.1119   0.0159   0.0182   0.0211    0.014   0.0768   0.0482   0.0459   0.0243   0.0411   0.0021   0.0557   0.0037   0.1132   0.0386    0.018   0.0103   0.1148   0.1302   0.0667   0.1069   0.0162   0.0279   0.0103   0.0181   0.0064     0.02   0.0089   0.0426   0.0259   0.0632   0.0206   0.0162   0.0015   0.0332   0.1223   0.1044   0.0166   0.0518   0.0273   0.0233    0.102    0.014   0.0248   0.0126    0.025   0.0139   0.0088    0.071   0.0343   0.0196   0.1349   0.0319   0.0134   0.0466   0.0157   0.0221   0.0261   0.0745   0.0109   0.0133   0.1049   0.0346   0.0363   0.0158   0.0257     0.02   0.0256   0.0041   0.0033    0.067   0.0257   0.0095   0.0444   0.0231   0.1185   0.0241   0.0837     0.06   0.0848    0.049   0.0239   0.0331   0.0037   0.0181   0.0034   0.0091   0.0093   0.0154   0.0612   0.0237    0.002   0.0324   0.0049   0.0278    0.004   0.0063   0.0493   0.0076   0.0372   0.0289   0.0526    0.037    0.042   0.0201   0.0037   0.0095   0.0418     0.03   0.0305   0.0025   0.0312   0.0092   0.0135   0.0393   0.0186   0.0038   0.0226   0.0811   0.0242   0.0037   0.0519    0.012   0.0143   0.0242   0.0025   0.1845   0.0187   0.0635   0.0119   0.0212   0.0142   0.0125   0.0383   0.0311   0.0129    0.039   0.0167   0.0837   0.1687   0.1167   0.0022   0.0329   0.0429   0.0346   0.0022   0.0375   0.0156   0.0217   0.0044   0.0027   0.0171   0.1444   0.0807   0.0224   0.0785   0.0101   0.0025   0.0167   0.0284   0.0121   0.0361   0.1335   0.0528   0.0411   0.0164   0.0158   0.0296   0.0271   0.0657   0.0193   0.0473   0.1013   0.0101   0.0247   0.0195   0.0621   0.0241   0.0257   0.0146   0.0659   0.0338   0.0935   0.0897   0.0909   0.0052   0.0088   0.0831    0.145   0.0234   0.0667   0.0024   0.0149   0.0588   0.0191   0.0102   0.0721    0.016   0.0298   0.0029   0.0177   0.0849   0.0233   0.0111   0.0031   0.0159   0.1062    0.135   0.0966   0.0066   0.0305   0.0265   0.0031   0.0063   0.0862   0.0677   0.0048   0.0098      0.3   0.0411   0.0106   0.0056   0.0808   0.0063   0.0298   0.1073   0.0233   0.0448   0.0005   0.0069   0.0148   0.1463   0.0318   0.0153   0.0425   0.0013   0.0827   0.0287   0.0648   0.0011   0.0071   0.0418   0.0787   0.0348   0.0328   0.1015   0.0089   0.0481   0.0237   0.0136   0.0057   0.0306   0.0077   0.0003   0.1123
  snr   -11.59
    H     5.16
 exon    False