>data-XVI-cerevisiae-intergenic-116
N: 272
Methods: voss, eiip, qpsk, mem, tbpse, snrse

M: voss
 freq      0.0   0.0037   0.0074    0.011   0.0147   0.0184   0.0221   0.0257   0.0294   0.0331   0.0368   0.0404   0.0441   0.0478   0.0515   0.0551   0.0588   0.0625   0.0662   0.0699   0.0735   0.0772   0.0809   0.0846   0.0882   0.0919   0.0956   0.0993   0.1029   0.1066   0.1103    0.114   0.1176   0.1213    0.125   0.1287   0.1324    0.136   0.1397   0.1434   0.1471   0.1507   0.1544   0.1581   0.1618   0.1654   0.1691   0.1728   0.1765   0.1801   0.1838   0.1875   0.1912   0.1949   0.1985   0.2022   0.2059   0.2096   0.2132   0.2169   0.2206   0.2243   0.2279   0.2316   0.2353    0.239   0.2426   0.2463     0.25   0.2537   0.2574    0.261   0.2647   0.2684   0.2721   0.2757   0.2794   0.2831   0.2868   0.2904   0.2941   0.2978   0.3015   0.3051   0.3088   0.3125   0.3162   0.3199   0.3235   0.3272   0.3309   0.3346   0.3382   0.3419   0.3456   0.3493   0.3529   0.3566   0.3603    0.364   0.3676   0.3713    0.375   0.3787   0.3824    0.386   0.3897   0.3934   0.3971   0.4007   0.4044   0.4081   0.4118   0.4154   0.4191   0.4228   0.4265   0.4301   0.4338   0.4375   0.4412   0.4449   0.4485   0.4522   0.4559   0.4596   0.4632   0.4669   0.4706   0.4743   0.4779   0.4816   0.4853    0.489   0.4926   0.4963
    S      0.0    0.297      1.0   0.1293   0.5121   0.2976   0.1057   0.1354   0.1334   0.1084   0.1578   0.1568   0.2198   0.2704   0.2127   0.0563   0.2028   0.5173   0.2524    0.345   0.0362   0.0479   0.1932   0.2272    0.186   0.1575   0.1011   0.2163   0.2919   0.2171   0.2948   0.3573   0.0332   0.0851   0.1931   0.3297   0.3962   0.2396    0.115   0.1717   0.2527   0.1016   0.3558   0.5625   0.1733   0.3482    0.221   0.1883   0.1392   0.1018   0.1775      0.1   0.2635   0.0164   0.1769   0.1568   0.2358   0.1166   0.1311    0.072   0.1184   0.0797   0.0292    0.102   0.0363   0.1844    0.233     0.11   0.2232   0.0622   0.0767     0.26   0.3069   0.2001   0.1704   0.1434   0.0536   0.0597   0.1499     0.13   0.1054   0.1693   0.0441   0.1318   0.0276   0.0673    0.141    0.073   0.0947   0.0714   0.1168   0.1264   0.0896   0.1775   0.1648   0.1682    0.135   0.2267   0.1716   0.1997   0.4102   0.4095   0.3223   0.1792   0.3108   0.1976   0.4033   0.0921   0.1084   0.1775   0.1225   0.0699   0.1256   0.1332   0.0497   0.0924   0.1851    0.211    0.082   0.1838    0.106    0.289   0.1239   0.1375   0.1976   0.2722   0.2555    0.211   0.0698   0.2559   0.3617   0.2097   0.3154   0.3279    0.331    0.651
  snr    -14.0
    H     4.71
 exon    False

M: eiip
 freq      0.0   0.0037   0.0074    0.011   0.0147   0.0184   0.0221   0.0257   0.0294   0.0331   0.0368   0.0404   0.0441   0.0478   0.0515   0.0551   0.0588   0.0625   0.0662   0.0699   0.0735   0.0772   0.0809   0.0846   0.0882   0.0919   0.0956   0.0993   0.1029   0.1066   0.1103    0.114   0.1176   0.1213    0.125   0.1287   0.1324    0.136   0.1397   0.1434   0.1471   0.1507   0.1544   0.1581   0.1618   0.1654   0.1691   0.1728   0.1765   0.1801   0.1838   0.1875   0.1912   0.1949   0.1985   0.2022   0.2059   0.2096   0.2132   0.2169   0.2206   0.2243   0.2279   0.2316   0.2353    0.239   0.2426   0.2463     0.25   0.2537   0.2574    0.261   0.2647   0.2684   0.2721   0.2757   0.2794   0.2831   0.2868   0.2904   0.2941   0.2978   0.3015   0.3051   0.3088   0.3125   0.3162   0.3199   0.3235   0.3272   0.3309   0.3346   0.3382   0.3419   0.3456   0.3493   0.3529   0.3566   0.3603    0.364   0.3676   0.3713    0.375   0.3787   0.3824    0.386   0.3897   0.3934   0.3971   0.4007   0.4044   0.4081   0.4118   0.4154   0.4191   0.4228   0.4265   0.4301   0.4338   0.4375   0.4412   0.4449   0.4485   0.4522   0.4559   0.4596   0.4632   0.4669   0.4706   0.4743   0.4779   0.4816   0.4853    0.489   0.4926   0.4963
    S      0.0   0.0862   0.2311   0.3074    0.232   0.5354   0.0292   0.1281   0.0657   0.1212   0.3292   0.1197   0.2851   0.4006   0.2146   0.1346   0.6691   0.2762   0.0364      1.0   0.0306   0.0282   0.2516   0.1795   0.1202   0.1208   0.1301   0.0388    0.003   0.5262   0.5621   0.5809    0.059   0.0384   0.0154   0.1357   0.0926   0.2947    0.095   0.4951   0.6307   0.0378   0.5332    0.276   0.5559   0.7777   0.0246   0.2856   0.2302   0.0405   0.2105    0.126   0.1367   0.0109   0.1072   0.4924    0.764   0.0403   0.1796   0.1492   0.0861    0.157   0.0189   0.2158   0.0489   0.1303   0.2277   0.0299   0.0053   0.1055   0.0827   0.1543   0.2375     0.17   0.1721   0.0072   0.0051   0.0332   0.0625   0.1168   0.1357    0.522   0.1655   0.0559   0.0275   0.1503   0.2606   0.1731     0.04    0.103   0.3822   0.1675   0.1279   0.0716   0.2941   0.4641   0.0742   0.1787   0.5638   0.1682   0.5272   0.0344   0.4031   0.5042   0.3348   0.0643   0.8988   0.3109   0.0981   0.0202   0.2488     0.07   0.1546    0.155   0.0112   0.0339   0.2225   0.2255   0.0064   0.0147    0.074   0.1911   0.2195   0.1049   0.0549   0.6394   0.1518   0.1127   0.0117   0.2377   0.0557   0.1359   0.3411   0.2436   0.3633   0.1062
  snr   -14.34
    H      4.5
 exon    False

M: qpsk
 freq      0.0   0.0037   0.0074    0.011   0.0147   0.0184   0.0221   0.0257   0.0294   0.0331   0.0368   0.0404   0.0441   0.0478   0.0515   0.0551   0.0588   0.0625   0.0662   0.0699   0.0735   0.0772   0.0809   0.0846   0.0882   0.0919   0.0956   0.0993   0.1029   0.1066   0.1103    0.114   0.1176   0.1213    0.125   0.1287   0.1324    0.136   0.1397   0.1434   0.1471   0.1507   0.1544   0.1581   0.1618   0.1654   0.1691   0.1728   0.1765   0.1801   0.1838   0.1875   0.1912   0.1949   0.1985   0.2022   0.2059   0.2096   0.2132   0.2169   0.2206   0.2243   0.2279   0.2316   0.2353    0.239   0.2426   0.2463     0.25   0.2537   0.2574    0.261   0.2647   0.2684   0.2721   0.2757   0.2794   0.2831   0.2868   0.2904   0.2941   0.2978   0.3015   0.3051   0.3088   0.3125   0.3162   0.3199   0.3235   0.3272   0.3309   0.3346   0.3382   0.3419   0.3456   0.3493   0.3529   0.3566   0.3603    0.364   0.3676   0.3713    0.375   0.3787   0.3824    0.386   0.3897   0.3934   0.3971   0.4007   0.4044   0.4081   0.4118   0.4154   0.4191   0.4228   0.4265   0.4301   0.4338   0.4375   0.4412   0.4449   0.4485   0.4522   0.4559   0.4596   0.4632   0.4669   0.4706   0.4743   0.4779   0.4816   0.4853    0.489   0.4926   0.4963
    S      0.0   0.4757   0.9378   0.2304   0.6543   0.5514   0.1036    0.213   0.1484   0.1812   0.0817   0.2687   0.3587   0.4838   0.2456    0.078   0.2536      1.0   0.2918   0.4094   0.0309   0.0614   0.1457   0.0292   0.2325   0.1522   0.1527   0.2094   0.1734    0.176   0.5344   0.5361   0.0369   0.0989   0.2789    0.414   0.2567   0.4214   0.1677   0.2821   0.2292   0.0965   0.5468   0.5247   0.2097   0.6623   0.0878    0.338    0.061   0.0679   0.3225   0.1674   0.2794   0.0182   0.2646   0.2027   0.2925   0.1877   0.2402   0.1358   0.0669   0.0793   0.0556   0.0531   0.0538   0.3417   0.3055    0.192   0.2925   0.0371   0.0997   0.3362   0.2888   0.3454   0.0822   0.1239    0.084   0.1144   0.1591   0.2498   0.1097   0.2726   0.0456   0.1444    0.052   0.1137   0.2456   0.1089   0.0556   0.1375   0.2249   0.2153   0.1305   0.1889   0.2367   0.2107   0.2455   0.1109   0.2277   0.2365   0.7765   0.5669   0.5209   0.2588    0.356   0.3315   0.6874   0.1531   0.1401    0.146   0.1675   0.1271   0.0334   0.2423   0.0697   0.0888   0.2767   0.1068   0.0485   0.3504   0.1478   0.4705   0.0962   0.1594   0.1423   0.3916   0.3444   0.1578   0.1052   0.4857    0.455   0.2804   0.5066   0.4064   0.3876   0.7143
  snr   -15.14
    H     4.66
 exon    False

M: mem
 freq      0.0   0.0037   0.0074    0.011   0.0147   0.0184   0.0221   0.0257   0.0294   0.0331   0.0368   0.0404   0.0441   0.0478   0.0515   0.0551   0.0588   0.0625   0.0662   0.0699   0.0735   0.0772   0.0809   0.0846   0.0882   0.0919   0.0956   0.0993   0.1029   0.1066   0.1103    0.114   0.1176   0.1213    0.125   0.1287   0.1324    0.136   0.1397   0.1434   0.1471   0.1507   0.1544   0.1581   0.1618   0.1654   0.1691   0.1728   0.1765   0.1801   0.1838   0.1875   0.1912   0.1949   0.1985   0.2022   0.2059   0.2096   0.2132   0.2169   0.2206   0.2243   0.2279   0.2316   0.2353    0.239   0.2426   0.2463     0.25   0.2537   0.2574    0.261   0.2647   0.2684   0.2721   0.2757   0.2794   0.2831   0.2868   0.2904   0.2941   0.2978   0.3015   0.3051   0.3088   0.3125   0.3162   0.3199   0.3235   0.3272   0.3309   0.3346   0.3382   0.3419   0.3456   0.3493   0.3529   0.3566   0.3603    0.364   0.3676   0.3713    0.375   0.3787   0.3824    0.386   0.3897   0.3934   0.3971   0.4007   0.4044   0.4081   0.4118   0.4154   0.4191   0.4228   0.4265   0.4301   0.4338   0.4375   0.4412   0.4449   0.4485   0.4522   0.4559   0.4596   0.4632   0.4669   0.4706   0.4743   0.4779   0.4816   0.4853    0.489   0.4926   0.4963
    S      0.0   0.3634    0.397   0.0181   0.0456   0.2559   0.0605   0.1328   0.1234   0.0075   0.0349   0.1985    0.011   0.1975   0.1475   0.0507   0.0219      1.0   0.1456   0.1796   0.0342    0.036   0.0874   0.0424   0.1563   0.0243   0.0002   0.0135   0.0696   0.0363   0.0817   0.2755   0.0293   0.0215   0.2342   0.0347   0.1314   0.3222   0.1441   0.0305   0.0293   0.1374   0.0026   0.2713     0.06   0.0056   0.0188   0.1931   0.0513   0.0617   0.2648   0.0056    0.084   0.0081    0.231   0.0628   0.0205   0.0384   0.2076   0.0975   0.0268   0.0498    0.051   0.0182   0.0204   0.2469    0.002    0.204   0.1895   0.0225   0.0503   0.1983   0.3288   0.2619   0.0619   0.0414   0.0931   0.0897   0.1463   0.2262   0.1125   0.0646   0.0041   0.1067   0.0477   0.0641   0.1779   0.0288   0.0288   0.0335   0.0292   0.0832   0.1105    0.164   0.0212    0.094   0.1693   0.0481   0.0547    0.057   0.6079   0.2685   0.0497   0.1395   0.0756   0.1032   0.2032   0.0344   0.0421   0.0553   0.1218   0.0711   0.0121    0.026   0.0548    0.003   0.1155    0.062   0.0631   0.2503   0.0714   0.0709    0.057   0.0331   0.0864   0.1875   0.1673   0.0355   0.1023   0.2105   0.0776   0.0221   0.0495   0.0072   0.0456   0.1904
  snr   -11.35
    H     4.45
 exon    False

M: tbpse
 freq      0.0   0.0037   0.0074    0.011   0.0147   0.0184   0.0221   0.0257   0.0294   0.0331   0.0368   0.0404   0.0441   0.0478   0.0515   0.0551   0.0588   0.0625   0.0662   0.0699   0.0735   0.0772   0.0809   0.0846   0.0882   0.0919   0.0956   0.0993   0.1029   0.1066   0.1103    0.114   0.1176   0.1213    0.125   0.1287   0.1324    0.136   0.1397   0.1434   0.1471   0.1507   0.1544   0.1581   0.1618   0.1654   0.1691   0.1728   0.1765   0.1801   0.1838   0.1875   0.1912   0.1949   0.1985   0.2022   0.2059   0.2096   0.2132   0.2169   0.2206   0.2243   0.2279   0.2316   0.2353    0.239   0.2426   0.2463     0.25   0.2537   0.2574    0.261   0.2647   0.2684   0.2721   0.2757   0.2794   0.2831   0.2868   0.2904   0.2941   0.2978   0.3015   0.3051   0.3088   0.3125   0.3162   0.3199   0.3235   0.3272   0.3309   0.3346   0.3382   0.3419   0.3456   0.3493   0.3529   0.3566   0.3603    0.364   0.3676   0.3713    0.375   0.3787   0.3824    0.386   0.3897   0.3934   0.3971   0.4007   0.4044   0.4081   0.4118   0.4154   0.4191   0.4228   0.4265   0.4301   0.4338   0.4375   0.4412   0.4449   0.4485   0.4522   0.4559   0.4596   0.4632   0.4669   0.4706   0.4743   0.4779   0.4816   0.4853    0.489   0.4926   0.4963
    S      0.0   0.0491      1.0   0.3347   0.6477   0.7115   0.0128   0.1742   0.0115   0.1758   0.0947   0.2134   0.4452   0.5766    0.195   0.0796   0.4406     0.34   0.0252    0.542   0.0064   0.0645   0.1208   0.0313   0.2591   0.1008   0.1735   0.2206   0.1769   0.2179   0.6538   0.6921   0.0281   0.0439   0.1091   0.4057   0.0703   0.3211   0.1433   0.3654   0.3843   0.0015    0.684   0.0711   0.3432   0.9015   0.0552   0.3864    0.075   0.0499   0.1653   0.2041   0.1582   0.0076   0.0539   0.2719    0.444   0.1011    0.146   0.1324   0.0113   0.1024   0.0194   0.0674   0.0448   0.2026   0.3517   0.0677   0.0811   0.0277   0.0617   0.3923   0.0497   0.2458   0.0673   0.0664    0.019   0.0262   0.0911   0.1164   0.0709   0.3423   0.0871   0.0508   0.0337   0.1308   0.2383   0.1629   0.0051   0.0961   0.3504   0.1137   0.1125   0.1526   0.2413    0.261   0.1344   0.1029   0.3466   0.2308   0.6175   0.2349   0.6751   0.3216   0.2522   0.1243   0.7206   0.2273   0.1066   0.1629   0.1366   0.0437   0.0219   0.2236   0.0324   0.0858   0.2589   0.1017   0.0271   0.0285   0.1818   0.3784   0.0762   0.0972   0.1347   0.4072    0.319   0.1581   0.0124   0.2561   0.2863   0.3228   0.5874   0.4285   0.3641   0.1944
  snr   -14.46
    H     4.52
 exon    False

M: snrse
 freq      0.0   0.0037   0.0074    0.011   0.0147   0.0184   0.0221   0.0257   0.0294   0.0331   0.0368   0.0404   0.0441   0.0478   0.0515   0.0551   0.0588   0.0625   0.0662   0.0699   0.0735   0.0772   0.0809   0.0846   0.0882   0.0919   0.0956   0.0993   0.1029   0.1066   0.1103    0.114   0.1176   0.1213    0.125   0.1287   0.1324    0.136   0.1397   0.1434   0.1471   0.1507   0.1544   0.1581   0.1618   0.1654   0.1691   0.1728   0.1765   0.1801   0.1838   0.1875   0.1912   0.1949   0.1985   0.2022   0.2059   0.2096   0.2132   0.2169   0.2206   0.2243   0.2279   0.2316   0.2353    0.239   0.2426   0.2463     0.25   0.2537   0.2574    0.261   0.2647   0.2684   0.2721   0.2757   0.2794   0.2831   0.2868   0.2904   0.2941   0.2978   0.3015   0.3051   0.3088   0.3125   0.3162   0.3199   0.3235   0.3272   0.3309   0.3346   0.3382   0.3419   0.3456   0.3493   0.3529   0.3566   0.3603    0.364   0.3676   0.3713    0.375   0.3787   0.3824    0.386   0.3897   0.3934   0.3971   0.4007   0.4044   0.4081   0.4118   0.4154   0.4191   0.4228   0.4265   0.4301   0.4338   0.4375   0.4412   0.4449   0.4485   0.4522   0.4559   0.4596   0.4632   0.4669   0.4706   0.4743   0.4779   0.4816   0.4853    0.489   0.4926   0.4963
    S      0.0   0.0045      1.0   0.0457   0.3133    0.164   0.0346    0.092   0.0618   0.0328    0.062   0.1087   0.1018   0.1594   0.0951   0.0038   0.0449   0.1379   0.0575   0.0089    0.031   0.0462    0.085   0.2347   0.1889   0.0777   0.0392   0.1842   0.3269   0.0906   0.0769   0.2335   0.0089   0.0239   0.1329   0.2086   0.2591   0.1279    0.087    0.007   0.1252   0.1012   0.1483   0.1224    0.042   0.0887   0.2061   0.1037   0.0964   0.1128   0.0122   0.0455   0.0993   0.0037   0.0216   0.0259   0.0241   0.0261    0.013   0.0121   0.0444   0.0482   0.0092   0.0596   0.0178   0.0667   0.1246   0.0629   0.1074   0.0225   0.0428   0.2643   0.2048   0.0899   0.1586   0.1094   0.0402   0.0095   0.1169   0.0345   0.0733   0.0166   0.0044   0.0594   0.0109   0.0142   0.0565   0.0355   0.0554   0.0048   0.0161   0.0138    0.056   0.1896   0.0465   0.0037    0.059   0.2065   0.0385   0.1022   0.1416   0.1892     0.19   0.0206   0.0732   0.0201   0.1128   0.0021   0.0593   0.1933   0.0196   0.0095   0.0675   0.0317   0.0295   0.0678   0.1126   0.1887    0.103   0.0117   0.1017   0.0956   0.0232   0.0568    0.216   0.0058   0.2096   0.1856   0.0416   0.0137   0.1768   0.1466   0.1681    0.192   0.1165   0.1989
  snr   -10.69
    H     4.47
 exon    False