>data-XIV-cerevisiae-intergenic-246
N: 578
Methods: voss, eiip, qpsk, mem, alg1, alg2

M: voss
 freq      0.0   0.0017   0.0035   0.0052   0.0069   0.0087   0.0104   0.0121   0.0138   0.0156   0.0173    0.019   0.0208   0.0225   0.0242    0.026   0.0277   0.0294   0.0311   0.0329   0.0346   0.0363   0.0381   0.0398   0.0415   0.0433    0.045   0.0467   0.0484   0.0502   0.0519   0.0536   0.0554   0.0571   0.0588   0.0606   0.0623    0.064   0.0657   0.0675   0.0692   0.0709   0.0727   0.0744   0.0761   0.0779   0.0796   0.0813    0.083   0.0848   0.0865   0.0882     0.09   0.0917   0.0934   0.0952   0.0969   0.0986   0.1003   0.1021   0.1038   0.1055   0.1073    0.109   0.1107   0.1125   0.1142   0.1159   0.1176   0.1194   0.1211   0.1228   0.1246   0.1263    0.128   0.1298   0.1315   0.1332   0.1349   0.1367   0.1384   0.1401   0.1419   0.1436   0.1453   0.1471   0.1488   0.1505   0.1522    0.154   0.1557   0.1574   0.1592   0.1609   0.1626   0.1644   0.1661   0.1678   0.1696   0.1713    0.173   0.1747   0.1765   0.1782   0.1799   0.1817   0.1834   0.1851   0.1869   0.1886   0.1903    0.192   0.1938   0.1955   0.1972    0.199   0.2007   0.2024   0.2042   0.2059   0.2076   0.2093   0.2111   0.2128   0.2145   0.2163    0.218   0.2197   0.2215   0.2232   0.2249   0.2266   0.2284   0.2301   0.2318   0.2336   0.2353    0.237   0.2388   0.2405   0.2422   0.2439   0.2457   0.2474   0.2491   0.2509   0.2526   0.2543   0.2561   0.2578   0.2595   0.2612    0.263   0.2647   0.2664   0.2682   0.2699   0.2716   0.2734   0.2751   0.2768   0.2785   0.2803    0.282   0.2837   0.2855   0.2872   0.2889   0.2907   0.2924   0.2941   0.2958   0.2976   0.2993    0.301   0.3028   0.3045   0.3062    0.308   0.3097   0.3114   0.3131   0.3149   0.3166   0.3183   0.3201   0.3218   0.3235   0.3253    0.327   0.3287   0.3304   0.3322   0.3339   0.3356   0.3374   0.3391   0.3408   0.3426   0.3443    0.346   0.3478   0.3495   0.3512   0.3529   0.3547   0.3564   0.3581   0.3599   0.3616   0.3633   0.3651   0.3668   0.3685   0.3702    0.372   0.3737   0.3754   0.3772   0.3789   0.3806   0.3824   0.3841   0.3858   0.3875   0.3893    0.391   0.3927   0.3945   0.3962   0.3979   0.3997   0.4014   0.4031   0.4048   0.4066   0.4083     0.41   0.4118   0.4135   0.4152    0.417   0.4187   0.4204   0.4221   0.4239   0.4256   0.4273   0.4291   0.4308   0.4325   0.4343    0.436   0.4377   0.4394   0.4412   0.4429   0.4446   0.4464   0.4481   0.4498   0.4516   0.4533    0.455   0.4567   0.4585   0.4602   0.4619   0.4637   0.4654   0.4671   0.4689   0.4706   0.4723    0.474   0.4758   0.4775   0.4792    0.481   0.4827   0.4844   0.4862   0.4879   0.4896   0.4913   0.4931   0.4948   0.4965   0.4983
    S      0.0   0.5058   0.8022      1.0   0.2721   0.5994   0.4985   0.4328   0.4254   0.3451   0.6931   0.4213   0.2596   0.2808   0.5141   0.5504   0.1943   0.8865   0.2206   0.3786   0.1045   0.0329   0.4622   0.1782   0.2333   0.2837   0.1908    0.107   0.3416    0.248   0.6066   0.2845   0.0591   0.2451   0.4403   0.5356   0.1823   0.1666   0.1619   0.1304   0.1424   0.1271   0.1417   0.0552   0.2997   0.1621   0.2762   0.1263   0.1475   0.6281   0.1897   0.0799   0.2198   0.2176   0.1743   0.2881   0.4587   0.1066   0.1007   0.0945    0.106    0.325   0.2663   0.0959   0.2235   0.4461   0.1729   0.4158   0.1657    0.158    0.089   0.1565   0.1487    0.256   0.1132   0.2084   0.1012   0.1224   0.2063    0.289   0.2394   0.2425   0.0565   0.2728    0.254   0.0437   0.1172   0.1464   0.3734   0.0984   0.1156   0.1658   0.2183   0.3777   0.1057   0.3346   0.2044   0.1477   0.1937   0.1452   0.2735    0.378   0.4992   0.5773   0.0649   0.3671   0.1315   0.2456   0.1592   0.1977   0.1438   0.2017   0.1397   0.3131   0.1599   0.2525   0.2003   0.3862   0.1102   0.4922   0.3551   0.1591   0.2387   0.2469   0.1244   0.0849   0.2642    0.185   0.2838   0.1553   0.0887   0.0945   0.4239   0.2247   0.3812   0.4754   0.0474   0.2561   0.2671   0.2884   0.2168   0.1858   0.1194   0.3326   0.2045   0.1855   0.1399   0.1783    0.132   0.1339   0.4116    0.184   0.2693   0.0905   0.1731   0.1048   0.1276   0.2813   0.2165   0.4699    0.241   0.1884   0.4753    0.235   0.0706   0.0996   0.4492   0.0536   0.0906   0.3441   0.4413   0.2351   0.1704    0.281   0.1534   0.5457   0.0782   0.2046   0.0785   0.1418   0.0863   0.1642   0.1894   0.1475   0.0941   0.0596   0.1605   0.1104   0.3085   0.1789   0.2003   0.1671   0.1263   0.2273   0.1165   0.1598   0.3694   0.2576   0.2923   0.2235   0.1735   0.7715   0.4118   0.3765   0.1533   0.4981   0.1664   0.0886   0.3996   0.1158   0.1193   0.6153   0.4107   0.0918   0.4218   0.3281   0.1691   0.2074   0.1991   0.0461   0.1215   0.0721    0.196   0.1364   0.1219   0.1987   0.2404   0.3552    0.216   0.1387   0.3745   0.1376   0.3511   0.3657   0.1944     0.25   0.0971    0.669   0.3815   0.1504    0.035   0.1385   0.2075    0.196   0.1898   0.2088   0.2646   0.0926   0.2036   0.1418   0.1191   0.0976   0.1408   0.1047   0.0897   0.0877   0.1633   0.2756   0.0955   0.1001   0.3397   0.4258   0.1669    0.551   0.1649   0.5382   0.0401   0.1215   0.1769   0.1082   0.4418   0.1263   0.4019   0.2815   0.3166   0.1661   0.1261   0.0777   0.0598   0.1451   0.3922   0.2097   0.1527   0.0449    0.071   0.2016   0.2203   0.1642    0.164
  snr   -18.29
    H     5.48
 exon    False

M: eiip
 freq      0.0   0.0017   0.0035   0.0052   0.0069   0.0087   0.0104   0.0121   0.0138   0.0156   0.0173    0.019   0.0208   0.0225   0.0242    0.026   0.0277   0.0294   0.0311   0.0329   0.0346   0.0363   0.0381   0.0398   0.0415   0.0433    0.045   0.0467   0.0484   0.0502   0.0519   0.0536   0.0554   0.0571   0.0588   0.0606   0.0623    0.064   0.0657   0.0675   0.0692   0.0709   0.0727   0.0744   0.0761   0.0779   0.0796   0.0813    0.083   0.0848   0.0865   0.0882     0.09   0.0917   0.0934   0.0952   0.0969   0.0986   0.1003   0.1021   0.1038   0.1055   0.1073    0.109   0.1107   0.1125   0.1142   0.1159   0.1176   0.1194   0.1211   0.1228   0.1246   0.1263    0.128   0.1298   0.1315   0.1332   0.1349   0.1367   0.1384   0.1401   0.1419   0.1436   0.1453   0.1471   0.1488   0.1505   0.1522    0.154   0.1557   0.1574   0.1592   0.1609   0.1626   0.1644   0.1661   0.1678   0.1696   0.1713    0.173   0.1747   0.1765   0.1782   0.1799   0.1817   0.1834   0.1851   0.1869   0.1886   0.1903    0.192   0.1938   0.1955   0.1972    0.199   0.2007   0.2024   0.2042   0.2059   0.2076   0.2093   0.2111   0.2128   0.2145   0.2163    0.218   0.2197   0.2215   0.2232   0.2249   0.2266   0.2284   0.2301   0.2318   0.2336   0.2353    0.237   0.2388   0.2405   0.2422   0.2439   0.2457   0.2474   0.2491   0.2509   0.2526   0.2543   0.2561   0.2578   0.2595   0.2612    0.263   0.2647   0.2664   0.2682   0.2699   0.2716   0.2734   0.2751   0.2768   0.2785   0.2803    0.282   0.2837   0.2855   0.2872   0.2889   0.2907   0.2924   0.2941   0.2958   0.2976   0.2993    0.301   0.3028   0.3045   0.3062    0.308   0.3097   0.3114   0.3131   0.3149   0.3166   0.3183   0.3201   0.3218   0.3235   0.3253    0.327   0.3287   0.3304   0.3322   0.3339   0.3356   0.3374   0.3391   0.3408   0.3426   0.3443    0.346   0.3478   0.3495   0.3512   0.3529   0.3547   0.3564   0.3581   0.3599   0.3616   0.3633   0.3651   0.3668   0.3685   0.3702    0.372   0.3737   0.3754   0.3772   0.3789   0.3806   0.3824   0.3841   0.3858   0.3875   0.3893    0.391   0.3927   0.3945   0.3962   0.3979   0.3997   0.4014   0.4031   0.4048   0.4066   0.4083     0.41   0.4118   0.4135   0.4152    0.417   0.4187   0.4204   0.4221   0.4239   0.4256   0.4273   0.4291   0.4308   0.4325   0.4343    0.436   0.4377   0.4394   0.4412   0.4429   0.4446   0.4464   0.4481   0.4498   0.4516   0.4533    0.455   0.4567   0.4585   0.4602   0.4619   0.4637   0.4654   0.4671   0.4689   0.4706   0.4723    0.474   0.4758   0.4775   0.4792    0.481   0.4827   0.4844   0.4862   0.4879   0.4896   0.4913   0.4931   0.4948   0.4965   0.4983
    S      0.0    0.589    0.057   0.2703   0.3412   0.6892   0.0605    0.042   0.7823   0.3158   0.5963    0.001   0.2779   0.3749   0.1544   0.0213   0.1371   0.2947   0.0457   0.1188   0.0122   0.0141    0.375   0.0537   0.3723   0.5126   0.0924    0.057   0.2711   0.2607    0.028   0.4193    0.047   0.2828   0.7367   0.6002   0.0224   0.2775   0.0748   0.0305   0.0204   0.2071   0.1017   0.0084   0.4062   0.0042   0.3909   0.0508   0.1008   0.3458   0.3325   0.0241   0.1502   0.0914   0.2531   0.4986   0.0438   0.2009   0.2021   0.0414   0.0275   0.0439   0.0813    0.044   0.0779   0.1525   0.0977   0.0365   0.1476    0.015   0.1711   0.0119   0.0566    0.456   0.1432   0.2053   0.1708   0.0029   0.3505   0.1885   0.3277   0.2707   0.0233   0.5826   0.3308   0.0035   0.0662   0.1885   0.0691   0.0658   0.1367   0.0493   0.0546   0.0292   0.2058    0.064   0.1424   0.0326   0.1588   0.3171   0.0084   0.0652   0.1347   0.2135    0.071     0.08   0.0575   0.1367   0.0375   0.2251   0.1564   0.0327   0.2443   0.0566   0.1857     0.12    0.157   0.3482   0.1629    0.225    0.301   0.0172   0.3597   0.3502   0.1528   0.0265   0.3563   0.0095    0.024   0.0818   0.2145   0.1625   0.0039    0.274   0.0685   0.0052   0.0374   0.0768   0.1167   0.0886    0.275   0.3076   0.0151   0.1855   0.1207   0.2919   0.0239   0.3982   0.1312   0.1793   0.0707   0.2264    0.251   0.0524   0.1496   0.0034     0.04   0.3634   0.1131   0.1752   0.2667   0.1665   0.0531    0.124   0.1492   0.1319   0.0271   0.0468   0.0719   0.2121   0.0637   0.3887   0.0111    0.034   0.2396   0.3846   0.0512   0.0411   0.0559   0.0415   0.1827   0.0452   0.0421   0.0103    0.217   0.0456   0.2185    0.034   0.2143   0.1192   0.0111   0.0505   0.0059   0.2302   0.1082   0.2536   0.2269   0.6986   0.2081    0.252   0.0346   0.2824   0.2293   0.5005     0.07   0.3548   0.3813   0.0041   0.0445   0.0206   0.2179    0.007   0.4618   0.0462   0.6129   0.1024   0.0031   0.0638    0.414   0.0029   0.1912   0.0253   0.0084   0.1617   0.0659   0.1475   0.3245   0.2111   0.3043   0.0426   0.2185   0.1918   0.1226   0.3442   0.0191    0.047   0.0354   0.5925   0.1053   0.2099   0.0296   0.0227   0.0482   0.1957   0.4461   0.3576   0.5586   0.0458   0.2784   0.0068   0.0346   0.0617   0.1887   0.0079   0.0098   0.0423      0.4   0.0007   0.0778   0.2298   0.5597   0.3214   0.0187      1.0   0.0995   0.2528   0.0426   0.0982    0.017   0.0948   0.1314   0.0021    0.186    0.223    0.246   0.2378   0.0454    0.122   0.0262   0.0686    0.684   0.1532   0.0699   0.0226   0.1101    0.234   0.2626   0.1004   0.1336
  snr   -16.83
    H     5.23
 exon    False

M: qpsk
 freq      0.0   0.0017   0.0035   0.0052   0.0069   0.0087   0.0104   0.0121   0.0138   0.0156   0.0173    0.019   0.0208   0.0225   0.0242    0.026   0.0277   0.0294   0.0311   0.0329   0.0346   0.0363   0.0381   0.0398   0.0415   0.0433    0.045   0.0467   0.0484   0.0502   0.0519   0.0536   0.0554   0.0571   0.0588   0.0606   0.0623    0.064   0.0657   0.0675   0.0692   0.0709   0.0727   0.0744   0.0761   0.0779   0.0796   0.0813    0.083   0.0848   0.0865   0.0882     0.09   0.0917   0.0934   0.0952   0.0969   0.0986   0.1003   0.1021   0.1038   0.1055   0.1073    0.109   0.1107   0.1125   0.1142   0.1159   0.1176   0.1194   0.1211   0.1228   0.1246   0.1263    0.128   0.1298   0.1315   0.1332   0.1349   0.1367   0.1384   0.1401   0.1419   0.1436   0.1453   0.1471   0.1488   0.1505   0.1522    0.154   0.1557   0.1574   0.1592   0.1609   0.1626   0.1644   0.1661   0.1678   0.1696   0.1713    0.173   0.1747   0.1765   0.1782   0.1799   0.1817   0.1834   0.1851   0.1869   0.1886   0.1903    0.192   0.1938   0.1955   0.1972    0.199   0.2007   0.2024   0.2042   0.2059   0.2076   0.2093   0.2111   0.2128   0.2145   0.2163    0.218   0.2197   0.2215   0.2232   0.2249   0.2266   0.2284   0.2301   0.2318   0.2336   0.2353    0.237   0.2388   0.2405   0.2422   0.2439   0.2457   0.2474   0.2491   0.2509   0.2526   0.2543   0.2561   0.2578   0.2595   0.2612    0.263   0.2647   0.2664   0.2682   0.2699   0.2716   0.2734   0.2751   0.2768   0.2785   0.2803    0.282   0.2837   0.2855   0.2872   0.2889   0.2907   0.2924   0.2941   0.2958   0.2976   0.2993    0.301   0.3028   0.3045   0.3062    0.308   0.3097   0.3114   0.3131   0.3149   0.3166   0.3183   0.3201   0.3218   0.3235   0.3253    0.327   0.3287   0.3304   0.3322   0.3339   0.3356   0.3374   0.3391   0.3408   0.3426   0.3443    0.346   0.3478   0.3495   0.3512   0.3529   0.3547   0.3564   0.3581   0.3599   0.3616   0.3633   0.3651   0.3668   0.3685   0.3702    0.372   0.3737   0.3754   0.3772   0.3789   0.3806   0.3824   0.3841   0.3858   0.3875   0.3893    0.391   0.3927   0.3945   0.3962   0.3979   0.3997   0.4014   0.4031   0.4048   0.4066   0.4083     0.41   0.4118   0.4135   0.4152    0.417   0.4187   0.4204   0.4221   0.4239   0.4256   0.4273   0.4291   0.4308   0.4325   0.4343    0.436   0.4377   0.4394   0.4412   0.4429   0.4446   0.4464   0.4481   0.4498   0.4516   0.4533    0.455   0.4567   0.4585   0.4602   0.4619   0.4637   0.4654   0.4671   0.4689   0.4706   0.4723    0.474   0.4758   0.4775   0.4792    0.481   0.4827   0.4844   0.4862   0.4879   0.4896   0.4913   0.4931   0.4948   0.4965   0.4983
    S      0.0    0.298   0.4782      1.0   0.4102     0.84   0.3949   0.3638   0.6445   0.4597   0.5533   0.2403   0.2885     0.14   0.4634   0.5805   0.2445   0.8831   0.1883   0.2851   0.1399   0.0105   0.6906   0.2635     0.18   0.3971   0.2392   0.1187   0.3817   0.1935   0.2965   0.4109   0.0842   0.3321   0.3597   0.7332   0.2214   0.0993   0.1459   0.1125   0.0426   0.1477   0.1728   0.0357   0.4568   0.1691   0.1331   0.0725   0.1841   0.7586   0.1225   0.0626   0.3293   0.2791   0.2415   0.3033   0.2724   0.0682   0.1003   0.1234   0.0328     0.15   0.2068   0.1399   0.3275   0.5838   0.1792   0.4461   0.1907   0.1665   0.0877   0.1114   0.0292   0.1787   0.0337   0.2732   0.0233   0.1587   0.3131   0.3553   0.1471   0.2916   0.0442   0.2809   0.3854   0.0646   0.1062   0.1832   0.4014   0.0688   0.1671   0.0946    0.324   0.5252   0.0654   0.4271    0.276   0.2048   0.2096   0.0873   0.3732   0.1074   0.3647   0.5674   0.0944   0.3951   0.1146   0.3032   0.1209    0.224   0.0876   0.2138   0.1454   0.3931   0.2212   0.2523     0.07   0.5432   0.0636   0.0855   0.5408   0.0916   0.0373   0.1606   0.1792   0.1098   0.3943   0.0675   0.2818   0.1482   0.1088   0.1388   0.4839   0.1925     0.08   0.6578    0.062   0.3766   0.3485   0.0977   0.1332   0.1576   0.1173   0.4076   0.2423   0.2745   0.1267   0.1253   0.1966   0.1689    0.313   0.1709   0.0798   0.0705   0.0669   0.1216   0.1617   0.4126   0.0194    0.482    0.173   0.1289   0.5344   0.3414   0.0945   0.1359   0.4762   0.0667   0.0907   0.2735   0.1462   0.2559   0.1286   0.2085   0.1887   0.5714   0.1075   0.2072   0.0624   0.1188   0.0686    0.232   0.2084   0.1615   0.1299   0.0173   0.1671   0.1595   0.4476   0.2139    0.295   0.0732   0.0666   0.2669   0.1234   0.2327   0.4538   0.2987   0.2078   0.1175   0.2503   0.5966   0.5432   0.3728   0.1853   0.5728    0.237   0.1049   0.1912   0.1705   0.1615   0.5051   0.5978    0.062    0.607   0.3223   0.2064    0.312   0.0841   0.0578   0.1493   0.0924   0.1256   0.1815   0.1355   0.2667   0.3515   0.5184   0.3134   0.2116   0.3223   0.1822   0.2676   0.4812   0.1756   0.2612   0.1245   0.6023   0.3885   0.2144   0.0469   0.1883   0.1747   0.0164   0.2577   0.2305   0.2566   0.1024    0.179   0.1764   0.0123   0.1341    0.158   0.1009   0.1056   0.0886   0.2105   0.3274   0.1188    0.114   0.3892    0.064   0.1479   0.7743   0.1066    0.301   0.0444   0.1615   0.1523   0.0519   0.4848   0.1831   0.3298   0.4231     0.36   0.2266   0.1596   0.1095   0.0511   0.1775   0.5951   0.2415   0.0793   0.0617    0.041   0.1365   0.0368    0.209   0.0735
  snr    -18.3
    H     5.42
 exon    False

M: mem
 freq      0.0   0.0017   0.0035   0.0052   0.0069   0.0087   0.0104   0.0121   0.0138   0.0156   0.0173    0.019   0.0208   0.0225   0.0242    0.026   0.0277   0.0294   0.0311   0.0329   0.0346   0.0363   0.0381   0.0398   0.0415   0.0433    0.045   0.0467   0.0484   0.0502   0.0519   0.0536   0.0554   0.0571   0.0588   0.0606   0.0623    0.064   0.0657   0.0675   0.0692   0.0709   0.0727   0.0744   0.0761   0.0779   0.0796   0.0813    0.083   0.0848   0.0865   0.0882     0.09   0.0917   0.0934   0.0952   0.0969   0.0986   0.1003   0.1021   0.1038   0.1055   0.1073    0.109   0.1107   0.1125   0.1142   0.1159   0.1176   0.1194   0.1211   0.1228   0.1246   0.1263    0.128   0.1298   0.1315   0.1332   0.1349   0.1367   0.1384   0.1401   0.1419   0.1436   0.1453   0.1471   0.1488   0.1505   0.1522    0.154   0.1557   0.1574   0.1592   0.1609   0.1626   0.1644   0.1661   0.1678   0.1696   0.1713    0.173   0.1747   0.1765   0.1782   0.1799   0.1817   0.1834   0.1851   0.1869   0.1886   0.1903    0.192   0.1938   0.1955   0.1972    0.199   0.2007   0.2024   0.2042   0.2059   0.2076   0.2093   0.2111   0.2128   0.2145   0.2163    0.218   0.2197   0.2215   0.2232   0.2249   0.2266   0.2284   0.2301   0.2318   0.2336   0.2353    0.237   0.2388   0.2405   0.2422   0.2439   0.2457   0.2474   0.2491   0.2509   0.2526   0.2543   0.2561   0.2578   0.2595   0.2612    0.263   0.2647   0.2664   0.2682   0.2699   0.2716   0.2734   0.2751   0.2768   0.2785   0.2803    0.282   0.2837   0.2855   0.2872   0.2889   0.2907   0.2924   0.2941   0.2958   0.2976   0.2993    0.301   0.3028   0.3045   0.3062    0.308   0.3097   0.3114   0.3131   0.3149   0.3166   0.3183   0.3201   0.3218   0.3235   0.3253    0.327   0.3287   0.3304   0.3322   0.3339   0.3356   0.3374   0.3391   0.3408   0.3426   0.3443    0.346   0.3478   0.3495   0.3512   0.3529   0.3547   0.3564   0.3581   0.3599   0.3616   0.3633   0.3651   0.3668   0.3685   0.3702    0.372   0.3737   0.3754   0.3772   0.3789   0.3806   0.3824   0.3841   0.3858   0.3875   0.3893    0.391   0.3927   0.3945   0.3962   0.3979   0.3997   0.4014   0.4031   0.4048   0.4066   0.4083     0.41   0.4118   0.4135   0.4152    0.417   0.4187   0.4204   0.4221   0.4239   0.4256   0.4273   0.4291   0.4308   0.4325   0.4343    0.436   0.4377   0.4394   0.4412   0.4429   0.4446   0.4464   0.4481   0.4498   0.4516   0.4533    0.455   0.4567   0.4585   0.4602   0.4619   0.4637   0.4654   0.4671   0.4689   0.4706   0.4723    0.474   0.4758   0.4775   0.4792    0.481   0.4827   0.4844   0.4862   0.4879   0.4896   0.4913   0.4931   0.4948   0.4965   0.4983
    S      0.0   0.5917   0.0583   0.2677   0.3388   0.6857   0.0606    0.043   0.7833   0.3139    0.598    0.001   0.2769   0.3764   0.1526   0.0207    0.136   0.2912   0.0451   0.1181   0.0123    0.014   0.3712   0.0528   0.3746   0.5109   0.0913   0.0568   0.2707    0.263   0.0285    0.419   0.0466   0.2807   0.7386   0.6005   0.0228   0.2774   0.0743   0.0303   0.0206   0.2067   0.1013   0.0084   0.4051   0.0044   0.3932   0.0506      0.1   0.3443   0.3328   0.0246   0.1498   0.0906   0.2533   0.4978   0.0445   0.2016   0.2026   0.0421   0.0277   0.0443   0.0813   0.0435   0.0767   0.1537   0.0973   0.0365   0.1471   0.0149   0.1706   0.0116   0.0573   0.4576    0.144   0.2062   0.1714   0.0031   0.3503    0.189   0.3275   0.2699   0.0231   0.5812    0.331   0.0036   0.0659   0.1895   0.0694   0.0656   0.1367   0.0491   0.0541     0.03   0.2057   0.0647   0.1427   0.0333   0.1584   0.3181   0.0089   0.0655   0.1341   0.2132   0.0709   0.0814   0.0572   0.1375   0.0379   0.2267    0.157    0.033   0.2451   0.0564   0.1856   0.1203   0.1585   0.3485   0.1638   0.2274   0.3014   0.0173    0.361   0.3516   0.1522   0.0262   0.3563   0.0098    0.024   0.0812   0.2146   0.1616   0.0042   0.2765   0.0689   0.0047   0.0372   0.0762   0.1152   0.0896   0.2767   0.3067   0.0153   0.1872   0.1195   0.2911   0.0236   0.3995   0.1318   0.1786     0.07   0.2266    0.253   0.0523   0.1508   0.0035   0.0409   0.3609   0.1139   0.1732   0.2664   0.1662   0.0534   0.1251   0.1495   0.1312   0.0276    0.047   0.0719   0.2143   0.0644   0.3878   0.0112   0.0345   0.2404   0.3848   0.0508   0.0419   0.0563   0.0412    0.183   0.0461   0.0414   0.0106   0.2167   0.0459   0.2193   0.0342   0.2142   0.1184    0.011   0.0512    0.006   0.2321   0.1079   0.2531   0.2288   0.6989   0.2096   0.2535   0.0339    0.284   0.2264   0.5013   0.0691   0.3529   0.3811   0.0042   0.0442     0.02   0.2186   0.0074   0.4604   0.0464   0.6142   0.1014   0.0033   0.0648   0.4148   0.0029   0.1913   0.0249   0.0082   0.1614   0.0655   0.1478   0.3228   0.2101   0.3034   0.0428     0.22   0.1915   0.1218   0.3438   0.0198   0.0467   0.0348   0.5974   0.1044   0.2097   0.0295   0.0221    0.049   0.1963    0.446   0.3567   0.5592   0.0458   0.2797   0.0065   0.0349    0.061   0.1878   0.0079   0.0096   0.0421   0.4005   0.0007   0.0776   0.2301   0.5632   0.3224   0.0193      1.0   0.1005   0.2562   0.0424   0.0979   0.0165   0.0947   0.1306    0.002   0.1848   0.2245   0.2481   0.2373   0.0448   0.1213    0.026   0.0696   0.6814   0.1533   0.0708   0.0226   0.1108   0.2353   0.2641   0.0995   0.1345
  snr   -16.83
    H     5.23
 exon    False

M: alg1
 freq      0.0   0.0017   0.0035   0.0052   0.0069   0.0087   0.0104   0.0121   0.0138   0.0156   0.0173    0.019   0.0208   0.0225   0.0242    0.026   0.0277   0.0294   0.0311   0.0329   0.0346   0.0363   0.0381   0.0398   0.0415   0.0433    0.045   0.0467   0.0484   0.0502   0.0519   0.0536   0.0554   0.0571   0.0588   0.0606   0.0623    0.064   0.0657   0.0675   0.0692   0.0709   0.0727   0.0744   0.0761   0.0779   0.0796   0.0813    0.083   0.0848   0.0865   0.0882     0.09   0.0917   0.0934   0.0952   0.0969   0.0986   0.1003   0.1021   0.1038   0.1055   0.1073    0.109   0.1107   0.1125   0.1142   0.1159   0.1176   0.1194   0.1211   0.1228   0.1246   0.1263    0.128   0.1298   0.1315   0.1332   0.1349   0.1367   0.1384   0.1401   0.1419   0.1436   0.1453   0.1471   0.1488   0.1505   0.1522    0.154   0.1557   0.1574   0.1592   0.1609   0.1626   0.1644   0.1661   0.1678   0.1696   0.1713    0.173   0.1747   0.1765   0.1782   0.1799   0.1817   0.1834   0.1851   0.1869   0.1886   0.1903    0.192   0.1938   0.1955   0.1972    0.199   0.2007   0.2024   0.2042   0.2059   0.2076   0.2093   0.2111   0.2128   0.2145   0.2163    0.218   0.2197   0.2215   0.2232   0.2249   0.2266   0.2284   0.2301   0.2318   0.2336   0.2353    0.237   0.2388   0.2405   0.2422   0.2439   0.2457   0.2474   0.2491   0.2509   0.2526   0.2543   0.2561   0.2578   0.2595   0.2612    0.263   0.2647   0.2664   0.2682   0.2699   0.2716   0.2734   0.2751   0.2768   0.2785   0.2803    0.282   0.2837   0.2855   0.2872   0.2889   0.2907   0.2924   0.2941   0.2958   0.2976   0.2993    0.301   0.3028   0.3045   0.3062    0.308   0.3097   0.3114   0.3131   0.3149   0.3166   0.3183   0.3201   0.3218   0.3235   0.3253    0.327   0.3287   0.3304   0.3322   0.3339   0.3356   0.3374   0.3391   0.3408   0.3426   0.3443    0.346   0.3478   0.3495   0.3512   0.3529   0.3547   0.3564   0.3581   0.3599   0.3616   0.3633   0.3651   0.3668   0.3685   0.3702    0.372   0.3737   0.3754   0.3772   0.3789   0.3806   0.3824   0.3841   0.3858   0.3875   0.3893    0.391   0.3927   0.3945   0.3962   0.3979   0.3997   0.4014   0.4031   0.4048   0.4066   0.4083     0.41   0.4118   0.4135   0.4152    0.417   0.4187   0.4204   0.4221   0.4239   0.4256   0.4273   0.4291   0.4308   0.4325   0.4343    0.436   0.4377   0.4394   0.4412   0.4429   0.4446   0.4464   0.4481   0.4498   0.4516   0.4533    0.455   0.4567   0.4585   0.4602   0.4619   0.4637   0.4654   0.4671   0.4689   0.4706   0.4723    0.474   0.4758   0.4775   0.4792    0.481   0.4827   0.4844   0.4862   0.4879   0.4896   0.4913   0.4931   0.4948   0.4965   0.4983
    S      0.0   0.3175   0.7935      1.0   0.0475   0.2589   0.3644   0.3246   0.1065   0.1538   0.3511   0.5598   0.0948   0.1531   0.4715   0.2659   0.0785   0.7647   0.2341   0.3902   0.0882   0.0436   0.0861   0.0416   0.0826    0.035   0.1172   0.0403   0.3232   0.0865   0.8347   0.0478   0.0213   0.0647   0.1366    0.307   0.1728   0.1029   0.1071   0.1576   0.1802   0.0649   0.1225   0.0781   0.0634   0.1574   0.1567   0.1382   0.0718   0.1944   0.0934   0.0388   0.1028   0.0762   0.0934   0.1329   0.5138   0.0511    0.024   0.0376   0.1261   0.4415   0.3174   0.0423   0.0573   0.4344   0.1745   0.3618   0.1111   0.1595   0.0303    0.158   0.1733   0.1108   0.0774   0.1199   0.0711   0.0813    0.066   0.1855   0.1594    0.121   0.0451   0.0692   0.1026   0.0206   0.0839   0.0576    0.449   0.1069   0.0309   0.2157   0.0652   0.1949     0.06   0.1059   0.0463   0.0605   0.1443   0.0485   0.1636   0.5682    0.414   0.4594   0.0345   0.3108   0.0873   0.1298   0.1637   0.0937     0.12   0.2435    0.026    0.284   0.0951   0.1469   0.1573   0.2917   0.0624   0.5256   0.1529   0.1469   0.1959   0.1571   0.0556   0.0424   0.1307   0.2148   0.1855   0.1384   0.0056    0.007   0.2144   0.0632   0.5675   0.3001   0.0111   0.0929   0.1422   0.2763   0.0945   0.0918    0.145   0.2299   0.1391    0.068   0.1534   0.0525   0.0839   0.0491   0.5112   0.1388   0.2032   0.1042   0.1305   0.0473   0.0367   0.0461   0.2695   0.4054   0.1461   0.1403   0.4684   0.1808   0.0065   0.0292   0.1886   0.0331    0.091   0.2207   0.5692   0.1165   0.1562   0.2215     0.07   0.5497   0.0312   0.1213   0.0666   0.1683   0.0366   0.0594   0.1642   0.1285   0.0115   0.0504   0.0448   0.0625   0.1233   0.1298   0.0592   0.1648     0.17   0.0771   0.0679   0.0676    0.103   0.0096   0.1775   0.1677   0.0782   0.9167   0.1584   0.2568   0.0729   0.4135     0.01    0.095   0.5362   0.0386   0.0334   0.4044   0.1572   0.1052   0.1397   0.3195   0.0969   0.1335   0.1023    0.046   0.0656   0.0474   0.2575   0.0248   0.0727    0.178   0.0413   0.1793   0.0988   0.0555   0.2474   0.0678   0.2861   0.2284   0.1121   0.2644   0.0457   0.2399   0.2775   0.0383     0.02   0.0588   0.1827   0.2244   0.0264   0.0933   0.0681   0.0775   0.1235   0.0894   0.1696   0.0314   0.0526   0.1345   0.0822   0.0518    0.008   0.1058    0.077   0.0227   0.0593   0.5159    0.107   0.2093   0.0997   0.4198   0.0198   0.0749   0.1496   0.1144   0.1907   0.0388   0.4359   0.1786   0.1973   0.0614   0.0452   0.0091   0.0449   0.0585   0.0494   0.1277   0.1234   0.0117    0.029   0.1018   0.1788   0.0974   0.1529
  snr   -16.53
    H      5.3
 exon    False

M: alg2
 freq      0.0   0.0017   0.0035   0.0052   0.0069   0.0087   0.0104   0.0121   0.0138   0.0156   0.0173    0.019   0.0208   0.0225   0.0242    0.026   0.0277   0.0294   0.0311   0.0329   0.0346   0.0363   0.0381   0.0398   0.0415   0.0433    0.045   0.0467   0.0484   0.0502   0.0519   0.0536   0.0554   0.0571   0.0588   0.0606   0.0623    0.064   0.0657   0.0675   0.0692   0.0709   0.0727   0.0744   0.0761   0.0779   0.0796   0.0813    0.083   0.0848   0.0865   0.0882     0.09   0.0917   0.0934   0.0952   0.0969   0.0986   0.1003   0.1021   0.1038   0.1055   0.1073    0.109   0.1107   0.1125   0.1142   0.1159   0.1176   0.1194   0.1211   0.1228   0.1246   0.1263    0.128   0.1298   0.1315   0.1332   0.1349   0.1367   0.1384   0.1401   0.1419   0.1436   0.1453   0.1471   0.1488   0.1505   0.1522    0.154   0.1557   0.1574   0.1592   0.1609   0.1626   0.1644   0.1661   0.1678   0.1696   0.1713    0.173   0.1747   0.1765   0.1782   0.1799   0.1817   0.1834   0.1851   0.1869   0.1886   0.1903    0.192   0.1938   0.1955   0.1972    0.199   0.2007   0.2024   0.2042   0.2059   0.2076   0.2093   0.2111   0.2128   0.2145   0.2163    0.218   0.2197   0.2215   0.2232   0.2249   0.2266   0.2284   0.2301   0.2318   0.2336   0.2353    0.237   0.2388   0.2405   0.2422   0.2439   0.2457   0.2474   0.2491   0.2509   0.2526   0.2543   0.2561   0.2578   0.2595   0.2612    0.263   0.2647   0.2664   0.2682   0.2699   0.2716   0.2734   0.2751   0.2768   0.2785   0.2803    0.282   0.2837   0.2855   0.2872   0.2889   0.2907   0.2924   0.2941   0.2958   0.2976   0.2993    0.301   0.3028   0.3045   0.3062    0.308   0.3097   0.3114   0.3131   0.3149   0.3166   0.3183   0.3201   0.3218   0.3235   0.3253    0.327   0.3287   0.3304   0.3322   0.3339   0.3356   0.3374   0.3391   0.3408   0.3426   0.3443    0.346   0.3478   0.3495   0.3512   0.3529   0.3547   0.3564   0.3581   0.3599   0.3616   0.3633   0.3651   0.3668   0.3685   0.3702    0.372   0.3737   0.3754   0.3772   0.3789   0.3806   0.3824   0.3841   0.3858   0.3875   0.3893    0.391   0.3927   0.3945   0.3962   0.3979   0.3997   0.4014   0.4031   0.4048   0.4066   0.4083     0.41   0.4118   0.4135   0.4152    0.417   0.4187   0.4204   0.4221   0.4239   0.4256   0.4273   0.4291   0.4308   0.4325   0.4343    0.436   0.4377   0.4394   0.4412   0.4429   0.4446   0.4464   0.4481   0.4498   0.4516   0.4533    0.455   0.4567   0.4585   0.4602   0.4619   0.4637   0.4654   0.4671   0.4689   0.4706   0.4723    0.474   0.4758   0.4775   0.4792    0.481   0.4827   0.4844   0.4862   0.4879   0.4896   0.4913   0.4931   0.4948   0.4965   0.4983
    S      0.0   0.2047   0.6124      1.0   0.1144   0.4894   0.3312   0.2394   0.2011   0.2635    0.274   0.4117   0.1086   0.0461   0.5219   0.2458   0.1191   0.9073   0.1205   0.3825   0.0454   0.0209   0.0605     0.03   0.0286   0.0442   0.1361   0.0278   0.3463   0.0177   0.5077   0.0483   0.0067    0.016   0.0104   0.4108    0.096   0.0102   0.0514   0.1513   0.1278   0.0566   0.1496   0.0549   0.1147   0.0757    0.042   0.0805   0.1102   0.1746   0.0485   0.0186   0.0811   0.0955   0.1036     0.14   0.3848    0.021   0.0037   0.0078    0.088   0.3126   0.1302   0.0102   0.0556   0.3102   0.1624   0.2758   0.1481   0.0539   0.0009   0.1422   0.0952    0.016   0.0213   0.0647    0.017   0.0257   0.1198    0.195   0.0246   0.1815   0.0233   0.0063    0.143   0.0029   0.0915    0.025   0.2879    0.038   0.0457   0.0832   0.0383   0.0381   0.0103   0.0594   0.0121   0.0104   0.0421   0.0086   0.0518   0.3192    0.385   0.4788   0.0401   0.1407   0.0736   0.1154   0.0761   0.0508   0.0842   0.1498   0.0188   0.1094   0.1328   0.0288   0.0707   0.3205   0.0226   0.2692   0.1237   0.1208   0.0554   0.0439   0.0677   0.0476   0.1753   0.1531   0.0929   0.0514    0.011   0.0213   0.1349   0.0061   0.3114   0.0858   0.0043   0.0672    0.034   0.1775   0.0321     0.02   0.0925   0.1671   0.1642   0.1391   0.1415   0.0124   0.0837   0.0837   0.4118   0.1341   0.0727   0.0786   0.0457   0.0323   0.0041   0.0898   0.1285    0.319   0.0836   0.1008   0.3292   0.1239   0.0145   0.0214    0.131   0.0141   0.0703   0.1377   0.4039      0.1     0.09    0.186   0.0793   0.5356    0.047    0.044   0.0472   0.1293   0.0162   0.0141   0.1128    0.057   0.0333   0.0242   0.0393   0.0154   0.1358   0.1773   0.0117   0.1086   0.0992   0.0464   0.0863   0.1296   0.0528   0.0308   0.1265   0.0818   0.0372   0.5112    0.243   0.1316   0.0995   0.5305   0.0555    0.045   0.3483   0.0139   0.0348   0.3419   0.1243   0.0571   0.1195   0.3472   0.0372   0.0623   0.0102   0.0227   0.0603   0.0263    0.174   0.0362   0.0936   0.1788   0.0363   0.1652   0.1863   0.0162   0.0619   0.1101   0.2611    0.304   0.0681   0.2193   0.0197   0.0337    0.088   0.0255   0.0302   0.0364   0.0902   0.0821   0.0795   0.0836   0.0705   0.0246   0.0647   0.0412   0.0934   0.0252   0.0039   0.0905   0.0221   0.0596   0.0294   0.0734   0.0996   0.0292   0.0229    0.249     0.06   0.3745   0.0608   0.2348   0.0193   0.0385   0.1554   0.0291   0.1894    0.007   0.1626    0.139   0.1234    0.117   0.0438    0.011    0.021   0.0192    0.184   0.1453   0.0631   0.0109   0.0038   0.0615   0.0585   0.0508   0.0758
  snr   -15.22
    H     5.18
 exon    False