>data-XIV-cerevisiae-intergenic-348
N: 310
Methods: voss, eiip, qpsk, mem, alg1, alg2

M: voss
 freq      0.0   0.0032   0.0065   0.0097   0.0129   0.0161   0.0194   0.0226   0.0258    0.029   0.0323   0.0355   0.0387   0.0419   0.0452   0.0484   0.0516   0.0548   0.0581   0.0613   0.0645   0.0677    0.071   0.0742   0.0774   0.0806   0.0839   0.0871   0.0903   0.0935   0.0968      0.1   0.1032   0.1065   0.1097   0.1129   0.1161   0.1194   0.1226   0.1258    0.129   0.1323   0.1355   0.1387   0.1419   0.1452   0.1484   0.1516   0.1548   0.1581   0.1613   0.1645   0.1677    0.171   0.1742   0.1774   0.1806   0.1839   0.1871   0.1903   0.1935   0.1968      0.2   0.2032   0.2065   0.2097   0.2129   0.2161   0.2194   0.2226   0.2258    0.229   0.2323   0.2355   0.2387   0.2419   0.2452   0.2484   0.2516   0.2548   0.2581   0.2613   0.2645   0.2677    0.271   0.2742   0.2774   0.2806   0.2839   0.2871   0.2903   0.2935   0.2968      0.3   0.3032   0.3065   0.3097   0.3129   0.3161   0.3194   0.3226   0.3258    0.329   0.3323   0.3355   0.3387   0.3419   0.3452   0.3484   0.3516   0.3548   0.3581   0.3613   0.3645   0.3677    0.371   0.3742   0.3774   0.3806   0.3839   0.3871   0.3903   0.3935   0.3968      0.4   0.4032   0.4065   0.4097   0.4129   0.4161   0.4194   0.4226   0.4258    0.429   0.4323   0.4355   0.4387   0.4419   0.4452   0.4484   0.4516   0.4548   0.4581   0.4613   0.4645   0.4677    0.471   0.4742   0.4774   0.4806   0.4839   0.4871   0.4903   0.4935   0.4968
    S      0.0   0.3976   0.8138   0.2983     0.28   0.1839    0.742   0.2546   0.1809   0.0733   0.2365   0.0512   0.6039   0.1732   0.4838   0.4493   0.0621   0.6439   0.1405   0.2597   0.2389   0.2014    0.269   0.4114    0.276   0.6256   0.1618   0.1334   0.1916   0.5593   0.6176   0.1914    0.081   0.3366   0.1416   0.5893   0.3669   0.0673    0.231   0.1665      1.0   0.9278     0.25   0.0336   0.5422   0.1349   0.1955   0.3657   0.0441   0.1026   0.8693   0.2849    0.371   0.6128   0.0863    0.229   0.0625   0.1234   0.0956   0.4745   0.1185   0.1371   0.0712   0.1676   0.3861   0.6244   0.2113   0.2296   0.1635   0.0687   0.2271   0.3977   0.0946    0.255   0.2176   0.1033   0.1865   0.1917     0.17   0.3161   0.1563   0.6328   0.3049   0.0424   0.2921   0.1339   0.2948    0.229   0.2209   0.4901   0.2598   0.1082    0.162   0.2103   0.3705   0.4278   0.1859   0.5806   0.1548   0.4432   0.5136   0.1036   0.0723   0.1885   0.2348   0.1402   0.1922   0.1606   0.0862   0.4591   0.4652   0.3647    0.099    0.135   0.2577   0.0806    0.244   0.2508   0.2997   0.1618   0.0792   0.0496   0.2128   0.1281   0.2412   0.3176   0.1772   0.5485   0.5588   0.1475    0.424   0.2506   0.2454   0.2037   0.4005   0.0967   0.3853   0.1521   0.1544   0.2687   0.0961   0.1446   0.1379   0.1939   0.2426    0.082   0.0774   0.2298   0.0626   0.1858   0.0842   0.1502   0.1544   0.1826   0.0373
  snr   -15.98
    H     4.81
 exon    False

M: eiip
 freq      0.0   0.0032   0.0065   0.0097   0.0129   0.0161   0.0194   0.0226   0.0258    0.029   0.0323   0.0355   0.0387   0.0419   0.0452   0.0484   0.0516   0.0548   0.0581   0.0613   0.0645   0.0677    0.071   0.0742   0.0774   0.0806   0.0839   0.0871   0.0903   0.0935   0.0968      0.1   0.1032   0.1065   0.1097   0.1129   0.1161   0.1194   0.1226   0.1258    0.129   0.1323   0.1355   0.1387   0.1419   0.1452   0.1484   0.1516   0.1548   0.1581   0.1613   0.1645   0.1677    0.171   0.1742   0.1774   0.1806   0.1839   0.1871   0.1903   0.1935   0.1968      0.2   0.2032   0.2065   0.2097   0.2129   0.2161   0.2194   0.2226   0.2258    0.229   0.2323   0.2355   0.2387   0.2419   0.2452   0.2484   0.2516   0.2548   0.2581   0.2613   0.2645   0.2677    0.271   0.2742   0.2774   0.2806   0.2839   0.2871   0.2903   0.2935   0.2968      0.3   0.3032   0.3065   0.3097   0.3129   0.3161   0.3194   0.3226   0.3258    0.329   0.3323   0.3355   0.3387   0.3419   0.3452   0.3484   0.3516   0.3548   0.3581   0.3613   0.3645   0.3677    0.371   0.3742   0.3774   0.3806   0.3839   0.3871   0.3903   0.3935   0.3968      0.4   0.4032   0.4065   0.4097   0.4129   0.4161   0.4194   0.4226   0.4258    0.429   0.4323   0.4355   0.4387   0.4419   0.4452   0.4484   0.4516   0.4548   0.4581   0.4613   0.4645   0.4677    0.471   0.4742   0.4774   0.4806   0.4839   0.4871   0.4903   0.4935   0.4968
    S      0.0   0.1362   0.0211   0.1695   0.3604   0.0009   0.0541   0.0722   0.1461   0.0004   0.0032   0.0302   0.2178   0.0953   0.1227   0.5387   0.0097   0.4363    0.059   0.0768   0.1214   0.1772   0.1635   0.3027   0.0057   0.0888   0.0629   0.0398   0.0309   0.5877   0.4394   0.0254   0.0644   0.1105   0.0192   0.2854   0.1428   0.1192   0.1398   0.1528   0.0795   0.0766   0.0876   0.0176   0.0558   0.0152   0.0079   0.4276    0.014   0.0652   0.2091    0.199   0.1602   0.1353    0.041   0.0985   0.0632   0.0398   0.1055    0.137    0.103   0.1887   0.0324    0.149   0.0666   0.2095   0.2874   0.3124   0.1518   0.0322   0.2227   0.0406   0.0778   0.0352   0.2027   0.0694   0.0402   0.1202   0.0278   0.0018   0.0867    0.031   0.0753   0.0167   0.2308   0.0697   0.0863   0.0523   0.1149   0.0213   0.0346   0.0018   0.0571   0.0622   0.1289    0.034   0.1882      1.0   0.0638   0.9006   0.2104    0.068   0.0619   0.0871   0.2472   0.0569   0.2155   0.0731   0.1012   0.2008   0.2225   0.0549    0.037   0.2347    0.236   0.0509   0.0208   0.1662   0.0513   0.0585   0.1252   0.0101   0.0569   0.0271   0.2253   0.0384   0.0006   0.2548   0.8117    0.229   0.1799   0.0044   0.1594   0.1789   0.2128   0.0846    0.277   0.0423   0.1777   0.1795   0.1504   0.1023   0.0782   0.1628   0.0826   0.0013   0.0132   0.1262   0.0228   0.1909   0.1489   0.1782   0.3097   0.0688     0.03
  snr   -12.94
    H     4.58
 exon    False

M: qpsk
 freq      0.0   0.0032   0.0065   0.0097   0.0129   0.0161   0.0194   0.0226   0.0258    0.029   0.0323   0.0355   0.0387   0.0419   0.0452   0.0484   0.0516   0.0548   0.0581   0.0613   0.0645   0.0677    0.071   0.0742   0.0774   0.0806   0.0839   0.0871   0.0903   0.0935   0.0968      0.1   0.1032   0.1065   0.1097   0.1129   0.1161   0.1194   0.1226   0.1258    0.129   0.1323   0.1355   0.1387   0.1419   0.1452   0.1484   0.1516   0.1548   0.1581   0.1613   0.1645   0.1677    0.171   0.1742   0.1774   0.1806   0.1839   0.1871   0.1903   0.1935   0.1968      0.2   0.2032   0.2065   0.2097   0.2129   0.2161   0.2194   0.2226   0.2258    0.229   0.2323   0.2355   0.2387   0.2419   0.2452   0.2484   0.2516   0.2548   0.2581   0.2613   0.2645   0.2677    0.271   0.2742   0.2774   0.2806   0.2839   0.2871   0.2903   0.2935   0.2968      0.3   0.3032   0.3065   0.3097   0.3129   0.3161   0.3194   0.3226   0.3258    0.329   0.3323   0.3355   0.3387   0.3419   0.3452   0.3484   0.3516   0.3548   0.3581   0.3613   0.3645   0.3677    0.371   0.3742   0.3774   0.3806   0.3839   0.3871   0.3903   0.3935   0.3968      0.4   0.4032   0.4065   0.4097   0.4129   0.4161   0.4194   0.4226   0.4258    0.429   0.4323   0.4355   0.4387   0.4419   0.4452   0.4484   0.4516   0.4548   0.4581   0.4613   0.4645   0.4677    0.471   0.4742   0.4774   0.4806   0.4839   0.4871   0.4903   0.4935   0.4968
    S      0.0   0.4105      1.0    0.404   0.3348   0.1895   0.7564   0.1003   0.0509   0.0993   0.0887   0.0239   0.8723   0.2027   0.5087   0.5854   0.0926   0.8382   0.1745   0.3358   0.1525   0.2653   0.2982   0.3955   0.2667   0.2452   0.2103   0.1167   0.1796   0.6365   0.5114   0.2561   0.0988   0.4791   0.0588    0.665   0.4488   0.0929   0.3229   0.1775    0.698   0.3509   0.1961     0.03   0.2413   0.1569   0.1362   0.4598    0.038   0.1298   0.5712   0.2693    0.375   0.6911   0.0702   0.0383   0.0913   0.0774   0.1012   0.1903   0.1334   0.1022   0.0851    0.101   0.4677   0.1021   0.2704   0.3209   0.1994   0.0327   0.1355   0.2522   0.0648   0.1738    0.327   0.1204   0.0964   0.2298   0.0407   0.2072   0.1396   0.5058   0.4071   0.0375   0.4127    0.175    0.354    0.279   0.2456   0.4967   0.3803   0.1414   0.1647   0.2438    0.486   0.4989   0.2403   0.6209   0.2212   0.5869   0.5664   0.1392    0.031   0.1895    0.106   0.1615   0.2648   0.2059   0.1093   0.5334   0.4207   0.1584    0.099   0.1296   0.3355   0.0589   0.2017    0.342   0.1651   0.1656   0.1124   0.0479    0.244   0.1742   0.1548   0.4275    0.255   0.6979   0.6897   0.1849   0.1885   0.2152   0.2888   0.1534   0.5843   0.1307   0.5377   0.1352   0.1772   0.1968   0.1123   0.0997    0.157   0.2286   0.2732   0.1186   0.0468   0.1787   0.0731   0.2036   0.1186   0.2093   0.1998   0.0563   0.0095
  snr   -15.91
    H     4.78
 exon    False

M: mem
 freq      0.0   0.0032   0.0065   0.0097   0.0129   0.0161   0.0194   0.0226   0.0258    0.029   0.0323   0.0355   0.0387   0.0419   0.0452   0.0484   0.0516   0.0548   0.0581   0.0613   0.0645   0.0677    0.071   0.0742   0.0774   0.0806   0.0839   0.0871   0.0903   0.0935   0.0968      0.1   0.1032   0.1065   0.1097   0.1129   0.1161   0.1194   0.1226   0.1258    0.129   0.1323   0.1355   0.1387   0.1419   0.1452   0.1484   0.1516   0.1548   0.1581   0.1613   0.1645   0.1677    0.171   0.1742   0.1774   0.1806   0.1839   0.1871   0.1903   0.1935   0.1968      0.2   0.2032   0.2065   0.2097   0.2129   0.2161   0.2194   0.2226   0.2258    0.229   0.2323   0.2355   0.2387   0.2419   0.2452   0.2484   0.2516   0.2548   0.2581   0.2613   0.2645   0.2677    0.271   0.2742   0.2774   0.2806   0.2839   0.2871   0.2903   0.2935   0.2968      0.3   0.3032   0.3065   0.3097   0.3129   0.3161   0.3194   0.3226   0.3258    0.329   0.3323   0.3355   0.3387   0.3419   0.3452   0.3484   0.3516   0.3548   0.3581   0.3613   0.3645   0.3677    0.371   0.3742   0.3774   0.3806   0.3839   0.3871   0.3903   0.3935   0.3968      0.4   0.4032   0.4065   0.4097   0.4129   0.4161   0.4194   0.4226   0.4258    0.429   0.4323   0.4355   0.4387   0.4419   0.4452   0.4484   0.4516   0.4548   0.4581   0.4613   0.4645   0.4677    0.471   0.4742   0.4774   0.4806   0.4839   0.4871   0.4903   0.4935   0.4968
    S      0.0   0.1521   0.2307   0.1564   0.1102   0.0781   0.2592   0.1549   0.0649   0.0138   0.2244   0.0171   0.1941    0.026   0.0985   0.1977   0.0064   0.3314   0.0957   0.0082   0.0746   0.0857   0.1085   0.0412   0.1127    0.563   0.0717    0.051   0.0589   0.0082   0.2099   0.0092   0.0132   0.1133   0.1203     0.36   0.2663    0.015   0.0126   0.0935      1.0   0.7726   0.0838   0.0085   0.4441   0.0516   0.1776   0.1842   0.0153   0.0794   0.5073   0.2112    0.095   0.2503   0.0691   0.1327   0.0072   0.0442    0.007   0.2913   0.0071   0.0285   0.0265   0.0961   0.2113   0.4622   0.0548   0.0228   0.0177   0.0291   0.0337    0.231   0.0485    0.175   0.0846   0.0386   0.1155   0.0479    0.141   0.2653   0.0273   0.3547   0.1464   0.0202   0.1523   0.0075   0.2004   0.0127    0.193   0.1566   0.0275    0.023   0.1407   0.0243   0.1938   0.1622   0.0176   0.0882   0.0412   0.0466   0.4423   0.0033   0.0182     0.02    0.085   0.1152   0.0621   0.1086    0.003   0.3401   0.2825   0.2533   0.0309   0.0236    0.187   0.0535   0.1543    0.018   0.1484   0.1286   0.0271   0.0376    0.036   0.0159    0.063   0.0616   0.0126    0.202   0.1415    0.023   0.1897   0.1699   0.0349   0.0379   0.0692   0.0477   0.1194    0.074    0.076   0.1688   0.0271   0.0779   0.1127   0.0147   0.0622   0.0071   0.0484   0.1738   0.0392   0.0035    0.021   0.0113   0.0172   0.1279   0.0155
  snr   -12.37
    H     4.52
 exon    False

M: alg1
 freq      0.0   0.0032   0.0065   0.0097   0.0129   0.0161   0.0194   0.0226   0.0258    0.029   0.0323   0.0355   0.0387   0.0419   0.0452   0.0484   0.0516   0.0548   0.0581   0.0613   0.0645   0.0677    0.071   0.0742   0.0774   0.0806   0.0839   0.0871   0.0903   0.0935   0.0968      0.1   0.1032   0.1065   0.1097   0.1129   0.1161   0.1194   0.1226   0.1258    0.129   0.1323   0.1355   0.1387   0.1419   0.1452   0.1484   0.1516   0.1548   0.1581   0.1613   0.1645   0.1677    0.171   0.1742   0.1774   0.1806   0.1839   0.1871   0.1903   0.1935   0.1968      0.2   0.2032   0.2065   0.2097   0.2129   0.2161   0.2194   0.2226   0.2258    0.229   0.2323   0.2355   0.2387   0.2419   0.2452   0.2484   0.2516   0.2548   0.2581   0.2613   0.2645   0.2677    0.271   0.2742   0.2774   0.2806   0.2839   0.2871   0.2903   0.2935   0.2968      0.3   0.3032   0.3065   0.3097   0.3129   0.3161   0.3194   0.3226   0.3258    0.329   0.3323   0.3355   0.3387   0.3419   0.3452   0.3484   0.3516   0.3548   0.3581   0.3613   0.3645   0.3677    0.371   0.3742   0.3774   0.3806   0.3839   0.3871   0.3903   0.3935   0.3968      0.4   0.4032   0.4065   0.4097   0.4129   0.4161   0.4194   0.4226   0.4258    0.429   0.4323   0.4355   0.4387   0.4419   0.4452   0.4484   0.4516   0.4548   0.4581   0.4613   0.4645   0.4677    0.471   0.4742   0.4774   0.4806   0.4839   0.4871   0.4903   0.4935   0.4968
    S      0.0   0.2342      1.0   0.2538   0.1337   0.3747   0.5367   0.1695   0.1989   0.1043   0.1865   0.1161   0.9227   0.3118    0.655   0.2426   0.0995   0.2278   0.0784   0.7142   0.3114   0.0412   0.1103   0.2652   0.5214   0.2968   0.2178   0.0571   0.1533   0.1848   0.2106   0.4495   0.0865   0.4149     0.05   0.3818    0.172   0.0652   0.5076   0.0559   0.4222   0.7652   0.1002   0.0879   0.1729   0.2636   0.1082   0.0372   0.0596   0.0317   0.2736   0.0961   0.2841   0.7668   0.0563   0.4323   0.0245   0.2115   0.2436   0.3409   0.0989   0.1893   0.0962   0.1289   0.3271   0.5269   0.1396   0.2259   0.0846   0.1286   0.5064   0.1813   0.0371   0.1052   0.1873    0.033   0.2103   0.2528   0.1861   0.2233   0.0848   0.6274   0.3175   0.0326   0.2534   0.1842   0.1642   0.6945   0.0328   0.8522   0.4193   0.2301   0.0389   0.2597   0.3863   0.3702   0.2013   0.4076   0.1634   0.3037    0.169   0.0645   0.1778   0.5411   0.2932   0.0365   0.2718   0.0965   0.0222   0.2076   0.1181   0.1354   0.0798    0.073   0.0384   0.0544   0.1891   0.3344   0.5877   0.0857   0.0458   0.0449   0.1557   0.2905   0.5543   0.5945   0.3147    0.415   0.2288   0.0257   0.2049   0.2593   0.1193   0.4438    0.828   0.0706   0.6163   0.0584   0.0786   0.1048    0.035   0.2057    0.018   0.2298   0.2646   0.1777   0.0375   0.1543   0.0669   0.0527   0.0287   0.0633   0.1375   0.2368   0.0708
  snr   -15.51
    H     4.71
 exon    False

M: alg2
 freq      0.0   0.0032   0.0065   0.0097   0.0129   0.0161   0.0194   0.0226   0.0258    0.029   0.0323   0.0355   0.0387   0.0419   0.0452   0.0484   0.0516   0.0548   0.0581   0.0613   0.0645   0.0677    0.071   0.0742   0.0774   0.0806   0.0839   0.0871   0.0903   0.0935   0.0968      0.1   0.1032   0.1065   0.1097   0.1129   0.1161   0.1194   0.1226   0.1258    0.129   0.1323   0.1355   0.1387   0.1419   0.1452   0.1484   0.1516   0.1548   0.1581   0.1613   0.1645   0.1677    0.171   0.1742   0.1774   0.1806   0.1839   0.1871   0.1903   0.1935   0.1968      0.2   0.2032   0.2065   0.2097   0.2129   0.2161   0.2194   0.2226   0.2258    0.229   0.2323   0.2355   0.2387   0.2419   0.2452   0.2484   0.2516   0.2548   0.2581   0.2613   0.2645   0.2677    0.271   0.2742   0.2774   0.2806   0.2839   0.2871   0.2903   0.2935   0.2968      0.3   0.3032   0.3065   0.3097   0.3129   0.3161   0.3194   0.3226   0.3258    0.329   0.3323   0.3355   0.3387   0.3419   0.3452   0.3484   0.3516   0.3548   0.3581   0.3613   0.3645   0.3677    0.371   0.3742   0.3774   0.3806   0.3839   0.3871   0.3903   0.3935   0.3968      0.4   0.4032   0.4065   0.4097   0.4129   0.4161   0.4194   0.4226   0.4258    0.429   0.4323   0.4355   0.4387   0.4419   0.4452   0.4484   0.4516   0.4548   0.4581   0.4613   0.4645   0.4677    0.471   0.4742   0.4774   0.4806   0.4839   0.4871   0.4903   0.4935   0.4968
    S      0.0   0.1768    0.204   0.0627   0.0828   0.1796   0.0186   0.1123   0.0387   0.0011    0.215   0.0224   0.0321   0.1036   0.0372   0.1403   0.0312   0.3153   0.1251   0.0941   0.0404   0.1272   0.1647   0.0659   0.2173   0.4189   0.0339   0.0147    0.028   0.1073   0.2146   0.0791   0.0491   0.2031   0.0777   0.1638   0.1759   0.0146   0.0759   0.1344      1.0   0.6077   0.0215   0.0181   0.2458   0.0934   0.1698   0.2145   0.0063    0.075   0.2342   0.2368   0.1474   0.5355   0.0656   0.1571   0.0329   0.0542   0.0205   0.2314   0.0377   0.0144   0.0657   0.0819   0.1819   0.3795   0.0393   0.0447   0.0256   0.0445   0.0586   0.0924   0.0499   0.0691   0.0889   0.0375   0.0787   0.0051   0.1336   0.2258   0.0032   0.2007   0.0399   0.0294   0.1429    0.009    0.094   0.0937   0.1718   0.2405   0.1461   0.0835   0.1003   0.0566   0.0837   0.0877   0.0153   0.0741   0.0369   0.0986   0.5422   0.0309   0.0302   0.0615   0.0513   0.0895   0.0524   0.0595   0.0286   0.5161   0.1721   0.1266   0.0031   0.0236   0.1918   0.0662   0.1584   0.0214   0.2105   0.1824   0.0377   0.0588   0.0204   0.0153   0.0838   0.0277   0.0244    0.087   0.3236    0.046   0.0685   0.1581   0.0418   0.0361   0.0115    0.025   0.1759   0.0386   0.0566   0.1808   0.0279   0.0749   0.0996   0.0078   0.0035    0.034   0.0324   0.1519   0.0529   0.0268   0.0405   0.0531   0.0229   0.1208   0.0189
  snr   -12.05
    H     4.57
 exon    False