>data-XV-cerevisiae-intergenic-122
N: 347
Methods: voss, eiip, qpsk, mem, tbpse, snrse

M: voss
 freq      0.0   0.0029   0.0058   0.0086   0.0115   0.0144   0.0173   0.0202   0.0231   0.0259   0.0288   0.0317   0.0346   0.0375   0.0403   0.0432   0.0461    0.049   0.0519   0.0548   0.0576   0.0605   0.0634   0.0663   0.0692    0.072   0.0749   0.0778   0.0807   0.0836   0.0865   0.0893   0.0922   0.0951    0.098   0.1009   0.1037   0.1066   0.1095   0.1124   0.1153   0.1182    0.121   0.1239   0.1268   0.1297   0.1326   0.1354   0.1383   0.1412   0.1441    0.147   0.1499   0.1527   0.1556   0.1585   0.1614   0.1643   0.1671     0.17   0.1729   0.1758   0.1787   0.1816   0.1844   0.1873   0.1902   0.1931    0.196   0.1988   0.2017   0.2046   0.2075   0.2104   0.2133   0.2161    0.219   0.2219   0.2248   0.2277   0.2305   0.2334   0.2363   0.2392   0.2421    0.245   0.2478   0.2507   0.2536   0.2565   0.2594   0.2622   0.2651    0.268   0.2709   0.2738   0.2767   0.2795   0.2824   0.2853   0.2882   0.2911   0.2939   0.2968   0.2997   0.3026   0.3055   0.3084   0.3112   0.3141    0.317   0.3199   0.3228   0.3256   0.3285   0.3314   0.3343   0.3372   0.3401   0.3429   0.3458   0.3487   0.3516   0.3545   0.3573   0.3602   0.3631    0.366   0.3689   0.3718   0.3746   0.3775   0.3804   0.3833   0.3862    0.389   0.3919   0.3948   0.3977   0.4006   0.4035   0.4063   0.4092   0.4121    0.415   0.4179   0.4207   0.4236   0.4265   0.4294   0.4323   0.4352    0.438   0.4409   0.4438   0.4467   0.4496   0.4524   0.4553   0.4582   0.4611    0.464   0.4669   0.4697   0.4726   0.4755   0.4784   0.4813   0.4841    0.487   0.4899   0.4928   0.4957   0.4986
    S      0.0      1.0   0.2285   0.1474   0.3771    0.169   0.1975   0.1367   0.2562   0.1972   0.1468   0.1678   0.0827   0.0794   0.0841   0.0915   0.2512   0.1125   0.2016   0.2637   0.3826   0.1012   0.1111   0.1087   0.1958   0.1656   0.3374    0.225   0.1081   0.1864   0.3172   0.0379    0.156    0.242   0.1235    0.081   0.0687   0.3238   0.1432   0.1653   0.0924   0.0415   0.0526   0.1585   0.0378   0.2527    0.095    0.074    0.137   0.1179   0.0923   0.1954   0.1899   0.0793   0.1068   0.2304   0.1097   0.1322   0.2377   0.4391   0.1012    0.149   0.2507   0.1715   0.1357   0.1059   0.1077   0.1971   0.0223   0.2251   0.1003   0.1182   0.0321   0.1455   0.0785   0.2505   0.1086   0.1051   0.1434   0.1696   0.2727   0.2407   0.2641   0.2598   0.1404   0.1451   0.1637   0.1722   0.0743   0.1067   0.0773   0.1875   0.2605   0.1226   0.1144   0.0617   0.0485    0.192   0.1852   0.1213   0.3557     0.12   0.1753   0.1046   0.1729   0.2612   0.0804   0.1908    0.146   0.0859   0.0388   0.2672   0.3499   0.1686   0.2029   0.0792    0.135   0.1258   0.1356   0.0398   0.1723   0.0844   0.0836   0.1836   0.0884   0.1065   0.1566   0.2024   0.2301   0.1312   0.1801   0.3724   0.1322   0.0967   0.2834   0.1028   0.2054   0.0902    0.223   0.3892   0.0737   0.1957   0.1499    0.094    0.337   0.2008   0.1006   0.0617   0.2563   0.2121   0.1892   0.0445    0.134   0.1202   0.1055   0.1358   0.5521   0.0585   0.2211   0.1068    0.092   0.1142   0.1725   0.0868    0.233   0.1666     0.31   0.0731   0.0479   0.2581   0.1449   0.1946   0.1455   0.2514
  snr   -14.47
    H     4.99
 exon    False

M: eiip
 freq      0.0   0.0029   0.0058   0.0086   0.0115   0.0144   0.0173   0.0202   0.0231   0.0259   0.0288   0.0317   0.0346   0.0375   0.0403   0.0432   0.0461    0.049   0.0519   0.0548   0.0576   0.0605   0.0634   0.0663   0.0692    0.072   0.0749   0.0778   0.0807   0.0836   0.0865   0.0893   0.0922   0.0951    0.098   0.1009   0.1037   0.1066   0.1095   0.1124   0.1153   0.1182    0.121   0.1239   0.1268   0.1297   0.1326   0.1354   0.1383   0.1412   0.1441    0.147   0.1499   0.1527   0.1556   0.1585   0.1614   0.1643   0.1671     0.17   0.1729   0.1758   0.1787   0.1816   0.1844   0.1873   0.1902   0.1931    0.196   0.1988   0.2017   0.2046   0.2075   0.2104   0.2133   0.2161    0.219   0.2219   0.2248   0.2277   0.2305   0.2334   0.2363   0.2392   0.2421    0.245   0.2478   0.2507   0.2536   0.2565   0.2594   0.2622   0.2651    0.268   0.2709   0.2738   0.2767   0.2795   0.2824   0.2853   0.2882   0.2911   0.2939   0.2968   0.2997   0.3026   0.3055   0.3084   0.3112   0.3141    0.317   0.3199   0.3228   0.3256   0.3285   0.3314   0.3343   0.3372   0.3401   0.3429   0.3458   0.3487   0.3516   0.3545   0.3573   0.3602   0.3631    0.366   0.3689   0.3718   0.3746   0.3775   0.3804   0.3833   0.3862    0.389   0.3919   0.3948   0.3977   0.4006   0.4035   0.4063   0.4092   0.4121    0.415   0.4179   0.4207   0.4236   0.4265   0.4294   0.4323   0.4352    0.438   0.4409   0.4438   0.4467   0.4496   0.4524   0.4553   0.4582   0.4611    0.464   0.4669   0.4697   0.4726   0.4755   0.4784   0.4813   0.4841    0.487   0.4899   0.4928   0.4957   0.4986
    S      0.0      1.0   0.1042   0.1243   0.0872   0.0257   0.1509   0.0964    0.082   0.0885   0.0326   0.2649   0.0317   0.0647   0.1447   0.0789   0.1538   0.0923    0.256   0.1252   0.4857    0.065   0.0859   0.0147   0.0075   0.3429   0.1168   0.2618   0.1001   0.0087   0.3245   0.0301   0.0248    0.084   0.1441   0.0024   0.1407   0.1544   0.2107   0.0645   0.0263   0.0237   0.0202   0.0047   0.0323   0.3762   0.0099   0.0378   0.0361   0.1459   0.0161   0.3169   0.1071   0.0542   0.1902   0.1653   0.0519   0.0208   0.2382   0.2219   0.0392   0.1473   0.1698   0.0035   0.0917   0.0776   0.0328    0.077   0.0047   0.1427   0.0725   0.0011   0.0084   0.1066   0.0264   0.0138   0.0566   0.1649    0.074   0.1364   0.0626   0.0271   0.0223   0.0588    0.098   0.1987   0.0681   0.2748   0.0092   0.0633     0.12    0.128   0.0188   0.1104   0.0587   0.0627   0.0366   0.0201   0.0057   0.0657   0.2379   0.2357   0.0105   0.0148   0.1456   0.0034    0.028    0.347   0.0647   0.0013   0.0424   0.0513   0.0643   0.0762   0.0589    0.095   0.1644   0.0408   0.0375   0.0623    0.202   0.0127   0.0383   0.0452   0.0168   0.1018   0.0237   0.2521   0.0383   0.1031   0.3071   0.2247   0.1504   0.0449   0.0766   0.1248   0.1259   0.0741     0.03   0.2864   0.0123   0.0721   0.1491    0.005   0.2562   0.1711   0.0225   0.0261   0.1579   0.0201   0.0894   0.0554   0.0708   0.1735   0.0759   0.1228   0.0904   0.0421   0.0659   0.1702   0.1156   0.1047   0.0216   0.1441   0.2091   0.0383   0.0011   0.0321   0.0366   0.0288   0.0488   0.1383   0.0447   0.1049
  snr   -12.23
    H     4.73
 exon    False

M: qpsk
 freq      0.0   0.0029   0.0058   0.0086   0.0115   0.0144   0.0173   0.0202   0.0231   0.0259   0.0288   0.0317   0.0346   0.0375   0.0403   0.0432   0.0461    0.049   0.0519   0.0548   0.0576   0.0605   0.0634   0.0663   0.0692    0.072   0.0749   0.0778   0.0807   0.0836   0.0865   0.0893   0.0922   0.0951    0.098   0.1009   0.1037   0.1066   0.1095   0.1124   0.1153   0.1182    0.121   0.1239   0.1268   0.1297   0.1326   0.1354   0.1383   0.1412   0.1441    0.147   0.1499   0.1527   0.1556   0.1585   0.1614   0.1643   0.1671     0.17   0.1729   0.1758   0.1787   0.1816   0.1844   0.1873   0.1902   0.1931    0.196   0.1988   0.2017   0.2046   0.2075   0.2104   0.2133   0.2161    0.219   0.2219   0.2248   0.2277   0.2305   0.2334   0.2363   0.2392   0.2421    0.245   0.2478   0.2507   0.2536   0.2565   0.2594   0.2622   0.2651    0.268   0.2709   0.2738   0.2767   0.2795   0.2824   0.2853   0.2882   0.2911   0.2939   0.2968   0.2997   0.3026   0.3055   0.3084   0.3112   0.3141    0.317   0.3199   0.3228   0.3256   0.3285   0.3314   0.3343   0.3372   0.3401   0.3429   0.3458   0.3487   0.3516   0.3545   0.3573   0.3602   0.3631    0.366   0.3689   0.3718   0.3746   0.3775   0.3804   0.3833   0.3862    0.389   0.3919   0.3948   0.3977   0.4006   0.4035   0.4063   0.4092   0.4121    0.415   0.4179   0.4207   0.4236   0.4265   0.4294   0.4323   0.4352    0.438   0.4409   0.4438   0.4467   0.4496   0.4524   0.4553   0.4582   0.4611    0.464   0.4669   0.4697   0.4726   0.4755   0.4784   0.4813   0.4841    0.487   0.4899   0.4928   0.4957   0.4986
    S      0.0      1.0   0.1873   0.0549   0.2462   0.1615   0.1398   0.1238   0.1914   0.1695   0.1124   0.1743   0.0544   0.0493   0.0848   0.0473   0.2238    0.051   0.0838   0.2163   0.2676   0.0914   0.0924   0.0394   0.0806     0.14   0.2388   0.0933    0.101   0.0744   0.2914   0.0128   0.1575   0.2456   0.0359   0.0835   0.0662   0.2958   0.1408   0.1268   0.0556   0.0199   0.0424   0.0524   0.0254    0.169   0.0648   0.0569   0.0942   0.1136   0.0423   0.0779   0.1889   0.0488   0.0779    0.132   0.1136   0.1229   0.1788   0.1405    0.086   0.1486   0.0749   0.0986   0.1204    0.108   0.0414   0.0776   0.0222   0.2006   0.0499   0.0682   0.0298   0.1424    0.046   0.2355    0.077   0.0392   0.0595   0.1768   0.0601   0.0834   0.1736   0.1477   0.0932   0.1182   0.1469   0.0532   0.0622   0.0504   0.0674   0.1013   0.1538   0.0342   0.0942   0.0512   0.0465   0.1891   0.1813    0.038    0.177   0.0524   0.0685   0.0947   0.1561     0.23    0.056   0.1288   0.1461   0.0796   0.0309   0.2254   0.2861   0.1195   0.1055   0.0339    0.064   0.1104   0.0878   0.0336   0.1661   0.0414   0.0721   0.0629   0.0744   0.0709   0.1011   0.1154   0.1333   0.1118   0.1189   0.1418   0.0616   0.0459   0.2458   0.1017   0.1603   0.0864   0.0796   0.3696   0.0581   0.1725   0.1528    0.047   0.0252   0.2097   0.0174   0.0355   0.2177   0.1178   0.1863   0.0258   0.0678   0.1246   0.0465   0.1322    0.278   0.0608   0.1928   0.0735   0.0704   0.0817   0.1336   0.0837   0.0442   0.0513   0.2374   0.0398   0.0457   0.2041   0.0817   0.1636   0.1025     0.17
  snr   -12.81
    H     4.92
 exon    False

M: mem
 freq      0.0   0.0029   0.0058   0.0087   0.0116   0.0145   0.0173   0.0202   0.0231    0.026   0.0289   0.0318   0.0347   0.0376   0.0405   0.0434   0.0462   0.0491    0.052   0.0549   0.0578   0.0607   0.0636   0.0665   0.0694   0.0723   0.0751    0.078   0.0809   0.0838   0.0867   0.0896   0.0925   0.0954   0.0983   0.1012    0.104   0.1069   0.1098   0.1127   0.1156   0.1185   0.1214   0.1243   0.1272   0.1301   0.1329   0.1358   0.1387   0.1416   0.1445   0.1474   0.1503   0.1532   0.1561    0.159   0.1618   0.1647   0.1676   0.1705   0.1734   0.1763   0.1792   0.1821    0.185   0.1879   0.1908   0.1936   0.1965   0.1994   0.2023   0.2052   0.2081    0.211   0.2139   0.2168   0.2197   0.2225   0.2254   0.2283   0.2312   0.2341    0.237   0.2399   0.2428   0.2457   0.2486   0.2514   0.2543   0.2572   0.2601    0.263   0.2659   0.2688   0.2717   0.2746   0.2775   0.2803   0.2832   0.2861    0.289   0.2919   0.2948   0.2977   0.3006   0.3035   0.3064   0.3092   0.3121    0.315   0.3179   0.3208   0.3237   0.3266   0.3295   0.3324   0.3353   0.3382    0.341   0.3439   0.3468   0.3497   0.3526   0.3555   0.3584   0.3613   0.3642   0.3671   0.3699   0.3728   0.3757   0.3786   0.3815   0.3844   0.3873   0.3902   0.3931    0.396   0.3988   0.4017   0.4046   0.4075   0.4104   0.4133   0.4162   0.4191    0.422   0.4249   0.4277   0.4306   0.4335   0.4364   0.4393   0.4422   0.4451    0.448   0.4509   0.4538   0.4566   0.4595   0.4624   0.4653   0.4682   0.4711    0.474   0.4769   0.4798   0.4827   0.4855   0.4884   0.4913   0.4942   0.4971
    S      0.0   0.8976   0.5378   0.2593   0.0911   0.3007   0.3269   0.0216    0.006   0.0172   0.0247    0.248   0.0186   0.0055   0.1312   0.1373   0.0081   0.0614   0.3135   0.2418      1.0   0.0282   0.2944   0.0258   0.0211   0.2663   0.0499   0.4149   0.0143    0.038   0.2186   0.0441   0.2594   0.0456   0.0647   0.0898    0.067   0.6427   0.4213   0.0617   0.0194   0.0761   0.1231    0.071   0.0399   0.6586    0.037   0.0812   0.0332   0.2121   0.0078   0.2873   0.4482   0.1064    0.123   0.2413    0.294   0.0887   0.4789   0.3764   0.0333   0.1752    0.237   0.0951   0.0097   0.0054   0.1155   0.0296   0.0282   0.2486   0.1506   0.0348   0.0904   0.0084   0.0167   0.2651   0.0225   0.2172   0.0925   0.2792   0.0096   0.0437   0.0724   0.0513   0.3351     0.04   0.0656   0.2244   0.2119   0.1178   0.0344   0.1082   0.0544   0.1132   0.1465   0.0752   0.0315   0.4919   0.0372   0.0934   0.0662   0.2922   0.1066   0.2714   0.1451   0.3815   0.0372   0.4384   0.2059    0.266    0.048   0.2957   0.5222   0.0664     0.07   0.0344   0.1536   0.1352    0.049   0.0102      0.0   0.0549   0.1131   0.0083    0.087   0.0086    0.131   0.2215   0.0172    0.106   0.1713   0.2405   0.1333   0.0727   0.0119   0.3983   0.3204   0.0037   0.0255   0.2236   0.1369   0.2447   0.0635    0.186    0.188   0.1456   0.1148   0.0499   0.0774   0.2182   0.3371   0.0495   0.2978   0.0417   0.0615   0.0062   0.2287   0.1099   0.3831   0.1232   0.0906   0.1611   0.0004   0.1526   0.3122   0.0143   0.2458   0.1095   0.1985    0.034   0.3353   0.3113   0.2102
  snr   -14.19
    H      4.7
 exon    False

M: tbpse
 freq      0.0   0.0029   0.0058   0.0086   0.0115   0.0144   0.0173   0.0202   0.0231   0.0259   0.0288   0.0317   0.0346   0.0375   0.0403   0.0432   0.0461    0.049   0.0519   0.0548   0.0576   0.0605   0.0634   0.0663   0.0692    0.072   0.0749   0.0778   0.0807   0.0836   0.0865   0.0893   0.0922   0.0951    0.098   0.1009   0.1037   0.1066   0.1095   0.1124   0.1153   0.1182    0.121   0.1239   0.1268   0.1297   0.1326   0.1354   0.1383   0.1412   0.1441    0.147   0.1499   0.1527   0.1556   0.1585   0.1614   0.1643   0.1671     0.17   0.1729   0.1758   0.1787   0.1816   0.1844   0.1873   0.1902   0.1931    0.196   0.1988   0.2017   0.2046   0.2075   0.2104   0.2133   0.2161    0.219   0.2219   0.2248   0.2277   0.2305   0.2334   0.2363   0.2392   0.2421    0.245   0.2478   0.2507   0.2536   0.2565   0.2594   0.2622   0.2651    0.268   0.2709   0.2738   0.2767   0.2795   0.2824   0.2853   0.2882   0.2911   0.2939   0.2968   0.2997   0.3026   0.3055   0.3084   0.3112   0.3141    0.317   0.3199   0.3228   0.3256   0.3285   0.3314   0.3343   0.3372   0.3401   0.3429   0.3458   0.3487   0.3516   0.3545   0.3573   0.3602   0.3631    0.366   0.3689   0.3718   0.3746   0.3775   0.3804   0.3833   0.3862    0.389   0.3919   0.3948   0.3977   0.4006   0.4035   0.4063   0.4092   0.4121    0.415   0.4179   0.4207   0.4236   0.4265   0.4294   0.4323   0.4352    0.438   0.4409   0.4438   0.4467   0.4496   0.4524   0.4553   0.4582   0.4611    0.464   0.4669   0.4697   0.4726   0.4755   0.4784   0.4813   0.4841    0.487   0.4899   0.4928   0.4957   0.4986
    S      0.0      1.0   0.1246   0.1924   0.4023   0.0527   0.1582   0.0775   0.2544   0.1948   0.1382   0.1877    0.102   0.0893   0.0966   0.1051   0.2275   0.1437   0.2853   0.1996   0.4123   0.1026   0.0697   0.1257   0.2461   0.2301   0.4034   0.3235   0.1094   0.2106   0.3708   0.0536   0.0255   0.1121   0.1934   0.0056   0.0899   0.2224   0.1223   0.1765    0.107   0.0476   0.0303   0.2119   0.0481   0.2929   0.0544   0.0711   0.1103   0.1053   0.1232   0.3091   0.0643   0.0928    0.132   0.2631   0.0362   0.0294   0.2327   0.6262   0.0951   0.1168   0.3416   0.1437   0.1181   0.0853   0.1266   0.2088   0.0042   0.2173   0.1105   0.0979   0.0154   0.1359   0.0935   0.0563   0.1173   0.1694   0.1799   0.0895    0.404   0.3401   0.2109   0.3296   0.1231   0.1893   0.0648   0.2975   0.0353   0.1207   0.0774   0.2498   0.2891   0.1745   0.0687   0.0469    0.047   0.0326   0.0518   0.1521   0.3994   0.2008   0.2319   0.0383   0.1193   0.0801   0.0911   0.2518   0.0618   0.0191   0.0485   0.1546   0.1785   0.1919   0.2025   0.1241   0.1786   0.0675   0.1278   0.0424   0.1517   0.1046   0.0694   0.2462   0.0531   0.1385   0.1295   0.2741   0.2882    0.142   0.2375   0.4919   0.2005   0.0953     0.22   0.0754    0.153   0.0848   0.2584   0.3738   0.0317   0.1402   0.0975   0.1079   0.5743   0.1147   0.1549   0.0588   0.2728   0.1858   0.0672   0.0519   0.1368   0.1202    0.145   0.1277   0.7045   0.0359   0.1182   0.1449   0.1146   0.1037   0.1439   0.0957   0.3853   0.2081   0.1978   0.0738   0.0298   0.1548   0.1304   0.1319   0.0966   0.2698
  snr   -14.41
    H      4.9
 exon    False

M: snrse
 freq      0.0   0.0029   0.0058   0.0086   0.0115   0.0144   0.0173   0.0202   0.0231   0.0259   0.0288   0.0317   0.0346   0.0375   0.0403   0.0432   0.0461    0.049   0.0519   0.0548   0.0576   0.0605   0.0634   0.0663   0.0692    0.072   0.0749   0.0778   0.0807   0.0836   0.0865   0.0893   0.0922   0.0951    0.098   0.1009   0.1037   0.1066   0.1095   0.1124   0.1153   0.1182    0.121   0.1239   0.1268   0.1297   0.1326   0.1354   0.1383   0.1412   0.1441    0.147   0.1499   0.1527   0.1556   0.1585   0.1614   0.1643   0.1671     0.17   0.1729   0.1758   0.1787   0.1816   0.1844   0.1873   0.1902   0.1931    0.196   0.1988   0.2017   0.2046   0.2075   0.2104   0.2133   0.2161    0.219   0.2219   0.2248   0.2277   0.2305   0.2334   0.2363   0.2392   0.2421    0.245   0.2478   0.2507   0.2536   0.2565   0.2594   0.2622   0.2651    0.268   0.2709   0.2738   0.2767   0.2795   0.2824   0.2853   0.2882   0.2911   0.2939   0.2968   0.2997   0.3026   0.3055   0.3084   0.3112   0.3141    0.317   0.3199   0.3228   0.3256   0.3285   0.3314   0.3343   0.3372   0.3401   0.3429   0.3458   0.3487   0.3516   0.3545   0.3573   0.3602   0.3631    0.366   0.3689   0.3718   0.3746   0.3775   0.3804   0.3833   0.3862    0.389   0.3919   0.3948   0.3977   0.4006   0.4035   0.4063   0.4092   0.4121    0.415   0.4179   0.4207   0.4236   0.4265   0.4294   0.4323   0.4352    0.438   0.4409   0.4438   0.4467   0.4496   0.4524   0.4553   0.4582   0.4611    0.464   0.4669   0.4697   0.4726   0.4755   0.4784   0.4813   0.4841    0.487   0.4899   0.4928   0.4957   0.4986
    S      0.0      1.0     0.04     0.01   0.2201    0.038   0.0557    0.046   0.1446   0.1458   0.0844   0.1933   0.0615   0.0328   0.0909   0.0269   0.1733   0.0433    0.046   0.0893   0.1664   0.0849   0.0267   0.0258   0.0493   0.1611   0.2663   0.0795   0.0945   0.0385   0.3339   0.0117   0.0436   0.0982   0.0255   0.0108   0.0745   0.2346   0.1101   0.1107   0.0433   0.0056    0.009   0.0595   0.0289    0.106   0.0151    0.054   0.0503   0.0966   0.0449   0.0727    0.059   0.0428   0.0641   0.1005   0.0539   0.0169    0.114   0.0842   0.0656   0.1143   0.0152   0.0555   0.0797   0.0801   0.0035   0.0188   0.0032   0.2078   0.0283   0.0376   0.0166   0.1227   0.0362   0.0579   0.0719   0.0368   0.0482    0.092   0.0716   0.0903   0.0619   0.1671   0.0224   0.1333   0.0287   0.0667   0.0238   0.0242   0.0533   0.1089   0.1187   0.0147   0.0203   0.0256   0.0426   0.0473   0.0308   0.0124   0.1101   0.0587   0.0585   0.0159   0.0895   0.0312   0.0586   0.1095   0.0618   0.0191   0.0358   0.1317   0.0383   0.1122   0.0586   0.0409   0.0492   0.0484   0.0498   0.0259   0.1181   0.0355   0.0568   0.0354   0.0314   0.0718   0.0188   0.1182   0.1478   0.1258   0.1003   0.0538   0.0742   0.0133   0.1502   0.0663   0.0951   0.0877    0.028   0.3505   0.0118   0.0835   0.0899   0.0472   0.0319    0.122   0.0131   0.0142   0.2061   0.0232   0.0762   0.0119   0.0043   0.1312   0.0485    0.114   0.3303   0.0394   0.0727    0.074    0.067   0.0308   0.0703   0.0765   0.0461   0.0125   0.0606   0.0222   0.0299   0.0386   0.0038   0.0559   0.0083   0.1732
  snr    -10.9
    H     4.75
 exon    False