>data-XVI-cerevisiae-intergenic-320
N: 292
Methods: voss, eiip, qpsk, mem, tbpse, snrse

M: voss
 freq      0.0   0.0034   0.0068   0.0103   0.0137   0.0171   0.0205    0.024   0.0274   0.0308   0.0342   0.0377   0.0411   0.0445   0.0479   0.0514   0.0548   0.0582   0.0616   0.0651   0.0685   0.0719   0.0753   0.0788   0.0822   0.0856    0.089   0.0925   0.0959   0.0993   0.1027   0.1062   0.1096    0.113   0.1164   0.1199   0.1233   0.1267   0.1301   0.1336    0.137   0.1404   0.1438   0.1473   0.1507   0.1541   0.1575    0.161   0.1644   0.1678   0.1712   0.1747   0.1781   0.1815   0.1849   0.1884   0.1918   0.1952   0.1986   0.2021   0.2055   0.2089   0.2123   0.2158   0.2192   0.2226    0.226   0.2295   0.2329   0.2363   0.2397   0.2432   0.2466     0.25   0.2534   0.2568   0.2603   0.2637   0.2671   0.2705    0.274   0.2774   0.2808   0.2842   0.2877   0.2911   0.2945   0.2979   0.3014   0.3048   0.3082   0.3116   0.3151   0.3185   0.3219   0.3253   0.3288   0.3322   0.3356    0.339   0.3425   0.3459   0.3493   0.3527   0.3562   0.3596    0.363   0.3664   0.3699   0.3733   0.3767   0.3801   0.3836    0.387   0.3904   0.3938   0.3973   0.4007   0.4041   0.4075    0.411   0.4144   0.4178   0.4212   0.4247   0.4281   0.4315   0.4349   0.4384   0.4418   0.4452   0.4486   0.4521   0.4555   0.4589   0.4623   0.4658   0.4692   0.4726    0.476   0.4795   0.4829   0.4863   0.4897   0.4932   0.4966
    S      0.0   0.5739   0.3152   0.5268      1.0   0.0885   0.0953   0.1164   0.4165   0.0541   0.0606   0.0863   0.1213   0.1386   0.0691   0.1997   0.1459   0.0871    0.034   0.0976   0.0458   0.0389   0.2285    0.174   0.1224   0.2244   0.0816   0.1149   0.1633   0.1343   0.0619   0.3075   0.0245   0.0947   0.0608   0.0647   0.0716   0.0323   0.1933   0.1905   0.1064   0.1851   0.1704   0.2652   0.0514   0.1014   0.3419   0.1142    0.138   0.1531   0.2797    0.014   0.1131   0.1915   0.0652   0.0589   0.0202   0.0647    0.095   0.2065   0.0394   0.0434   0.0834   0.0998    0.128   0.0587   0.1689   0.4064   0.1442   0.0826    0.054   0.0076   0.1171   0.0716   0.0746   0.2018   0.0949   0.1158   0.0913   0.0809   0.2849   0.1063   0.0823   0.1497   0.1702   0.1038   0.0351   0.0545   0.1481   0.0999   0.0597   0.0876   0.1056   0.1593   0.0238   0.0913   0.0911   0.0645   0.1335   0.0303   0.3499   0.1286   0.1431   0.1066   0.0961   0.0426   0.0439   0.1166   0.1021   0.0575   0.0581   0.0804   0.0915   0.1847   0.0242   0.1693   0.0739   0.0721   0.1036   0.0439   0.0846    0.018   0.1207   0.2754   0.0645   0.0699   0.0862   0.0642   0.1282   0.0752   0.0958   0.0885   0.3748   0.0972   0.1778   0.3145    0.093   0.1565   0.1357   0.1933   0.0473   0.1619   0.2207   0.1233   0.1345   0.2457
  snr   -12.64
    H      4.7
 exon    False

M: eiip
 freq      0.0   0.0034   0.0068   0.0103   0.0137   0.0171   0.0205    0.024   0.0274   0.0308   0.0342   0.0377   0.0411   0.0445   0.0479   0.0514   0.0548   0.0582   0.0616   0.0651   0.0685   0.0719   0.0753   0.0788   0.0822   0.0856    0.089   0.0925   0.0959   0.0993   0.1027   0.1062   0.1096    0.113   0.1164   0.1199   0.1233   0.1267   0.1301   0.1336    0.137   0.1404   0.1438   0.1473   0.1507   0.1541   0.1575    0.161   0.1644   0.1678   0.1712   0.1747   0.1781   0.1815   0.1849   0.1884   0.1918   0.1952   0.1986   0.2021   0.2055   0.2089   0.2123   0.2158   0.2192   0.2226    0.226   0.2295   0.2329   0.2363   0.2397   0.2432   0.2466     0.25   0.2534   0.2568   0.2603   0.2637   0.2671   0.2705    0.274   0.2774   0.2808   0.2842   0.2877   0.2911   0.2945   0.2979   0.3014   0.3048   0.3082   0.3116   0.3151   0.3185   0.3219   0.3253   0.3288   0.3322   0.3356    0.339   0.3425   0.3459   0.3493   0.3527   0.3562   0.3596    0.363   0.3664   0.3699   0.3733   0.3767   0.3801   0.3836    0.387   0.3904   0.3938   0.3973   0.4007   0.4041   0.4075    0.411   0.4144   0.4178   0.4212   0.4247   0.4281   0.4315   0.4349   0.4384   0.4418   0.4452   0.4486   0.4521   0.4555   0.4589   0.4623   0.4658   0.4692   0.4726    0.476   0.4795   0.4829   0.4863   0.4897   0.4932   0.4966
    S      0.0      1.0   0.0511   0.0679   0.0024   0.0846   0.0932    0.051   0.3045   0.0127   0.0891    0.048   0.0127   0.0316   0.1315   0.0913    0.166   0.0534   0.0225   0.0337   0.0089   0.0303    0.361   0.3083   0.0384   0.1141   0.1891   0.0559     0.03   0.1407   0.0225   0.2317   0.0338    0.008   0.0344   0.0302    0.019   0.0068   0.4636   0.1169   0.0984   0.3072   0.1135   0.5069   0.1237   0.1709   0.0346   0.0067    0.231   0.2312   0.0089   0.0105   0.0976     0.11   0.0113   0.1014   0.0296   0.0438   0.0731   0.0232   0.0199   0.0082   0.0035   0.0056    0.025   0.0281   0.3683   0.1819   0.1981   0.0892   0.0074   0.0108   0.2919   0.0746   0.1223   0.0136   0.1485   0.1364   0.1156   0.0592   0.1346   0.1928   0.1463   0.0451   0.0858   0.0151   0.0468   0.0741   0.0171   0.0715   0.0664    0.022   0.0904   0.0901   0.0057   0.1113   0.1295   0.0361   0.0926   0.0415   0.1327   0.2209   0.0239   0.0635    0.072   0.0182   0.0303   0.0998   0.0754   0.0092   0.1605   0.0304   0.0337   0.0108   0.0334   0.4922   0.1807   0.0254   0.0788   0.0878   0.0435   0.0428    0.005   0.0533   0.0425   0.0193   0.0133   0.0615   0.0423    0.022   0.0433   0.0198   0.2221   0.1217   0.1838   0.0387   0.2287   0.0604   0.1655   0.4627   0.0967   0.1547    0.004   0.0662   0.0171   0.0187
  snr    -11.3
    H     4.44
 exon    False

M: qpsk
 freq      0.0   0.0034   0.0068   0.0103   0.0137   0.0171   0.0205    0.024   0.0274   0.0308   0.0342   0.0377   0.0411   0.0445   0.0479   0.0514   0.0548   0.0582   0.0616   0.0651   0.0685   0.0719   0.0753   0.0788   0.0822   0.0856    0.089   0.0925   0.0959   0.0993   0.1027   0.1062   0.1096    0.113   0.1164   0.1199   0.1233   0.1267   0.1301   0.1336    0.137   0.1404   0.1438   0.1473   0.1507   0.1541   0.1575    0.161   0.1644   0.1678   0.1712   0.1747   0.1781   0.1815   0.1849   0.1884   0.1918   0.1952   0.1986   0.2021   0.2055   0.2089   0.2123   0.2158   0.2192   0.2226    0.226   0.2295   0.2329   0.2363   0.2397   0.2432   0.2466     0.25   0.2534   0.2568   0.2603   0.2637   0.2671   0.2705    0.274   0.2774   0.2808   0.2842   0.2877   0.2911   0.2945   0.2979   0.3014   0.3048   0.3082   0.3116   0.3151   0.3185   0.3219   0.3253   0.3288   0.3322   0.3356    0.339   0.3425   0.3459   0.3493   0.3527   0.3562   0.3596    0.363   0.3664   0.3699   0.3733   0.3767   0.3801   0.3836    0.387   0.3904   0.3938   0.3973   0.4007   0.4041   0.4075    0.411   0.4144   0.4178   0.4212   0.4247   0.4281   0.4315   0.4349   0.4384   0.4418   0.4452   0.4486   0.4521   0.4555   0.4589   0.4623   0.4658   0.4692   0.4726    0.476   0.4795   0.4829   0.4863   0.4897   0.4932   0.4966
    S      0.0   0.8073   0.5636   0.4744      1.0   0.1066   0.1181   0.0262   0.4268    0.063   0.0827   0.0429   0.1529   0.1442    0.062   0.2054   0.2254   0.1214   0.0426   0.1439   0.0517   0.0156   0.4174   0.1404   0.1904   0.3346   0.1459   0.1675   0.2557   0.1337   0.1081   0.4467   0.0325   0.0769   0.0765   0.1155   0.0489   0.0519   0.2271   0.3018   0.1374   0.1641   0.1621   0.4669    0.092   0.1726    0.302   0.1227   0.2455   0.2409   0.3099   0.0214   0.1958   0.0987   0.0316   0.0634   0.0359   0.1132   0.1493   0.0992   0.0665   0.0762   0.0499   0.1476   0.0484   0.1084   0.3076   0.1963   0.0392    0.131   0.0267   0.0097   0.1328   0.0698   0.0995   0.2657   0.1758   0.1802   0.1619   0.0896   0.1997   0.1068   0.1502   0.2735    0.111   0.0802   0.0555    0.067   0.1895   0.1092   0.0661   0.1563   0.1689   0.0823   0.0303   0.1465   0.1379   0.1051    0.093   0.0544   0.2633   0.1975    0.222    0.179   0.1465   0.0651   0.0682   0.2127   0.1602   0.0439   0.0632   0.1044   0.1118   0.2727   0.0199    0.197   0.1143   0.0798   0.1868    0.067   0.1234   0.0144   0.0475   0.3329   0.0932   0.0933   0.1446   0.1126   0.1121   0.1327   0.1395   0.1101   0.4635   0.0727   0.3284   0.2231   0.1231   0.2384   0.1147   0.1799   0.0821   0.2741   0.3451   0.1576   0.1397   0.1901
  snr   -13.48
    H      4.7
 exon    False

M: mem
 freq      0.0   0.0034   0.0068   0.0103   0.0137   0.0171   0.0205    0.024   0.0274   0.0308   0.0342   0.0377   0.0411   0.0445   0.0479   0.0514   0.0548   0.0582   0.0616   0.0651   0.0685   0.0719   0.0753   0.0788   0.0822   0.0856    0.089   0.0925   0.0959   0.0993   0.1027   0.1062   0.1096    0.113   0.1164   0.1199   0.1233   0.1267   0.1301   0.1336    0.137   0.1404   0.1438   0.1473   0.1507   0.1541   0.1575    0.161   0.1644   0.1678   0.1712   0.1747   0.1781   0.1815   0.1849   0.1884   0.1918   0.1952   0.1986   0.2021   0.2055   0.2089   0.2123   0.2158   0.2192   0.2226    0.226   0.2295   0.2329   0.2363   0.2397   0.2432   0.2466     0.25   0.2534   0.2568   0.2603   0.2637   0.2671   0.2705    0.274   0.2774   0.2808   0.2842   0.2877   0.2911   0.2945   0.2979   0.3014   0.3048   0.3082   0.3116   0.3151   0.3185   0.3219   0.3253   0.3288   0.3322   0.3356    0.339   0.3425   0.3459   0.3493   0.3527   0.3562   0.3596    0.363   0.3664   0.3699   0.3733   0.3767   0.3801   0.3836    0.387   0.3904   0.3938   0.3973   0.4007   0.4041   0.4075    0.411   0.4144   0.4178   0.4212   0.4247   0.4281   0.4315   0.4349   0.4384   0.4418   0.4452   0.4486   0.4521   0.4555   0.4589   0.4623   0.4658   0.4692   0.4726    0.476   0.4795   0.4829   0.4863   0.4897   0.4932   0.4966
    S      0.0   0.3717   0.0815   0.5654      1.0   0.0687   0.0814   0.0986   0.2544   0.0185   0.0251   0.1214   0.0857   0.1069   0.0497    0.118    0.056   0.0597     0.01   0.0504   0.0392   0.0275   0.0301   0.1565   0.0519   0.0674   0.0093   0.0351   0.0766   0.1219   0.0136   0.2053   0.0029   0.0788   0.0041   0.0012    0.034   0.0199   0.0874   0.1082    0.055   0.0599   0.0365   0.0019   0.0006   0.0035   0.3835   0.0374   0.0014   0.0042   0.0585   0.0038   0.0096   0.2292   0.0821   0.0437   0.0005   0.0029   0.0389   0.2431   0.0006   0.0184   0.0822   0.0568   0.1376   0.0068   0.0052     0.57   0.1856    0.006   0.0506   0.0049   0.0662   0.0493   0.0278   0.1914   0.0076   0.0542   0.0235   0.0742   0.3283   0.0652   0.0098   0.0186   0.1164   0.0774   0.0062    0.027   0.0501   0.0421   0.0316   0.0335   0.0246   0.2004   0.0184   0.0299    0.033   0.0103   0.0954    0.003    0.321   0.0469   0.1024   0.0151   0.0671   0.0033   0.0216   0.0065   0.0167   0.0621   0.0284   0.0779   0.0175   0.0932   0.0267   0.0836   0.0255   0.0387   0.0165    0.011   0.0395   0.0088    0.125   0.1827   0.0426   0.0117   0.0031   0.0015   0.0856   0.0245   0.0611   0.0481   0.1747   0.0816   0.0156   0.2749   0.0359   0.0988   0.0478   0.1612     0.01   0.0554   0.1549   0.0455   0.1184    0.171
  snr   -10.29
    H      4.3
 exon    False

M: tbpse
 freq      0.0   0.0034   0.0068   0.0103   0.0137   0.0171   0.0205    0.024   0.0274   0.0308   0.0342   0.0377   0.0411   0.0445   0.0479   0.0514   0.0548   0.0582   0.0616   0.0651   0.0685   0.0719   0.0753   0.0788   0.0822   0.0856    0.089   0.0925   0.0959   0.0993   0.1027   0.1062   0.1096    0.113   0.1164   0.1199   0.1233   0.1267   0.1301   0.1336    0.137   0.1404   0.1438   0.1473   0.1507   0.1541   0.1575    0.161   0.1644   0.1678   0.1712   0.1747   0.1781   0.1815   0.1849   0.1884   0.1918   0.1952   0.1986   0.2021   0.2055   0.2089   0.2123   0.2158   0.2192   0.2226    0.226   0.2295   0.2329   0.2363   0.2397   0.2432   0.2466     0.25   0.2534   0.2568   0.2603   0.2637   0.2671   0.2705    0.274   0.2774   0.2808   0.2842   0.2877   0.2911   0.2945   0.2979   0.3014   0.3048   0.3082   0.3116   0.3151   0.3185   0.3219   0.3253   0.3288   0.3322   0.3356    0.339   0.3425   0.3459   0.3493   0.3527   0.3562   0.3596    0.363   0.3664   0.3699   0.3733   0.3767   0.3801   0.3836    0.387   0.3904   0.3938   0.3973   0.4007   0.4041   0.4075    0.411   0.4144   0.4178   0.4212   0.4247   0.4281   0.4315   0.4349   0.4384   0.4418   0.4452   0.4486   0.4521   0.4555   0.4589   0.4623   0.4658   0.4692   0.4726    0.476   0.4795   0.4829   0.4863   0.4897   0.4932   0.4966
    S      0.0   0.3939   0.4166   0.3997      1.0   0.0537   0.0678    0.095   0.5503   0.0585   0.0778   0.0318    0.117   0.1987   0.0443   0.3038   0.2112   0.0934   0.0588   0.1019   0.0485   0.0281   0.2924    0.064    0.154   0.3601   0.0996   0.1076   0.1853   0.1077   0.0799   0.2919   0.0199    0.117   0.0665   0.1085   0.0851   0.0339   0.0961   0.2054   0.0738   0.1028   0.1601   0.2952   0.0525   0.1579   0.2685   0.1933   0.2313   0.1595   0.4431    0.023   0.1926   0.0902   0.0523   0.0249   0.0342   0.1107   0.1275   0.1961   0.0419    0.049   0.0998   0.1189   0.1267    0.087   0.2418   0.1721   0.0226   0.1152   0.0524   0.0068   0.0664   0.0663   0.0471   0.1638   0.1197   0.1416    0.116   0.0596   0.2215   0.0796   0.1124   0.1686   0.1359   0.1432    0.045   0.0624   0.1749   0.1447   0.0405   0.0934    0.098   0.0738   0.0288     0.08   0.1251    0.105   0.1087   0.0483   0.4099   0.1494   0.1274   0.1363   0.0807   0.0654    0.058   0.1914   0.1844   0.0454    0.027   0.0546   0.1262    0.233    0.009   0.0764   0.0642   0.1167   0.1431   0.0341   0.1007   0.0048   0.1358    0.381    0.056   0.1305   0.1069   0.0619   0.1589   0.0969   0.1036   0.1317    0.631   0.0799   0.2209   0.4223   0.0534    0.175   0.1172   0.0556   0.0565   0.2219   0.2066   0.1934   0.1617   0.3816
  snr   -12.92
    H     4.67
 exon    False

M: snrse
 freq      0.0   0.0034   0.0068   0.0103   0.0137   0.0171   0.0205    0.024   0.0274   0.0308   0.0342   0.0377   0.0411   0.0445   0.0479   0.0514   0.0548   0.0582   0.0616   0.0651   0.0685   0.0719   0.0753   0.0788   0.0822   0.0856    0.089   0.0925   0.0959   0.0993   0.1027   0.1062   0.1096    0.113   0.1164   0.1199   0.1233   0.1267   0.1301   0.1336    0.137   0.1404   0.1438   0.1473   0.1507   0.1541   0.1575    0.161   0.1644   0.1678   0.1712   0.1747   0.1781   0.1815   0.1849   0.1884   0.1918   0.1952   0.1986   0.2021   0.2055   0.2089   0.2123   0.2158   0.2192   0.2226    0.226   0.2295   0.2329   0.2363   0.2397   0.2432   0.2466     0.25   0.2534   0.2568   0.2603   0.2637   0.2671   0.2705    0.274   0.2774   0.2808   0.2842   0.2877   0.2911   0.2945   0.2979   0.3014   0.3048   0.3082   0.3116   0.3151   0.3185   0.3219   0.3253   0.3288   0.3322   0.3356    0.339   0.3425   0.3459   0.3493   0.3527   0.3562   0.3596    0.363   0.3664   0.3699   0.3733   0.3767   0.3801   0.3836    0.387   0.3904   0.3938   0.3973   0.4007   0.4041   0.4075    0.411   0.4144   0.4178   0.4212   0.4247   0.4281   0.4315   0.4349   0.4384   0.4418   0.4452   0.4486   0.4521   0.4555   0.4589   0.4623   0.4658   0.4692   0.4726    0.476   0.4795   0.4829   0.4863   0.4897   0.4932   0.4966
    S      0.0   0.3151   0.2209   0.5174      1.0   0.0745   0.0733   0.0169   0.1674    0.021   0.0202   0.0837   0.1118   0.0909   0.0207   0.0629    0.074   0.0801   0.0026   0.0871   0.0434   0.0052   0.1189   0.0738   0.0747   0.0695   0.0095   0.0745   0.1221   0.0942   0.0435   0.2851   0.0063   0.0564   0.0099   0.0145   0.0061   0.0366    0.035   0.1831   0.0723   0.0097   0.0146   0.0663   0.0127   0.0072   0.3474   0.0118   0.0028   0.0393   0.0126   0.0053   0.0262   0.1498   0.0539   0.0307   0.0005   0.0098   0.0676   0.1474   0.0209    0.037   0.0468   0.0873   0.0617   0.0244   0.0257   0.3968   0.0806   0.0098   0.0246   0.0046   0.0262   0.0247   0.0305   0.2485   0.0413   0.0674   0.0572   0.0638   0.2372   0.0211   0.0247   0.1137   0.0599   0.0427   0.0133   0.0214   0.0662   0.0221   0.0251   0.0901   0.0711   0.1293   0.0217   0.0639   0.0362   0.0223   0.0398   0.0079   0.2004   0.0312   0.1655    0.059   0.0817   0.0066   0.0353   0.0272   0.0147   0.0491   0.0046   0.0895    0.017   0.1435   0.0171   0.0192    0.013   0.0267   0.0407   0.0184   0.0454   0.0011   0.0557   0.1836   0.0502   0.0026   0.0418    0.037   0.0568   0.0558   0.0935    0.045   0.1251   0.0365   0.0935   0.1571   0.0262   0.1613   0.0038   0.0699   0.0078   0.1074   0.2616   0.0409   0.1101   0.0745
  snr    -10.0
    H     4.38
 exon    False