>data-XV-cerevisiae-intergenic-232
N: 305
Methods: voss, eiip, qpsk, mem, alg1, alg2

M: voss
 freq      0.0   0.0033   0.0066   0.0098   0.0131   0.0164   0.0197    0.023   0.0262   0.0295   0.0328   0.0361   0.0393   0.0426   0.0459   0.0492   0.0525   0.0557    0.059   0.0623   0.0656   0.0689   0.0721   0.0754   0.0787    0.082   0.0852   0.0885   0.0918   0.0951   0.0984   0.1016   0.1049   0.1082   0.1115   0.1148    0.118   0.1213   0.1246   0.1279   0.1311   0.1344   0.1377    0.141   0.1443   0.1475   0.1508   0.1541   0.1574   0.1607   0.1639   0.1672   0.1705   0.1738    0.177   0.1803   0.1836   0.1869   0.1902   0.1934   0.1967      0.2   0.2033   0.2066   0.2098   0.2131   0.2164   0.2197    0.223   0.2262   0.2295   0.2328   0.2361   0.2393   0.2426   0.2459   0.2492   0.2525   0.2557    0.259   0.2623   0.2656   0.2689   0.2721   0.2754   0.2787    0.282   0.2852   0.2885   0.2918   0.2951   0.2984   0.3016   0.3049   0.3082   0.3115   0.3148    0.318   0.3213   0.3246   0.3279   0.3311   0.3344   0.3377    0.341   0.3443   0.3475   0.3508   0.3541   0.3574   0.3607   0.3639   0.3672   0.3705   0.3738    0.377   0.3803   0.3836   0.3869   0.3902   0.3934   0.3967      0.4   0.4033   0.4066   0.4098   0.4131   0.4164   0.4197    0.423   0.4262   0.4295   0.4328   0.4361   0.4393   0.4426   0.4459   0.4492   0.4525   0.4557    0.459   0.4623   0.4656   0.4689   0.4721   0.4754   0.4787    0.482   0.4852   0.4885   0.4918   0.4951   0.4984
    S      0.0   0.3833   0.3974   0.1852   0.0803   0.2545   0.2969   0.0455   0.4683   0.3071   0.5246   0.2542   0.2992   0.1719   0.0306   0.5745   0.2067   0.3879   0.1038   0.1227   0.4231   0.3356   0.3356    0.672    0.178   0.3183     0.47   0.4226   0.0701   0.9662   0.2354   0.2088   0.0826   0.7265   0.4085    0.069   0.3019   0.2464   0.1989   0.2542   0.1606   0.2854   0.5352   0.4922   0.3021   0.2161   0.4082   0.1629   0.2201   0.3698   0.1459   0.1273   0.1909   0.3283   0.5177   0.3612    0.356   0.3165   0.5211     0.16   0.3478   0.2209   0.1523   0.5915   0.3488     0.54   0.3317   0.2564    0.144   0.1337   0.4919   0.3195   0.1443   0.4321   0.1003   0.3065   0.1453   0.1306   0.1819   0.5867     0.34   0.1881   0.4339   0.3959   0.4117   0.2412   0.3957    0.369   0.1124   0.2115    0.488   0.4579   0.2645   0.2465   0.1267   0.1332    0.244   0.4134   0.1862   0.5363   0.1317   0.3744   0.2695   0.1921   0.4206   0.0552   0.0139   0.2133   0.0554   0.4112   0.0566   0.1484   0.1029   0.1355   0.5878   0.2732      1.0    0.268   0.2352    0.585   0.1598    0.694   0.1325   0.4064   0.1388   0.3451   0.4888   0.3741   0.2017   0.3039   0.3845   0.1524   0.2935    0.053   0.4726   0.2863   0.1802   0.0876   0.2282   0.3581   0.1761   0.1518   0.1948   0.1578   0.1667   0.1175   0.4757   0.0919   0.2983   0.1635   0.3539   0.1471   0.0801
  snr   -16.35
    H     4.85
 exon    False

M: eiip
 freq      0.0   0.0033   0.0066   0.0098   0.0131   0.0164   0.0197    0.023   0.0262   0.0295   0.0328   0.0361   0.0393   0.0426   0.0459   0.0492   0.0525   0.0557    0.059   0.0623   0.0656   0.0689   0.0721   0.0754   0.0787    0.082   0.0852   0.0885   0.0918   0.0951   0.0984   0.1016   0.1049   0.1082   0.1115   0.1148    0.118   0.1213   0.1246   0.1279   0.1311   0.1344   0.1377    0.141   0.1443   0.1475   0.1508   0.1541   0.1574   0.1607   0.1639   0.1672   0.1705   0.1738    0.177   0.1803   0.1836   0.1869   0.1902   0.1934   0.1967      0.2   0.2033   0.2066   0.2098   0.2131   0.2164   0.2197    0.223   0.2262   0.2295   0.2328   0.2361   0.2393   0.2426   0.2459   0.2492   0.2525   0.2557    0.259   0.2623   0.2656   0.2689   0.2721   0.2754   0.2787    0.282   0.2852   0.2885   0.2918   0.2951   0.2984   0.3016   0.3049   0.3082   0.3115   0.3148    0.318   0.3213   0.3246   0.3279   0.3311   0.3344   0.3377    0.341   0.3443   0.3475   0.3508   0.3541   0.3574   0.3607   0.3639   0.3672   0.3705   0.3738    0.377   0.3803   0.3836   0.3869   0.3902   0.3934   0.3967      0.4   0.4033   0.4066   0.4098   0.4131   0.4164   0.4197    0.423   0.4262   0.4295   0.4328   0.4361   0.4393   0.4426   0.4459   0.4492   0.4525   0.4557    0.459   0.4623   0.4656   0.4689   0.4721   0.4754   0.4787    0.482   0.4852   0.4885   0.4918   0.4951   0.4984
    S      0.0   0.0702   0.1327   0.0756   0.0297      0.1   0.1392   0.0247   0.3404   0.2822   0.7517   0.0004   0.1454   0.1884   0.0465     0.04   0.0739    0.045   0.0024    0.058   0.2795   0.3855    0.041   0.0405   0.0428   0.1315   0.1416    0.154    0.001   0.0539   0.0674   0.1042   0.1496    0.401   0.0541   0.0583   0.1014    0.115   0.0306   0.1461   0.0372   0.0386   0.1487   0.0794   0.3708   0.1091   0.0121   0.0666   0.2008    0.192   0.0279   0.0803   0.2154   0.2808   0.2845   0.0544   0.0694   0.0627   0.0899   0.0483    0.036   0.0377   0.0332   0.7553   0.0274    0.228   0.0178   0.0278   0.0048   0.0415   0.1342    0.499   0.0313   0.0292   0.0132   0.0181   0.1704   0.0273   0.0696   0.8442   0.0267   0.0542   0.3975    0.129   0.5618   0.2238   0.0827   0.1032   0.0261   0.0947   0.3404   0.0908   0.0173    0.013   0.1278   0.0133   0.0555   0.1022   0.0033      1.0   0.1974     0.13   0.0743   0.0866   0.2142   0.0739   0.0033   0.2055   0.0201   0.1783   0.0666   0.1511   0.1072   0.0194   0.2313   0.0728   0.2104   0.0307    0.052   0.4969   0.1854   0.0483   0.0529   0.5535   0.1184   0.0438   0.3042   0.6601    0.174   0.0174   0.0797   0.0044    0.044    0.016    0.463   0.0115   0.1561   0.0543   0.1098   0.0685   0.1497   0.1678   0.0114   0.0352    0.044   0.0653   0.0968   0.0742   0.0288   0.0913   0.1818    0.104   0.0504
  snr   -12.99
    H     4.49
 exon     True

M: qpsk
 freq      0.0   0.0033   0.0066   0.0098   0.0131   0.0164   0.0197    0.023   0.0262   0.0295   0.0328   0.0361   0.0393   0.0426   0.0459   0.0492   0.0525   0.0557    0.059   0.0623   0.0656   0.0689   0.0721   0.0754   0.0787    0.082   0.0852   0.0885   0.0918   0.0951   0.0984   0.1016   0.1049   0.1082   0.1115   0.1148    0.118   0.1213   0.1246   0.1279   0.1311   0.1344   0.1377    0.141   0.1443   0.1475   0.1508   0.1541   0.1574   0.1607   0.1639   0.1672   0.1705   0.1738    0.177   0.1803   0.1836   0.1869   0.1902   0.1934   0.1967      0.2   0.2033   0.2066   0.2098   0.2131   0.2164   0.2197    0.223   0.2262   0.2295   0.2328   0.2361   0.2393   0.2426   0.2459   0.2492   0.2525   0.2557    0.259   0.2623   0.2656   0.2689   0.2721   0.2754   0.2787    0.282   0.2852   0.2885   0.2918   0.2951   0.2984   0.3016   0.3049   0.3082   0.3115   0.3148    0.318   0.3213   0.3246   0.3279   0.3311   0.3344   0.3377    0.341   0.3443   0.3475   0.3508   0.3541   0.3574   0.3607   0.3639   0.3672   0.3705   0.3738    0.377   0.3803   0.3836   0.3869   0.3902   0.3934   0.3967      0.4   0.4033   0.4066   0.4098   0.4131   0.4164   0.4197    0.423   0.4262   0.4295   0.4328   0.4361   0.4393   0.4426   0.4459   0.4492   0.4525   0.4557    0.459   0.4623   0.4656   0.4689   0.4721   0.4754   0.4787    0.482   0.4852   0.4885   0.4918   0.4951   0.4984
    S      0.0   0.4008    0.356   0.2157    0.029   0.0569   0.2922   0.0369   0.5076   0.3083   0.5618   0.1029   0.1997   0.2161   0.0264   0.4315   0.1911   0.1249   0.0735   0.1336   0.2418   0.4171   0.1969   0.3078   0.2092   0.1331   0.2332   0.3055   0.0443      1.0   0.2273   0.1268   0.0486   0.7008   0.4108   0.0607   0.2269   0.2516   0.2502   0.2583   0.1738   0.2124   0.3502   0.4373     0.29   0.0877   0.3472   0.0983   0.1491   0.4163   0.1344   0.1535   0.1954   0.1222   0.5555   0.1645   0.3258   0.2293   0.5425   0.0952   0.1931   0.0234   0.1154   0.2459   0.2065    0.431   0.2517   0.1987   0.0607   0.1661   0.2232   0.2808   0.1194   0.1896   0.1081   0.1155   0.1795   0.0743   0.1561   0.6812   0.0769   0.1722   0.4373   0.3252   0.2686   0.1445    0.259   0.4229   0.1404   0.1375   0.6115    0.511   0.2658   0.2279   0.0807   0.0604   0.1973   0.3595   0.1081    0.426   0.1638   0.4316   0.1946   0.2411   0.4987   0.0656   0.0133    0.141   0.0606   0.4508   0.0362   0.1023   0.1093   0.1133   0.5877   0.2447   0.9236   0.1832   0.1583   0.7274   0.1303   0.4479   0.1311   0.3248   0.1711   0.2127   0.4717   0.2718   0.2362   0.1425   0.3649   0.1279   0.2847   0.0526   0.4831   0.2471   0.2096   0.1093   0.0909   0.3124   0.2167   0.1455   0.1155   0.1066   0.1358   0.1133   0.2911   0.0419   0.1528   0.1089   0.2236   0.1022   0.0833
  snr   -15.48
    H     4.79
 exon    False

M: mem
 freq      0.0   0.0033   0.0066   0.0099   0.0132   0.0164   0.0197    0.023   0.0263   0.0296   0.0329   0.0362   0.0395   0.0428   0.0461   0.0493   0.0526   0.0559   0.0592   0.0625   0.0658   0.0691   0.0724   0.0757   0.0789   0.0822   0.0855   0.0888   0.0921   0.0954   0.0987    0.102   0.1053   0.1086   0.1118   0.1151   0.1184   0.1217    0.125   0.1283   0.1316   0.1349   0.1382   0.1414   0.1447    0.148   0.1513   0.1546   0.1579   0.1612   0.1645   0.1678   0.1711   0.1743   0.1776   0.1809   0.1842   0.1875   0.1908   0.1941   0.1974   0.2007   0.2039   0.2072   0.2105   0.2138   0.2171   0.2204   0.2237    0.227   0.2303   0.2336   0.2368   0.2401   0.2434   0.2467     0.25   0.2533   0.2566   0.2599   0.2632   0.2664   0.2697    0.273   0.2763   0.2796   0.2829   0.2862   0.2895   0.2928   0.2961   0.2993   0.3026   0.3059   0.3092   0.3125   0.3158   0.3191   0.3224   0.3257   0.3289   0.3322   0.3355   0.3388   0.3421   0.3454   0.3487    0.352   0.3553   0.3586   0.3618   0.3651   0.3684   0.3717    0.375   0.3783   0.3816   0.3849   0.3882   0.3914   0.3947    0.398   0.4013   0.4046   0.4079   0.4112   0.4145   0.4178   0.4211   0.4243   0.4276   0.4309   0.4342   0.4375   0.4408   0.4441   0.4474   0.4507   0.4539   0.4572   0.4605   0.4638   0.4671   0.4704   0.4737    0.477   0.4803   0.4836   0.4868   0.4901   0.4934   0.4967
    S      0.0   0.1274   0.0883   0.0128   0.0243   0.0497    0.099   0.0092   0.2836   0.1249   0.5305   0.0063   0.0276   0.1386   0.0319   0.0176   0.0472   0.0533   0.0112   0.0485   0.1457   0.2678   0.0252   0.0136   0.0017   0.1543   0.1021   0.0654   0.0003    0.191   0.0294   0.1615   0.0723     0.29   0.0978   0.0558    0.053   0.0551   0.0134   0.0966   0.0355    0.013    0.022   0.0168   0.2581   0.0376   0.0088   0.0514   0.0755   0.0928   0.0262   0.0586   0.0802   0.2412   0.0362    0.033    0.023   0.0591    0.116   0.0482   0.0613   0.0404   0.0204   0.3113   0.0223   0.1402   0.0573   0.0399   0.0121   0.0099   0.0304   0.2381    0.003   0.0418   0.0621   0.0232   0.0712   0.0052   0.1463   0.3127   0.0044   0.1279   0.1291   0.0955   0.4544   0.2906    0.268   0.0571   0.0097   0.0846    0.382   0.1057   0.0226   0.0051   0.0965    0.014   0.0117   0.0125   0.0322      1.0    0.034   0.0253   0.0424   0.2016   0.0598   0.0574   0.0564   0.0561   0.1017   0.0952   0.0821   0.1915   0.0229   0.0521   0.2303   0.0294   0.0698   0.0017   0.0175   0.3032   0.1425   0.1221   0.2574   0.1002   0.0523   0.0246   0.2041   0.3942   0.1025   0.1294    0.016    0.011    0.047    0.105   0.2794   0.0162   0.0778   0.0357   0.1175   0.0642   0.1697   0.0083   0.0666   0.0013    0.072   0.0692   0.0016   0.0286   0.0657   0.0064   0.0201   0.1229
  snr   -11.29
    H     4.47
 exon     True

M: alg1
 freq      0.0   0.0033   0.0066   0.0098   0.0131   0.0164   0.0197    0.023   0.0262   0.0295   0.0328   0.0361   0.0393   0.0426   0.0459   0.0492   0.0525   0.0557    0.059   0.0623   0.0656   0.0689   0.0721   0.0754   0.0787    0.082   0.0852   0.0885   0.0918   0.0951   0.0984   0.1016   0.1049   0.1082   0.1115   0.1148    0.118   0.1213   0.1246   0.1279   0.1311   0.1344   0.1377    0.141   0.1443   0.1475   0.1508   0.1541   0.1574   0.1607   0.1639   0.1672   0.1705   0.1738    0.177   0.1803   0.1836   0.1869   0.1902   0.1934   0.1967      0.2   0.2033   0.2066   0.2098   0.2131   0.2164   0.2197    0.223   0.2262   0.2295   0.2328   0.2361   0.2393   0.2426   0.2459   0.2492   0.2525   0.2557    0.259   0.2623   0.2656   0.2689   0.2721   0.2754   0.2787    0.282   0.2852   0.2885   0.2918   0.2951   0.2984   0.3016   0.3049   0.3082   0.3115   0.3148    0.318   0.3213   0.3246   0.3279   0.3311   0.3344   0.3377    0.341   0.3443   0.3475   0.3508   0.3541   0.3574   0.3607   0.3639   0.3672   0.3705   0.3738    0.377   0.3803   0.3836   0.3869   0.3902   0.3934   0.3967      0.4   0.4033   0.4066   0.4098   0.4131   0.4164   0.4197    0.423   0.4262   0.4295   0.4328   0.4361   0.4393   0.4426   0.4459   0.4492   0.4525   0.4557    0.459   0.4623   0.4656   0.4689   0.4721   0.4754   0.4787    0.482   0.4852   0.4885   0.4918   0.4951   0.4984
    S      0.0   0.5137   0.0741    0.076   0.0535   0.0489   0.1871   0.0063   0.3098   0.0459   0.3507   0.0361   0.1073   0.1065   0.0362   0.2254   0.0694   0.0994   0.0576   0.1241   0.1022   0.2976   0.0307   0.2025    0.169   0.2142   0.1214   0.1492   0.0383      1.0   0.1346   0.2496   0.0443   0.3543   0.4821    0.037   0.0884   0.0646   0.2194    0.109   0.1301    0.057   0.1591   0.4137   0.0998   0.0932   0.3203   0.0061   0.0077   0.0838   0.1938   0.0525   0.0528   0.0848   0.1376   0.0214   0.2224   0.3689   0.5206   0.1144   0.1748   0.0384   0.0756   0.0586    0.028    0.422   0.3149   0.0823   0.0501   0.2038   0.2052   0.0518   0.1114   0.1694    0.155   0.0711   0.0307   0.0059   0.1274   0.0312   0.0123    0.204   0.4683   0.5803   0.3028    0.107    0.112   0.4546   0.1071    0.052   0.5701   0.5219   0.2175   0.2159   0.1014   0.0397    0.151   0.1911   0.0675   0.2709   0.0487   0.6838   0.3494   0.3202   0.4178   0.0169   0.0151   0.0348   0.0599   0.3835   0.0324   0.0821   0.0564   0.1196   0.2598   0.1146   0.5425   0.0404   0.0191   0.4337   0.0261   0.2683   0.1064   0.4052   0.0867   0.1249   0.1795   0.2955   0.0602   0.0661   0.3188   0.1224   0.2591   0.0359   0.2119    0.294   0.0148   0.1432   0.0746   0.1293   0.2495   0.0373   0.0209   0.1232   0.1153   0.0539   0.2647   0.0727   0.0356   0.1681   0.0464    0.081   0.0044
  snr   -13.88
    H     4.64
 exon    False

M: alg2
 freq      0.0   0.0033   0.0066   0.0098   0.0131   0.0164   0.0197    0.023   0.0262   0.0295   0.0328   0.0361   0.0393   0.0426   0.0459   0.0492   0.0525   0.0557    0.059   0.0623   0.0656   0.0689   0.0721   0.0754   0.0787    0.082   0.0852   0.0885   0.0918   0.0951   0.0984   0.1016   0.1049   0.1082   0.1115   0.1148    0.118   0.1213   0.1246   0.1279   0.1311   0.1344   0.1377    0.141   0.1443   0.1475   0.1508   0.1541   0.1574   0.1607   0.1639   0.1672   0.1705   0.1738    0.177   0.1803   0.1836   0.1869   0.1902   0.1934   0.1967      0.2   0.2033   0.2066   0.2098   0.2131   0.2164   0.2197    0.223   0.2262   0.2295   0.2328   0.2361   0.2393   0.2426   0.2459   0.2492   0.2525   0.2557    0.259   0.2623   0.2656   0.2689   0.2721   0.2754   0.2787    0.282   0.2852   0.2885   0.2918   0.2951   0.2984   0.3016   0.3049   0.3082   0.3115   0.3148    0.318   0.3213   0.3246   0.3279   0.3311   0.3344   0.3377    0.341   0.3443   0.3475   0.3508   0.3541   0.3574   0.3607   0.3639   0.3672   0.3705   0.3738    0.377   0.3803   0.3836   0.3869   0.3902   0.3934   0.3967      0.4   0.4033   0.4066   0.4098   0.4131   0.4164   0.4197    0.423   0.4262   0.4295   0.4328   0.4361   0.4393   0.4426   0.4459   0.4492   0.4525   0.4557    0.459   0.4623   0.4656   0.4689   0.4721   0.4754   0.4787    0.482   0.4852   0.4885   0.4918   0.4951   0.4984
    S      0.0   0.1714   0.2526   0.2154   0.0347   0.0095   0.2555   0.0205   0.0866   0.2025   0.0784   0.0794   0.0516   0.0901   0.0001   0.2579   0.1853   0.0496   0.0007   0.0023   0.0455   0.1093   0.1379   0.1482   0.1617   0.1588   0.1171   0.0505   0.0553   0.0744    0.089   0.0614   0.0035   0.1753   0.3424   0.0231   0.0549   0.1565   0.1748   0.0865   0.1095   0.1758   0.1141   0.1993   0.0772   0.0516   0.0286   0.0681   0.1097   0.4088   0.0799    0.118   0.1356   0.0141   0.5416   0.0891   0.1867   0.1346   0.0752    0.092   0.1308    0.067   0.0125   0.0691   0.1135   0.0545   0.2327   0.1984   0.0838   0.0096   0.0381   0.1563   0.0492   0.1016   0.0302   0.0669   0.1081   0.0491   0.0041   0.4695   0.0768   0.0522   0.0164   0.1486   0.0806   0.0614   0.0443   0.0156   0.0984   0.1362   0.0641   0.0438   0.2124   0.0178   0.0457   0.0585   0.0495   0.3367   0.0044   0.0865   0.0623   0.0941   0.1473   0.0103   0.2278     0.04   0.0004   0.0458   0.0258   0.0097   0.0186   0.0571   0.0196    0.065   0.1661   0.1648      1.0   0.1686   0.1236   0.3754   0.0599   0.1569   0.0708   0.0017   0.0571   0.1861   0.3154   0.0134   0.1746   0.0215    0.014   0.0053   0.0024   0.0275   0.1409   0.2246   0.1487   0.0042    0.095   0.2471     0.02   0.1111   0.0597   0.0096   0.0221   0.0205   0.2356   0.0073   0.1897   0.0802   0.0808   0.0032   0.0516
  snr   -11.89
    H     4.58
 exon    False