>data-XVI-cerevisiae-intergenic-45
N: 409
Methods: voss, eiip, qpsk, mem, tbpse, snrse

M: voss
 freq      0.0   0.0024   0.0049   0.0073   0.0098   0.0122   0.0147   0.0171   0.0196    0.022   0.0244   0.0269   0.0293   0.0318   0.0342   0.0367   0.0391   0.0416    0.044   0.0465   0.0489   0.0513   0.0538   0.0562   0.0587   0.0611   0.0636    0.066   0.0685   0.0709   0.0733   0.0758   0.0782   0.0807   0.0831   0.0856    0.088   0.0905   0.0929   0.0954   0.0978   0.1002   0.1027   0.1051   0.1076     0.11   0.1125   0.1149   0.1174   0.1198   0.1222   0.1247   0.1271   0.1296    0.132   0.1345   0.1369   0.1394   0.1418   0.1443   0.1467   0.1491   0.1516    0.154   0.1565   0.1589   0.1614   0.1638   0.1663   0.1687   0.1711   0.1736    0.176   0.1785   0.1809   0.1834   0.1858   0.1883   0.1907   0.1932   0.1956    0.198   0.2005   0.2029   0.2054   0.2078   0.2103   0.2127   0.2152   0.2176     0.22   0.2225   0.2249   0.2274   0.2298   0.2323   0.2347   0.2372   0.2396   0.2421   0.2445   0.2469   0.2494   0.2518   0.2543   0.2567   0.2592   0.2616   0.2641   0.2665   0.2689   0.2714   0.2738   0.2763   0.2787   0.2812   0.2836   0.2861   0.2885    0.291   0.2934   0.2958   0.2983   0.3007   0.3032   0.3056   0.3081   0.3105    0.313   0.3154   0.3178   0.3203   0.3227   0.3252   0.3276   0.3301   0.3325    0.335   0.3374   0.3399   0.3423   0.3447   0.3472   0.3496   0.3521   0.3545    0.357   0.3594   0.3619   0.3643   0.3667   0.3692   0.3716   0.3741   0.3765    0.379   0.3814   0.3839   0.3863   0.3888   0.3912   0.3936   0.3961   0.3985    0.401   0.4034   0.4059   0.4083   0.4108   0.4132   0.4156   0.4181   0.4205    0.423   0.4254   0.4279   0.4303   0.4328   0.4352   0.4377   0.4401   0.4425    0.445   0.4474   0.4499   0.4523   0.4548   0.4572   0.4597   0.4621   0.4645    0.467   0.4694   0.4719   0.4743   0.4768   0.4792   0.4817   0.4841   0.4866    0.489   0.4914   0.4939   0.4963   0.4988
    S      0.0   0.1957      1.0   0.3388   0.2402   0.1244   0.5077    0.122    0.255   0.4125   0.1643   0.1025   0.1909   0.0741   0.3261   0.2343   0.5005   0.1884   0.7236   0.1707   0.3343   0.2199   0.2216   0.0757   0.1117   0.2665   0.0742   0.0452   0.1393   0.1195   0.1172   0.2043   0.1234   0.1874   0.2209   0.1425   0.3268   0.2435   0.3958   0.3079    0.032   0.2041   0.3602   0.1783   0.1458   0.2082    0.302   0.2022   0.1996     0.08   0.2744    0.136   0.2234   0.5693   0.1607    0.126   0.1309   0.1531   0.1126   0.1231   0.0921   0.0707   0.0895   0.3205   0.0905   0.0836   0.4066   0.2679   0.0875   0.1115   0.1194   0.2592   0.2497   0.2611    0.103   0.0803   0.2076   0.1988   0.1747   0.1822   0.0552   0.1173   0.0914   0.1195   0.2001   0.1946   0.2048   0.2365   0.1274   0.1585   0.2667   0.2355   0.1284   0.0568   0.1068   0.3521   0.4551    0.107   0.0469   0.1382   0.3252   0.1147   0.2874   0.1296   0.1437   0.3991   0.2183   0.3771   0.2488   0.7316    0.114   0.0438   0.1209   0.0226   0.1626   0.4119   0.0869   0.3031   0.1048     0.06   0.0669   0.1445   0.2212    0.125   0.1712    0.081   0.2541   0.1227   0.0716   0.2496   0.1562   0.1344   0.1786   0.2781   0.3048   0.2715   0.1307   0.3268    0.304   0.1108   0.3012   0.0648    0.137   0.2161   0.1072   0.3437   0.1061   0.2134   0.3371   0.2138   0.2311   0.1704   0.0876   0.2388   0.0822   0.1401   0.4498   0.0874   0.1603   0.5044   0.1731   0.1532   0.3644   0.0858    0.106    0.126   0.1767   0.1796   0.2481   0.1256   0.1689   0.0546   0.1419   0.2343    0.034   0.0888   0.0394   0.2541   0.5177   0.0954   0.1202   0.0875   0.0945   0.0882   0.2407   0.1014   0.2074    0.094    0.369   0.3248   0.1214   0.3401   0.1429   0.0398   0.1172   0.1194   0.1302   0.0879   0.1134   0.5365   0.2164   0.0741   0.3857   0.2636   0.2865
  snr   -16.01
    H     5.13
 exon    False

M: eiip
 freq      0.0   0.0024   0.0049   0.0073   0.0098   0.0122   0.0147   0.0171   0.0196    0.022   0.0244   0.0269   0.0293   0.0318   0.0342   0.0367   0.0391   0.0416    0.044   0.0465   0.0489   0.0513   0.0538   0.0562   0.0587   0.0611   0.0636    0.066   0.0685   0.0709   0.0733   0.0758   0.0782   0.0807   0.0831   0.0856    0.088   0.0905   0.0929   0.0954   0.0978   0.1002   0.1027   0.1051   0.1076     0.11   0.1125   0.1149   0.1174   0.1198   0.1222   0.1247   0.1271   0.1296    0.132   0.1345   0.1369   0.1394   0.1418   0.1443   0.1467   0.1491   0.1516    0.154   0.1565   0.1589   0.1614   0.1638   0.1663   0.1687   0.1711   0.1736    0.176   0.1785   0.1809   0.1834   0.1858   0.1883   0.1907   0.1932   0.1956    0.198   0.2005   0.2029   0.2054   0.2078   0.2103   0.2127   0.2152   0.2176     0.22   0.2225   0.2249   0.2274   0.2298   0.2323   0.2347   0.2372   0.2396   0.2421   0.2445   0.2469   0.2494   0.2518   0.2543   0.2567   0.2592   0.2616   0.2641   0.2665   0.2689   0.2714   0.2738   0.2763   0.2787   0.2812   0.2836   0.2861   0.2885    0.291   0.2934   0.2958   0.2983   0.3007   0.3032   0.3056   0.3081   0.3105    0.313   0.3154   0.3178   0.3203   0.3227   0.3252   0.3276   0.3301   0.3325    0.335   0.3374   0.3399   0.3423   0.3447   0.3472   0.3496   0.3521   0.3545    0.357   0.3594   0.3619   0.3643   0.3667   0.3692   0.3716   0.3741   0.3765    0.379   0.3814   0.3839   0.3863   0.3888   0.3912   0.3936   0.3961   0.3985    0.401   0.4034   0.4059   0.4083   0.4108   0.4132   0.4156   0.4181   0.4205    0.423   0.4254   0.4279   0.4303   0.4328   0.4352   0.4377   0.4401   0.4425    0.445   0.4474   0.4499   0.4523   0.4548   0.4572   0.4597   0.4621   0.4645    0.467   0.4694   0.4719   0.4743   0.4768   0.4792   0.4817   0.4841   0.4866    0.489   0.4914   0.4939   0.4963   0.4988
    S      0.0   0.3126   0.3968   0.0194   0.1267   0.2285   0.0198   0.2698   0.3944   0.2209   0.0861   0.0475   0.2958   0.0102   0.5731    0.262   0.3572   0.0131   0.5627   0.1551   0.7144   0.0393   0.0614   0.0138    0.273   0.1868   0.0329   0.0387    0.101   0.0987   0.3292   0.0691   0.1715   0.1212   0.1448   0.0581   0.0053    0.513   0.2114   0.0383   0.0335   0.3769   0.3162   0.3601   0.0001   0.2566   0.0385   0.1761   0.1872   0.1566   0.1822   0.1279   0.0049   0.2541   0.2815   0.3809   0.1459   0.1758    0.104   0.2553   0.1238   0.1108   0.2427   0.0871   0.0544   0.1586   0.2595   0.7172    0.144   0.0674   0.2173    0.163   0.0118   0.2481   0.1887   0.0642   0.2331   0.0805   0.0292   0.2131   0.0786   0.1757   0.0287   0.0124   0.3334   0.1348   0.2482    0.493   0.1353   0.0846    0.342   0.0656   0.0676    0.054   0.0279   0.3281    0.152   0.0849   0.0508   0.0996   0.1715   0.1026    0.053   0.3119   0.3693   0.1632   0.1475    0.588   0.0001   0.2839   0.1955   0.0931   0.0072   0.0464   0.1633   0.2667   0.0438   0.4723   0.0225   0.1229    0.017   0.0923   0.1488   0.0422   0.3322   0.1442   0.0947   0.0261   0.1137   0.3816   0.1087   0.0469   0.1166   0.0125   0.4497   0.3006    0.247   0.9996   0.4693   0.1624   0.6258   0.1816   0.0607   0.2356   0.2594   0.5088   0.1015   0.1007   0.3002   0.1048   0.0388   0.1038   0.0091   0.3184   0.0915   0.1336   0.7185   0.0867   0.4261   0.7926   0.3353   0.0947   0.0144   0.1016   0.0991    0.124   0.0369   0.1073   0.3535   0.0989   0.1692   0.0754   0.2104   0.2646   0.0219   0.1025   0.0162   0.0799   0.1559   0.1846   0.3435   0.0922   0.2323   0.1184   0.3781   0.1659   0.6627    0.121   0.6304   0.1892   0.1219    0.593   0.0161   0.0265   0.2011   0.2742   0.1868   0.1469   0.0055   0.2199   0.4394   0.1244      1.0   0.3732   0.3703
  snr   -15.98
    H     4.95
 exon    False

M: qpsk
 freq      0.0   0.0024   0.0049   0.0073   0.0098   0.0122   0.0147   0.0171   0.0196    0.022   0.0244   0.0269   0.0293   0.0318   0.0342   0.0367   0.0391   0.0416    0.044   0.0465   0.0489   0.0513   0.0538   0.0562   0.0587   0.0611   0.0636    0.066   0.0685   0.0709   0.0733   0.0758   0.0782   0.0807   0.0831   0.0856    0.088   0.0905   0.0929   0.0954   0.0978   0.1002   0.1027   0.1051   0.1076     0.11   0.1125   0.1149   0.1174   0.1198   0.1222   0.1247   0.1271   0.1296    0.132   0.1345   0.1369   0.1394   0.1418   0.1443   0.1467   0.1491   0.1516    0.154   0.1565   0.1589   0.1614   0.1638   0.1663   0.1687   0.1711   0.1736    0.176   0.1785   0.1809   0.1834   0.1858   0.1883   0.1907   0.1932   0.1956    0.198   0.2005   0.2029   0.2054   0.2078   0.2103   0.2127   0.2152   0.2176     0.22   0.2225   0.2249   0.2274   0.2298   0.2323   0.2347   0.2372   0.2396   0.2421   0.2445   0.2469   0.2494   0.2518   0.2543   0.2567   0.2592   0.2616   0.2641   0.2665   0.2689   0.2714   0.2738   0.2763   0.2787   0.2812   0.2836   0.2861   0.2885    0.291   0.2934   0.2958   0.2983   0.3007   0.3032   0.3056   0.3081   0.3105    0.313   0.3154   0.3178   0.3203   0.3227   0.3252   0.3276   0.3301   0.3325    0.335   0.3374   0.3399   0.3423   0.3447   0.3472   0.3496   0.3521   0.3545    0.357   0.3594   0.3619   0.3643   0.3667   0.3692   0.3716   0.3741   0.3765    0.379   0.3814   0.3839   0.3863   0.3888   0.3912   0.3936   0.3961   0.3985    0.401   0.4034   0.4059   0.4083   0.4108   0.4132   0.4156   0.4181   0.4205    0.423   0.4254   0.4279   0.4303   0.4328   0.4352   0.4377   0.4401   0.4425    0.445   0.4474   0.4499   0.4523   0.4548   0.4572   0.4597   0.4621   0.4645    0.467   0.4694   0.4719   0.4743   0.4768   0.4792   0.4817   0.4841   0.4866    0.489   0.4914   0.4939   0.4963   0.4988
    S      0.0    0.215      1.0    0.347   0.2792     0.15   0.2276   0.1365   0.2889   0.2328   0.1227   0.0886   0.2197   0.0601   0.3792   0.2147    0.531   0.1965   0.7037   0.1735   0.2668   0.1016   0.1709   0.0675    0.094   0.2185   0.0663   0.0458    0.155   0.1377    0.123   0.1822   0.0863   0.2109   0.1932   0.0907   0.1425   0.2102    0.443   0.2672   0.0339   0.0876   0.3959   0.0623   0.0494   0.2164   0.2333   0.0873   0.2344   0.0746   0.2501   0.1594   0.2191   0.5586   0.0666   0.0633   0.1573   0.1702   0.0403   0.0389   0.1032   0.0691   0.0359    0.302   0.0738   0.0966   0.2143   0.2628   0.0625   0.0773   0.0475   0.0262   0.0981      0.2   0.0486   0.0748   0.2415    0.015   0.0608   0.1432   0.0255   0.0448   0.0242   0.0767   0.2176   0.2316   0.1947   0.0658   0.1314    0.057   0.2523   0.2206   0.1381   0.0662   0.0891   0.1627   0.1674   0.1122    0.031   0.0881   0.1729    0.082   0.1973   0.1588   0.1372   0.4862   0.0188   0.4603   0.2753    0.536   0.1145   0.0516   0.0763   0.0257   0.1637   0.2489   0.0976   0.1259   0.0402   0.0707   0.0165   0.1129   0.2508    0.124    0.111   0.0305   0.2714   0.0638   0.0305   0.0855   0.0903   0.1104   0.1474   0.3163   0.3384   0.2996   0.1596   0.3156   0.2501   0.1051   0.1725   0.0231   0.1329   0.1951   0.1054    0.226   0.0569    0.196   0.1444   0.1821    0.174    0.142   0.0498   0.1065   0.0437   0.1534   0.4665    0.059   0.0823    0.108   0.2125   0.1415   0.2314   0.0741   0.0969   0.1493   0.1972   0.1687   0.0704   0.1319   0.1333   0.0544   0.1722   0.2486   0.0331   0.0904   0.0119   0.1873   0.3523   0.0912   0.0927    0.035   0.0687   0.0827   0.2154   0.0367   0.2093   0.1082   0.2732   0.3972   0.0665    0.213   0.1402   0.0372   0.0823    0.147   0.0233   0.0703   0.0538    0.411    0.236   0.0303   0.4202   0.3085   0.1583
  snr   -15.06
    H     5.05
 exon    False

M: mem
 freq      0.0   0.0025   0.0049   0.0074   0.0098   0.0123   0.0147   0.0172   0.0196   0.0221   0.0245    0.027   0.0294   0.0319   0.0343   0.0368   0.0392   0.0417   0.0441   0.0466    0.049   0.0515   0.0539   0.0564   0.0588   0.0613   0.0637   0.0662   0.0686   0.0711   0.0735    0.076   0.0784   0.0809   0.0833   0.0858   0.0882   0.0907   0.0931   0.0956    0.098   0.1005   0.1029   0.1054   0.1078   0.1103   0.1127   0.1152   0.1176   0.1201   0.1225    0.125   0.1275   0.1299   0.1324   0.1348   0.1373   0.1397   0.1422   0.1446   0.1471   0.1495    0.152   0.1544   0.1569   0.1593   0.1618   0.1642   0.1667   0.1691   0.1716    0.174   0.1765   0.1789   0.1814   0.1838   0.1863   0.1887   0.1912   0.1936   0.1961   0.1985    0.201   0.2034   0.2059   0.2083   0.2108   0.2132   0.2157   0.2181   0.2206    0.223   0.2255   0.2279   0.2304   0.2328   0.2353   0.2377   0.2402   0.2426   0.2451   0.2475     0.25   0.2525   0.2549   0.2574   0.2598   0.2623   0.2647   0.2672   0.2696   0.2721   0.2745    0.277   0.2794   0.2819   0.2843   0.2868   0.2892   0.2917   0.2941   0.2966    0.299   0.3015   0.3039   0.3064   0.3088   0.3113   0.3137   0.3162   0.3186   0.3211   0.3235    0.326   0.3284   0.3309   0.3333   0.3358   0.3382   0.3407   0.3431   0.3456    0.348   0.3505   0.3529   0.3554   0.3578   0.3603   0.3627   0.3652   0.3676   0.3701   0.3725    0.375   0.3775   0.3799   0.3824   0.3848   0.3873   0.3897   0.3922   0.3946   0.3971   0.3995    0.402   0.4044   0.4069   0.4093   0.4118   0.4142   0.4167   0.4191   0.4216    0.424   0.4265   0.4289   0.4314   0.4338   0.4363   0.4387   0.4412   0.4436   0.4461   0.4485    0.451   0.4534   0.4559   0.4583   0.4608   0.4632   0.4657   0.4681   0.4706    0.473   0.4755   0.4779   0.4804   0.4828   0.4853   0.4877   0.4902   0.4926   0.4951   0.4975
    S      0.0    0.001   0.7136   0.2221   0.1596   0.0498   0.1106   0.0174   0.0075   0.1364   0.0105   0.0239   0.0253   0.0636   0.0362   0.1626   0.1384   0.1446   0.1377   0.0721   0.2056   0.0248   0.1807    0.036     0.02   0.1263   0.0122   0.0092   0.0978   0.0744   0.0524   0.2073   0.0619   0.1506   0.0017   0.0302   0.0599   0.0866   0.3694   0.1552   0.0118   0.1555   0.2976   0.1057   0.0075   0.1999   0.1356   0.0627   0.1385    0.005   0.2602   0.0245   0.1898   0.3569   0.0455   0.0157   0.0477   0.0812   0.0104   0.0306    0.065   0.0057   0.0052   0.3212   0.0597   0.0193   0.0541   0.0521   0.0237   0.0181   0.0017    0.049   0.0546   0.0809   0.0253   0.0249   0.0765   0.0385   0.0239   0.1375   0.0106   0.0281   0.0472      0.1   0.0913   0.2147   0.1295    0.034   0.0789   0.1685   0.0462   0.0843   0.0765     0.07   0.0063   0.2807   0.0545   0.0389   0.0225   0.0297   0.0367   0.1066    0.043   0.0007   0.0205   0.3597   0.0035   0.0548    0.119      1.0   0.0963   0.0633   0.0066    0.061   0.2259   0.1315   0.0553   0.1463   0.0218   0.0229   0.0152    0.098   0.0181     0.05   0.0539   0.1308   0.2145   0.1582   0.0795   0.0273   0.0162   0.0065   0.0009   0.2758   0.0082    0.067   0.0476   0.0675   0.0467   0.0246   0.0155   0.0562    0.043   0.0942   0.0226    0.105   0.2091   0.0591   0.1479    0.028   0.1714   0.0126   0.0986   0.0879   0.0289   0.2434   0.0546   0.0387    0.029   0.3724   0.0603   0.0002   0.1283   0.0332   0.0082   0.2698   0.0162    0.056   0.1649   0.0599   0.0451   0.1153   0.0374   0.0294   0.0073   0.0073   0.0608   0.0435    0.092   0.0041   0.0125   0.0242   0.0441    0.002   0.1403   0.0635   0.0052   0.0365   0.3686   0.1225   0.2251   0.0506   0.0598   0.0708   0.0164   0.0069   0.0067    0.118   0.1083   0.0625   0.0983   0.1325   0.1713   0.2741
  snr   -12.43
    H     4.79
 exon    False

M: tbpse
 freq      0.0   0.0024   0.0049   0.0073   0.0098   0.0122   0.0147   0.0171   0.0196    0.022   0.0244   0.0269   0.0293   0.0318   0.0342   0.0367   0.0391   0.0416    0.044   0.0465   0.0489   0.0513   0.0538   0.0562   0.0587   0.0611   0.0636    0.066   0.0685   0.0709   0.0733   0.0758   0.0782   0.0807   0.0831   0.0856    0.088   0.0905   0.0929   0.0954   0.0978   0.1002   0.1027   0.1051   0.1076     0.11   0.1125   0.1149   0.1174   0.1198   0.1222   0.1247   0.1271   0.1296    0.132   0.1345   0.1369   0.1394   0.1418   0.1443   0.1467   0.1491   0.1516    0.154   0.1565   0.1589   0.1614   0.1638   0.1663   0.1687   0.1711   0.1736    0.176   0.1785   0.1809   0.1834   0.1858   0.1883   0.1907   0.1932   0.1956    0.198   0.2005   0.2029   0.2054   0.2078   0.2103   0.2127   0.2152   0.2176     0.22   0.2225   0.2249   0.2274   0.2298   0.2323   0.2347   0.2372   0.2396   0.2421   0.2445   0.2469   0.2494   0.2518   0.2543   0.2567   0.2592   0.2616   0.2641   0.2665   0.2689   0.2714   0.2738   0.2763   0.2787   0.2812   0.2836   0.2861   0.2885    0.291   0.2934   0.2958   0.2983   0.3007   0.3032   0.3056   0.3081   0.3105    0.313   0.3154   0.3178   0.3203   0.3227   0.3252   0.3276   0.3301   0.3325    0.335   0.3374   0.3399   0.3423   0.3447   0.3472   0.3496   0.3521   0.3545    0.357   0.3594   0.3619   0.3643   0.3667   0.3692   0.3716   0.3741   0.3765    0.379   0.3814   0.3839   0.3863   0.3888   0.3912   0.3936   0.3961   0.3985    0.401   0.4034   0.4059   0.4083   0.4108   0.4132   0.4156   0.4181   0.4205    0.423   0.4254   0.4279   0.4303   0.4328   0.4352   0.4377   0.4401   0.4425    0.445   0.4474   0.4499   0.4523   0.4548   0.4572   0.4597   0.4621   0.4645    0.467   0.4694   0.4719   0.4743   0.4768   0.4792   0.4817   0.4841   0.4866    0.489   0.4914   0.4939   0.4963   0.4988
    S      0.0   0.3775    0.063   0.4145   0.0376   0.3539   0.3795   0.0964   0.4448   0.2872   0.1751   0.0866   0.4638   0.0534   0.3576   0.2846   0.5152   0.1762      1.0   0.1301   0.5586      0.1   0.0345   0.0077   0.0709   0.0449   0.1593   0.1082   0.1721    0.313   0.2682   0.1812   0.1728   0.0422    0.364   0.0083   0.1101   0.2818   0.1437   0.0661   0.0138   0.1708   0.4472   0.1315   0.1073   0.3685   0.0231   0.1552   0.4917   0.0293   0.0943    0.014   0.0579   0.0292   0.0894   0.1027   0.1281   0.3629   0.0479   0.0813    0.213   0.1272   0.0639   0.2979   0.0587   0.0272   0.3004   0.5063    0.094    0.097   0.0456   0.0568    0.103   0.3232   0.0873    0.139    0.567   0.0155   0.1433    0.233   0.0132   0.1072   0.0093   0.0118   0.4367   0.1236   0.2951   0.1182   0.0212   0.0245   0.3035   0.3223   0.0705    0.094    0.156   0.2141   0.2863   0.0787    0.037   0.0954   0.1322    0.073   0.1125   0.2832   0.1565    0.276   0.0454   0.6322   0.3084    0.453   0.2215   0.0917   0.0774   0.0414   0.3583   0.1984   0.1179   0.2872    0.034   0.0741   0.0329   0.2123      0.1   0.1727    0.103   0.0563   0.2369   0.0291   0.0454   0.1253   0.0556    0.073   0.2065   0.2883   0.5968   0.2473   0.3728   0.5226    0.348   0.0434   0.0685   0.0309   0.1314   0.3429   0.1394   0.0754   0.0592   0.1853   0.2087   0.3752   0.2391   0.2489   0.1123   0.1485    0.018   0.3473   0.3812   0.1303   0.1724   0.2086   0.3614   0.0799   0.0316   0.1498   0.1059   0.2137   0.1385   0.1851   0.1111    0.107   0.0099   0.1041   0.3537   0.0413   0.0587   0.1176   0.0283   0.0998   0.2758   0.1065    0.152   0.0233   0.1426   0.0309    0.262   0.0652   0.2925   0.0496   0.3375   0.0117   0.0774   0.0575   0.0799   0.0447   0.1614   0.1946   0.0166   0.1122   0.1111    0.064   0.5229   0.0251   0.8443   0.6425   0.2979
  snr   -15.56
    H     4.97
 exon    False

M: snrse
 freq      0.0   0.0024   0.0049   0.0073   0.0098   0.0122   0.0147   0.0171   0.0196    0.022   0.0244   0.0269   0.0293   0.0318   0.0342   0.0367   0.0391   0.0416    0.044   0.0465   0.0489   0.0513   0.0538   0.0562   0.0587   0.0611   0.0636    0.066   0.0685   0.0709   0.0733   0.0758   0.0782   0.0807   0.0831   0.0856    0.088   0.0905   0.0929   0.0954   0.0978   0.1002   0.1027   0.1051   0.1076     0.11   0.1125   0.1149   0.1174   0.1198   0.1222   0.1247   0.1271   0.1296    0.132   0.1345   0.1369   0.1394   0.1418   0.1443   0.1467   0.1491   0.1516    0.154   0.1565   0.1589   0.1614   0.1638   0.1663   0.1687   0.1711   0.1736    0.176   0.1785   0.1809   0.1834   0.1858   0.1883   0.1907   0.1932   0.1956    0.198   0.2005   0.2029   0.2054   0.2078   0.2103   0.2127   0.2152   0.2176     0.22   0.2225   0.2249   0.2274   0.2298   0.2323   0.2347   0.2372   0.2396   0.2421   0.2445   0.2469   0.2494   0.2518   0.2543   0.2567   0.2592   0.2616   0.2641   0.2665   0.2689   0.2714   0.2738   0.2763   0.2787   0.2812   0.2836   0.2861   0.2885    0.291   0.2934   0.2958   0.2983   0.3007   0.3032   0.3056   0.3081   0.3105    0.313   0.3154   0.3178   0.3203   0.3227   0.3252   0.3276   0.3301   0.3325    0.335   0.3374   0.3399   0.3423   0.3447   0.3472   0.3496   0.3521   0.3545    0.357   0.3594   0.3619   0.3643   0.3667   0.3692   0.3716   0.3741   0.3765    0.379   0.3814   0.3839   0.3863   0.3888   0.3912   0.3936   0.3961   0.3985    0.401   0.4034   0.4059   0.4083   0.4108   0.4132   0.4156   0.4181   0.4205    0.423   0.4254   0.4279   0.4303   0.4328   0.4352   0.4377   0.4401   0.4425    0.445   0.4474   0.4499   0.4523   0.4548   0.4572   0.4597   0.4621   0.4645    0.467   0.4694   0.4719   0.4743   0.4768   0.4792   0.4817   0.4841   0.4866    0.489   0.4914   0.4939   0.4963   0.4988
    S      0.0   0.0531      1.0   0.1851   0.2674   0.0006   0.0835   0.0944   0.0977   0.1188   0.0499   0.0538   0.0228   0.0401   0.2232   0.0995   0.3177   0.1289   0.2851   0.1225   0.0327   0.0636   0.1636   0.0657   0.0627   0.2034   0.0006   0.0006   0.0853    0.008   0.0082   0.1136   0.0155   0.1964   0.0421   0.0902   0.1048    0.092   0.3914   0.2476   0.0281    0.018   0.2163   0.0084   0.0078   0.0662   0.2307   0.0269   0.0308   0.0619   0.2183   0.1555   0.2028   0.5595   0.0309   0.0182   0.1038   0.0199   0.0216   0.0049   0.0141   0.0161   0.0083   0.1884   0.0521   0.0844   0.0923   0.0433   0.0237   0.0374   0.0289   0.0085   0.0615   0.0672   0.0125    0.017   0.0048   0.0136   0.0052   0.0494   0.0208   0.0008   0.0225   0.0746   0.0363   0.1837   0.0754   0.0168    0.125   0.0511   0.1267   0.0904   0.1101   0.0272   0.0256   0.0817    0.059   0.0792   0.0164   0.0507   0.1216   0.0542   0.1548    0.036   0.0682   0.3828   0.0049   0.1941   0.1565   0.3697   0.0228    0.012   0.0465   0.0082   0.0135   0.1779   0.0502   0.0084   0.0291   0.0382   0.0046   0.0242   0.2127   0.0559   0.0676   0.0076   0.1815   0.0555   0.0119   0.0366   0.0715   0.0839   0.0616    0.207   0.0849   0.1946    0.002   0.0881    0.102   0.0882   0.1433   0.0094   0.0823   0.0514   0.0443   0.1993   0.0347   0.1252   0.0605   0.0301   0.0809   0.0399   0.0051   0.0488   0.0378   0.0083   0.3074   0.0047   0.0087   0.0274   0.0585   0.1125   0.2283   0.0127   0.0521   0.0607   0.1461    0.097   0.0279   0.0878    0.132   0.0108   0.0248   0.2327   0.0087   0.0403   0.0009   0.1496    0.245   0.0449    0.027   0.0272   0.0083   0.0701   0.1086   0.0107   0.0801   0.0878   0.1345   0.3993   0.0371   0.1898   0.1122   0.0187   0.0155   0.0623   0.0183   0.0241   0.0108   0.3935    0.015   0.0206   0.0602   0.0421   0.0383
  snr   -12.33
    H     4.78
 exon    False