>data-XIV-cerevisiae-intergenic-67
N: 492
Methods: voss, eiip, qpsk, mem, alg1, alg2

M: voss
 freq      0.0    0.002   0.0041   0.0061   0.0081   0.0102   0.0122   0.0142   0.0163   0.0183   0.0203   0.0224   0.0244   0.0264   0.0285   0.0305   0.0325   0.0346   0.0366   0.0386   0.0407   0.0427   0.0447   0.0467   0.0488   0.0508   0.0528   0.0549   0.0569   0.0589    0.061    0.063    0.065   0.0671   0.0691   0.0711   0.0732   0.0752   0.0772   0.0793   0.0813   0.0833   0.0854   0.0874   0.0894   0.0915   0.0935   0.0955   0.0976   0.0996   0.1016   0.1037   0.1057   0.1077   0.1098   0.1118   0.1138   0.1159   0.1179   0.1199    0.122    0.124    0.126    0.128   0.1301   0.1321   0.1341   0.1362   0.1382   0.1402   0.1423   0.1443   0.1463   0.1484   0.1504   0.1524   0.1545   0.1565   0.1585   0.1606   0.1626   0.1646   0.1667   0.1687   0.1707   0.1728   0.1748   0.1768   0.1789   0.1809   0.1829    0.185    0.187    0.189   0.1911   0.1931   0.1951   0.1972   0.1992   0.2012   0.2033   0.2053   0.2073   0.2093   0.2114   0.2134   0.2154   0.2175   0.2195   0.2215   0.2236   0.2256   0.2276   0.2297   0.2317   0.2337   0.2358   0.2378   0.2398   0.2419   0.2439   0.2459    0.248     0.25    0.252   0.2541   0.2561   0.2581   0.2602   0.2622   0.2642   0.2663   0.2683   0.2703   0.2724   0.2744   0.2764   0.2785   0.2805   0.2825   0.2846   0.2866   0.2886   0.2907   0.2927   0.2947   0.2967   0.2988   0.3008   0.3028   0.3049   0.3069   0.3089    0.311    0.313    0.315   0.3171   0.3191   0.3211   0.3232   0.3252   0.3272   0.3293   0.3313   0.3333   0.3354   0.3374   0.3394   0.3415   0.3435   0.3455   0.3476   0.3496   0.3516   0.3537   0.3557   0.3577   0.3598   0.3618   0.3638   0.3659   0.3679   0.3699    0.372    0.374    0.376    0.378   0.3801   0.3821   0.3841   0.3862   0.3882   0.3902   0.3923   0.3943   0.3963   0.3984   0.4004   0.4024   0.4045   0.4065   0.4085   0.4106   0.4126   0.4146   0.4167   0.4187   0.4207   0.4228   0.4248   0.4268   0.4289   0.4309   0.4329    0.435    0.437    0.439   0.4411   0.4431   0.4451   0.4472   0.4492   0.4512   0.4533   0.4553   0.4573   0.4593   0.4614   0.4634   0.4654   0.4675   0.4695   0.4715   0.4736   0.4756   0.4776   0.4797   0.4817   0.4837   0.4858   0.4878   0.4898   0.4919   0.4939   0.4959    0.498
    S      0.0   0.0218   0.9394   0.8129   0.3891      1.0   0.6439   0.6207   0.2375   0.6394   0.4919   0.3544   0.3095    0.464   0.1599   0.5283   0.3572   0.2106   0.2346   0.3538    0.535   0.1361   0.6942   0.4715   0.1175   0.8182   0.6442   0.5851   0.5621   0.5325   0.1105   0.3552   0.2567   0.5139   0.2443   0.1696   0.2867    0.185   0.3787   0.2948   0.3485   0.1595   0.1845   0.8496   0.2437   0.4981   0.0976   0.5592    0.263   0.8782   0.6683   0.2706   0.6946   0.0573   0.1099   0.3966   0.5869   0.5856   0.2835   0.3676   0.3993   0.1061   0.5103    0.218   0.2477   0.1821   0.4573   0.4525   0.8591   0.4866   0.5651   0.1782   0.7016   0.2426   0.2398   0.1136   0.1699   0.3379   0.0719   0.1667   0.1732   0.9258   0.2899   0.3314   0.2916   0.1286   0.5001   0.4557   0.6262     0.17   0.2571   0.2179   0.2678   0.4087   0.1898   0.4823   0.9192   0.0973   0.2014   0.1089   0.4486   0.9527   0.2569   0.2647   0.1609   0.3104   0.3355   0.1018   0.3548   0.0436   0.5844   0.3652   0.4001   0.4455   0.3363   0.0939   0.3746   0.2985   0.3092   0.3313   0.0831    0.123   0.3302   0.4512   0.6117    0.342   0.2594   0.1314   0.4662   0.2704   0.3771   0.2588   0.8208   0.2289   0.2412   0.6236    0.236   0.2546   0.5311   0.6217   0.2295   0.2967    0.153   0.1646   0.2355   0.6342   0.3215   0.1085   0.3872    0.582   0.1425   0.4974   0.5007   0.1517   0.2593     0.87   0.2758   0.4927   0.5117    0.087   0.4128   0.1108   0.1796   0.8849   0.2286   0.7309   0.1568   0.1238   0.3605   0.2455   0.1677   0.4354   0.3771   0.2707   0.2259   0.4274   0.2948   0.3222   0.4568   0.2899   0.6216    0.533   0.1032   0.6217   0.1861   0.4018   0.0159   0.6434   0.1223   0.5453   0.1361   0.3579   0.8241   0.3157   0.2785   0.1002   0.4048   0.1366   0.2505   0.3871   0.2346   0.2292   0.3739   0.4331   0.4036   0.2161   0.7949    0.412   0.2539   0.2316   0.2272   0.2437   0.5066   0.5619   0.5167   0.1789   0.7888   0.4987   0.6348   0.5021    0.121   0.2935   0.3162   0.2083   0.3187   0.3028    0.375   0.1624   0.1111   0.3632    0.106   0.2579   0.2734   0.4189    0.267   0.5639   0.3169   0.4442   0.2183   0.1672   0.2519   0.4138   0.3101   0.3105   0.3925   0.2524
  snr   -19.44
    H     5.34
 exon    False

M: eiip
 freq      0.0    0.002   0.0041   0.0061   0.0081   0.0102   0.0122   0.0142   0.0163   0.0183   0.0203   0.0224   0.0244   0.0264   0.0285   0.0305   0.0325   0.0346   0.0366   0.0386   0.0407   0.0427   0.0447   0.0467   0.0488   0.0508   0.0528   0.0549   0.0569   0.0589    0.061    0.063    0.065   0.0671   0.0691   0.0711   0.0732   0.0752   0.0772   0.0793   0.0813   0.0833   0.0854   0.0874   0.0894   0.0915   0.0935   0.0955   0.0976   0.0996   0.1016   0.1037   0.1057   0.1077   0.1098   0.1118   0.1138   0.1159   0.1179   0.1199    0.122    0.124    0.126    0.128   0.1301   0.1321   0.1341   0.1362   0.1382   0.1402   0.1423   0.1443   0.1463   0.1484   0.1504   0.1524   0.1545   0.1565   0.1585   0.1606   0.1626   0.1646   0.1667   0.1687   0.1707   0.1728   0.1748   0.1768   0.1789   0.1809   0.1829    0.185    0.187    0.189   0.1911   0.1931   0.1951   0.1972   0.1992   0.2012   0.2033   0.2053   0.2073   0.2093   0.2114   0.2134   0.2154   0.2175   0.2195   0.2215   0.2236   0.2256   0.2276   0.2297   0.2317   0.2337   0.2358   0.2378   0.2398   0.2419   0.2439   0.2459    0.248     0.25    0.252   0.2541   0.2561   0.2581   0.2602   0.2622   0.2642   0.2663   0.2683   0.2703   0.2724   0.2744   0.2764   0.2785   0.2805   0.2825   0.2846   0.2866   0.2886   0.2907   0.2927   0.2947   0.2967   0.2988   0.3008   0.3028   0.3049   0.3069   0.3089    0.311    0.313    0.315   0.3171   0.3191   0.3211   0.3232   0.3252   0.3272   0.3293   0.3313   0.3333   0.3354   0.3374   0.3394   0.3415   0.3435   0.3455   0.3476   0.3496   0.3516   0.3537   0.3557   0.3577   0.3598   0.3618   0.3638   0.3659   0.3679   0.3699    0.372    0.374    0.376    0.378   0.3801   0.3821   0.3841   0.3862   0.3882   0.3902   0.3923   0.3943   0.3963   0.3984   0.4004   0.4024   0.4045   0.4065   0.4085   0.4106   0.4126   0.4146   0.4167   0.4187   0.4207   0.4228   0.4248   0.4268   0.4289   0.4309   0.4329    0.435    0.437    0.439   0.4411   0.4431   0.4451   0.4472   0.4492   0.4512   0.4533   0.4553   0.4573   0.4593   0.4614   0.4634   0.4654   0.4675   0.4695   0.4715   0.4736   0.4756   0.4776   0.4797   0.4817   0.4837   0.4858   0.4878   0.4898   0.4919   0.4939   0.4959    0.498
    S      0.0   0.0193   0.0592    0.067   0.0482   0.2451   0.5326   0.1538   0.2256   0.4838   0.0918   0.1026   0.1106   0.0556   0.0429   0.0664   0.2199   0.0186   0.0537   0.0707   0.1871   0.0511   0.0508   0.3219   0.0599   0.2365   0.1266   0.6707   0.2639   0.2195   0.0633    0.127   0.0188   0.0617   0.2871   0.1074   0.0827   0.2193   0.0875   0.0895   0.3111   0.0463   0.1828   0.3489    0.154   0.0134   0.0068   0.3592   0.0868   0.0988   0.2348   0.0594   0.5982   0.0163   0.0606   0.3256   0.1471   0.0222   0.0225   0.1596   0.0203   0.1164   0.3141   0.0494   0.0814   0.0339   0.1197   0.2506     0.08   0.1808   0.0025    0.035   0.0631   0.1727   0.0851   0.0666   0.1553   0.4024    0.049   0.0877    0.021   0.1747   0.5129   0.1449   0.1196   0.0107   0.2768   0.2591   0.4093    0.013   0.1984   0.1147   0.0408   0.1162   0.1739   0.0329   0.0879   0.0003    0.281   0.0251   0.2194   0.1512   0.0237   0.1896   0.1058   0.1132   0.3629   0.0038   0.2591   0.0103   0.0417   0.1972   0.0343   0.1609   0.4119   0.0351   0.2335   0.2274   0.2386   0.0994   0.0278    0.083   0.0184   0.1406   0.0267    0.102   0.0067   0.0046   0.4067   0.0874   0.0046   0.0443   0.0884   0.0042   0.2749   0.3626    0.118    0.025   0.1563   0.2837   0.1757    0.136   0.2292   0.2378   0.0927    0.157     0.27   0.1447   0.3165   0.2335   0.0387    0.143   0.1181   0.0695   0.1242   0.2818    0.006   0.0082    0.266   0.0131   0.1804   0.0676   0.0722   0.1807   0.0632   0.2317   0.0115   0.0494   0.0422   0.3242   0.0032   0.0464   0.2275   0.2829   0.0098   0.4994   0.0293   0.0257   0.1581   0.0466      1.0    0.028   0.0618   0.1613   0.0481   0.0642   0.0017   0.0224   0.0269   0.0552   0.0352   0.0568   0.0058   0.0562    0.193   0.0419   0.1402   0.0048   0.1154   0.2075   0.0311   0.2223   0.0762   0.0004   0.0185   0.0377    0.118   0.1721   0.0594   0.1825   0.0211   0.2286   0.0475   0.0855   0.3232   0.2442   0.0444   0.0774   0.0872    0.217    0.037   0.1143   0.0931   0.1711   0.2792   0.2649   0.0398   0.1496   0.1111   0.0734   0.1189   0.3394   0.1135   0.2844   0.0893   0.1839   0.0651   0.4138   0.1433   0.2552   0.0608   0.6427   0.3894   0.1053   0.4725   0.2607
  snr   -15.38
    H     5.11
 exon    False

M: qpsk
 freq      0.0    0.002   0.0041   0.0061   0.0081   0.0102   0.0122   0.0142   0.0163   0.0183   0.0203   0.0224   0.0244   0.0264   0.0285   0.0305   0.0325   0.0346   0.0366   0.0386   0.0407   0.0427   0.0447   0.0467   0.0488   0.0508   0.0528   0.0549   0.0569   0.0589    0.061    0.063    0.065   0.0671   0.0691   0.0711   0.0732   0.0752   0.0772   0.0793   0.0813   0.0833   0.0854   0.0874   0.0894   0.0915   0.0935   0.0955   0.0976   0.0996   0.1016   0.1037   0.1057   0.1077   0.1098   0.1118   0.1138   0.1159   0.1179   0.1199    0.122    0.124    0.126    0.128   0.1301   0.1321   0.1341   0.1362   0.1382   0.1402   0.1423   0.1443   0.1463   0.1484   0.1504   0.1524   0.1545   0.1565   0.1585   0.1606   0.1626   0.1646   0.1667   0.1687   0.1707   0.1728   0.1748   0.1768   0.1789   0.1809   0.1829    0.185    0.187    0.189   0.1911   0.1931   0.1951   0.1972   0.1992   0.2012   0.2033   0.2053   0.2073   0.2093   0.2114   0.2134   0.2154   0.2175   0.2195   0.2215   0.2236   0.2256   0.2276   0.2297   0.2317   0.2337   0.2358   0.2378   0.2398   0.2419   0.2439   0.2459    0.248     0.25    0.252   0.2541   0.2561   0.2581   0.2602   0.2622   0.2642   0.2663   0.2683   0.2703   0.2724   0.2744   0.2764   0.2785   0.2805   0.2825   0.2846   0.2866   0.2886   0.2907   0.2927   0.2947   0.2967   0.2988   0.3008   0.3028   0.3049   0.3069   0.3089    0.311    0.313    0.315   0.3171   0.3191   0.3211   0.3232   0.3252   0.3272   0.3293   0.3313   0.3333   0.3354   0.3374   0.3394   0.3415   0.3435   0.3455   0.3476   0.3496   0.3516   0.3537   0.3557   0.3577   0.3598   0.3618   0.3638   0.3659   0.3679   0.3699    0.372    0.374    0.376    0.378   0.3801   0.3821   0.3841   0.3862   0.3882   0.3902   0.3923   0.3943   0.3963   0.3984   0.4004   0.4024   0.4045   0.4065   0.4085   0.4106   0.4126   0.4146   0.4167   0.4187   0.4207   0.4228   0.4248   0.4268   0.4289   0.4309   0.4329    0.435    0.437    0.439   0.4411   0.4431   0.4451   0.4472   0.4492   0.4512   0.4533   0.4553   0.4573   0.4593   0.4614   0.4634   0.4654   0.4675   0.4695   0.4715   0.4736   0.4756   0.4776   0.4797   0.4817   0.4837   0.4858   0.4878   0.4898   0.4919   0.4939   0.4959    0.498
    S      0.0    0.023   0.8796   0.3634   0.3699   0.7419   0.8142   0.5731   0.1951   0.7162    0.435   0.3316   0.3264   0.3952   0.1477   0.5592   0.1461   0.0771   0.0767   0.4576   0.5383   0.1284   0.5361   0.4276   0.1037   0.9611   0.4846   0.3381   0.5378   0.2881   0.1259   0.2501   0.2136   0.6197   0.2721   0.2082   0.3599   0.2131   0.2233    0.317   0.4406   0.1877   0.2153   0.8033   0.2391   0.6347   0.0983   0.6612     0.08   0.6666   0.8689   0.3215   0.5474   0.0044    0.071    0.215   0.5544   0.3473   0.0709   0.1903   0.3429    0.076   0.2815   0.2763    0.214   0.1807   0.3967   0.5735   0.9609    0.534   0.2752   0.2019   0.4322   0.3148   0.1254   0.0868   0.1044   0.1577   0.0621   0.1641   0.1961   0.7694   0.2664   0.3239   0.2188   0.1154   0.2779   0.5296   0.0716   0.1326   0.2828   0.0251   0.1696   0.4131   0.1639   0.1368   0.5491   0.0609   0.1714   0.0709   0.4795   0.4379   0.3138   0.2948   0.2086   0.2448   0.3324   0.0774   0.2307   0.0108   0.5399   0.4319   0.0715   0.4643   0.4221   0.0962    0.345   0.2095   0.3364   0.2829   0.0085    0.131   0.2997   0.5461   0.1603   0.3104   0.1469   0.1153   0.3919    0.272   0.3655   0.1959    0.784   0.1133   0.1964    0.573   0.1336   0.1672   0.3557   0.7053    0.278    0.074   0.1246   0.2084   0.1984   0.5348   0.3742   0.0938   0.4664   0.3679   0.0325   0.3789   0.3339   0.0993   0.3215   0.5574   0.2247   0.2728   0.6444   0.0575   0.2103   0.1257   0.2212    0.926   0.2291   0.7457   0.1245    0.127   0.4308   0.2879   0.1141   0.3488   0.4002   0.1814   0.2695    0.551   0.2161    0.398   0.4388   0.2689   0.7389   0.5956   0.0306   0.3337   0.2214   0.3165   0.0141   0.5746    0.132   0.3834   0.1012   0.2872   0.3247   0.2553   0.2195   0.0748   0.5132   0.1683   0.2483   0.4622   0.2237   0.2323   0.4104   0.2258   0.2074   0.1692      1.0   0.5029   0.2576   0.1059   0.1716   0.1806   0.3212   0.5698   0.5455   0.2029   0.7351   0.5865   0.4962   0.3184   0.0199   0.1556   0.2967   0.2541    0.401   0.2558    0.172   0.0511   0.0325    0.169   0.1362   0.1521   0.3326   0.2694   0.2327    0.265   0.0552   0.4272   0.2334     0.12   0.2016   0.3273   0.2979   0.3742   0.2221   0.1732
  snr   -18.74
    H     5.29
 exon    False

M: mem
 freq      0.0    0.002   0.0041   0.0061   0.0081   0.0102   0.0122   0.0142   0.0163   0.0183   0.0203   0.0224   0.0244   0.0264   0.0285   0.0305   0.0325   0.0346   0.0366   0.0386   0.0407   0.0427   0.0447   0.0467   0.0488   0.0508   0.0528   0.0549   0.0569   0.0589    0.061    0.063    0.065   0.0671   0.0691   0.0711   0.0732   0.0752   0.0772   0.0793   0.0813   0.0833   0.0854   0.0874   0.0894   0.0915   0.0935   0.0955   0.0976   0.0996   0.1016   0.1037   0.1057   0.1077   0.1098   0.1118   0.1138   0.1159   0.1179   0.1199    0.122    0.124    0.126    0.128   0.1301   0.1321   0.1341   0.1362   0.1382   0.1402   0.1423   0.1443   0.1463   0.1484   0.1504   0.1524   0.1545   0.1565   0.1585   0.1606   0.1626   0.1646   0.1667   0.1687   0.1707   0.1728   0.1748   0.1768   0.1789   0.1809   0.1829    0.185    0.187    0.189   0.1911   0.1931   0.1951   0.1972   0.1992   0.2012   0.2033   0.2053   0.2073   0.2093   0.2114   0.2134   0.2154   0.2175   0.2195   0.2215   0.2236   0.2256   0.2276   0.2297   0.2317   0.2337   0.2358   0.2378   0.2398   0.2419   0.2439   0.2459    0.248     0.25    0.252   0.2541   0.2561   0.2581   0.2602   0.2622   0.2642   0.2663   0.2683   0.2703   0.2724   0.2744   0.2764   0.2785   0.2805   0.2825   0.2846   0.2866   0.2886   0.2907   0.2927   0.2947   0.2967   0.2988   0.3008   0.3028   0.3049   0.3069   0.3089    0.311    0.313    0.315   0.3171   0.3191   0.3211   0.3232   0.3252   0.3272   0.3293   0.3313   0.3333   0.3354   0.3374   0.3394   0.3415   0.3435   0.3455   0.3476   0.3496   0.3516   0.3537   0.3557   0.3577   0.3598   0.3618   0.3638   0.3659   0.3679   0.3699    0.372    0.374    0.376    0.378   0.3801   0.3821   0.3841   0.3862   0.3882   0.3902   0.3923   0.3943   0.3963   0.3984   0.4004   0.4024   0.4045   0.4065   0.4085   0.4106   0.4126   0.4146   0.4167   0.4187   0.4207   0.4228   0.4248   0.4268   0.4289   0.4309   0.4329    0.435    0.437    0.439   0.4411   0.4431   0.4451   0.4472   0.4492   0.4512   0.4533   0.4553   0.4573   0.4593   0.4614   0.4634   0.4654   0.4675   0.4695   0.4715   0.4736   0.4756   0.4776   0.4797   0.4817   0.4837   0.4858   0.4878   0.4898   0.4919   0.4939   0.4959    0.498
    S      0.0   0.0075      1.0   0.5247   0.3599    0.801   0.0085   0.4089   0.0334   0.4264   0.2981   0.2167   0.2016   0.4057   0.0851    0.585   0.1327   0.0742   0.1397   0.2049   0.1766   0.0081   0.1476   0.1103   0.0319   0.8707   0.2613   0.0194   0.0159   0.2694   0.0103    0.151   0.2549    0.562   0.1252   0.0348   0.2835   0.0191   0.2908   0.0798    0.195   0.1132   0.0189   0.4389   0.1676   0.5112    0.061   0.4699   0.1272   0.5284   0.5802   0.1019   0.3777   0.0041   0.0251   0.0723   0.4585   0.0804   0.0648   0.0988   0.1014   0.0346   0.0122   0.2557   0.0618   0.0024   0.2583   0.4154    0.589   0.3183   0.2505   0.1942   0.0136   0.0927   0.0904   0.0737    0.058   0.0524   0.0018   0.1417   0.0586   0.5125   0.0352   0.2786   0.0429   0.1133   0.1061   0.0892   0.0622   0.1537   0.0912   0.0001   0.0113   0.0252   0.0654   0.0797   0.2844    0.025   0.0462   0.0862   0.0308   0.6187   0.2229    0.162   0.0265   0.1093   0.0489   0.0467   0.0437   0.0062   0.2658   0.3337   0.1022   0.1944   0.0373   0.0275   0.1076   0.1452   0.1426   0.1631   0.0164   0.0409   0.0457    0.468   0.2368   0.3057   0.0073   0.0277   0.1645   0.0024   0.1108   0.0134   0.4501   0.0512    0.014   0.3178   0.1129   0.1406   0.1377   0.2877   0.0979   0.0602   0.0106   0.0581   0.0774   0.3181   0.1858   0.0204   0.1153   0.3613   0.0573   0.3741   0.2764   0.1065   0.1551   0.5846   0.1622   0.0656   0.5231   0.0417   0.1327   0.0675   0.1147   0.1223   0.0865    0.668   0.0941   0.0877    0.264   0.0074   0.1277   0.1127   0.1163   0.0529   0.0855   0.0016   0.2405   0.3116   0.0348   0.2062   0.2145   0.4391   0.0347   0.4314   0.2089   0.1412   0.0114   0.6776   0.0672   0.0734   0.0596   0.2413   0.0311   0.2313   0.0264   0.0055   0.4053   0.0949   0.0457   0.3469   0.0746   0.1371   0.3556   0.0043   0.3041   0.0875    0.925   0.3557   0.2135   0.0933   0.0302   0.0363   0.2773   0.4347   0.1338   0.0259   0.7725   0.4163   0.5395   0.1942   0.0017    0.142   0.0171   0.0548   0.1625   0.0901   0.2504    0.026   0.0147   0.0893   0.0457   0.0403   0.2447   0.1299   0.0445   0.2134   0.1146   0.1789   0.0649   0.0161   0.1763   0.0488   0.1347   0.2652   0.0281   0.0804
  snr   -16.29
    H     5.04
 exon    False

M: alg1
 freq      0.0    0.002   0.0041   0.0061   0.0081   0.0102   0.0122   0.0142   0.0163   0.0183   0.0203   0.0224   0.0244   0.0264   0.0285   0.0305   0.0325   0.0346   0.0366   0.0386   0.0407   0.0427   0.0447   0.0467   0.0488   0.0508   0.0528   0.0549   0.0569   0.0589    0.061    0.063    0.065   0.0671   0.0691   0.0711   0.0732   0.0752   0.0772   0.0793   0.0813   0.0833   0.0854   0.0874   0.0894   0.0915   0.0935   0.0955   0.0976   0.0996   0.1016   0.1037   0.1057   0.1077   0.1098   0.1118   0.1138   0.1159   0.1179   0.1199    0.122    0.124    0.126    0.128   0.1301   0.1321   0.1341   0.1362   0.1382   0.1402   0.1423   0.1443   0.1463   0.1484   0.1504   0.1524   0.1545   0.1565   0.1585   0.1606   0.1626   0.1646   0.1667   0.1687   0.1707   0.1728   0.1748   0.1768   0.1789   0.1809   0.1829    0.185    0.187    0.189   0.1911   0.1931   0.1951   0.1972   0.1992   0.2012   0.2033   0.2053   0.2073   0.2093   0.2114   0.2134   0.2154   0.2175   0.2195   0.2215   0.2236   0.2256   0.2276   0.2297   0.2317   0.2337   0.2358   0.2378   0.2398   0.2419   0.2439   0.2459    0.248     0.25    0.252   0.2541   0.2561   0.2581   0.2602   0.2622   0.2642   0.2663   0.2683   0.2703   0.2724   0.2744   0.2764   0.2785   0.2805   0.2825   0.2846   0.2866   0.2886   0.2907   0.2927   0.2947   0.2967   0.2988   0.3008   0.3028   0.3049   0.3069   0.3089    0.311    0.313    0.315   0.3171   0.3191   0.3211   0.3232   0.3252   0.3272   0.3293   0.3313   0.3333   0.3354   0.3374   0.3394   0.3415   0.3435   0.3455   0.3476   0.3496   0.3516   0.3537   0.3557   0.3577   0.3598   0.3618   0.3638   0.3659   0.3679   0.3699    0.372    0.374    0.376    0.378   0.3801   0.3821   0.3841   0.3862   0.3882   0.3902   0.3923   0.3943   0.3963   0.3984   0.4004   0.4024   0.4045   0.4065   0.4085   0.4106   0.4126   0.4146   0.4167   0.4187   0.4207   0.4228   0.4248   0.4268   0.4289   0.4309   0.4329    0.435    0.437    0.439   0.4411   0.4431   0.4451   0.4472   0.4492   0.4512   0.4533   0.4553   0.4573   0.4593   0.4614   0.4634   0.4654   0.4675   0.4695   0.4715   0.4736   0.4756   0.4776   0.4797   0.4817   0.4837   0.4858   0.4878   0.4898   0.4919   0.4939   0.4959    0.498
    S      0.0     0.01   0.5352   0.4917   0.2061   0.8125   0.6982   0.5281   0.1026   0.3325   0.4096   0.4026   0.3766   0.2323   0.0993   0.3606   0.1667   0.1392   0.1688   0.4561   0.4293   0.1222   0.6032   0.3646   0.0672   0.4351   0.4155   0.2547   0.5138   0.3915   0.1305   0.1728   0.1501   0.3269   0.0853   0.1619   0.1471   0.1961   0.3326   0.3117   0.1473   0.1112   0.1302    0.414   0.0727   0.4801    0.096   0.1483   0.1848   0.5927   0.5212   0.3578   0.3772   0.0306   0.0459   0.2254   0.2687   0.4667   0.1901   0.1663   0.3776    0.061   0.2981   0.1077    0.175   0.2088   0.3124   0.1553   0.9496   0.3994   0.3801   0.1106   0.6051   0.2438   0.1071   0.0969   0.0384    0.227   0.0586   0.0663   0.1909    0.564   0.0665   0.1333   0.2368   0.0737   0.2105   0.3967   0.2649   0.0922   0.3219   0.0906   0.2508   0.4605   0.1933    0.322   0.8282   0.0803   0.1191   0.0643    0.475   0.5455   0.3074   0.2256   0.1937    0.164   0.2236    0.095   0.3128   0.0282   0.4771   0.1055   0.2377   0.4572   0.2202   0.1015   0.4219   0.0768   0.1774   0.2146   0.0451   0.0663   0.3713   0.2412   0.3856   0.2583   0.2239   0.1285   0.1176   0.2879   0.4163   0.2409   0.8053   0.1701   0.1161   0.6943   0.0959   0.1451   0.3732   0.4161    0.163   0.1936   0.1129   0.0412   0.1802    0.355   0.0964   0.0692   0.2794   0.2693   0.0968   0.3843   0.2422   0.0871    0.191   0.6131   0.2116   0.3946   0.1587   0.0695   0.2678   0.0452    0.219      1.0   0.2705   0.2974   0.1288   0.0657   0.4433   0.2412    0.128   0.3766   0.4386   0.2253   0.2868   0.4134   0.1568   0.3426   0.4374    0.199   0.0706   0.5809   0.0675   0.4764   0.0922   0.2779   0.0101   0.4248   0.0915   0.4477   0.0751   0.3046   0.6311   0.1711    0.252   0.0929   0.2607   0.1649   0.2869   0.2105   0.2192   0.0888   0.2032    0.373   0.2881   0.1606   0.4712   0.1996   0.2188    0.165   0.2306   0.1003   0.2942   0.4276   0.3549   0.1517   0.7497   0.6147   0.3513   0.4757   0.0647    0.132   0.2986   0.1855    0.142   0.1511   0.2329   0.0573   0.0345   0.2772   0.0471   0.1261   0.1909     0.17   0.2967   0.3832    0.182   0.4278   0.2714   0.0319   0.2164   0.0725   0.0287   0.1666   0.2595   0.2228
  snr   -17.98
    H     5.28
 exon     True

M: alg2
 freq      0.0    0.002   0.0041   0.0061   0.0081   0.0102   0.0122   0.0142   0.0163   0.0183   0.0203   0.0224   0.0244   0.0264   0.0285   0.0305   0.0325   0.0346   0.0366   0.0386   0.0407   0.0427   0.0447   0.0467   0.0488   0.0508   0.0528   0.0549   0.0569   0.0589    0.061    0.063    0.065   0.0671   0.0691   0.0711   0.0732   0.0752   0.0772   0.0793   0.0813   0.0833   0.0854   0.0874   0.0894   0.0915   0.0935   0.0955   0.0976   0.0996   0.1016   0.1037   0.1057   0.1077   0.1098   0.1118   0.1138   0.1159   0.1179   0.1199    0.122    0.124    0.126    0.128   0.1301   0.1321   0.1341   0.1362   0.1382   0.1402   0.1423   0.1443   0.1463   0.1484   0.1504   0.1524   0.1545   0.1565   0.1585   0.1606   0.1626   0.1646   0.1667   0.1687   0.1707   0.1728   0.1748   0.1768   0.1789   0.1809   0.1829    0.185    0.187    0.189   0.1911   0.1931   0.1951   0.1972   0.1992   0.2012   0.2033   0.2053   0.2073   0.2093   0.2114   0.2134   0.2154   0.2175   0.2195   0.2215   0.2236   0.2256   0.2276   0.2297   0.2317   0.2337   0.2358   0.2378   0.2398   0.2419   0.2439   0.2459    0.248     0.25    0.252   0.2541   0.2561   0.2581   0.2602   0.2622   0.2642   0.2663   0.2683   0.2703   0.2724   0.2744   0.2764   0.2785   0.2805   0.2825   0.2846   0.2866   0.2886   0.2907   0.2927   0.2947   0.2967   0.2988   0.3008   0.3028   0.3049   0.3069   0.3089    0.311    0.313    0.315   0.3171   0.3191   0.3211   0.3232   0.3252   0.3272   0.3293   0.3313   0.3333   0.3354   0.3374   0.3394   0.3415   0.3435   0.3455   0.3476   0.3496   0.3516   0.3537   0.3557   0.3577   0.3598   0.3618   0.3638   0.3659   0.3679   0.3699    0.372    0.374    0.376    0.378   0.3801   0.3821   0.3841   0.3862   0.3882   0.3902   0.3923   0.3943   0.3963   0.3984   0.4004   0.4024   0.4045   0.4065   0.4085   0.4106   0.4126   0.4146   0.4167   0.4187   0.4207   0.4228   0.4248   0.4268   0.4289   0.4309   0.4329    0.435    0.437    0.439   0.4411   0.4431   0.4451   0.4472   0.4492   0.4512   0.4533   0.4553   0.4573   0.4593   0.4614   0.4634   0.4654   0.4675   0.4695   0.4715   0.4736   0.4756   0.4776   0.4797   0.4817   0.4837   0.4858   0.4878   0.4898   0.4919   0.4939   0.4959    0.498
    S      0.0   0.0201   0.1458   0.1209   0.0811   0.2833   0.4343   0.1506   0.2285   0.4874   0.1222   0.0905   0.0936   0.0897    0.061   0.1091    0.232   0.0255   0.0607    0.053   0.2098   0.0427   0.0485   0.2901   0.0601   0.3287   0.1314   0.6724   0.2227   0.2175   0.0515   0.1416   0.0401   0.1146   0.2938   0.0916   0.1214   0.1902   0.0917     0.07   0.3222   0.0529   0.1657   0.3952   0.1713   0.0468   0.0111   0.4029   0.0942    0.124   0.2687   0.0392   0.5998   0.0197   0.0724   0.3164   0.1809    0.031   0.0352   0.1808   0.0385   0.1121   0.3226   0.0769   0.0746   0.0208   0.1616   0.2921   0.0943   0.1747   0.0314    0.053   0.0724   0.1548   0.1028   0.0644   0.1683   0.3796   0.0457   0.1001   0.0193   0.1967   0.5013    0.168   0.1258   0.0208   0.3308   0.2288   0.4395   0.0265   0.1636   0.1319   0.0372   0.0814   0.1557   0.0499   0.0927   0.0028   0.2666   0.0314   0.1861   0.2125   0.0231   0.1781   0.0848   0.1498   0.3488   0.0067   0.2345   0.0116   0.0783   0.2313   0.0555   0.1349   0.3758   0.0324   0.1955   0.2559   0.2525      0.1   0.0325    0.081    0.009   0.1936   0.0573   0.1128   0.0063   0.0095   0.4472   0.0654   0.0063   0.0338    0.082   0.0149   0.2695   0.3208   0.1406   0.0355   0.1498   0.2908   0.1632   0.1441   0.2108   0.2329   0.1048   0.1978   0.2805   0.1376   0.2874    0.286   0.0429   0.1665    0.154   0.0762   0.1349    0.297   0.0194    0.024   0.3331   0.0135   0.1794   0.0696   0.0613   0.1452   0.0482   0.3098   0.0214   0.0529   0.0364   0.2818   0.0128    0.041   0.1858   0.2625   0.0044   0.4281   0.0528   0.0339   0.1241   0.0559      1.0   0.0397   0.0616    0.173   0.0694   0.0707   0.0031   0.0771   0.0324   0.0529   0.0493   0.0595    0.028   0.0874   0.1789   0.0361   0.1704   0.0048    0.091   0.2386   0.0418   0.2345   0.1202   0.0084   0.0394   0.0372   0.2106   0.2012   0.0723   0.1765   0.0154   0.2394   0.0825   0.1031    0.294    0.219   0.0702   0.0649   0.1452   0.1962    0.045   0.1315   0.0716   0.1499   0.2749   0.2791   0.0596   0.1587   0.1157   0.0891   0.1173   0.3322   0.1317    0.297   0.0717   0.2145   0.0812   0.3707   0.1179   0.2575   0.0607   0.6466    0.417   0.1303   0.4484   0.2383
  snr   -15.57
    H     5.15
 exon    False