>data-XIV-cerevisiae-intergenic-151
N: 420
Methods: voss, eiip, qpsk, mem, alg1, alg2

M: voss
 freq      0.0   0.0024   0.0048   0.0071   0.0095   0.0119   0.0143   0.0167    0.019   0.0214   0.0238   0.0262   0.0286    0.031   0.0333   0.0357   0.0381   0.0405   0.0429   0.0452   0.0476     0.05   0.0524   0.0548   0.0571   0.0595   0.0619   0.0643   0.0667    0.069   0.0714   0.0738   0.0762   0.0786    0.081   0.0833   0.0857   0.0881   0.0905   0.0929   0.0952   0.0976      0.1   0.1024   0.1048   0.1071   0.1095   0.1119   0.1143   0.1167    0.119   0.1214   0.1238   0.1262   0.1286    0.131   0.1333   0.1357   0.1381   0.1405   0.1429   0.1452   0.1476     0.15   0.1524   0.1548   0.1571   0.1595   0.1619   0.1643   0.1667    0.169   0.1714   0.1738   0.1762   0.1786    0.181   0.1833   0.1857   0.1881   0.1905   0.1929   0.1952   0.1976      0.2   0.2024   0.2048   0.2071   0.2095   0.2119   0.2143   0.2167    0.219   0.2214   0.2238   0.2262   0.2286    0.231   0.2333   0.2357   0.2381   0.2405   0.2429   0.2452   0.2476     0.25   0.2524   0.2548   0.2571   0.2595   0.2619   0.2643   0.2667    0.269   0.2714   0.2738   0.2762   0.2786    0.281   0.2833   0.2857   0.2881   0.2905   0.2929   0.2952   0.2976      0.3   0.3024   0.3048   0.3071   0.3095   0.3119   0.3143   0.3167    0.319   0.3214   0.3238   0.3262   0.3286    0.331   0.3333   0.3357   0.3381   0.3405   0.3429   0.3452   0.3476     0.35   0.3524   0.3548   0.3571   0.3595   0.3619   0.3643   0.3667    0.369   0.3714   0.3738   0.3762   0.3786    0.381   0.3833   0.3857   0.3881   0.3905   0.3929   0.3952   0.3976      0.4   0.4024   0.4048   0.4071   0.4095   0.4119   0.4143   0.4167    0.419   0.4214   0.4238   0.4262   0.4286    0.431   0.4333   0.4357   0.4381   0.4405   0.4429   0.4452   0.4476     0.45   0.4524   0.4548   0.4571   0.4595   0.4619   0.4643   0.4667    0.469   0.4714   0.4738   0.4762   0.4786    0.481   0.4833   0.4857   0.4881   0.4905   0.4929   0.4952   0.4976
    S      0.0   0.4709   0.8653   0.2977      1.0   0.3568   0.3341   0.3786   0.2706   0.2001   0.2282   0.1159   0.1409   0.3989   0.2529   0.1822    0.143   0.1527   0.1391   0.0721   0.1578   0.0224   0.0194   0.2825     0.13   0.3446   0.0764   0.2179   0.0646   0.0865   0.6297   0.2137   0.1245   0.1035   0.2224   0.1648    0.166   0.3192   0.3016   0.1941   0.1581   0.0354   0.2956   0.2172   0.2904    0.217   0.1293   0.1373   0.1166   0.2253   0.1692    0.176   0.1545   0.3598   0.0884   0.2046   0.1069   0.1637   0.1845   0.1475   0.1815   0.1206     0.15   0.0783   0.1413   0.2976   0.0892   0.0782   0.1451   0.2021   0.2542   0.0495   0.2986   0.3591   0.0953   0.1432   0.1488   0.1277    0.334   0.1917   0.2008   0.0891   0.1862   0.1316   0.1736   0.1867   0.2471   0.0806   0.2212   0.1188   0.0767   0.0964   0.1856   0.0815   0.2571   0.2053   0.0899   0.1914   0.1143   0.2706   0.5013   0.0924    0.282   0.1428   0.2682   0.0862   0.3647   0.2203   0.4234   0.2495   0.6337   0.0557     0.21   0.0993   0.2237    0.165   0.2767   0.3112   0.0794   0.1449   0.1803   0.3955   0.1725   0.1028    0.181   0.0597   0.0783   0.1418    0.174   0.2423   0.3097   0.0138   0.1296   0.1183   0.2537   0.0522    0.313   0.0904   0.0633   0.1584   0.4343   0.0515   0.1218   0.0796   0.2165   0.2274   0.3639   0.0913   0.0608   0.0641   0.3464   0.3769   0.2194   0.3384   0.1273   0.2176   0.0871   0.3373   0.1237   0.0891   0.0897   0.0893   0.1082    0.163   0.1206   0.0949   0.2417   0.1692   0.1578    0.222   0.0468     0.21   0.1456   0.1269   0.1482   0.0578   0.2751   0.1394    0.036   0.1748   0.0436   0.0885   0.3033   0.1389   0.0758   0.1454   0.4398   0.3612    0.339    0.153    0.241   0.1581   0.4121   0.1007   0.2316   0.6117   0.2426   0.4471   0.0787    0.107   0.3497   0.0626   0.3735   0.3084   0.0704   0.3305   0.0372   0.0345   0.0698   0.0488
  snr   -16.06
    H     5.14
 exon    False

M: eiip
 freq      0.0   0.0024   0.0048   0.0071   0.0095   0.0119   0.0143   0.0167    0.019   0.0214   0.0238   0.0262   0.0286    0.031   0.0333   0.0357   0.0381   0.0405   0.0429   0.0452   0.0476     0.05   0.0524   0.0548   0.0571   0.0595   0.0619   0.0643   0.0667    0.069   0.0714   0.0738   0.0762   0.0786    0.081   0.0833   0.0857   0.0881   0.0905   0.0929   0.0952   0.0976      0.1   0.1024   0.1048   0.1071   0.1095   0.1119   0.1143   0.1167    0.119   0.1214   0.1238   0.1262   0.1286    0.131   0.1333   0.1357   0.1381   0.1405   0.1429   0.1452   0.1476     0.15   0.1524   0.1548   0.1571   0.1595   0.1619   0.1643   0.1667    0.169   0.1714   0.1738   0.1762   0.1786    0.181   0.1833   0.1857   0.1881   0.1905   0.1929   0.1952   0.1976      0.2   0.2024   0.2048   0.2071   0.2095   0.2119   0.2143   0.2167    0.219   0.2214   0.2238   0.2262   0.2286    0.231   0.2333   0.2357   0.2381   0.2405   0.2429   0.2452   0.2476     0.25   0.2524   0.2548   0.2571   0.2595   0.2619   0.2643   0.2667    0.269   0.2714   0.2738   0.2762   0.2786    0.281   0.2833   0.2857   0.2881   0.2905   0.2929   0.2952   0.2976      0.3   0.3024   0.3048   0.3071   0.3095   0.3119   0.3143   0.3167    0.319   0.3214   0.3238   0.3262   0.3286    0.331   0.3333   0.3357   0.3381   0.3405   0.3429   0.3452   0.3476     0.35   0.3524   0.3548   0.3571   0.3595   0.3619   0.3643   0.3667    0.369   0.3714   0.3738   0.3762   0.3786    0.381   0.3833   0.3857   0.3881   0.3905   0.3929   0.3952   0.3976      0.4   0.4024   0.4048   0.4071   0.4095   0.4119   0.4143   0.4167    0.419   0.4214   0.4238   0.4262   0.4286    0.431   0.4333   0.4357   0.4381   0.4405   0.4429   0.4452   0.4476     0.45   0.4524   0.4548   0.4571   0.4595   0.4619   0.4643   0.4667    0.469   0.4714   0.4738   0.4762   0.4786    0.481   0.4833   0.4857   0.4881   0.4905   0.4929   0.4952   0.4976
    S      0.0   0.3279   0.4153   0.0997   0.4265   0.1011   0.2677   0.0209   0.1134   0.0359   0.1381   0.0825   0.0672   0.1871   0.2279   0.1957   0.0324   0.1172   0.0402   0.1579   0.0704   0.0158   0.0089   0.5253   0.0042   0.0478   0.0025   0.3044   0.1013    0.043   0.0497   0.1559   0.0032   0.2158     0.05   0.0794   0.1811   0.2211   0.3495   0.2164   0.1105   0.0046   0.0601     0.36   0.4279   0.0644   0.1618   0.2243   0.0546   0.1487   0.0059   0.0218   0.1038   0.2669   0.0663   0.2369    0.076   0.0821   0.1148   0.1212   0.2739   0.1394   0.0064    0.037   0.0567   0.2703    0.033   0.0169   0.1829   0.0606   0.2808   0.0338   0.0884    0.015   0.0444   0.0351   0.1083   0.2345   0.4214   0.1465   0.0316   0.0666   0.0309   0.2238   0.1724   0.1768   0.3207   0.0075   0.1753    0.116   0.0117   0.0412   0.1686   0.0349   0.1545    0.047   0.0144   0.1954   0.0902   0.3365   0.2769   0.0339   0.0647   0.0021   0.0134   0.1384   0.1042   0.3007   0.0776   0.0472   0.0054   0.0673   0.1479   0.0742   0.2111   0.1171   0.2207   0.1065   0.1507   0.0516   0.0368   0.1047    0.033   0.2435    0.205   0.0507   0.0454   0.1844   0.3044   0.4039    0.469   0.0007   0.0846   0.0043    0.108    0.008   0.0067    0.029     0.05   0.1644   0.0613   0.0473   0.0409   0.0266   0.1366   0.0626   0.1982   0.0075   0.0343    0.001   0.1926    0.493   0.0831   0.3376   0.0277   0.0524    0.025   0.0843   0.0125   0.0705   0.0871   0.0581   0.0304   0.1284   0.1266   0.0304   0.3191   0.2101     0.23   0.4361   0.0941   0.0569   0.1281   0.0011    0.182   0.0876   0.1109   0.2427   0.0562   0.0045   0.0043   0.1376   0.2608   0.0614   0.1276   0.3048   0.1536   0.1201   0.4411   0.0517   0.0933   0.0015   0.3749   0.0191   0.0432      1.0   0.2687   0.5725   0.0327   0.1638   0.5408    0.072   0.2962   0.0155   0.0466   0.4186   0.0839   0.0084   0.0234   0.0012
  snr   -14.38
    H      4.9
 exon    False

M: qpsk
 freq      0.0   0.0024   0.0048   0.0071   0.0095   0.0119   0.0143   0.0167    0.019   0.0214   0.0238   0.0262   0.0286    0.031   0.0333   0.0357   0.0381   0.0405   0.0429   0.0452   0.0476     0.05   0.0524   0.0548   0.0571   0.0595   0.0619   0.0643   0.0667    0.069   0.0714   0.0738   0.0762   0.0786    0.081   0.0833   0.0857   0.0881   0.0905   0.0929   0.0952   0.0976      0.1   0.1024   0.1048   0.1071   0.1095   0.1119   0.1143   0.1167    0.119   0.1214   0.1238   0.1262   0.1286    0.131   0.1333   0.1357   0.1381   0.1405   0.1429   0.1452   0.1476     0.15   0.1524   0.1548   0.1571   0.1595   0.1619   0.1643   0.1667    0.169   0.1714   0.1738   0.1762   0.1786    0.181   0.1833   0.1857   0.1881   0.1905   0.1929   0.1952   0.1976      0.2   0.2024   0.2048   0.2071   0.2095   0.2119   0.2143   0.2167    0.219   0.2214   0.2238   0.2262   0.2286    0.231   0.2333   0.2357   0.2381   0.2405   0.2429   0.2452   0.2476     0.25   0.2524   0.2548   0.2571   0.2595   0.2619   0.2643   0.2667    0.269   0.2714   0.2738   0.2762   0.2786    0.281   0.2833   0.2857   0.2881   0.2905   0.2929   0.2952   0.2976      0.3   0.3024   0.3048   0.3071   0.3095   0.3119   0.3143   0.3167    0.319   0.3214   0.3238   0.3262   0.3286    0.331   0.3333   0.3357   0.3381   0.3405   0.3429   0.3452   0.3476     0.35   0.3524   0.3548   0.3571   0.3595   0.3619   0.3643   0.3667    0.369   0.3714   0.3738   0.3762   0.3786    0.381   0.3833   0.3857   0.3881   0.3905   0.3929   0.3952   0.3976      0.4   0.4024   0.4048   0.4071   0.4095   0.4119   0.4143   0.4167    0.419   0.4214   0.4238   0.4262   0.4286    0.431   0.4333   0.4357   0.4381   0.4405   0.4429   0.4452   0.4476     0.45   0.4524   0.4548   0.4571   0.4595   0.4619   0.4643   0.4667    0.469   0.4714   0.4738   0.4762   0.4786    0.481   0.4833   0.4857   0.4881   0.4905   0.4929   0.4952   0.4976
    S      0.0   0.3529      1.0   0.3731   0.6107    0.095   0.4029   0.3757   0.2313   0.1977   0.2875   0.0737   0.1678   0.0759   0.3201    0.204   0.1362   0.1435   0.0825   0.0721   0.1904   0.0099     0.02   0.1853   0.1057   0.2219    0.024   0.1757   0.0729   0.0651   0.3531   0.2102   0.0548   0.1198   0.0814   0.2042   0.1542   0.3218   0.1743   0.1861   0.1877   0.0375   0.2702    0.177   0.3145   0.2303   0.1199   0.1276   0.1317   0.1674    0.207   0.1676   0.1374   0.1452   0.0908   0.1124    0.061   0.0933   0.1431   0.0765   0.2243   0.1309   0.0961   0.0869   0.0115   0.3565   0.0678   0.0233   0.1456   0.1684   0.1838   0.0267   0.3076   0.3808   0.0209   0.1025   0.1728   0.0704   0.4204   0.1146   0.0584    0.091   0.1598   0.1064   0.1418   0.2334   0.3076   0.0569   0.0838   0.1473   0.0345   0.0844   0.0685   0.0903   0.2989   0.1547     0.06   0.2347   0.1267   0.2847   0.2999   0.0549   0.1768   0.0995   0.2794   0.0443   0.0488   0.1065    0.328   0.2184   0.5091   0.0441   0.2137   0.1135   0.2621   0.1799   0.0171   0.3346   0.0954   0.1179   0.2025   0.4707   0.0844   0.0982   0.1771   0.0655   0.0941   0.1219    0.158   0.2561   0.3906   0.0066   0.0514   0.0707   0.1658   0.0651   0.2648   0.1129   0.0129   0.1708   0.4102   0.0461   0.0684   0.0992   0.2236   0.1188   0.4505   0.0869   0.0762   0.0352   0.3778   0.1877   0.0364   0.1201   0.1304   0.1709   0.0431   0.2628   0.1113   0.0806   0.1068   0.0718     0.08    0.154   0.1123     0.06   0.2554   0.1942   0.0978   0.1433   0.0381   0.1234   0.1296    0.146   0.0752   0.0223    0.343   0.1769   0.0133   0.1005   0.0187   0.1126   0.2523   0.1301   0.0886   0.1391   0.0925   0.3778   0.2371   0.0099   0.0839   0.0907   0.4969   0.0866    0.225   0.7754   0.1981   0.5611   0.0427   0.0973   0.4121   0.0623   0.4001   0.0788   0.0566   0.1652   0.0266   0.0163   0.0757   0.0517
  snr   -15.28
    H     5.06
 exon    False

M: mem
 freq      0.0   0.0024   0.0048   0.0071   0.0095   0.0119   0.0143   0.0167    0.019   0.0214   0.0238   0.0262   0.0286    0.031   0.0333   0.0357   0.0381   0.0405   0.0429   0.0452   0.0476     0.05   0.0524   0.0548   0.0571   0.0595   0.0619   0.0643   0.0667    0.069   0.0714   0.0738   0.0762   0.0786    0.081   0.0833   0.0857   0.0881   0.0905   0.0929   0.0952   0.0976      0.1   0.1024   0.1048   0.1071   0.1095   0.1119   0.1143   0.1167    0.119   0.1214   0.1238   0.1262   0.1286    0.131   0.1333   0.1357   0.1381   0.1405   0.1429   0.1452   0.1476     0.15   0.1524   0.1548   0.1571   0.1595   0.1619   0.1643   0.1667    0.169   0.1714   0.1738   0.1762   0.1786    0.181   0.1833   0.1857   0.1881   0.1905   0.1929   0.1952   0.1976      0.2   0.2024   0.2048   0.2071   0.2095   0.2119   0.2143   0.2167    0.219   0.2214   0.2238   0.2262   0.2286    0.231   0.2333   0.2357   0.2381   0.2405   0.2429   0.2452   0.2476     0.25   0.2524   0.2548   0.2571   0.2595   0.2619   0.2643   0.2667    0.269   0.2714   0.2738   0.2762   0.2786    0.281   0.2833   0.2857   0.2881   0.2905   0.2929   0.2952   0.2976      0.3   0.3024   0.3048   0.3071   0.3095   0.3119   0.3143   0.3167    0.319   0.3214   0.3238   0.3262   0.3286    0.331   0.3333   0.3357   0.3381   0.3405   0.3429   0.3452   0.3476     0.35   0.3524   0.3548   0.3571   0.3595   0.3619   0.3643   0.3667    0.369   0.3714   0.3738   0.3762   0.3786    0.381   0.3833   0.3857   0.3881   0.3905   0.3929   0.3952   0.3976      0.4   0.4024   0.4048   0.4071   0.4095   0.4119   0.4143   0.4167    0.419   0.4214   0.4238   0.4262   0.4286    0.431   0.4333   0.4357   0.4381   0.4405   0.4429   0.4452   0.4476     0.45   0.4524   0.4548   0.4571   0.4595   0.4619   0.4643   0.4667    0.469   0.4714   0.4738   0.4762   0.4786    0.481   0.4833   0.4857   0.4881   0.4905   0.4929   0.4952   0.4976
    S      0.0   0.1893      1.0   0.2251   0.4682   0.0679   0.2005   0.2724   0.0651   0.0963   0.0918   0.0243   0.0339   0.0084   0.0566   0.1238   0.0058   0.0566    0.038   0.0142   0.0784   0.0018   0.0036   0.0075   0.0556   0.0299   0.0248   0.0965   0.0243    0.022   0.3746   0.0891   0.0338   0.0352   0.0887   0.1854    0.006   0.1425   0.0263   0.0119   0.1005    0.015   0.2376   0.0846   0.1089    0.143   0.0079   0.1117   0.0111   0.0027   0.0958   0.0924   0.0129   0.0459   0.0219   0.0123   0.0001     0.05   0.1305   0.0102   0.1669   0.1116   0.0773   0.0137   0.0014   0.1509   0.0279   0.0119   0.0269   0.0498   0.0177   0.0145   0.1948   0.3303   0.0177   0.0253   0.0581   0.0318   0.0063   0.0421   0.0291   0.0302   0.0381   0.0167   0.0143   0.2206   0.1072   0.0012    0.013   0.0097   0.0067   0.0689   0.0316   0.0079   0.0255   0.0869   0.0621   0.2105   0.1076   0.0796   0.2295     0.03   0.0288   0.0062    0.142   0.0362   0.0103   0.0149   0.3197   0.1882   0.3215   0.0012   0.1776   0.0271   0.2545   0.1597   0.0026   0.2335   0.0483   0.0035   0.1861   0.2745   0.0835   0.0524   0.1567   0.0207   0.0112   0.1047   0.1327   0.0038   0.1072   0.0027   0.0129   0.0041   0.0608    0.019   0.2436   0.0753   0.0105   0.1025   0.3911   0.0192   0.0304    0.041   0.2108   0.0605   0.1025   0.0294   0.0303   0.0311   0.1949   0.0271   0.0393    0.092   0.1285   0.0245   0.0157   0.1436   0.1027   0.0058   0.0513   0.0438   0.0615   0.0332   0.1009   0.0237   0.0651   0.0203   0.0316   0.1111   0.0092   0.0375   0.0495   0.0865    0.024   0.0137   0.1044   0.1331   0.0046   0.0774   0.0179   0.0309   0.1888   0.0447   0.0495   0.0832   0.0551   0.3705   0.1558   0.0129   0.0011   0.0425   0.4089   0.0666   0.1725   0.5552   0.0529   0.0815   0.0226   0.0003   0.3156   0.0122   0.1215    0.034   0.0486   0.0036   0.0051   0.0129   0.0671   0.0122
  snr    -12.3
    H     4.74
 exon    False

M: alg1
 freq      0.0   0.0024   0.0048   0.0071   0.0095   0.0119   0.0143   0.0167    0.019   0.0214   0.0238   0.0262   0.0286    0.031   0.0333   0.0357   0.0381   0.0405   0.0429   0.0452   0.0476     0.05   0.0524   0.0548   0.0571   0.0595   0.0619   0.0643   0.0667    0.069   0.0714   0.0738   0.0762   0.0786    0.081   0.0833   0.0857   0.0881   0.0905   0.0929   0.0952   0.0976      0.1   0.1024   0.1048   0.1071   0.1095   0.1119   0.1143   0.1167    0.119   0.1214   0.1238   0.1262   0.1286    0.131   0.1333   0.1357   0.1381   0.1405   0.1429   0.1452   0.1476     0.15   0.1524   0.1548   0.1571   0.1595   0.1619   0.1643   0.1667    0.169   0.1714   0.1738   0.1762   0.1786    0.181   0.1833   0.1857   0.1881   0.1905   0.1929   0.1952   0.1976      0.2   0.2024   0.2048   0.2071   0.2095   0.2119   0.2143   0.2167    0.219   0.2214   0.2238   0.2262   0.2286    0.231   0.2333   0.2357   0.2381   0.2405   0.2429   0.2452   0.2476     0.25   0.2524   0.2548   0.2571   0.2595   0.2619   0.2643   0.2667    0.269   0.2714   0.2738   0.2762   0.2786    0.281   0.2833   0.2857   0.2881   0.2905   0.2929   0.2952   0.2976      0.3   0.3024   0.3048   0.3071   0.3095   0.3119   0.3143   0.3167    0.319   0.3214   0.3238   0.3262   0.3286    0.331   0.3333   0.3357   0.3381   0.3405   0.3429   0.3452   0.3476     0.35   0.3524   0.3548   0.3571   0.3595   0.3619   0.3643   0.3667    0.369   0.3714   0.3738   0.3762   0.3786    0.381   0.3833   0.3857   0.3881   0.3905   0.3929   0.3952   0.3976      0.4   0.4024   0.4048   0.4071   0.4095   0.4119   0.4143   0.4167    0.419   0.4214   0.4238   0.4262   0.4286    0.431   0.4333   0.4357   0.4381   0.4405   0.4429   0.4452   0.4476     0.45   0.4524   0.4548   0.4571   0.4595   0.4619   0.4643   0.4667    0.469   0.4714   0.4738   0.4762   0.4786    0.481   0.4833   0.4857   0.4881   0.4905   0.4929   0.4952   0.4976
    S      0.0   0.3327      1.0   0.2338   0.6944   0.1722   0.1845   0.3753    0.068      0.2   0.0847   0.0895   0.0652   0.0512   0.0702   0.0907   0.0224   0.0509   0.0902   0.0041   0.1146   0.0118   0.0099   0.0599   0.0973   0.0277   0.0577   0.1177    0.007   0.0642   0.6292   0.0643   0.0766    0.013   0.1795   0.1798   0.0562   0.1351   0.1608   0.0062   0.0699   0.0276   0.3431   0.0249   0.0437   0.1732   0.0239   0.0673   0.0108   0.0203   0.1359   0.1813   0.0172   0.2599   0.0164    0.019   0.0218   0.0943   0.1529   0.0102   0.1007   0.0656   0.1366   0.0132   0.0384   0.1177    0.057   0.0267   0.0592   0.0419   0.1377   0.0056   0.1563   0.4369   0.0522   0.0314   0.0423   0.0214   0.0189   0.0725   0.0944   0.0423   0.0451     0.01   0.0886   0.1779   0.0679   0.0057   0.0349   0.0068   0.0097   0.0746   0.0717   0.0119   0.0408     0.21   0.0885   0.1719   0.0812   0.0247   0.2317   0.0892   0.1034   0.0136   0.1607   0.0196   0.1287   0.0967   0.4143   0.2442   0.5391   0.0221    0.157    0.032   0.2062   0.1649   0.0923   0.2819   0.0177   0.0269   0.2193   0.2266   0.1722   0.0166   0.1127   0.0183   0.0095   0.0819   0.0638   0.0297    0.034   0.0072   0.0571   0.0053   0.0597   0.0265   0.3786   0.0671   0.0308   0.0615   0.5247    0.035   0.0909   0.0542   0.1931   0.1539    0.102   0.0269   0.0279   0.0575   0.2448    0.164   0.1591   0.1632   0.1494   0.0422   0.0435   0.3172   0.1327    0.029   0.0359   0.0272   0.0823   0.0132    0.091   0.0139   0.0162   0.0091   0.0592   0.0456   0.0091     0.02   0.0755   0.1125    0.067   0.0129    0.116    0.072   0.0124   0.1532   0.0335   0.0139     0.13   0.1153   0.0282   0.0373   0.2691   0.4208   0.0617   0.0849   0.0311   0.0764   0.3249   0.1109    0.246    0.319   0.0806   0.0368   0.0735   0.0232   0.1846   0.0239   0.1343   0.1249   0.0616   0.1375   0.0031   0.0247   0.0693   0.0137
  snr   -13.31
    H     4.84
 exon    False

M: alg2
 freq      0.0   0.0024   0.0048   0.0071   0.0095   0.0119   0.0143   0.0167    0.019   0.0214   0.0238   0.0262   0.0286    0.031   0.0333   0.0357   0.0381   0.0405   0.0429   0.0452   0.0476     0.05   0.0524   0.0548   0.0571   0.0595   0.0619   0.0643   0.0667    0.069   0.0714   0.0738   0.0762   0.0786    0.081   0.0833   0.0857   0.0881   0.0905   0.0929   0.0952   0.0976      0.1   0.1024   0.1048   0.1071   0.1095   0.1119   0.1143   0.1167    0.119   0.1214   0.1238   0.1262   0.1286    0.131   0.1333   0.1357   0.1381   0.1405   0.1429   0.1452   0.1476     0.15   0.1524   0.1548   0.1571   0.1595   0.1619   0.1643   0.1667    0.169   0.1714   0.1738   0.1762   0.1786    0.181   0.1833   0.1857   0.1881   0.1905   0.1929   0.1952   0.1976      0.2   0.2024   0.2048   0.2071   0.2095   0.2119   0.2143   0.2167    0.219   0.2214   0.2238   0.2262   0.2286    0.231   0.2333   0.2357   0.2381   0.2405   0.2429   0.2452   0.2476     0.25   0.2524   0.2548   0.2571   0.2595   0.2619   0.2643   0.2667    0.269   0.2714   0.2738   0.2762   0.2786    0.281   0.2833   0.2857   0.2881   0.2905   0.2929   0.2952   0.2976      0.3   0.3024   0.3048   0.3071   0.3095   0.3119   0.3143   0.3167    0.319   0.3214   0.3238   0.3262   0.3286    0.331   0.3333   0.3357   0.3381   0.3405   0.3429   0.3452   0.3476     0.35   0.3524   0.3548   0.3571   0.3595   0.3619   0.3643   0.3667    0.369   0.3714   0.3738   0.3762   0.3786    0.381   0.3833   0.3857   0.3881   0.3905   0.3929   0.3952   0.3976      0.4   0.4024   0.4048   0.4071   0.4095   0.4119   0.4143   0.4167    0.419   0.4214   0.4238   0.4262   0.4286    0.431   0.4333   0.4357   0.4381   0.4405   0.4429   0.4452   0.4476     0.45   0.4524   0.4548   0.4571   0.4595   0.4619   0.4643   0.4667    0.469   0.4714   0.4738   0.4762   0.4786    0.481   0.4833   0.4857   0.4881   0.4905   0.4929   0.4952   0.4976
    S      0.0    0.225      1.0   0.1815   0.5957   0.0995   0.2239    0.263   0.1106   0.0803   0.0876   0.0215    0.032   0.0015   0.0631   0.1548   0.0098    0.083   0.0319   0.0199    0.065   0.0017   0.0036   0.0154   0.0572   0.0104   0.0332   0.0911    0.028   0.0176   0.4112   0.0627   0.0476   0.0447   0.1005   0.1724   0.0102   0.1974   0.0226   0.0232   0.0841   0.0114   0.2246   0.0741   0.1477   0.1506   0.0182   0.1086   0.0211   0.0153    0.071   0.0785   0.0314   0.0482   0.0372   0.0176   0.0032   0.0693   0.1192   0.0114   0.1852   0.0937   0.0885   0.0209    0.006   0.1855   0.0349   0.0156   0.0247   0.0266   0.0146   0.0091   0.1445   0.3055   0.0246   0.0428   0.0724   0.0261   0.0305   0.0642   0.0504   0.0388   0.0535   0.0252   0.0103   0.2219   0.1109   0.0016   0.0047   0.0223   0.0048   0.0585   0.0446   0.0046   0.0182   0.0784   0.0682   0.2143   0.1026   0.1041   0.2447   0.0284   0.0263   0.0123   0.1073   0.0323   0.0282   0.0195   0.3632    0.208   0.3223   0.0016   0.1964   0.0368   0.2463   0.1611   0.0044   0.2419   0.0533   0.0049   0.1738   0.2046    0.087   0.0562   0.1595   0.0298   0.0112   0.1098   0.1172   0.0167   0.1592   0.0035   0.0223   0.0019   0.0812   0.0124    0.243   0.0597    0.013   0.1109   0.3762   0.0168    0.035   0.0353    0.214   0.0794   0.1072   0.0228    0.025   0.0367   0.2128   0.0222   0.0483   0.0806   0.1271   0.0535   0.0133   0.1242   0.1028   0.0033   0.0624   0.0396   0.0776   0.0452    0.107    0.013   0.0836   0.0276   0.0406   0.0994   0.0098   0.0208   0.0638   0.0715   0.0315   0.0139   0.0775   0.1429   0.0048   0.0811   0.0203   0.0414   0.1873   0.0357   0.0488   0.0909    0.081   0.3582   0.1416   0.0214   0.0056   0.0488   0.4296   0.0661   0.1735   0.6233   0.0795   0.1395   0.0217    0.003   0.3417   0.0098   0.1695   0.0653   0.0537   0.0059   0.0062   0.0123   0.0597   0.0067
  snr   -12.53
    H     4.77
 exon    False