>data-XIV-cerevisiae-intergenic-108
N: 239
Methods: voss, eiip, qpsk, mem, alg1, alg2

M: voss
 freq      0.0   0.0042   0.0084   0.0126   0.0167   0.0209   0.0251   0.0293   0.0335   0.0377   0.0418    0.046   0.0502   0.0544   0.0586   0.0628   0.0669   0.0711   0.0753   0.0795   0.0837   0.0879   0.0921   0.0962   0.1004   0.1046   0.1088    0.113   0.1172   0.1213   0.1255   0.1297   0.1339   0.1381   0.1423   0.1464   0.1506   0.1548    0.159   0.1632   0.1674   0.1715   0.1757   0.1799   0.1841   0.1883   0.1925   0.1967   0.2008    0.205   0.2092   0.2134   0.2176   0.2218   0.2259   0.2301   0.2343   0.2385   0.2427   0.2469    0.251   0.2552   0.2594   0.2636   0.2678    0.272   0.2762   0.2803   0.2845   0.2887   0.2929   0.2971   0.3013   0.3054   0.3096   0.3138    0.318   0.3222   0.3264   0.3305   0.3347   0.3389   0.3431   0.3473   0.3515   0.3556   0.3598    0.364   0.3682   0.3724   0.3766   0.3808   0.3849   0.3891   0.3933   0.3975   0.4017   0.4059     0.41   0.4142   0.4184   0.4226   0.4268    0.431   0.4351   0.4393   0.4435   0.4477   0.4519   0.4561   0.4603   0.4644   0.4686   0.4728    0.477   0.4812   0.4854   0.4895   0.4937   0.4979
    S      0.0      1.0   0.4139   0.2128   0.2344   0.3041   0.1476   0.2211   0.1608   0.1157   0.2004   0.3659   0.2411   0.0689   0.3078   0.0809   0.2481   0.1488   0.1109    0.414   0.1174   0.2337   0.2802   0.1546   0.0804   0.1425   0.1553    0.354   0.1491   0.1727   0.0755   0.5147   0.0836   0.2146   0.4257   0.0878   0.1005   0.1005   0.1966   0.2027   0.2436   0.0802   0.1259   0.1224   0.3116   0.2191    0.122   0.2581   0.1587   0.1107   0.2534   0.2096   0.0726   0.1573   0.4192   0.3756   0.0884   0.1039   0.1867    0.233   0.2238   0.2079   0.3116    0.457   0.3261   0.0739   0.2209    0.185   0.1977   0.1875   0.1577   0.2618   0.1083   0.1895   0.3649   0.0557   0.1625   0.1091   0.1941   0.2499   0.2941   0.1499    0.524   0.1824   0.2157   0.1991   0.1432   0.0699   0.2554   0.2075    0.225   0.1259   0.2689   0.3822   0.3601   0.0612    0.045   0.0642   0.2412   0.2793   0.0794   0.0934   0.0752   0.1434   0.3209   0.0665   0.0706   0.3238   0.0896   0.1726   0.1296   0.1244   0.1046   0.2817   0.0692   0.0538   0.1895   0.3509   0.1621   0.2244
  snr   -13.68
    H     4.61
 exon    False

M: eiip
 freq      0.0   0.0042   0.0084   0.0126   0.0167   0.0209   0.0251   0.0293   0.0335   0.0377   0.0418    0.046   0.0502   0.0544   0.0586   0.0628   0.0669   0.0711   0.0753   0.0795   0.0837   0.0879   0.0921   0.0962   0.1004   0.1046   0.1088    0.113   0.1172   0.1213   0.1255   0.1297   0.1339   0.1381   0.1423   0.1464   0.1506   0.1548    0.159   0.1632   0.1674   0.1715   0.1757   0.1799   0.1841   0.1883   0.1925   0.1967   0.2008    0.205   0.2092   0.2134   0.2176   0.2218   0.2259   0.2301   0.2343   0.2385   0.2427   0.2469    0.251   0.2552   0.2594   0.2636   0.2678    0.272   0.2762   0.2803   0.2845   0.2887   0.2929   0.2971   0.3013   0.3054   0.3096   0.3138    0.318   0.3222   0.3264   0.3305   0.3347   0.3389   0.3431   0.3473   0.3515   0.3556   0.3598    0.364   0.3682   0.3724   0.3766   0.3808   0.3849   0.3891   0.3933   0.3975   0.4017   0.4059     0.41   0.4142   0.4184   0.4226   0.4268    0.431   0.4351   0.4393   0.4435   0.4477   0.4519   0.4561   0.4603   0.4644   0.4686   0.4728    0.477   0.4812   0.4854   0.4895   0.4937   0.4979
    S      0.0   0.7909   0.0891   0.1564   0.2112   0.4727   0.1945   0.2354   0.3402   0.2259   0.0402   0.2946   0.1293   0.0728   0.8053   0.1425   0.3134   0.5223   0.2001   0.0033   0.0088   0.0848   0.1827   0.2705   0.2272    0.164   0.0771   0.2547   0.4749   0.0627   0.1929   0.1944   0.0548   0.4923    0.825   0.2039   0.3337   0.0825   0.6687   0.0017   0.2121   0.0063    0.114   0.1515   0.0636   0.2095   0.2981   0.2115   0.1481    0.246   0.0869   0.4281   0.0568   0.1056   0.8265   0.1148    0.247   0.3076    0.191   0.6787   0.5644   0.3857   0.5534   0.5378   0.4272   0.0068   0.3248   0.3867   0.0361   0.0967   0.1693   0.6974   0.2088   0.1095      1.0   0.0186   0.6436   0.3487   0.3031   0.8962    0.061   0.0178   0.0521    0.179   0.1397   0.2678   0.0078   0.0388     0.32   0.0581   0.6092   0.2416   0.3116   0.3752   0.9725   0.2001    0.101   0.0895   0.0305   0.0972   0.0148    0.027   0.1386   0.0812   0.0241   0.0613   0.1294   0.1352   0.0606   0.4299    0.454   0.4609   0.3276    0.175   0.0783   0.0191   0.3237   0.9079   0.1273   0.3219
  snr   -14.77
    H      4.4
 exon    False

M: qpsk
 freq      0.0   0.0042   0.0084   0.0126   0.0167   0.0209   0.0251   0.0293   0.0335   0.0377   0.0418    0.046   0.0502   0.0544   0.0586   0.0628   0.0669   0.0711   0.0753   0.0795   0.0837   0.0879   0.0921   0.0962   0.1004   0.1046   0.1088    0.113   0.1172   0.1213   0.1255   0.1297   0.1339   0.1381   0.1423   0.1464   0.1506   0.1548    0.159   0.1632   0.1674   0.1715   0.1757   0.1799   0.1841   0.1883   0.1925   0.1967   0.2008    0.205   0.2092   0.2134   0.2176   0.2218   0.2259   0.2301   0.2343   0.2385   0.2427   0.2469    0.251   0.2552   0.2594   0.2636   0.2678    0.272   0.2762   0.2803   0.2845   0.2887   0.2929   0.2971   0.3013   0.3054   0.3096   0.3138    0.318   0.3222   0.3264   0.3305   0.3347   0.3389   0.3431   0.3473   0.3515   0.3556   0.3598    0.364   0.3682   0.3724   0.3766   0.3808   0.3849   0.3891   0.3933   0.3975   0.4017   0.4059     0.41   0.4142   0.4184   0.4226   0.4268    0.431   0.4351   0.4393   0.4435   0.4477   0.4519   0.4561   0.4603   0.4644   0.4686   0.4728    0.477   0.4812   0.4854   0.4895   0.4937   0.4979
    S      0.0      1.0   0.3059   0.2564   0.3042   0.2312   0.0675   0.2255   0.2059   0.0667   0.2602   0.3751   0.3121   0.0846   0.3091   0.0568    0.022   0.1041   0.1485   0.3182   0.0579   0.2264   0.1153   0.0917   0.1078   0.1502   0.1611   0.2894   0.2017   0.1384   0.1025   0.5473    0.094   0.1476   0.3753   0.0602   0.1021   0.1267   0.2635   0.2343   0.1765   0.0302   0.1591   0.1303    0.229   0.2353   0.0807   0.3126   0.1403   0.1249   0.1305   0.2393   0.0472    0.194   0.5496   0.0611   0.0609    0.135   0.0054   0.1792   0.2923   0.0485   0.1281   0.2285   0.2977   0.0244   0.2308   0.2309   0.2625   0.1249   0.0726    0.356   0.1223   0.1792   0.1543   0.0559   0.1512   0.0434   0.1633   0.2831   0.1727   0.1256    0.441   0.2037   0.1406   0.1935   0.0914   0.0701   0.2677   0.2151   0.2331   0.1597   0.2321   0.3582   0.4814   0.0531   0.0355   0.0397   0.2898   0.1206    0.072    0.038     0.09   0.1454   0.3102   0.0358   0.0634    0.288   0.0171   0.1853   0.1358    0.111   0.1349   0.1557   0.0882   0.0436   0.2195    0.442   0.1569   0.2147
  snr   -13.18
    H     4.55
 exon    False

M: mem
 freq      0.0   0.0042   0.0084   0.0126   0.0168    0.021   0.0252   0.0294   0.0336   0.0378    0.042   0.0462   0.0504   0.0546   0.0588    0.063   0.0672   0.0714   0.0756   0.0798    0.084   0.0882   0.0924   0.0966   0.1008    0.105   0.1092   0.1134   0.1176   0.1218   0.1261   0.1303   0.1345   0.1387   0.1429   0.1471   0.1513   0.1555   0.1597   0.1639   0.1681   0.1723   0.1765   0.1807   0.1849   0.1891   0.1933   0.1975   0.2017   0.2059   0.2101   0.2143   0.2185   0.2227   0.2269   0.2311   0.2353   0.2395   0.2437   0.2479   0.2521   0.2563   0.2605   0.2647   0.2689   0.2731   0.2773   0.2815   0.2857   0.2899   0.2941   0.2983   0.3025   0.3067   0.3109   0.3151   0.3193   0.3235   0.3277   0.3319   0.3361   0.3403   0.3445   0.3487   0.3529   0.3571   0.3613   0.3655   0.3697   0.3739   0.3782   0.3824   0.3866   0.3908    0.395   0.3992   0.4034   0.4076   0.4118    0.416   0.4202   0.4244   0.4286   0.4328    0.437   0.4412   0.4454   0.4496   0.4538    0.458   0.4622   0.4664   0.4706   0.4748    0.479   0.4832   0.4874   0.4916   0.4958
    S      0.0      1.0   0.0992   0.1474   0.1009   0.0645   0.0843   0.2504   0.1817   0.0039   0.0403   0.0315   0.0888   0.0336   0.0973    0.007   0.0096   0.0602   0.0981   0.1157   0.0641   0.1682   0.0252   0.0004    0.097   0.1058   0.0441   0.2978   0.1755     0.08   0.0621   0.0612   0.0002   0.0503   0.1581   0.0266   0.0592   0.0672   0.2091   0.0663   0.0311    0.018   0.0371    0.121   0.0209   0.1902   0.0047    0.184   0.0932   0.1467   0.0047   0.0565   0.0109   0.1545   0.1335   0.0906   0.0902   0.1006    0.029   0.0473    0.179   0.0022   0.0258   0.1391   0.2614   0.0297    0.241   0.0781   0.0081   0.2039   0.0003   0.2615   0.0133   0.0024   0.0275   0.0718   0.1674   0.0145    0.092   0.0362   0.0959   0.0842   0.0849   0.0055   0.0462   0.2011   0.1005   0.0805   0.1386   0.0159   0.1702   0.1883   0.0819   0.0732   0.6365   0.0512   0.0074   0.0823   0.0008    0.008   0.0479   0.0061   0.1021   0.0183   0.0641   0.0786   0.0629   0.1458   0.0159   0.1186   0.0925   0.0749   0.0937   0.1981   0.0306   0.2228   0.0211   0.0524   0.1851
  snr   -10.23
    H     4.29
 exon    False

M: alg1
 freq      0.0   0.0042   0.0084   0.0126   0.0167   0.0209   0.0251   0.0293   0.0335   0.0377   0.0418    0.046   0.0502   0.0544   0.0586   0.0628   0.0669   0.0711   0.0753   0.0795   0.0837   0.0879   0.0921   0.0962   0.1004   0.1046   0.1088    0.113   0.1172   0.1213   0.1255   0.1297   0.1339   0.1381   0.1423   0.1464   0.1506   0.1548    0.159   0.1632   0.1674   0.1715   0.1757   0.1799   0.1841   0.1883   0.1925   0.1967   0.2008    0.205   0.2092   0.2134   0.2176   0.2218   0.2259   0.2301   0.2343   0.2385   0.2427   0.2469    0.251   0.2552   0.2594   0.2636   0.2678    0.272   0.2762   0.2803   0.2845   0.2887   0.2929   0.2971   0.3013   0.3054   0.3096   0.3138    0.318   0.3222   0.3264   0.3305   0.3347   0.3389   0.3431   0.3473   0.3515   0.3556   0.3598    0.364   0.3682   0.3724   0.3766   0.3808   0.3849   0.3891   0.3933   0.3975   0.4017   0.4059     0.41   0.4142   0.4184   0.4226   0.4268    0.431   0.4351   0.4393   0.4435   0.4477   0.4519   0.4561   0.4603   0.4644   0.4686   0.4728    0.477   0.4812   0.4854   0.4895   0.4937   0.4979
    S      0.0      1.0   0.1878   0.3321   0.0724   0.1324   0.0831   0.1646   0.2999   0.0501   0.1009    0.152   0.2719   0.0383   0.8786   0.0616   0.1654   0.2383   0.0558    0.179    0.031   0.1537   0.1055   0.1046   0.1096   0.1294   0.0853    0.158   0.2434   0.1237   0.1883   0.6942   0.1246   0.1926   0.6531   0.1969   0.1235     0.11   0.4087   0.1497   0.1863   0.0064   0.0317   0.1549   0.0634   0.1893   0.2673   0.0662   0.1007   0.0916   0.0309   0.4363   0.0313   0.2409   0.6351   0.0543   0.0823   0.1747   0.1088   0.2959   0.6528   0.1343   0.1299   0.1568   0.3751   0.0074   0.0966    0.417   0.0816   0.0661   0.1652    0.537   0.2355   0.0616    0.422   0.0543   0.3779   0.1892   0.2613   0.7738   0.1023    0.071   0.2375   0.1289   0.0764    0.144   0.0315    0.081     0.18   0.1964   0.2412   0.0685   0.0819   0.0918   0.4434   0.0943   0.0698    0.053   0.0807   0.0248   0.0438   0.0375   0.0746   0.1178   0.1234    0.054   0.1172   0.2857   0.0133   0.1656   0.1639   0.3524   0.1423    0.185   0.1157   0.0162   0.2094   0.9413   0.1914   0.1945
  snr   -13.43
    H     4.41
 exon    False

M: alg2
 freq      0.0   0.0042   0.0084   0.0126   0.0167   0.0209   0.0251   0.0293   0.0335   0.0377   0.0418    0.046   0.0502   0.0544   0.0586   0.0628   0.0669   0.0711   0.0753   0.0795   0.0837   0.0879   0.0921   0.0962   0.1004   0.1046   0.1088    0.113   0.1172   0.1213   0.1255   0.1297   0.1339   0.1381   0.1423   0.1464   0.1506   0.1548    0.159   0.1632   0.1674   0.1715   0.1757   0.1799   0.1841   0.1883   0.1925   0.1967   0.2008    0.205   0.2092   0.2134   0.2176   0.2218   0.2259   0.2301   0.2343   0.2385   0.2427   0.2469    0.251   0.2552   0.2594   0.2636   0.2678    0.272   0.2762   0.2803   0.2845   0.2887   0.2929   0.2971   0.3013   0.3054   0.3096   0.3138    0.318   0.3222   0.3264   0.3305   0.3347   0.3389   0.3431   0.3473   0.3515   0.3556   0.3598    0.364   0.3682   0.3724   0.3766   0.3808   0.3849   0.3891   0.3933   0.3975   0.4017   0.4059     0.41   0.4142   0.4184   0.4226   0.4268    0.431   0.4351   0.4393   0.4435   0.4477   0.4519   0.4561   0.4603   0.4644   0.4686   0.4728    0.477   0.4812   0.4854   0.4895   0.4937   0.4979
    S      0.0      1.0   0.2675   0.1819   0.0431   0.0853   0.0707    0.198   0.1326   0.0151   0.0074   0.0218   0.1155   0.0267    0.043   0.0079   0.0565   0.0101   0.0329   0.2903    0.088   0.1627   0.0921    0.018   0.0434   0.0762   0.0079   0.2849    0.085   0.1525   0.0463   0.1004   0.0093   0.0091    0.216   0.0084   0.0071   0.0568   0.0972   0.0473   0.0176   0.0593   0.0075   0.1047   0.1274   0.1672   0.0154   0.0834   0.1056   0.0348   0.1446    0.049   0.0322   0.1222   0.1248   0.1913   0.0138   0.0275   0.0517   0.0702   0.1089   0.0366   0.0621   0.2061   0.2766   0.0536   0.0279   0.1154   0.0094   0.1552   0.0507   0.1279   0.0204   0.0584   0.0455   0.0494   0.0416   0.0132   0.0116   0.0727    0.146   0.0572   0.1731   0.0134    0.044   0.1519   0.0442   0.0551   0.1907   0.0685   0.0745   0.0261    0.065   0.1608   0.1724   0.0194   0.0239   0.0048    0.017   0.1585   0.0596   0.0485   0.0499   0.0449    0.145   0.0121   0.0385   0.2993   0.0408   0.0051   0.0053   0.0265   0.0222   0.2026   0.0533   0.0093   0.1525    0.221   0.1033   0.0457
  snr     -9.8
    H      4.3
 exon    False