>data-XIV-cerevisiae-intergenic-160
N: 420
Methods: voss, eiip, qpsk, mem, alg1, alg2

M: voss
 freq      0.0   0.0024   0.0048   0.0071   0.0095   0.0119   0.0143   0.0167    0.019   0.0214   0.0238   0.0262   0.0286    0.031   0.0333   0.0357   0.0381   0.0405   0.0429   0.0452   0.0476     0.05   0.0524   0.0548   0.0571   0.0595   0.0619   0.0643   0.0667    0.069   0.0714   0.0738   0.0762   0.0786    0.081   0.0833   0.0857   0.0881   0.0905   0.0929   0.0952   0.0976      0.1   0.1024   0.1048   0.1071   0.1095   0.1119   0.1143   0.1167    0.119   0.1214   0.1238   0.1262   0.1286    0.131   0.1333   0.1357   0.1381   0.1405   0.1429   0.1452   0.1476     0.15   0.1524   0.1548   0.1571   0.1595   0.1619   0.1643   0.1667    0.169   0.1714   0.1738   0.1762   0.1786    0.181   0.1833   0.1857   0.1881   0.1905   0.1929   0.1952   0.1976      0.2   0.2024   0.2048   0.2071   0.2095   0.2119   0.2143   0.2167    0.219   0.2214   0.2238   0.2262   0.2286    0.231   0.2333   0.2357   0.2381   0.2405   0.2429   0.2452   0.2476     0.25   0.2524   0.2548   0.2571   0.2595   0.2619   0.2643   0.2667    0.269   0.2714   0.2738   0.2762   0.2786    0.281   0.2833   0.2857   0.2881   0.2905   0.2929   0.2952   0.2976      0.3   0.3024   0.3048   0.3071   0.3095   0.3119   0.3143   0.3167    0.319   0.3214   0.3238   0.3262   0.3286    0.331   0.3333   0.3357   0.3381   0.3405   0.3429   0.3452   0.3476     0.35   0.3524   0.3548   0.3571   0.3595   0.3619   0.3643   0.3667    0.369   0.3714   0.3738   0.3762   0.3786    0.381   0.3833   0.3857   0.3881   0.3905   0.3929   0.3952   0.3976      0.4   0.4024   0.4048   0.4071   0.4095   0.4119   0.4143   0.4167    0.419   0.4214   0.4238   0.4262   0.4286    0.431   0.4333   0.4357   0.4381   0.4405   0.4429   0.4452   0.4476     0.45   0.4524   0.4548   0.4571   0.4595   0.4619   0.4643   0.4667    0.469   0.4714   0.4738   0.4762   0.4786    0.481   0.4833   0.4857   0.4881   0.4905   0.4929   0.4952   0.4976
    S      0.0   0.7946   0.7272   0.2772   0.3344   0.1139   0.0522   0.3908   0.1704   0.1344   0.5059   0.3127   0.3158   0.1541   0.3482   0.1871   0.2676   0.2755   0.3524   0.1625   0.0898   0.2334   0.1385   0.2277   0.1488   0.1493   0.1297   0.0819    0.247   0.1578   0.3147   0.1736   0.0811    0.317   0.2346   0.6404   0.1416   0.2084    0.171   0.1698   0.4303   0.1907   0.4297    0.389    0.192   0.1884   0.4339   0.8759   0.0942   0.2525   0.2511   0.1326   0.2658   0.2052   0.2356   0.3003   0.7241   0.1561   0.1008   0.1218   0.0605   0.2097   0.0877   0.0437   0.2403   0.2738   0.2779   0.1306   0.1976   0.5744   0.1124   0.0366   0.2893     0.78    0.116   0.0951   0.1306   0.3135   0.3324   0.1193   0.4223    0.522    0.161   0.0484   0.5272   0.1255   0.2035   0.0574   0.3075   0.1437   0.1987   0.3863   0.2334   0.3627   0.0591    0.239   0.1059   0.6448   0.2376   0.1799   0.0593    0.268   0.1999   0.1237    0.172   0.2377   0.2955    0.471     0.46   0.3005   0.0701   0.2788   0.2142   0.4197   0.1831   0.3001   0.2448   0.2905   0.1495   0.1041   0.2542   0.0839   0.2201   0.1625   0.2927   0.3442   0.2154   0.4513   0.3546   0.1209   0.1932   0.3503   0.1156   0.2273   0.3112   0.1158   0.4851     0.48   0.2029   0.1319   0.2451    0.148    0.187   0.5142   0.2558   0.4217   0.2732   0.3137   0.1359   0.4322   0.0874   0.3587   0.2454   0.1575   0.3618   0.0885   0.2151   0.1923   0.3312   0.3675   0.2387   0.1535   0.1899    0.127   0.3031   0.1603   0.5739   0.2071   0.1068   0.3595   0.2565   0.4928   0.4139   0.1476   0.4507   0.3659   0.0857    0.459   0.7793   0.3664   0.4133    0.187   0.6908   0.2989   0.2975   0.3387   0.0911   0.3911   0.1862   0.2312   0.2814   0.4632   0.1708   0.1755   0.1555   0.2798   0.1822   0.3878   0.2316   0.1903   0.1853   0.4393    0.225   0.5293   0.5621   0.1044   0.7537    0.441      1.0   0.6005
  snr   -17.52
    H     5.17
 exon    False

M: eiip
 freq      0.0   0.0024   0.0048   0.0071   0.0095   0.0119   0.0143   0.0167    0.019   0.0214   0.0238   0.0262   0.0286    0.031   0.0333   0.0357   0.0381   0.0405   0.0429   0.0452   0.0476     0.05   0.0524   0.0548   0.0571   0.0595   0.0619   0.0643   0.0667    0.069   0.0714   0.0738   0.0762   0.0786    0.081   0.0833   0.0857   0.0881   0.0905   0.0929   0.0952   0.0976      0.1   0.1024   0.1048   0.1071   0.1095   0.1119   0.1143   0.1167    0.119   0.1214   0.1238   0.1262   0.1286    0.131   0.1333   0.1357   0.1381   0.1405   0.1429   0.1452   0.1476     0.15   0.1524   0.1548   0.1571   0.1595   0.1619   0.1643   0.1667    0.169   0.1714   0.1738   0.1762   0.1786    0.181   0.1833   0.1857   0.1881   0.1905   0.1929   0.1952   0.1976      0.2   0.2024   0.2048   0.2071   0.2095   0.2119   0.2143   0.2167    0.219   0.2214   0.2238   0.2262   0.2286    0.231   0.2333   0.2357   0.2381   0.2405   0.2429   0.2452   0.2476     0.25   0.2524   0.2548   0.2571   0.2595   0.2619   0.2643   0.2667    0.269   0.2714   0.2738   0.2762   0.2786    0.281   0.2833   0.2857   0.2881   0.2905   0.2929   0.2952   0.2976      0.3   0.3024   0.3048   0.3071   0.3095   0.3119   0.3143   0.3167    0.319   0.3214   0.3238   0.3262   0.3286    0.331   0.3333   0.3357   0.3381   0.3405   0.3429   0.3452   0.3476     0.35   0.3524   0.3548   0.3571   0.3595   0.3619   0.3643   0.3667    0.369   0.3714   0.3738   0.3762   0.3786    0.381   0.3833   0.3857   0.3881   0.3905   0.3929   0.3952   0.3976      0.4   0.4024   0.4048   0.4071   0.4095   0.4119   0.4143   0.4167    0.419   0.4214   0.4238   0.4262   0.4286    0.431   0.4333   0.4357   0.4381   0.4405   0.4429   0.4452   0.4476     0.45   0.4524   0.4548   0.4571   0.4595   0.4619   0.4643   0.4667    0.469   0.4714   0.4738   0.4762   0.4786    0.481   0.4833   0.4857   0.4881   0.4905   0.4929   0.4952   0.4976
    S      0.0   0.1834   0.6488   0.5779   0.4929   0.0098   0.1084    0.321   0.1917    0.085   0.2438   0.2368   0.0611   0.0508   0.0645   0.2532   0.4549   0.1206   0.5048   0.0035   0.1916   0.3002    0.118   0.1124   0.2011   0.2554    0.095   0.0716   0.0631   0.0576   0.3936   0.0272   0.0374   0.2234   0.0009   0.0122    0.001   0.2739   0.1356   0.1459     0.25   0.1004    0.023   0.0746   0.0372   0.1817   0.1307   0.3306   0.1006   0.1702   0.0645   0.0679   0.6915     0.19    0.003   0.1825   0.3065   0.4125    0.143   0.2509    0.115   0.1855   0.0503    0.017   0.4048   0.2722   0.0769   0.3089   0.1085    0.061   0.2922   0.0241   0.0071   0.2604   0.0269   0.0695    0.284   0.2392   0.5489   0.0408   0.1633   0.0946   0.0691   0.0596   0.2584   0.2366   0.3705   0.0922   0.2123   0.1302   0.1486   0.1085     0.17   0.4101   0.0954   0.1344   0.2012   0.1669   0.3563   0.0316   0.1258   0.1476   0.0846   0.0079   0.1003   0.2211   0.2368   0.1332   0.4562   0.2132   0.0393   0.1358   0.0843   0.1667   0.1285   0.2361   0.1226   0.1189   0.0797   0.0215   0.3062    0.027   0.5544   0.0252   0.4024    0.018   0.4985     0.26   0.1192   0.2393    0.145   0.0253   0.0844   0.4868   0.0751   0.1089   0.4155   0.6534   0.2015   0.0068   0.5845   0.1994    0.056   0.2364   0.6313   0.3137    0.035   0.0672   0.0217   0.0435   0.0511   0.8576   0.0566   0.1244   0.1505   0.0156   0.0579   0.0771   0.0349   0.4009   0.0599   0.0541   0.1158   0.1264   0.6927   0.0612   0.3907   0.1575   0.1619   0.0384   0.0099   0.3763   0.0053   0.1407   0.5555   0.1773    0.093   0.0056      0.1   0.0974   0.5648   0.0148    0.096    0.624   0.5097      1.0   0.0777   0.1867    0.079   0.3244   0.0904   0.0429   0.0289   0.2826   0.1694   0.1491   0.0131   0.9067    0.096   0.1951   0.1145   0.2982   0.2619    0.479   0.8396   0.2381   0.0955   0.1867    0.309   0.2384
  snr   -16.06
    H     4.95
 exon    False

M: qpsk
 freq      0.0   0.0024   0.0048   0.0071   0.0095   0.0119   0.0143   0.0167    0.019   0.0214   0.0238   0.0262   0.0286    0.031   0.0333   0.0357   0.0381   0.0405   0.0429   0.0452   0.0476     0.05   0.0524   0.0548   0.0571   0.0595   0.0619   0.0643   0.0667    0.069   0.0714   0.0738   0.0762   0.0786    0.081   0.0833   0.0857   0.0881   0.0905   0.0929   0.0952   0.0976      0.1   0.1024   0.1048   0.1071   0.1095   0.1119   0.1143   0.1167    0.119   0.1214   0.1238   0.1262   0.1286    0.131   0.1333   0.1357   0.1381   0.1405   0.1429   0.1452   0.1476     0.15   0.1524   0.1548   0.1571   0.1595   0.1619   0.1643   0.1667    0.169   0.1714   0.1738   0.1762   0.1786    0.181   0.1833   0.1857   0.1881   0.1905   0.1929   0.1952   0.1976      0.2   0.2024   0.2048   0.2071   0.2095   0.2119   0.2143   0.2167    0.219   0.2214   0.2238   0.2262   0.2286    0.231   0.2333   0.2357   0.2381   0.2405   0.2429   0.2452   0.2476     0.25   0.2524   0.2548   0.2571   0.2595   0.2619   0.2643   0.2667    0.269   0.2714   0.2738   0.2762   0.2786    0.281   0.2833   0.2857   0.2881   0.2905   0.2929   0.2952   0.2976      0.3   0.3024   0.3048   0.3071   0.3095   0.3119   0.3143   0.3167    0.319   0.3214   0.3238   0.3262   0.3286    0.331   0.3333   0.3357   0.3381   0.3405   0.3429   0.3452   0.3476     0.35   0.3524   0.3548   0.3571   0.3595   0.3619   0.3643   0.3667    0.369   0.3714   0.3738   0.3762   0.3786    0.381   0.3833   0.3857   0.3881   0.3905   0.3929   0.3952   0.3976      0.4   0.4024   0.4048   0.4071   0.4095   0.4119   0.4143   0.4167    0.419   0.4214   0.4238   0.4262   0.4286    0.431   0.4333   0.4357   0.4381   0.4405   0.4429   0.4452   0.4476     0.45   0.4524   0.4548   0.4571   0.4595   0.4619   0.4643   0.4667    0.469   0.4714   0.4738   0.4762   0.4786    0.481   0.4833   0.4857   0.4881   0.4905   0.4929   0.4952   0.4976
    S      0.0      1.0   0.9216   0.2311   0.2697   0.1493   0.0239   0.4277   0.1998   0.0678   0.4098   0.2402   0.0559   0.0184    0.326   0.1882   0.2439   0.1487   0.4409   0.0772    0.081   0.2775   0.1788   0.2325   0.0974    0.193   0.1553   0.0124   0.2709   0.1854   0.4142     0.18   0.0779   0.4008   0.2962   0.2371   0.1497    0.182    0.208   0.0799   0.5394   0.1638   0.3343    0.251   0.2458   0.0931   0.4234    0.974   0.0481   0.2051   0.2246   0.0673   0.1333   0.1188   0.0838    0.379   0.8496   0.1383   0.0776   0.0901   0.0481   0.2385   0.0582   0.0431   0.3076   0.2635   0.2577   0.1421    0.123   0.2327   0.1337    0.042   0.1836   0.4563   0.0803   0.1219   0.1737   0.1394    0.422   0.1531   0.5426   0.3935   0.1569   0.0572   0.4555   0.1644   0.1925   0.0318   0.2853   0.1229   0.2595   0.4299   0.2399   0.1196   0.0784   0.2914   0.0771   0.5113   0.2069   0.2083   0.0737   0.1458   0.1594   0.0499   0.1914   0.2673   0.3171   0.2305   0.3829   0.3157   0.0348   0.2798   0.1351    0.179   0.0856    0.203   0.2179   0.2015   0.0996   0.0787   0.3081   0.0308   0.1535   0.1989   0.3874   0.3283   0.2383   0.4431   0.1303    0.159    0.053   0.3518   0.1097   0.2917   0.2251   0.1427   0.4475   0.5172   0.1431    0.122   0.2882   0.1392   0.2354   0.4776   0.1864   0.3616   0.2579    0.336   0.1288   0.3968   0.0412   0.4049    0.296   0.1216    0.243   0.1127   0.1796   0.1605   0.3353   0.1997    0.168   0.1301   0.1917   0.1387   0.2776   0.1514   0.5789   0.1104   0.0853    0.099   0.2195   0.5221   0.1518   0.0949   0.2059   0.3858   0.0968   0.3449   0.6521   0.2111   0.1919   0.1806   0.5129   0.3777   0.3913   0.3184      0.1   0.0136   0.1359   0.1674   0.2379   0.5112   0.1016   0.1809   0.0373   0.2026    0.124   0.4859   0.2059   0.2489   0.1697   0.2508   0.2143   0.4456   0.6082   0.1318   0.2622   0.5258   0.9183   0.5857
  snr   -16.92
    H     5.11
 exon    False

M: mem
 freq      0.0   0.0024   0.0048   0.0071   0.0095   0.0119   0.0143   0.0167    0.019   0.0214   0.0238   0.0262   0.0286    0.031   0.0333   0.0357   0.0381   0.0405   0.0429   0.0452   0.0476     0.05   0.0524   0.0548   0.0571   0.0595   0.0619   0.0643   0.0667    0.069   0.0714   0.0738   0.0762   0.0786    0.081   0.0833   0.0857   0.0881   0.0905   0.0929   0.0952   0.0976      0.1   0.1024   0.1048   0.1071   0.1095   0.1119   0.1143   0.1167    0.119   0.1214   0.1238   0.1262   0.1286    0.131   0.1333   0.1357   0.1381   0.1405   0.1429   0.1452   0.1476     0.15   0.1524   0.1548   0.1571   0.1595   0.1619   0.1643   0.1667    0.169   0.1714   0.1738   0.1762   0.1786    0.181   0.1833   0.1857   0.1881   0.1905   0.1929   0.1952   0.1976      0.2   0.2024   0.2048   0.2071   0.2095   0.2119   0.2143   0.2167    0.219   0.2214   0.2238   0.2262   0.2286    0.231   0.2333   0.2357   0.2381   0.2405   0.2429   0.2452   0.2476     0.25   0.2524   0.2548   0.2571   0.2595   0.2619   0.2643   0.2667    0.269   0.2714   0.2738   0.2762   0.2786    0.281   0.2833   0.2857   0.2881   0.2905   0.2929   0.2952   0.2976      0.3   0.3024   0.3048   0.3071   0.3095   0.3119   0.3143   0.3167    0.319   0.3214   0.3238   0.3262   0.3286    0.331   0.3333   0.3357   0.3381   0.3405   0.3429   0.3452   0.3476     0.35   0.3524   0.3548   0.3571   0.3595   0.3619   0.3643   0.3667    0.369   0.3714   0.3738   0.3762   0.3786    0.381   0.3833   0.3857   0.3881   0.3905   0.3929   0.3952   0.3976      0.4   0.4024   0.4048   0.4071   0.4095   0.4119   0.4143   0.4167    0.419   0.4214   0.4238   0.4262   0.4286    0.431   0.4333   0.4357   0.4381   0.4405   0.4429   0.4452   0.4476     0.45   0.4524   0.4548   0.4571   0.4595   0.4619   0.4643   0.4667    0.469   0.4714   0.4738   0.4762   0.4786    0.481   0.4833   0.4857   0.4881   0.4905   0.4929   0.4952   0.4976
    S      0.0      1.0   0.4224   0.0607   0.1494   0.1682   0.0062   0.3063   0.0547   0.0175   0.0295   0.0434   0.0216   0.0091   0.3523   0.0703   0.0002   0.0781   0.2712   0.0511   0.0262   0.0514   0.1047   0.0677    0.059   0.0688   0.0695   0.0027   0.2055   0.2002   0.2163   0.1311   0.0181   0.2976   0.3372   0.0838   0.1515   0.0894   0.1387   0.0463   0.4613     0.12   0.2986   0.2447   0.2747   0.0578   0.1785   0.9337     0.04   0.0352   0.2598   0.0075    0.009   0.1255   0.0182    0.263   0.9033   0.0304   0.0358   0.0225   0.0112   0.0435    0.028   0.0228   0.0995   0.1722   0.1624   0.0333   0.1411   0.1328   0.0202   0.0436   0.1472   0.1967    0.003   0.0971    0.004   0.1591   0.0243   0.1634   0.4753   0.2565   0.0922   0.0416   0.3186   0.0518   0.1175   0.0167   0.1073   0.1192   0.2093   0.4952   0.1854   0.1128   0.0298   0.2978   0.0449   0.2942    0.119   0.2365   0.0022   0.1552    0.027    0.009   0.1674   0.1009   0.3176   0.2496    0.021   0.1971   0.0384   0.0718   0.0313   0.0843   0.0974   0.1847   0.2345    0.202   0.0136   0.0122   0.2326    0.006   0.0262   0.1995   0.1731   0.3319    0.017   0.0657   0.0675   0.0009   0.0236   0.2842   0.1141   0.0831   0.0253    0.051   0.0985   0.4082   0.1144   0.0942   0.0814    0.031   0.2138   0.1385   0.0124   0.0367   0.1741   0.2529   0.1114     0.26   0.0142   0.1335    0.324   0.0893   0.2428   0.1261   0.0407   0.0316   0.3658    0.071   0.1487   0.1343   0.1501   0.0662   0.1197   0.1759   0.3204   0.1214   0.0664   0.0496   0.1596   0.3429   0.0501   0.0455   0.0172   0.1341    0.079    0.322   0.6131   0.2333   0.1436   0.1778   0.1465    0.009    0.106   0.0058   0.0144   0.0025   0.1081   0.0115   0.0439   0.5813   0.0967   0.0142    0.037   0.1255   0.0964   0.0357    0.072   0.1412   0.1036   0.1177   0.0928   0.0596   0.3532   0.0325    0.184   0.4789    0.641   0.4213
  snr   -14.67
    H     4.88
 exon    False

M: alg1
 freq      0.0   0.0024   0.0048   0.0071   0.0095   0.0119   0.0143   0.0167    0.019   0.0214   0.0238   0.0262   0.0286    0.031   0.0333   0.0357   0.0381   0.0405   0.0429   0.0452   0.0476     0.05   0.0524   0.0548   0.0571   0.0595   0.0619   0.0643   0.0667    0.069   0.0714   0.0738   0.0762   0.0786    0.081   0.0833   0.0857   0.0881   0.0905   0.0929   0.0952   0.0976      0.1   0.1024   0.1048   0.1071   0.1095   0.1119   0.1143   0.1167    0.119   0.1214   0.1238   0.1262   0.1286    0.131   0.1333   0.1357   0.1381   0.1405   0.1429   0.1452   0.1476     0.15   0.1524   0.1548   0.1571   0.1595   0.1619   0.1643   0.1667    0.169   0.1714   0.1738   0.1762   0.1786    0.181   0.1833   0.1857   0.1881   0.1905   0.1929   0.1952   0.1976      0.2   0.2024   0.2048   0.2071   0.2095   0.2119   0.2143   0.2167    0.219   0.2214   0.2238   0.2262   0.2286    0.231   0.2333   0.2357   0.2381   0.2405   0.2429   0.2452   0.2476     0.25   0.2524   0.2548   0.2571   0.2595   0.2619   0.2643   0.2667    0.269   0.2714   0.2738   0.2762   0.2786    0.281   0.2833   0.2857   0.2881   0.2905   0.2929   0.2952   0.2976      0.3   0.3024   0.3048   0.3071   0.3095   0.3119   0.3143   0.3167    0.319   0.3214   0.3238   0.3262   0.3286    0.331   0.3333   0.3357   0.3381   0.3405   0.3429   0.3452   0.3476     0.35   0.3524   0.3548   0.3571   0.3595   0.3619   0.3643   0.3667    0.369   0.3714   0.3738   0.3762   0.3786    0.381   0.3833   0.3857   0.3881   0.3905   0.3929   0.3952   0.3976      0.4   0.4024   0.4048   0.4071   0.4095   0.4119   0.4143   0.4167    0.419   0.4214   0.4238   0.4262   0.4286    0.431   0.4333   0.4357   0.4381   0.4405   0.4429   0.4452   0.4476     0.45   0.4524   0.4548   0.4571   0.4595   0.4619   0.4643   0.4667    0.469   0.4714   0.4738   0.4762   0.4786    0.481   0.4833   0.4857   0.4881   0.4905   0.4929   0.4952   0.4976
    S      0.0   0.6978   0.9365    0.537   0.4475   0.0876   0.0978   0.4326   0.2569   0.0968   0.3909   0.2863    0.037   0.0206   0.2308   0.3086    0.487   0.1866    0.601   0.0146   0.2137   0.3719   0.2337   0.2181   0.1743   0.2672   0.1534   0.0498   0.1552    0.174   0.5824   0.0822   0.0652   0.3168   0.1672    0.023   0.1035    0.299   0.2776   0.1425   0.6532   0.1384    0.128   0.1406   0.1917   0.1803   0.2567   0.9541   0.0973   0.2016   0.1781   0.0697   0.5835   0.1961   0.0153    0.342   0.8168   0.4231   0.1277   0.2176   0.1058   0.2792   0.0552   0.0383   0.4919   0.3641   0.1397   0.3009   0.1523   0.0828   0.3141   0.0519   0.1264   0.4936   0.0667   0.1038   0.3163   0.2382   0.7296   0.1309   0.4218     0.29   0.1799   0.0704   0.4453   0.3176   0.4488   0.0938   0.2989   0.1467   0.3333   0.3737   0.2441   0.3047   0.1314   0.2791    0.217   0.3279   0.3246   0.1347   0.1407    0.152   0.1203   0.0246   0.1857   0.3964   0.3878    0.178   0.5408   0.4011   0.0486    0.223   0.1311   0.1969   0.1329   0.3052    0.238    0.206   0.0928   0.0514   0.4606   0.0228   0.4745   0.1106   0.6473   0.2096   0.5053   0.4299   0.0925   0.2801   0.1031   0.2538   0.1448   0.6222   0.2003   0.1452   0.5326   0.8369   0.2157   0.0728   0.6428   0.2605   0.2286   0.5301   0.5514   0.4913   0.1365    0.171   0.0648   0.2919   0.0629      1.0   0.2059   0.1644   0.2386   0.0812   0.1726   0.1576    0.222   0.3441    0.143   0.1238   0.2123   0.1419    0.742   0.1459   0.5787   0.1715   0.1855   0.0455   0.0775   0.6701   0.0377   0.1442   0.5246    0.273   0.1393   0.2344   0.3071   0.1525   0.5047   0.0865   0.2635   0.7054   0.6284   0.9525   0.1355   0.0777   0.1598   0.3111   0.2199   0.3224   0.0739   0.3472     0.13   0.2499   0.0583   0.9273   0.1396   0.3507   0.1872   0.3306   0.3531   0.5587   0.9275   0.2707   0.1252   0.4004   0.5742   0.3722
  snr   -17.59
    H     5.08
 exon    False

M: alg2
 freq      0.0   0.0024   0.0048   0.0071   0.0095   0.0119   0.0143   0.0167    0.019   0.0214   0.0238   0.0262   0.0286    0.031   0.0333   0.0357   0.0381   0.0405   0.0429   0.0452   0.0476     0.05   0.0524   0.0548   0.0571   0.0595   0.0619   0.0643   0.0667    0.069   0.0714   0.0738   0.0762   0.0786    0.081   0.0833   0.0857   0.0881   0.0905   0.0929   0.0952   0.0976      0.1   0.1024   0.1048   0.1071   0.1095   0.1119   0.1143   0.1167    0.119   0.1214   0.1238   0.1262   0.1286    0.131   0.1333   0.1357   0.1381   0.1405   0.1429   0.1452   0.1476     0.15   0.1524   0.1548   0.1571   0.1595   0.1619   0.1643   0.1667    0.169   0.1714   0.1738   0.1762   0.1786    0.181   0.1833   0.1857   0.1881   0.1905   0.1929   0.1952   0.1976      0.2   0.2024   0.2048   0.2071   0.2095   0.2119   0.2143   0.2167    0.219   0.2214   0.2238   0.2262   0.2286    0.231   0.2333   0.2357   0.2381   0.2405   0.2429   0.2452   0.2476     0.25   0.2524   0.2548   0.2571   0.2595   0.2619   0.2643   0.2667    0.269   0.2714   0.2738   0.2762   0.2786    0.281   0.2833   0.2857   0.2881   0.2905   0.2929   0.2952   0.2976      0.3   0.3024   0.3048   0.3071   0.3095   0.3119   0.3143   0.3167    0.319   0.3214   0.3238   0.3262   0.3286    0.331   0.3333   0.3357   0.3381   0.3405   0.3429   0.3452   0.3476     0.35   0.3524   0.3548   0.3571   0.3595   0.3619   0.3643   0.3667    0.369   0.3714   0.3738   0.3762   0.3786    0.381   0.3833   0.3857   0.3881   0.3905   0.3929   0.3952   0.3976      0.4   0.4024   0.4048   0.4071   0.4095   0.4119   0.4143   0.4167    0.419   0.4214   0.4238   0.4262   0.4286    0.431   0.4333   0.4357   0.4381   0.4405   0.4429   0.4452   0.4476     0.45   0.4524   0.4548   0.4571   0.4595   0.4619   0.4643   0.4667    0.469   0.4714   0.4738   0.4762   0.4786    0.481   0.4833   0.4857   0.4881   0.4905   0.4929   0.4952   0.4976
    S      0.0   0.1448   0.1386   0.0239   0.0949   0.0632   0.0107   0.0062   0.0415   0.0776   0.3246   0.1196   0.3529   0.1062   0.0279   0.0273   0.1205   0.3367   0.0529   0.0564   0.0212   0.0467   0.1129   0.1474   0.1101   0.0103   0.0371   0.0494   0.0091   0.0304   0.1571   0.0115   0.0381   0.0635   0.0571   0.3854   0.1469   0.1666   0.1588   0.0417    0.309   0.1519    0.047   0.0482   0.1013   0.0381   0.1133   0.3138   0.0888    0.108    0.116    0.078   0.0481   0.0768   0.2066    0.063   0.1229   0.0152    0.038   0.0523   0.0309   0.1045   0.0205   0.0209   0.0318   0.0191   0.0655   0.0296   0.0823   0.4592   0.0075   0.0078   0.4231      1.0   0.1183   0.0334   0.0203   0.0956   0.1887   0.0514   0.2267   0.2957   0.1609   0.0214   0.1051   0.0573   0.0437   0.0138   0.0739   0.1262   0.1448   0.0635   0.1949   0.3193   0.0229   0.0892   0.0061   0.4874   0.1067     0.16   0.0112    0.296   0.0918   0.1448   0.0113   0.2297   0.0605   0.4045   0.3222   0.1511   0.0282    0.103   0.1379   0.5185   0.0415   0.0303   0.0191    0.056   0.0874   0.0739   0.0519   0.0554   0.0715   0.0606   0.1974   0.1768   0.0154   0.2517   0.2032   0.0322    0.178   0.3376   0.0081   0.0795   0.3555   0.0268   0.1462   0.1083   0.2029   0.1056   0.0421     0.09   0.1451   0.5016   0.0604   0.3918   0.1329   0.0077   0.0047   0.4335   0.0951   0.0545   0.0502   0.1724   0.4614   0.0535   0.2566   0.1995    0.065   0.1389   0.1071   0.0332    0.037   0.0144   0.0163   0.0082   0.0662   0.0316   0.0036   0.3749   0.0379   0.1867    0.376   0.0256   0.2634   0.0638     0.01   0.6657   0.1164   0.1844   0.0752   0.0641    0.402   0.0612   0.0609   0.0296   0.0838   0.3652   0.1498   0.0972   0.2684   0.4221   0.1001    0.102   0.1116   0.1561   0.0574   0.0192   0.0734   0.1406   0.0464   0.1295   0.0707   0.3393    0.305   0.0205   0.5116   0.0273   0.5456   0.1721
  snr   -14.32
    H     4.89
 exon    False