>data-XV-cerevisiae-intergenic-48
N: 246
Methods: voss, eiip, qpsk, mem, alg1, alg2

M: voss
 freq      0.0   0.0041   0.0081   0.0122   0.0163   0.0203   0.0244   0.0285   0.0325   0.0366   0.0407   0.0447   0.0488   0.0528   0.0569    0.061    0.065   0.0691   0.0732   0.0772   0.0813   0.0854   0.0894   0.0935   0.0976   0.1016   0.1057   0.1098   0.1138   0.1179    0.122    0.126   0.1301   0.1341   0.1382   0.1423   0.1463   0.1504   0.1545   0.1585   0.1626   0.1667   0.1707   0.1748   0.1789   0.1829    0.187   0.1911   0.1951   0.1992   0.2033   0.2073   0.2114   0.2154   0.2195   0.2236   0.2276   0.2317   0.2358   0.2398   0.2439    0.248    0.252   0.2561   0.2602   0.2642   0.2683   0.2724   0.2764   0.2805   0.2846   0.2886   0.2927   0.2967   0.3008   0.3049   0.3089    0.313   0.3171   0.3211   0.3252   0.3293   0.3333   0.3374   0.3415   0.3455   0.3496   0.3537   0.3577   0.3618   0.3659   0.3699    0.374    0.378   0.3821   0.3862   0.3902   0.3943   0.3984   0.4024   0.4065   0.4106   0.4146   0.4187   0.4228   0.4268   0.4309    0.435    0.439   0.4431   0.4472   0.4512   0.4553   0.4593   0.4634   0.4675   0.4715   0.4756   0.4797   0.4837   0.4878   0.4919   0.4959
    S      0.0   0.5158   0.2685    0.451   0.3547   0.1407   0.2701   0.3832   0.3244   0.3316   0.2305      1.0   0.1334   0.8764   0.2363   0.2684   0.1207   0.5711   0.1903   0.1185   0.4618   0.3234   0.6532   0.1795   0.2639   0.2773   0.5921   0.2506   0.1532   0.4463   0.3915   0.2826   0.5275   0.5473   0.2951   0.3638   0.2352     0.29   0.2022    0.193   0.2732   0.2479   0.5004   0.0826   0.2645   0.2608   0.7239   0.5306   0.2851   0.4357   0.1455   0.3561   0.3769    0.173   0.3395   0.1663    0.252   0.2322   0.2193   0.4475   0.2448   0.2919     0.11     0.44   0.1955   0.5652    0.133    0.311      0.1   0.3331   0.1034   0.2241   0.2319   0.3392   0.4816   0.3304   0.2482   0.2024    0.087   0.2756   0.1683   0.3879   0.2787   0.3281   0.2379   0.2119   0.3579   0.3152   0.1388   0.5336   0.1898   0.2219   0.3181   0.4914   0.0721   0.2722   0.1406   0.4823   0.0595   0.3166   0.3013   0.1096   0.3957   0.1312   0.0545   0.1986   0.6004   0.6328   0.0855   0.2919   0.4164   0.1595   0.5469   0.4012   0.3767   0.1174    0.066   0.4006   0.3686   0.0493   0.1936   0.5688   0.3256
  snr   -15.63
    H     4.66
 exon    False

M: eiip
 freq      0.0   0.0041   0.0081   0.0122   0.0163   0.0203   0.0244   0.0285   0.0325   0.0366   0.0407   0.0447   0.0488   0.0528   0.0569    0.061    0.065   0.0691   0.0732   0.0772   0.0813   0.0854   0.0894   0.0935   0.0976   0.1016   0.1057   0.1098   0.1138   0.1179    0.122    0.126   0.1301   0.1341   0.1382   0.1423   0.1463   0.1504   0.1545   0.1585   0.1626   0.1667   0.1707   0.1748   0.1789   0.1829    0.187   0.1911   0.1951   0.1992   0.2033   0.2073   0.2114   0.2154   0.2195   0.2236   0.2276   0.2317   0.2358   0.2398   0.2439    0.248    0.252   0.2561   0.2602   0.2642   0.2683   0.2724   0.2764   0.2805   0.2846   0.2886   0.2927   0.2967   0.3008   0.3049   0.3089    0.313   0.3171   0.3211   0.3252   0.3293   0.3333   0.3374   0.3415   0.3455   0.3496   0.3537   0.3577   0.3618   0.3659   0.3699    0.374    0.378   0.3821   0.3862   0.3902   0.3943   0.3984   0.4024   0.4065   0.4106   0.4146   0.4187   0.4228   0.4268   0.4309    0.435    0.439   0.4431   0.4472   0.4512   0.4553   0.4593   0.4634   0.4675   0.4715   0.4756   0.4797   0.4837   0.4878   0.4919   0.4959
    S      0.0   0.0112   0.2079   0.0477   0.3591   0.1124   0.0094    0.611   0.0234   0.1331   0.2662   0.5376   0.1304   0.4428   0.0382   0.1776   0.2874   0.5492   0.1072   0.1158   0.0424   0.4043   0.1311     0.23   0.6956   0.1504   0.0436   0.5204   0.0439    0.418   0.0236   0.0866   0.7476   0.4582    0.517   0.6223   0.0823   0.0057    0.354   0.2173   0.4332   0.4101   0.5094   0.0969    0.171   0.2132   0.6391   0.3368   0.3551   0.3735   0.1857   0.0105   0.7408   0.0568   0.3089   0.1678   0.3741   0.5224    0.293   0.1273   0.4157   0.7574   0.0159   0.0324   0.3497   0.9207   0.2224   0.5265   0.0997   0.1405   0.0496   0.2208   0.2083   0.0663   0.9271   0.0303   0.0677   0.2445   0.0949   0.3387   0.2791      1.0   0.1101   0.1756    0.236   0.1363   0.2294   0.1849   0.0703   0.4331   0.0605   0.6734   0.0029   0.6214    0.122   0.0916   0.0181   0.1593    0.115   0.4407   0.9237   0.2027   0.0891   0.2071   0.0248   0.1351    0.046   0.2934   0.1389   0.8488   0.2804   0.2296    0.082   0.4465   0.2123   0.0549   0.1402   0.2113    0.226   0.0264   0.1636   0.2321   0.3363
  snr   -15.01
    H     4.45
 exon     True

M: qpsk
 freq      0.0   0.0041   0.0081   0.0122   0.0163   0.0203   0.0244   0.0285   0.0325   0.0366   0.0407   0.0447   0.0488   0.0528   0.0569    0.061    0.065   0.0691   0.0732   0.0772   0.0813   0.0854   0.0894   0.0935   0.0976   0.1016   0.1057   0.1098   0.1138   0.1179    0.122    0.126   0.1301   0.1341   0.1382   0.1423   0.1463   0.1504   0.1545   0.1585   0.1626   0.1667   0.1707   0.1748   0.1789   0.1829    0.187   0.1911   0.1951   0.1992   0.2033   0.2073   0.2114   0.2154   0.2195   0.2236   0.2276   0.2317   0.2358   0.2398   0.2439    0.248    0.252   0.2561   0.2602   0.2642   0.2683   0.2724   0.2764   0.2805   0.2846   0.2886   0.2927   0.2967   0.3008   0.3049   0.3089    0.313   0.3171   0.3211   0.3252   0.3293   0.3333   0.3374   0.3415   0.3455   0.3496   0.3537   0.3577   0.3618   0.3659   0.3699    0.374    0.378   0.3821   0.3862   0.3902   0.3943   0.3984   0.4024   0.4065   0.4106   0.4146   0.4187   0.4228   0.4268   0.4309    0.435    0.439   0.4431   0.4472   0.4512   0.4553   0.4593   0.4634   0.4675   0.4715   0.4756   0.4797   0.4837   0.4878   0.4919   0.4959
    S      0.0   0.4153   0.2502   0.4891    0.029   0.0708   0.2548   0.4337   0.1852   0.2207   0.2628   0.8524   0.1507      1.0   0.1998   0.2305   0.1255   0.6727   0.1834   0.0778   0.4998   0.2979   0.5782   0.1357   0.1781   0.2302   0.2605   0.2826   0.0438   0.4306   0.3155    0.189   0.4969   0.1172   0.2321   0.4141   0.2264   0.1291   0.1547   0.1772   0.0382   0.2176   0.4359   0.0465   0.1519   0.0471   0.7443   0.1758   0.2751   0.5085    0.121   0.3314   0.3698   0.0866   0.3238     0.17   0.0529   0.2653   0.2544   0.1234   0.2911   0.2925   0.0637   0.3498   0.2291   0.5464   0.1523   0.2117   0.0734   0.3319   0.0633   0.1706   0.1102   0.0452   0.4956   0.3177   0.1402   0.1726    0.094   0.3046   0.1609   0.2015    0.234   0.2981   0.0388   0.1876   0.4025   0.2096   0.1577   0.2774   0.1217   0.2322   0.2052   0.2094   0.0783     0.25   0.1008   0.3323   0.0275   0.3316   0.3307   0.1279   0.0528   0.1449   0.0205   0.0695   0.3174    0.231   0.0929    0.181   0.4834   0.1809    0.501   0.4596   0.3403   0.1104   0.0692   0.3445   0.2395   0.0475   0.0884   0.4444   0.0835
  snr   -14.58
    H     4.58
 exon    False

M: mem
 freq      0.0   0.0041   0.0081   0.0122   0.0163   0.0203   0.0244   0.0285   0.0325   0.0366   0.0407   0.0447   0.0488   0.0528   0.0569    0.061    0.065   0.0691   0.0732   0.0772   0.0813   0.0854   0.0894   0.0935   0.0976   0.1016   0.1057   0.1098   0.1138   0.1179    0.122    0.126   0.1301   0.1341   0.1382   0.1423   0.1463   0.1504   0.1545   0.1585   0.1626   0.1667   0.1707   0.1748   0.1789   0.1829    0.187   0.1911   0.1951   0.1992   0.2033   0.2073   0.2114   0.2154   0.2195   0.2236   0.2276   0.2317   0.2358   0.2398   0.2439    0.248    0.252   0.2561   0.2602   0.2642   0.2683   0.2724   0.2764   0.2805   0.2846   0.2886   0.2927   0.2967   0.3008   0.3049   0.3089    0.313   0.3171   0.3211   0.3252   0.3293   0.3333   0.3374   0.3415   0.3455   0.3496   0.3537   0.3577   0.3618   0.3659   0.3699    0.374    0.378   0.3821   0.3862   0.3902   0.3943   0.3984   0.4024   0.4065   0.4106   0.4146   0.4187   0.4228   0.4268   0.4309    0.435    0.439   0.4431   0.4472   0.4512   0.4553   0.4593   0.4634   0.4675   0.4715   0.4756   0.4797   0.4837   0.4878   0.4919   0.4959
    S      0.0   0.4974   0.0512   0.6724   0.0287    0.052   0.2938   0.2655   0.0676   0.0094   0.2508   0.1997   0.1274      1.0   0.2021   0.1988   0.0459   0.6634   0.1802   0.0918   0.6719    0.103   0.4419   0.0812    0.041   0.1263    0.058   0.0263   0.0474   0.4842   0.3084   0.1533   0.2847   0.0973   0.1516   0.0163   0.1528   0.0628   0.0592   0.0796   0.0299   0.1577    0.002   0.0493   0.0533   0.0319   0.8243   0.1232   0.1392   0.3915   0.0082   0.4112   0.1736   0.0678   0.0295   0.2029   0.0647   0.0864   0.0901   0.1401   0.1144     0.12   0.0785   0.2935   0.0896   0.3545   0.0745   0.0995   0.0859   0.2268   0.0858    0.037   0.1465   0.0033   0.1755   0.3928   0.0362   0.1525   0.0971   0.1549   0.0431   0.0685   0.2816   0.1263   0.0309   0.2591   0.3896   0.2822   0.1563   0.0058   0.1391   0.0036   0.1749   0.2231   0.0492   0.1863   0.1006   0.2728   0.0088   0.0174   0.0387    0.043   0.0262   0.0735   0.0282   0.0707   0.0499   0.1197   0.0683   0.0275   0.4691   0.1035   0.5323   0.4449   0.4256   0.0908   0.0082   0.0675    0.303    0.064   0.0721   0.0773   0.0926
  snr   -12.87
    H     4.36
 exon    False

M: alg1
 freq      0.0   0.0041   0.0081   0.0122   0.0163   0.0203   0.0244   0.0285   0.0325   0.0366   0.0407   0.0447   0.0488   0.0528   0.0569    0.061    0.065   0.0691   0.0732   0.0772   0.0813   0.0854   0.0894   0.0935   0.0976   0.1016   0.1057   0.1098   0.1138   0.1179    0.122    0.126   0.1301   0.1341   0.1382   0.1423   0.1463   0.1504   0.1545   0.1585   0.1626   0.1667   0.1707   0.1748   0.1789   0.1829    0.187   0.1911   0.1951   0.1992   0.2033   0.2073   0.2114   0.2154   0.2195   0.2236   0.2276   0.2317   0.2358   0.2398   0.2439    0.248    0.252   0.2561   0.2602   0.2642   0.2683   0.2724   0.2764   0.2805   0.2846   0.2886   0.2927   0.2967   0.3008   0.3049   0.3089    0.313   0.3171   0.3211   0.3252   0.3293   0.3333   0.3374   0.3415   0.3455   0.3496   0.3537   0.3577   0.3618   0.3659   0.3699    0.374    0.378   0.3821   0.3862   0.3902   0.3943   0.3984   0.4024   0.4065   0.4106   0.4146   0.4187   0.4228   0.4268   0.4309    0.435    0.439   0.4431   0.4472   0.4512   0.4553   0.4593   0.4634   0.4675   0.4715   0.4756   0.4797   0.4837   0.4878   0.4919   0.4959
    S      0.0   0.5855   0.0845    0.562   0.2953   0.0459   0.2792   0.2817   0.1327   0.1056   0.1975   0.4501   0.1281   0.6392   0.1216    0.292    0.051   0.3692   0.2228   0.1531   0.6301   0.0818   0.4574   0.0366   0.1733   0.1896   0.2065   0.0594   0.1418   0.4822   0.3843   0.1773   0.3621   0.2551   0.1685    0.055   0.1398   0.1204   0.1267   0.1453   0.0861   0.0894   0.1315   0.1058   0.1853    0.207      1.0   0.2791   0.2041   0.2335   0.0541   0.2743   0.3341   0.1661   0.0909   0.0824   0.0614   0.1663   0.1225   0.2975   0.1568   0.0162   0.1095   0.2293   0.0335   0.0996    0.044   0.2778   0.1131   0.2045    0.106   0.1284   0.1832    0.194   0.1667   0.3936   0.1042   0.2306   0.0878   0.0826   0.0654   0.0947   0.3498   0.1793    0.149   0.1157   0.2074   0.2886   0.1278   0.2413   0.1347   0.0649   0.1567   0.2034   0.0646   0.2274   0.0629   0.3238   0.0455   0.0825   0.0137   0.0286   0.1632   0.1075   0.0203   0.1795   0.3121   0.3554   0.0962   0.1905   0.4474   0.0418   0.3653   0.3302   0.1779   0.1105   0.0136   0.1394   0.4579   0.0338   0.0707   0.2099   0.1587
  snr   -13.57
    H     4.55
 exon    False

M: alg2
 freq      0.0   0.0041   0.0081   0.0122   0.0163   0.0203   0.0244   0.0285   0.0325   0.0366   0.0407   0.0447   0.0488   0.0528   0.0569    0.061    0.065   0.0691   0.0732   0.0772   0.0813   0.0854   0.0894   0.0935   0.0976   0.1016   0.1057   0.1098   0.1138   0.1179    0.122    0.126   0.1301   0.1341   0.1382   0.1423   0.1463   0.1504   0.1545   0.1585   0.1626   0.1667   0.1707   0.1748   0.1789   0.1829    0.187   0.1911   0.1951   0.1992   0.2033   0.2073   0.2114   0.2154   0.2195   0.2236   0.2276   0.2317   0.2358   0.2398   0.2439    0.248    0.252   0.2561   0.2602   0.2642   0.2683   0.2724   0.2764   0.2805   0.2846   0.2886   0.2927   0.2967   0.3008   0.3049   0.3089    0.313   0.3171   0.3211   0.3252   0.3293   0.3333   0.3374   0.3415   0.3455   0.3496   0.3537   0.3577   0.3618   0.3659   0.3699    0.374    0.378   0.3821   0.3862   0.3902   0.3943   0.3984   0.4024   0.4065   0.4106   0.4146   0.4187   0.4228   0.4268   0.4309    0.435    0.439   0.4431   0.4472   0.4512   0.4553   0.4593   0.4634   0.4675   0.4715   0.4756   0.4797   0.4837   0.4878   0.4919   0.4959
    S      0.0   0.3985   0.1707   0.3432   0.0574   0.0088   0.2612   0.1995   0.0723   0.0645   0.1387   0.5284   0.0177      1.0    0.047   0.1501   0.0234    0.431   0.0901   0.0469   0.3609   0.0795   0.5343   0.0873   0.0385   0.2268   0.0664   0.1151    0.062   0.2843   0.2903   0.1965   0.0152   0.0167   0.0309    0.174   0.0144   0.0511   0.0953   0.0817   0.0182   0.0706   0.1392   0.0252   0.1287    0.071   0.2805    0.195   0.0067    0.428   0.0606   0.1898   0.0134   0.0854   0.2062   0.1337   0.0243   0.0002   0.0014   0.1275   0.0074   0.1918   0.0672   0.0254   0.1752    0.354   0.1169   0.0827   0.0502   0.2578   0.0469   0.0545   0.0821   0.0692   0.3336   0.3226   0.1082   0.0971    0.042   0.2493   0.1066   0.0555   0.1333   0.2731   0.0527   0.1191   0.3395     0.12   0.1271   0.1337   0.1206   0.0314   0.0368   0.0557    0.025   0.1866   0.0133   0.0503   0.0112   0.1259   0.1411   0.0517   0.0236   0.0337   0.0105   0.0892   0.2968   0.2642   0.0111   0.0116   0.0815   0.1486   0.0727   0.2188   0.1778   0.0902   0.0359   0.0661   0.1618   0.0268    0.009   0.2531   0.0193
  snr   -11.83
    H     4.37
 exon    False