>data-XIV-cerevisiae-intergenic-218
N: 399
Methods: voss, eiip, qpsk, mem, tbpse, snrse

M: voss
 freq      0.0   0.0025    0.005   0.0075     0.01   0.0125    0.015   0.0175   0.0201   0.0226   0.0251   0.0276   0.0301   0.0326   0.0351   0.0376   0.0401   0.0426   0.0451   0.0476   0.0501   0.0526   0.0551   0.0576   0.0602   0.0627   0.0652   0.0677   0.0702   0.0727   0.0752   0.0777   0.0802   0.0827   0.0852   0.0877   0.0902   0.0927   0.0952   0.0977   0.1003   0.1028   0.1053   0.1078   0.1103   0.1128   0.1153   0.1178   0.1203   0.1228   0.1253   0.1278   0.1303   0.1328   0.1353   0.1378   0.1404   0.1429   0.1454   0.1479   0.1504   0.1529   0.1554   0.1579   0.1604   0.1629   0.1654   0.1679   0.1704   0.1729   0.1754   0.1779   0.1805    0.183   0.1855    0.188   0.1905    0.193   0.1955    0.198   0.2005    0.203   0.2055    0.208   0.2105    0.213   0.2155    0.218   0.2206   0.2231   0.2256   0.2281   0.2306   0.2331   0.2356   0.2381   0.2406   0.2431   0.2456   0.2481   0.2506   0.2531   0.2556   0.2581   0.2607   0.2632   0.2657   0.2682   0.2707   0.2732   0.2757   0.2782   0.2807   0.2832   0.2857   0.2882   0.2907   0.2932   0.2957   0.2982   0.3008   0.3033   0.3058   0.3083   0.3108   0.3133   0.3158   0.3183   0.3208   0.3233   0.3258   0.3283   0.3308   0.3333   0.3358   0.3383   0.3409   0.3434   0.3459   0.3484   0.3509   0.3534   0.3559   0.3584   0.3609   0.3634   0.3659   0.3684   0.3709   0.3734   0.3759   0.3784    0.381   0.3835    0.386   0.3885    0.391   0.3935    0.396   0.3985    0.401   0.4035    0.406   0.4085    0.411   0.4135    0.416   0.4185   0.4211   0.4236   0.4261   0.4286   0.4311   0.4336   0.4361   0.4386   0.4411   0.4436   0.4461   0.4486   0.4511   0.4536   0.4561   0.4586   0.4612   0.4637   0.4662   0.4687   0.4712   0.4737   0.4762   0.4787   0.4812   0.4837   0.4862   0.4887   0.4912   0.4937   0.4962   0.4987
    S      0.0      1.0     0.11   0.8523   0.3674   0.2141   0.3884   0.1751   0.5111   0.2007   0.0551   0.1186   0.3271   0.2157   0.1822   0.3249   0.1562   0.0776    0.064   0.2422     0.09   0.3008   0.2427   0.1756   0.3128   0.2249   0.2845     0.22   0.0969   0.0538   0.1426   0.2573   0.1803   0.2625   0.2647   0.1459   0.0568   0.1912   0.1966   0.3891   0.1739    0.238   0.0998   0.1709     0.15   0.1817   0.2214   0.2804   0.2316   0.0632   0.0843   0.1274   0.2347   0.1156    0.026   0.0562   0.1726   0.0972   0.1982    0.195   0.1445   0.1334   0.4897   0.1019   0.2611   0.1039   0.3879   0.0914   0.2062   0.1714   0.0788    0.028   0.1172   0.2808   0.1647   0.1283   0.3218   0.2413   0.2844    0.264   0.3119   0.3309   0.0921   0.1083   0.1598   0.0767   0.1623   0.1677   0.0773   0.1082    0.232   0.1299   0.1302   0.3418   0.0853   0.1989   0.4242   0.1258   0.1927   0.1728   0.2362   0.1024   0.1639   0.3407   0.0961   0.1476   0.1575   0.2332   0.1376   0.1874   0.1419   0.2051   0.0453   0.1869   0.1578   0.1354   0.4362    0.168   0.0429   0.2409   0.0292    0.122   0.1479   0.4053   0.3262    0.079   0.1077   0.1302   0.1563   0.2014    0.055   0.1835   0.1074   0.1442   0.0585   0.1179   0.3682   0.2659   0.3611   0.1853   0.3929    0.089   0.0939   0.0382   0.2124   0.1327   0.0325   0.2486   0.1464   0.1582   0.2158    0.105   0.2846   0.2261   0.1058   0.1995   0.1009   0.1071   0.1469   0.1305   0.0745   0.0919   0.2385   0.1192   0.1234   0.1329   0.0877   0.2098   0.1215   0.0562   0.1845   0.1496   0.0961    0.323   0.2191   0.1169   0.1395   0.1047   0.0115   0.0659   0.3136   0.2981   0.0776   0.0882   0.0453   0.1305   0.2184   0.1927   0.2266   0.0495   0.3384   0.3315   0.1844   0.0989   0.1645   0.1352   0.4552   0.0903    0.279   0.3215
  snr   -15.61
    H     5.11
 exon    False

M: eiip
 freq      0.0   0.0025    0.005   0.0075     0.01   0.0125    0.015   0.0175   0.0201   0.0226   0.0251   0.0276   0.0301   0.0326   0.0351   0.0376   0.0401   0.0426   0.0451   0.0476   0.0501   0.0526   0.0551   0.0576   0.0602   0.0627   0.0652   0.0677   0.0702   0.0727   0.0752   0.0777   0.0802   0.0827   0.0852   0.0877   0.0902   0.0927   0.0952   0.0977   0.1003   0.1028   0.1053   0.1078   0.1103   0.1128   0.1153   0.1178   0.1203   0.1228   0.1253   0.1278   0.1303   0.1328   0.1353   0.1378   0.1404   0.1429   0.1454   0.1479   0.1504   0.1529   0.1554   0.1579   0.1604   0.1629   0.1654   0.1679   0.1704   0.1729   0.1754   0.1779   0.1805    0.183   0.1855    0.188   0.1905    0.193   0.1955    0.198   0.2005    0.203   0.2055    0.208   0.2105    0.213   0.2155    0.218   0.2206   0.2231   0.2256   0.2281   0.2306   0.2331   0.2356   0.2381   0.2406   0.2431   0.2456   0.2481   0.2506   0.2531   0.2556   0.2581   0.2607   0.2632   0.2657   0.2682   0.2707   0.2732   0.2757   0.2782   0.2807   0.2832   0.2857   0.2882   0.2907   0.2932   0.2957   0.2982   0.3008   0.3033   0.3058   0.3083   0.3108   0.3133   0.3158   0.3183   0.3208   0.3233   0.3258   0.3283   0.3308   0.3333   0.3358   0.3383   0.3409   0.3434   0.3459   0.3484   0.3509   0.3534   0.3559   0.3584   0.3609   0.3634   0.3659   0.3684   0.3709   0.3734   0.3759   0.3784    0.381   0.3835    0.386   0.3885    0.391   0.3935    0.396   0.3985    0.401   0.4035    0.406   0.4085    0.411   0.4135    0.416   0.4185   0.4211   0.4236   0.4261   0.4286   0.4311   0.4336   0.4361   0.4386   0.4411   0.4436   0.4461   0.4486   0.4511   0.4536   0.4561   0.4586   0.4612   0.4637   0.4662   0.4687   0.4712   0.4737   0.4762   0.4787   0.4812   0.4837   0.4862   0.4887   0.4912   0.4937   0.4962   0.4987
    S      0.0   0.1337   0.0166   0.1021   0.0059   0.0909    0.006   0.0875   0.0275   0.0159   0.0049   0.2488   0.0033   0.1257   0.0755   0.0271   0.0686   0.0256   0.0354   0.1377   0.0907    0.065   0.2457   0.1313   0.0661   0.0269   0.1131   0.0296   0.0626   0.0664   0.0097   0.3171   0.1247   0.1301   0.0266   0.0273   0.0018   0.1477   0.0103   0.0576   0.3374   0.0464   0.0428   0.0304    0.082   0.0186   0.0462   0.1705   0.2934   0.0379   0.1344    0.108   0.2168   0.0392   0.0025   0.0508   0.0895   0.1983   0.0186    0.215   0.0068   0.0803      1.0   0.0421   0.4016   0.1118   0.2259   0.0259   0.1646   0.0231   0.0069   0.0101   0.0807   0.2152   0.0495   0.0456   0.2415   0.1382   0.2574   0.1857   0.0943   0.4978   0.0038   0.1414   0.0662   0.0386   0.0051    0.242   0.0362   0.0396   0.0417   0.0458   0.0822   0.3448   0.0932   0.0252   0.2254   0.0063   0.0466   0.0926   0.0221   0.0568   0.0364   0.0019   0.0381   0.0106   0.0849   0.2026    0.007   0.0933   0.0802   0.0765   0.0027   0.0354    0.082   0.0432   0.0419   0.2108   0.0136   0.0072   0.0026   0.1122   0.0267   0.1838   0.1419   0.0485   0.1286   0.1015     0.16   0.0177   0.0625   0.0066   0.0383   0.2415   0.0519   0.0247   0.0038   0.3338   0.4086   0.3096   0.2235   0.0171    0.101   0.0262   0.0738   0.0171   0.0022   0.0823   0.2077   0.1525   0.2477   0.0919   0.1631   0.1311   0.1446   0.2813     0.08    0.044   0.1956   0.0913   0.1364   0.0716   0.0015   0.0058   0.0848   0.0882   0.0192   0.1717   0.0606   0.0178   0.0963    0.051   0.0133   0.2144   0.2973   0.0816   0.0551   0.1572   0.0035   0.0436   0.4315   0.2628   0.0595   0.0932   0.0086   0.1556   0.0491   0.3023   0.0246   0.0307   0.3446   0.1027   0.2662   0.0129    0.169    0.024   0.0313   0.0535   0.1063   0.0147
  snr   -12.96
    H     4.81
 exon    False

M: qpsk
 freq      0.0   0.0025    0.005   0.0075     0.01   0.0125    0.015   0.0175   0.0201   0.0226   0.0251   0.0276   0.0301   0.0326   0.0351   0.0376   0.0401   0.0426   0.0451   0.0476   0.0501   0.0526   0.0551   0.0576   0.0602   0.0627   0.0652   0.0677   0.0702   0.0727   0.0752   0.0777   0.0802   0.0827   0.0852   0.0877   0.0902   0.0927   0.0952   0.0977   0.1003   0.1028   0.1053   0.1078   0.1103   0.1128   0.1153   0.1178   0.1203   0.1228   0.1253   0.1278   0.1303   0.1328   0.1353   0.1378   0.1404   0.1429   0.1454   0.1479   0.1504   0.1529   0.1554   0.1579   0.1604   0.1629   0.1654   0.1679   0.1704   0.1729   0.1754   0.1779   0.1805    0.183   0.1855    0.188   0.1905    0.193   0.1955    0.198   0.2005    0.203   0.2055    0.208   0.2105    0.213   0.2155    0.218   0.2206   0.2231   0.2256   0.2281   0.2306   0.2331   0.2356   0.2381   0.2406   0.2431   0.2456   0.2481   0.2506   0.2531   0.2556   0.2581   0.2607   0.2632   0.2657   0.2682   0.2707   0.2732   0.2757   0.2782   0.2807   0.2832   0.2857   0.2882   0.2907   0.2932   0.2957   0.2982   0.3008   0.3033   0.3058   0.3083   0.3108   0.3133   0.3158   0.3183   0.3208   0.3233   0.3258   0.3283   0.3308   0.3333   0.3358   0.3383   0.3409   0.3434   0.3459   0.3484   0.3509   0.3534   0.3559   0.3584   0.3609   0.3634   0.3659   0.3684   0.3709   0.3734   0.3759   0.3784    0.381   0.3835    0.386   0.3885    0.391   0.3935    0.396   0.3985    0.401   0.4035    0.406   0.4085    0.411   0.4135    0.416   0.4185   0.4211   0.4236   0.4261   0.4286   0.4311   0.4336   0.4361   0.4386   0.4411   0.4436   0.4461   0.4486   0.4511   0.4536   0.4561   0.4586   0.4612   0.4637   0.4662   0.4687   0.4712   0.4737   0.4762   0.4787   0.4812   0.4837   0.4862   0.4887   0.4912   0.4937   0.4962   0.4987
    S      0.0      1.0   0.1201    0.885   0.2551   0.2162    0.402    0.075    0.516   0.1963   0.0675   0.1223   0.1948   0.1724   0.1395   0.3167   0.1375   0.0703   0.0332   0.1104   0.0906   0.1325   0.1589   0.2249   0.1227   0.0858   0.1688   0.2209    0.084   0.0691    0.076   0.1712   0.2117   0.2904   0.1688   0.0591   0.0541   0.2472   0.1421   0.5067    0.181   0.1098   0.1325   0.2001    0.087    0.197   0.2189   0.2963    0.296   0.0136   0.1001   0.1412   0.2877   0.1114   0.0274   0.0724   0.1366   0.1177   0.2484   0.1524   0.1467   0.1448   0.5958   0.0624   0.2947   0.1236   0.1823   0.0955   0.1514   0.1663   0.0839   0.0245   0.0817   0.3704   0.1448   0.1607   0.3027    0.071   0.3554   0.2999   0.3082   0.3623   0.0659   0.0931   0.0588   0.0821   0.1437   0.0763   0.0854    0.078   0.1678   0.1062   0.1181   0.2466   0.0321   0.0709   0.0438   0.1235   0.1182   0.1303   0.3165   0.0158   0.0951   0.3303   0.0594   0.1533   0.1053   0.2866   0.0954    0.189   0.1522   0.2178   0.0603    0.137   0.1997   0.0814   0.2687   0.1866   0.0355   0.1769   0.0178   0.1428   0.1522   0.3826   0.3906   0.0456   0.0826   0.1283   0.1985    0.211    0.073   0.1035   0.0675   0.1387   0.0403   0.1376   0.3446   0.3531   0.2448   0.1189   0.2309   0.0728   0.0303   0.0386   0.1829   0.0569    0.014    0.209   0.1722   0.0768   0.2244   0.0586   0.3783   0.2434   0.1294   0.1694   0.0355    0.102   0.0694    0.127   0.0575   0.1079   0.1479   0.0869   0.0388   0.1738   0.0966   0.2519   0.0977   0.0676   0.1469   0.1602   0.0799   0.1354   0.1585   0.1301   0.1402   0.1326   0.0096   0.0615   0.2665   0.3913   0.0829     0.08   0.0472   0.1177   0.2051   0.2278   0.1124   0.0599   0.4303    0.373   0.2263   0.0399   0.1119   0.1293   0.2246   0.1047   0.3064   0.1444
  snr   -15.04
    H     5.05
 exon    False

M: mem
 freq      0.0   0.0025    0.005   0.0075   0.0101   0.0126   0.0151   0.0176   0.0201   0.0226   0.0251   0.0276   0.0302   0.0327   0.0352   0.0377   0.0402   0.0427   0.0452   0.0477   0.0503   0.0528   0.0553   0.0578   0.0603   0.0628   0.0653   0.0678   0.0704   0.0729   0.0754   0.0779   0.0804   0.0829   0.0854   0.0879   0.0905    0.093   0.0955    0.098   0.1005    0.103   0.1055    0.108   0.1106   0.1131   0.1156   0.1181   0.1206   0.1231   0.1256   0.1281   0.1307   0.1332   0.1357   0.1382   0.1407   0.1432   0.1457   0.1482   0.1508   0.1533   0.1558   0.1583   0.1608   0.1633   0.1658   0.1683   0.1709   0.1734   0.1759   0.1784   0.1809   0.1834   0.1859   0.1884    0.191   0.1935    0.196   0.1985    0.201   0.2035    0.206   0.2085   0.2111   0.2136   0.2161   0.2186   0.2211   0.2236   0.2261   0.2286   0.2312   0.2337   0.2362   0.2387   0.2412   0.2437   0.2462   0.2487   0.2513   0.2538   0.2563   0.2588   0.2613   0.2638   0.2663   0.2688   0.2714   0.2739   0.2764   0.2789   0.2814   0.2839   0.2864   0.2889   0.2915    0.294   0.2965    0.299   0.3015    0.304   0.3065    0.309   0.3116   0.3141   0.3166   0.3191   0.3216   0.3241   0.3266   0.3291   0.3317   0.3342   0.3367   0.3392   0.3417   0.3442   0.3467   0.3492   0.3518   0.3543   0.3568   0.3593   0.3618   0.3643   0.3668   0.3693   0.3719   0.3744   0.3769   0.3794   0.3819   0.3844   0.3869   0.3894    0.392   0.3945    0.397   0.3995    0.402   0.4045    0.407   0.4095   0.4121   0.4146   0.4171   0.4196   0.4221   0.4246   0.4271   0.4296   0.4322   0.4347   0.4372   0.4397   0.4422   0.4447   0.4472   0.4497   0.4523   0.4548   0.4573   0.4598   0.4623   0.4648   0.4673   0.4698   0.4724   0.4749   0.4774   0.4799   0.4824   0.4849   0.4874   0.4899   0.4925    0.495   0.4975
    S      0.0      1.0   0.1265   0.5523   0.0622   0.1808   0.5968   0.0667   0.4657   0.2125   0.0729   0.0299   0.0859    0.011   0.1039   0.5523   0.2475   0.1794   0.0013   0.1111   0.0333   0.0101   0.0704   0.1576   0.0444   0.0191   0.0542   0.1662   0.0414   0.0299   0.1219    0.202   0.0409   0.2013   0.1144   0.0802   0.0467   0.3628   0.1474   0.5819   0.1053   0.0201   0.2061   0.0993   0.1724   0.2385   0.2394   0.0115    0.201   0.0616   0.0503   0.1769   0.4211   0.0713   0.0405    0.017   0.0019   0.0216   0.5353   0.0761    0.187   0.0136   0.0103   0.0186   0.0647   0.0356   0.1903   0.0764   0.1002   0.0938   0.1312   0.0186    0.026   0.2739   0.0105   0.2031   0.0888   0.0053   0.1911   0.2656   0.2155   0.1937   0.0171    0.048   0.0357   0.1315   0.2115   0.0044   0.0794   0.1174   0.1135   0.2552   0.0824   0.1248   0.0122    0.011   0.2319   0.1071   0.0326   0.0787   0.4571   0.0692   0.0941   0.1681   0.0034   0.2806   0.0927   0.0886   0.3017   0.0402   0.0728   0.2128   0.1195   0.1494   0.1205   0.0625   0.1399   0.0466   0.0126   0.1482   0.0147   0.2518    0.094   0.1292   0.2154   0.0174   0.0449   0.0543   0.0337   0.2418    0.006   0.0881   0.0046   0.0933   0.0048   0.4957    0.457   0.2582   0.0898   0.0685   0.0185   0.0493   0.0497    0.186   0.0945   0.0044   0.1048   0.0072   0.0128   0.0017    0.001   0.1196   0.0905   0.2424   0.1169   0.0157    0.173   0.1222   0.0781   0.0581     0.04   0.2554   0.2086   0.0353   0.0463   0.1132   0.0147   0.1061   0.1254   0.0685    0.566   0.1226   0.1919   0.0125   0.0756   0.0523   0.0133   0.0171   0.0157   0.0503   0.0576   0.3123   0.0063   0.0451   0.1538   0.0014   0.0617   0.0443   0.0493   0.1726   0.1519   0.3601    0.105   0.0022   0.0653   0.2693   0.1713   0.0152   0.0459
  snr   -13.83
    H     4.81
 exon    False

M: tbpse
 freq      0.0   0.0025    0.005   0.0075     0.01   0.0125    0.015   0.0175   0.0201   0.0226   0.0251   0.0276   0.0301   0.0326   0.0351   0.0376   0.0401   0.0426   0.0451   0.0476   0.0501   0.0526   0.0551   0.0576   0.0602   0.0627   0.0652   0.0677   0.0702   0.0727   0.0752   0.0777   0.0802   0.0827   0.0852   0.0877   0.0902   0.0927   0.0952   0.0977   0.1003   0.1028   0.1053   0.1078   0.1103   0.1128   0.1153   0.1178   0.1203   0.1228   0.1253   0.1278   0.1303   0.1328   0.1353   0.1378   0.1404   0.1429   0.1454   0.1479   0.1504   0.1529   0.1554   0.1579   0.1604   0.1629   0.1654   0.1679   0.1704   0.1729   0.1754   0.1779   0.1805    0.183   0.1855    0.188   0.1905    0.193   0.1955    0.198   0.2005    0.203   0.2055    0.208   0.2105    0.213   0.2155    0.218   0.2206   0.2231   0.2256   0.2281   0.2306   0.2331   0.2356   0.2381   0.2406   0.2431   0.2456   0.2481   0.2506   0.2531   0.2556   0.2581   0.2607   0.2632   0.2657   0.2682   0.2707   0.2732   0.2757   0.2782   0.2807   0.2832   0.2857   0.2882   0.2907   0.2932   0.2957   0.2982   0.3008   0.3033   0.3058   0.3083   0.3108   0.3133   0.3158   0.3183   0.3208   0.3233   0.3258   0.3283   0.3308   0.3333   0.3358   0.3383   0.3409   0.3434   0.3459   0.3484   0.3509   0.3534   0.3559   0.3584   0.3609   0.3634   0.3659   0.3684   0.3709   0.3734   0.3759   0.3784    0.381   0.3835    0.386   0.3885    0.391   0.3935    0.396   0.3985    0.401   0.4035    0.406   0.4085    0.411   0.4135    0.416   0.4185   0.4211   0.4236   0.4261   0.4286   0.4311   0.4336   0.4361   0.4386   0.4411   0.4436   0.4461   0.4486   0.4511   0.4536   0.4561   0.4586   0.4612   0.4637   0.4662   0.4687   0.4712   0.4737   0.4762   0.4787   0.4812   0.4837   0.4862   0.4887   0.4912   0.4937   0.4962   0.4987
    S      0.0   0.4005   0.0598   0.2326   0.0293   0.1348   0.1854   0.0849   0.1548   0.0242   0.0193   0.2616    0.059   0.1184   0.1444   0.2498   0.1974   0.0956   0.0444   0.1728   0.0954   0.0607   0.1985   0.1525   0.1406   0.0296    0.078   0.0487   0.0516   0.0617   0.0798   0.4257   0.1572   0.1275   0.0888   0.0428   0.0211   0.2039   0.0757   0.1824   0.3575   0.0339   0.0539   0.0786   0.1746    0.143   0.0768   0.1927   0.3565   0.0534    0.176   0.1988   0.3947    0.061   0.0169    0.052   0.0985   0.2112   0.1334   0.2744   0.0249   0.1074      1.0   0.0515   0.4547   0.1263   0.3555   0.0336   0.1271   0.0463   0.0634   0.0229   0.0745   0.3229   0.0878   0.0839   0.3187   0.1161   0.3151   0.3205   0.1232   0.4333   0.0051   0.2143   0.1026    0.086   0.0418     0.27   0.0462   0.1193   0.0793    0.133   0.0675   0.2997   0.0952   0.0559   0.3511   0.0263   0.1084   0.1156   0.1562   0.0594   0.0223   0.0353   0.0394   0.0541   0.1599   0.2252   0.0859   0.1159   0.1231   0.2189   0.0272   0.1119      0.1    0.043   0.1736   0.2243   0.0212   0.0943   0.0029   0.1061   0.1146   0.2289   0.2592   0.0618   0.1116   0.1553   0.1498   0.0666   0.0668   0.0299   0.0463   0.3005   0.0656   0.1298    0.226   0.4474   0.3441   0.3882   0.2302   0.0394   0.1285   0.0377   0.1704   0.0329   0.0106   0.0737    0.178   0.1676   0.2415   0.0781   0.2496    0.113   0.1876   0.2511   0.1464   0.1316   0.2085    0.133   0.1389   0.0751   0.1317   0.0365   0.0905   0.1006    0.045   0.1976   0.1148   0.0272   0.2452    0.174   0.0576   0.2027   0.2812   0.1691   0.0675   0.1477   0.0055    0.061   0.4553   0.2795   0.0885   0.0798   0.0161    0.201    0.076   0.3255   0.0206    0.052   0.4267   0.1139   0.3721   0.0463   0.1612   0.0875   0.1342   0.0836   0.1432   0.0372
  snr   -14.43
    H      5.0
 exon    False

M: snrse
 freq      0.0   0.0025    0.005   0.0075     0.01   0.0125    0.015   0.0175   0.0201   0.0226   0.0251   0.0276   0.0301   0.0326   0.0351   0.0376   0.0401   0.0426   0.0451   0.0476   0.0501   0.0526   0.0551   0.0576   0.0602   0.0627   0.0652   0.0677   0.0702   0.0727   0.0752   0.0777   0.0802   0.0827   0.0852   0.0877   0.0902   0.0927   0.0952   0.0977   0.1003   0.1028   0.1053   0.1078   0.1103   0.1128   0.1153   0.1178   0.1203   0.1228   0.1253   0.1278   0.1303   0.1328   0.1353   0.1378   0.1404   0.1429   0.1454   0.1479   0.1504   0.1529   0.1554   0.1579   0.1604   0.1629   0.1654   0.1679   0.1704   0.1729   0.1754   0.1779   0.1805    0.183   0.1855    0.188   0.1905    0.193   0.1955    0.198   0.2005    0.203   0.2055    0.208   0.2105    0.213   0.2155    0.218   0.2206   0.2231   0.2256   0.2281   0.2306   0.2331   0.2356   0.2381   0.2406   0.2431   0.2456   0.2481   0.2506   0.2531   0.2556   0.2581   0.2607   0.2632   0.2657   0.2682   0.2707   0.2732   0.2757   0.2782   0.2807   0.2832   0.2857   0.2882   0.2907   0.2932   0.2957   0.2982   0.3008   0.3033   0.3058   0.3083   0.3108   0.3133   0.3158   0.3183   0.3208   0.3233   0.3258   0.3283   0.3308   0.3333   0.3358   0.3383   0.3409   0.3434   0.3459   0.3484   0.3509   0.3534   0.3559   0.3584   0.3609   0.3634   0.3659   0.3684   0.3709   0.3734   0.3759   0.3784    0.381   0.3835    0.386   0.3885    0.391   0.3935    0.396   0.3985    0.401   0.4035    0.406   0.4085    0.411   0.4135    0.416   0.4185   0.4211   0.4236   0.4261   0.4286   0.4311   0.4336   0.4361   0.4386   0.4411   0.4436   0.4461   0.4486   0.4511   0.4536   0.4561   0.4586   0.4612   0.4637   0.4662   0.4687   0.4712   0.4737   0.4762   0.4787   0.4812   0.4837   0.4862   0.4887   0.4912   0.4937   0.4962   0.4987
    S      0.0      1.0    0.052   0.7804   0.2055   0.1862   0.3021   0.0826   0.3848     0.21   0.0571   0.0089   0.1079   0.0587   0.0662   0.2068   0.1151    0.059   0.0046    0.036   0.0547   0.1192   0.1018   0.0321   0.0553    0.098   0.1528   0.2202   0.0441   0.0101   0.0124   0.1078   0.0839   0.1598   0.0734   0.0592    0.038   0.1235   0.1181   0.3621   0.0177   0.1314   0.0787   0.1829   0.0297   0.1273   0.1454     0.03   0.1252   0.0103   0.0407   0.0911   0.2225   0.0238   0.0124   0.0076   0.0271   0.0126   0.2248   0.1004   0.1405    0.036   0.0151   0.0379   0.0911   0.0489   0.0787   0.0751   0.0974   0.1293   0.0538   0.0145   0.0407   0.2377   0.0105   0.0602   0.0207   0.0813   0.1763    0.163   0.1541   0.0563   0.0639   0.0469   0.0526   0.0423   0.1199   0.0302   0.0239   0.0583   0.1801   0.0794   0.0934   0.1603   0.0075   0.0207   0.0495   0.1114   0.0552   0.0048   0.3031   0.0176   0.0999   0.3488   0.0364   0.1424   0.1024   0.1032   0.0658   0.0098   0.1091   0.2066   0.0606   0.0278   0.1227   0.0466   0.0094   0.0509   0.0366   0.1123   0.0139   0.0671   0.1463   0.0365   0.1257   0.0384   0.0216   0.0694   0.0379   0.2131   0.0121   0.0567   0.0192   0.0386   0.0131   0.1274    0.253     0.18   0.0881   0.0335   0.1655   0.0142   0.0182   0.0044   0.0608   0.0358   0.0093   0.1428   0.0368   0.0053   0.0422   0.0345   0.1858   0.1813   0.0526   0.0536   0.0173   0.0918   0.0015   0.1023    0.001   0.0689   0.0703   0.0356   0.0145   0.0462   0.0852   0.0314   0.0235   0.0518   0.1178   0.1297   0.0664    0.129   0.0339    0.103   0.0822   0.0027   0.0016    0.052    0.004    0.092    0.018   0.0365    0.045   0.0212    0.104   0.0613   0.1182   0.0236   0.1654   0.2956   0.1218   0.0166   0.0288   0.1174   0.0163   0.0763   0.2226   0.1012
  snr   -12.38
    H     4.84
 exon    False