>data-XV-cerevisiae-intergenic-326
N: 233
Methods: voss, eiip, qpsk, mem, alg1, alg2

M: voss
 freq      0.0   0.0043   0.0086   0.0129   0.0172   0.0215   0.0258     0.03   0.0343   0.0386   0.0429   0.0472   0.0515   0.0558   0.0601   0.0644   0.0687    0.073   0.0773   0.0815   0.0858   0.0901   0.0944   0.0987    0.103   0.1073   0.1116   0.1159   0.1202   0.1245   0.1288    0.133   0.1373   0.1416   0.1459   0.1502   0.1545   0.1588   0.1631   0.1674   0.1717    0.176   0.1803   0.1845   0.1888   0.1931   0.1974   0.2017    0.206   0.2103   0.2146   0.2189   0.2232   0.2275   0.2318   0.2361   0.2403   0.2446   0.2489   0.2532   0.2575   0.2618   0.2661   0.2704   0.2747    0.279   0.2833   0.2876   0.2918   0.2961   0.3004   0.3047    0.309   0.3133   0.3176   0.3219   0.3262   0.3305   0.3348   0.3391   0.3433   0.3476   0.3519   0.3562   0.3605   0.3648   0.3691   0.3734   0.3777    0.382   0.3863   0.3906   0.3948   0.3991   0.4034   0.4077    0.412   0.4163   0.4206   0.4249   0.4292   0.4335   0.4378   0.4421   0.4464   0.4506   0.4549   0.4592   0.4635   0.4678   0.4721   0.4764   0.4807    0.485   0.4893   0.4936   0.4979
    S      0.0      1.0   0.3927   0.9735    0.291   0.0645   0.2116   0.1677   0.2156   0.1649   0.3459   0.2019   0.2168   0.2313   0.2387   0.5738    0.189   0.2402   0.1949   0.2377    0.163   0.4416   0.0574   0.7774   0.2387   0.1478   0.1158   0.2167   0.1741   0.0781   0.1108   0.2129   0.0361   0.1891   0.2809   0.2102   0.1603   0.2419   0.1687   0.1783   0.0878   0.1041   0.2795   0.2161    0.105   0.2966   0.4065   0.1466   0.2398   0.4151    0.304   0.3503   0.2407   0.0737   0.2512   0.1971   0.3937   0.3874   0.1466   0.6695    0.146   0.4322   0.2223   0.2658   0.4942    0.156   0.4168   0.2465   0.4588   0.2166   0.2931   0.1698   0.0994   0.3779    0.307   0.1215   0.1303   0.2704   0.1125   0.1689   0.1823   0.1243   0.4182   0.1974   0.2733   0.1733    0.059   0.1005   0.0683     0.41   0.1599   0.1545   0.0571   0.1648    0.357    0.195   0.4115    0.126   0.1924   0.1584   0.1015   0.1269    0.203    0.139     0.38   0.3684   0.2391    0.152   0.2866   0.1112   0.1375   0.1102   0.2346   0.3719   0.1339   0.1929   0.1768
  snr   -14.35
    H     4.58
 exon    False

M: eiip
 freq      0.0   0.0043   0.0086   0.0129   0.0172   0.0215   0.0258     0.03   0.0343   0.0386   0.0429   0.0472   0.0515   0.0558   0.0601   0.0644   0.0687    0.073   0.0773   0.0815   0.0858   0.0901   0.0944   0.0987    0.103   0.1073   0.1116   0.1159   0.1202   0.1245   0.1288    0.133   0.1373   0.1416   0.1459   0.1502   0.1545   0.1588   0.1631   0.1674   0.1717    0.176   0.1803   0.1845   0.1888   0.1931   0.1974   0.2017    0.206   0.2103   0.2146   0.2189   0.2232   0.2275   0.2318   0.2361   0.2403   0.2446   0.2489   0.2532   0.2575   0.2618   0.2661   0.2704   0.2747    0.279   0.2833   0.2876   0.2918   0.2961   0.3004   0.3047    0.309   0.3133   0.3176   0.3219   0.3262   0.3305   0.3348   0.3391   0.3433   0.3476   0.3519   0.3562   0.3605   0.3648   0.3691   0.3734   0.3777    0.382   0.3863   0.3906   0.3948   0.3991   0.4034   0.4077    0.412   0.4163   0.4206   0.4249   0.4292   0.4335   0.4378   0.4421   0.4464   0.4506   0.4549   0.4592   0.4635   0.4678   0.4721   0.4764   0.4807    0.485   0.4893   0.4936   0.4979
    S      0.0   0.4094   0.4079   0.4306   0.1878   0.0488   0.3489   0.0814   0.0736   0.0091   0.6219   0.4412   0.3656   0.5504   0.1592    0.743   0.5279   0.4698    0.167   0.2555   0.3165   0.4005   0.0207   0.2097   0.1988   0.1598   0.1936   0.3023   0.2474   0.0993   0.0248    0.038   0.0169   0.0739   0.0599   0.0762   0.0767   0.4791   0.2903   0.1435   0.0651   0.0997   0.1238    0.019   0.1451   0.1854   0.0419   0.0536    0.179   0.1508   0.2861   0.8611   0.0608   0.1521   0.4099   0.3774   0.1319   0.4702   0.0551   0.6363    0.038   0.6973   0.5738      1.0   0.8591   0.0758   0.1309    0.385   0.8082   0.1737   0.1467   0.2286   0.0269   0.5262   0.2328    0.067   0.3064   0.1824   0.2216   0.1527   0.2699   0.0626   0.3729   0.2747   0.4512   0.0021   0.0338   0.0523    0.164   0.3295   0.0554   0.1874   0.0452   0.2171   0.4003    0.046   0.8669   0.2421   0.3049   0.1656   0.0241   0.0002   0.0047   0.1222   0.4324   0.1357   0.1883   0.0708   0.3916   0.3709    0.006   0.1657   0.2865   0.6146   0.0743   0.0698    0.361
  snr   -14.46
    H     4.39
 exon    False

M: qpsk
 freq      0.0   0.0043   0.0086   0.0129   0.0172   0.0215   0.0258     0.03   0.0343   0.0386   0.0429   0.0472   0.0515   0.0558   0.0601   0.0644   0.0687    0.073   0.0773   0.0815   0.0858   0.0901   0.0944   0.0987    0.103   0.1073   0.1116   0.1159   0.1202   0.1245   0.1288    0.133   0.1373   0.1416   0.1459   0.1502   0.1545   0.1588   0.1631   0.1674   0.1717    0.176   0.1803   0.1845   0.1888   0.1931   0.1974   0.2017    0.206   0.2103   0.2146   0.2189   0.2232   0.2275   0.2318   0.2361   0.2403   0.2446   0.2489   0.2532   0.2575   0.2618   0.2661   0.2704   0.2747    0.279   0.2833   0.2876   0.2918   0.2961   0.3004   0.3047    0.309   0.3133   0.3176   0.3219   0.3262   0.3305   0.3348   0.3391   0.3433   0.3476   0.3519   0.3562   0.3605   0.3648   0.3691   0.3734   0.3777    0.382   0.3863   0.3906   0.3948   0.3991   0.4034   0.4077    0.412   0.4163   0.4206   0.4249   0.4292   0.4335   0.4378   0.4421   0.4464   0.4506   0.4549   0.4592   0.4635   0.4678   0.4721   0.4764   0.4807    0.485   0.4893   0.4936   0.4979
    S      0.0      1.0   0.5223    0.894   0.1583   0.0217   0.0972   0.1936   0.0361   0.2351   0.4451   0.2358   0.1904   0.2234   0.0809    0.466   0.2166   0.3426   0.0192   0.2989   0.2418   0.2259   0.0148   0.4911   0.2453   0.1421   0.1723   0.3292   0.1553   0.0789    0.079   0.2968   0.0258   0.0778    0.187   0.2687   0.1521   0.0891   0.1631   0.1171   0.0474   0.0687   0.1655   0.0522   0.0364    0.177   0.6084   0.1381   0.2557   0.1419   0.2574   0.5116   0.1996   0.0619   0.3379    0.216   0.4353   0.4752   0.1632   0.7067   0.1129   0.1061   0.2395   0.3741   0.6462   0.1858   0.4378   0.1938   0.6428   0.2511   0.2739    0.128   0.1323   0.4357    0.361   0.1671   0.1595   0.3113   0.0947   0.2084    0.124   0.1414   0.4296    0.276   0.3931    0.118   0.0755   0.0753   0.0195   0.5184   0.2231     0.08   0.0706   0.1688   0.4403    0.098   0.5645   0.0873   0.2694   0.2179   0.1212   0.1632   0.3026   0.1535   0.5356   0.5064   0.2184    0.076   0.2698   0.1228   0.0756   0.1401   0.3529   0.5135   0.1167   0.1307   0.1415
  snr   -14.33
    H      4.5
 exon    False

M: mem
 freq      0.0   0.0043   0.0086   0.0129   0.0172   0.0216   0.0259   0.0302   0.0345   0.0388   0.0431   0.0474   0.0517    0.056   0.0603   0.0647    0.069   0.0733   0.0776   0.0819   0.0862   0.0905   0.0948   0.0991   0.1034   0.1078   0.1121   0.1164   0.1207    0.125   0.1293   0.1336   0.1379   0.1422   0.1466   0.1509   0.1552   0.1595   0.1638   0.1681   0.1724   0.1767    0.181   0.1853   0.1897    0.194   0.1983   0.2026   0.2069   0.2112   0.2155   0.2198   0.2241   0.2284   0.2328   0.2371   0.2414   0.2457     0.25   0.2543   0.2586   0.2629   0.2672   0.2716   0.2759   0.2802   0.2845   0.2888   0.2931   0.2974   0.3017    0.306   0.3103   0.3147    0.319   0.3233   0.3276   0.3319   0.3362   0.3405   0.3448   0.3491   0.3534   0.3578   0.3621   0.3664   0.3707    0.375   0.3793   0.3836   0.3879   0.3922   0.3966   0.4009   0.4052   0.4095   0.4138   0.4181   0.4224   0.4267    0.431   0.4353   0.4397    0.444   0.4483   0.4526   0.4569   0.4612   0.4655   0.4698   0.4741   0.4784   0.4828   0.4871   0.4914   0.4957
    S      0.0      1.0   0.3251   0.6449   0.0495   0.0246   0.0215   0.0701   0.0405   0.0459    0.344   0.0732   0.0325   0.0099   0.0394   0.1131   0.1012   0.2049   0.0274   0.1488   0.1021   0.0552   0.0071   0.4674   0.0175   0.0371   0.0837   0.0203   0.0799   0.0835   0.0141   0.0503   0.0095   0.0833   0.0072   0.1375   0.0628   0.0002   0.0244   0.1469   0.0116   0.0231   0.0571   0.0865   0.0144    0.141   0.0136   0.0213   0.0397   0.1915   0.0276   0.1329   0.1656   0.0092   0.2919   0.0511   0.1714   0.6072   0.1707   0.5316   0.0113   0.1078   0.0441   0.0948   0.3398   0.1381   0.1047   0.0265   0.4516   0.2905   0.0126   0.2138   0.1014   0.0006   0.2154     0.01   0.1939   0.0589   0.1192   0.0547   0.0041   0.1041   0.3211   0.0953   0.2753   0.1541   0.0591   0.0173   0.0239   0.3636   0.0286   0.0035    0.003   0.3565    0.375   0.0728    0.194   0.0702   0.0673   0.0978   0.0275   0.0479   0.0049   0.0342   0.0157   0.0202   0.1015   0.2502   0.0157   0.1294   0.0075   0.1143   0.0979   0.1554   0.1444   0.0072
  snr   -11.14
    H     4.16
 exon    False

M: alg1
 freq      0.0   0.0043   0.0086   0.0129   0.0172   0.0215   0.0258     0.03   0.0343   0.0386   0.0429   0.0472   0.0515   0.0558   0.0601   0.0644   0.0687    0.073   0.0773   0.0815   0.0858   0.0901   0.0944   0.0987    0.103   0.1073   0.1116   0.1159   0.1202   0.1245   0.1288    0.133   0.1373   0.1416   0.1459   0.1502   0.1545   0.1588   0.1631   0.1674   0.1717    0.176   0.1803   0.1845   0.1888   0.1931   0.1974   0.2017    0.206   0.2103   0.2146   0.2189   0.2232   0.2275   0.2318   0.2361   0.2403   0.2446   0.2489   0.2532   0.2575   0.2618   0.2661   0.2704   0.2747    0.279   0.2833   0.2876   0.2918   0.2961   0.3004   0.3047    0.309   0.3133   0.3176   0.3219   0.3262   0.3305   0.3348   0.3391   0.3433   0.3476   0.3519   0.3562   0.3605   0.3648   0.3691   0.3734   0.3777    0.382   0.3863   0.3906   0.3948   0.3991   0.4034   0.4077    0.412   0.4163   0.4206   0.4249   0.4292   0.4335   0.4378   0.4421   0.4464   0.4506   0.4549   0.4592   0.4635   0.4678   0.4721   0.4764   0.4807    0.485   0.4893   0.4936   0.4979
    S      0.0   0.4673   0.1546      1.0   0.0544    0.028    0.107   0.1846   0.1551    0.054   0.2415   0.1555    0.093   0.0478   0.1779    0.415   0.0239   0.2288    0.094   0.1916   0.1625    0.371   0.0213   0.2801   0.2521   0.0139   0.0794   0.1875   0.1203   0.0625   0.0858     0.13   0.0305   0.1289   0.3124    0.026   0.0082   0.0806   0.0166   0.1095   0.0431   0.0558   0.2565   0.1579   0.0028   0.1789   0.2274   0.1729   0.2306   0.1539   0.1879   0.3428   0.1968   0.0085   0.1367   0.0416   0.1703   0.0975   0.0359    0.249   0.0148   0.1471   0.0293     0.15   0.3491    0.041   0.5234   0.1002   0.0722    0.063   0.3556   0.1136   0.0299   0.2069   0.0314   0.0459    0.054   0.3405   0.0113   0.0508   0.0056   0.1386   0.2299   0.0539   0.1139   0.0658   0.0771   0.0771   0.0106   0.3627   0.1341   0.0018   0.0586   0.0862    0.076   0.0704   0.0976   0.0038   0.1716   0.0249    0.068   0.0941   0.0586   0.0661   0.2453   0.3337   0.0461   0.0285   0.1603    0.034   0.1209   0.1142   0.1694   0.0551   0.0277   0.0954     0.08
  snr   -11.67
    H     4.37
 exon    False

M: alg2
 freq      0.0   0.0043   0.0086   0.0129   0.0172   0.0215   0.0258     0.03   0.0343   0.0386   0.0429   0.0472   0.0515   0.0558   0.0601   0.0644   0.0687    0.073   0.0773   0.0815   0.0858   0.0901   0.0944   0.0987    0.103   0.1073   0.1116   0.1159   0.1202   0.1245   0.1288    0.133   0.1373   0.1416   0.1459   0.1502   0.1545   0.1588   0.1631   0.1674   0.1717    0.176   0.1803   0.1845   0.1888   0.1931   0.1974   0.2017    0.206   0.2103   0.2146   0.2189   0.2232   0.2275   0.2318   0.2361   0.2403   0.2446   0.2489   0.2532   0.2575   0.2618   0.2661   0.2704   0.2747    0.279   0.2833   0.2876   0.2918   0.2961   0.3004   0.3047    0.309   0.3133   0.3176   0.3219   0.3262   0.3305   0.3348   0.3391   0.3433   0.3476   0.3519   0.3562   0.3605   0.3648   0.3691   0.3734   0.3777    0.382   0.3863   0.3906   0.3948   0.3991   0.4034   0.4077    0.412   0.4163   0.4206   0.4249   0.4292   0.4335   0.4378   0.4421   0.4464   0.4506   0.4549   0.4592   0.4635   0.4678   0.4721   0.4764   0.4807    0.485   0.4893   0.4936   0.4979
    S      0.0      1.0   0.1791    0.771   0.1287   0.0361   0.0599   0.0793   0.1078   0.0461   0.2398   0.0742   0.0607   0.0225   0.1087   0.0489   0.0293   0.1442   0.0782   0.1237   0.0662   0.1552   0.0353   0.6186   0.0642   0.0385   0.0307   0.0038   0.1058   0.0577   0.0347   0.0075   0.0102   0.1233   0.0927   0.0911   0.1098   0.0336   0.0328   0.1238   0.0535   0.0099   0.1678   0.1431   0.0402   0.2287   0.0274   0.0725   0.0299   0.2337   0.2066   0.1347   0.2107   0.0099   0.1992    0.037   0.2967    0.276    0.042   0.5875   0.0856   0.0635   0.0249   0.0583   0.3003    0.061   0.1659   0.0022   0.2633   0.0305    0.171   0.1003   0.0626   0.1198    0.223   0.0233    0.074   0.0906   0.0258   0.1548   0.0536   0.0583     0.38   0.0959    0.235   0.1517   0.0131   0.0032   0.0094    0.242   0.0163   0.0612   0.0111   0.0623   0.2875   0.1293   0.2672   0.0325   0.0237   0.0595   0.0162   0.0169   0.0524    0.003    0.014   0.0278   0.1346   0.0986   0.0658    0.003   0.1119   0.0599   0.0195   0.2496   0.0449   0.0618   0.0101
  snr   -10.96
    H     4.22
 exon    False