>data-XIV-cerevisiae-intergenic-133
N: 401
Methods: voss, eiip, qpsk, mem, tbpse, snrse

M: voss
 freq      0.0   0.0025    0.005   0.0075     0.01   0.0125    0.015   0.0175     0.02   0.0224   0.0249   0.0274   0.0299   0.0324   0.0349   0.0374   0.0399   0.0424   0.0449   0.0474   0.0499   0.0524   0.0549   0.0574   0.0599   0.0623   0.0648   0.0673   0.0698   0.0723   0.0748   0.0773   0.0798   0.0823   0.0848   0.0873   0.0898   0.0923   0.0948   0.0973   0.0998   0.1022   0.1047   0.1072   0.1097   0.1122   0.1147   0.1172   0.1197   0.1222   0.1247   0.1272   0.1297   0.1322   0.1347   0.1372   0.1397   0.1421   0.1446   0.1471   0.1496   0.1521   0.1546   0.1571   0.1596   0.1621   0.1646   0.1671   0.1696   0.1721   0.1746   0.1771   0.1796    0.182   0.1845    0.187   0.1895    0.192   0.1945    0.197   0.1995    0.202   0.2045    0.207   0.2095    0.212   0.2145    0.217   0.2195   0.2219   0.2244   0.2269   0.2294   0.2319   0.2344   0.2369   0.2394   0.2419   0.2444   0.2469   0.2494   0.2519   0.2544   0.2569   0.2594   0.2618   0.2643   0.2668   0.2693   0.2718   0.2743   0.2768   0.2793   0.2818   0.2843   0.2868   0.2893   0.2918   0.2943   0.2968   0.2993   0.3017   0.3042   0.3067   0.3092   0.3117   0.3142   0.3167   0.3192   0.3217   0.3242   0.3267   0.3292   0.3317   0.3342   0.3367   0.3392   0.3416   0.3441   0.3466   0.3491   0.3516   0.3541   0.3566   0.3591   0.3616   0.3641   0.3666   0.3691   0.3716   0.3741   0.3766   0.3791   0.3815    0.384   0.3865    0.389   0.3915    0.394   0.3965    0.399   0.4015    0.404   0.4065    0.409   0.4115    0.414   0.4165    0.419   0.4214   0.4239   0.4264   0.4289   0.4314   0.4339   0.4364   0.4389   0.4414   0.4439   0.4464   0.4489   0.4514   0.4539   0.4564   0.4589   0.4613   0.4638   0.4663   0.4688   0.4713   0.4738   0.4763   0.4788   0.4813   0.4838   0.4863   0.4888   0.4913   0.4938   0.4963   0.4988
    S      0.0   0.4689   0.4726   0.5997   0.3784   0.1235   0.6263   0.6992   0.1321   0.3913   0.4842   0.2164   0.2685   0.3487   0.1587   0.2338   0.4238   0.5743   0.2904   0.0909   0.2371   0.1069   0.1935   0.1872   0.1243   0.3625   0.2837    0.413   0.3088   0.2407   0.3104   0.3806    0.098   0.3645   0.2597   0.2199   0.2471   0.1275   0.5911    0.212    0.235   0.3809   0.3967   0.0658   0.1274   0.1812    0.094   0.0479   0.1347   0.0607   0.4613   0.2384      0.2   0.2114   0.1946   0.1449   0.2304   0.2337   0.2015   0.2279   0.0954   0.0416   0.1895    0.083   0.5892   0.1715   0.6328   0.2601   0.1396   0.4133   0.2035   0.3943   0.3168   0.3414   0.2511   0.0836   0.1701   0.2212   0.0244   0.3165   0.2262   0.0708   0.5182   0.1532   0.1665   0.2874   0.4648    0.233   0.1094   0.4408   0.3609   0.2888   0.1121   0.2087   0.2293   0.1336   0.2523    0.232   0.1929   0.1792   0.2224   0.0366   0.1569   0.0393   0.1259   0.1578   0.2507    0.472   0.1996   0.1613   0.1486   0.3388   0.5818   0.1639   0.3923   0.1785   0.0743   0.1122   0.1754   0.3545   0.1572   0.1255   0.0741   0.1543   0.3574   0.7273   0.2264   0.1362   0.2474   0.3009   0.5364   0.2817     0.17   0.2055   0.5005      1.0   0.1533   0.0652   0.1616   0.4892   0.2726   0.1804   0.1991   0.5247   0.0547    0.157   0.4106   0.1618   0.1044   0.7141   0.5081   0.4697   0.3815   0.1904   0.3618   0.3075   0.4624   0.3329   0.2279   0.1625   0.4609   0.2071   0.2548   0.2254   0.2975   0.1084   0.3998   0.1546   0.0961    0.346   0.4412   0.1737   0.1083   0.0779   0.4094   0.3886   0.0597   0.1091   0.0485   0.1709   0.2484   0.3746   0.4319   0.1205   0.1318   0.5308   0.0933   0.1465    0.141   0.1781   0.1875    0.208   0.2519   0.3113   0.1391   0.1419   0.2775   0.2292   0.1035   0.1489   0.1732
  snr   -17.06
    H     5.12
 exon     True

M: eiip
 freq      0.0   0.0025    0.005   0.0075     0.01   0.0125    0.015   0.0175     0.02   0.0224   0.0249   0.0274   0.0299   0.0324   0.0349   0.0374   0.0399   0.0424   0.0449   0.0474   0.0499   0.0524   0.0549   0.0574   0.0599   0.0623   0.0648   0.0673   0.0698   0.0723   0.0748   0.0773   0.0798   0.0823   0.0848   0.0873   0.0898   0.0923   0.0948   0.0973   0.0998   0.1022   0.1047   0.1072   0.1097   0.1122   0.1147   0.1172   0.1197   0.1222   0.1247   0.1272   0.1297   0.1322   0.1347   0.1372   0.1397   0.1421   0.1446   0.1471   0.1496   0.1521   0.1546   0.1571   0.1596   0.1621   0.1646   0.1671   0.1696   0.1721   0.1746   0.1771   0.1796    0.182   0.1845    0.187   0.1895    0.192   0.1945    0.197   0.1995    0.202   0.2045    0.207   0.2095    0.212   0.2145    0.217   0.2195   0.2219   0.2244   0.2269   0.2294   0.2319   0.2344   0.2369   0.2394   0.2419   0.2444   0.2469   0.2494   0.2519   0.2544   0.2569   0.2594   0.2618   0.2643   0.2668   0.2693   0.2718   0.2743   0.2768   0.2793   0.2818   0.2843   0.2868   0.2893   0.2918   0.2943   0.2968   0.2993   0.3017   0.3042   0.3067   0.3092   0.3117   0.3142   0.3167   0.3192   0.3217   0.3242   0.3267   0.3292   0.3317   0.3342   0.3367   0.3392   0.3416   0.3441   0.3466   0.3491   0.3516   0.3541   0.3566   0.3591   0.3616   0.3641   0.3666   0.3691   0.3716   0.3741   0.3766   0.3791   0.3815    0.384   0.3865    0.389   0.3915    0.394   0.3965    0.399   0.4015    0.404   0.4065    0.409   0.4115    0.414   0.4165    0.419   0.4214   0.4239   0.4264   0.4289   0.4314   0.4339   0.4364   0.4389   0.4414   0.4439   0.4464   0.4489   0.4514   0.4539   0.4564   0.4589   0.4613   0.4638   0.4663   0.4688   0.4713   0.4738   0.4763   0.4788   0.4813   0.4838   0.4863   0.4888   0.4913   0.4938   0.4963   0.4988
    S      0.0   0.0163   0.2595   0.0294   0.2732   0.0582   0.2433   0.4172   0.0611   0.0384   0.0894   0.0056   0.1103   0.0142   0.0907   0.2356   0.3466   0.3243     0.02   0.1966   0.0991   0.0405   0.2359   0.0798   0.0515   0.1141   0.0899   0.6557   0.2471   0.1939   0.0765   0.1897   0.0562   0.0274   0.2043   0.3119    0.285   0.0262   0.0635   0.1173   0.1998   0.2461   0.5316   0.0236    0.136   0.1597   0.0094   0.0375   0.1081   0.0347   0.6433   0.3394   0.1619   0.0498   0.0448   0.2293   0.0817   0.4114   0.0245    0.416    0.063   0.0044   0.0091   0.1156   0.6915   0.1231    0.257   0.1388   0.1177   0.1029   0.2864   0.2119   0.3773   0.1306   0.0085   0.1127   0.0809   0.0346   0.0103   0.1106   0.1955   0.0401   0.1362   0.0146   0.0954   0.2005    0.618   0.0432   0.0086   0.0814   0.3305    0.135   0.1669   0.0716   0.1299   0.1557   0.2065   0.4048   0.2628   0.1211   0.0634   0.0093   0.1931   0.0222   0.0635   0.0019   0.3243    0.194   0.0265    0.258   0.1263   0.5099   0.7038   0.0673   0.3381    0.324   0.0176   0.0249    0.071   0.4844    0.026   0.2137   0.0478   0.1491    0.662   0.1797   0.0263    0.074   0.3995   0.2335   0.0357    0.112   0.0195   0.1455   0.3411   0.3441   0.1057   0.0043   0.2604   0.6497   0.1562   0.3687   0.2395   0.2408   0.0079   0.0087   0.4005   0.3434   0.0153    0.752   0.2417   0.3918   0.0571   0.0063   0.2862   0.2613      1.0   0.3029   0.0795   0.0953   0.0495   0.1845   0.0069   0.0799   0.0515   0.0429   0.2601     0.09    0.035   0.3051   0.3149    0.177   0.1615   0.1321   0.0246   0.1418   0.0378   0.0181   0.0739   0.0513   0.1029   0.6329   0.1062   0.0397   0.1333   0.6732   0.0816   0.0625   0.0154   0.1345   0.0705   0.1053   0.1834   0.1368   0.1399   0.0434   0.0225   0.2152   0.1685   0.1947   0.0942
  snr   -15.31
    H     4.87
 exon    False

M: qpsk
 freq      0.0   0.0025    0.005   0.0075     0.01   0.0125    0.015   0.0175     0.02   0.0224   0.0249   0.0274   0.0299   0.0324   0.0349   0.0374   0.0399   0.0424   0.0449   0.0474   0.0499   0.0524   0.0549   0.0574   0.0599   0.0623   0.0648   0.0673   0.0698   0.0723   0.0748   0.0773   0.0798   0.0823   0.0848   0.0873   0.0898   0.0923   0.0948   0.0973   0.0998   0.1022   0.1047   0.1072   0.1097   0.1122   0.1147   0.1172   0.1197   0.1222   0.1247   0.1272   0.1297   0.1322   0.1347   0.1372   0.1397   0.1421   0.1446   0.1471   0.1496   0.1521   0.1546   0.1571   0.1596   0.1621   0.1646   0.1671   0.1696   0.1721   0.1746   0.1771   0.1796    0.182   0.1845    0.187   0.1895    0.192   0.1945    0.197   0.1995    0.202   0.2045    0.207   0.2095    0.212   0.2145    0.217   0.2195   0.2219   0.2244   0.2269   0.2294   0.2319   0.2344   0.2369   0.2394   0.2419   0.2444   0.2469   0.2494   0.2519   0.2544   0.2569   0.2594   0.2618   0.2643   0.2668   0.2693   0.2718   0.2743   0.2768   0.2793   0.2818   0.2843   0.2868   0.2893   0.2918   0.2943   0.2968   0.2993   0.3017   0.3042   0.3067   0.3092   0.3117   0.3142   0.3167   0.3192   0.3217   0.3242   0.3267   0.3292   0.3317   0.3342   0.3367   0.3392   0.3416   0.3441   0.3466   0.3491   0.3516   0.3541   0.3566   0.3591   0.3616   0.3641   0.3666   0.3691   0.3716   0.3741   0.3766   0.3791   0.3815    0.384   0.3865    0.389   0.3915    0.394   0.3965    0.399   0.4015    0.404   0.4065    0.409   0.4115    0.414   0.4165    0.419   0.4214   0.4239   0.4264   0.4289   0.4314   0.4339   0.4364   0.4389   0.4414   0.4439   0.4464   0.4489   0.4514   0.4539   0.4564   0.4589   0.4613   0.4638   0.4663   0.4688   0.4713   0.4738   0.4763   0.4788   0.4813   0.4838   0.4863   0.4888   0.4913   0.4938   0.4963   0.4988
    S      0.0   0.7488   0.7624   0.5178   0.4432   0.1066   0.9148   0.9995   0.0293    0.503   0.7898   0.1908   0.4691    0.611   0.1516   0.3593   0.1436   0.7756   0.2187   0.1319   0.1145    0.093   0.2124   0.1977    0.039   0.0851   0.3705   0.6526   0.3366   0.0168   0.4015   0.5414   0.1283   0.2689   0.4291   0.3011    0.427   0.1041   0.3453   0.2561   0.2859   0.2897      0.3    0.103   0.0352    0.122   0.0396   0.0834   0.2347   0.0736   0.6096   0.4132   0.2939   0.1457   0.2277   0.1694   0.2792   0.3912   0.3143   0.3686   0.0549   0.0508    0.276   0.0599   0.7782   0.2579   0.8452   0.3801   0.0949   0.5556   0.3534   0.5117   0.2862   0.3028   0.2242    0.134   0.1053   0.1995    0.041   0.4223   0.3249   0.0946   0.6475   0.1569   0.2916   0.4599   0.7722   0.2172   0.1361   0.4931   0.3063   0.4507   0.1801   0.0365   0.2725   0.2307   0.2567   0.2172   0.3053   0.2618   0.3588   0.0339   0.2625   0.0591   0.0717   0.1722   0.3092   0.3654   0.3462   0.2476    0.212   0.5085   0.9953   0.2057   0.2096   0.2396   0.0303   0.0706   0.0436   0.6255   0.1442   0.2003   0.0949   0.1115   0.4449   0.5596   0.2699   0.1057   0.3808   0.4581    0.621   0.3685   0.1752   0.3138   0.5354   0.5131   0.1933   0.0476   0.1648   0.7327   0.0488   0.2443   0.3425   0.3493   0.0269   0.1941   0.0637   0.2069    0.085      1.0   0.2718   0.3463   0.3761   0.3023   0.2625   0.3574   0.6961   0.4895   0.3681   0.2375   0.4451   0.3133   0.1638   0.3136   0.4903   0.1253   0.2462   0.1714    0.075    0.485   0.6723   0.2726   0.1696   0.1327   0.3694   0.5242   0.0989   0.1485   0.0798   0.2211   0.3904   0.5947    0.453   0.1362   0.0457   0.7239   0.0807   0.0769   0.0799   0.2111   0.2171   0.1546   0.3126   0.5124   0.1828   0.1323   0.2345   0.1523    0.151   0.1879   0.1913
  snr    -17.7
    H     5.06
 exon    False

M: mem
 freq      0.0   0.0025    0.005   0.0075     0.01   0.0125    0.015   0.0175     0.02   0.0225    0.025   0.0275     0.03   0.0325    0.035   0.0375     0.04   0.0425    0.045   0.0475     0.05   0.0525    0.055   0.0575     0.06   0.0625    0.065   0.0675     0.07   0.0725    0.075   0.0775     0.08   0.0825    0.085   0.0875     0.09   0.0925    0.095   0.0975      0.1   0.1025    0.105   0.1075     0.11   0.1125    0.115   0.1175     0.12   0.1225    0.125   0.1275     0.13   0.1325    0.135   0.1375     0.14   0.1425    0.145   0.1475     0.15   0.1525    0.155   0.1575     0.16   0.1625    0.165   0.1675     0.17   0.1725    0.175   0.1775     0.18   0.1825    0.185   0.1875     0.19   0.1925    0.195   0.1975      0.2   0.2025    0.205   0.2075     0.21   0.2125    0.215   0.2175     0.22   0.2225    0.225   0.2275     0.23   0.2325    0.235   0.2375     0.24   0.2425    0.245   0.2475     0.25   0.2525    0.255   0.2575     0.26   0.2625    0.265   0.2675     0.27   0.2725    0.275   0.2775     0.28   0.2825    0.285   0.2875     0.29   0.2925    0.295   0.2975      0.3   0.3025    0.305   0.3075     0.31   0.3125    0.315   0.3175     0.32   0.3225    0.325   0.3275     0.33   0.3325    0.335   0.3375     0.34   0.3425    0.345   0.3475     0.35   0.3525    0.355   0.3575     0.36   0.3625    0.365   0.3675     0.37   0.3725    0.375   0.3775     0.38   0.3825    0.385   0.3875     0.39   0.3925    0.395   0.3975      0.4   0.4025    0.405   0.4075     0.41   0.4125    0.415   0.4175     0.42   0.4225    0.425   0.4275     0.43   0.4325    0.435   0.4375     0.44   0.4425    0.445   0.4475     0.45   0.4525    0.455   0.4575     0.46   0.4625    0.465   0.4675     0.47   0.4725    0.475   0.4775     0.48   0.4825    0.485   0.4875     0.49   0.4925    0.495   0.4975
    S      0.0      1.0   0.3111    0.506   0.0534   0.1099    0.428   0.0236   0.0167   0.4537   0.5937   0.2175   0.3137   0.8436   0.1652    0.114    0.024   0.0285    0.147   0.0121   0.0888   0.1137     0.05   0.0077   0.0395   0.0886    0.167   0.3992     0.28   0.0117   0.4317   0.3454   0.1805   0.1741   0.4822   0.2256   0.0579   0.0682    0.209   0.0227   0.2268   0.1943   0.2408   0.1746   0.0178   0.0655   0.0453   0.0565   0.1238   0.0343   0.0304   0.0146   0.2996   0.0746   0.0664   0.0253   0.0264     0.01   0.3783   0.0295   0.0401   0.0555   0.3505   0.0142    0.935   0.2324    0.529   0.1633   0.0654   0.2954   0.1622   0.5024   0.0313   0.0172   0.2185   0.0517    0.137   0.0307   0.1114   0.2709   0.4391   0.0873    0.184   0.0588   0.2227   0.2068   0.3782   0.3987   0.3159   0.1034   0.2706   0.3408   0.0003   0.0467   0.1588   0.2341   0.1736   0.0161   0.3269   0.0112   0.2998   0.0632   0.1378   0.0091   0.0697    0.123   0.2799   0.2543    0.177   0.0125   0.1603   0.0978   0.0406    0.013   0.0258   0.0025   0.0007   0.1319   0.0038   0.2375    0.064   0.0598   0.0599   0.1337   0.1318   0.2029   0.0924    0.189   0.0875   0.0036   0.4808   0.0346   0.1227   0.1039   0.1631   0.1566   0.1993   0.0204    0.023    0.165   0.0252   0.0055   0.0451   0.1071   0.0308   0.2639   0.0212   0.0393   0.1018   0.0986   0.1512   0.1728   0.8586   0.1446   0.4411   0.0209   0.0712   0.4269    0.167   0.1329   0.0645   0.2683   0.3819   0.0506   0.4038   0.2357   0.0775   0.1194   0.0903   0.3222   0.0881   0.0698   0.0675   0.0045   0.0843   0.4019   0.1141   0.0795   0.1445   0.0025   0.3413   0.1182   0.0054    0.004   0.0116   0.1023   0.0844   0.0232   0.0076   0.0035   0.2959    0.048   0.7939   0.2274   0.1701   0.1323   0.0177   0.2625   0.2235   0.0202
  snr   -15.06
    H     4.82
 exon    False

M: tbpse
 freq      0.0   0.0025    0.005   0.0075     0.01   0.0125    0.015   0.0175     0.02   0.0224   0.0249   0.0274   0.0299   0.0324   0.0349   0.0374   0.0399   0.0424   0.0449   0.0474   0.0499   0.0524   0.0549   0.0574   0.0599   0.0623   0.0648   0.0673   0.0698   0.0723   0.0748   0.0773   0.0798   0.0823   0.0848   0.0873   0.0898   0.0923   0.0948   0.0973   0.0998   0.1022   0.1047   0.1072   0.1097   0.1122   0.1147   0.1172   0.1197   0.1222   0.1247   0.1272   0.1297   0.1322   0.1347   0.1372   0.1397   0.1421   0.1446   0.1471   0.1496   0.1521   0.1546   0.1571   0.1596   0.1621   0.1646   0.1671   0.1696   0.1721   0.1746   0.1771   0.1796    0.182   0.1845    0.187   0.1895    0.192   0.1945    0.197   0.1995    0.202   0.2045    0.207   0.2095    0.212   0.2145    0.217   0.2195   0.2219   0.2244   0.2269   0.2294   0.2319   0.2344   0.2369   0.2394   0.2419   0.2444   0.2469   0.2494   0.2519   0.2544   0.2569   0.2594   0.2618   0.2643   0.2668   0.2693   0.2718   0.2743   0.2768   0.2793   0.2818   0.2843   0.2868   0.2893   0.2918   0.2943   0.2968   0.2993   0.3017   0.3042   0.3067   0.3092   0.3117   0.3142   0.3167   0.3192   0.3217   0.3242   0.3267   0.3292   0.3317   0.3342   0.3367   0.3392   0.3416   0.3441   0.3466   0.3491   0.3516   0.3541   0.3566   0.3591   0.3616   0.3641   0.3666   0.3691   0.3716   0.3741   0.3766   0.3791   0.3815    0.384   0.3865    0.389   0.3915    0.394   0.3965    0.399   0.4015    0.404   0.4065    0.409   0.4115    0.414   0.4165    0.419   0.4214   0.4239   0.4264   0.4289   0.4314   0.4339   0.4364   0.4389   0.4414   0.4439   0.4464   0.4489   0.4514   0.4539   0.4564   0.4589   0.4613   0.4638   0.4663   0.4688   0.4713   0.4738   0.4763   0.4788   0.4813   0.4838   0.4863   0.4888   0.4913   0.4938   0.4963   0.4988
    S      0.0    0.619   0.7058   0.4921   0.3141   0.1712    0.558    0.545   0.0363   0.3413   0.9542   0.2064   0.6205   0.6037   0.2775   0.0744    0.237   0.4154   0.1775   0.1275   0.0711   0.1545   0.1187   0.0968   0.0309   0.1034   0.3592   0.0558   0.2411   0.1673   0.2477   0.3246    0.041   0.2161   0.0752   0.0119   0.3645   0.1082    0.301   0.0883     0.04   0.0786   0.5916   0.1204   0.0412   0.0773    0.045   0.0177   0.2984    0.057   0.4077   0.1883   0.0827   0.1183   0.1101   0.0352   0.1295   0.3882   0.3394   0.1978   0.0221   0.0563   0.2078    0.135   0.0991   0.1449   0.4038   0.0955    0.172   0.5507    0.406   0.0766   0.3043   0.2089   0.2018    0.077   0.0631   0.1671   0.0137   0.3418   0.0508   0.0468   0.3128   0.0928   0.1248   0.3253   0.0352   0.2075   0.1485   0.3972   0.1113   0.0956   0.1062    0.136   0.3568   0.0077   0.0777   0.2193   0.0272   0.0575   0.1882   0.0189   0.1067   0.0054   0.1023   0.1576   0.1007   0.1711    0.225   0.1275   0.3632   0.1958   0.5222   0.1354   0.1998   0.0913   0.0181   0.1071   0.0436   0.1318   0.0947   0.2725    0.175   0.0308   0.0959   0.4267   0.2786   0.0397   0.0244    0.261   0.6342   0.2117   0.1442   0.5104   0.5634   0.2768   0.2208   0.0472   0.1562   0.7294    0.072   0.1446   0.2311   0.1638   0.0216   0.2084   0.1226   0.1935   0.0642      1.0   0.1108   0.0758   0.2955   0.3261   0.0719    0.224   0.3408   0.3024   0.2562   0.0261   0.3248   0.4452   0.1517   0.1135   0.4181   0.1082    0.132   0.1455   0.0353   0.2162   0.4541   0.0773    0.154   0.1425   0.1992    0.583   0.1419    0.178   0.0306   0.0938   0.0765    0.275   0.1705    0.096    0.027   0.5635   0.0268   0.1137   0.0664   0.1025   0.0455   0.0508   0.0661   0.2032   0.0125    0.146   0.0869   0.0326   0.0362   0.0205   0.1025
  snr   -15.87
    H     4.95
 exon    False

M: snrse
 freq      0.0   0.0025    0.005   0.0075     0.01   0.0125    0.015   0.0175     0.02   0.0224   0.0249   0.0274   0.0299   0.0324   0.0349   0.0374   0.0399   0.0424   0.0449   0.0474   0.0499   0.0524   0.0549   0.0574   0.0599   0.0623   0.0648   0.0673   0.0698   0.0723   0.0748   0.0773   0.0798   0.0823   0.0848   0.0873   0.0898   0.0923   0.0948   0.0973   0.0998   0.1022   0.1047   0.1072   0.1097   0.1122   0.1147   0.1172   0.1197   0.1222   0.1247   0.1272   0.1297   0.1322   0.1347   0.1372   0.1397   0.1421   0.1446   0.1471   0.1496   0.1521   0.1546   0.1571   0.1596   0.1621   0.1646   0.1671   0.1696   0.1721   0.1746   0.1771   0.1796    0.182   0.1845    0.187   0.1895    0.192   0.1945    0.197   0.1995    0.202   0.2045    0.207   0.2095    0.212   0.2145    0.217   0.2195   0.2219   0.2244   0.2269   0.2294   0.2319   0.2344   0.2369   0.2394   0.2419   0.2444   0.2469   0.2494   0.2519   0.2544   0.2569   0.2594   0.2618   0.2643   0.2668   0.2693   0.2718   0.2743   0.2768   0.2793   0.2818   0.2843   0.2868   0.2893   0.2918   0.2943   0.2968   0.2993   0.3017   0.3042   0.3067   0.3092   0.3117   0.3142   0.3167   0.3192   0.3217   0.3242   0.3267   0.3292   0.3317   0.3342   0.3367   0.3392   0.3416   0.3441   0.3466   0.3491   0.3516   0.3541   0.3566   0.3591   0.3616   0.3641   0.3666   0.3691   0.3716   0.3741   0.3766   0.3791   0.3815    0.384   0.3865    0.389   0.3915    0.394   0.3965    0.399   0.4015    0.404   0.4065    0.409   0.4115    0.414   0.4165    0.419   0.4214   0.4239   0.4264   0.4289   0.4314   0.4339   0.4364   0.4389   0.4414   0.4439   0.4464   0.4489   0.4514   0.4539   0.4564   0.4589   0.4613   0.4638   0.4663   0.4688   0.4713   0.4738   0.4763   0.4788   0.4813   0.4838   0.4863   0.4888   0.4913   0.4938   0.4963   0.4988
    S      0.0   0.1728   0.0724   0.3859   0.1904   0.0969   0.2009   0.3014   0.1644   0.1491   0.0517   0.2109   0.0187   0.0229   0.1302   0.0532   0.4508   0.2943   0.2126   0.0177   0.1952   0.1122   0.1219   0.1342   0.1267   0.4067   0.0848   0.0119   0.1327   0.3404   0.0655   0.0895   0.0211   0.2712   0.0055    0.024   0.0272   0.0994   0.4849   0.1453    0.115   0.2796    0.338   0.0228   0.1314   0.1166    0.103   0.0028   0.0117     0.02   0.1479   0.0296   0.0385   0.1744   0.1265   0.0512   0.1471   0.0197   0.0582   0.0123   0.0764   0.0164   0.0675   0.0748    0.079   0.0633   0.0974    0.102    0.151   0.1242   0.0143    0.244   0.2386   0.2664   0.2453   0.0135    0.146   0.1831   0.0044   0.2054   0.0352   0.0155   0.3436   0.1132   0.0067   0.0663   0.0078   0.2169   0.0549    0.267   0.1933   0.0871   0.0136   0.3037   0.0962   0.0186   0.1834   0.1404   0.0046   0.0867   0.0602   0.0342   0.0341   0.0173   0.1099   0.1104   0.0666   0.3393   0.0086   0.0404   0.0632   0.0947   0.0951   0.0874   0.3811   0.0484   0.0869   0.1416   0.1943   0.0168    0.127   0.0226    0.047   0.0996   0.0765   0.5147    0.108   0.0817   0.0245   0.0977   0.2497   0.1319   0.0703   0.0707   0.3422      1.0   0.0849    0.048    0.083     0.09   0.3068   0.0371   0.0279   0.4106   0.0564    0.058   0.4584   0.0465   0.0876   0.1868   0.4564   0.2918   0.1727   0.0443   0.1989    0.114   0.0506   0.0915   0.0511   0.0866   0.3164   0.0765   0.2155   0.0805   0.0807   0.0727   0.2683   0.1087   0.0775   0.0523    0.144    0.007   0.0277   0.0059   0.3783   0.1328   0.0107   0.0389   0.0029   0.1175    0.115   0.0695   0.3459   0.0775   0.1238   0.1699   0.0426   0.1388    0.123   0.1207   0.1197   0.2013   0.0636   0.0074   0.0362   0.0804   0.2712   0.1506   0.0183   0.0336   0.1084
  snr   -13.98
    H     4.91
 exon     True