>data-XVI-cerevisiae-intergenic-288
N: 327
Methods: voss, eiip, qpsk, mem, tbpse, snrse

M: voss
 freq      0.0   0.0031   0.0061   0.0092   0.0122   0.0153   0.0183   0.0214   0.0245   0.0275   0.0306   0.0336   0.0367   0.0398   0.0428   0.0459   0.0489    0.052    0.055   0.0581   0.0612   0.0642   0.0673   0.0703   0.0734   0.0765   0.0795   0.0826   0.0856   0.0887   0.0917   0.0948   0.0979   0.1009    0.104    0.107   0.1101   0.1131   0.1162   0.1193   0.1223   0.1254   0.1284   0.1315   0.1346   0.1376   0.1407   0.1437   0.1468   0.1498   0.1529    0.156    0.159   0.1621   0.1651   0.1682   0.1713   0.1743   0.1774   0.1804   0.1835   0.1865   0.1896   0.1927   0.1957   0.1988   0.2018   0.2049    0.208    0.211   0.2141   0.2171   0.2202   0.2232   0.2263   0.2294   0.2324   0.2355   0.2385   0.2416   0.2446   0.2477   0.2508   0.2538   0.2569   0.2599    0.263   0.2661   0.2691   0.2722   0.2752   0.2783   0.2813   0.2844   0.2875   0.2905   0.2936   0.2966   0.2997   0.3028   0.3058   0.3089   0.3119    0.315    0.318   0.3211   0.3242   0.3272   0.3303   0.3333   0.3364   0.3394   0.3425   0.3456   0.3486   0.3517   0.3547   0.3578   0.3609   0.3639    0.367     0.37   0.3731   0.3761   0.3792   0.3823   0.3853   0.3884   0.3914   0.3945   0.3976   0.4006   0.4037   0.4067   0.4098   0.4128   0.4159    0.419    0.422   0.4251   0.4281   0.4312   0.4343   0.4373   0.4404   0.4434   0.4465   0.4495   0.4526   0.4557   0.4587   0.4618   0.4648   0.4679   0.4709    0.474   0.4771   0.4801   0.4832   0.4862   0.4893   0.4924   0.4954   0.4985
    S      0.0   0.2177      1.0   0.2458   0.7214   0.2061   0.2521   0.5301   0.0467   0.2823   0.1742   0.2706   0.1701   0.5264   0.1674   0.3367   0.1103    0.207    0.234   0.1139   0.3487   0.0908   0.2037   0.1747     0.17   0.4406   0.2228   0.0828   0.1737   0.3861   0.1859   0.3663   0.0875   0.4821   0.4177   0.2756   0.1817   0.0853   0.1166   0.1951   0.1031   0.4146    0.101   0.1116   0.5484   0.0532   0.0494   0.0985   0.2591   0.1757   0.2331   0.2044   0.0865   0.5526   0.1992   0.1216    0.177   0.1866   0.2456   0.1814   0.2562   0.3185   0.4602   0.1933   0.1463   0.4958    0.289   0.5681   0.0599   0.0934   0.2464   0.0944   0.2042   0.3748   0.2949   0.3838   0.3395   0.1798   0.3748   0.0374   0.0778   0.2757   0.1604   0.0998   0.1036   0.2251   0.1187   0.0557   0.1222   0.2644   0.2165   0.2707   0.1154   0.1351   0.2458   0.4123   0.2041   0.1511   0.1666   0.0974    0.098   0.2232   0.1315   0.2001   0.2819   0.0843   0.0396   0.1001   0.1875   0.3966   0.4413   0.2858   0.2893   0.1222   0.2559    0.261   0.3586    0.282   0.1677   0.8235   0.3613    0.136   0.1861   0.1492    0.123   0.3079    0.221   0.1869   0.3919   0.0526   0.1179   0.0855   0.1989   0.0951   0.2284   0.2123   0.3625   0.1429   0.0918   0.3902   0.1917   0.1629    0.344   0.1008   0.2132   0.2359   0.2887   0.1232    0.401   0.1934   0.2901   0.1824   0.1875   0.1811   0.1694   0.1155   0.4549   0.2446   0.1011   0.0727   0.2879   0.2756   0.1161     0.22
  snr   -15.65
    H     4.92
 exon    False

M: eiip
 freq      0.0   0.0031   0.0061   0.0092   0.0122   0.0153   0.0183   0.0214   0.0245   0.0275   0.0306   0.0336   0.0367   0.0398   0.0428   0.0459   0.0489    0.052    0.055   0.0581   0.0612   0.0642   0.0673   0.0703   0.0734   0.0765   0.0795   0.0826   0.0856   0.0887   0.0917   0.0948   0.0979   0.1009    0.104    0.107   0.1101   0.1131   0.1162   0.1193   0.1223   0.1254   0.1284   0.1315   0.1346   0.1376   0.1407   0.1437   0.1468   0.1498   0.1529    0.156    0.159   0.1621   0.1651   0.1682   0.1713   0.1743   0.1774   0.1804   0.1835   0.1865   0.1896   0.1927   0.1957   0.1988   0.2018   0.2049    0.208    0.211   0.2141   0.2171   0.2202   0.2232   0.2263   0.2294   0.2324   0.2355   0.2385   0.2416   0.2446   0.2477   0.2508   0.2538   0.2569   0.2599    0.263   0.2661   0.2691   0.2722   0.2752   0.2783   0.2813   0.2844   0.2875   0.2905   0.2936   0.2966   0.2997   0.3028   0.3058   0.3089   0.3119    0.315    0.318   0.3211   0.3242   0.3272   0.3303   0.3333   0.3364   0.3394   0.3425   0.3456   0.3486   0.3517   0.3547   0.3578   0.3609   0.3639    0.367     0.37   0.3731   0.3761   0.3792   0.3823   0.3853   0.3884   0.3914   0.3945   0.3976   0.4006   0.4037   0.4067   0.4098   0.4128   0.4159    0.419    0.422   0.4251   0.4281   0.4312   0.4343   0.4373   0.4404   0.4434   0.4465   0.4495   0.4526   0.4557   0.4587   0.4618   0.4648   0.4679   0.4709    0.474   0.4771   0.4801   0.4832   0.4862   0.4893   0.4924   0.4954   0.4985
    S      0.0    0.143   0.4776   0.0013   0.5993   0.0926   0.0289   0.3244   0.0346   0.1601   0.1131   0.1526   0.0351   0.3659   0.1047   0.5139   0.0601   0.2016   0.1803   0.0879   0.1305   0.0472   0.3477   0.1741   0.0413   0.0183   0.1028   0.0322   0.0104    0.266    0.046    0.064   0.1624   0.2525   0.4815   0.0629    0.295   0.0536   0.0643   0.0079   0.0935   0.0227   0.1191   0.1502   0.1082   0.0118   0.0056   0.1314   0.3081   0.0297   0.0089   0.1015   0.0012   0.5187   0.2739   0.0497   0.0048   0.0656   0.0632   0.2974   0.1536   0.2195      1.0   0.0583   0.0503   0.0465   0.1628   0.7688   0.0968   0.1685   0.1599     0.03   0.2256    0.386   0.0173   0.1482    0.243    0.237   0.4962    0.002   0.0477   0.2803   0.1528   0.1123   0.0852   0.0267   0.1149   0.0455    0.107   0.1039   0.1895   0.0142   0.0593   0.0737   0.3049   0.6082   0.4356   0.0756   0.3016   0.0659   0.0294   0.0843   0.1497   0.0644   0.1455   0.1076   0.0124   0.0814    0.238    0.087   0.6392   0.3394   0.2073   0.0431   0.3983   0.1583   0.0432   0.2392   0.0383   0.9097   0.2532   0.0951   0.0747   0.0779   0.0155   0.0266   0.2889   0.1632    0.013    0.086   0.0915   0.0744   0.0011   0.0898   0.0855   0.1313    0.076   0.0697   0.1921   0.3532   0.1084    0.282   0.0084    0.157   0.0227   0.3124   0.2535   0.0578    0.275     0.09   0.1105   0.0132   0.0583   0.0677   0.0525    0.188   0.0675   0.4855   0.0297   0.0468   0.1535   0.0503   0.1708   0.1319
  snr   -13.99
    H     4.65
 exon    False

M: qpsk
 freq      0.0   0.0031   0.0061   0.0092   0.0122   0.0153   0.0183   0.0214   0.0245   0.0275   0.0306   0.0336   0.0367   0.0398   0.0428   0.0459   0.0489    0.052    0.055   0.0581   0.0612   0.0642   0.0673   0.0703   0.0734   0.0765   0.0795   0.0826   0.0856   0.0887   0.0917   0.0948   0.0979   0.1009    0.104    0.107   0.1101   0.1131   0.1162   0.1193   0.1223   0.1254   0.1284   0.1315   0.1346   0.1376   0.1407   0.1437   0.1468   0.1498   0.1529    0.156    0.159   0.1621   0.1651   0.1682   0.1713   0.1743   0.1774   0.1804   0.1835   0.1865   0.1896   0.1927   0.1957   0.1988   0.2018   0.2049    0.208    0.211   0.2141   0.2171   0.2202   0.2232   0.2263   0.2294   0.2324   0.2355   0.2385   0.2416   0.2446   0.2477   0.2508   0.2538   0.2569   0.2599    0.263   0.2661   0.2691   0.2722   0.2752   0.2783   0.2813   0.2844   0.2875   0.2905   0.2936   0.2966   0.2997   0.3028   0.3058   0.3089   0.3119    0.315    0.318   0.3211   0.3242   0.3272   0.3303   0.3333   0.3364   0.3394   0.3425   0.3456   0.3486   0.3517   0.3547   0.3578   0.3609   0.3639    0.367     0.37   0.3731   0.3761   0.3792   0.3823   0.3853   0.3884   0.3914   0.3945   0.3976   0.4006   0.4037   0.4067   0.4098   0.4128   0.4159    0.419    0.422   0.4251   0.4281   0.4312   0.4343   0.4373   0.4404   0.4434   0.4465   0.4495   0.4526   0.4557   0.4587   0.4618   0.4648   0.4679   0.4709    0.474   0.4771   0.4801   0.4832   0.4862   0.4893   0.4924   0.4954   0.4985
    S      0.0   0.2772      1.0   0.2222   0.2713   0.2283   0.2832   0.6123   0.0514   0.3042   0.2247    0.331   0.2177   0.4832   0.2109   0.4109   0.1526   0.2353   0.0247   0.1432    0.348   0.0253   0.2768   0.0675   0.1835   0.2102   0.2541   0.0922   0.1621   0.5273   0.2597   0.3029   0.0659   0.4789   0.5515   0.3788   0.1986   0.0956   0.0323   0.2232   0.1376   0.3151   0.1277   0.1422   0.7683   0.0272   0.0539    0.107   0.2362   0.1079    0.318   0.1469   0.0544   0.5738    0.221    0.158   0.1296   0.0476   0.2123   0.1145   0.3347   0.2545   0.5617   0.1388   0.1429   0.6506   0.3233    0.203    0.042   0.0902   0.2987   0.0304   0.2268   0.5305   0.1721   0.1744   0.3234   0.2496   0.0835    0.049   0.1049   0.1069   0.1647   0.0827    0.122   0.1975   0.0661   0.0175   0.0481   0.2515   0.0614   0.1478   0.1412   0.0978   0.3257   0.5448    0.248   0.1548   0.0937   0.0686   0.1346   0.2123   0.0256   0.2554    0.269   0.0705   0.0552   0.1372   0.1106   0.5243   0.5694   0.3898   0.2049   0.0932   0.2911   0.0627   0.4462   0.2398   0.2274   0.3739    0.437    0.087   0.1988   0.0684    0.118   0.2917   0.2577   0.2202   0.3891   0.0365     0.13   0.1028   0.2713   0.0967   0.2153   0.2116   0.4858   0.0606   0.0813   0.4091   0.1953   0.1948   0.3977   0.1326   0.2025   0.1911   0.3618   0.0903   0.4556   0.2666   0.3265   0.0993   0.0704   0.1166     0.13   0.1027   0.1061   0.1423   0.1106    0.028   0.2408   0.3741   0.0408   0.1022
  snr    -15.4
    H     4.85
 exon    False

M: mem
 freq      0.0   0.0031   0.0061   0.0092   0.0123   0.0153   0.0184   0.0215   0.0245   0.0276   0.0307   0.0337   0.0368   0.0399   0.0429    0.046   0.0491   0.0521   0.0552   0.0583   0.0613   0.0644   0.0675   0.0706   0.0736   0.0767   0.0798   0.0828   0.0859    0.089    0.092   0.0951   0.0982   0.1012   0.1043   0.1074   0.1104   0.1135   0.1166   0.1196   0.1227   0.1258   0.1288   0.1319    0.135    0.138   0.1411   0.1442   0.1472   0.1503   0.1534   0.1564   0.1595   0.1626   0.1656   0.1687   0.1718   0.1748   0.1779    0.181    0.184   0.1871   0.1902   0.1933   0.1963   0.1994   0.2025   0.2055   0.2086   0.2117   0.2147   0.2178   0.2209   0.2239    0.227   0.2301   0.2331   0.2362   0.2393   0.2423   0.2454   0.2485   0.2515   0.2546   0.2577   0.2607   0.2638   0.2669   0.2699    0.273   0.2761   0.2791   0.2822   0.2853   0.2883   0.2914   0.2945   0.2975   0.3006   0.3037   0.3067   0.3098   0.3129    0.316    0.319   0.3221   0.3252   0.3282   0.3313   0.3344   0.3374   0.3405   0.3436   0.3466   0.3497   0.3528   0.3558   0.3589    0.362    0.365   0.3681   0.3712   0.3742   0.3773   0.3804   0.3834   0.3865   0.3896   0.3926   0.3957   0.3988   0.4018   0.4049    0.408    0.411   0.4141   0.4172   0.4202   0.4233   0.4264   0.4294   0.4325   0.4356   0.4387   0.4417   0.4448   0.4479   0.4509    0.454   0.4571   0.4601   0.4632   0.4663   0.4693   0.4724   0.4755   0.4785   0.4816   0.4847   0.4877   0.4908   0.4939   0.4969
    S      0.0    0.231   0.2363   0.4292   0.1879    0.083    0.299   0.6025   0.0094    0.119   0.1894   0.1995   0.3084    0.168    0.007     0.04   0.1444    0.051   0.0376   0.1427   0.0484   0.0369   0.0941   0.0079   0.0236   0.0233   0.2315   0.0189   0.4041   0.5876   0.0918   0.0217   0.0105   0.2533   0.2143   0.5986   0.1556   0.0399   0.0506   0.1051   0.0226   0.1038   0.1099   0.1674      1.0   0.0029    0.053    0.168   0.0957   0.0688   0.2027   0.2466   0.0598   0.2961   0.0318   0.1325   0.1606   0.1378   0.1421   0.1446   0.0009   0.0952   0.2126   0.1505   0.3117   0.3633   0.3207   0.1422   0.0349   0.0248   0.0235   0.0235   0.0291   0.6293   0.0036   0.0263   0.4562   0.0133   0.0039   0.0656   0.1461    0.048   0.0467   0.0057   0.1326   0.0567   0.1147   0.0188   0.0737   0.0115   0.0305   0.3519   0.2258   0.0031   0.1995   0.1763   0.0762   0.0873   0.0199   0.2425    0.021   0.2395   0.1015   0.2114   0.1932   0.0248    0.036   0.0338   0.0903   0.1544    0.505   0.1369   0.2247   0.0052   0.2094   0.5195   0.3608   0.0603   0.1386   0.0909   0.1064   0.0897    0.057   0.0152   0.0206    0.129   0.1616   0.7468   0.0113   0.2122   0.0023   0.1231   0.3832   0.0159     0.47   0.1674   0.0153    0.028   0.0444   0.0174   0.0346   0.2722   0.1425   0.0923   0.4508   0.1227   0.2152   0.3905   0.0042   0.0809   0.6827   0.0892   0.0896   0.0327   0.2519   0.1231   0.0049   0.0298   0.0065    0.092    0.094   0.1505   0.0586
  snr   -13.72
    H      4.6
 exon    False

M: tbpse
 freq      0.0   0.0031   0.0061   0.0092   0.0122   0.0153   0.0183   0.0214   0.0245   0.0275   0.0306   0.0336   0.0367   0.0398   0.0428   0.0459   0.0489    0.052    0.055   0.0581   0.0612   0.0642   0.0673   0.0703   0.0734   0.0765   0.0795   0.0826   0.0856   0.0887   0.0917   0.0948   0.0979   0.1009    0.104    0.107   0.1101   0.1131   0.1162   0.1193   0.1223   0.1254   0.1284   0.1315   0.1346   0.1376   0.1407   0.1437   0.1468   0.1498   0.1529    0.156    0.159   0.1621   0.1651   0.1682   0.1713   0.1743   0.1774   0.1804   0.1835   0.1865   0.1896   0.1927   0.1957   0.1988   0.2018   0.2049    0.208    0.211   0.2141   0.2171   0.2202   0.2232   0.2263   0.2294   0.2324   0.2355   0.2385   0.2416   0.2446   0.2477   0.2508   0.2538   0.2569   0.2599    0.263   0.2661   0.2691   0.2722   0.2752   0.2783   0.2813   0.2844   0.2875   0.2905   0.2936   0.2966   0.2997   0.3028   0.3058   0.3089   0.3119    0.315    0.318   0.3211   0.3242   0.3272   0.3303   0.3333   0.3364   0.3394   0.3425   0.3456   0.3486   0.3517   0.3547   0.3578   0.3609   0.3639    0.367     0.37   0.3731   0.3761   0.3792   0.3823   0.3853   0.3884   0.3914   0.3945   0.3976   0.4006   0.4037   0.4067   0.4098   0.4128   0.4159    0.419    0.422   0.4251   0.4281   0.4312   0.4343   0.4373   0.4404   0.4434   0.4465   0.4495   0.4526   0.4557   0.4587   0.4618   0.4648   0.4679   0.4709    0.474   0.4771   0.4801   0.4832   0.4862   0.4893   0.4924   0.4954   0.4985
    S      0.0   0.1119      1.0   0.0668   0.1678   0.1566   0.1623   0.0898   0.0319   0.1679   0.1754   0.2179    0.131   0.2524   0.1883   0.2767   0.0846   0.1999   0.0213   0.0707   0.3799   0.0304   0.1067   0.0526   0.1972   0.3053   0.2074   0.0687   0.0582   0.0648   0.2574   0.3439   0.0153   0.2498   0.1948   0.2091   0.0089   0.0128   0.0269   0.2548    0.055   0.3146   0.0193   0.0251   0.3992    0.011   0.0159     0.02   0.1309   0.1138   0.2666   0.0726   0.0133    0.287   0.1103    0.053    0.073   0.0302   0.2331   0.0301   0.2892   0.2576   0.0736   0.0465   0.0304   0.3755   0.1999    0.063   0.0092   0.0518   0.2212   0.0524   0.1559   0.0473   0.2491   0.2384   0.0501   0.1597   0.0329   0.0274   0.0148   0.0892    0.051   0.0435   0.0383   0.1937   0.0088   0.0064   0.0325   0.2101   0.0384   0.0541   0.1209   0.0865   0.2246   0.0512   0.0664   0.0729   0.0072   0.0289   0.0652   0.0693   0.0158    0.075   0.0633   0.0462   0.0401   0.1194   0.0742   0.5226   0.0218   0.1664   0.0591   0.0727   0.0328    0.062    0.116   0.1599   0.1754   0.2453   0.2703   0.0598   0.1361   0.0696   0.0525   0.2368   0.0357    0.037   0.4536   0.0151   0.0216   0.0533   0.1572    0.016   0.0257    0.204   0.5073   0.0518   0.0215   0.2323   0.1926   0.0836    0.216   0.0066   0.1658   0.0218   0.1629   0.1023   0.0353   0.0805   0.1482   0.0924   0.0858   0.1297   0.0212   0.0637   0.1776   0.0319   0.0985   0.0169   0.2231   0.2838   0.0154   0.1231
  snr   -12.88
    H     4.69
 exon    False

M: snrse
 freq      0.0   0.0031   0.0061   0.0092   0.0122   0.0153   0.0183   0.0214   0.0245   0.0275   0.0306   0.0336   0.0367   0.0398   0.0428   0.0459   0.0489    0.052    0.055   0.0581   0.0612   0.0642   0.0673   0.0703   0.0734   0.0765   0.0795   0.0826   0.0856   0.0887   0.0917   0.0948   0.0979   0.1009    0.104    0.107   0.1101   0.1131   0.1162   0.1193   0.1223   0.1254   0.1284   0.1315   0.1346   0.1376   0.1407   0.1437   0.1468   0.1498   0.1529    0.156    0.159   0.1621   0.1651   0.1682   0.1713   0.1743   0.1774   0.1804   0.1835   0.1865   0.1896   0.1927   0.1957   0.1988   0.2018   0.2049    0.208    0.211   0.2141   0.2171   0.2202   0.2232   0.2263   0.2294   0.2324   0.2355   0.2385   0.2416   0.2446   0.2477   0.2508   0.2538   0.2569   0.2599    0.263   0.2661   0.2691   0.2722   0.2752   0.2783   0.2813   0.2844   0.2875   0.2905   0.2936   0.2966   0.2997   0.3028   0.3058   0.3089   0.3119    0.315    0.318   0.3211   0.3242   0.3272   0.3303   0.3333   0.3364   0.3394   0.3425   0.3456   0.3486   0.3517   0.3547   0.3578   0.3609   0.3639    0.367     0.37   0.3731   0.3761   0.3792   0.3823   0.3853   0.3884   0.3914   0.3945   0.3976   0.4006   0.4037   0.4067   0.4098   0.4128   0.4159    0.419    0.422   0.4251   0.4281   0.4312   0.4343   0.4373   0.4404   0.4434   0.4465   0.4495   0.4526   0.4557   0.4587   0.4618   0.4648   0.4679   0.4709    0.474   0.4771   0.4801   0.4832   0.4862   0.4893   0.4924   0.4954   0.4985
    S      0.0   0.0031   0.5467   0.0364    0.803   0.0176   0.0654   0.0119   0.0147   0.0223   0.0188   0.1019   0.0266    0.138   0.0115    0.121   0.0154   0.0822   0.2743   0.0538   0.1471    0.082   0.0666   0.2286   0.0614   0.3224   0.0739   0.0078   0.0296   0.0204   0.0108   0.1462   0.0886   0.0655   0.0121   0.0665    0.114   0.0064   0.1077   0.0577   0.0086   0.1661   0.0608   0.0466   0.1047   0.0253   0.0072   0.0821   0.1213   0.1226   0.0391   0.0792    0.028   0.3042   0.1299   0.0331   0.0528   0.1614   0.1758   0.1603   0.0084   0.1916   0.2915   0.0581   0.0132   0.0427   0.1937   0.5985   0.0712   0.0565   0.0126   0.1047   0.0532   0.0699   0.2307   0.3446   0.1657   0.0105   0.5319   0.0007   0.0111   0.3453   0.0392   0.0698   0.0049   0.1389   0.0996    0.053   0.1222   0.0814   0.1996   0.1107   0.0101    0.064   0.0257   0.1615   0.1004   0.0159    0.214   0.0437   0.0305   0.0276   0.1824   0.0166   0.0436   0.0465   0.0023   0.0052   0.1986   0.0331   0.2172   0.0088   0.1358   0.0882    0.202   0.2397   0.0094   0.1284   0.0446      1.0   0.0105   0.0731   0.0214   0.1382     0.02   0.0731    0.076   0.0336   0.1798   0.0453   0.0176   0.0422   0.0057   0.0429   0.0529   0.0714   0.0353   0.0999   0.0734   0.0917   0.0609    0.068   0.0229    0.051   0.0712   0.2202   0.1256   0.0861   0.0604   0.0318    0.043   0.0893   0.1752    0.173   0.0646   0.0762   0.4195   0.2798   0.0397   0.0721    0.188   0.0173   0.1507    0.234
  snr   -12.21
    H     4.57
 exon    False