>data-XIV-cerevisiae-intergenic-4
N: 390
Methods: voss, eiip, qpsk, mem, alg1, alg2

M: voss
 freq      0.0   0.0026   0.0051   0.0077   0.0103   0.0128   0.0154   0.0179   0.0205   0.0231   0.0256   0.0282   0.0308   0.0333   0.0359   0.0385    0.041   0.0436   0.0462   0.0487   0.0513   0.0538   0.0564    0.059   0.0615   0.0641   0.0667   0.0692   0.0718   0.0744   0.0769   0.0795   0.0821   0.0846   0.0872   0.0897   0.0923   0.0949   0.0974      0.1   0.1026   0.1051   0.1077   0.1103   0.1128   0.1154   0.1179   0.1205   0.1231   0.1256   0.1282   0.1308   0.1333   0.1359   0.1385    0.141   0.1436   0.1462   0.1487   0.1513   0.1538   0.1564    0.159   0.1615   0.1641   0.1667   0.1692   0.1718   0.1744   0.1769   0.1795   0.1821   0.1846   0.1872   0.1897   0.1923   0.1949   0.1974      0.2   0.2026   0.2051   0.2077   0.2103   0.2128   0.2154   0.2179   0.2205   0.2231   0.2256   0.2282   0.2308   0.2333   0.2359   0.2385    0.241   0.2436   0.2462   0.2487   0.2513   0.2538   0.2564    0.259   0.2615   0.2641   0.2667   0.2692   0.2718   0.2744   0.2769   0.2795   0.2821   0.2846   0.2872   0.2897   0.2923   0.2949   0.2974      0.3   0.3026   0.3051   0.3077   0.3103   0.3128   0.3154   0.3179   0.3205   0.3231   0.3256   0.3282   0.3308   0.3333   0.3359   0.3385    0.341   0.3436   0.3462   0.3487   0.3513   0.3538   0.3564    0.359   0.3615   0.3641   0.3667   0.3692   0.3718   0.3744   0.3769   0.3795   0.3821   0.3846   0.3872   0.3897   0.3923   0.3949   0.3974      0.4   0.4026   0.4051   0.4077   0.4103   0.4128   0.4154   0.4179   0.4205   0.4231   0.4256   0.4282   0.4308   0.4333   0.4359   0.4385    0.441   0.4436   0.4462   0.4487   0.4513   0.4538   0.4564    0.459   0.4615   0.4641   0.4667   0.4692   0.4718   0.4744   0.4769   0.4795   0.4821   0.4846   0.4872   0.4897   0.4923   0.4949   0.4974
    S      0.0   0.1693   0.2519   0.6585   0.6385   0.4161   0.1233   0.2366   0.6988   0.2967   0.3666   0.6039   0.3403   0.1767   0.6993   0.0284   0.3624   0.2512   0.1195      1.0   0.0857   0.3829   0.2083   0.5647    0.052   0.3426   0.1114   0.0939   0.3096   0.1327   0.2271   0.1515   0.1244   0.2585   0.1916   0.1298   0.0719   0.4706   0.1512   0.1394   0.3177   0.0937   0.2227    0.282    0.237   0.0502   0.3445   0.2055   0.2419   0.0514   0.1596   0.3397   0.0713   0.2505   0.0667   0.2369   0.2055   0.1537   0.2466   0.2337   0.3229   0.0241   0.1429    0.228   0.3654   0.0667   0.1309   0.2248   0.0953   0.2205   0.2431   0.3492    0.165   0.2508   0.3178   0.1074   0.1592    0.352   0.1516      0.1   0.1006   0.1471   0.1197   0.0734   0.4751   0.0904   0.0957    0.308   0.1622   0.2374   0.2812   0.1998   0.1538   0.0491    0.176   0.0989   0.1906   0.1704   0.1358   0.3113   0.2547   0.4444   0.0961   0.3627   0.0477   0.1948   0.0753   0.1643   0.1648   0.5981   0.2472    0.425   0.1577   0.2451   0.2209   0.1447   0.1229   0.0999   0.2337   0.1504   0.2398   0.0298     0.26   0.2055   0.1952   0.1535   0.0151   0.0933   0.5114   0.1976   0.0635   0.1465    0.359   0.3896   0.0847   0.2275   0.1605   0.1484   0.2252   0.0284   0.3109   0.1027   0.6711    0.448   0.4007   0.1503   0.1719   0.5028   0.0807   0.2154   0.1388    0.232   0.0657   0.2857   0.3143   0.0949   0.1552   0.1185   0.4842     0.33   0.1887    0.041   0.0634    0.215     0.16   0.2703   0.0809   0.2416   0.3751   0.0567   0.0379   0.2427   0.0926   0.2294   0.3491    0.232   0.0914   0.1494   0.4593   0.0497   0.0721   0.2337   0.1399   0.1867   0.4591   0.2867   0.2759   0.2704    0.142   0.1376   0.3594   0.2998   0.1895   0.4413   0.4185
  snr   -16.36
    H     5.07
 exon    False

M: eiip
 freq      0.0   0.0026   0.0051   0.0077   0.0103   0.0128   0.0154   0.0179   0.0205   0.0231   0.0256   0.0282   0.0308   0.0333   0.0359   0.0385    0.041   0.0436   0.0462   0.0487   0.0513   0.0538   0.0564    0.059   0.0615   0.0641   0.0667   0.0692   0.0718   0.0744   0.0769   0.0795   0.0821   0.0846   0.0872   0.0897   0.0923   0.0949   0.0974      0.1   0.1026   0.1051   0.1077   0.1103   0.1128   0.1154   0.1179   0.1205   0.1231   0.1256   0.1282   0.1308   0.1333   0.1359   0.1385    0.141   0.1436   0.1462   0.1487   0.1513   0.1538   0.1564    0.159   0.1615   0.1641   0.1667   0.1692   0.1718   0.1744   0.1769   0.1795   0.1821   0.1846   0.1872   0.1897   0.1923   0.1949   0.1974      0.2   0.2026   0.2051   0.2077   0.2103   0.2128   0.2154   0.2179   0.2205   0.2231   0.2256   0.2282   0.2308   0.2333   0.2359   0.2385    0.241   0.2436   0.2462   0.2487   0.2513   0.2538   0.2564    0.259   0.2615   0.2641   0.2667   0.2692   0.2718   0.2744   0.2769   0.2795   0.2821   0.2846   0.2872   0.2897   0.2923   0.2949   0.2974      0.3   0.3026   0.3051   0.3077   0.3103   0.3128   0.3154   0.3179   0.3205   0.3231   0.3256   0.3282   0.3308   0.3333   0.3359   0.3385    0.341   0.3436   0.3462   0.3487   0.3513   0.3538   0.3564    0.359   0.3615   0.3641   0.3667   0.3692   0.3718   0.3744   0.3769   0.3795   0.3821   0.3846   0.3872   0.3897   0.3923   0.3949   0.3974      0.4   0.4026   0.4051   0.4077   0.4103   0.4128   0.4154   0.4179   0.4205   0.4231   0.4256   0.4282   0.4308   0.4333   0.4359   0.4385    0.441   0.4436   0.4462   0.4487   0.4513   0.4538   0.4564    0.459   0.4615   0.4641   0.4667   0.4692   0.4718   0.4744   0.4769   0.4795   0.4821   0.4846   0.4872   0.4897   0.4923   0.4949   0.4974
    S      0.0   0.2397   0.7731   0.0824    0.427   0.1296   0.3132   0.1362   0.1663      1.0    0.326   0.4428   0.0635   0.1778   0.0582   0.0998   0.0096   0.5405    0.232   0.0484   0.0743   0.2324   0.0795   0.6425   0.1175   0.9022   0.0554   0.0191   0.8828   0.0484   0.0431   0.1349   0.2396   0.0318   0.0009   0.3179   0.1579   0.1829    0.257   0.1133   0.0139   0.2012   0.0669   0.4503   0.0008   0.0574   0.4575   0.1389   0.2379   0.0008   0.5826   0.0385   0.0371   0.5909   0.0225   0.4943   0.1286    0.279   0.6394   0.5572   0.8164   0.0202   0.1738   0.1539   0.6339   0.0439   0.0047   0.1049   0.1844   0.0931   0.5217   0.3796   0.1575   0.4855   0.2332   0.0249   0.2048    0.688    0.189   0.0889   0.0761   0.3831   0.1566   0.0082   0.2005   0.2454   0.1776   0.4608   0.4587   0.6008   0.4433   0.0925   0.1168   0.0791   0.2448   0.1276   0.2233   0.2516   0.2331   0.3599   0.5362   0.7607   0.0672   0.3208   0.0536    0.112   0.2377    0.229   0.4423   0.6796   0.0793   0.0301   0.1802   0.7375   0.2406   0.0961   0.0769   0.3408    0.094   0.0821   0.0743   0.0449   0.1836   0.3642   0.4307   0.0909   0.0055   0.1588   0.2115    0.672   0.1918   0.1747   0.1878   0.8218   0.1945   0.1965   0.1131   0.0303   0.1461   0.0081   0.1021   0.0833   0.0422   0.3706    0.313   0.2904   0.2917    0.458   0.0367    0.067   0.1202   0.3572   0.2061   0.0996   0.5746   0.1031   0.0422   0.1132   0.8032   0.6688   0.1087   0.0266   0.0286   0.2356   0.1638     0.54    0.133   0.6002    0.276   0.0214    0.028   0.0976   0.1093   0.2366   0.1005   0.7178   0.0583   0.0184   0.0993   0.0767   0.0036   0.4674   0.2089   0.0151   0.4469   0.0159   0.2165   0.1225    0.039   0.3133   0.8695   0.0192   0.3453   0.0061   0.0031
  snr   -16.58
    H     4.86
 exon    False

M: qpsk
 freq      0.0   0.0026   0.0051   0.0077   0.0103   0.0128   0.0154   0.0179   0.0205   0.0231   0.0256   0.0282   0.0308   0.0333   0.0359   0.0385    0.041   0.0436   0.0462   0.0487   0.0513   0.0538   0.0564    0.059   0.0615   0.0641   0.0667   0.0692   0.0718   0.0744   0.0769   0.0795   0.0821   0.0846   0.0872   0.0897   0.0923   0.0949   0.0974      0.1   0.1026   0.1051   0.1077   0.1103   0.1128   0.1154   0.1179   0.1205   0.1231   0.1256   0.1282   0.1308   0.1333   0.1359   0.1385    0.141   0.1436   0.1462   0.1487   0.1513   0.1538   0.1564    0.159   0.1615   0.1641   0.1667   0.1692   0.1718   0.1744   0.1769   0.1795   0.1821   0.1846   0.1872   0.1897   0.1923   0.1949   0.1974      0.2   0.2026   0.2051   0.2077   0.2103   0.2128   0.2154   0.2179   0.2205   0.2231   0.2256   0.2282   0.2308   0.2333   0.2359   0.2385    0.241   0.2436   0.2462   0.2487   0.2513   0.2538   0.2564    0.259   0.2615   0.2641   0.2667   0.2692   0.2718   0.2744   0.2769   0.2795   0.2821   0.2846   0.2872   0.2897   0.2923   0.2949   0.2974      0.3   0.3026   0.3051   0.3077   0.3103   0.3128   0.3154   0.3179   0.3205   0.3231   0.3256   0.3282   0.3308   0.3333   0.3359   0.3385    0.341   0.3436   0.3462   0.3487   0.3513   0.3538   0.3564    0.359   0.3615   0.3641   0.3667   0.3692   0.3718   0.3744   0.3769   0.3795   0.3821   0.3846   0.3872   0.3897   0.3923   0.3949   0.3974      0.4   0.4026   0.4051   0.4077   0.4103   0.4128   0.4154   0.4179   0.4205   0.4231   0.4256   0.4282   0.4308   0.4333   0.4359   0.4385    0.441   0.4436   0.4462   0.4487   0.4513   0.4538   0.4564    0.459   0.4615   0.4641   0.4667   0.4692   0.4718   0.4744   0.4769   0.4795   0.4821   0.4846   0.4872   0.4897   0.4923   0.4949   0.4974
    S      0.0   0.0665   0.3184     0.89   0.5378   0.4979    0.106   0.2677   0.5718   0.3458   0.4634   0.3453   0.3796   0.0785      1.0   0.0213   0.2586   0.3915   0.1349   0.7605   0.1072   0.3745   0.1245   0.7216   0.0572   0.2699   0.1236   0.1205   0.2997   0.1693   0.1644   0.1084   0.1597   0.1769   0.1007   0.1353   0.1045   0.6414   0.1513   0.0194   0.1988   0.1414   0.0964   0.2704   0.3059    0.055   0.2955   0.1656   0.3054   0.0687    0.218   0.1473   0.0201   0.1643   0.0712   0.0983   0.0949   0.1349    0.301   0.3096   0.1437   0.0272   0.0764   0.2257   0.4201   0.0277   0.1369   0.0943    0.094   0.3301   0.3765   0.1483   0.0129    0.106   0.4725   0.1048    0.235   0.1647    0.141    0.144   0.1335   0.1693   0.1579   0.1071   0.4314   0.0991    0.105   0.3934   0.2406   0.3518   0.3466   0.2023   0.2197   0.0237    0.187   0.0832   0.1139   0.2307   0.2072   0.4287    0.078   0.6872    0.117    0.443   0.0726    0.214    0.097   0.1779   0.0529   0.7828    0.115   0.3556   0.1292   0.2841   0.3306    0.142   0.1384   0.0813   0.3125     0.19   0.1425   0.0133   0.1474   0.2748   0.2984   0.1828   0.0126   0.0954   0.3675   0.2706   0.0504   0.1498   0.4609   0.5007   0.1019   0.2721   0.2428   0.0324   0.1443   0.0256   0.3711   0.1307   0.5379   0.5452   0.3944   0.1239   0.2277   0.5101   0.0827   0.2617   0.1335   0.3384   0.0678    0.205   0.1262   0.1283   0.2367   0.1702   0.7442   0.3703   0.2078   0.0195   0.0432   0.1794   0.2454   0.2431   0.0312   0.3492   0.2283    0.078   0.0358     0.26   0.1388   0.3077   0.1893    0.235   0.1225   0.2085   0.4767   0.0474   0.0903   0.3554    0.086   0.2163   0.7047   0.2025   0.3272   0.4161   0.1853   0.1126   0.2957   0.3373   0.2488   0.6156   0.6247
  snr   -16.48
    H      5.0
 exon    False

M: mem
 freq      0.0   0.0026   0.0051   0.0077   0.0103   0.0128   0.0154   0.0179   0.0205   0.0231   0.0256   0.0282   0.0308   0.0333   0.0359   0.0385    0.041   0.0436   0.0462   0.0487   0.0513   0.0538   0.0564    0.059   0.0615   0.0641   0.0667   0.0692   0.0718   0.0744   0.0769   0.0795   0.0821   0.0846   0.0872   0.0897   0.0923   0.0949   0.0974      0.1   0.1026   0.1051   0.1077   0.1103   0.1128   0.1154   0.1179   0.1205   0.1231   0.1256   0.1282   0.1308   0.1333   0.1359   0.1385    0.141   0.1436   0.1462   0.1487   0.1513   0.1538   0.1564    0.159   0.1615   0.1641   0.1667   0.1692   0.1718   0.1744   0.1769   0.1795   0.1821   0.1846   0.1872   0.1897   0.1923   0.1949   0.1974      0.2   0.2026   0.2051   0.2077   0.2103   0.2128   0.2154   0.2179   0.2205   0.2231   0.2256   0.2282   0.2308   0.2333   0.2359   0.2385    0.241   0.2436   0.2462   0.2487   0.2513   0.2538   0.2564    0.259   0.2615   0.2641   0.2667   0.2692   0.2718   0.2744   0.2769   0.2795   0.2821   0.2846   0.2872   0.2897   0.2923   0.2949   0.2974      0.3   0.3026   0.3051   0.3077   0.3103   0.3128   0.3154   0.3179   0.3205   0.3231   0.3256   0.3282   0.3308   0.3333   0.3359   0.3385    0.341   0.3436   0.3462   0.3487   0.3513   0.3538   0.3564    0.359   0.3615   0.3641   0.3667   0.3692   0.3718   0.3744   0.3769   0.3795   0.3821   0.3846   0.3872   0.3897   0.3923   0.3949   0.3974      0.4   0.4026   0.4051   0.4077   0.4103   0.4128   0.4154   0.4179   0.4205   0.4231   0.4256   0.4282   0.4308   0.4333   0.4359   0.4385    0.441   0.4436   0.4462   0.4487   0.4513   0.4538   0.4564    0.459   0.4615   0.4641   0.4667   0.4692   0.4718   0.4744   0.4769   0.4795   0.4821   0.4846   0.4872   0.4897   0.4923   0.4949   0.4974
    S      0.0   0.0687   0.0456   0.6661   0.2575   0.0393   0.0867   0.1655      1.0   0.0414   0.1689   0.8445   0.1021   0.0808   0.1737   0.0095   0.2823   0.0155   0.0263   0.9152   0.0875   0.0558   0.3273   0.2745   0.0109   0.0542   0.0608    0.049   0.0978   0.1521   0.3345   0.1414   0.0174   0.4019   0.2918   0.0481   0.0107   0.2268   0.0601   0.1803   0.2757   0.0391   0.2594   0.0706    0.015   0.0015   0.0322   0.2699   0.1333   0.0529   0.0104   0.2588   0.1172   0.1335   0.0132   0.0743   0.2508   0.0744   0.1182   0.0885   0.1937   0.0239   0.1555   0.2736   0.1688   0.0509    0.029   0.1105   0.0295   0.0231    0.101   0.1596   0.2293   0.2465   0.1745   0.0474   0.1013   0.2781   0.1193   0.0488   0.0911   0.0184   0.0429    0.008   0.1546   0.0431   0.0025   0.1834   0.0191   0.0494   0.0567   0.0795   0.0077   0.0507    0.029     0.08    0.062   0.0455   0.0606   0.0037   0.2334   0.1046   0.0025   0.0674   0.0126   0.2682   0.0121   0.0161   0.1029   0.5469   0.2268   0.2218   0.1766   0.0111   0.0005   0.0249   0.1234   0.0362   0.2346   0.1843   0.1864   0.0164   0.2997   0.1092   0.1125   0.0968   0.0077   0.0064   0.2721    0.006   0.0278    0.143   0.0444   0.1196   0.0162   0.1314   0.0765    0.202     0.15   0.0229   0.0466   0.0506   0.3176   0.1218   0.5291    0.111    0.091   0.2774   0.0948   0.0502   0.1447   0.0971   0.0097    0.146   0.2919   0.0033   0.0853   0.1204   0.0922   0.2337   0.1773   0.0341   0.0762   0.1517   0.0936   0.0516   0.0995   0.0653   0.1616   0.0384   0.0441   0.2892   0.0441   0.2212   0.5395   0.0594   0.1083   0.1387   0.1968   0.0449   0.0414   0.0978   0.1526   0.1663   0.1809   0.2054   0.1894   0.0393   0.1613   0.1038   0.0244   0.0776   0.1498   0.0731   0.3426
  snr   -13.98
    H     4.82
 exon    False

M: alg1
 freq      0.0   0.0026   0.0051   0.0077   0.0103   0.0128   0.0154   0.0179   0.0205   0.0231   0.0256   0.0282   0.0308   0.0333   0.0359   0.0385    0.041   0.0436   0.0462   0.0487   0.0513   0.0538   0.0564    0.059   0.0615   0.0641   0.0667   0.0692   0.0718   0.0744   0.0769   0.0795   0.0821   0.0846   0.0872   0.0897   0.0923   0.0949   0.0974      0.1   0.1026   0.1051   0.1077   0.1103   0.1128   0.1154   0.1179   0.1205   0.1231   0.1256   0.1282   0.1308   0.1333   0.1359   0.1385    0.141   0.1436   0.1462   0.1487   0.1513   0.1538   0.1564    0.159   0.1615   0.1641   0.1667   0.1692   0.1718   0.1744   0.1769   0.1795   0.1821   0.1846   0.1872   0.1897   0.1923   0.1949   0.1974      0.2   0.2026   0.2051   0.2077   0.2103   0.2128   0.2154   0.2179   0.2205   0.2231   0.2256   0.2282   0.2308   0.2333   0.2359   0.2385    0.241   0.2436   0.2462   0.2487   0.2513   0.2538   0.2564    0.259   0.2615   0.2641   0.2667   0.2692   0.2718   0.2744   0.2769   0.2795   0.2821   0.2846   0.2872   0.2897   0.2923   0.2949   0.2974      0.3   0.3026   0.3051   0.3077   0.3103   0.3128   0.3154   0.3179   0.3205   0.3231   0.3256   0.3282   0.3308   0.3333   0.3359   0.3385    0.341   0.3436   0.3462   0.3487   0.3513   0.3538   0.3564    0.359   0.3615   0.3641   0.3667   0.3692   0.3718   0.3744   0.3769   0.3795   0.3821   0.3846   0.3872   0.3897   0.3923   0.3949   0.3974      0.4   0.4026   0.4051   0.4077   0.4103   0.4128   0.4154   0.4179   0.4205   0.4231   0.4256   0.4282   0.4308   0.4333   0.4359   0.4385    0.441   0.4436   0.4462   0.4487   0.4513   0.4538   0.4564    0.459   0.4615   0.4641   0.4667   0.4692   0.4718   0.4744   0.4769   0.4795   0.4821   0.4846   0.4872   0.4897   0.4923   0.4949   0.4974
    S      0.0   0.2543   0.5489   0.4559   0.4146   0.1751    0.321   0.1427   0.3232    0.788   0.3003      1.0   0.1749   0.2076   0.3268   0.1003   0.1822   0.4599   0.1291   0.5085   0.1014   0.1726   0.2049    0.716   0.0828   0.7661   0.0662    0.015   0.9559   0.0953   0.2116    0.138   0.1092    0.177   0.1274   0.2539   0.0856    0.065   0.2144   0.2575   0.1953    0.081   0.2427   0.3102   0.0569   0.0335   0.3693   0.1613     0.33   0.0234   0.3899   0.2462   0.1202   0.6262   0.0419   0.4762    0.265   0.3204   0.4907   0.5684   0.8593   0.0145   0.3209    0.172   0.4258   0.0899   0.0465   0.1992   0.1522   0.1106   0.2894   0.4607   0.3293   0.6225   0.0448   0.0511    0.119   0.9464   0.1367   0.0874   0.0656   0.3513   0.1305   0.0057   0.3966   0.2396   0.1306   0.2087   0.2923   0.5026   0.2277   0.1687   0.1019   0.1128   0.1733   0.1609   0.2269   0.1981   0.0736   0.3682   0.7369   0.5035   0.0721   0.3469   0.0609    0.076   0.1551   0.1566    0.488   0.2738    0.271   0.1744    0.181   0.4466   0.2734   0.1376   0.1974   0.3553   0.0379   0.0519   0.1632   0.0492   0.3996   0.1821    0.217   0.1648   0.0072   0.0911   0.3811   0.5984   0.2019   0.1205   0.2917   0.7881   0.1603   0.1187   0.0417   0.1604    0.181   0.0154   0.2157   0.0842   0.3321   0.2888     0.47     0.25   0.1874   0.5331   0.0309   0.1298   0.2649   0.4026   0.1949   0.2355   0.6885   0.1233    0.102   0.0499   0.5809   0.4862   0.2259   0.0467   0.0841   0.3061   0.0534   0.4432   0.2243   0.2936   0.3173   0.0573   0.0641   0.3432   0.1204   0.1379   0.3659   0.5476   0.0237   0.0614    0.214   0.1197    0.025   0.2264   0.3374   0.0713   0.4424    0.173    0.205   0.2159   0.0752    0.324   0.6725   0.1241   0.2589   0.1074   0.1161
  snr   -16.81
    H     4.98
 exon    False

M: alg2
 freq      0.0   0.0026   0.0051   0.0077   0.0103   0.0128   0.0154   0.0179   0.0205   0.0231   0.0256   0.0282   0.0308   0.0333   0.0359   0.0385    0.041   0.0436   0.0462   0.0487   0.0513   0.0538   0.0564    0.059   0.0615   0.0641   0.0667   0.0692   0.0718   0.0744   0.0769   0.0795   0.0821   0.0846   0.0872   0.0897   0.0923   0.0949   0.0974      0.1   0.1026   0.1051   0.1077   0.1103   0.1128   0.1154   0.1179   0.1205   0.1231   0.1256   0.1282   0.1308   0.1333   0.1359   0.1385    0.141   0.1436   0.1462   0.1487   0.1513   0.1538   0.1564    0.159   0.1615   0.1641   0.1667   0.1692   0.1718   0.1744   0.1769   0.1795   0.1821   0.1846   0.1872   0.1897   0.1923   0.1949   0.1974      0.2   0.2026   0.2051   0.2077   0.2103   0.2128   0.2154   0.2179   0.2205   0.2231   0.2256   0.2282   0.2308   0.2333   0.2359   0.2385    0.241   0.2436   0.2462   0.2487   0.2513   0.2538   0.2564    0.259   0.2615   0.2641   0.2667   0.2692   0.2718   0.2744   0.2769   0.2795   0.2821   0.2846   0.2872   0.2897   0.2923   0.2949   0.2974      0.3   0.3026   0.3051   0.3077   0.3103   0.3128   0.3154   0.3179   0.3205   0.3231   0.3256   0.3282   0.3308   0.3333   0.3359   0.3385    0.341   0.3436   0.3462   0.3487   0.3513   0.3538   0.3564    0.359   0.3615   0.3641   0.3667   0.3692   0.3718   0.3744   0.3769   0.3795   0.3821   0.3846   0.3872   0.3897   0.3923   0.3949   0.3974      0.4   0.4026   0.4051   0.4077   0.4103   0.4128   0.4154   0.4179   0.4205   0.4231   0.4256   0.4282   0.4308   0.4333   0.4359   0.4385    0.441   0.4436   0.4462   0.4487   0.4513   0.4538   0.4564    0.459   0.4615   0.4641   0.4667   0.4692   0.4718   0.4744   0.4769   0.4795   0.4821   0.4846   0.4872   0.4897   0.4923   0.4949   0.4974
    S      0.0   0.0095    0.009      1.0   0.1133   0.1593   0.0555   0.0299   0.2951   0.0122   0.0159   0.5748   0.0608   0.0139   0.6338   0.0066    0.024    0.083    0.055    0.186   0.0934   0.1555   0.1193   0.1588    0.004    0.072   0.0087   0.0841   0.1405    0.182   0.1702   0.0511   0.0588   0.1971   0.0788   0.0645   0.0383   0.4109   0.0034   0.0513   0.0257    0.054   0.0538   0.1308   0.1582   0.0207   0.0679   0.1101   0.1337   0.0726   0.0105   0.0172   0.0542   0.0302   0.0123   0.0102   0.1236   0.0293   0.0358    0.147   0.0764   0.0038   0.1129   0.0841   0.2463   0.0129   0.0358    0.007   0.0026   0.1728   0.0647   0.0507   0.0656   0.1212   0.3057   0.0124   0.0791   0.1485   0.0574    0.056   0.1188   0.0206   0.0033   0.0732   0.0896   0.0304   0.0378   0.1908   0.0505   0.1095   0.1791   0.0305   0.0891   0.0319   0.0341   0.0225   0.0455   0.0123   0.1001   0.1763    0.099   0.2973    0.054   0.0497   0.0459   0.1252   0.0207   0.0412   0.0269    0.377   0.0739   0.0891   0.0495   0.0543   0.1147   0.0427   0.1692   0.0315   0.2579   0.1237   0.0643   0.0006   0.1203    0.142   0.0772   0.0919   0.0044   0.0343   0.0097   0.0429   0.0171   0.0713   0.0956   0.2831   0.0037    0.073   0.1827   0.0366   0.0663   0.0003   0.0967   0.0153   0.0302   0.1097   0.3541   0.0646   0.0128   0.0214   0.0399   0.0452   0.1716   0.1977   0.0135   0.1176   0.1076   0.0508    0.211   0.1102    0.177   0.1846   0.1589   0.0012   0.0594   0.0286   0.1364   0.0169   0.0615   0.0765   0.0603   0.0677   0.0422   0.3467   0.0854   0.1155   0.1933   0.0139   0.0809   0.2172   0.0681   0.0474   0.0749   0.0844   0.0974   0.1535   0.4796   0.1017   0.0276   0.2287   0.1975   0.0774   0.0535   0.0993   0.0901   0.3775     0.63
  snr   -12.85
    H     4.79
 exon    False