>data-XVI-cerevisiae-intergenic-237
N: 410
Methods: voss, eiip, qpsk, mem, alg1, alg2

M: voss
 freq      0.0   0.0024   0.0049   0.0073   0.0098   0.0122   0.0146   0.0171   0.0195    0.022   0.0244   0.0268   0.0293   0.0317   0.0341   0.0366    0.039   0.0415   0.0439   0.0463   0.0488   0.0512   0.0537   0.0561   0.0585    0.061   0.0634   0.0659   0.0683   0.0707   0.0732   0.0756    0.078   0.0805   0.0829   0.0854   0.0878   0.0902   0.0927   0.0951   0.0976      0.1   0.1024   0.1049   0.1073   0.1098   0.1122   0.1146   0.1171   0.1195    0.122   0.1244   0.1268   0.1293   0.1317   0.1341   0.1366    0.139   0.1415   0.1439   0.1463   0.1488   0.1512   0.1537   0.1561   0.1585    0.161   0.1634   0.1659   0.1683   0.1707   0.1732   0.1756    0.178   0.1805   0.1829   0.1854   0.1878   0.1902   0.1927   0.1951   0.1976      0.2   0.2024   0.2049   0.2073   0.2098   0.2122   0.2146   0.2171   0.2195    0.222   0.2244   0.2268   0.2293   0.2317   0.2341   0.2366    0.239   0.2415   0.2439   0.2463   0.2488   0.2512   0.2537   0.2561   0.2585    0.261   0.2634   0.2659   0.2683   0.2707   0.2732   0.2756    0.278   0.2805   0.2829   0.2854   0.2878   0.2902   0.2927   0.2951   0.2976      0.3   0.3024   0.3049   0.3073   0.3098   0.3122   0.3146   0.3171   0.3195    0.322   0.3244   0.3268   0.3293   0.3317   0.3341   0.3366    0.339   0.3415   0.3439   0.3463   0.3488   0.3512   0.3537   0.3561   0.3585    0.361   0.3634   0.3659   0.3683   0.3707   0.3732   0.3756    0.378   0.3805   0.3829   0.3854   0.3878   0.3902   0.3927   0.3951   0.3976      0.4   0.4024   0.4049   0.4073   0.4098   0.4122   0.4146   0.4171   0.4195    0.422   0.4244   0.4268   0.4293   0.4317   0.4341   0.4366    0.439   0.4415   0.4439   0.4463   0.4488   0.4512   0.4537   0.4561   0.4585    0.461   0.4634   0.4659   0.4683   0.4707   0.4732   0.4756    0.478   0.4805   0.4829   0.4854   0.4878   0.4902   0.4927   0.4951   0.4976
    S      0.0   0.9631    0.528   0.5933   0.8023    0.684   0.2054   0.6654   0.2016   0.2142   0.5026   0.8932   0.6823    0.524   0.3802    0.668   0.1238   0.2938   0.3817   0.4385     0.23    0.232      1.0   0.2996   0.0155   0.2072   0.3831   0.4745   0.3569   0.2849   0.3395   0.6589   0.3277   0.3373   0.3996   0.3865   0.6114   0.2766   0.1753   0.2357   0.6302   0.0978   0.3154   0.1577   0.2561   0.1981   0.5181   0.2467   0.0632    0.336   0.5949   0.1649   0.4095   0.6618   0.3786   0.1553   0.1388   0.1436    0.129   0.3757   0.4492    0.554   0.3543   0.3125   0.3218   0.4381   0.6367   0.2308   0.2326    0.211   0.1646   0.1864   0.2305   0.3789   0.0874   0.7482   0.2932   0.1774   0.6228   0.3115   0.4303   0.1081   0.0553   0.2873   0.4998   0.3902   0.1171   0.0916   0.3234   0.1231   0.3978   0.3033   0.1121   0.1641   0.5061   0.2014   0.4065   0.4109   0.1623   0.1544    0.187   0.4849   0.2132   0.1783    0.454   0.3529    0.599    0.063   0.2773   0.1029   0.6361   0.1551   0.1625   0.2564   0.1756   0.3441    0.619   0.5623    0.157   0.2086   0.1497   0.3596   0.2605   0.1498   0.3276   0.1951   0.1831   0.2126   0.2165   0.2863   0.1912   0.1738   0.4305   0.3464   0.2041   0.3665   0.1375   0.2952    0.312   0.5436   0.2526   0.2132   0.4182   0.0991   0.1864   0.1381   0.0989   0.1551   0.0371   0.1545   0.2806   0.1845   0.2095   0.1851    0.404   0.3884   0.1684   0.2469   0.1324   0.2988   0.4967   0.1268   0.3313   0.2448    0.131   0.3655   0.2113   0.2902   0.5674   0.3998   0.4356   0.3477   0.1278    0.275   0.3956   0.6701   0.0434   0.1811   0.2463   0.1185   0.2882   0.6276   0.5173   0.0775   0.2562   0.2349   0.2627   0.2817   0.4203   0.1244   0.7566   0.4246   0.4267   0.1369   0.2948   0.3791   0.0756   0.2268    0.115   0.2237   0.1151   0.1417   0.0701   0.3852   0.1966
  snr   -17.99
    H     5.15
 exon    False

M: eiip
 freq      0.0   0.0024   0.0049   0.0073   0.0098   0.0122   0.0146   0.0171   0.0195    0.022   0.0244   0.0268   0.0293   0.0317   0.0341   0.0366    0.039   0.0415   0.0439   0.0463   0.0488   0.0512   0.0537   0.0561   0.0585    0.061   0.0634   0.0659   0.0683   0.0707   0.0732   0.0756    0.078   0.0805   0.0829   0.0854   0.0878   0.0902   0.0927   0.0951   0.0976      0.1   0.1024   0.1049   0.1073   0.1098   0.1122   0.1146   0.1171   0.1195    0.122   0.1244   0.1268   0.1293   0.1317   0.1341   0.1366    0.139   0.1415   0.1439   0.1463   0.1488   0.1512   0.1537   0.1561   0.1585    0.161   0.1634   0.1659   0.1683   0.1707   0.1732   0.1756    0.178   0.1805   0.1829   0.1854   0.1878   0.1902   0.1927   0.1951   0.1976      0.2   0.2024   0.2049   0.2073   0.2098   0.2122   0.2146   0.2171   0.2195    0.222   0.2244   0.2268   0.2293   0.2317   0.2341   0.2366    0.239   0.2415   0.2439   0.2463   0.2488   0.2512   0.2537   0.2561   0.2585    0.261   0.2634   0.2659   0.2683   0.2707   0.2732   0.2756    0.278   0.2805   0.2829   0.2854   0.2878   0.2902   0.2927   0.2951   0.2976      0.3   0.3024   0.3049   0.3073   0.3098   0.3122   0.3146   0.3171   0.3195    0.322   0.3244   0.3268   0.3293   0.3317   0.3341   0.3366    0.339   0.3415   0.3439   0.3463   0.3488   0.3512   0.3537   0.3561   0.3585    0.361   0.3634   0.3659   0.3683   0.3707   0.3732   0.3756    0.378   0.3805   0.3829   0.3854   0.3878   0.3902   0.3927   0.3951   0.3976      0.4   0.4024   0.4049   0.4073   0.4098   0.4122   0.4146   0.4171   0.4195    0.422   0.4244   0.4268   0.4293   0.4317   0.4341   0.4366    0.439   0.4415   0.4439   0.4463   0.4488   0.4512   0.4537   0.4561   0.4585    0.461   0.4634   0.4659   0.4683   0.4707   0.4732   0.4756    0.478   0.4805   0.4829   0.4854   0.4878   0.4902   0.4927   0.4951   0.4976
    S      0.0   0.0235   0.8116    0.303   0.3005   0.4143    0.059    0.205   0.0826   0.3045   0.0872   0.5329   0.0436   0.0929   0.0285   0.9796     0.12   0.0007   0.2033   0.3736   0.0756   0.1342      1.0   0.3796   0.0209   0.2134    0.055   0.4901   0.0817    0.006   0.0212    0.764   0.2525   0.1209   0.1243   0.1341   0.1151   0.2323   0.2025   0.0391   0.6891   0.1469     0.14   0.2634   0.0673   0.2654   0.1181   0.0443   0.0954   0.2219   0.3777    0.097   0.0688   0.1624    0.391   0.0941   0.0255   0.1231    0.027    0.022   0.0223   0.2943   0.1129   0.1914   0.0894   0.2932   0.3113   0.0055   0.2547   0.0623   0.1569   0.0835   0.1292   0.1519   0.0301    0.293    0.162   0.1389   0.0714   0.1713   0.2808   0.1072   0.0336   0.0681   0.1324   0.1208   0.0937   0.0461   0.2142   0.0004   0.4471   0.1211   0.0998   0.0886   0.2619   0.0434   0.2761    0.119   0.2039   0.0223   0.0212   0.2096   0.1948   0.1417   0.0782   0.2448   0.0839   0.0115   0.2033   0.0145   0.4475   0.1565   0.0603   0.2005   0.0377   0.2965   0.1115   0.1245   0.1566   0.0283   0.2317    0.255   0.0785   0.3108   0.2868   0.1468   0.1105   0.0553   0.2355   0.1497   0.3834    0.138   0.2714   0.5235   0.0677   0.1174   0.1509   0.0125   0.1564   0.1941   0.0255   0.0471   0.4024    0.034   0.0867   0.1158   0.0946   0.0058    0.043   0.2195   0.1466   0.1152    0.146   0.2131   0.2709   0.2871   0.0327   0.2255   0.0303   0.0012    0.046   0.0659   0.2922   0.0166   0.1918   0.1811   0.0582    0.277   0.4243   0.1573   0.2071   0.2809   0.1105   0.0495   0.6825   0.0725   0.0646   0.0264   0.2215   0.1252    0.097   0.5272   0.0907   0.1213   0.1401   0.0118   0.2018   0.0168   0.3708   0.0727   0.3988   0.0886   0.1856   0.0999   0.0472   0.2589   0.0222   0.0209   0.0914   0.0049   0.0673    0.124   0.0005   0.8454   0.0065
  snr   -15.36
    H     4.92
 exon    False

M: qpsk
 freq      0.0   0.0024   0.0049   0.0073   0.0098   0.0122   0.0146   0.0171   0.0195    0.022   0.0244   0.0268   0.0293   0.0317   0.0341   0.0366    0.039   0.0415   0.0439   0.0463   0.0488   0.0512   0.0537   0.0561   0.0585    0.061   0.0634   0.0659   0.0683   0.0707   0.0732   0.0756    0.078   0.0805   0.0829   0.0854   0.0878   0.0902   0.0927   0.0951   0.0976      0.1   0.1024   0.1049   0.1073   0.1098   0.1122   0.1146   0.1171   0.1195    0.122   0.1244   0.1268   0.1293   0.1317   0.1341   0.1366    0.139   0.1415   0.1439   0.1463   0.1488   0.1512   0.1537   0.1561   0.1585    0.161   0.1634   0.1659   0.1683   0.1707   0.1732   0.1756    0.178   0.1805   0.1829   0.1854   0.1878   0.1902   0.1927   0.1951   0.1976      0.2   0.2024   0.2049   0.2073   0.2098   0.2122   0.2146   0.2171   0.2195    0.222   0.2244   0.2268   0.2293   0.2317   0.2341   0.2366    0.239   0.2415   0.2439   0.2463   0.2488   0.2512   0.2537   0.2561   0.2585    0.261   0.2634   0.2659   0.2683   0.2707   0.2732   0.2756    0.278   0.2805   0.2829   0.2854   0.2878   0.2902   0.2927   0.2951   0.2976      0.3   0.3024   0.3049   0.3073   0.3098   0.3122   0.3146   0.3171   0.3195    0.322   0.3244   0.3268   0.3293   0.3317   0.3341   0.3366    0.339   0.3415   0.3439   0.3463   0.3488   0.3512   0.3537   0.3561   0.3585    0.361   0.3634   0.3659   0.3683   0.3707   0.3732   0.3756    0.378   0.3805   0.3829   0.3854   0.3878   0.3902   0.3927   0.3951   0.3976      0.4   0.4024   0.4049   0.4073   0.4098   0.4122   0.4146   0.4171   0.4195    0.422   0.4244   0.4268   0.4293   0.4317   0.4341   0.4366    0.439   0.4415   0.4439   0.4463   0.4488   0.4512   0.4537   0.4561   0.4585    0.461   0.4634   0.4659   0.4683   0.4707   0.4732   0.4756    0.478   0.4805   0.4829   0.4854   0.4878   0.4902   0.4927   0.4951   0.4976
    S      0.0   0.6867   0.5581   0.5644   0.2757   0.6921   0.2088   0.6414   0.2411   0.2297   0.3878      1.0   0.6807   0.3785   0.3066   0.7128   0.1366   0.2374   0.1929   0.4465   0.1681   0.1718    0.622   0.3503   0.0162   0.2469   0.3492   0.4492   0.1519   0.2867     0.31   0.7217   0.1401   0.3464   0.4208   0.3845   0.4949   0.1699   0.2024   0.1554   0.5217   0.0677   0.1619   0.1618   0.1973   0.2319   0.1785   0.1616   0.0694    0.319   0.2227   0.1459   0.3871   0.7932   0.3739    0.101   0.0835   0.1451   0.0947   0.4581   0.2085   0.6073   0.2781   0.0756   0.3225   0.4626   0.7274   0.2027   0.0469   0.1829   0.0436   0.1186   0.2497   0.1984   0.0432   0.6134   0.1811   0.0854   0.5782   0.2709    0.437   0.0526   0.0447   0.2992   0.5098   0.2944   0.1147   0.0556   0.2569   0.1063   0.3279   0.2417   0.0697   0.1512   0.4749   0.0356   0.3363   0.1863   0.1498   0.1064   0.0477   0.2095   0.0476    0.167    0.386   0.3299   0.3867   0.0482    0.332    0.085    0.239   0.0141   0.1654   0.1322   0.2046   0.1052   0.6457   0.0972   0.1318   0.1738   0.0836   0.3463   0.2314   0.0996   0.1142   0.1778   0.1917    0.192   0.2278   0.2812   0.1782   0.1513   0.4314   0.1768   0.2253    0.351    0.078   0.3617   0.0196   0.3675   0.2091   0.0895   0.0775    0.088   0.1727   0.0721   0.0756   0.1223    0.033   0.0801   0.1216   0.1712   0.2068   0.2058   0.4677   0.4375   0.2043    0.278   0.1363   0.3194   0.4582   0.1009   0.3534   0.1775   0.0708   0.2082   0.0895   0.3278   0.4814   0.2913   0.3061   0.2363   0.1424   0.0736   0.4846   0.7658   0.0446   0.0362   0.1922   0.1368    0.271   0.7075   0.6033   0.0357   0.2939    0.084   0.3057   0.1315   0.4817   0.1202    0.486   0.1464   0.1186   0.0412   0.2115   0.2329   0.0408     0.19    0.107   0.2119   0.1079   0.0913   0.0211    0.287   0.1049
  snr   -17.04
    H     5.07
 exon    False

M: mem
 freq      0.0   0.0024   0.0049   0.0073   0.0098   0.0122   0.0146   0.0171   0.0195    0.022   0.0244   0.0268   0.0293   0.0317   0.0341   0.0366    0.039   0.0415   0.0439   0.0463   0.0488   0.0512   0.0537   0.0561   0.0585    0.061   0.0634   0.0659   0.0683   0.0707   0.0732   0.0756    0.078   0.0805   0.0829   0.0854   0.0878   0.0902   0.0927   0.0951   0.0976      0.1   0.1024   0.1049   0.1073   0.1098   0.1122   0.1146   0.1171   0.1195    0.122   0.1244   0.1268   0.1293   0.1317   0.1341   0.1366    0.139   0.1415   0.1439   0.1463   0.1488   0.1512   0.1537   0.1561   0.1585    0.161   0.1634   0.1659   0.1683   0.1707   0.1732   0.1756    0.178   0.1805   0.1829   0.1854   0.1878   0.1902   0.1927   0.1951   0.1976      0.2   0.2024   0.2049   0.2073   0.2098   0.2122   0.2146   0.2171   0.2195    0.222   0.2244   0.2268   0.2293   0.2317   0.2341   0.2366    0.239   0.2415   0.2439   0.2463   0.2488   0.2512   0.2537   0.2561   0.2585    0.261   0.2634   0.2659   0.2683   0.2707   0.2732   0.2756    0.278   0.2805   0.2829   0.2854   0.2878   0.2902   0.2927   0.2951   0.2976      0.3   0.3024   0.3049   0.3073   0.3098   0.3122   0.3146   0.3171   0.3195    0.322   0.3244   0.3268   0.3293   0.3317   0.3341   0.3366    0.339   0.3415   0.3439   0.3463   0.3488   0.3512   0.3537   0.3561   0.3585    0.361   0.3634   0.3659   0.3683   0.3707   0.3732   0.3756    0.378   0.3805   0.3829   0.3854   0.3878   0.3902   0.3927   0.3951   0.3976      0.4   0.4024   0.4049   0.4073   0.4098   0.4122   0.4146   0.4171   0.4195    0.422   0.4244   0.4268   0.4293   0.4317   0.4341   0.4366    0.439   0.4415   0.4439   0.4463   0.4488   0.4512   0.4537   0.4561   0.4585    0.461   0.4634   0.4659   0.4683   0.4707   0.4732   0.4756    0.478   0.4805   0.4829   0.4854   0.4878   0.4902   0.4927   0.4951   0.4976
    S      0.0     0.53    0.428   0.5877   0.2119    0.894   0.2691   0.7743   0.1485   0.1288   0.4471      1.0   0.7426   0.3114   0.3665   0.4137   0.0429   0.2581   0.1208   0.6366   0.1629   0.0474   0.2183   0.1029   0.0164   0.0129   0.0367   0.0719   0.1211   0.1808   0.2474   0.2874   0.1041   0.3414   0.2544   0.1711   0.3018   0.1211   0.0148    0.024   0.5451   0.0506   0.2039   0.1717   0.2107   0.3378   0.0671   0.1437   0.0024   0.0381   0.2055   0.1408   0.1364   0.7168   0.5212   0.0346   0.0491   0.0189   0.0647   0.2304   0.0883   0.2285   0.2201   0.0221   0.2329   0.4436   0.9301   0.1202   0.0596   0.1523    0.041   0.0303   0.0651   0.0067   0.0307   0.2996   0.0614   0.0638    0.711   0.0306   0.4598   0.0021   0.0184   0.2453   0.5638   0.2821   0.0227   0.0073   0.1345   0.1146   0.1533    0.211   0.0567   0.0273   0.1582   0.0141   0.0875   0.1473   0.0352   0.1246   0.0125   0.1946   0.0893   0.0216   0.1096   0.3114   0.0841   0.0056   0.4554   0.0622   0.0162   0.0055   0.1889   0.1981   0.0803   0.1132   0.7001   0.0048   0.1283   0.1973   0.0498   0.3723   0.2001   0.1437   0.0033   0.0466   0.0219   0.0049   0.2529   0.2744   0.1232   0.1173   0.5542   0.0766   0.1399   0.1943   0.0178   0.3254   0.0041   0.4327   0.0206   0.0683    0.114   0.0082    0.217   0.0827   0.0592   0.0956   0.0294   0.0875   0.1559   0.2101    0.151   0.0917   0.6346   0.1398   0.0771   0.3269   0.1019   0.2224    0.176   0.0068    0.142   0.0451   0.0381   0.2394   0.0148   0.0669   0.4134   0.3227   0.1533   0.2693   0.1874   0.0328   0.1682   0.3667   0.0488   0.0153   0.2048   0.0727   0.2697   0.8675   0.1084    0.056   0.1073   0.0813   0.2335   0.0407   0.5918   0.0623   0.2312   0.0632   0.0665   0.0168   0.0794   0.0483   0.0494   0.1733   0.0223   0.1244   0.0588   0.1042   0.0141   0.2289    0.047
  snr   -15.65
    H     4.85
 exon    False

M: alg1
 freq      0.0   0.0024   0.0049   0.0073   0.0098   0.0122   0.0146   0.0171   0.0195    0.022   0.0244   0.0268   0.0293   0.0317   0.0341   0.0366    0.039   0.0415   0.0439   0.0463   0.0488   0.0512   0.0537   0.0561   0.0585    0.061   0.0634   0.0659   0.0683   0.0707   0.0732   0.0756    0.078   0.0805   0.0829   0.0854   0.0878   0.0902   0.0927   0.0951   0.0976      0.1   0.1024   0.1049   0.1073   0.1098   0.1122   0.1146   0.1171   0.1195    0.122   0.1244   0.1268   0.1293   0.1317   0.1341   0.1366    0.139   0.1415   0.1439   0.1463   0.1488   0.1512   0.1537   0.1561   0.1585    0.161   0.1634   0.1659   0.1683   0.1707   0.1732   0.1756    0.178   0.1805   0.1829   0.1854   0.1878   0.1902   0.1927   0.1951   0.1976      0.2   0.2024   0.2049   0.2073   0.2098   0.2122   0.2146   0.2171   0.2195    0.222   0.2244   0.2268   0.2293   0.2317   0.2341   0.2366    0.239   0.2415   0.2439   0.2463   0.2488   0.2512   0.2537   0.2561   0.2585    0.261   0.2634   0.2659   0.2683   0.2707   0.2732   0.2756    0.278   0.2805   0.2829   0.2854   0.2878   0.2902   0.2927   0.2951   0.2976      0.3   0.3024   0.3049   0.3073   0.3098   0.3122   0.3146   0.3171   0.3195    0.322   0.3244   0.3268   0.3293   0.3317   0.3341   0.3366    0.339   0.3415   0.3439   0.3463   0.3488   0.3512   0.3537   0.3561   0.3585    0.361   0.3634   0.3659   0.3683   0.3707   0.3732   0.3756    0.378   0.3805   0.3829   0.3854   0.3878   0.3902   0.3927   0.3951   0.3976      0.4   0.4024   0.4049   0.4073   0.4098   0.4122   0.4146   0.4171   0.4195    0.422   0.4244   0.4268   0.4293   0.4317   0.4341   0.4366    0.439   0.4415   0.4439   0.4463   0.4488   0.4512   0.4537   0.4561   0.4585    0.461   0.4634   0.4659   0.4683   0.4707   0.4732   0.4756    0.478   0.4805   0.4829   0.4854   0.4878   0.4902   0.4927   0.4951   0.4976
    S      0.0    0.674   0.1635   0.1766   0.4626    0.089    0.086    0.242   0.0739   0.1496   0.1951   0.4454   0.4416   0.5003   0.2231    0.276   0.0199   0.2203   0.1999   0.0303   0.1233   0.2722      1.0   0.0765   0.0049   0.1128   0.0385   0.2122   0.3597   0.1544   0.0866   0.4935   0.3354   0.1159   0.2658   0.1836   0.1574   0.2698    0.102   0.0176   0.1544    0.041   0.1787   0.0612   0.1356   0.0209   0.3979   0.0902   0.0541   0.3041   0.2172   0.1242   0.2539   0.2381   0.1225   0.0309   0.0573   0.0673   0.1316     0.18   0.1291    0.115   0.2194   0.2956    0.189   0.2653   0.1612   0.0956   0.1968   0.0105   0.0951   0.1578   0.1675   0.1983   0.0283   0.7992   0.3392   0.0502   0.3308    0.168   0.0934   0.1028    0.054   0.2154   0.2935   0.0999   0.0596   0.0703   0.3147   0.0915   0.1151   0.2643   0.0784   0.0198   0.0576   0.0696   0.4609   0.1377   0.0718   0.0857    0.059    0.373    0.081   0.0797     0.02   0.1735    0.039   0.0127   0.0598   0.0005   0.6387   0.1442   0.0136   0.0588   0.1257    0.215   0.2488   0.2914   0.0944   0.1225   0.1298   0.1003   0.0381   0.0717   0.3503   0.1842   0.0269   0.0174   0.0982   0.1358   0.1366   0.0691   0.1461   0.3762   0.1442   0.0557   0.1584   0.1097   0.2717   0.1638   0.0441   0.1864   0.2087   0.0288   0.0235   0.0392   0.0354   0.0803   0.0216   0.0795   0.1883   0.0771   0.1298   0.0344   0.0819   0.0693   0.0677   0.0793   0.0143   0.1352   0.0331   0.0869   0.1783   0.0072   0.1187   0.0264   0.1332   0.0591    0.392   0.1571   0.0407   0.0591   0.0158   0.1032   0.1487   0.1975   0.0135   0.1197   0.0725   0.0213   0.0948   0.2058   0.1394   0.0311   0.0594    0.153    0.043     0.11   0.0813   0.0612   0.2137   0.2053   0.4578   0.0689   0.1921   0.1296   0.0401   0.0708   0.0805   0.0217   0.0322   0.0285   0.0382   0.2509   0.0821
  snr   -14.74
    H     4.97
 exon    False

M: alg2
 freq      0.0   0.0024   0.0049   0.0073   0.0098   0.0122   0.0146   0.0171   0.0195    0.022   0.0244   0.0268   0.0293   0.0317   0.0341   0.0366    0.039   0.0415   0.0439   0.0463   0.0488   0.0512   0.0537   0.0561   0.0585    0.061   0.0634   0.0659   0.0683   0.0707   0.0732   0.0756    0.078   0.0805   0.0829   0.0854   0.0878   0.0902   0.0927   0.0951   0.0976      0.1   0.1024   0.1049   0.1073   0.1098   0.1122   0.1146   0.1171   0.1195    0.122   0.1244   0.1268   0.1293   0.1317   0.1341   0.1366    0.139   0.1415   0.1439   0.1463   0.1488   0.1512   0.1537   0.1561   0.1585    0.161   0.1634   0.1659   0.1683   0.1707   0.1732   0.1756    0.178   0.1805   0.1829   0.1854   0.1878   0.1902   0.1927   0.1951   0.1976      0.2   0.2024   0.2049   0.2073   0.2098   0.2122   0.2146   0.2171   0.2195    0.222   0.2244   0.2268   0.2293   0.2317   0.2341   0.2366    0.239   0.2415   0.2439   0.2463   0.2488   0.2512   0.2537   0.2561   0.2585    0.261   0.2634   0.2659   0.2683   0.2707   0.2732   0.2756    0.278   0.2805   0.2829   0.2854   0.2878   0.2902   0.2927   0.2951   0.2976      0.3   0.3024   0.3049   0.3073   0.3098   0.3122   0.3146   0.3171   0.3195    0.322   0.3244   0.3268   0.3293   0.3317   0.3341   0.3366    0.339   0.3415   0.3439   0.3463   0.3488   0.3512   0.3537   0.3561   0.3585    0.361   0.3634   0.3659   0.3683   0.3707   0.3732   0.3756    0.378   0.3805   0.3829   0.3854   0.3878   0.3902   0.3927   0.3951   0.3976      0.4   0.4024   0.4049   0.4073   0.4098   0.4122   0.4146   0.4171   0.4195    0.422   0.4244   0.4268   0.4293   0.4317   0.4341   0.4366    0.439   0.4415   0.4439   0.4463   0.4488   0.4512   0.4537   0.4561   0.4585    0.461   0.4634   0.4659   0.4683   0.4707   0.4732   0.4756    0.478   0.4805   0.4829   0.4854   0.4878   0.4902   0.4927   0.4951   0.4976
    S      0.0   0.5229   0.1977   0.0994   0.4367   0.1702   0.0595   0.2295   0.0563   0.1609   0.1589   0.3717     0.32   0.4224   0.1565   0.2978   0.0137    0.163   0.1845   0.1066   0.0911   0.2507      1.0   0.0722   0.0055    0.109   0.0276   0.2056   0.3199   0.1175   0.0613   0.4875   0.3383   0.0707   0.2366   0.1341   0.0805   0.2659   0.1033   0.0169   0.2018    0.064    0.171   0.0812   0.0957   0.0513   0.3724   0.0536   0.0566   0.2779   0.2741   0.1161   0.2051   0.2063   0.1603    0.038   0.0595   0.0707   0.1125   0.1386   0.0867   0.0708   0.1672   0.3088   0.1725    0.237   0.1122   0.0682   0.2367   0.0203   0.1212   0.1507   0.1542   0.1877   0.0253   0.7056   0.3172    0.084   0.2178   0.1661   0.0482   0.1077   0.0486   0.1766   0.2413   0.0652   0.0632   0.0688    0.303   0.0675   0.1667    0.229   0.0913   0.0083   0.0153   0.0853   0.4279   0.1269   0.0782   0.0702   0.0663   0.3789   0.1378   0.0855   0.0177   0.1962   0.0589   0.0123    0.057   0.0093   0.6435   0.1698   0.0227   0.1136   0.1031   0.2774   0.1614   0.2987   0.0933   0.0849   0.1611   0.0703   0.0267   0.1257   0.3636   0.1689   0.0175   0.0034   0.1012   0.1427   0.1731   0.0573   0.1158   0.4283   0.1171   0.0254    0.162   0.0825    0.288   0.1993   0.0275   0.1614   0.3057   0.0201   0.0369   0.0704   0.0364   0.0667   0.0221   0.1112   0.1913   0.0864   0.1104   0.0295   0.0714     0.06   0.0516    0.071   0.0204   0.1003   0.0407   0.0803   0.1554   0.0128   0.1355   0.0949   0.1288   0.0505   0.3534   0.1168   0.0739   0.1345   0.0214   0.1178   0.1715   0.1381   0.0174   0.1102    0.079   0.0173    0.053   0.1833   0.1004   0.0576   0.0421    0.126   0.0383   0.0825   0.0601   0.0653    0.184   0.1804    0.439   0.0898   0.1574   0.1634   0.0391   0.0481   0.0727   0.0215   0.0409   0.0607   0.0307   0.3685   0.0599
  snr   -14.52
    H     4.98
 exon    False