>data-XV-cerevisiae-intergenic-8
N: 578
Methods: voss, eiip, qpsk, mem, alg1, alg2

M: voss
 freq      0.0   0.0017   0.0035   0.0052   0.0069   0.0087   0.0104   0.0121   0.0138   0.0156   0.0173    0.019   0.0208   0.0225   0.0242    0.026   0.0277   0.0294   0.0311   0.0329   0.0346   0.0363   0.0381   0.0398   0.0415   0.0433    0.045   0.0467   0.0484   0.0502   0.0519   0.0536   0.0554   0.0571   0.0588   0.0606   0.0623    0.064   0.0657   0.0675   0.0692   0.0709   0.0727   0.0744   0.0761   0.0779   0.0796   0.0813    0.083   0.0848   0.0865   0.0882     0.09   0.0917   0.0934   0.0952   0.0969   0.0986   0.1003   0.1021   0.1038   0.1055   0.1073    0.109   0.1107   0.1125   0.1142   0.1159   0.1176   0.1194   0.1211   0.1228   0.1246   0.1263    0.128   0.1298   0.1315   0.1332   0.1349   0.1367   0.1384   0.1401   0.1419   0.1436   0.1453   0.1471   0.1488   0.1505   0.1522    0.154   0.1557   0.1574   0.1592   0.1609   0.1626   0.1644   0.1661   0.1678   0.1696   0.1713    0.173   0.1747   0.1765   0.1782   0.1799   0.1817   0.1834   0.1851   0.1869   0.1886   0.1903    0.192   0.1938   0.1955   0.1972    0.199   0.2007   0.2024   0.2042   0.2059   0.2076   0.2093   0.2111   0.2128   0.2145   0.2163    0.218   0.2197   0.2215   0.2232   0.2249   0.2266   0.2284   0.2301   0.2318   0.2336   0.2353    0.237   0.2388   0.2405   0.2422   0.2439   0.2457   0.2474   0.2491   0.2509   0.2526   0.2543   0.2561   0.2578   0.2595   0.2612    0.263   0.2647   0.2664   0.2682   0.2699   0.2716   0.2734   0.2751   0.2768   0.2785   0.2803    0.282   0.2837   0.2855   0.2872   0.2889   0.2907   0.2924   0.2941   0.2958   0.2976   0.2993    0.301   0.3028   0.3045   0.3062    0.308   0.3097   0.3114   0.3131   0.3149   0.3166   0.3183   0.3201   0.3218   0.3235   0.3253    0.327   0.3287   0.3304   0.3322   0.3339   0.3356   0.3374   0.3391   0.3408   0.3426   0.3443    0.346   0.3478   0.3495   0.3512   0.3529   0.3547   0.3564   0.3581   0.3599   0.3616   0.3633   0.3651   0.3668   0.3685   0.3702    0.372   0.3737   0.3754   0.3772   0.3789   0.3806   0.3824   0.3841   0.3858   0.3875   0.3893    0.391   0.3927   0.3945   0.3962   0.3979   0.3997   0.4014   0.4031   0.4048   0.4066   0.4083     0.41   0.4118   0.4135   0.4152    0.417   0.4187   0.4204   0.4221   0.4239   0.4256   0.4273   0.4291   0.4308   0.4325   0.4343    0.436   0.4377   0.4394   0.4412   0.4429   0.4446   0.4464   0.4481   0.4498   0.4516   0.4533    0.455   0.4567   0.4585   0.4602   0.4619   0.4637   0.4654   0.4671   0.4689   0.4706   0.4723    0.474   0.4758   0.4775   0.4792    0.481   0.4827   0.4844   0.4862   0.4879   0.4896   0.4913   0.4931   0.4948   0.4965   0.4983
    S      0.0   0.5095   0.2118   0.2495   0.3745   0.3826   0.1218   0.1872   0.1166   0.5178   0.2022   0.3431    0.397   0.2078   0.2391   0.0957   0.1381   0.2726   0.2412   0.0979   0.2849   0.0545     0.17   0.1059   0.0989   0.1324   0.4772   0.0941   0.0858   0.2136   0.3948   0.2683   0.5509   0.1187   0.3141   0.4804   0.1795   0.2179   0.0782   0.4669   0.2038   0.1543   0.2926   0.1627   0.0577   0.0839   0.3681   0.1013   0.1389   0.3032    0.059   0.3891   0.2391   0.1903   0.1918   0.0652   0.1276   0.3557   0.0381   0.1265   0.0942   0.3438   0.1285   0.1433   0.1293   0.1078   0.1666   0.1378    0.119    0.128    0.262   0.1988   0.2417   0.0729    0.047   0.1191   0.0653   0.2307   0.1105    0.485   0.2678   0.1783   0.3555   0.1954   0.0867   0.2731   0.0922   0.1633    0.092   0.0406   0.0735   0.2229   0.4293   0.0428   0.2092   0.0826   0.0978   0.1768   0.1871   0.3122   0.1922   0.1187   0.3389   0.3671   0.0712   0.2258   0.4684   0.2286   0.5032   0.3203   0.4202   0.4208   0.3026   0.0921   0.1644   0.0298   0.0224   0.0773    0.093   0.2807   0.0822   0.2781   0.1503   0.2494   0.5021   0.2653   0.1652   0.2073   0.1568   0.1146   0.1086   0.1866   0.7475   0.2027   0.1009   0.5594   0.1689   0.1675   0.1822   0.2389   0.2067    0.264   0.2696   0.6511   0.1175   0.1108    0.102   0.2258     0.28   0.2017   0.2044   0.0827   0.1172   0.3196   0.0967   0.1816   0.1324   0.1489   0.3396   0.2488   0.1577   0.3087    0.086    0.109   0.2612   0.0555   0.2812   0.1692   0.0504   0.1093    0.263   0.0306   0.2408   0.1228   0.2478   0.0853   0.0762   0.1272   0.0542   0.1514    0.301   0.2095     0.21   0.1185   0.2199   0.0819   0.1935   0.4306   0.2404   0.3022   0.1647   0.3121      1.0   0.3183   0.4648   0.0793   0.1313   0.2131   0.1359   0.0897   0.0934   0.1923   0.1539   0.2831   0.1093   0.1132   0.1949   0.1368   0.4107   0.2626   0.1005   0.1937   0.4699   0.3926   0.1135   0.0994    0.134   0.0753   0.1314   0.2609   0.1063   0.0356   0.3148   0.2716   0.1793   0.1127   0.2147   0.1279   0.1084   0.1111    0.237   0.2637   0.1789   0.1561   0.4078   0.2426   0.1139   0.1009   0.2551   0.3538   0.3328   0.2521    0.197   0.2395   0.1936   0.3443   0.1775   0.5576   0.2511   0.1817   0.1547   0.0917   0.4782   0.0831   0.1752   0.1654   0.1606   0.0888   0.2958   0.0816   0.3319   0.1689   0.0862   0.1232   0.1596   0.0977   0.1605   0.1996   0.2177   0.1725   0.1697   0.0744   0.2248   0.1124   0.2555   0.1135   0.3694   0.2752   0.1129   0.0837   0.1034   0.2136   0.3122   0.2495   0.1959   0.3781   0.1521   0.1125   0.3015
  snr   -17.72
    H     5.49
 exon     True

M: eiip
 freq      0.0   0.0017   0.0035   0.0052   0.0069   0.0087   0.0104   0.0121   0.0138   0.0156   0.0173    0.019   0.0208   0.0225   0.0242    0.026   0.0277   0.0294   0.0311   0.0329   0.0346   0.0363   0.0381   0.0398   0.0415   0.0433    0.045   0.0467   0.0484   0.0502   0.0519   0.0536   0.0554   0.0571   0.0588   0.0606   0.0623    0.064   0.0657   0.0675   0.0692   0.0709   0.0727   0.0744   0.0761   0.0779   0.0796   0.0813    0.083   0.0848   0.0865   0.0882     0.09   0.0917   0.0934   0.0952   0.0969   0.0986   0.1003   0.1021   0.1038   0.1055   0.1073    0.109   0.1107   0.1125   0.1142   0.1159   0.1176   0.1194   0.1211   0.1228   0.1246   0.1263    0.128   0.1298   0.1315   0.1332   0.1349   0.1367   0.1384   0.1401   0.1419   0.1436   0.1453   0.1471   0.1488   0.1505   0.1522    0.154   0.1557   0.1574   0.1592   0.1609   0.1626   0.1644   0.1661   0.1678   0.1696   0.1713    0.173   0.1747   0.1765   0.1782   0.1799   0.1817   0.1834   0.1851   0.1869   0.1886   0.1903    0.192   0.1938   0.1955   0.1972    0.199   0.2007   0.2024   0.2042   0.2059   0.2076   0.2093   0.2111   0.2128   0.2145   0.2163    0.218   0.2197   0.2215   0.2232   0.2249   0.2266   0.2284   0.2301   0.2318   0.2336   0.2353    0.237   0.2388   0.2405   0.2422   0.2439   0.2457   0.2474   0.2491   0.2509   0.2526   0.2543   0.2561   0.2578   0.2595   0.2612    0.263   0.2647   0.2664   0.2682   0.2699   0.2716   0.2734   0.2751   0.2768   0.2785   0.2803    0.282   0.2837   0.2855   0.2872   0.2889   0.2907   0.2924   0.2941   0.2958   0.2976   0.2993    0.301   0.3028   0.3045   0.3062    0.308   0.3097   0.3114   0.3131   0.3149   0.3166   0.3183   0.3201   0.3218   0.3235   0.3253    0.327   0.3287   0.3304   0.3322   0.3339   0.3356   0.3374   0.3391   0.3408   0.3426   0.3443    0.346   0.3478   0.3495   0.3512   0.3529   0.3547   0.3564   0.3581   0.3599   0.3616   0.3633   0.3651   0.3668   0.3685   0.3702    0.372   0.3737   0.3754   0.3772   0.3789   0.3806   0.3824   0.3841   0.3858   0.3875   0.3893    0.391   0.3927   0.3945   0.3962   0.3979   0.3997   0.4014   0.4031   0.4048   0.4066   0.4083     0.41   0.4118   0.4135   0.4152    0.417   0.4187   0.4204   0.4221   0.4239   0.4256   0.4273   0.4291   0.4308   0.4325   0.4343    0.436   0.4377   0.4394   0.4412   0.4429   0.4446   0.4464   0.4481   0.4498   0.4516   0.4533    0.455   0.4567   0.4585   0.4602   0.4619   0.4637   0.4654   0.4671   0.4689   0.4706   0.4723    0.474   0.4758   0.4775   0.4792    0.481   0.4827   0.4844   0.4862   0.4879   0.4896   0.4913   0.4931   0.4948   0.4965   0.4983
    S      0.0   0.4999   0.1387   0.0692   0.5245   0.0451    0.303   0.0159   0.2261   0.2047   0.3633   0.5011   0.1481   0.1304   0.0102   0.0198   0.1159   0.5211   0.3192   0.0493   0.1466    0.031   0.1162   0.0931    0.004   0.0361   0.4322   0.0414   0.0229   0.1583   0.0968   0.0249   0.1836    0.219   0.0035   0.0469      0.2   0.0459   0.0041   0.2213   0.2597   0.0125   0.0589   0.1306   0.0434   0.1411   0.3065   0.0459   0.2466   0.0089   0.1377    0.006    0.083   0.3325   0.2136   0.0206   0.1336   0.1164   0.0112   0.1011   0.1021   0.3666   0.0769   0.0014    0.188   0.0049   0.3047   0.0756   0.0885   0.0935   0.0187   0.3077    0.155   0.0011   0.0476   0.1904   0.0818   0.3672   0.0275   0.0114   0.2045   0.2204   0.1619   0.1115   0.1174   0.5182    0.126   0.0889   0.2548   0.0008   0.0156   0.1818   0.2615   0.0722   0.2139   0.0138   0.1632   0.2732   0.3308   0.1769   0.4435   0.1102    0.187   0.2993   0.0042   0.4167   0.0633   0.1767   0.1363   0.0825    0.213   0.0778   0.1419   0.1494   0.0572   0.0028   0.0646   0.0135   0.1866   0.3097   0.0715   0.5016   0.0762    0.249   0.1669   0.0234   0.1384   0.3874   0.3147   0.0885   0.1014   0.0136    0.417   0.1302   0.0092   0.7275   0.0477   0.0239   0.3679   0.0268   0.3368   0.0683   0.6317   0.2795   0.1664   0.0493   0.1331   0.1316   0.4089   0.1747   0.0486    0.074   0.2454   0.6752   0.1343   0.1306   0.1083   0.1527   0.0479   0.0196   0.2913   0.0189   0.1949   0.0817   0.2834   0.0504   0.5669   0.0604   0.0417    0.052   0.0562   0.0123    0.179   0.0259   0.5483   0.2148   0.0888   0.0884   0.0221   0.2807   0.1913   0.1548   0.1103   0.0013   0.1196   0.1525   0.1176   0.1423   0.4097   0.1501   0.4173   0.5023      1.0     0.09   0.0388     0.05   0.2525   0.0673    0.036   0.1285   0.0165   0.1207   0.0532   0.1098   0.0442   0.0273   0.1848   0.1488   0.1917   0.0022   0.0826    0.013    0.177   0.7795   0.0055   0.0228     0.21   0.1315   0.2129    0.255   0.0942   0.0136   0.6176   0.2894    0.024   0.1131    0.549   0.1075   0.0384   0.0815   0.1431   0.6958   0.3659   0.3201   0.0224   0.2102   0.2184   0.1029   0.0627   0.0025   0.3305   0.1119   0.0551   0.0235   0.0537   0.7011   0.4108   0.3795   0.0823   0.0672   0.2039    0.207   0.0357   0.0429   0.0376   0.1581    0.221   0.0504   0.3213   0.0322   0.0596    0.058   0.1443   0.3209   0.0001    0.191   0.0945   0.2658   0.1175   0.2682   0.1259   0.0612   0.1228   0.0342   0.0399   0.0912   0.2991   0.0182   0.0078   0.0245   0.1304   0.0878   0.6116   0.3009   0.4004      0.9   0.0138   0.1992   0.4399
  snr    -16.8
    H     5.23
 exon     True

M: qpsk
 freq      0.0   0.0017   0.0035   0.0052   0.0069   0.0087   0.0104   0.0121   0.0138   0.0156   0.0173    0.019   0.0208   0.0225   0.0242    0.026   0.0277   0.0294   0.0311   0.0329   0.0346   0.0363   0.0381   0.0398   0.0415   0.0433    0.045   0.0467   0.0484   0.0502   0.0519   0.0536   0.0554   0.0571   0.0588   0.0606   0.0623    0.064   0.0657   0.0675   0.0692   0.0709   0.0727   0.0744   0.0761   0.0779   0.0796   0.0813    0.083   0.0848   0.0865   0.0882     0.09   0.0917   0.0934   0.0952   0.0969   0.0986   0.1003   0.1021   0.1038   0.1055   0.1073    0.109   0.1107   0.1125   0.1142   0.1159   0.1176   0.1194   0.1211   0.1228   0.1246   0.1263    0.128   0.1298   0.1315   0.1332   0.1349   0.1367   0.1384   0.1401   0.1419   0.1436   0.1453   0.1471   0.1488   0.1505   0.1522    0.154   0.1557   0.1574   0.1592   0.1609   0.1626   0.1644   0.1661   0.1678   0.1696   0.1713    0.173   0.1747   0.1765   0.1782   0.1799   0.1817   0.1834   0.1851   0.1869   0.1886   0.1903    0.192   0.1938   0.1955   0.1972    0.199   0.2007   0.2024   0.2042   0.2059   0.2076   0.2093   0.2111   0.2128   0.2145   0.2163    0.218   0.2197   0.2215   0.2232   0.2249   0.2266   0.2284   0.2301   0.2318   0.2336   0.2353    0.237   0.2388   0.2405   0.2422   0.2439   0.2457   0.2474   0.2491   0.2509   0.2526   0.2543   0.2561   0.2578   0.2595   0.2612    0.263   0.2647   0.2664   0.2682   0.2699   0.2716   0.2734   0.2751   0.2768   0.2785   0.2803    0.282   0.2837   0.2855   0.2872   0.2889   0.2907   0.2924   0.2941   0.2958   0.2976   0.2993    0.301   0.3028   0.3045   0.3062    0.308   0.3097   0.3114   0.3131   0.3149   0.3166   0.3183   0.3201   0.3218   0.3235   0.3253    0.327   0.3287   0.3304   0.3322   0.3339   0.3356   0.3374   0.3391   0.3408   0.3426   0.3443    0.346   0.3478   0.3495   0.3512   0.3529   0.3547   0.3564   0.3581   0.3599   0.3616   0.3633   0.3651   0.3668   0.3685   0.3702    0.372   0.3737   0.3754   0.3772   0.3789   0.3806   0.3824   0.3841   0.3858   0.3875   0.3893    0.391   0.3927   0.3945   0.3962   0.3979   0.3997   0.4014   0.4031   0.4048   0.4066   0.4083     0.41   0.4118   0.4135   0.4152    0.417   0.4187   0.4204   0.4221   0.4239   0.4256   0.4273   0.4291   0.4308   0.4325   0.4343    0.436   0.4377   0.4394   0.4412   0.4429   0.4446   0.4464   0.4481   0.4498   0.4516   0.4533    0.455   0.4567   0.4585   0.4602   0.4619   0.4637   0.4654   0.4671   0.4689   0.4706   0.4723    0.474   0.4758   0.4775   0.4792    0.481   0.4827   0.4844   0.4862   0.4879   0.4896   0.4913   0.4931   0.4948   0.4965   0.4983
    S      0.0   0.3662   0.2007   0.2062   0.3897   0.1101   0.1111   0.1123   0.1175   0.2929   0.2123   0.0986   0.2769     0.02   0.0454   0.0844   0.1281   0.2674    0.159   0.0876   0.2986   0.0416   0.0955   0.0677   0.0479   0.1136   0.1037   0.0981   0.0475   0.1456     0.29   0.2157   0.5174   0.0639    0.164   0.2593   0.0633   0.0301   0.0795   0.3281   0.2003   0.1113   0.1668   0.1527    0.033   0.0863   0.2511   0.1051   0.1173   0.1763   0.0344   0.1156   0.1634   0.1574   0.1915   0.0393   0.0019   0.3365   0.0233   0.0685    0.069   0.3661   0.0821   0.1097    0.048   0.0892   0.1797   0.1421   0.0095   0.1264   0.0618   0.0475   0.1337   0.0605   0.0288   0.1195    0.048   0.1596   0.0528   0.1638    0.086   0.1901   0.3264   0.0117   0.0773   0.2679   0.0914   0.1263   0.0804   0.0272    0.016   0.1913    0.289   0.0185   0.2219   0.0504   0.0263   0.1581   0.1142   0.2914   0.1289   0.1185   0.3337   0.1748   0.0376   0.2027   0.3061   0.1923   0.3325   0.2761   0.3221   0.1862   0.2767   0.0254   0.1444    0.019   0.0137   0.0648   0.0822   0.2802   0.0075   0.2186   0.1484   0.2579   0.4217   0.2255   0.0303   0.1282   0.1458   0.1192   0.0966   0.0907   0.6469   0.0824   0.0505   0.4549   0.1482   0.1024   0.0737   0.2112   0.2134   0.1685   0.2724   0.2016   0.1202   0.0973   0.0954   0.1907   0.2658   0.1811   0.0957   0.0463   0.0592    0.217    0.098   0.1926   0.1108   0.1504   0.1886   0.1755   0.0857   0.1723   0.0888   0.0889   0.1898   0.0145   0.1511   0.1789   0.0162   0.0974   0.1265    0.023   0.0747   0.0682   0.2192   0.0907    0.004   0.1123   0.0402   0.0973   0.2327   0.2245    0.172   0.0913    0.097   0.0357   0.1156   0.2658   0.1074   0.2807   0.1703   0.2648      1.0   0.3421   0.3252   0.0796   0.1215   0.2031     0.13   0.0734   0.0599   0.2028   0.1632   0.1519   0.0973   0.1025   0.1438   0.1165   0.3743   0.2633   0.0799   0.0533   0.1681   0.2476   0.0277   0.0558   0.0515   0.0364   0.0562    0.065   0.0989    0.037   0.1996   0.2449   0.1106   0.0905    0.116   0.1385   0.0965   0.1005   0.2502   0.2259   0.1327   0.1626   0.4092   0.1955   0.0608   0.1004   0.2401   0.3289   0.0279   0.2133   0.1894   0.1187   0.2022   0.3413   0.1221   0.3576    0.114   0.0238   0.1079   0.0874   0.2582   0.0885   0.0779   0.1782   0.0616   0.0652   0.2752   0.0632   0.2264   0.1828   0.0509   0.0827   0.0699   0.0674   0.0431   0.0778   0.1868   0.1421   0.0296   0.0304    0.154   0.1028   0.1188   0.0396   0.3409   0.1881   0.1175   0.0142   0.0294   0.1651   0.3356   0.2179   0.0983   0.3767   0.1428    0.084   0.2812
  snr   -16.24
    H     5.41
 exon     True

M: mem
 freq      0.0   0.0017   0.0035   0.0052   0.0069   0.0087   0.0104   0.0121   0.0138   0.0156   0.0173    0.019   0.0208   0.0225   0.0242    0.026   0.0277   0.0294   0.0311   0.0329   0.0346   0.0363   0.0381   0.0398   0.0415   0.0433    0.045   0.0467   0.0484   0.0502   0.0519   0.0536   0.0554   0.0571   0.0588   0.0606   0.0623    0.064   0.0657   0.0675   0.0692   0.0709   0.0727   0.0744   0.0761   0.0779   0.0796   0.0813    0.083   0.0848   0.0865   0.0882     0.09   0.0917   0.0934   0.0952   0.0969   0.0986   0.1003   0.1021   0.1038   0.1055   0.1073    0.109   0.1107   0.1125   0.1142   0.1159   0.1176   0.1194   0.1211   0.1228   0.1246   0.1263    0.128   0.1298   0.1315   0.1332   0.1349   0.1367   0.1384   0.1401   0.1419   0.1436   0.1453   0.1471   0.1488   0.1505   0.1522    0.154   0.1557   0.1574   0.1592   0.1609   0.1626   0.1644   0.1661   0.1678   0.1696   0.1713    0.173   0.1747   0.1765   0.1782   0.1799   0.1817   0.1834   0.1851   0.1869   0.1886   0.1903    0.192   0.1938   0.1955   0.1972    0.199   0.2007   0.2024   0.2042   0.2059   0.2076   0.2093   0.2111   0.2128   0.2145   0.2163    0.218   0.2197   0.2215   0.2232   0.2249   0.2266   0.2284   0.2301   0.2318   0.2336   0.2353    0.237   0.2388   0.2405   0.2422   0.2439   0.2457   0.2474   0.2491   0.2509   0.2526   0.2543   0.2561   0.2578   0.2595   0.2612    0.263   0.2647   0.2664   0.2682   0.2699   0.2716   0.2734   0.2751   0.2768   0.2785   0.2803    0.282   0.2837   0.2855   0.2872   0.2889   0.2907   0.2924   0.2941   0.2958   0.2976   0.2993    0.301   0.3028   0.3045   0.3062    0.308   0.3097   0.3114   0.3131   0.3149   0.3166   0.3183   0.3201   0.3218   0.3235   0.3253    0.327   0.3287   0.3304   0.3322   0.3339   0.3356   0.3374   0.3391   0.3408   0.3426   0.3443    0.346   0.3478   0.3495   0.3512   0.3529   0.3547   0.3564   0.3581   0.3599   0.3616   0.3633   0.3651   0.3668   0.3685   0.3702    0.372   0.3737   0.3754   0.3772   0.3789   0.3806   0.3824   0.3841   0.3858   0.3875   0.3893    0.391   0.3927   0.3945   0.3962   0.3979   0.3997   0.4014   0.4031   0.4048   0.4066   0.4083     0.41   0.4118   0.4135   0.4152    0.417   0.4187   0.4204   0.4221   0.4239   0.4256   0.4273   0.4291   0.4308   0.4325   0.4343    0.436   0.4377   0.4394   0.4412   0.4429   0.4446   0.4464   0.4481   0.4498   0.4516   0.4533    0.455   0.4567   0.4585   0.4602   0.4619   0.4637   0.4654   0.4671   0.4689   0.4706   0.4723    0.474   0.4758   0.4775   0.4792    0.481   0.4827   0.4844   0.4862   0.4879   0.4896   0.4913   0.4931   0.4948   0.4965   0.4983
    S      0.0   0.3919   0.2204   0.3061    0.254   0.6386   0.0141   0.1664   0.0814   0.7246    0.142   0.1831   0.4157   0.2653   0.4331   0.0446   0.0011   0.0416   0.1479   0.0569   0.0331    0.063   0.1575   0.0171   0.1002   0.0259   0.4915   0.0506   0.1273   0.2567   0.3351   0.2494   0.4238    0.018   0.3812    0.672   0.0854   0.3871   0.0183   0.3576   0.2182   0.1761   0.5271   0.1511   0.0542   0.0473    0.521   0.0199   0.0432   0.4926   0.0081   0.7522   0.2752   0.0036    0.085   0.0884   0.1552    0.099   0.0655   0.1767   0.0271   0.2271   0.1943   0.1571    0.048   0.0647    0.057   0.0029   0.1471    0.008   0.4482   0.1772   0.3325   0.0472   0.0299   0.1044   0.0191   0.0143   0.1672    0.844   0.2487   0.0413   0.0637   0.2577   0.0087   0.0032   0.0204   0.2558   0.0022    0.024     0.12   0.0678   0.4114   0.0116   0.1249   0.1018   0.0537   0.0859   0.0809   0.3728   0.0054   0.0557   0.2189   0.3309   0.0949   0.1395   0.7619   0.3142   0.6602   0.0935   0.6394   0.6583   0.2158   0.0467   0.1101   0.0387   0.0015   0.0514   0.0043    0.043   0.0945   0.0947    0.002   0.1465   0.6059    0.202    0.192    0.046   0.0744   0.0826   0.1461   0.2458   0.5562   0.2215   0.1627   0.0414   0.0324   0.1463   0.0529   0.1217   0.1757   0.3853   0.1083      1.0   0.1002   0.0665   0.0689   0.2684   0.0601     0.11   0.2608    0.056   0.0598   0.0554   0.0414   0.0675   0.0296   0.0017   0.5346   0.3223   0.0393    0.341   0.0226   0.1556   0.1319   0.0523   0.0495   0.0004   0.0436   0.1041   0.2541   0.0503    0.298   0.2089    0.086   0.0281   0.0755   0.1604   0.0718   0.0992   0.0913   0.0318   0.1598   0.1249   0.2639   0.0405   0.2668   0.6005   0.1768   0.2985    0.055   0.0371   0.2425   0.0105   0.4076   0.0375   0.0374    0.184   0.0408   0.0017   0.1037   0.0082   0.0303   0.4697   0.0335     0.04   0.0996   0.1453   0.1151   0.0477   0.0748   0.3016   0.7368   0.0694    0.204    0.163    0.056   0.0371   0.0358   0.2099   0.1069    0.006   0.1537   0.1481   0.2532   0.0324   0.0211   0.0073   0.0539   0.0529   0.1283   0.0246   0.0952   0.0991   0.1864   0.0596   0.0551   0.0504   0.0135    0.065   0.3849   0.1164   0.0529   0.2769   0.0461   0.0903   0.0196   0.2566   0.3084   0.2988   0.1259   0.0471   0.7492   0.0059   0.1773   0.0806   0.0858   0.0531   0.0154   0.0476   0.4795   0.0042   0.0118   0.0098   0.2859   0.0119   0.1943   0.1235   0.1781    0.004   0.2093   0.0758   0.0859   0.0976   0.4022   0.1271      0.2     0.18   0.0072   0.1433   0.1145   0.2531   0.2252   0.0787   0.0747   0.0439   0.1278   0.0163   0.1797
  snr   -16.62
    H     5.18
 exon    False

M: alg1
 freq      0.0   0.0017   0.0035   0.0052   0.0069   0.0087   0.0104   0.0121   0.0138   0.0156   0.0173    0.019   0.0208   0.0225   0.0242    0.026   0.0277   0.0294   0.0311   0.0329   0.0346   0.0363   0.0381   0.0398   0.0415   0.0433    0.045   0.0467   0.0484   0.0502   0.0519   0.0536   0.0554   0.0571   0.0588   0.0606   0.0623    0.064   0.0657   0.0675   0.0692   0.0709   0.0727   0.0744   0.0761   0.0779   0.0796   0.0813    0.083   0.0848   0.0865   0.0882     0.09   0.0917   0.0934   0.0952   0.0969   0.0986   0.1003   0.1021   0.1038   0.1055   0.1073    0.109   0.1107   0.1125   0.1142   0.1159   0.1176   0.1194   0.1211   0.1228   0.1246   0.1263    0.128   0.1298   0.1315   0.1332   0.1349   0.1367   0.1384   0.1401   0.1419   0.1436   0.1453   0.1471   0.1488   0.1505   0.1522    0.154   0.1557   0.1574   0.1592   0.1609   0.1626   0.1644   0.1661   0.1678   0.1696   0.1713    0.173   0.1747   0.1765   0.1782   0.1799   0.1817   0.1834   0.1851   0.1869   0.1886   0.1903    0.192   0.1938   0.1955   0.1972    0.199   0.2007   0.2024   0.2042   0.2059   0.2076   0.2093   0.2111   0.2128   0.2145   0.2163    0.218   0.2197   0.2215   0.2232   0.2249   0.2266   0.2284   0.2301   0.2318   0.2336   0.2353    0.237   0.2388   0.2405   0.2422   0.2439   0.2457   0.2474   0.2491   0.2509   0.2526   0.2543   0.2561   0.2578   0.2595   0.2612    0.263   0.2647   0.2664   0.2682   0.2699   0.2716   0.2734   0.2751   0.2768   0.2785   0.2803    0.282   0.2837   0.2855   0.2872   0.2889   0.2907   0.2924   0.2941   0.2958   0.2976   0.2993    0.301   0.3028   0.3045   0.3062    0.308   0.3097   0.3114   0.3131   0.3149   0.3166   0.3183   0.3201   0.3218   0.3235   0.3253    0.327   0.3287   0.3304   0.3322   0.3339   0.3356   0.3374   0.3391   0.3408   0.3426   0.3443    0.346   0.3478   0.3495   0.3512   0.3529   0.3547   0.3564   0.3581   0.3599   0.3616   0.3633   0.3651   0.3668   0.3685   0.3702    0.372   0.3737   0.3754   0.3772   0.3789   0.3806   0.3824   0.3841   0.3858   0.3875   0.3893    0.391   0.3927   0.3945   0.3962   0.3979   0.3997   0.4014   0.4031   0.4048   0.4066   0.4083     0.41   0.4118   0.4135   0.4152    0.417   0.4187   0.4204   0.4221   0.4239   0.4256   0.4273   0.4291   0.4308   0.4325   0.4343    0.436   0.4377   0.4394   0.4412   0.4429   0.4446   0.4464   0.4481   0.4498   0.4516   0.4533    0.455   0.4567   0.4585   0.4602   0.4619   0.4637   0.4654   0.4671   0.4689   0.4706   0.4723    0.474   0.4758   0.4775   0.4792    0.481   0.4827   0.4844   0.4862   0.4879   0.4896   0.4913   0.4931   0.4948   0.4965   0.4983
    S      0.0   0.2243   0.0657   0.0435   0.3171   0.1215   0.0901   0.0988    0.059   0.1766   0.0799   0.0608   0.1652   0.0326   0.0517    0.067   0.0479   0.1931   0.1275   0.0895   0.0731   0.0313   0.0861   0.0201   0.0539   0.0659   0.1094   0.0122   0.0378   0.0156   0.1728   0.1328   0.2907   0.0058   0.1171   0.2765   0.0259   0.0168   0.0507   0.3497   0.1175    0.016   0.0598   0.0261   0.0186   0.0183    0.116   0.0756    0.062   0.0241   0.0201    0.044   0.1302   0.0117   0.1367   0.0386   0.0116   0.0961   0.0052   0.0315   0.0214   0.0625   0.0535   0.0212   0.0119   0.0394   0.0934    0.122   0.0129   0.0402   0.0628   0.0417   0.0164   0.0343   0.0033   0.0263   0.0072   0.0532    0.043   0.0657   0.0963   0.1388   0.2693   0.0279   0.0751   0.2428   0.0545   0.0403   0.0386   0.0247   0.0195   0.0223   0.2706   0.0045   0.0724   0.0511   0.0081   0.1252    0.102   0.0064   0.0107   0.1115   0.2418   0.0889   0.0417   0.0954   0.0293   0.0515    0.073   0.2428   0.0812    0.184   0.2766   0.0077   0.0921   0.0069   0.0065   0.0548   0.0657   0.1042   0.0132   0.1079   0.0736   0.0014   0.1628   0.1222   0.0272   0.1195   0.1039   0.0172   0.0507   0.0862   0.0401   0.0345   0.0064   0.0973   0.0909   0.1111   0.0133   0.1007   0.0661   0.1486   0.0883   0.1506   0.0714   0.0123   0.0851    0.079   0.2572   0.1823    0.034   0.0085   0.0251   0.1488   0.0674   0.1296   0.0206   0.1155    0.175   0.0705   0.0293   0.1535   0.0132   0.0445   0.0125   0.0102   0.0144   0.1405   0.0079   0.0045   0.0756   0.0038   0.0156    0.021   0.1115   0.0413    0.007    0.031   0.0363   0.0205   0.2092   0.1476   0.0153   0.0189    0.094   0.0123   0.0343   0.2493   0.0935   0.1206   0.0859   0.0604      1.0   0.2936   0.2872   0.0521    0.108   0.0187   0.1242   0.0092   0.0249   0.1782   0.1251   0.0375    0.028    0.067   0.0115   0.0163   0.3621   0.1349   0.0283   0.0659   0.1118   0.2097   0.0185   0.0307   0.0319   0.0154   0.0134   0.0668   0.0452   0.0354   0.1155    0.031   0.0951   0.0363   0.0321   0.1348   0.0545   0.1027   0.0573   0.1362   0.0598   0.0846   0.1106   0.0761   0.0473   0.0017   0.1059   0.2285    0.041   0.1148    0.163    0.076   0.0415   0.0636    0.011    0.261   0.1134   0.0296   0.0954   0.0295     0.19   0.0812   0.0571   0.0151    0.033     0.01   0.0927   0.0389   0.1239   0.1506   0.0157   0.0567   0.0107   0.0169   0.0339   0.0633   0.0472   0.0241   0.0183   0.0341   0.0846   0.0287   0.0349   0.0075   0.3409   0.1885   0.0548   0.0064   0.0179   0.1591   0.1455   0.1691   0.0951   0.1514   0.0206   0.0821   0.2421
  snr   -13.58
    H     5.24
 exon     True

M: alg2
 freq      0.0   0.0017   0.0035   0.0052   0.0069   0.0087   0.0104   0.0121   0.0138   0.0156   0.0173    0.019   0.0208   0.0225   0.0242    0.026   0.0277   0.0294   0.0311   0.0329   0.0346   0.0363   0.0381   0.0398   0.0415   0.0433    0.045   0.0467   0.0484   0.0502   0.0519   0.0536   0.0554   0.0571   0.0588   0.0606   0.0623    0.064   0.0657   0.0675   0.0692   0.0709   0.0727   0.0744   0.0761   0.0779   0.0796   0.0813    0.083   0.0848   0.0865   0.0882     0.09   0.0917   0.0934   0.0952   0.0969   0.0986   0.1003   0.1021   0.1038   0.1055   0.1073    0.109   0.1107   0.1125   0.1142   0.1159   0.1176   0.1194   0.1211   0.1228   0.1246   0.1263    0.128   0.1298   0.1315   0.1332   0.1349   0.1367   0.1384   0.1401   0.1419   0.1436   0.1453   0.1471   0.1488   0.1505   0.1522    0.154   0.1557   0.1574   0.1592   0.1609   0.1626   0.1644   0.1661   0.1678   0.1696   0.1713    0.173   0.1747   0.1765   0.1782   0.1799   0.1817   0.1834   0.1851   0.1869   0.1886   0.1903    0.192   0.1938   0.1955   0.1972    0.199   0.2007   0.2024   0.2042   0.2059   0.2076   0.2093   0.2111   0.2128   0.2145   0.2163    0.218   0.2197   0.2215   0.2232   0.2249   0.2266   0.2284   0.2301   0.2318   0.2336   0.2353    0.237   0.2388   0.2405   0.2422   0.2439   0.2457   0.2474   0.2491   0.2509   0.2526   0.2543   0.2561   0.2578   0.2595   0.2612    0.263   0.2647   0.2664   0.2682   0.2699   0.2716   0.2734   0.2751   0.2768   0.2785   0.2803    0.282   0.2837   0.2855   0.2872   0.2889   0.2907   0.2924   0.2941   0.2958   0.2976   0.2993    0.301   0.3028   0.3045   0.3062    0.308   0.3097   0.3114   0.3131   0.3149   0.3166   0.3183   0.3201   0.3218   0.3235   0.3253    0.327   0.3287   0.3304   0.3322   0.3339   0.3356   0.3374   0.3391   0.3408   0.3426   0.3443    0.346   0.3478   0.3495   0.3512   0.3529   0.3547   0.3564   0.3581   0.3599   0.3616   0.3633   0.3651   0.3668   0.3685   0.3702    0.372   0.3737   0.3754   0.3772   0.3789   0.3806   0.3824   0.3841   0.3858   0.3875   0.3893    0.391   0.3927   0.3945   0.3962   0.3979   0.3997   0.4014   0.4031   0.4048   0.4066   0.4083     0.41   0.4118   0.4135   0.4152    0.417   0.4187   0.4204   0.4221   0.4239   0.4256   0.4273   0.4291   0.4308   0.4325   0.4343    0.436   0.4377   0.4394   0.4412   0.4429   0.4446   0.4464   0.4481   0.4498   0.4516   0.4533    0.455   0.4567   0.4585   0.4602   0.4619   0.4637   0.4654   0.4671   0.4689   0.4706   0.4723    0.474   0.4758   0.4775   0.4792    0.481   0.4827   0.4844   0.4862   0.4879   0.4896   0.4913   0.4931   0.4948   0.4965   0.4983
    S      0.0   0.2358   0.0554   0.0377   0.2774   0.0704   0.0831   0.0879   0.0445   0.1153   0.0581   0.0439   0.1714   0.0108   0.0209   0.0732   0.0574   0.1912    0.131   0.0861   0.1031   0.0272   0.0853   0.0208   0.0456   0.0776   0.0625   0.0203   0.0293   0.0026   0.1982   0.1328   0.2983   0.0014   0.1004   0.2141   0.0178   0.0009   0.0591   0.3232   0.0894   0.0257   0.0276   0.0263   0.0207   0.0125   0.0741   0.0862   0.0631   0.0149   0.0186   0.0049   0.1185   0.0102   0.1383     0.03   0.0018   0.1354   0.0015   0.0206   0.0196   0.0577   0.0355   0.0321   0.0059   0.0497   0.0837   0.1345   0.0019   0.0517   0.0341   0.0256    0.004   0.0393   0.0036   0.0154   0.0089   0.0525   0.0329   0.0344    0.074   0.1365     0.28   0.0082   0.0796   0.2451   0.0581   0.0211   0.0323    0.024   0.0103   0.0302   0.2261   0.0029   0.0688   0.0431   0.0026     0.11   0.0904   0.0007   0.0018   0.1081   0.2335   0.1041    0.033   0.0708   0.0126   0.0313   0.0492   0.2587   0.0391   0.1303   0.2573   0.0025   0.1018   0.0058   0.0049   0.0526   0.0637   0.1089   0.0055   0.0876   0.0886   0.0062   0.1446   0.1385   0.0235     0.12   0.0878    0.018   0.0351   0.0662   0.0754   0.0396   0.0051   0.1166   0.0977   0.0993   0.0036   0.1335    0.046   0.1139   0.0613   0.0705   0.0586   0.0206   0.0753   0.0689   0.2579   0.1711   0.0431   0.0057   0.0192   0.1323   0.0659   0.1348   0.0243   0.1232    0.126   0.0633   0.0273   0.1406   0.0076   0.0305    0.011   0.0094   0.0006   0.1585    0.007   0.0062   0.0644    0.001    0.005   0.0118   0.0989   0.0323   0.0004   0.0203   0.0289   0.0099   0.2221   0.1637    0.026   0.0289   0.0682   0.0058    0.015   0.1902   0.0801   0.1104    0.068   0.0674      1.0   0.3248   0.2617   0.0513      0.1   0.0282   0.1262   0.0101     0.03   0.1971   0.1362   0.0093   0.0338   0.0697   0.0127   0.0057   0.3706   0.1656   0.0329   0.0431   0.0534   0.2029   0.0066   0.0211   0.0284   0.0146   0.0082    0.049   0.0356    0.037   0.0863     0.04   0.0751   0.0345   0.0197    0.141   0.0671   0.0992   0.0711   0.1165   0.0417   0.0653   0.1665   0.0945   0.0459   0.0036   0.1268   0.2556    0.022   0.1457   0.1675   0.0751   0.0643   0.0525   0.0019   0.2407   0.0988   0.0098   0.0802   0.0203   0.1358   0.0877   0.0552   0.0194   0.0314    0.013   0.1012   0.0484   0.0972   0.1684   0.0132   0.0527   0.0028   0.0125   0.0172    0.066   0.0432   0.0242   0.0029   0.0288   0.0981   0.0352   0.0159   0.0035   0.3266   0.1808     0.07   0.0004    0.011   0.1322   0.1066   0.1589   0.0936   0.1308   0.0343   0.0866   0.2199
  snr   -13.23
    H     5.17
 exon     True