>data-XIV-cerevisiae-intergenic-150
N: 454
Methods: voss, eiip, qpsk, mem, alg1, alg2

M: voss
 freq      0.0   0.0022   0.0044   0.0066   0.0088    0.011   0.0132   0.0154   0.0176   0.0198    0.022   0.0242   0.0264   0.0286   0.0308    0.033   0.0352   0.0374   0.0396   0.0419   0.0441   0.0463   0.0485   0.0507   0.0529   0.0551   0.0573   0.0595   0.0617   0.0639   0.0661   0.0683   0.0705   0.0727   0.0749   0.0771   0.0793   0.0815   0.0837   0.0859   0.0881   0.0903   0.0925   0.0947   0.0969   0.0991   0.1013   0.1035   0.1057   0.1079   0.1101   0.1123   0.1145   0.1167   0.1189   0.1211   0.1233   0.1256   0.1278     0.13   0.1322   0.1344   0.1366   0.1388    0.141   0.1432   0.1454   0.1476   0.1498    0.152   0.1542   0.1564   0.1586   0.1608    0.163   0.1652   0.1674   0.1696   0.1718    0.174   0.1762   0.1784   0.1806   0.1828    0.185   0.1872   0.1894   0.1916   0.1938    0.196   0.1982   0.2004   0.2026   0.2048    0.207   0.2093   0.2115   0.2137   0.2159   0.2181   0.2203   0.2225   0.2247   0.2269   0.2291   0.2313   0.2335   0.2357   0.2379   0.2401   0.2423   0.2445   0.2467   0.2489   0.2511   0.2533   0.2555   0.2577   0.2599   0.2621   0.2643   0.2665   0.2687   0.2709   0.2731   0.2753   0.2775   0.2797   0.2819   0.2841   0.2863   0.2885   0.2907    0.293   0.2952   0.2974   0.2996   0.3018    0.304   0.3062   0.3084   0.3106   0.3128    0.315   0.3172   0.3194   0.3216   0.3238    0.326   0.3282   0.3304   0.3326   0.3348    0.337   0.3392   0.3414   0.3436   0.3458    0.348   0.3502   0.3524   0.3546   0.3568    0.359   0.3612   0.3634   0.3656   0.3678     0.37   0.3722   0.3744   0.3767   0.3789   0.3811   0.3833   0.3855   0.3877   0.3899   0.3921   0.3943   0.3965   0.3987   0.4009   0.4031   0.4053   0.4075   0.4097   0.4119   0.4141   0.4163   0.4185   0.4207   0.4229   0.4251   0.4273   0.4295   0.4317   0.4339   0.4361   0.4383   0.4405   0.4427   0.4449   0.4471   0.4493   0.4515   0.4537   0.4559   0.4581   0.4604   0.4626   0.4648    0.467   0.4692   0.4714   0.4736   0.4758    0.478   0.4802   0.4824   0.4846   0.4868    0.489   0.4912   0.4934   0.4956   0.4978
    S      0.0   0.7324   0.5106   0.3405     0.03   0.3746   0.4119   0.2571   0.2776    0.361   0.2955   0.4534   0.2266   0.7579    0.711      1.0   0.8506   0.6832   0.3234   0.1491   0.3493   0.5031     0.24    0.464    0.074   0.2292   0.0121   0.1687   0.2729   0.1336   0.3337   0.1246   0.0671   0.2951   0.2006   0.2337   0.2973   0.1482   0.2425   0.1899    0.219   0.5028   0.4929   0.0652   0.3194   0.2887   0.0378   0.1482   0.1312   0.1251   0.2364   0.4114   0.3985   0.2353   0.6778   0.4132   0.2469   0.1394   0.1694   0.1739   0.0545   0.1836   0.2713   0.1128   0.1636   0.1822   0.0532   0.1933    0.057   0.2114   0.4081   0.1591   0.5482   0.1271   0.1687   0.0917   0.4807   0.2735   0.1898   0.1978   0.3691    0.073    0.162   0.0588    0.186    0.367   0.2992   0.3109   0.2243   0.2819    0.113   0.1505   0.2439    0.068   0.6666   0.2241   0.3204   0.2534    0.112   0.1372   0.1152   0.2706   0.3643   0.1895   0.5362   0.1451   0.2189   0.1734   0.1239   0.1181   0.3185   0.1842   0.2917   0.5588   0.3733   0.2356   0.4176   0.1413   0.0263   0.2623   0.1599   0.1019   0.7427   0.1859   0.5393   0.2226   0.3487   0.4373   0.3337   0.0389   0.3046   0.1405   0.2533   0.1809   0.1382   0.3154   0.1009   0.5614   0.2705   0.4412   0.1558   0.1674   0.3161   0.4038   0.0791   0.2271   0.2523   0.6478   0.3083   0.3491   0.1115   0.2325   0.5589   0.0329    0.109   0.1399   0.3424   0.1761   0.2313   0.3169   0.3071   0.2114   0.3474   0.5193   0.1851   0.3682   0.0789   0.1127   0.4302   0.2232   0.1842   0.3119   0.3628   0.4584    0.392   0.3541   0.1223   0.3451   0.3754   0.3858    0.092   0.4627   0.2826   0.0757    0.184   0.3315   0.1383   0.5568    0.313   0.0815   0.5666   0.1091   0.0997   0.2224    0.163    0.221   0.3684   0.0891   0.1786   0.1983   0.0727   0.1801   0.2784   0.0983   0.5045   0.5515   0.1345   0.4854   0.3183   0.3313   0.1997   0.1244    0.309   0.1122   0.2225   0.0412   0.3733   0.0858   0.1623   0.1233   0.0832   0.3225   0.0491   0.1026   0.3194   0.1218    0.104
  snr   -17.72
    H     5.23
 exon    False

M: eiip
 freq      0.0   0.0022   0.0044   0.0066   0.0088    0.011   0.0132   0.0154   0.0176   0.0198    0.022   0.0242   0.0264   0.0286   0.0308    0.033   0.0352   0.0374   0.0396   0.0419   0.0441   0.0463   0.0485   0.0507   0.0529   0.0551   0.0573   0.0595   0.0617   0.0639   0.0661   0.0683   0.0705   0.0727   0.0749   0.0771   0.0793   0.0815   0.0837   0.0859   0.0881   0.0903   0.0925   0.0947   0.0969   0.0991   0.1013   0.1035   0.1057   0.1079   0.1101   0.1123   0.1145   0.1167   0.1189   0.1211   0.1233   0.1256   0.1278     0.13   0.1322   0.1344   0.1366   0.1388    0.141   0.1432   0.1454   0.1476   0.1498    0.152   0.1542   0.1564   0.1586   0.1608    0.163   0.1652   0.1674   0.1696   0.1718    0.174   0.1762   0.1784   0.1806   0.1828    0.185   0.1872   0.1894   0.1916   0.1938    0.196   0.1982   0.2004   0.2026   0.2048    0.207   0.2093   0.2115   0.2137   0.2159   0.2181   0.2203   0.2225   0.2247   0.2269   0.2291   0.2313   0.2335   0.2357   0.2379   0.2401   0.2423   0.2445   0.2467   0.2489   0.2511   0.2533   0.2555   0.2577   0.2599   0.2621   0.2643   0.2665   0.2687   0.2709   0.2731   0.2753   0.2775   0.2797   0.2819   0.2841   0.2863   0.2885   0.2907    0.293   0.2952   0.2974   0.2996   0.3018    0.304   0.3062   0.3084   0.3106   0.3128    0.315   0.3172   0.3194   0.3216   0.3238    0.326   0.3282   0.3304   0.3326   0.3348    0.337   0.3392   0.3414   0.3436   0.3458    0.348   0.3502   0.3524   0.3546   0.3568    0.359   0.3612   0.3634   0.3656   0.3678     0.37   0.3722   0.3744   0.3767   0.3789   0.3811   0.3833   0.3855   0.3877   0.3899   0.3921   0.3943   0.3965   0.3987   0.4009   0.4031   0.4053   0.4075   0.4097   0.4119   0.4141   0.4163   0.4185   0.4207   0.4229   0.4251   0.4273   0.4295   0.4317   0.4339   0.4361   0.4383   0.4405   0.4427   0.4449   0.4471   0.4493   0.4515   0.4537   0.4559   0.4581   0.4604   0.4626   0.4648    0.467   0.4692   0.4714   0.4736   0.4758    0.478   0.4802   0.4824   0.4846   0.4868    0.489   0.4912   0.4934   0.4956   0.4978
    S      0.0   0.3651    0.035   0.4346   0.0305   0.2812   0.0977   0.0294    0.239    0.084   0.1221   0.1447   0.0747   0.9068   0.1248      1.0   0.2049   0.0283   0.1469   0.1522   0.0446   0.0251   0.1707   0.2061   0.0733   0.3142   0.0145   0.0578   0.2752   0.0156   0.0338   0.1303   0.0033   0.0435   0.0444   0.0679   0.1345   0.0086     0.12   0.2762   0.1645   0.0542   0.6738    0.032   0.2262   0.2821   0.0227    0.001   0.0463   0.0353   0.4076   0.1811    0.092    0.291   0.0307   0.5567   0.1141   0.2262   0.1265   0.1393   0.0342   0.0864   0.0106   0.1999   0.1842    0.158    0.021   0.1239    0.051   0.0971   0.3984   0.1286   0.1362   0.0334   0.0037   0.0082   0.3862   0.2462   0.0288    0.066    0.623   0.0147   0.1823   0.0205   0.2984   0.1152   0.0684    0.187   0.0051   0.2955   0.0579   0.1534   0.0295   0.0186   0.2942   0.3029    0.196   0.0971    0.044   0.0178   0.1314   0.3859   0.3503   0.1078   0.0851   0.0028   0.4385   0.1473   0.1389   0.0293   0.3585   0.2613   0.0999   0.3532    0.568   0.1994   0.1835   0.2194   0.0158    0.055   0.1039   0.0268   0.4824     0.33   0.0987   0.2156    0.164   0.0739   0.1525   0.0327   0.0344    0.179   0.1681   0.0911   0.0506   0.0272    0.038   0.1178   0.5611   0.1755   0.0501   0.1722   0.0863   0.4327   0.0126   0.1833   0.1561   0.4505   0.0282   0.2273   0.1181   0.2339   0.2362   0.0126   0.0951   0.0017   0.1317   0.1141   0.1677   0.3698   0.0185   0.0603   0.7141   0.1742   0.0661   0.3911   0.1483   0.1792   0.0295    0.318   0.2215   0.1043   0.0516   0.2706   0.0089   0.3079   0.0924   0.1772   0.1019   0.5755   0.0434   0.3027   0.3948   0.1319   0.2969   0.5132   0.1215   0.3841   0.1701   0.0416   0.1394   0.1107   0.0014   0.2636   0.0332   0.0979   0.4456   0.0271   0.0432   0.0167    0.101   0.0438   0.2464   0.1413   0.0905    0.574    0.071   0.5602   0.0686   0.4871    0.015   0.1169   0.3127   0.0006   0.1958   0.0165   0.1624   0.0481   0.2217   0.1592   0.0087   0.1951   0.0161   0.0429   0.1517   0.0155   0.0475
  snr   -15.67
    H      5.0
 exon    False

M: qpsk
 freq      0.0   0.0022   0.0044   0.0066   0.0088    0.011   0.0132   0.0154   0.0176   0.0198    0.022   0.0242   0.0264   0.0286   0.0308    0.033   0.0352   0.0374   0.0396   0.0419   0.0441   0.0463   0.0485   0.0507   0.0529   0.0551   0.0573   0.0595   0.0617   0.0639   0.0661   0.0683   0.0705   0.0727   0.0749   0.0771   0.0793   0.0815   0.0837   0.0859   0.0881   0.0903   0.0925   0.0947   0.0969   0.0991   0.1013   0.1035   0.1057   0.1079   0.1101   0.1123   0.1145   0.1167   0.1189   0.1211   0.1233   0.1256   0.1278     0.13   0.1322   0.1344   0.1366   0.1388    0.141   0.1432   0.1454   0.1476   0.1498    0.152   0.1542   0.1564   0.1586   0.1608    0.163   0.1652   0.1674   0.1696   0.1718    0.174   0.1762   0.1784   0.1806   0.1828    0.185   0.1872   0.1894   0.1916   0.1938    0.196   0.1982   0.2004   0.2026   0.2048    0.207   0.2093   0.2115   0.2137   0.2159   0.2181   0.2203   0.2225   0.2247   0.2269   0.2291   0.2313   0.2335   0.2357   0.2379   0.2401   0.2423   0.2445   0.2467   0.2489   0.2511   0.2533   0.2555   0.2577   0.2599   0.2621   0.2643   0.2665   0.2687   0.2709   0.2731   0.2753   0.2775   0.2797   0.2819   0.2841   0.2863   0.2885   0.2907    0.293   0.2952   0.2974   0.2996   0.3018    0.304   0.3062   0.3084   0.3106   0.3128    0.315   0.3172   0.3194   0.3216   0.3238    0.326   0.3282   0.3304   0.3326   0.3348    0.337   0.3392   0.3414   0.3436   0.3458    0.348   0.3502   0.3524   0.3546   0.3568    0.359   0.3612   0.3634   0.3656   0.3678     0.37   0.3722   0.3744   0.3767   0.3789   0.3811   0.3833   0.3855   0.3877   0.3899   0.3921   0.3943   0.3965   0.3987   0.4009   0.4031   0.4053   0.4075   0.4097   0.4119   0.4141   0.4163   0.4185   0.4207   0.4229   0.4251   0.4273   0.4295   0.4317   0.4339   0.4361   0.4383   0.4405   0.4427   0.4449   0.4471   0.4493   0.4515   0.4537   0.4559   0.4581   0.4604   0.4626   0.4648    0.467   0.4692   0.4714   0.4736   0.4758    0.478   0.4802   0.4824   0.4846   0.4868    0.489   0.4912   0.4934   0.4956   0.4978
    S      0.0   0.5858   0.4239   0.2354   0.0294   0.1775   0.3028   0.1426   0.2684   0.3375   0.2838    0.305   0.1903   0.5889   0.2216      1.0   0.7446   0.3208   0.2649   0.1251   0.2546   0.1361   0.1527    0.446   0.0766   0.1013    0.013   0.0086    0.242   0.0815   0.3544   0.0849   0.0693   0.1669   0.1316   0.1912   0.1647   0.1369   0.1796   0.1872   0.2193   0.3908   0.4725   0.0283   0.3267   0.2722   0.0394   0.0776   0.0066   0.1269   0.1086   0.4005   0.2813   0.2295   0.3372   0.4365   0.1325   0.0505   0.1449   0.1327   0.0566   0.1266   0.2845   0.0597   0.1387   0.1669     0.05   0.0521   0.0365   0.0828   0.4022   0.1717   0.5159   0.0795   0.0739   0.0809   0.2379   0.1965   0.0263   0.0888   0.2675   0.0539   0.0863   0.0457   0.1999   0.0603   0.0502   0.2813   0.1615   0.3024   0.1094   0.1417   0.1789   0.0517   0.5677   0.2225   0.1478   0.2416   0.1177   0.0806   0.1199   0.2869   0.2773   0.0547    0.214    0.053   0.2241   0.1256   0.0569   0.0921   0.0953    0.101   0.1946   0.5596   0.1478   0.1757   0.3004   0.1218   0.0278   0.1526   0.0065    0.094   0.3389   0.1288   0.2552   0.1177   0.2728   0.4078   0.0922   0.0086   0.2618   0.0481   0.2224   0.1141    0.034   0.1428    0.049   0.2395   0.2624   0.3289   0.1576    0.179   0.2057   0.3098    0.047    0.204   0.0593   0.1979   0.1628   0.2107   0.0569   0.2006   0.4608   0.0336    0.035   0.0707   0.2825   0.1112   0.1272   0.2764   0.1846   0.1795   0.3408    0.434   0.1917   0.2614   0.0635   0.1037   0.2337   0.1611   0.1813    0.301   0.1467   0.0346   0.1941   0.3253   0.1279    0.287   0.1742   0.2324   0.0929   0.1784    0.235   0.0424   0.1728   0.3554   0.1181   0.5082   0.2498   0.0797   0.5603   0.0372    0.095   0.0424   0.1357   0.1915   0.3785   0.0543   0.1155   0.1461   0.0256   0.0579   0.1379   0.0962    0.402   0.3949   0.1335   0.2422   0.3166   0.1602    0.105   0.0794   0.2606   0.1169   0.1766   0.0261   0.3917   0.0239   0.1689   0.1314   0.0174   0.2039   0.0528   0.0211   0.3363   0.0557   0.0468
  snr   -16.19
    H     5.16
 exon    False

M: mem
 freq      0.0   0.0022   0.0044   0.0066   0.0088    0.011   0.0132   0.0154   0.0176   0.0198    0.022   0.0242   0.0264   0.0286   0.0308    0.033   0.0352   0.0374   0.0396   0.0419   0.0441   0.0463   0.0485   0.0507   0.0529   0.0551   0.0573   0.0595   0.0617   0.0639   0.0661   0.0683   0.0705   0.0727   0.0749   0.0771   0.0793   0.0815   0.0837   0.0859   0.0881   0.0903   0.0925   0.0947   0.0969   0.0991   0.1013   0.1035   0.1057   0.1079   0.1101   0.1123   0.1145   0.1167   0.1189   0.1211   0.1233   0.1256   0.1278     0.13   0.1322   0.1344   0.1366   0.1388    0.141   0.1432   0.1454   0.1476   0.1498    0.152   0.1542   0.1564   0.1586   0.1608    0.163   0.1652   0.1674   0.1696   0.1718    0.174   0.1762   0.1784   0.1806   0.1828    0.185   0.1872   0.1894   0.1916   0.1938    0.196   0.1982   0.2004   0.2026   0.2048    0.207   0.2093   0.2115   0.2137   0.2159   0.2181   0.2203   0.2225   0.2247   0.2269   0.2291   0.2313   0.2335   0.2357   0.2379   0.2401   0.2423   0.2445   0.2467   0.2489   0.2511   0.2533   0.2555   0.2577   0.2599   0.2621   0.2643   0.2665   0.2687   0.2709   0.2731   0.2753   0.2775   0.2797   0.2819   0.2841   0.2863   0.2885   0.2907    0.293   0.2952   0.2974   0.2996   0.3018    0.304   0.3062   0.3084   0.3106   0.3128    0.315   0.3172   0.3194   0.3216   0.3238    0.326   0.3282   0.3304   0.3326   0.3348    0.337   0.3392   0.3414   0.3436   0.3458    0.348   0.3502   0.3524   0.3546   0.3568    0.359   0.3612   0.3634   0.3656   0.3678     0.37   0.3722   0.3744   0.3767   0.3789   0.3811   0.3833   0.3855   0.3877   0.3899   0.3921   0.3943   0.3965   0.3987   0.4009   0.4031   0.4053   0.4075   0.4097   0.4119   0.4141   0.4163   0.4185   0.4207   0.4229   0.4251   0.4273   0.4295   0.4317   0.4339   0.4361   0.4383   0.4405   0.4427   0.4449   0.4471   0.4493   0.4515   0.4537   0.4559   0.4581   0.4604   0.4626   0.4648    0.467   0.4692   0.4714   0.4736   0.4758    0.478   0.4802   0.4824   0.4846   0.4868    0.489   0.4912   0.4934   0.4956   0.4978
    S      0.0   0.5405   0.0978    0.191   0.0056   0.2115   0.5588   0.3049   0.0129   0.2693    0.017   0.1922   0.0242    0.173    0.836    0.355   0.0543   0.6869   0.1091   0.0124   0.0172   0.4689   0.3025   0.0333   0.0306   0.0586   0.0028     0.17   0.0258   0.0065   0.2658   0.0948   0.0366   0.0823   0.2618   0.2694   0.0331   0.1144    0.085   0.0463   0.0115   0.0253   0.0507   0.0379   0.0362   0.0214   0.0085   0.0337   0.1532   0.1049   0.0579   0.0157   0.0252   0.0078   0.9465   0.0654   0.2992   0.0535   0.0795    0.207    0.039    0.123   0.1982   0.0718   0.1341   0.1542   0.0076   0.2435   0.0019   0.1232    0.223   0.0409   0.0787   0.0626   0.1038   0.0068   0.1677   0.0823   0.1916   0.1751   0.0428   0.0675   0.0599   0.0011   0.0014   0.4125   0.4185   0.2479   0.3219   0.1232   0.1083    0.071   0.0527   0.0541   0.0867   0.0481    0.219   0.2092    0.056   0.1626   0.0516   0.0617   0.1554    0.195   0.8535   0.2524   0.0111   0.0002   0.0149    0.091    0.124     0.16   0.1672   0.1577   0.3569   0.1997     0.27   0.0349   0.0105   0.4676   0.2365   0.0174   0.3526   0.0779   0.3459   0.0964   0.2689   0.0638   0.1583   0.0524   0.0652   0.1474   0.0589   0.0037   0.0492   0.1241   0.0583   0.1926   0.0151   0.2671   0.0965   0.0295    0.423   0.0549   0.1307    0.117   0.1993      1.0   0.3595   0.0229   0.0476   0.1307    0.018   0.0307   0.0573   0.2179   0.3874   0.1003   0.0533    0.031   0.1454   0.2571   0.0319   0.0194   0.0417   0.0368    0.016   0.0411   0.1537   0.0271   0.0386   0.2307   0.1968   0.4124   0.1318   0.1687   0.0796   0.1286    0.236   0.1124   0.0027   0.2766   0.2437   0.0319   0.0655    0.021   0.0946   0.2313   0.1088   0.0833   0.2573   0.1581   0.0568   0.1806   0.0931   0.1673   0.1789   0.1437   0.1049   0.0004   0.0473   0.1124   0.4363   0.0066   0.0006   0.0058   0.1142   0.0449   0.0724   0.0997   0.2758   0.0761   0.0902   0.0557   0.0015   0.0566    0.154   0.0964   0.0445   0.0011   0.0572   0.1155   0.0369   0.1532    0.212   0.2122   0.0333
  snr   -14.87
    H     4.94
 exon     True

M: alg1
 freq      0.0   0.0022   0.0044   0.0066   0.0088    0.011   0.0132   0.0154   0.0176   0.0198    0.022   0.0242   0.0264   0.0286   0.0308    0.033   0.0352   0.0374   0.0396   0.0419   0.0441   0.0463   0.0485   0.0507   0.0529   0.0551   0.0573   0.0595   0.0617   0.0639   0.0661   0.0683   0.0705   0.0727   0.0749   0.0771   0.0793   0.0815   0.0837   0.0859   0.0881   0.0903   0.0925   0.0947   0.0969   0.0991   0.1013   0.1035   0.1057   0.1079   0.1101   0.1123   0.1145   0.1167   0.1189   0.1211   0.1233   0.1256   0.1278     0.13   0.1322   0.1344   0.1366   0.1388    0.141   0.1432   0.1454   0.1476   0.1498    0.152   0.1542   0.1564   0.1586   0.1608    0.163   0.1652   0.1674   0.1696   0.1718    0.174   0.1762   0.1784   0.1806   0.1828    0.185   0.1872   0.1894   0.1916   0.1938    0.196   0.1982   0.2004   0.2026   0.2048    0.207   0.2093   0.2115   0.2137   0.2159   0.2181   0.2203   0.2225   0.2247   0.2269   0.2291   0.2313   0.2335   0.2357   0.2379   0.2401   0.2423   0.2445   0.2467   0.2489   0.2511   0.2533   0.2555   0.2577   0.2599   0.2621   0.2643   0.2665   0.2687   0.2709   0.2731   0.2753   0.2775   0.2797   0.2819   0.2841   0.2863   0.2885   0.2907    0.293   0.2952   0.2974   0.2996   0.3018    0.304   0.3062   0.3084   0.3106   0.3128    0.315   0.3172   0.3194   0.3216   0.3238    0.326   0.3282   0.3304   0.3326   0.3348    0.337   0.3392   0.3414   0.3436   0.3458    0.348   0.3502   0.3524   0.3546   0.3568    0.359   0.3612   0.3634   0.3656   0.3678     0.37   0.3722   0.3744   0.3767   0.3789   0.3811   0.3833   0.3855   0.3877   0.3899   0.3921   0.3943   0.3965   0.3987   0.4009   0.4031   0.4053   0.4075   0.4097   0.4119   0.4141   0.4163   0.4185   0.4207   0.4229   0.4251   0.4273   0.4295   0.4317   0.4339   0.4361   0.4383   0.4405   0.4427   0.4449   0.4471   0.4493   0.4515   0.4537   0.4559   0.4581   0.4604   0.4626   0.4648    0.467   0.4692   0.4714   0.4736   0.4758    0.478   0.4802   0.4824   0.4846   0.4868    0.489   0.4912   0.4934   0.4956   0.4978
    S      0.0   0.8828   0.1198   0.4852   0.0512   0.2293   0.5024   0.2333   0.1419   0.5044    0.149   0.1342    0.067   0.3373   0.5153      1.0   0.1283   0.3483   0.1533   0.2475    0.048   0.2415    0.076   0.0941   0.0575   0.2367   0.0113   0.0738   0.3473   0.0707   0.1793   0.1727   0.0344   0.1648   0.1982   0.3429   0.1834   0.0894   0.0385    0.177    0.055    0.064   0.7062   0.0311   0.1725   0.3051    0.018    0.032   0.0589   0.0794   0.2938   0.0693   0.0813   0.2758   0.4791    0.477   0.2788   0.1439   0.2497    0.165   0.0694   0.0421   0.2672   0.1068   0.2121   0.1065   0.0696   0.1228   0.0652   0.0647   0.5461   0.0053   0.5781   0.0514   0.0575   0.0657   0.3001   0.2411   0.0797   0.1825    0.582   0.0734   0.0874   0.0596   0.1586   0.2181   0.1824   0.3987   0.2087   0.4751    0.185   0.2447   0.0391   0.0633   0.2322   0.2812   0.1035   0.0706   0.1703    0.131   0.1007   0.4745   0.1933   0.1194    0.466   0.1192   0.1813    0.225    0.145   0.0407    0.275   0.1176   0.1881   0.3721   0.2709   0.0501   0.3547   0.0718   0.0375   0.1907   0.0801   0.0283    0.714   0.2403   0.2932   0.2807   0.1251   0.4501   0.1656   0.0258   0.0581   0.0884   0.2141   0.1875   0.0748   0.1135   0.0274   0.2353   0.2604   0.3354   0.1998    0.037   0.3942   0.4374   0.0878   0.0447   0.1503   0.3115   0.2068   0.2455   0.0572   0.3895   0.1067   0.0304   0.0597   0.1158   0.4129   0.2057   0.1071   0.2379   0.0957   0.2926   0.3857   0.5308   0.1426   0.3768   0.0936   0.1404    0.089   0.3205   0.3041   0.4599   0.1859   0.2277   0.1365   0.2745   0.2006   0.4529   0.1011   0.5352   0.0033   0.4315   0.0619   0.0668   0.1721   0.3952   0.2258   0.4414   0.2722   0.0805   0.7775    0.044   0.0593   0.1497   0.1154   0.2388   0.3405   0.0634    0.103   0.0807   0.0475   0.0959   0.1059    0.063   0.1569   0.6244   0.0386   0.5914   0.3533   0.4179   0.1987   0.0969   0.0644    0.074   0.2992   0.0495    0.616   0.0725   0.2798   0.0641   0.0279   0.2424   0.0756    0.072   0.2494   0.0871     0.09
  snr    -16.6
    H     5.11
 exon    False

M: alg2
 freq      0.0   0.0022   0.0044   0.0066   0.0088    0.011   0.0132   0.0154   0.0176   0.0198    0.022   0.0242   0.0264   0.0286   0.0308    0.033   0.0352   0.0374   0.0396   0.0419   0.0441   0.0463   0.0485   0.0507   0.0529   0.0551   0.0573   0.0595   0.0617   0.0639   0.0661   0.0683   0.0705   0.0727   0.0749   0.0771   0.0793   0.0815   0.0837   0.0859   0.0881   0.0903   0.0925   0.0947   0.0969   0.0991   0.1013   0.1035   0.1057   0.1079   0.1101   0.1123   0.1145   0.1167   0.1189   0.1211   0.1233   0.1256   0.1278     0.13   0.1322   0.1344   0.1366   0.1388    0.141   0.1432   0.1454   0.1476   0.1498    0.152   0.1542   0.1564   0.1586   0.1608    0.163   0.1652   0.1674   0.1696   0.1718    0.174   0.1762   0.1784   0.1806   0.1828    0.185   0.1872   0.1894   0.1916   0.1938    0.196   0.1982   0.2004   0.2026   0.2048    0.207   0.2093   0.2115   0.2137   0.2159   0.2181   0.2203   0.2225   0.2247   0.2269   0.2291   0.2313   0.2335   0.2357   0.2379   0.2401   0.2423   0.2445   0.2467   0.2489   0.2511   0.2533   0.2555   0.2577   0.2599   0.2621   0.2643   0.2665   0.2687   0.2709   0.2731   0.2753   0.2775   0.2797   0.2819   0.2841   0.2863   0.2885   0.2907    0.293   0.2952   0.2974   0.2996   0.3018    0.304   0.3062   0.3084   0.3106   0.3128    0.315   0.3172   0.3194   0.3216   0.3238    0.326   0.3282   0.3304   0.3326   0.3348    0.337   0.3392   0.3414   0.3436   0.3458    0.348   0.3502   0.3524   0.3546   0.3568    0.359   0.3612   0.3634   0.3656   0.3678     0.37   0.3722   0.3744   0.3767   0.3789   0.3811   0.3833   0.3855   0.3877   0.3899   0.3921   0.3943   0.3965   0.3987   0.4009   0.4031   0.4053   0.4075   0.4097   0.4119   0.4141   0.4163   0.4185   0.4207   0.4229   0.4251   0.4273   0.4295   0.4317   0.4339   0.4361   0.4383   0.4405   0.4427   0.4449   0.4471   0.4493   0.4515   0.4537   0.4559   0.4581   0.4604   0.4626   0.4648    0.467   0.4692   0.4714   0.4736   0.4758    0.478   0.4802   0.4824   0.4846   0.4868    0.489   0.4912   0.4934   0.4956   0.4978
    S      0.0   0.6024   0.1535   0.1752   0.0164   0.0141   0.2404   0.1775   0.2319   0.0655   0.1125   0.2965   0.0433   0.4675   0.2648      1.0   0.4135   0.3009   0.2708   0.0402   0.1319   0.1682   0.0359   0.2705   0.0563   0.0585   0.0098    0.016   0.1619    0.009    0.004   0.0623    0.002   0.0785   0.1174   0.1455   0.0226   0.0046   0.0693   0.1851   0.1717   0.1989   0.3998   0.0307   0.2125   0.1097   0.0214   0.0371   0.0152   0.0295   0.0615   0.2209    0.136    0.139    0.127   0.4637   0.0602   0.0247   0.0354   0.0381   0.0325   0.0747   0.0052   0.0477   0.0853   0.0863   0.0049   0.0021   0.0121   0.0466    0.394   0.0687   0.0506   0.0912   0.0839   0.0011   0.0433   0.1954   0.0323   0.0736   0.1728   0.0049   0.0459   0.0027   0.1899   0.0812   0.0727   0.2739   0.0317   0.2016   0.0813   0.1233    0.112   0.0505   0.4762   0.2317   0.1184   0.0424   0.0362   0.0964   0.0813   0.2561   0.2741   0.0689   0.1113   0.0463   0.2007   0.0258   0.0115   0.0095   0.0431   0.0792   0.2344   0.4012   0.0542   0.0435   0.3599   0.0739    0.008   0.0298   0.0031   0.0477   0.2201   0.1018    0.291   0.0434   0.0215   0.0111   0.0596   0.0014   0.0556   0.0372   0.1961   0.0038    0.004   0.1124   0.0174   0.1684   0.2323    0.399   0.0183   0.0921   0.1713    0.247    0.026   0.1129   0.0658   0.0879   0.1579   0.0723   0.0425   0.1226    0.244   0.0064    0.022   0.0406   0.2266   0.0893   0.0651   0.2577   0.1488   0.1332   0.3065   0.0334   0.0433   0.0779   0.0588   0.0972   0.2175   0.0668   0.1398   0.1481   0.1197    0.016   0.1025    0.316   0.0617   0.1409   0.1522   0.1103   0.0448   0.0268   0.0824   0.0359   0.1549   0.3213   0.0814   0.5245   0.2288    0.025   0.0886    0.006   0.0098   0.0306   0.0002   0.1801   0.2425   0.0194   0.1377   0.0215   0.0175   0.0548   0.0089   0.0894   0.1252   0.1571   0.0133   0.0569   0.0228   0.0681   0.0657   0.0873   0.1549    0.003   0.0474   0.0125   0.0873   0.0185    0.152   0.1214   0.0185   0.1964   0.0154   0.0196   0.1195   0.0162   0.0101
  snr   -13.98
    H     4.95
 exon    False