>data-XVI-cerevisiae-intergenic-46
N: 254
Methods: voss, eiip, qpsk, mem, tbpse, snrse

M: voss
 freq      0.0   0.0039   0.0079   0.0118   0.0157   0.0197   0.0236   0.0276   0.0315   0.0354   0.0394   0.0433   0.0472   0.0512   0.0551   0.0591    0.063   0.0669   0.0709   0.0748   0.0787   0.0827   0.0866   0.0906   0.0945   0.0984   0.1024   0.1063   0.1102   0.1142   0.1181    0.122    0.126   0.1299   0.1339   0.1378   0.1417   0.1457   0.1496   0.1535   0.1575   0.1614   0.1654   0.1693   0.1732   0.1772   0.1811    0.185    0.189   0.1929   0.1969   0.2008   0.2047   0.2087   0.2126   0.2165   0.2205   0.2244   0.2283   0.2323   0.2362   0.2402   0.2441    0.248    0.252   0.2559   0.2598   0.2638   0.2677   0.2717   0.2756   0.2795   0.2835   0.2874   0.2913   0.2953   0.2992   0.3031   0.3071    0.311    0.315   0.3189   0.3228   0.3268   0.3307   0.3346   0.3386   0.3425   0.3465   0.3504   0.3543   0.3583   0.3622   0.3661   0.3701    0.374    0.378   0.3819   0.3858   0.3898   0.3937   0.3976   0.4016   0.4055   0.4094   0.4134   0.4173   0.4213   0.4252   0.4291   0.4331    0.437   0.4409   0.4449   0.4488   0.4528   0.4567   0.4606   0.4646   0.4685   0.4724   0.4764   0.4803   0.4843   0.4882   0.4921   0.4961
    S      0.0      1.0   0.5477   0.1799   0.4331   0.7572   0.1917   0.3334   0.2225   0.3816   0.3111   0.2089   0.1992   0.4495    0.729   0.2888    0.141   0.4094   0.0949   0.2517   0.1593   0.0639   0.1917   0.1788   0.0793   0.2575   0.2087   0.0378   0.3277   0.2494   0.2142    0.619   0.0784   0.2932   0.1705   0.1722   0.3464   0.1165    0.454    0.409   0.2744   0.5228   0.4414   0.5836   0.4028   0.2751   0.0864   0.4593   0.1857   0.4225    0.143   0.1341   0.0655   0.1939   0.6763   0.0934   0.3829   0.0463   0.5223   0.4054   0.3403   0.3685   0.3462   0.4121   0.1596   0.2532   0.3095   0.4884   0.3638   0.2499   0.0295   0.2936   0.2084   0.3833   0.3555   0.0981   0.3095   0.2566   0.3201   0.2022   0.5275   0.0647   0.1803   0.1084   0.3083   0.2223   0.2512   0.3879   0.1047   0.2827   0.0106    0.273   0.2255   0.0393   0.2814   0.3131   0.3078   0.3123   0.0975   0.1104   0.1562   0.1163   0.2721    0.169   0.2313   0.1652   0.1546   0.5254   0.2499   0.2519   0.3556   0.5525   0.3564   0.3061    0.426   0.3613   0.0595   0.6432   0.1596   0.3082   0.1718   0.2471   0.6644   0.0317   0.1728   0.0951    0.123
  snr   -15.39
    H     4.66
 exon    False

M: eiip
 freq      0.0   0.0039   0.0079   0.0118   0.0157   0.0197   0.0236   0.0276   0.0315   0.0354   0.0394   0.0433   0.0472   0.0512   0.0551   0.0591    0.063   0.0669   0.0709   0.0748   0.0787   0.0827   0.0866   0.0906   0.0945   0.0984   0.1024   0.1063   0.1102   0.1142   0.1181    0.122    0.126   0.1299   0.1339   0.1378   0.1417   0.1457   0.1496   0.1535   0.1575   0.1614   0.1654   0.1693   0.1732   0.1772   0.1811    0.185    0.189   0.1929   0.1969   0.2008   0.2047   0.2087   0.2126   0.2165   0.2205   0.2244   0.2283   0.2323   0.2362   0.2402   0.2441    0.248    0.252   0.2559   0.2598   0.2638   0.2677   0.2717   0.2756   0.2795   0.2835   0.2874   0.2913   0.2953   0.2992   0.3031   0.3071    0.311    0.315   0.3189   0.3228   0.3268   0.3307   0.3346   0.3386   0.3425   0.3465   0.3504   0.3543   0.3583   0.3622   0.3661   0.3701    0.374    0.378   0.3819   0.3858   0.3898   0.3937   0.3976   0.4016   0.4055   0.4094   0.4134   0.4173   0.4213   0.4252   0.4291   0.4331    0.437   0.4409   0.4449   0.4488   0.4528   0.4567   0.4606   0.4646   0.4685   0.4724   0.4764   0.4803   0.4843   0.4882   0.4921   0.4961
    S      0.0   0.2423   0.0027   0.1705     0.05    0.123   0.1248   0.0884    0.016   0.0831   0.0528   0.0192   0.1742   0.1594      1.0   0.0809   0.0962   0.0141   0.0645   0.1024   0.0528   0.0469   0.0559   0.0074   0.0644   0.2331   0.1852   0.0266   0.0667   0.0577   0.0222   0.2236   0.0299    0.089   0.0016   0.0592   0.0504   0.0556   0.0362   0.1233   0.0916   0.0288   0.1735   0.7549   0.0544   0.0468   0.0273   0.0892    0.008   0.3106   0.1666   0.0139    0.003   0.0391   0.1524   0.0379   0.1693   0.0591   0.1269   0.1312   0.1047   0.1202   0.0714   0.0132   0.0539   0.1207   0.0762   0.0652   0.4015   0.0178   0.0255   0.0906   0.1572   0.4809   0.0668    0.026   0.0794   0.0622   0.2154   0.0016     0.31   0.0001   0.1014   0.0949   0.2777   0.0581   0.1283   0.1661    0.027   0.0652   0.0001   0.1707   0.1334    0.008    0.212   0.1893   0.0677   0.1786   0.0665    0.039   0.0673   0.1014   0.0993    0.017   0.2079   0.0583    0.047   0.0192   0.0506    0.117   0.4128   0.3531   0.1811   0.0975   0.0574   0.2228   0.0336    0.584    0.052   0.1655   0.0168   0.0964   0.0251   0.0019   0.0888    0.029   0.0723
  snr   -11.29
    H     4.34
 exon    False

M: qpsk
 freq      0.0   0.0039   0.0079   0.0118   0.0157   0.0197   0.0236   0.0276   0.0315   0.0354   0.0394   0.0433   0.0472   0.0512   0.0551   0.0591    0.063   0.0669   0.0709   0.0748   0.0787   0.0827   0.0866   0.0906   0.0945   0.0984   0.1024   0.1063   0.1102   0.1142   0.1181    0.122    0.126   0.1299   0.1339   0.1378   0.1417   0.1457   0.1496   0.1535   0.1575   0.1614   0.1654   0.1693   0.1732   0.1772   0.1811    0.185    0.189   0.1929   0.1969   0.2008   0.2047   0.2087   0.2126   0.2165   0.2205   0.2244   0.2283   0.2323   0.2362   0.2402   0.2441    0.248    0.252   0.2559   0.2598   0.2638   0.2677   0.2717   0.2756   0.2795   0.2835   0.2874   0.2913   0.2953   0.2992   0.3031   0.3071    0.311    0.315   0.3189   0.3228   0.3268   0.3307   0.3346   0.3386   0.3425   0.3465   0.3504   0.3543   0.3583   0.3622   0.3661   0.3701    0.374    0.378   0.3819   0.3858   0.3898   0.3937   0.3976   0.4016   0.4055   0.4094   0.4134   0.4173   0.4213   0.4252   0.4291   0.4331    0.437   0.4409   0.4449   0.4488   0.4528   0.4567   0.4606   0.4646   0.4685   0.4724   0.4764   0.4803   0.4843   0.4882   0.4921   0.4961
    S      0.0      1.0   0.3843   0.0942    0.472   0.6007   0.2208   0.2592   0.1136   0.2044   0.2892   0.0779   0.1969   0.3994   0.7215   0.2025   0.1614   0.2418   0.0957    0.098   0.0129   0.0767   0.1652   0.1532   0.0168    0.234   0.2553    0.026   0.3392   0.2851   0.1523   0.5484   0.0986   0.1703   0.1612   0.1062   0.1364   0.0427   0.3004    0.355   0.1618   0.3997   0.0962   0.5884   0.1471   0.3276   0.0593   0.4993   0.1334   0.4948   0.1356   0.1663   0.0575   0.1626   0.6256   0.0953   0.3463   0.0399   0.5242   0.4963   0.2446    0.261   0.2254    0.263   0.1849    0.088   0.2642   0.3647   0.2397   0.1217    0.032   0.2082   0.2215   0.3435   0.4212   0.0214   0.3338   0.1967   0.3436   0.1328   0.6482   0.0263   0.1514   0.0889   0.3459   0.1714   0.3092   0.3564   0.0898   0.2067   0.0104   0.1072   0.2239    0.021   0.1406    0.323   0.3555   0.0825   0.1056   0.0967   0.1616   0.1321   0.2865   0.0514   0.2023   0.1829   0.1894   0.2716   0.1434   0.1503   0.4538   0.6467   0.2778   0.3299   0.3853   0.1476   0.0224   0.6305   0.1484   0.3413    0.133   0.2375   0.6073   0.0141   0.1554   0.1055   0.0272
  snr    -14.6
    H     4.58
 exon    False

M: mem
 freq      0.0   0.0039   0.0079   0.0118   0.0157   0.0197   0.0236   0.0276   0.0315   0.0354   0.0394   0.0433   0.0472   0.0512   0.0551   0.0591    0.063   0.0669   0.0709   0.0748   0.0787   0.0827   0.0866   0.0906   0.0945   0.0984   0.1024   0.1063   0.1102   0.1142   0.1181    0.122    0.126   0.1299   0.1339   0.1378   0.1417   0.1457   0.1496   0.1535   0.1575   0.1614   0.1654   0.1693   0.1732   0.1772   0.1811    0.185    0.189   0.1929   0.1969   0.2008   0.2047   0.2087   0.2126   0.2165   0.2205   0.2244   0.2283   0.2323   0.2362   0.2402   0.2441    0.248    0.252   0.2559   0.2598   0.2638   0.2677   0.2717   0.2756   0.2795   0.2835   0.2874   0.2913   0.2953   0.2992   0.3031   0.3071    0.311    0.315   0.3189   0.3228   0.3268   0.3307   0.3346   0.3386   0.3425   0.3465   0.3504   0.3543   0.3583   0.3622   0.3661   0.3701    0.374    0.378   0.3819   0.3858   0.3898   0.3937   0.3976   0.4016   0.4055   0.4094   0.4134   0.4173   0.4213   0.4252   0.4291   0.4331    0.437   0.4409   0.4449   0.4488   0.4528   0.4567   0.4606   0.4646   0.4685   0.4724   0.4764   0.4803   0.4843   0.4882   0.4921   0.4961
    S      0.0      1.0   0.0055   0.0185    0.023    0.089   0.1072   0.1285   0.0213   0.0082   0.2737   0.0313   0.1518    0.084   0.2102   0.1341   0.0302   0.1432   0.0084   0.0636    0.006   0.0036   0.1199   0.0027   0.0095   0.0819   0.1379   0.0242    0.003   0.1441   0.1364   0.5257   0.0764   0.0727   0.0147   0.0014   0.0293   0.0287   0.0837    0.205   0.0039   0.2191   0.0123   0.5056   0.0697   0.0656   0.0324   0.4898   0.1413   0.3059   0.1142   0.0261   0.0522   0.0467   0.0739   0.0327   0.2018   0.0241   0.0317   0.4675   0.2008   0.2069   0.1002   0.2539    0.143   0.0883   0.0543   0.2051   0.1131   0.0744   0.0097   0.0739   0.0132   0.0557   0.0886   0.0245   0.1967   0.0931   0.3206   0.0281   0.3564    0.006   0.1161   0.0099   0.1323   0.1333   0.0981     0.37   0.0329   0.1126   0.0079   0.0471   0.2284   0.0109   0.1339   0.1809   0.1771    0.026   0.0639   0.1006   0.1447   0.0043   0.2391   0.0498   0.0552   0.1953   0.1588   0.1764    0.047     0.04   0.2647    0.069   0.2035   0.0215   0.1365   0.0794   0.0151   0.1447   0.1073   0.2559   0.0168   0.1194    0.067   0.0128   0.1543   0.0979   0.0109
  snr   -11.38
    H     4.35
 exon    False

M: tbpse
 freq      0.0   0.0039   0.0079   0.0118   0.0157   0.0197   0.0236   0.0276   0.0315   0.0354   0.0394   0.0433   0.0472   0.0512   0.0551   0.0591    0.063   0.0669   0.0709   0.0748   0.0787   0.0827   0.0866   0.0906   0.0945   0.0984   0.1024   0.1063   0.1102   0.1142   0.1181    0.122    0.126   0.1299   0.1339   0.1378   0.1417   0.1457   0.1496   0.1535   0.1575   0.1614   0.1654   0.1693   0.1732   0.1772   0.1811    0.185    0.189   0.1929   0.1969   0.2008   0.2047   0.2087   0.2126   0.2165   0.2205   0.2244   0.2283   0.2323   0.2362   0.2402   0.2441    0.248    0.252   0.2559   0.2598   0.2638   0.2677   0.2717   0.2756   0.2795   0.2835   0.2874   0.2913   0.2953   0.2992   0.3031   0.3071    0.311    0.315   0.3189   0.3228   0.3268   0.3307   0.3346   0.3386   0.3425   0.3465   0.3504   0.3543   0.3583   0.3622   0.3661   0.3701    0.374    0.378   0.3819   0.3858   0.3898   0.3937   0.3976   0.4016   0.4055   0.4094   0.4134   0.4173   0.4213   0.4252   0.4291   0.4331    0.437   0.4409   0.4449   0.4488   0.4528   0.4567   0.4606   0.4646   0.4685   0.4724   0.4764   0.4803   0.4843   0.4882   0.4921   0.4961
    S      0.0   0.7321    0.576   0.1738   0.5246    0.901   0.2968    0.333   0.2301   0.2931   0.2566   0.1614   0.2646   0.5934      1.0   0.1974   0.1936    0.297   0.0742   0.1888   0.0726   0.0748   0.1293   0.2121   0.0446   0.2237   0.2977   0.0264   0.4729   0.2424   0.0694   0.3389   0.0699   0.0914   0.1747   0.1743   0.2462   0.0865   0.5162   0.4805   0.2428    0.253   0.1819   0.7687    0.157   0.1978   0.0909   0.1929   0.1076   0.4726   0.1821   0.1223   0.0272   0.2701   0.7248   0.1379   0.5169   0.0617   0.7883   0.2192   0.2724   0.3573   0.1061   0.0485   0.1645   0.1456   0.2285   0.5071    0.403   0.1175    0.038   0.3109   0.3135   0.5215   0.2331   0.0193    0.216   0.3089   0.2663   0.1818   0.7532   0.0573   0.1471   0.1076    0.493   0.2434   0.3629   0.2272   0.0673   0.3391   0.0038   0.1352   0.1596   0.0385   0.2118    0.241   0.1474   0.1636   0.1358   0.0782    0.185   0.1284    0.218   0.0498   0.2065   0.1266   0.1143   0.3918   0.1029   0.1728   0.6077   0.7022   0.3223   0.4749   0.3925   0.2666    0.016   0.9032   0.2071   0.3353   0.1476   0.3472   0.6946   0.0095   0.1625   0.0541   0.0811
  snr    -15.1
    H     4.55
 exon    False

M: snrse
 freq      0.0   0.0039   0.0079   0.0118   0.0157   0.0197   0.0236   0.0276   0.0315   0.0354   0.0394   0.0433   0.0472   0.0512   0.0551   0.0591    0.063   0.0669   0.0709   0.0748   0.0787   0.0827   0.0866   0.0906   0.0945   0.0984   0.1024   0.1063   0.1102   0.1142   0.1181    0.122    0.126   0.1299   0.1339   0.1378   0.1417   0.1457   0.1496   0.1535   0.1575   0.1614   0.1654   0.1693   0.1732   0.1772   0.1811    0.185    0.189   0.1929   0.1969   0.2008   0.2047   0.2087   0.2126   0.2165   0.2205   0.2244   0.2283   0.2323   0.2362   0.2402   0.2441    0.248    0.252   0.2559   0.2598   0.2638   0.2677   0.2717   0.2756   0.2795   0.2835   0.2874   0.2913   0.2953   0.2992   0.3031   0.3071    0.311    0.315   0.3189   0.3228   0.3268   0.3307   0.3346   0.3386   0.3425   0.3465   0.3504   0.3543   0.3583   0.3622   0.3661   0.3701    0.374    0.378   0.3819   0.3858   0.3898   0.3937   0.3976   0.4016   0.4055   0.4094   0.4134   0.4173   0.4213   0.4252   0.4291   0.4331    0.437   0.4409   0.4449   0.4488   0.4528   0.4567   0.4606   0.4646   0.4685   0.4724   0.4764   0.4803   0.4843   0.4882   0.4921   0.4961
    S      0.0      1.0   0.0229    0.018    0.014   0.1207   0.1093   0.1088   0.0663    0.035   0.3278   0.0624   0.1344   0.0962   0.1491   0.0717   0.0428    0.246    0.009   0.0615   0.0241   0.0029    0.066    0.011   0.0153    0.054    0.109   0.0146    0.029   0.1513   0.1829   0.4162   0.0635   0.1326   0.0022     0.02    0.017   0.0266   0.1926   0.2314   0.0409   0.2983   0.0827   0.3574   0.1399   0.0517   0.0363   0.4301   0.1876   0.2071   0.0878   0.0098   0.0542   0.0871   0.0215   0.0496   0.2808   0.0205   0.0983   0.3609   0.1847   0.2396   0.1222   0.3351   0.1424   0.1148   0.0248   0.2749   0.0663   0.0979   0.0118    0.142    0.026   0.0582   0.0715   0.0502   0.1024   0.1296   0.2004   0.0361   0.3663   0.0216   0.0592   0.0215   0.1193   0.1856   0.1047   0.3275    0.016   0.1855   0.0075    0.039    0.189    0.018   0.1135   0.1931   0.1731   0.0857   0.0576   0.1125    0.162   0.0064   0.1756    0.089   0.0729   0.1961   0.1238   0.2755    0.069    0.018   0.2423   0.0389   0.1334   0.0518   0.0741   0.0287    0.022   0.1086   0.1417   0.2013   0.0057   0.1498    0.078   0.0218   0.1632   0.0972   0.0117
  snr   -11.44
    H     4.42
 exon    False