>data-XVI-cerevisiae-intergenic-152
N: 606
Methods: voss, eiip, qpsk, mem, tbpse, snrse

M: voss
 freq      0.0   0.0017   0.0033    0.005   0.0066   0.0083   0.0099   0.0116   0.0132   0.0149   0.0165   0.0182   0.0198   0.0215   0.0231   0.0248   0.0264   0.0281   0.0297   0.0314    0.033   0.0347   0.0363    0.038   0.0396   0.0413   0.0429   0.0446   0.0462   0.0479   0.0495   0.0512   0.0528   0.0545   0.0561   0.0578   0.0594   0.0611   0.0627   0.0644    0.066   0.0677   0.0693    0.071   0.0726   0.0743   0.0759   0.0776   0.0792   0.0809   0.0825   0.0842   0.0858   0.0875   0.0891   0.0908   0.0924   0.0941   0.0957   0.0974    0.099   0.1007   0.1023    0.104   0.1056   0.1073   0.1089   0.1106   0.1122   0.1139   0.1155   0.1172   0.1188   0.1205   0.1221   0.1238   0.1254   0.1271   0.1287   0.1304    0.132   0.1337   0.1353    0.137   0.1386   0.1403   0.1419   0.1436   0.1452   0.1469   0.1485   0.1502   0.1518   0.1535   0.1551   0.1568   0.1584   0.1601   0.1617   0.1634    0.165   0.1667   0.1683     0.17   0.1716   0.1733   0.1749   0.1766   0.1782   0.1799   0.1815   0.1832   0.1848   0.1865   0.1881   0.1898   0.1914   0.1931   0.1947   0.1964    0.198   0.1997   0.2013    0.203   0.2046   0.2063   0.2079   0.2096   0.2112   0.2129   0.2145   0.2162   0.2178   0.2195   0.2211   0.2228   0.2244   0.2261   0.2277   0.2294    0.231   0.2327   0.2343    0.236   0.2376   0.2393   0.2409   0.2426   0.2442   0.2459   0.2475   0.2492   0.2508   0.2525   0.2541   0.2558   0.2574   0.2591   0.2607   0.2624    0.264   0.2657   0.2673    0.269   0.2706   0.2723   0.2739   0.2756   0.2772   0.2789   0.2805   0.2822   0.2838   0.2855   0.2871   0.2888   0.2904   0.2921   0.2937   0.2954    0.297   0.2987   0.3003    0.302   0.3036   0.3053   0.3069   0.3086   0.3102   0.3119   0.3135   0.3152   0.3168   0.3185   0.3201   0.3218   0.3234   0.3251   0.3267   0.3284     0.33   0.3317   0.3333    0.335   0.3366   0.3383   0.3399   0.3416   0.3432   0.3449   0.3465   0.3482   0.3498   0.3515   0.3531   0.3548   0.3564   0.3581   0.3597   0.3614    0.363   0.3647   0.3663    0.368   0.3696   0.3713   0.3729   0.3746   0.3762   0.3779   0.3795   0.3812   0.3828   0.3845   0.3861   0.3878   0.3894   0.3911   0.3927   0.3944    0.396   0.3977   0.3993    0.401   0.4026   0.4043   0.4059   0.4076   0.4092   0.4109   0.4125   0.4142   0.4158   0.4175   0.4191   0.4208   0.4224   0.4241   0.4257   0.4274    0.429   0.4307   0.4323    0.434   0.4356   0.4373   0.4389   0.4406   0.4422   0.4439   0.4455   0.4472   0.4488   0.4505   0.4521   0.4538   0.4554   0.4571   0.4587   0.4604    0.462   0.4637   0.4653    0.467   0.4686   0.4703   0.4719   0.4736   0.4752   0.4769   0.4785   0.4802   0.4818   0.4835   0.4851   0.4868   0.4884   0.4901   0.4917   0.4934    0.495   0.4967   0.4983
    S      0.0   0.8553   0.3799   0.4055   0.3161   0.4022    0.474   0.0437   0.5115   0.6986   0.1707   0.3609   0.2136   0.1637      1.0   0.1924   0.3436   0.2743   0.5281   0.1424   0.2712   0.3876   0.3129   0.1589   0.2483   0.1608   0.0781   0.0617   0.1046   0.0972   0.5408   0.4885   0.3283   0.1993   0.3886   0.4815   0.1067    0.123   0.5507   0.0233   0.3011   0.5631   0.2718   0.1306   0.2336   0.1773   0.1016    0.249   0.2572   0.6368   0.2913   0.2288   0.6005   0.1609   0.5296   0.3519   0.2993   0.4159   0.0534   0.4153   0.2256   0.0712   0.1479   0.1482   0.3157   0.2709   0.1576   0.2904   0.1135   0.1889   0.2858   0.2426   0.2229   0.1428   0.5805   0.0771   0.3044   0.6298   0.4891   0.3532   0.2263   0.1185   0.9597   0.4294    0.269   0.1449   0.2061   0.1298   0.2349   0.2998   0.4014    0.392   0.3334   0.3884   0.3337   0.3819   0.2001   0.1542   0.3551   0.2106   0.2463   0.1412   0.3376   0.2918   0.1517   0.3786   0.3926   0.0791   0.3384   0.0795   0.1562   0.2968   0.4337   0.2832    0.153   0.1204   0.2372   0.3053   0.1653   0.5887   0.3747   0.1374   0.1347   0.2112   0.4285    0.373   0.2262   0.1361   0.0568   0.2234   0.6858   0.3977   0.1015   0.0978   0.0268   0.1091   0.0457   0.2981   0.1378   0.3944   0.0904    0.113   0.4944   0.3136   0.2666   0.4155   0.1257   0.1621   0.0769   0.1724   0.1331   0.3197   0.1682   0.5053   0.0781   0.3069   0.3209   0.3923   0.6038   0.1274   0.2121   0.4864   0.1662   0.4029   0.1778   0.1458   0.2386    0.102   0.1154   0.2327   0.0951   0.1421    0.329   0.1574    0.278   0.0465   0.1148   0.0881   0.2354   0.1864   0.0931    0.046   0.6201   0.6117   0.2596    0.218     0.33   0.1593    0.321    0.064   0.2496   0.2595   0.2345   0.1716   0.5459    0.198   0.1027   0.4124     0.61   0.3972   0.2474   0.1646   0.0954   0.2328   0.2596   0.6861   0.1747   0.1655   0.1453   0.4478    0.172   0.1705   0.2348   0.1898   0.0676   0.1758   0.0486   0.1355   0.3612    0.223   0.0807    0.075   0.1701   0.1942   0.2923   0.4502   0.3406   0.1651   0.2715    0.155   0.2356   0.2027   0.2153   0.1124   0.2646   0.2709   0.0407   0.0954   0.1576    0.236   0.3923   0.3407    0.098   0.2249   0.1531   0.0464   0.2887   0.1221   0.1898   0.1128   0.1367   0.3354   0.3915   0.2348   0.1754   0.1196   0.1844   0.8377   0.7596   0.4108   0.3912   0.4886   0.0911   0.1272   0.2961   0.1502    0.509   0.4257   0.3301   0.2018   0.3944    0.211   0.0523   0.4316   0.5062   0.4796   0.4371   0.1068   0.0292   0.0924   0.1196   0.0654   0.2185   0.3668   0.3939   0.0989   0.2151   0.0922   0.3937   0.2347   0.1402   0.2048   0.0543   0.1389   0.4212   0.0379    0.286   0.5228   0.2754   0.0437   0.0935   0.1433   0.4852
  snr   -18.97
    H     5.52
 exon    False

M: eiip
 freq      0.0   0.0017   0.0033    0.005   0.0066   0.0083   0.0099   0.0116   0.0132   0.0149   0.0165   0.0182   0.0198   0.0215   0.0231   0.0248   0.0264   0.0281   0.0297   0.0314    0.033   0.0347   0.0363    0.038   0.0396   0.0413   0.0429   0.0446   0.0462   0.0479   0.0495   0.0512   0.0528   0.0545   0.0561   0.0578   0.0594   0.0611   0.0627   0.0644    0.066   0.0677   0.0693    0.071   0.0726   0.0743   0.0759   0.0776   0.0792   0.0809   0.0825   0.0842   0.0858   0.0875   0.0891   0.0908   0.0924   0.0941   0.0957   0.0974    0.099   0.1007   0.1023    0.104   0.1056   0.1073   0.1089   0.1106   0.1122   0.1139   0.1155   0.1172   0.1188   0.1205   0.1221   0.1238   0.1254   0.1271   0.1287   0.1304    0.132   0.1337   0.1353    0.137   0.1386   0.1403   0.1419   0.1436   0.1452   0.1469   0.1485   0.1502   0.1518   0.1535   0.1551   0.1568   0.1584   0.1601   0.1617   0.1634    0.165   0.1667   0.1683     0.17   0.1716   0.1733   0.1749   0.1766   0.1782   0.1799   0.1815   0.1832   0.1848   0.1865   0.1881   0.1898   0.1914   0.1931   0.1947   0.1964    0.198   0.1997   0.2013    0.203   0.2046   0.2063   0.2079   0.2096   0.2112   0.2129   0.2145   0.2162   0.2178   0.2195   0.2211   0.2228   0.2244   0.2261   0.2277   0.2294    0.231   0.2327   0.2343    0.236   0.2376   0.2393   0.2409   0.2426   0.2442   0.2459   0.2475   0.2492   0.2508   0.2525   0.2541   0.2558   0.2574   0.2591   0.2607   0.2624    0.264   0.2657   0.2673    0.269   0.2706   0.2723   0.2739   0.2756   0.2772   0.2789   0.2805   0.2822   0.2838   0.2855   0.2871   0.2888   0.2904   0.2921   0.2937   0.2954    0.297   0.2987   0.3003    0.302   0.3036   0.3053   0.3069   0.3086   0.3102   0.3119   0.3135   0.3152   0.3168   0.3185   0.3201   0.3218   0.3234   0.3251   0.3267   0.3284     0.33   0.3317   0.3333    0.335   0.3366   0.3383   0.3399   0.3416   0.3432   0.3449   0.3465   0.3482   0.3498   0.3515   0.3531   0.3548   0.3564   0.3581   0.3597   0.3614    0.363   0.3647   0.3663    0.368   0.3696   0.3713   0.3729   0.3746   0.3762   0.3779   0.3795   0.3812   0.3828   0.3845   0.3861   0.3878   0.3894   0.3911   0.3927   0.3944    0.396   0.3977   0.3993    0.401   0.4026   0.4043   0.4059   0.4076   0.4092   0.4109   0.4125   0.4142   0.4158   0.4175   0.4191   0.4208   0.4224   0.4241   0.4257   0.4274    0.429   0.4307   0.4323    0.434   0.4356   0.4373   0.4389   0.4406   0.4422   0.4439   0.4455   0.4472   0.4488   0.4505   0.4521   0.4538   0.4554   0.4571   0.4587   0.4604    0.462   0.4637   0.4653    0.467   0.4686   0.4703   0.4719   0.4736   0.4752   0.4769   0.4785   0.4802   0.4818   0.4835   0.4851   0.4868   0.4884   0.4901   0.4917   0.4934    0.495   0.4967   0.4983
    S      0.0   0.3932    0.294   0.5901   0.4256    0.071   0.2616   0.0582   0.3551   0.3669    0.168   0.1627   0.1627   0.2189   0.2172   0.0306   0.0507    0.126   0.8613   0.0273   0.2601   0.3869   0.5866   0.0316   0.0523    0.234   0.0782   0.1135     0.06   0.0049      1.0   0.1889   0.0734   0.1307    0.732   0.1511   0.0884    0.203   0.5629   0.0488   0.4762   0.1941   0.0639   0.1745   0.0034   0.3804   0.1108   0.3696   0.1965   0.0007   0.4191   0.1046   0.1527   0.0092   0.1999   0.0359   0.1382   0.2936   0.0062   0.2583   0.1817   0.0143   0.2227    0.191   0.1018   0.1998   0.3294   0.2342    0.254   0.1359   0.6232   0.2853   0.0916   0.0965   0.0975    0.002   0.0124    0.136    0.019     0.07   0.3973   0.0573   0.3785   0.1662    0.135   0.2337    0.053   0.1162   0.0109   0.3295   0.3403   0.2469   0.0284   0.3402   0.6126   0.1265   0.1387   0.0501   0.2296   0.1953   0.0956   0.1309   0.5857   0.0064   0.0396   0.3795   0.2143   0.0876   0.3659   0.0752   0.1861   0.1723   0.2203   0.0085    0.209   0.0225   0.1922    0.639   0.2504   0.9875   0.2368   0.1471   0.2464   0.1512   0.6877   0.0337   0.0983   0.0474   0.0222   0.0922   0.8018   0.0549    0.051   0.0225   0.0587   0.1316   0.0232   0.5024   0.0203   0.7174   0.1335   0.1436   0.9165   0.1728   0.0602   0.3832    0.116   0.0418   0.0268   0.1211   0.0897   0.2669   0.0813   0.5025   0.0472   0.6661   0.4921   0.0014   0.1121   0.0607   0.0009   0.1858   0.1728   0.0243   0.2434   0.1959   0.1566   0.0892   0.0057   0.1278    0.048     0.09   0.2592   0.0068   0.1217   0.0806   0.0481   0.0616    0.287   0.0157   0.0917   0.0828   0.6082   0.0254   0.1725   0.2378   0.0324   0.1879   0.0699   0.0021   0.1933   0.1459   0.2803   0.0271    0.144   0.2218   0.0341   0.3922   0.2453   0.8085   0.0669   0.2567    0.005    0.268   0.0618   0.0593    0.141   0.0101   0.0227   0.0906   0.1062   0.0967   0.0745   0.1318   0.0527   0.0655   0.0303   0.1853   0.1997   0.1787   0.0944   0.0417   0.1271   0.1003   0.3765    0.381   0.3705   0.1791   0.4029   0.2364   0.0065    0.142   0.1348     0.08   0.0085   0.4458   0.0251   0.1333   0.0099   0.1698   0.0023   0.6073   0.1459   0.0047   0.1739   0.0498   0.1103   0.0628   0.1738   0.1953   0.2593   0.5321   0.2919   0.1979   0.0447   0.0694   0.0626   0.2271   0.9388   0.2554   0.0165   0.1245   0.1324   0.0082    0.433   0.2317    0.524   0.6577   0.4874   0.0387   0.2601   0.1823   0.0002   0.5311   0.2521    0.003   0.0813   0.0725   0.0364   0.0315   0.0112   0.0818   0.1868   0.1198   0.2294   0.1373   0.0195   0.0063   0.0774   0.1721   0.1102   0.0842   0.0548   0.0035   0.2989   0.0478   0.2521   0.0341   0.1688   0.0574    0.076   0.1507   0.2265
  snr    -17.5
    H     5.27
 exon    False

M: qpsk
 freq      0.0   0.0017   0.0033    0.005   0.0066   0.0083   0.0099   0.0116   0.0132   0.0149   0.0165   0.0182   0.0198   0.0215   0.0231   0.0248   0.0264   0.0281   0.0297   0.0314    0.033   0.0347   0.0363    0.038   0.0396   0.0413   0.0429   0.0446   0.0462   0.0479   0.0495   0.0512   0.0528   0.0545   0.0561   0.0578   0.0594   0.0611   0.0627   0.0644    0.066   0.0677   0.0693    0.071   0.0726   0.0743   0.0759   0.0776   0.0792   0.0809   0.0825   0.0842   0.0858   0.0875   0.0891   0.0908   0.0924   0.0941   0.0957   0.0974    0.099   0.1007   0.1023    0.104   0.1056   0.1073   0.1089   0.1106   0.1122   0.1139   0.1155   0.1172   0.1188   0.1205   0.1221   0.1238   0.1254   0.1271   0.1287   0.1304    0.132   0.1337   0.1353    0.137   0.1386   0.1403   0.1419   0.1436   0.1452   0.1469   0.1485   0.1502   0.1518   0.1535   0.1551   0.1568   0.1584   0.1601   0.1617   0.1634    0.165   0.1667   0.1683     0.17   0.1716   0.1733   0.1749   0.1766   0.1782   0.1799   0.1815   0.1832   0.1848   0.1865   0.1881   0.1898   0.1914   0.1931   0.1947   0.1964    0.198   0.1997   0.2013    0.203   0.2046   0.2063   0.2079   0.2096   0.2112   0.2129   0.2145   0.2162   0.2178   0.2195   0.2211   0.2228   0.2244   0.2261   0.2277   0.2294    0.231   0.2327   0.2343    0.236   0.2376   0.2393   0.2409   0.2426   0.2442   0.2459   0.2475   0.2492   0.2508   0.2525   0.2541   0.2558   0.2574   0.2591   0.2607   0.2624    0.264   0.2657   0.2673    0.269   0.2706   0.2723   0.2739   0.2756   0.2772   0.2789   0.2805   0.2822   0.2838   0.2855   0.2871   0.2888   0.2904   0.2921   0.2937   0.2954    0.297   0.2987   0.3003    0.302   0.3036   0.3053   0.3069   0.3086   0.3102   0.3119   0.3135   0.3152   0.3168   0.3185   0.3201   0.3218   0.3234   0.3251   0.3267   0.3284     0.33   0.3317   0.3333    0.335   0.3366   0.3383   0.3399   0.3416   0.3432   0.3449   0.3465   0.3482   0.3498   0.3515   0.3531   0.3548   0.3564   0.3581   0.3597   0.3614    0.363   0.3647   0.3663    0.368   0.3696   0.3713   0.3729   0.3746   0.3762   0.3779   0.3795   0.3812   0.3828   0.3845   0.3861   0.3878   0.3894   0.3911   0.3927   0.3944    0.396   0.3977   0.3993    0.401   0.4026   0.4043   0.4059   0.4076   0.4092   0.4109   0.4125   0.4142   0.4158   0.4175   0.4191   0.4208   0.4224   0.4241   0.4257   0.4274    0.429   0.4307   0.4323    0.434   0.4356   0.4373   0.4389   0.4406   0.4422   0.4439   0.4455   0.4472   0.4488   0.4505   0.4521   0.4538   0.4554   0.4571   0.4587   0.4604    0.462   0.4637   0.4653    0.467   0.4686   0.4703   0.4719   0.4736   0.4752   0.4769   0.4785   0.4802   0.4818   0.4835   0.4851   0.4868   0.4884   0.4901   0.4917   0.4934    0.495   0.4967   0.4983
    S      0.0   0.8421   0.5016   0.3908   0.4495   0.4992   0.6489   0.0386   0.6457      1.0   0.0322   0.4715    0.312   0.2071    0.868   0.2124     0.43   0.1754   0.2462   0.0692   0.2759   0.4129    0.312   0.1481   0.1645     0.15   0.1105   0.0898   0.0969   0.0498   0.7037    0.442   0.2406   0.1969   0.4034   0.6722   0.1339   0.0705   0.4198   0.0289   0.4213   0.6279   0.2723   0.0402   0.3161   0.2244   0.1429   0.1476   0.2018   0.4032    0.235   0.2754   0.3742   0.1512   0.5939   0.2769   0.2305   0.2573    0.064   0.2468   0.0072   0.0955   0.1316   0.1801   0.3619   0.3171   0.1843   0.2769    0.114   0.1782   0.3927   0.3139    0.123   0.2034   0.4887   0.0978   0.3054   0.3236   0.2882    0.166   0.2715   0.1466    0.534    0.435   0.2797   0.0914   0.1509   0.1737   0.1197   0.4058    0.506   0.4302   0.2084   0.3991   0.4729   0.3469   0.1458   0.1898   0.5087      0.1   0.1041   0.1899   0.2882   0.3267   0.1237   0.2057   0.4835   0.1045   0.3378   0.0589   0.0598     0.29   0.4732   0.1961    0.171   0.0714   0.2088   0.3007   0.2184   0.7382   0.3992   0.1897   0.1427   0.2312   0.4468   0.2763   0.0887   0.0658   0.0588   0.0435   0.1814   0.1178   0.1288   0.1164   0.0289    0.157    0.057   0.2557   0.0472    0.497    0.126   0.1341   0.6505   0.1915   0.1694   0.5037   0.1768   0.1404   0.0451   0.2238   0.1564   0.2021   0.1023   0.4587   0.0799   0.2126   0.4071   0.2639   0.5314   0.1362   0.1876   0.3098   0.1361   0.4532   0.2149   0.1276   0.0711   0.1283   0.1413   0.2577   0.1053   0.0387   0.2787   0.1502   0.3578   0.0634   0.1565   0.0321   0.3274   0.1149   0.1184   0.0372   0.8373   0.4684   0.1726    0.249   0.1401   0.1556   0.1694   0.0296   0.0195   0.2917   0.3225   0.1449   0.4966    0.287     0.13   0.5745   0.7767   0.5392   0.1799   0.1463   0.1154   0.1559   0.3083   0.6344   0.2149   0.0432   0.1512   0.3425   0.2027   0.2495   0.3186   0.1273   0.0536   0.1701   0.0485   0.0581   0.3728   0.2922   0.0468   0.0799   0.1812   0.2837    0.198   0.5364   0.4902   0.2087   0.2125   0.0799   0.1799   0.1882   0.1831   0.0919   0.1326   0.2171   0.0379   0.0712   0.1482   0.0446   0.4442   0.2208   0.0906   0.2442   0.2182   0.0559   0.3448   0.1062    0.096   0.1343   0.1726   0.4722   0.1413   0.1998   0.1924   0.1646   0.0754   0.6604   0.4348   0.5507   0.1811   0.1971    0.105   0.0783   0.4014   0.2192   0.5746   0.5483   0.4373   0.1277   0.2022   0.3007    0.051   0.2343   0.7127   0.5545   0.1353   0.0642   0.0408   0.0776   0.1044   0.0371   0.2932   0.5272   0.5578   0.1376   0.0991   0.0349   0.5476   0.0682   0.1634   0.1646   0.0565   0.0985   0.5566   0.0449   0.3622   0.5614   0.2576    0.033   0.1216   0.2002    0.449
  snr   -18.73
    H     5.46
 exon    False

M: mem
 freq      0.0   0.0017   0.0033    0.005   0.0066   0.0083   0.0099   0.0116   0.0132   0.0149   0.0165   0.0182   0.0198   0.0215   0.0231   0.0248   0.0264   0.0281   0.0297   0.0314    0.033   0.0347   0.0363    0.038   0.0396   0.0413   0.0429   0.0446   0.0462   0.0479   0.0495   0.0512   0.0528   0.0545   0.0561   0.0578   0.0594   0.0611   0.0627   0.0644    0.066   0.0677   0.0693    0.071   0.0726   0.0743   0.0759   0.0776   0.0792   0.0809   0.0825   0.0842   0.0858   0.0875   0.0891   0.0908   0.0924   0.0941   0.0957   0.0974    0.099   0.1007   0.1023    0.104   0.1056   0.1073   0.1089   0.1106   0.1122   0.1139   0.1155   0.1172   0.1188   0.1205   0.1221   0.1238   0.1254   0.1271   0.1287   0.1304    0.132   0.1337   0.1353    0.137   0.1386   0.1403   0.1419   0.1436   0.1452   0.1469   0.1485   0.1502   0.1518   0.1535   0.1551   0.1568   0.1584   0.1601   0.1617   0.1634    0.165   0.1667   0.1683     0.17   0.1716   0.1733   0.1749   0.1766   0.1782   0.1799   0.1815   0.1832   0.1848   0.1865   0.1881   0.1898   0.1914   0.1931   0.1947   0.1964    0.198   0.1997   0.2013    0.203   0.2046   0.2063   0.2079   0.2096   0.2112   0.2129   0.2145   0.2162   0.2178   0.2195   0.2211   0.2228   0.2244   0.2261   0.2277   0.2294    0.231   0.2327   0.2343    0.236   0.2376   0.2393   0.2409   0.2426   0.2442   0.2459   0.2475   0.2492   0.2508   0.2525   0.2541   0.2558   0.2574   0.2591   0.2607   0.2624    0.264   0.2657   0.2673    0.269   0.2706   0.2723   0.2739   0.2756   0.2772   0.2789   0.2805   0.2822   0.2838   0.2855   0.2871   0.2888   0.2904   0.2921   0.2937   0.2954    0.297   0.2987   0.3003    0.302   0.3036   0.3053   0.3069   0.3086   0.3102   0.3119   0.3135   0.3152   0.3168   0.3185   0.3201   0.3218   0.3234   0.3251   0.3267   0.3284     0.33   0.3317   0.3333    0.335   0.3366   0.3383   0.3399   0.3416   0.3432   0.3449   0.3465   0.3482   0.3498   0.3515   0.3531   0.3548   0.3564   0.3581   0.3597   0.3614    0.363   0.3647   0.3663    0.368   0.3696   0.3713   0.3729   0.3746   0.3762   0.3779   0.3795   0.3812   0.3828   0.3845   0.3861   0.3878   0.3894   0.3911   0.3927   0.3944    0.396   0.3977   0.3993    0.401   0.4026   0.4043   0.4059   0.4076   0.4092   0.4109   0.4125   0.4142   0.4158   0.4175   0.4191   0.4208   0.4224   0.4241   0.4257   0.4274    0.429   0.4307   0.4323    0.434   0.4356   0.4373   0.4389   0.4406   0.4422   0.4439   0.4455   0.4472   0.4488   0.4505   0.4521   0.4538   0.4554   0.4571   0.4587   0.4604    0.462   0.4637   0.4653    0.467   0.4686   0.4703   0.4719   0.4736   0.4752   0.4769   0.4785   0.4802   0.4818   0.4835   0.4851   0.4868   0.4884   0.4901   0.4917   0.4934    0.495   0.4967   0.4983
    S      0.0      1.0   0.1282   0.2478   0.0541   0.6558   0.4798   0.0055   0.2233   0.9614   0.0334   0.3854   0.3006    0.044   0.6224   0.2043   0.7246    0.148   0.0384   0.0232   0.1885   0.2847   0.0973   0.0679    0.251   0.0725   0.0586   0.0058   0.0543   0.0353   0.2695   0.1774   0.0757   0.0481   0.1853   0.8708   0.1442   0.0095   0.1728   0.0062   0.0468   0.2007   0.3503   0.0407   0.5211   0.0159   0.0457   0.0364   0.2446   0.1651   0.0552   0.1786   0.2636   0.2185   0.4342   0.2155    0.215   0.0457   0.1124    0.047   0.0053    0.118   0.0295   0.0382   0.3044   0.1568   0.0213   0.3035    0.015   0.0016   0.0094   0.2729   0.0372   0.2291   0.2749   0.1567   0.3472   0.1187   0.0507   0.1565    0.128   0.1321   0.6352   0.5116   0.0113    0.058   0.0226   0.0912    0.006   0.0029   0.0023   0.4758    0.155    0.467   0.0397   0.0132   0.1662   0.2802   0.5128   0.0569   0.0141   0.1398   0.0917   0.4258   0.1491   0.0827   0.2542   0.0995   0.2591   0.0174   0.0492   0.3476   0.0105   0.3545   0.0321   0.0714   0.2019    0.113   0.0824   0.2588   0.1629   0.0555   0.0024   0.1583   0.2416   0.1379    0.104   0.0269   0.0957   0.0051   0.0781     0.04   0.1745   0.0932   0.0048   0.0304   0.0645   0.1566   0.0018   0.0838   0.0075   0.1352   0.1076   0.1747   0.1556   0.0414    0.145   0.1532    0.055   0.1308   0.0212   0.1102   0.0786   0.4941   0.0138   0.0049   0.0244   0.1671   0.5719   0.0074   0.1914   0.3467   0.0512   0.5835   0.1587   0.1563   0.0951   0.0621   0.1963   0.1563   0.0159   0.0644   0.0959   0.1699    0.522   0.0201   0.2045   0.0498   0.1369   0.1259   0.1201    0.016   0.1714   0.1888   0.1196   0.3033     0.06   0.0934   0.2807   0.0241   0.0587   0.0223   0.1301   0.2098     0.49   0.1929   0.1732   0.1586   0.8414   0.1025   0.1943   0.1044   0.1563   0.0731   0.3929   0.4534   0.2727    0.008   0.2348   0.0286   0.0671   0.2752   0.3834   0.0462   0.0091   0.1398   0.0733   0.0019   0.1902   0.0945   0.0328     0.07   0.0938   0.3188   0.1405   0.0407   0.1595   0.2009   0.0223   0.0715   0.1513   0.2162   0.1625   0.0801   0.0082   0.0626   0.0307   0.0231   0.1302   0.1016   0.5296   0.0676    0.056    0.356   0.1046   0.0357   0.3659   0.0083   0.0204   0.0551   0.0715   0.1102   0.1131   0.2126   0.1841   0.1786   0.1466   0.6811   0.3348   0.6775   0.0004   0.1632   0.0466   0.0419   0.0421    0.039   0.5284   0.2405   0.0724   0.0149   0.1631   0.2409    0.055   0.1858   0.6561   0.6847   0.1698   0.0804   0.0242   0.0575   0.0614    0.023   0.2273   0.6634   0.6343   0.0794   0.0111   0.0533   0.8389   0.0297   0.2256   0.2372   0.0107   0.0725   0.3636   0.0213   0.4145   0.7602   0.2976   0.0213   0.1403    0.087   0.3602
  snr   -17.12
    H     5.23
 exon    False

M: tbpse
 freq      0.0   0.0017   0.0033    0.005   0.0066   0.0083   0.0099   0.0116   0.0132   0.0149   0.0165   0.0182   0.0198   0.0215   0.0231   0.0248   0.0264   0.0281   0.0297   0.0314    0.033   0.0347   0.0363    0.038   0.0396   0.0413   0.0429   0.0446   0.0462   0.0479   0.0495   0.0512   0.0528   0.0545   0.0561   0.0578   0.0594   0.0611   0.0627   0.0644    0.066   0.0677   0.0693    0.071   0.0726   0.0743   0.0759   0.0776   0.0792   0.0809   0.0825   0.0842   0.0858   0.0875   0.0891   0.0908   0.0924   0.0941   0.0957   0.0974    0.099   0.1007   0.1023    0.104   0.1056   0.1073   0.1089   0.1106   0.1122   0.1139   0.1155   0.1172   0.1188   0.1205   0.1221   0.1238   0.1254   0.1271   0.1287   0.1304    0.132   0.1337   0.1353    0.137   0.1386   0.1403   0.1419   0.1436   0.1452   0.1469   0.1485   0.1502   0.1518   0.1535   0.1551   0.1568   0.1584   0.1601   0.1617   0.1634    0.165   0.1667   0.1683     0.17   0.1716   0.1733   0.1749   0.1766   0.1782   0.1799   0.1815   0.1832   0.1848   0.1865   0.1881   0.1898   0.1914   0.1931   0.1947   0.1964    0.198   0.1997   0.2013    0.203   0.2046   0.2063   0.2079   0.2096   0.2112   0.2129   0.2145   0.2162   0.2178   0.2195   0.2211   0.2228   0.2244   0.2261   0.2277   0.2294    0.231   0.2327   0.2343    0.236   0.2376   0.2393   0.2409   0.2426   0.2442   0.2459   0.2475   0.2492   0.2508   0.2525   0.2541   0.2558   0.2574   0.2591   0.2607   0.2624    0.264   0.2657   0.2673    0.269   0.2706   0.2723   0.2739   0.2756   0.2772   0.2789   0.2805   0.2822   0.2838   0.2855   0.2871   0.2888   0.2904   0.2921   0.2937   0.2954    0.297   0.2987   0.3003    0.302   0.3036   0.3053   0.3069   0.3086   0.3102   0.3119   0.3135   0.3152   0.3168   0.3185   0.3201   0.3218   0.3234   0.3251   0.3267   0.3284     0.33   0.3317   0.3333    0.335   0.3366   0.3383   0.3399   0.3416   0.3432   0.3449   0.3465   0.3482   0.3498   0.3515   0.3531   0.3548   0.3564   0.3581   0.3597   0.3614    0.363   0.3647   0.3663    0.368   0.3696   0.3713   0.3729   0.3746   0.3762   0.3779   0.3795   0.3812   0.3828   0.3845   0.3861   0.3878   0.3894   0.3911   0.3927   0.3944    0.396   0.3977   0.3993    0.401   0.4026   0.4043   0.4059   0.4076   0.4092   0.4109   0.4125   0.4142   0.4158   0.4175   0.4191   0.4208   0.4224   0.4241   0.4257   0.4274    0.429   0.4307   0.4323    0.434   0.4356   0.4373   0.4389   0.4406   0.4422   0.4439   0.4455   0.4472   0.4488   0.4505   0.4521   0.4538   0.4554   0.4571   0.4587   0.4604    0.462   0.4637   0.4653    0.467   0.4686   0.4703   0.4719   0.4736   0.4752   0.4769   0.4785   0.4802   0.4818   0.4835   0.4851   0.4868   0.4884   0.4901   0.4917   0.4934    0.495   0.4967   0.4983
    S      0.0      1.0    0.195   0.2064      0.1    0.427   0.3714   0.0164     0.26    0.641   0.0705   0.3352   0.1777   0.0534   0.6753   0.1411   0.3625   0.2454   0.1956   0.0939   0.1148   0.2329   0.1286    0.106   0.2008   0.1012   0.0418   0.0106   0.0704    0.077   0.1801   0.2815   0.1316   0.0693   0.0621   0.5824   0.1158   0.0409    0.355   0.0074   0.0928   0.3785   0.2981   0.0178   0.2763   0.0352   0.0424   0.1106   0.2259   0.5061    0.118   0.1816   0.5079   0.1083   0.4569   0.1825   0.2914     0.17    0.054   0.2298   0.0773   0.0878   0.0649   0.0404   0.3189   0.1384   0.0143   0.3062   0.0054   0.0671   0.0218   0.2143   0.1277   0.1518   0.3621   0.0792   0.3656   0.4533   0.3151   0.2616   0.1003   0.0958   0.8718   0.4305   0.1229   0.0321      0.1   0.0678   0.1235   0.0902    0.143   0.4381    0.143   0.3506   0.0558    0.159   0.1953   0.1524   0.3369   0.1128   0.0943   0.0944   0.1204   0.3709   0.1749     0.23   0.2722   0.0486   0.2548   0.0334   0.0767   0.2894   0.1968   0.1586   0.0612   0.1203   0.1737   0.0158   0.0745   0.2931   0.2577   0.0646   0.0286   0.1689   0.2513   0.1679   0.1683   0.0573   0.0407   0.1002   0.3459   0.2609   0.0852   0.0899   0.0055   0.0419   0.0413   0.1366   0.0672   0.1361   0.0204   0.0601   0.1624   0.1767   0.1184   0.1775   0.0933   0.0812   0.0687   0.1295   0.0495   0.1932   0.1269   0.4124   0.0313   0.0541   0.0781   0.3497   0.6494   0.0556    0.223   0.5019   0.0741   0.5211   0.1424   0.0417   0.1057    0.054    0.157   0.1096   0.0532   0.0718   0.1637   0.1876   0.2364   0.0195   0.1387   0.0437   0.1122   0.1348   0.0923   0.0205   0.2496   0.4834   0.1559   0.1124   0.2477   0.1168   0.1405   0.0407   0.0585   0.1266   0.0913   0.1743   0.5587   0.1387   0.1311   0.2053   0.6909   0.0601   0.2421   0.0886   0.1124   0.0523   0.2947   0.6171   0.1207   0.0745   0.1548   0.2552   0.0959   0.1668   0.2127   0.1217   0.0211   0.1623   0.0364   0.0325   0.2843   0.1059   0.0579    0.055   0.1159   0.1982   0.2081   0.1573   0.1631   0.0891   0.0853   0.0338   0.1469   0.2231   0.1901    0.088   0.1346   0.0859   0.0175   0.0235   0.1241   0.0738    0.478   0.0287   0.0263   0.1872     0.09   0.0363   0.3095   0.0584   0.0967    0.038   0.0344   0.1105   0.2168   0.2314    0.118   0.1178   0.0935   0.8762   0.4794   0.4649   0.2073   0.4121   0.0241   0.0735   0.0947   0.0429   0.4874   0.2243   0.1174   0.0892   0.3228   0.1421   0.0565   0.2554   0.4302   0.6139   0.2512    0.086   0.0177   0.0782   0.1041   0.0411   0.1864   0.3781   0.4314   0.0537    0.133   0.0406   0.4808   0.1226   0.1065    0.106   0.0234   0.1247   0.3417   0.0247   0.2382   0.6509   0.2944   0.0194    0.069   0.0842    0.404
  snr   -17.26
    H     5.37
 exon    False

M: snrse
 freq      0.0   0.0017   0.0033    0.005   0.0066   0.0083   0.0099   0.0116   0.0132   0.0149   0.0165   0.0182   0.0198   0.0215   0.0231   0.0248   0.0264   0.0281   0.0297   0.0314    0.033   0.0347   0.0363    0.038   0.0396   0.0413   0.0429   0.0446   0.0462   0.0479   0.0495   0.0512   0.0528   0.0545   0.0561   0.0578   0.0594   0.0611   0.0627   0.0644    0.066   0.0677   0.0693    0.071   0.0726   0.0743   0.0759   0.0776   0.0792   0.0809   0.0825   0.0842   0.0858   0.0875   0.0891   0.0908   0.0924   0.0941   0.0957   0.0974    0.099   0.1007   0.1023    0.104   0.1056   0.1073   0.1089   0.1106   0.1122   0.1139   0.1155   0.1172   0.1188   0.1205   0.1221   0.1238   0.1254   0.1271   0.1287   0.1304    0.132   0.1337   0.1353    0.137   0.1386   0.1403   0.1419   0.1436   0.1452   0.1469   0.1485   0.1502   0.1518   0.1535   0.1551   0.1568   0.1584   0.1601   0.1617   0.1634    0.165   0.1667   0.1683     0.17   0.1716   0.1733   0.1749   0.1766   0.1782   0.1799   0.1815   0.1832   0.1848   0.1865   0.1881   0.1898   0.1914   0.1931   0.1947   0.1964    0.198   0.1997   0.2013    0.203   0.2046   0.2063   0.2079   0.2096   0.2112   0.2129   0.2145   0.2162   0.2178   0.2195   0.2211   0.2228   0.2244   0.2261   0.2277   0.2294    0.231   0.2327   0.2343    0.236   0.2376   0.2393   0.2409   0.2426   0.2442   0.2459   0.2475   0.2492   0.2508   0.2525   0.2541   0.2558   0.2574   0.2591   0.2607   0.2624    0.264   0.2657   0.2673    0.269   0.2706   0.2723   0.2739   0.2756   0.2772   0.2789   0.2805   0.2822   0.2838   0.2855   0.2871   0.2888   0.2904   0.2921   0.2937   0.2954    0.297   0.2987   0.3003    0.302   0.3036   0.3053   0.3069   0.3086   0.3102   0.3119   0.3135   0.3152   0.3168   0.3185   0.3201   0.3218   0.3234   0.3251   0.3267   0.3284     0.33   0.3317   0.3333    0.335   0.3366   0.3383   0.3399   0.3416   0.3432   0.3449   0.3465   0.3482   0.3498   0.3515   0.3531   0.3548   0.3564   0.3581   0.3597   0.3614    0.363   0.3647   0.3663    0.368   0.3696   0.3713   0.3729   0.3746   0.3762   0.3779   0.3795   0.3812   0.3828   0.3845   0.3861   0.3878   0.3894   0.3911   0.3927   0.3944    0.396   0.3977   0.3993    0.401   0.4026   0.4043   0.4059   0.4076   0.4092   0.4109   0.4125   0.4142   0.4158   0.4175   0.4191   0.4208   0.4224   0.4241   0.4257   0.4274    0.429   0.4307   0.4323    0.434   0.4356   0.4373   0.4389   0.4406   0.4422   0.4439   0.4455   0.4472   0.4488   0.4505   0.4521   0.4538   0.4554   0.4571   0.4587   0.4604    0.462   0.4637   0.4653    0.467   0.4686   0.4703   0.4719   0.4736   0.4752   0.4769   0.4785   0.4802   0.4818   0.4835   0.4851   0.4868   0.4884   0.4901   0.4917   0.4934    0.495   0.4967   0.4983
    S      0.0   0.0395   0.1171   0.1984   0.0219   0.3764   0.0718    0.018   0.2314    0.086   0.1136   0.0077   0.1431   0.1065      1.0   0.2208   0.3468   0.0506   0.0965   0.0859   0.2959   0.0634    0.002   0.0832    0.208   0.0073   0.0719   0.0025   0.0694   0.0466   0.1504   0.4215   0.4323   0.2125   0.1767   0.1477   0.0271   0.0321   0.0719   0.0016   0.0566   0.1556   0.0622   0.1231   0.2607   0.0059   0.0785   0.0331   0.1032   0.2225   0.0349   0.1147   0.1958   0.2701   0.2417   0.5304   0.0115   0.3415   0.0687   0.1557   0.1904   0.0188   0.0323   0.1046   0.0288   0.2803   0.0362   0.0112   0.0237   0.1263   0.0066   0.0642    0.155   0.0697   0.5775   0.1096   0.0045   0.2618   0.3022   0.1951    0.072   0.0326    0.257   0.0866   0.1365   0.0707   0.1918   0.0421   0.2046   0.1149   0.1785   0.0509   0.5349   0.1832   0.0657   0.3413    0.018   0.1026   0.2807   0.0703   0.2603   0.1291   0.0265   0.0404   0.0046    0.085   0.2206   0.0267   0.0141   0.0307   0.0615   0.1568   0.2166   0.5438   0.0108   0.0136   0.0582   0.0985   0.0032    0.063   0.1238   0.0734   0.0257   0.0913   0.0866   0.5341   0.1187   0.1349   0.0694   0.1987   0.2027    0.236   0.1217   0.0369   0.0007   0.0052   0.0138   0.0756   0.1313    0.047   0.0241   0.0608   0.0726   0.3214   0.3688   0.1134   0.0166   0.2649   0.0331   0.0018   0.1128   0.0759    0.084    0.211   0.0546   0.0311   0.1365    0.099   0.0443   0.0857   0.0495   0.0249    0.047   0.0338   0.0331    0.129   0.2495   0.0228   0.0155   0.3078   0.0256    0.127   0.2426   0.0023   0.3216   0.0056   0.0394   0.0875   0.0037   0.1562   0.0254   0.0058   0.3955   0.1838   0.1016   0.1739   0.1416   0.0032   0.5664   0.0619   0.3091   0.1041   0.1557   0.1046   0.0339   0.1348   0.0212   0.0637   0.0715   0.0325     0.08   0.0347   0.0569   0.1833   0.0551   0.1453   0.1121    0.191   0.1227   0.2686   0.0477   0.1525   0.1907    0.067   0.0643   0.0615   0.0543   0.0766   0.0538   0.1038   0.0054   0.0245   0.0118   0.1417   0.0094   0.2413   0.0412   0.1318   0.0559   0.1171   0.2899   0.0061   0.0733   0.0584    0.257    0.041   0.0438   0.0702   0.1195   0.2835   0.0384   0.1808   0.0419   0.3425    0.079   0.0083   0.0166   0.0596   0.0791   0.0074   0.0229   0.0055   0.2566   0.0208   0.1913   0.0985   0.2438   0.1154    0.123   0.1541   0.3389   0.1284   0.0328   0.1367   0.1031   0.0424   0.0496   0.1632   0.0158   0.2006   0.0494     0.18   0.0142   0.0961   0.3555    0.021   0.4575   0.0486   0.0032   0.0405   0.0313    0.006   0.0251   0.3797   0.2313   0.0134   0.1359   0.1501   0.3456   0.1379   0.1021   0.2836   0.0111   0.0382   0.1014    0.006   0.1126    0.124   0.0498    0.012   0.0427   0.0094   0.0692
  snr   -15.55
    H     5.27
 exon    False