>data-XV-cerevisiae-intergenic-439
N: 207
Methods: voss, eiip, qpsk, mem, tbpse, snrse

M: voss
 freq      0.0   0.0048   0.0097   0.0145   0.0193   0.0242    0.029   0.0338   0.0386   0.0435   0.0483   0.0531    0.058   0.0628   0.0676   0.0725   0.0773   0.0821    0.087   0.0918   0.0966   0.1014   0.1063   0.1111   0.1159   0.1208   0.1256   0.1304   0.1353   0.1401   0.1449   0.1498   0.1546   0.1594   0.1643   0.1691   0.1739   0.1787   0.1836   0.1884   0.1932   0.1981   0.2029   0.2077   0.2126   0.2174   0.2222   0.2271   0.2319   0.2367   0.2415   0.2464   0.2512    0.256   0.2609   0.2657   0.2705   0.2754   0.2802    0.285   0.2899   0.2947   0.2995   0.3043   0.3092    0.314   0.3188   0.3237   0.3285   0.3333   0.3382    0.343   0.3478   0.3527   0.3575   0.3623   0.3671    0.372   0.3768   0.3816   0.3865   0.3913   0.3961    0.401   0.4058   0.4106   0.4155   0.4203   0.4251     0.43   0.4348   0.4396   0.4444   0.4493   0.4541   0.4589   0.4638   0.4686   0.4734   0.4783   0.4831   0.4879   0.4928   0.4976
    S      0.0   0.9449      1.0   0.0417   0.2304   0.8269   0.6718   0.2103    0.243   0.2448   0.2563   0.3912   0.5421   0.4623   0.4304   0.3176   0.1225   0.0419   0.1081   0.6437   0.5543   0.7683   0.1245   0.2727   0.1202   0.3287   0.3354   0.5151   0.3567   0.3552   0.1814   0.1355   0.2331   0.3452   0.3448    0.245    0.241   0.2231   0.0466   0.3973   0.3708   0.5805   0.2977   0.0493   0.7934   0.2582   0.1912   0.1878   0.2781   0.1779   0.6004   0.0696   0.2986   0.3081     0.36   0.1335   0.2319   0.2135   0.4816   0.2171   0.5258   0.2456   0.2279   0.1534   0.4485   0.5918    0.143   0.2423   0.1786   0.1909   0.1959   0.2465    0.264   0.1911   0.5698   0.1327   0.3084   0.1775   0.3424   0.1359   0.1859   0.4497   0.2372   0.2662   0.2055   0.2774   0.5886   0.5614   0.1634   0.2859   0.5206     0.13   0.3066   0.8372   0.4049   0.1272   0.5641    0.635   0.2784   0.0851   0.2953   0.5743   0.8157   0.5899
  snr    -15.3
    H     4.45
 exon    False

M: eiip
 freq      0.0   0.0048   0.0097   0.0145   0.0193   0.0242    0.029   0.0338   0.0386   0.0435   0.0483   0.0531    0.058   0.0628   0.0676   0.0725   0.0773   0.0821    0.087   0.0918   0.0966   0.1014   0.1063   0.1111   0.1159   0.1208   0.1256   0.1304   0.1353   0.1401   0.1449   0.1498   0.1546   0.1594   0.1643   0.1691   0.1739   0.1787   0.1836   0.1884   0.1932   0.1981   0.2029   0.2077   0.2126   0.2174   0.2222   0.2271   0.2319   0.2367   0.2415   0.2464   0.2512    0.256   0.2609   0.2657   0.2705   0.2754   0.2802    0.285   0.2899   0.2947   0.2995   0.3043   0.3092    0.314   0.3188   0.3237   0.3285   0.3333   0.3382    0.343   0.3478   0.3527   0.3575   0.3623   0.3671    0.372   0.3768   0.3816   0.3865   0.3913   0.3961    0.401   0.4058   0.4106   0.4155   0.4203   0.4251     0.43   0.4348   0.4396   0.4444   0.4493   0.4541   0.4589   0.4638   0.4686   0.4734   0.4783   0.4831   0.4879   0.4928   0.4976
    S      0.0   0.0323   0.2861   0.0162   0.0714   0.4062   0.8128   0.2022   0.1966   0.0702   0.0177   0.4682   0.0944   0.0776   0.2353   0.0296   0.2779   0.0403   0.1147   0.0713      1.0   0.1502   0.0517   0.4367   0.0711   0.0462   0.0622   0.2416   0.4677   0.1427   0.1189   0.1097   0.1127    0.137   0.1704   0.1263   0.0049   0.2815   0.0671   0.0484   0.0987   0.0505   0.3079   0.0655   0.0898   0.0902   0.0378   0.0032   0.0765   0.0343   0.0926   0.0275   0.3162   0.0819   0.2476   0.2072   0.2238   0.1934   0.3481    0.425   0.2524   0.1001   0.1056   0.0966   0.1395   0.1706   0.0494    0.188   0.1302   0.2768   0.1231   0.0238   0.4745   0.0224   0.0779   0.1142   0.0641   0.0404   0.3145   0.0411   0.3144   0.5052   0.1611    0.011   0.1098   0.3827   0.3508   0.0191   0.1567   0.0726   0.8882   0.2119   0.2205    0.136   0.0691   0.0118   0.2214   0.8302   0.1631   0.0482   0.1696   0.7026   0.3769   0.3433
  snr   -12.71
    H     4.22
 exon    False

M: qpsk
 freq      0.0   0.0048   0.0097   0.0145   0.0193   0.0242    0.029   0.0338   0.0386   0.0435   0.0483   0.0531    0.058   0.0628   0.0676   0.0725   0.0773   0.0821    0.087   0.0918   0.0966   0.1014   0.1063   0.1111   0.1159   0.1208   0.1256   0.1304   0.1353   0.1401   0.1449   0.1498   0.1546   0.1594   0.1643   0.1691   0.1739   0.1787   0.1836   0.1884   0.1932   0.1981   0.2029   0.2077   0.2126   0.2174   0.2222   0.2271   0.2319   0.2367   0.2415   0.2464   0.2512    0.256   0.2609   0.2657   0.2705   0.2754   0.2802    0.285   0.2899   0.2947   0.2995   0.3043   0.3092    0.314   0.3188   0.3237   0.3285   0.3333   0.3382    0.343   0.3478   0.3527   0.3575   0.3623   0.3671    0.372   0.3768   0.3816   0.3865   0.3913   0.3961    0.401   0.4058   0.4106   0.4155   0.4203   0.4251     0.43   0.4348   0.4396   0.4444   0.4493   0.4541   0.4589   0.4638   0.4686   0.4734   0.4783   0.4831   0.4879   0.4928   0.4976
    S      0.0   0.9633   0.9959   0.0457   0.1176    0.249    0.976   0.2824   0.3789   0.3684    0.185   0.1983   0.2313   0.5406   0.3834    0.296    0.133   0.0316      0.1      1.0   0.7546    0.752   0.1681   0.3265    0.172   0.2002   0.2199   0.6677   0.5472   0.1314   0.2698    0.194      0.2   0.2279   0.4358   0.3066   0.2741   0.2542   0.0501   0.2694   0.3899    0.449   0.4622   0.0633   0.7712   0.4083   0.1471   0.1709   0.2507    0.178   0.4682    0.033   0.2748   0.2873   0.4898   0.1871   0.3423   0.1235   0.5324    0.257   0.6752   0.2896   0.2136   0.1977   0.2889   0.8937   0.1509   0.3417   0.2178   0.1417   0.1097   0.3667   0.2914   0.2382   0.5202   0.0878    0.084    0.119   0.4847   0.1991    0.179   0.6208   0.3267   0.1462   0.3032   0.1948   0.2212   0.3242   0.0488   0.3842   0.8112   0.1583   0.3767   0.7331   0.3431   0.0872   0.7728   0.6809   0.1892   0.0072   0.2588   0.6619   0.9661   0.7392
  snr   -15.39
    H      4.4
 exon    False

M: mem
 freq      0.0   0.0049   0.0097   0.0146   0.0194   0.0243   0.0291    0.034   0.0388   0.0437   0.0485   0.0534   0.0583   0.0631    0.068   0.0728   0.0777   0.0825   0.0874   0.0922   0.0971   0.1019   0.1068   0.1117   0.1165   0.1214   0.1262   0.1311   0.1359   0.1408   0.1456   0.1505   0.1553   0.1602    0.165   0.1699   0.1748   0.1796   0.1845   0.1893   0.1942    0.199   0.2039   0.2087   0.2136   0.2184   0.2233   0.2282    0.233   0.2379   0.2427   0.2476   0.2524   0.2573   0.2621    0.267   0.2718   0.2767   0.2816   0.2864   0.2913   0.2961    0.301   0.3058   0.3107   0.3155   0.3204   0.3252   0.3301    0.335   0.3398   0.3447   0.3495   0.3544   0.3592   0.3641   0.3689   0.3738   0.3786   0.3835   0.3883   0.3932   0.3981   0.4029   0.4078   0.4126   0.4175   0.4223   0.4272    0.432   0.4369   0.4417   0.4466   0.4515   0.4563   0.4612    0.466   0.4709   0.4757   0.4806   0.4854   0.4903   0.4951
    S      0.0   0.1238   0.1281   0.0074   0.0834   0.6882   0.0614   0.0301   0.1747   0.2151   0.2279   0.1128   0.2432   0.2316    0.494   0.1023   0.0694   0.0042   0.1411   0.7531   0.0192   0.8863   0.0879   0.4395   0.0094   0.0421    0.005   0.1615   0.1042   0.0478   0.0129   0.0276   0.0735   0.0503   0.0162   0.0524   0.1526   0.0723   0.0089   0.1213   0.1723   0.5633   0.1308     0.02   0.2709   0.1705    0.004   0.1544   0.0069   0.0028   0.1437    0.125   0.3259   0.0119   0.0544   0.0955   0.1137   0.0543    0.579   0.2539   0.4688   0.3752   0.0841   0.1626   0.3157   0.1133   0.0077     0.06   0.2637   0.0025   0.0151   0.1461   0.2421   0.1891   0.1216   0.1413   0.0446   0.2714    0.001   0.0486   0.3967   0.0548   0.4129   0.0361   0.0271   0.2411   0.5831   0.1685   0.0809   0.3531   0.0666    0.028   0.0108   0.0453    0.016   0.2223   0.0033   0.2442   0.1121   0.0517   0.0083      1.0   0.2652
  snr   -12.05
    H     4.08
 exon    False

M: tbpse
 freq      0.0   0.0048   0.0097   0.0145   0.0193   0.0242    0.029   0.0338   0.0386   0.0435   0.0483   0.0531    0.058   0.0628   0.0676   0.0725   0.0773   0.0821    0.087   0.0918   0.0966   0.1014   0.1063   0.1111   0.1159   0.1208   0.1256   0.1304   0.1353   0.1401   0.1449   0.1498   0.1546   0.1594   0.1643   0.1691   0.1739   0.1787   0.1836   0.1884   0.1932   0.1981   0.2029   0.2077   0.2126   0.2174   0.2222   0.2271   0.2319   0.2367   0.2415   0.2464   0.2512    0.256   0.2609   0.2657   0.2705   0.2754   0.2802    0.285   0.2899   0.2947   0.2995   0.3043   0.3092    0.314   0.3188   0.3237   0.3285   0.3333   0.3382    0.343   0.3478   0.3527   0.3575   0.3623   0.3671    0.372   0.3768   0.3816   0.3865   0.3913   0.3961    0.401   0.4058   0.4106   0.4155   0.4203   0.4251     0.43   0.4348   0.4396   0.4444   0.4493   0.4541   0.4589   0.4638   0.4686   0.4734   0.4783   0.4831   0.4879   0.4928   0.4976
    S      0.0   0.6801   0.8979   0.0325   0.2603      1.0   0.7001   0.2219   0.1087   0.0776   0.2144   0.6441   0.6297   0.2175    0.313   0.2344   0.1915   0.0591   0.1184   0.0118   0.8617   0.4317   0.0912    0.208   0.1105   0.3316   0.3691    0.478   0.4139   0.4605    0.148    0.126   0.2331     0.41   0.3322   0.2312   0.1192   0.2602   0.0619    0.389   0.2891   0.4927   0.2045   0.0497   0.6057   0.0873   0.2016   0.1179   0.2678   0.1395   0.5317    0.069   0.2181   0.2972   0.3671   0.1566   0.0833   0.2692   0.4028   0.2644   0.1442   0.1422   0.2239   0.1192   0.3982   0.3807   0.1217   0.2563   0.1255   0.3029   0.2642   0.0488   0.3071   0.0882   0.4357   0.1598   0.4012    0.129   0.3529   0.0904   0.2036   0.5504   0.1808   0.2481     0.09   0.4423   0.6916   0.5385   0.2696   0.0995   0.5497   0.1939   0.2917   0.7248   0.3857    0.108   0.4567   0.7554   0.3512   0.1298   0.3553   0.6405   0.4824   0.3887
  snr   -14.83
    H     4.41
 exon    False

M: snrse
 freq      0.0   0.0048   0.0097   0.0145   0.0193   0.0242    0.029   0.0338   0.0386   0.0435   0.0483   0.0531    0.058   0.0628   0.0676   0.0725   0.0773   0.0821    0.087   0.0918   0.0966   0.1014   0.1063   0.1111   0.1159   0.1208   0.1256   0.1304   0.1353   0.1401   0.1449   0.1498   0.1546   0.1594   0.1643   0.1691   0.1739   0.1787   0.1836   0.1884   0.1932   0.1981   0.2029   0.2077   0.2126   0.2174   0.2222   0.2271   0.2319   0.2367   0.2415   0.2464   0.2512    0.256   0.2609   0.2657   0.2705   0.2754   0.2802    0.285   0.2899   0.2947   0.2995   0.3043   0.3092    0.314   0.3188   0.3237   0.3285   0.3333   0.3382    0.343   0.3478   0.3527   0.3575   0.3623   0.3671    0.372   0.3768   0.3816   0.3865   0.3913   0.3961    0.401   0.4058   0.4106   0.4155   0.4203   0.4251     0.43   0.4348   0.4396   0.4444   0.4493   0.4541   0.4589   0.4638   0.4686   0.4734   0.4783   0.4831   0.4879   0.4928   0.4976
    S      0.0   0.6635   0.1352   0.0284   0.0882   0.2594   0.0288   0.1235   0.2096   0.3263    0.131   0.0218     0.02   0.4541   0.2565   0.1403    0.007   0.0102   0.0717      1.0   0.0874   0.5977   0.0698   0.2266   0.0974   0.1382   0.1459   0.2063   0.1267   0.0462   0.1235    0.037     0.03   0.1315   0.2027   0.0445   0.2158    0.126   0.0066   0.0605   0.1335   0.1895   0.2254   0.0099    0.343   0.3204   0.0156    0.145   0.0143   0.0517   0.1548   0.0348   0.2416   0.0102   0.1186   0.0138   0.2589   0.0778   0.3152   0.0502   0.6145   0.2649    0.097   0.0431   0.1795   0.5685   0.0409   0.1487    0.169   0.0019   0.0235   0.3274   0.1052    0.157   0.2284   0.0609   0.0055   0.1208   0.1069    0.108    0.108   0.0503   0.1603   0.1011   0.2321    0.004   0.2317   0.1342   0.0138   0.2982   0.0791   0.0194   0.0833   0.2408   0.0312   0.0507   0.3376   0.1751   0.0928   0.0005   0.1022   0.0748   0.5133   0.3019
  snr   -11.83
    H      4.2
 exon    False