>data-XVI-cerevisiae-intergenic-64
N: 469
Methods: voss, eiip, qpsk, mem, alg1, alg2

M: voss
 freq      0.0   0.0021   0.0043   0.0064   0.0085   0.0107   0.0128   0.0149   0.0171   0.0192   0.0213   0.0235   0.0256   0.0277   0.0299    0.032   0.0341   0.0362   0.0384   0.0405   0.0426   0.0448   0.0469    0.049   0.0512   0.0533   0.0554   0.0576   0.0597   0.0618    0.064   0.0661   0.0682   0.0704   0.0725   0.0746   0.0768   0.0789    0.081   0.0832   0.0853   0.0874   0.0896   0.0917   0.0938   0.0959   0.0981   0.1002   0.1023   0.1045   0.1066   0.1087   0.1109    0.113   0.1151   0.1173   0.1194   0.1215   0.1237   0.1258   0.1279   0.1301   0.1322   0.1343   0.1365   0.1386   0.1407   0.1429    0.145   0.1471   0.1493   0.1514   0.1535   0.1557   0.1578   0.1599    0.162   0.1642   0.1663   0.1684   0.1706   0.1727   0.1748    0.177   0.1791   0.1812   0.1834   0.1855   0.1876   0.1898   0.1919    0.194   0.1962   0.1983   0.2004   0.2026   0.2047   0.2068    0.209   0.2111   0.2132   0.2154   0.2175   0.2196   0.2217   0.2239    0.226   0.2281   0.2303   0.2324   0.2345   0.2367   0.2388   0.2409   0.2431   0.2452   0.2473   0.2495   0.2516   0.2537   0.2559    0.258   0.2601   0.2623   0.2644   0.2665   0.2687   0.2708   0.2729   0.2751   0.2772   0.2793   0.2814   0.2836   0.2857   0.2878     0.29   0.2921   0.2942   0.2964   0.2985   0.3006   0.3028   0.3049    0.307   0.3092   0.3113   0.3134   0.3156   0.3177   0.3198    0.322   0.3241   0.3262   0.3284   0.3305   0.3326   0.3348   0.3369    0.339   0.3412   0.3433   0.3454   0.3475   0.3497   0.3518   0.3539   0.3561   0.3582   0.3603   0.3625   0.3646   0.3667   0.3689    0.371   0.3731   0.3753   0.3774   0.3795   0.3817   0.3838   0.3859   0.3881   0.3902   0.3923   0.3945   0.3966   0.3987   0.4009    0.403   0.4051   0.4072   0.4094   0.4115   0.4136   0.4158   0.4179     0.42   0.4222   0.4243   0.4264   0.4286   0.4307   0.4328    0.435   0.4371   0.4392   0.4414   0.4435   0.4456   0.4478   0.4499    0.452   0.4542   0.4563   0.4584   0.4606   0.4627   0.4648    0.467   0.4691   0.4712   0.4733   0.4755   0.4776   0.4797   0.4819    0.484   0.4861   0.4883   0.4904   0.4925   0.4947   0.4968   0.4989
    S      0.0      1.0   0.3054   0.4456     0.15   0.1799   0.1095   0.1888   0.1216   0.1738   0.0955   0.1012   0.1608   0.0389   0.0458    0.104   0.1288   0.0945   0.1559   0.0622   0.0366   0.0578   0.0885   0.0185    0.073   0.0979   0.0781   0.0633   0.0754   0.1146    0.125   0.1008   0.1292   0.2231   0.2222   0.1398   0.1656   0.1374   0.0574   0.0229   0.0472   0.4197   0.1522   0.0501    0.074   0.0895   0.1208   0.0903   0.0291   0.1508   0.0686   0.0744     0.19   0.1075   0.1468   0.1207   0.0332   0.0274   0.0308   0.0539   0.0351   0.1726   0.0121   0.0966   0.1462   0.1136   0.0877   0.1947   0.1119   0.0954   0.0942    0.061   0.1189   0.0292   0.0521   0.1033   0.0338   0.0715   0.0909   0.0591   0.0724   0.0644   0.2223   0.1003   0.1855   0.1939   0.0235   0.0707   0.1104   0.1822   0.0882   0.0913   0.0819   0.2026   0.2109   0.0643     0.13   0.0809   0.1047   0.1938   0.0829   0.1188   0.2025   0.0566    0.077   0.1081   0.0623   0.1705   0.1639   0.1414   0.1257   0.0994   0.1281   0.1801   0.2289   0.0332   0.0485   0.0624   0.2907   0.0642    0.164   0.0696   0.0972   0.0707   0.0664   0.1839   0.1103   0.1334   0.1115   0.1281   0.0818   0.0683   0.0388   0.0554   0.0153   0.1321   0.1864   0.1137   0.0738   0.0422    0.172   0.0739   0.0697   0.1266   0.1869   0.0821   0.1217   0.1184   0.0321   0.0376   0.1182   0.0886   0.0742   0.0995   0.3171   0.2271   0.1607   0.0564   0.1549   0.0561   0.0421   0.2091   0.0266   0.0331   0.1047   0.1283   0.0718   0.1773    0.213   0.1328     0.19   0.1142   0.0937   0.0744   0.0577   0.0491   0.0545   0.1032   0.0536   0.0819   0.0482   0.2307   0.1859   0.0326   0.2541   0.0785   0.1481   0.0914   0.2132   0.0638   0.1205    0.052   0.0874   0.0527   0.2149   0.0829   0.0768   0.0634   0.1867   0.1286   0.1122   0.1071   0.1459   0.0698   0.1437   0.0843   0.0592   0.0507   0.1905   0.0696   0.0133   0.0497   0.0481   0.0274   0.0992   0.1451   0.0449   0.0745   0.0668   0.2262   0.1542   0.1044   0.0544   0.0614   0.0705   0.0794   0.2095   0.1599   0.0769   0.1042    0.196   0.1861   0.1532   0.1305   0.0104
  snr   -14.11
    H     5.25
 exon    False

M: eiip
 freq      0.0   0.0021   0.0043   0.0064   0.0085   0.0107   0.0128   0.0149   0.0171   0.0192   0.0213   0.0235   0.0256   0.0277   0.0299    0.032   0.0341   0.0362   0.0384   0.0405   0.0426   0.0448   0.0469    0.049   0.0512   0.0533   0.0554   0.0576   0.0597   0.0618    0.064   0.0661   0.0682   0.0704   0.0725   0.0746   0.0768   0.0789    0.081   0.0832   0.0853   0.0874   0.0896   0.0917   0.0938   0.0959   0.0981   0.1002   0.1023   0.1045   0.1066   0.1087   0.1109    0.113   0.1151   0.1173   0.1194   0.1215   0.1237   0.1258   0.1279   0.1301   0.1322   0.1343   0.1365   0.1386   0.1407   0.1429    0.145   0.1471   0.1493   0.1514   0.1535   0.1557   0.1578   0.1599    0.162   0.1642   0.1663   0.1684   0.1706   0.1727   0.1748    0.177   0.1791   0.1812   0.1834   0.1855   0.1876   0.1898   0.1919    0.194   0.1962   0.1983   0.2004   0.2026   0.2047   0.2068    0.209   0.2111   0.2132   0.2154   0.2175   0.2196   0.2217   0.2239    0.226   0.2281   0.2303   0.2324   0.2345   0.2367   0.2388   0.2409   0.2431   0.2452   0.2473   0.2495   0.2516   0.2537   0.2559    0.258   0.2601   0.2623   0.2644   0.2665   0.2687   0.2708   0.2729   0.2751   0.2772   0.2793   0.2814   0.2836   0.2857   0.2878     0.29   0.2921   0.2942   0.2964   0.2985   0.3006   0.3028   0.3049    0.307   0.3092   0.3113   0.3134   0.3156   0.3177   0.3198    0.322   0.3241   0.3262   0.3284   0.3305   0.3326   0.3348   0.3369    0.339   0.3412   0.3433   0.3454   0.3475   0.3497   0.3518   0.3539   0.3561   0.3582   0.3603   0.3625   0.3646   0.3667   0.3689    0.371   0.3731   0.3753   0.3774   0.3795   0.3817   0.3838   0.3859   0.3881   0.3902   0.3923   0.3945   0.3966   0.3987   0.4009    0.403   0.4051   0.4072   0.4094   0.4115   0.4136   0.4158   0.4179     0.42   0.4222   0.4243   0.4264   0.4286   0.4307   0.4328    0.435   0.4371   0.4392   0.4414   0.4435   0.4456   0.4478   0.4499    0.452   0.4542   0.4563   0.4584   0.4606   0.4627   0.4648    0.467   0.4691   0.4712   0.4733   0.4755   0.4776   0.4797   0.4819    0.484   0.4861   0.4883   0.4904   0.4925   0.4947   0.4968   0.4989
    S      0.0    0.633   0.5618   0.6456   0.0955   0.3367   0.3836   0.1458    0.005   0.0237   0.0363   0.1944   0.3016    0.221   0.1073   0.5453   0.5135   0.0053    0.823   0.0982    0.046   0.1298   0.0887   0.0222   0.0597   0.3638   0.2371   0.0007   0.1549   0.3384   0.0966   0.3586   0.2587   0.2438   0.2655   0.0357   0.1376   0.0476   0.0734   0.0502   0.2009   0.6376   0.5014   0.3609   0.0316   0.1352   0.1141   0.3474   0.1005    0.098   0.0201   0.5084   0.4805   0.3291   0.3545   0.0783   0.2048   0.1403   0.0104   0.0995   0.0896   0.0613   0.0281   0.1106   0.2322   0.3405   0.3314   0.2565   0.7251   0.0598   0.0129    0.041   0.0636   0.0418   0.2074   0.2208   0.0381   0.2184   0.6851   0.1326   0.1332   0.1255   0.2105   0.0049   0.4895   0.3268   0.0062   0.1486   0.1508    0.789   0.3193   0.3932   0.5762   0.5641   0.6296   0.2585   0.6803   0.1236   0.2629   0.0842   0.5707   0.4688    0.486   0.1158   0.5927   0.1877   0.0702   0.5544   0.4939   0.5764   0.2078   0.1052   0.7379   0.1351   0.3148   0.1571   0.1101   0.1964   0.8066   0.1811   0.4358   0.0668   0.3048   0.0841   0.1756    0.313    0.016   0.0714   0.4709   0.0788   0.1412   0.0353   0.0893   0.2989   0.0737    0.163   0.1474   0.7637   0.3431   0.1636   0.2749   0.4164   0.0031   0.1846   0.2379   0.1903   0.2051   0.3661   0.1099   0.0815    0.247   0.2095   0.1109   0.4364   0.0592   0.6779   0.0139   0.1501   0.0869   0.0355    0.163   0.3672   0.0445   0.1341   0.7154   0.0534   0.3018   0.4965   0.1755   0.1466      1.0   0.3984   0.0566   0.1388   0.2649   0.0501   0.2904   0.0356   0.4047   0.2625    0.035   0.1539   0.2582   0.0284   0.1196   0.2304   0.0347     0.39    0.221   0.3516   0.1973   0.0435   0.1952   0.2403    0.495   0.2284    0.035   0.1659   0.0142   0.2676   0.0928   0.2952   0.5168   0.1056    0.122   0.2808   0.2383   0.0648   0.5309   0.3102   0.0192   0.0834   0.3267   0.1121   0.3016   0.6938   0.0727    0.394   0.1062   0.1995   0.1285   0.0633   0.1906   0.1892    0.064   0.2574   0.2746   0.2515   0.1604   0.2099   0.7719   0.1197   0.5249   0.1735   0.0058
  snr   -17.44
    H     5.12
 exon    False

M: qpsk
 freq      0.0   0.0021   0.0043   0.0064   0.0085   0.0107   0.0128   0.0149   0.0171   0.0192   0.0213   0.0235   0.0256   0.0277   0.0299    0.032   0.0341   0.0362   0.0384   0.0405   0.0426   0.0448   0.0469    0.049   0.0512   0.0533   0.0554   0.0576   0.0597   0.0618    0.064   0.0661   0.0682   0.0704   0.0725   0.0746   0.0768   0.0789    0.081   0.0832   0.0853   0.0874   0.0896   0.0917   0.0938   0.0959   0.0981   0.1002   0.1023   0.1045   0.1066   0.1087   0.1109    0.113   0.1151   0.1173   0.1194   0.1215   0.1237   0.1258   0.1279   0.1301   0.1322   0.1343   0.1365   0.1386   0.1407   0.1429    0.145   0.1471   0.1493   0.1514   0.1535   0.1557   0.1578   0.1599    0.162   0.1642   0.1663   0.1684   0.1706   0.1727   0.1748    0.177   0.1791   0.1812   0.1834   0.1855   0.1876   0.1898   0.1919    0.194   0.1962   0.1983   0.2004   0.2026   0.2047   0.2068    0.209   0.2111   0.2132   0.2154   0.2175   0.2196   0.2217   0.2239    0.226   0.2281   0.2303   0.2324   0.2345   0.2367   0.2388   0.2409   0.2431   0.2452   0.2473   0.2495   0.2516   0.2537   0.2559    0.258   0.2601   0.2623   0.2644   0.2665   0.2687   0.2708   0.2729   0.2751   0.2772   0.2793   0.2814   0.2836   0.2857   0.2878     0.29   0.2921   0.2942   0.2964   0.2985   0.3006   0.3028   0.3049    0.307   0.3092   0.3113   0.3134   0.3156   0.3177   0.3198    0.322   0.3241   0.3262   0.3284   0.3305   0.3326   0.3348   0.3369    0.339   0.3412   0.3433   0.3454   0.3475   0.3497   0.3518   0.3539   0.3561   0.3582   0.3603   0.3625   0.3646   0.3667   0.3689    0.371   0.3731   0.3753   0.3774   0.3795   0.3817   0.3838   0.3859   0.3881   0.3902   0.3923   0.3945   0.3966   0.3987   0.4009    0.403   0.4051   0.4072   0.4094   0.4115   0.4136   0.4158   0.4179     0.42   0.4222   0.4243   0.4264   0.4286   0.4307   0.4328    0.435   0.4371   0.4392   0.4414   0.4435   0.4456   0.4478   0.4499    0.452   0.4542   0.4563   0.4584   0.4606   0.4627   0.4648    0.467   0.4691   0.4712   0.4733   0.4755   0.4776   0.4797   0.4819    0.484   0.4861   0.4883   0.4904   0.4925   0.4947   0.4968   0.4989
    S      0.0      1.0   0.4479   0.5101   0.2407   0.2747   0.0316   0.2847    0.094    0.109   0.0912   0.1284   0.2305   0.0512   0.0707   0.1244   0.1902   0.1169   0.2177   0.1055    0.061   0.0438    0.138    0.019   0.0733   0.1175   0.1313   0.0326   0.0996   0.1498   0.1518   0.1621   0.0394    0.341    0.337   0.1468   0.2718   0.1523   0.0702   0.0099   0.0669   0.6425   0.2454   0.0462   0.0431   0.1007   0.2089   0.1183    0.038   0.1551    0.104   0.1164   0.2887   0.1673   0.1121   0.1461    0.041   0.0393   0.0474   0.0427   0.0536   0.1556   0.0205   0.0931   0.1022   0.1507    0.099   0.0405   0.1061   0.0573   0.1521   0.0874   0.0501     0.05   0.0785   0.1262   0.0365   0.0178   0.1044   0.0656   0.0738   0.0624   0.2432   0.1745    0.319   0.3308   0.0339   0.0887   0.0578   0.2479   0.1305   0.0975   0.1041   0.2877   0.2672   0.0527   0.1989   0.0894   0.1537    0.172   0.0619   0.0305   0.1553   0.0872   0.0636   0.0801   0.0102   0.2884    0.054   0.0653   0.1527   0.1228   0.1774   0.2306   0.2736    0.043   0.0696   0.0931   0.4163   0.0871    0.277   0.0181   0.0947   0.0346   0.0778   0.2735   0.1528   0.1336   0.0455   0.1561   0.1048   0.0262   0.0286   0.0452   0.0062   0.1228   0.1225   0.1952   0.0638   0.0454   0.2491   0.1017   0.0418   0.1262   0.0191   0.1336   0.0643   0.0598   0.0394   0.0091   0.1747   0.1448   0.0912   0.0552   0.4069   0.3583   0.1543   0.0893   0.1763    0.087   0.0602   0.1443    0.025    0.038   0.1504   0.1205   0.1254   0.2847   0.3647   0.0684   0.3308   0.1987   0.1034   0.0923    0.074   0.0636   0.0864   0.1238   0.0684   0.0948     0.05   0.0765   0.1476   0.0461   0.3558   0.1331   0.2364   0.1572   0.2387   0.0496   0.1419   0.0178   0.1303   0.0575   0.3063   0.1023   0.0322   0.0139   0.1514   0.1824   0.0794   0.0526   0.1895   0.1152   0.0879   0.1262   0.0942   0.0639     0.33   0.1084   0.0219   0.0586   0.0672   0.0226   0.0597   0.2295   0.0479   0.1295   0.0734   0.2724   0.0628   0.1661    0.019   0.0167   0.1138   0.0461   0.2701     0.06   0.1108   0.1699   0.2035   0.0598   0.1823   0.0372   0.0094
  snr   -14.72
    H     5.16
 exon    False

M: mem
 freq      0.0   0.0021   0.0043   0.0064   0.0085   0.0107   0.0128    0.015   0.0171   0.0192   0.0214   0.0235   0.0256   0.0278   0.0299   0.0321   0.0342   0.0363   0.0385   0.0406   0.0427   0.0449    0.047   0.0491   0.0513   0.0534   0.0556   0.0577   0.0598    0.062   0.0641   0.0662   0.0684   0.0705   0.0726   0.0748   0.0769   0.0791   0.0812   0.0833   0.0855   0.0876   0.0897   0.0919    0.094   0.0962   0.0983   0.1004   0.1026   0.1047   0.1068    0.109   0.1111   0.1132   0.1154   0.1175   0.1197   0.1218   0.1239   0.1261   0.1282   0.1303   0.1325   0.1346   0.1368   0.1389    0.141   0.1432   0.1453   0.1474   0.1496   0.1517   0.1538    0.156   0.1581   0.1603   0.1624   0.1645   0.1667   0.1688   0.1709   0.1731   0.1752   0.1774   0.1795   0.1816   0.1838   0.1859    0.188   0.1902   0.1923   0.1944   0.1966   0.1987   0.2009    0.203   0.2051   0.2073   0.2094   0.2115   0.2137   0.2158   0.2179   0.2201   0.2222   0.2244   0.2265   0.2286   0.2308   0.2329    0.235   0.2372   0.2393   0.2415   0.2436   0.2457   0.2479     0.25   0.2521   0.2543   0.2564   0.2585   0.2607   0.2628    0.265   0.2671   0.2692   0.2714   0.2735   0.2756   0.2778   0.2799   0.2821   0.2842   0.2863   0.2885   0.2906   0.2927   0.2949    0.297   0.2991   0.3013   0.3034   0.3056   0.3077   0.3098    0.312   0.3141   0.3162   0.3184   0.3205   0.3226   0.3248   0.3269   0.3291   0.3312   0.3333   0.3355   0.3376   0.3397   0.3419    0.344   0.3462   0.3483   0.3504   0.3526   0.3547   0.3568    0.359   0.3611   0.3632   0.3654   0.3675   0.3697   0.3718   0.3739   0.3761   0.3782   0.3803   0.3825   0.3846   0.3868   0.3889    0.391   0.3932   0.3953   0.3974   0.3996   0.4017   0.4038    0.406   0.4081   0.4103   0.4124   0.4145   0.4167   0.4188   0.4209   0.4231   0.4252   0.4274   0.4295   0.4316   0.4338   0.4359    0.438   0.4402   0.4423   0.4444   0.4466   0.4487   0.4509    0.453   0.4551   0.4573   0.4594   0.4615   0.4637   0.4658   0.4679   0.4701   0.4722   0.4744   0.4765   0.4786   0.4808   0.4829    0.485   0.4872   0.4893   0.4915   0.4936   0.4957   0.4979
    S      0.0      1.0   0.2169   0.5058   0.0177   0.2096    0.017   0.0394   0.0382   0.0867   0.0067   0.1055   0.1647   0.0492    0.052   0.0848   0.0654    0.004   0.1743   0.0459   0.0098   0.0162   0.0136   0.0006   0.0618    0.103   0.0697   0.0181    0.128   0.0083   0.0482   0.1124   0.0097   0.1544   0.0693   0.1518   0.0142   0.0213   0.0588   0.0023   0.0437   0.0345   0.2617   0.0348   0.0299   0.0851   0.0714   0.0038   0.0214    0.039   0.0194   0.1244   0.2314   0.0694   0.0286   0.0766   0.0338   0.0354   0.0017   0.0209   0.0159   0.0405   0.0198   0.0177   0.0544   0.1007   0.0622   0.0897   0.0593   0.0324   0.0287   0.0338   0.0212    0.022   0.0165   0.0566   0.0024   0.0083     0.05   0.0369   0.0359   0.0028   0.2219   0.0144   0.1421   0.2122   0.0001   0.0029   0.0068    0.178   0.1373   0.0764    0.104   0.2416   0.1634   0.0276   0.2463   0.0072   0.1417   0.0808   0.0281    0.027   0.0246   0.1265   0.0195   0.0012   0.0104   0.1297   0.0005    0.042   0.2271    0.131   0.0683   0.1046   0.2864   0.0832   0.0034   0.1027   0.2848    0.011   0.1571   0.0166   0.0904   0.0373   0.0311   0.0718   0.1032   0.0057   0.0097   0.0156   0.1675   0.0147   0.0076    0.014   0.0186   0.0663   0.2104   0.0649   0.0612   0.0296     0.03   0.0626   0.0505   0.0054   0.0024   0.0051   0.0478   0.0102   0.0311   0.0156   0.1758   0.0642   0.0175   0.0792   0.0989   0.3074   0.0503   0.0408   0.0163   0.0496   0.1567   0.0516   0.0029   0.0635   0.1845   0.0124   0.0294   0.1801   0.0568   0.0086   0.2595   0.1261   0.0887   0.0452   0.0072   0.0427   0.0704    0.009   0.0479   0.1206   0.0358   0.0545   0.0755   0.0377    0.052   0.0089   0.0051   0.1462   0.0604   0.0215   0.0068   0.0176   0.0088   0.2377   0.1012   0.0247   0.0117   0.0272   0.0697   0.0163   0.1076   0.0378   0.0061   0.0536   0.0318   0.1353   0.0694   0.0163   0.0957    0.018   0.0037   0.0392   0.0136   0.0276   0.1173   0.0763   0.1385   0.0087   0.0507   0.0188   0.0512   0.0053   0.0091   0.0106   0.0206   0.0156   0.0054   0.0281   0.0733   0.1935   0.0632   0.0051   0.0456    0.042
  snr   -11.85
    H     4.89
 exon    False

M: alg1
 freq      0.0   0.0021   0.0043   0.0064   0.0085   0.0107   0.0128   0.0149   0.0171   0.0192   0.0213   0.0235   0.0256   0.0277   0.0299    0.032   0.0341   0.0362   0.0384   0.0405   0.0426   0.0448   0.0469    0.049   0.0512   0.0533   0.0554   0.0576   0.0597   0.0618    0.064   0.0661   0.0682   0.0704   0.0725   0.0746   0.0768   0.0789    0.081   0.0832   0.0853   0.0874   0.0896   0.0917   0.0938   0.0959   0.0981   0.1002   0.1023   0.1045   0.1066   0.1087   0.1109    0.113   0.1151   0.1173   0.1194   0.1215   0.1237   0.1258   0.1279   0.1301   0.1322   0.1343   0.1365   0.1386   0.1407   0.1429    0.145   0.1471   0.1493   0.1514   0.1535   0.1557   0.1578   0.1599    0.162   0.1642   0.1663   0.1684   0.1706   0.1727   0.1748    0.177   0.1791   0.1812   0.1834   0.1855   0.1876   0.1898   0.1919    0.194   0.1962   0.1983   0.2004   0.2026   0.2047   0.2068    0.209   0.2111   0.2132   0.2154   0.2175   0.2196   0.2217   0.2239    0.226   0.2281   0.2303   0.2324   0.2345   0.2367   0.2388   0.2409   0.2431   0.2452   0.2473   0.2495   0.2516   0.2537   0.2559    0.258   0.2601   0.2623   0.2644   0.2665   0.2687   0.2708   0.2729   0.2751   0.2772   0.2793   0.2814   0.2836   0.2857   0.2878     0.29   0.2921   0.2942   0.2964   0.2985   0.3006   0.3028   0.3049    0.307   0.3092   0.3113   0.3134   0.3156   0.3177   0.3198    0.322   0.3241   0.3262   0.3284   0.3305   0.3326   0.3348   0.3369    0.339   0.3412   0.3433   0.3454   0.3475   0.3497   0.3518   0.3539   0.3561   0.3582   0.3603   0.3625   0.3646   0.3667   0.3689    0.371   0.3731   0.3753   0.3774   0.3795   0.3817   0.3838   0.3859   0.3881   0.3902   0.3923   0.3945   0.3966   0.3987   0.4009    0.403   0.4051   0.4072   0.4094   0.4115   0.4136   0.4158   0.4179     0.42   0.4222   0.4243   0.4264   0.4286   0.4307   0.4328    0.435   0.4371   0.4392   0.4414   0.4435   0.4456   0.4478   0.4499    0.452   0.4542   0.4563   0.4584   0.4606   0.4627   0.4648    0.467   0.4691   0.4712   0.4733   0.4755   0.4776   0.4797   0.4819    0.484   0.4861   0.4883   0.4904   0.4925   0.4947   0.4968   0.4989
    S      0.0      1.0   0.3619   0.4256    0.201   0.1178   0.0722   0.2772   0.1705   0.2398   0.1672    0.113   0.1582   0.0104   0.0328   0.0677   0.1074   0.1477   0.1078   0.0535   0.0299   0.0816   0.1254   0.0259   0.0687   0.0935   0.0658   0.1014    0.047   0.0605   0.1697   0.0571    0.193   0.1997   0.3029   0.1003   0.2278   0.2245   0.0727   0.0193   0.0352   0.4627   0.0799   0.0225   0.0703   0.1088   0.0948   0.0391   0.0249   0.1991   0.0802   0.0228   0.1342   0.0985    0.121   0.0693   0.0086   0.0139   0.0402   0.0748    0.032   0.2523   0.0105   0.1469   0.2174   0.0697    0.066    0.245   0.0569   0.1544   0.1113   0.0923   0.0977   0.0344   0.0321   0.0998   0.0182   0.0947   0.0194   0.0674   0.0984    0.094   0.2355   0.1006   0.1436   0.1725    0.018   0.0358   0.1729   0.1251   0.0531   0.0546   0.0346   0.2281   0.1565   0.0623   0.0599   0.1222   0.0592   0.3068   0.0414   0.1181   0.1121   0.0372   0.0234   0.1383   0.0878   0.1406   0.0941   0.0962    0.086    0.149   0.0298   0.2221   0.2198   0.0253   0.0299   0.0603      0.2    0.049   0.1404   0.1124   0.1108   0.0531    0.085   0.1682   0.0703   0.2201   0.0895   0.2075   0.0613   0.0894   0.0462   0.0248    0.015   0.1597   0.2247    0.034   0.0749   0.0331    0.135   0.0293   0.0683   0.1224   0.2633   0.0886   0.1655   0.1365   0.0136   0.0519   0.0615   0.0916   0.1095   0.0828   0.2325   0.1433   0.2442     0.04   0.2307    0.036   0.0345   0.1939   0.0412   0.0177   0.0414   0.1471   0.0414   0.1795   0.2089    0.109   0.1039   0.0553   0.1168   0.0435   0.0315   0.0465   0.0156    0.171   0.0161   0.0649   0.0798   0.3546   0.2962   0.0447   0.3066   0.0546   0.2203   0.0535    0.314   0.0197   0.1554   0.0568    0.048   0.0364   0.1761   0.0393   0.0989   0.0832   0.2963   0.1479   0.1056   0.1401   0.1308    0.047   0.2243   0.0828   0.0467   0.0604   0.1792   0.0404   0.0083   0.0304   0.0079   0.0097   0.1155   0.0955   0.0662   0.0327    0.101   0.3045   0.1955   0.1391   0.0581   0.0803   0.0679   0.0414    0.303   0.1922   0.0595   0.0932   0.1691    0.183    0.127   0.1123   0.0105
  snr    -14.1
    H     5.15
 exon    False

M: alg2
 freq      0.0   0.0021   0.0043   0.0064   0.0085   0.0107   0.0128   0.0149   0.0171   0.0192   0.0213   0.0235   0.0256   0.0277   0.0299    0.032   0.0341   0.0362   0.0384   0.0405   0.0426   0.0448   0.0469    0.049   0.0512   0.0533   0.0554   0.0576   0.0597   0.0618    0.064   0.0661   0.0682   0.0704   0.0725   0.0746   0.0768   0.0789    0.081   0.0832   0.0853   0.0874   0.0896   0.0917   0.0938   0.0959   0.0981   0.1002   0.1023   0.1045   0.1066   0.1087   0.1109    0.113   0.1151   0.1173   0.1194   0.1215   0.1237   0.1258   0.1279   0.1301   0.1322   0.1343   0.1365   0.1386   0.1407   0.1429    0.145   0.1471   0.1493   0.1514   0.1535   0.1557   0.1578   0.1599    0.162   0.1642   0.1663   0.1684   0.1706   0.1727   0.1748    0.177   0.1791   0.1812   0.1834   0.1855   0.1876   0.1898   0.1919    0.194   0.1962   0.1983   0.2004   0.2026   0.2047   0.2068    0.209   0.2111   0.2132   0.2154   0.2175   0.2196   0.2217   0.2239    0.226   0.2281   0.2303   0.2324   0.2345   0.2367   0.2388   0.2409   0.2431   0.2452   0.2473   0.2495   0.2516   0.2537   0.2559    0.258   0.2601   0.2623   0.2644   0.2665   0.2687   0.2708   0.2729   0.2751   0.2772   0.2793   0.2814   0.2836   0.2857   0.2878     0.29   0.2921   0.2942   0.2964   0.2985   0.3006   0.3028   0.3049    0.307   0.3092   0.3113   0.3134   0.3156   0.3177   0.3198    0.322   0.3241   0.3262   0.3284   0.3305   0.3326   0.3348   0.3369    0.339   0.3412   0.3433   0.3454   0.3475   0.3497   0.3518   0.3539   0.3561   0.3582   0.3603   0.3625   0.3646   0.3667   0.3689    0.371   0.3731   0.3753   0.3774   0.3795   0.3817   0.3838   0.3859   0.3881   0.3902   0.3923   0.3945   0.3966   0.3987   0.4009    0.403   0.4051   0.4072   0.4094   0.4115   0.4136   0.4158   0.4179     0.42   0.4222   0.4243   0.4264   0.4286   0.4307   0.4328    0.435   0.4371   0.4392   0.4414   0.4435   0.4456   0.4478   0.4499    0.452   0.4542   0.4563   0.4584   0.4606   0.4627   0.4648    0.467   0.4691   0.4712   0.4733   0.4755   0.4776   0.4797   0.4819    0.484   0.4861   0.4883   0.4904   0.4925   0.4947   0.4968   0.4989
    S      0.0      1.0   0.1068   0.4056   0.0096   0.1387   0.0606   0.0113   0.0747    0.133     0.01   0.0589   0.0938   0.0173   0.0339   0.0229   0.0078    0.015   0.0285   0.0278   0.0139   0.0087   0.0032   0.0036   0.0712   0.0232   0.0237   0.0357   0.0756   0.0352   0.0536   0.0589   0.0251   0.1402   0.0344   0.1697   0.0006   0.0191   0.0312   0.0124   0.0199   0.0491   0.1121    0.004   0.0655   0.0353   0.0745   0.0188   0.0075    0.058   0.0213   0.0229   0.1308   0.0288   0.0645   0.1184   0.0052   0.0082   0.0046   0.0086   0.0019   0.0692   0.0038    0.024   0.0381   0.0795   0.0196   0.1218   0.0109   0.0326   0.0304   0.0011   0.1207   0.0016   0.0293   0.0518   0.0249    0.011   0.0044   0.0295   0.0163   0.0008   0.1928   0.0401   0.0858   0.0891   0.0161   0.0333   0.0188   0.0895   0.0438   0.0359    0.012   0.0373    0.162    0.016   0.0521   0.0007   0.1068   0.0572   0.0028    0.034    0.119   0.0456   0.0051    0.023    0.032    0.058   0.1003   0.0616   0.1292   0.0188   0.0614   0.0978   0.1778   0.0008   0.0428   0.0193   0.2563   0.0092   0.0565    0.023   0.0187   0.0597    0.004   0.0929   0.1039   0.0281   0.0257    0.014   0.0747   0.0438   0.0179   0.0223   0.0012    0.091   0.1426   0.0286   0.0031   0.0117    0.067   0.0025   0.0744   0.0508   0.0919   0.0022   0.0515   0.0203   0.0245   0.0097   0.1242   0.0131   0.0008   0.0206   0.2876    0.174   0.0577   0.0144    0.059   0.0449   0.0175   0.1749   0.0004   0.0179    0.012   0.1129   0.0244    0.025   0.0728   0.1132   0.0424   0.0739   0.0596   0.0501   0.0222   0.0415   0.0193   0.0074   0.0015    0.055   0.0053    0.109   0.0145   0.0056   0.1269   0.0081   0.0029   0.0211   0.0706   0.0218   0.0088   0.0444   0.0364   0.0242   0.1696   0.0317    0.057   0.0158   0.0664   0.0521   0.1131    0.021   0.0147   0.0538   0.0498   0.0013     0.02   0.0295   0.0018   0.0134     0.01   0.0324    0.001   0.0131   0.0163   0.0501   0.0059   0.0163   0.0021   0.0426   0.1021   0.0187   0.0108   0.0091   0.0253   0.0519   0.0293   0.0946   0.0655   0.0471   0.0396   0.1751   0.0308   0.1125   0.0107
  snr   -10.52
    H     4.86
 exon    False