>data-XV-cerevisiae-intergenic-392
N: 464
Methods: voss, eiip, qpsk, mem, alg1, alg2

M: voss
 freq      0.0   0.0022   0.0043   0.0065   0.0086   0.0108   0.0129   0.0151   0.0172   0.0194   0.0216   0.0237   0.0259    0.028   0.0302   0.0323   0.0345   0.0366   0.0388   0.0409   0.0431   0.0453   0.0474   0.0496   0.0517   0.0539    0.056   0.0582   0.0603   0.0625   0.0647   0.0668    0.069   0.0711   0.0733   0.0754   0.0776   0.0797   0.0819   0.0841   0.0862   0.0884   0.0905   0.0927   0.0948    0.097   0.0991   0.1013   0.1034   0.1056   0.1078   0.1099   0.1121   0.1142   0.1164   0.1185   0.1207   0.1228    0.125   0.1272   0.1293   0.1315   0.1336   0.1358   0.1379   0.1401   0.1422   0.1444   0.1466   0.1487   0.1509    0.153   0.1552   0.1573   0.1595   0.1616   0.1638   0.1659   0.1681   0.1703   0.1724   0.1746   0.1767   0.1789    0.181   0.1832   0.1853   0.1875   0.1897   0.1918    0.194   0.1961   0.1983   0.2004   0.2026   0.2047   0.2069   0.2091   0.2112   0.2134   0.2155   0.2177   0.2198    0.222   0.2241   0.2263   0.2284   0.2306   0.2328   0.2349   0.2371   0.2392   0.2414   0.2435   0.2457   0.2478     0.25   0.2522   0.2543   0.2565   0.2586   0.2608   0.2629   0.2651   0.2672   0.2694   0.2716   0.2737   0.2759    0.278   0.2802   0.2823   0.2845   0.2866   0.2888   0.2909   0.2931   0.2953   0.2974   0.2996   0.3017   0.3039    0.306   0.3082   0.3103   0.3125   0.3147   0.3168    0.319   0.3211   0.3233   0.3254   0.3276   0.3297   0.3319   0.3341   0.3362   0.3384   0.3405   0.3427   0.3448    0.347   0.3491   0.3513   0.3534   0.3556   0.3578   0.3599   0.3621   0.3642   0.3664   0.3685   0.3707   0.3728    0.375   0.3772   0.3793   0.3815   0.3836   0.3858   0.3879   0.3901   0.3922   0.3944   0.3966   0.3987   0.4009    0.403   0.4052   0.4073   0.4095   0.4116   0.4138   0.4159   0.4181   0.4203   0.4224   0.4246   0.4267   0.4289    0.431   0.4332   0.4353   0.4375   0.4397   0.4418    0.444   0.4461   0.4483   0.4504   0.4526   0.4547   0.4569   0.4591   0.4612   0.4634   0.4655   0.4677   0.4698    0.472   0.4741   0.4763   0.4784   0.4806   0.4828   0.4849   0.4871   0.4892   0.4914   0.4935   0.4957   0.4978
    S      0.0      1.0   0.1191   0.1169   0.1219    0.336   0.2029   0.1624   0.1411   0.1164   0.0554   0.1869   0.1966   0.0641   0.2068   0.2468    0.165   0.2349   0.0543   0.1852   0.0326   0.1174    0.408   0.4883   0.0957   0.1038   0.1563   0.1598   0.2241   0.0793   0.3037    0.358   0.2527   0.2457   0.1568   0.1562   0.2102   0.0897   0.1366   0.1632    0.217   0.0805   0.0579   0.2056   0.1368   0.0656   0.1748   0.1672   0.1715   0.1363   0.1029   0.2492   0.0868   0.1053   0.0353   0.0429   0.1207    0.143   0.0838   0.0111   0.3792   0.2689   0.0687   0.3459   0.1092   0.1846   0.0746   0.2499   0.0902   0.1354   0.1627   0.0921   0.0576   0.0846   0.1412   0.1428   0.1327   0.0683   0.1981   0.0357   0.1891   0.1154   0.2086   0.2077   0.2282   0.0912   0.2337   0.0833    0.046   0.2162   0.0681   0.0961    0.209   0.4416   0.2378   0.2123   0.0607   0.1552    0.077    0.054   0.0538   0.2176   0.1036   0.2569   0.0786   0.0722   0.1224   0.2234    0.229   0.0754   0.1464   0.0921   0.1192   0.0994   0.2247   0.0895   0.4885   0.0322   0.1224   0.1424   0.0599   0.0894   0.1593   0.0283    0.351   0.0785    0.117   0.1546   0.0647    0.033   0.0699   0.1966   0.1285   0.1565   0.0499   0.0603   0.1011   0.4265   0.1546   0.2004   0.1145    0.165   0.1312   0.0453   0.4542   0.2303   0.0613   0.1153    0.181   0.0756   0.0767   0.1315     0.13   0.0717   0.1442   0.1673    0.095   0.1455   0.2925   0.2116    0.017   0.2609   0.0453   0.1425   0.0192   0.0681   0.2087   0.0511   0.1915   0.0611   0.1696   0.1641    0.211   0.0327   0.3861   0.1641   0.0937   0.0359   0.1555   0.1094    0.096   0.2157   0.2094   0.0723   0.1466   0.1017   0.1968   0.1025   0.0818   0.1451   0.0949   0.1676   0.1387   0.4673   0.0337   0.0738   0.0823    0.074   0.0453   0.1694   0.0365   0.1507   0.1348   0.1618   0.0774   0.0749   0.3407   0.2612   0.0825   0.1341   0.1612   0.0372    0.169   0.2454    0.235    0.044   0.1263   0.2853   0.0762    0.021   0.0564   0.1595   0.2291   0.3457   0.2133   0.0602   0.1465   0.0815   0.1543    0.055   0.0889   0.2596
  snr   -15.34
    H     5.23
 exon    False

M: eiip
 freq      0.0   0.0022   0.0043   0.0065   0.0086   0.0108   0.0129   0.0151   0.0172   0.0194   0.0216   0.0237   0.0259    0.028   0.0302   0.0323   0.0345   0.0366   0.0388   0.0409   0.0431   0.0453   0.0474   0.0496   0.0517   0.0539    0.056   0.0582   0.0603   0.0625   0.0647   0.0668    0.069   0.0711   0.0733   0.0754   0.0776   0.0797   0.0819   0.0841   0.0862   0.0884   0.0905   0.0927   0.0948    0.097   0.0991   0.1013   0.1034   0.1056   0.1078   0.1099   0.1121   0.1142   0.1164   0.1185   0.1207   0.1228    0.125   0.1272   0.1293   0.1315   0.1336   0.1358   0.1379   0.1401   0.1422   0.1444   0.1466   0.1487   0.1509    0.153   0.1552   0.1573   0.1595   0.1616   0.1638   0.1659   0.1681   0.1703   0.1724   0.1746   0.1767   0.1789    0.181   0.1832   0.1853   0.1875   0.1897   0.1918    0.194   0.1961   0.1983   0.2004   0.2026   0.2047   0.2069   0.2091   0.2112   0.2134   0.2155   0.2177   0.2198    0.222   0.2241   0.2263   0.2284   0.2306   0.2328   0.2349   0.2371   0.2392   0.2414   0.2435   0.2457   0.2478     0.25   0.2522   0.2543   0.2565   0.2586   0.2608   0.2629   0.2651   0.2672   0.2694   0.2716   0.2737   0.2759    0.278   0.2802   0.2823   0.2845   0.2866   0.2888   0.2909   0.2931   0.2953   0.2974   0.2996   0.3017   0.3039    0.306   0.3082   0.3103   0.3125   0.3147   0.3168    0.319   0.3211   0.3233   0.3254   0.3276   0.3297   0.3319   0.3341   0.3362   0.3384   0.3405   0.3427   0.3448    0.347   0.3491   0.3513   0.3534   0.3556   0.3578   0.3599   0.3621   0.3642   0.3664   0.3685   0.3707   0.3728    0.375   0.3772   0.3793   0.3815   0.3836   0.3858   0.3879   0.3901   0.3922   0.3944   0.3966   0.3987   0.4009    0.403   0.4052   0.4073   0.4095   0.4116   0.4138   0.4159   0.4181   0.4203   0.4224   0.4246   0.4267   0.4289    0.431   0.4332   0.4353   0.4375   0.4397   0.4418    0.444   0.4461   0.4483   0.4504   0.4526   0.4547   0.4569   0.4591   0.4612   0.4634   0.4655   0.4677   0.4698    0.472   0.4741   0.4763   0.4784   0.4806   0.4828   0.4849   0.4871   0.4892   0.4914   0.4935   0.4957   0.4978
    S      0.0   0.6164   0.1348   0.1612    0.283   0.1709   0.0432   0.2794   0.1578   0.2277   0.0252   0.4747   0.0014   0.1502   0.0703   0.0581   0.0191   0.2361   0.0061     0.06   0.0301   0.0526   0.4521   0.1812   0.0855   0.1397   0.1148     0.08   0.2172   0.1175   0.0779   0.1364   0.0447   0.4285   0.2258   0.1301   0.0674   0.1854     0.06   0.1254   0.0792   0.0722   0.1645   0.1145   0.0836   0.0086   0.1708   0.0838   0.2004   0.1282   0.0871   0.3991   0.0482   0.0243   0.0154   0.0301   0.1337   0.1097   0.1633   0.0268   0.0016   0.2697   0.1407   0.5784   0.2036   0.0053   0.0719    0.166   0.2052   0.0372   0.3527   0.0671   0.0986   0.1533   0.0974    0.191   0.0509   0.0232   0.2434    0.036    0.123   0.1011    0.272   0.1281   0.4549   0.1191   0.1037    0.039   0.0318   0.2888   0.0195    0.206    0.486   0.4235   0.1969    0.198   0.0389   0.3351   0.1088   0.0742   0.0422   0.4939   0.0567   0.2306   0.2163   0.0553   0.2032   0.0409   0.4261   0.0966    0.064   0.2388   0.0345   0.1547   0.1804   0.0815   0.9469   0.0067   0.0079    0.353   0.0853   0.0816    0.349   0.0348   0.4463   0.1355   0.1394   0.1337   0.0397   0.0564   0.0901   0.0762    0.121   0.0398   0.0684   0.1767   0.2168   0.7139   0.0187   0.0326   0.1463   0.0447   0.1857   0.1341      1.0   0.3954   0.0252   0.0949   0.0275   0.1712   0.0003   0.1383   0.0003   0.0159   0.1144   0.3032   0.0681    0.204    0.454   0.4492   0.0047   0.2234   0.0741    0.096   0.0019    0.002   0.0636   0.0555   0.0428   0.0287   0.3329   0.0248   0.4327   0.0047   0.5386   0.4755   0.1121   0.0389   0.0803   0.1936   0.0361   0.0453   0.3867   0.0205   0.4379   0.2226   0.1475   0.0862   0.0312   0.1114   0.1499   0.0393   0.1113   0.0306   0.0551   0.0354   0.1956   0.1107   0.0246   0.0029   0.0061   0.3271   0.0162   0.2609   0.0022   0.1487   0.2326   0.0985   0.0586    0.077   0.3624   0.0198   0.0893   0.2105   0.5526   0.0031   0.1584   0.3731   0.0424   0.0361   0.0491   0.0153   0.0373      0.0   0.3863   0.0148   0.0781   0.0145   0.0267   0.0154   0.0944   0.0705
  snr   -15.31
    H     4.98
 exon    False

M: qpsk
 freq      0.0   0.0022   0.0043   0.0065   0.0086   0.0108   0.0129   0.0151   0.0172   0.0194   0.0216   0.0237   0.0259    0.028   0.0302   0.0323   0.0345   0.0366   0.0388   0.0409   0.0431   0.0453   0.0474   0.0496   0.0517   0.0539    0.056   0.0582   0.0603   0.0625   0.0647   0.0668    0.069   0.0711   0.0733   0.0754   0.0776   0.0797   0.0819   0.0841   0.0862   0.0884   0.0905   0.0927   0.0948    0.097   0.0991   0.1013   0.1034   0.1056   0.1078   0.1099   0.1121   0.1142   0.1164   0.1185   0.1207   0.1228    0.125   0.1272   0.1293   0.1315   0.1336   0.1358   0.1379   0.1401   0.1422   0.1444   0.1466   0.1487   0.1509    0.153   0.1552   0.1573   0.1595   0.1616   0.1638   0.1659   0.1681   0.1703   0.1724   0.1746   0.1767   0.1789    0.181   0.1832   0.1853   0.1875   0.1897   0.1918    0.194   0.1961   0.1983   0.2004   0.2026   0.2047   0.2069   0.2091   0.2112   0.2134   0.2155   0.2177   0.2198    0.222   0.2241   0.2263   0.2284   0.2306   0.2328   0.2349   0.2371   0.2392   0.2414   0.2435   0.2457   0.2478     0.25   0.2522   0.2543   0.2565   0.2586   0.2608   0.2629   0.2651   0.2672   0.2694   0.2716   0.2737   0.2759    0.278   0.2802   0.2823   0.2845   0.2866   0.2888   0.2909   0.2931   0.2953   0.2974   0.2996   0.3017   0.3039    0.306   0.3082   0.3103   0.3125   0.3147   0.3168    0.319   0.3211   0.3233   0.3254   0.3276   0.3297   0.3319   0.3341   0.3362   0.3384   0.3405   0.3427   0.3448    0.347   0.3491   0.3513   0.3534   0.3556   0.3578   0.3599   0.3621   0.3642   0.3664   0.3685   0.3707   0.3728    0.375   0.3772   0.3793   0.3815   0.3836   0.3858   0.3879   0.3901   0.3922   0.3944   0.3966   0.3987   0.4009    0.403   0.4052   0.4073   0.4095   0.4116   0.4138   0.4159   0.4181   0.4203   0.4224   0.4246   0.4267   0.4289    0.431   0.4332   0.4353   0.4375   0.4397   0.4418    0.444   0.4461   0.4483   0.4504   0.4526   0.4547   0.4569   0.4591   0.4612   0.4634   0.4655   0.4677   0.4698    0.472   0.4741   0.4763   0.4784   0.4806   0.4828   0.4849   0.4871   0.4892   0.4914   0.4935   0.4957   0.4978
    S      0.0      1.0   0.0742   0.0669   0.1015    0.436   0.2211   0.2059   0.1518   0.1172   0.0324   0.1442   0.2098   0.0482   0.1522   0.1587   0.1589   0.1556    0.039    0.024   0.0158   0.0988   0.2895    0.486   0.0797   0.1269   0.1529   0.1881   0.2649   0.0267   0.1321   0.3313   0.1009   0.2473   0.1702   0.1855   0.0871   0.1168   0.1381   0.0066   0.1312   0.0704   0.0697   0.2232   0.1099   0.0208    0.038   0.1579    0.127   0.1659   0.0554   0.1984   0.0411   0.1009   0.0333   0.0476   0.1128   0.1303   0.0847    0.011   0.2143   0.2933   0.0828   0.1281   0.0468   0.1171   0.0975   0.1207   0.0664   0.1431   0.1112   0.0591   0.0545   0.0668   0.1152    0.141   0.0148   0.0762   0.1534   0.0179   0.1263   0.1491   0.0168   0.2695   0.1799   0.1102   0.2414   0.1088   0.0458   0.2673   0.0595   0.0636   0.1605   0.4557     0.04   0.2649   0.0698   0.2001   0.0536    0.042   0.0414   0.1148   0.0845   0.2924   0.0617   0.0814   0.1567   0.1447   0.2843   0.0324   0.1552    0.094   0.0536   0.0348   0.2909   0.0801    0.561    0.025   0.1247   0.1191   0.0563   0.0907   0.1057   0.0317   0.3697   0.0307   0.0216   0.0509   0.0568   0.0338   0.0652   0.0398   0.0978   0.1356   0.0574   0.0567   0.1321      0.4   0.1343   0.2497   0.0923   0.2129   0.1664   0.0353   0.4112    0.236   0.0309   0.1108   0.1047   0.0628   0.0692   0.1672   0.1104   0.0422   0.0717   0.1817   0.0458   0.1455   0.2842   0.2735   0.0185   0.2759   0.0165   0.1117    0.019   0.0543    0.206   0.0467   0.0599   0.0479   0.1509   0.0307   0.1523     0.03   0.4543   0.1203   0.1113   0.0389   0.1889   0.1258   0.0329   0.1171   0.1943   0.0522   0.1624   0.1307   0.1688   0.0504   0.0321   0.1216    0.098    0.127   0.1655    0.506   0.0402   0.0557   0.0852   0.0754   0.0526   0.0944   0.0336   0.1444   0.1603   0.2069   0.0758   0.0724   0.3479   0.2833   0.0854   0.0655   0.2065   0.0426   0.1493   0.1834   0.1733    0.051   0.0742   0.3698   0.0771    0.027   0.0446    0.104    0.134   0.2843   0.2536   0.0609   0.1883   0.0668   0.0353   0.0348   0.1158    0.161
  snr   -14.71
    H     5.15
 exon    False

M: mem
 freq      0.0   0.0022   0.0043   0.0065   0.0086   0.0108   0.0129   0.0151   0.0172   0.0194   0.0216   0.0237   0.0259    0.028   0.0302   0.0323   0.0345   0.0366   0.0388   0.0409   0.0431   0.0453   0.0474   0.0496   0.0517   0.0539    0.056   0.0582   0.0603   0.0625   0.0647   0.0668    0.069   0.0711   0.0733   0.0754   0.0776   0.0797   0.0819   0.0841   0.0862   0.0884   0.0905   0.0927   0.0948    0.097   0.0991   0.1013   0.1034   0.1056   0.1078   0.1099   0.1121   0.1142   0.1164   0.1185   0.1207   0.1228    0.125   0.1272   0.1293   0.1315   0.1336   0.1358   0.1379   0.1401   0.1422   0.1444   0.1466   0.1487   0.1509    0.153   0.1552   0.1573   0.1595   0.1616   0.1638   0.1659   0.1681   0.1703   0.1724   0.1746   0.1767   0.1789    0.181   0.1832   0.1853   0.1875   0.1897   0.1918    0.194   0.1961   0.1983   0.2004   0.2026   0.2047   0.2069   0.2091   0.2112   0.2134   0.2155   0.2177   0.2198    0.222   0.2241   0.2263   0.2284   0.2306   0.2328   0.2349   0.2371   0.2392   0.2414   0.2435   0.2457   0.2478     0.25   0.2522   0.2543   0.2565   0.2586   0.2608   0.2629   0.2651   0.2672   0.2694   0.2716   0.2737   0.2759    0.278   0.2802   0.2823   0.2845   0.2866   0.2888   0.2909   0.2931   0.2953   0.2974   0.2996   0.3017   0.3039    0.306   0.3082   0.3103   0.3125   0.3147   0.3168    0.319   0.3211   0.3233   0.3254   0.3276   0.3297   0.3319   0.3341   0.3362   0.3384   0.3405   0.3427   0.3448    0.347   0.3491   0.3513   0.3534   0.3556   0.3578   0.3599   0.3621   0.3642   0.3664   0.3685   0.3707   0.3728    0.375   0.3772   0.3793   0.3815   0.3836   0.3858   0.3879   0.3901   0.3922   0.3944   0.3966   0.3987   0.4009    0.403   0.4052   0.4073   0.4095   0.4116   0.4138   0.4159   0.4181   0.4203   0.4224   0.4246   0.4267   0.4289    0.431   0.4332   0.4353   0.4375   0.4397   0.4418    0.444   0.4461   0.4483   0.4504   0.4526   0.4547   0.4569   0.4591   0.4612   0.4634   0.4655   0.4677   0.4698    0.472   0.4741   0.4763   0.4784   0.4806   0.4828   0.4849   0.4871   0.4892   0.4914   0.4935   0.4957   0.4978
    S      0.0      1.0   0.0166   0.0229   0.0077   0.1131   0.0586   0.1323   0.1395   0.0211   0.0597   0.0071   0.0625   0.0167   0.1902   0.1403   0.0634   0.0276   0.0324   0.1281   0.0238   0.1393   0.2442    0.496   0.0076   0.0405   0.0703   0.1341   0.2031   0.0133   0.2563   0.4086   0.1513   0.1033   0.0089   0.0388   0.0876    0.083   0.0184   0.0734   0.2174   0.0351    0.026   0.1878   0.1124   0.0458    0.051   0.1325   0.0818   0.1071   0.0364   0.0772   0.0435    0.025    0.038   0.0056   0.0116   0.0091   0.0039   0.0037   0.2756   0.0236   0.0436   0.0699   0.0102   0.1454   0.0248   0.2221   0.0032   0.0963   0.0195   0.0474   0.0103   0.0004    0.029   0.0104   0.0914   0.0413   0.1157   0.0219   0.0812   0.0134    0.054   0.0288   0.0925   0.1021   0.0072   0.0247   0.0285   0.0431   0.0445   0.0109   0.0246   0.0658   0.0732   0.0446   0.0447   0.1232   0.0089   0.0034   0.0473   0.0427   0.0871   0.1313   0.0034   0.0623   0.0954   0.1522   0.1396   0.0246   0.0005   0.0205   0.1065   0.0382   0.0433   0.0037   0.1638   0.0176   0.0361   0.0176   0.0265   0.0001   0.0327   0.0192   0.1568   0.0258    0.045    0.096   0.0404   0.0126   0.0079    0.135   0.0528   0.1129   0.0027   0.0095   0.0803   0.0007   0.0665   0.0028   0.0162   0.0455   0.0863    0.007   0.0667   0.1968    0.043   0.0432   0.1879   0.0073   0.0388   0.0662   0.0716   0.0236   0.0275   0.0285   0.0732   0.0658   0.2337   0.1372   0.0083   0.1612    0.006   0.1258   0.0106   0.0199   0.1886   0.0017   0.1685   0.0176   0.0242   0.1339   0.0369   0.0215    0.383   0.0228   0.0857   0.0381   0.0081   0.0215   0.0629   0.0839   0.0156   0.0848   0.0564   0.0491   0.0241   0.0379   0.0714    0.036   0.0095   0.1054   0.0373   0.1204   0.0039   0.0654   0.0519   0.0288   0.0071   0.1739     0.02    0.027   0.0334   0.1176   0.0124   0.0522   0.3833   0.1614   0.0123   0.1016   0.1022    0.001    0.136   0.2059   0.0005   0.0068   0.0137    0.127   0.0073   0.0103   0.0336   0.1049   0.1082   0.2375   0.0733    0.038   0.0338   0.0475    0.126   0.0258   0.0453   0.1613
  snr   -12.07
    H      4.9
 exon    False

M: alg1
 freq      0.0   0.0022   0.0043   0.0065   0.0086   0.0108   0.0129   0.0151   0.0172   0.0194   0.0216   0.0237   0.0259    0.028   0.0302   0.0323   0.0345   0.0366   0.0388   0.0409   0.0431   0.0453   0.0474   0.0496   0.0517   0.0539    0.056   0.0582   0.0603   0.0625   0.0647   0.0668    0.069   0.0711   0.0733   0.0754   0.0776   0.0797   0.0819   0.0841   0.0862   0.0884   0.0905   0.0927   0.0948    0.097   0.0991   0.1013   0.1034   0.1056   0.1078   0.1099   0.1121   0.1142   0.1164   0.1185   0.1207   0.1228    0.125   0.1272   0.1293   0.1315   0.1336   0.1358   0.1379   0.1401   0.1422   0.1444   0.1466   0.1487   0.1509    0.153   0.1552   0.1573   0.1595   0.1616   0.1638   0.1659   0.1681   0.1703   0.1724   0.1746   0.1767   0.1789    0.181   0.1832   0.1853   0.1875   0.1897   0.1918    0.194   0.1961   0.1983   0.2004   0.2026   0.2047   0.2069   0.2091   0.2112   0.2134   0.2155   0.2177   0.2198    0.222   0.2241   0.2263   0.2284   0.2306   0.2328   0.2349   0.2371   0.2392   0.2414   0.2435   0.2457   0.2478     0.25   0.2522   0.2543   0.2565   0.2586   0.2608   0.2629   0.2651   0.2672   0.2694   0.2716   0.2737   0.2759    0.278   0.2802   0.2823   0.2845   0.2866   0.2888   0.2909   0.2931   0.2953   0.2974   0.2996   0.3017   0.3039    0.306   0.3082   0.3103   0.3125   0.3147   0.3168    0.319   0.3211   0.3233   0.3254   0.3276   0.3297   0.3319   0.3341   0.3362   0.3384   0.3405   0.3427   0.3448    0.347   0.3491   0.3513   0.3534   0.3556   0.3578   0.3599   0.3621   0.3642   0.3664   0.3685   0.3707   0.3728    0.375   0.3772   0.3793   0.3815   0.3836   0.3858   0.3879   0.3901   0.3922   0.3944   0.3966   0.3987   0.4009    0.403   0.4052   0.4073   0.4095   0.4116   0.4138   0.4159   0.4181   0.4203   0.4224   0.4246   0.4267   0.4289    0.431   0.4332   0.4353   0.4375   0.4397   0.4418    0.444   0.4461   0.4483   0.4504   0.4526   0.4547   0.4569   0.4591   0.4612   0.4634   0.4655   0.4677   0.4698    0.472   0.4741   0.4763   0.4784   0.4806   0.4828   0.4849   0.4871   0.4892   0.4914   0.4935   0.4957   0.4978
    S      0.0   0.7759   0.3068   0.2987   0.2266    0.478   0.3647    0.057   0.0897   0.1772   0.0848   0.3694   0.3838   0.1205   0.3464   0.5797    0.298   0.6329    0.125   0.5274   0.0639   0.1138    0.777   0.5418   0.2416   0.1214   0.2551   0.1609   0.1643   0.2409   0.6985   0.3659   0.6343   0.3442   0.2869    0.232   0.5656   0.0062   0.3136   0.5121   0.3344   0.1507   0.0364   0.1835   0.2218   0.1598   0.5175   0.2104   0.3491   0.1009   0.2665   0.5023   0.2325   0.2244   0.0327   0.0867   0.2509    0.341   0.1538   0.0134   0.7529   0.4873   0.0458    0.975   0.3028   0.3362    0.087   0.4703   0.1977    0.185   0.3652   0.2132   0.1101   0.1923   0.3504   0.2649   0.3897   0.0863   0.3334   0.0795   0.4466    0.178   0.6784    0.331   0.3789   0.0207   0.5095   0.1202   0.0578   0.3022   0.1156   0.2018   0.4062   0.9099   0.7227   0.3155   0.0565   0.0396   0.1968   0.1341   0.0748   0.4856   0.1415   0.2888   0.1572   0.0686   0.0435   0.4513    0.136   0.2032   0.3074   0.1195   0.2334   0.2565   0.3322   0.1925   0.6037   0.0589   0.2207    0.259   0.0927   0.1866   0.3443   0.0239    0.492   0.1997   0.3376   0.3832   0.1072   0.0426   0.1511   0.5505   0.2487   0.2712   0.0889    0.086   0.0233   0.9338   0.3411   0.3835   0.2629   0.2566   0.0783   0.0765   0.8289   0.1767   0.1433   0.2077   0.3262   0.1472   0.1492   0.1259   0.2624   0.1722   0.4032   0.2529   0.1953   0.1912   0.2691   0.0977   0.0287   0.3628   0.1224   0.2191   0.0359    0.147   0.2737   0.1072   0.4339   0.1325   0.3255   0.4321   0.4205   0.0487   0.1278   0.2954   0.0563   0.0223   0.3052   0.1534   0.2517   0.5416   0.3783   0.0859   0.1222   0.0667   0.4895   0.2424   0.1854   0.2963   0.1811   0.3062   0.1967      1.0   0.0507   0.1227   0.0666   0.1025    0.076   0.3269   0.0592   0.2323   0.2268   0.0899   0.1619   0.0701   0.2508   0.3241   0.1657   0.2659   0.0699   0.0777   0.2625    0.334   0.5341   0.0833   0.3205   0.2851   0.1763   0.0157   0.0915   0.3419   0.5435   0.6825   0.2432   0.0964   0.2087   0.1692   0.4055   0.1184   0.0866   0.5469
  snr   -17.77
    H     5.19
 exon    False

M: alg2
 freq      0.0   0.0022   0.0043   0.0065   0.0086   0.0108   0.0129   0.0151   0.0172   0.0194   0.0216   0.0237   0.0259    0.028   0.0302   0.0323   0.0345   0.0366   0.0388   0.0409   0.0431   0.0453   0.0474   0.0496   0.0517   0.0539    0.056   0.0582   0.0603   0.0625   0.0647   0.0668    0.069   0.0711   0.0733   0.0754   0.0776   0.0797   0.0819   0.0841   0.0862   0.0884   0.0905   0.0927   0.0948    0.097   0.0991   0.1013   0.1034   0.1056   0.1078   0.1099   0.1121   0.1142   0.1164   0.1185   0.1207   0.1228    0.125   0.1272   0.1293   0.1315   0.1336   0.1358   0.1379   0.1401   0.1422   0.1444   0.1466   0.1487   0.1509    0.153   0.1552   0.1573   0.1595   0.1616   0.1638   0.1659   0.1681   0.1703   0.1724   0.1746   0.1767   0.1789    0.181   0.1832   0.1853   0.1875   0.1897   0.1918    0.194   0.1961   0.1983   0.2004   0.2026   0.2047   0.2069   0.2091   0.2112   0.2134   0.2155   0.2177   0.2198    0.222   0.2241   0.2263   0.2284   0.2306   0.2328   0.2349   0.2371   0.2392   0.2414   0.2435   0.2457   0.2478     0.25   0.2522   0.2543   0.2565   0.2586   0.2608   0.2629   0.2651   0.2672   0.2694   0.2716   0.2737   0.2759    0.278   0.2802   0.2823   0.2845   0.2866   0.2888   0.2909   0.2931   0.2953   0.2974   0.2996   0.3017   0.3039    0.306   0.3082   0.3103   0.3125   0.3147   0.3168    0.319   0.3211   0.3233   0.3254   0.3276   0.3297   0.3319   0.3341   0.3362   0.3384   0.3405   0.3427   0.3448    0.347   0.3491   0.3513   0.3534   0.3556   0.3578   0.3599   0.3621   0.3642   0.3664   0.3685   0.3707   0.3728    0.375   0.3772   0.3793   0.3815   0.3836   0.3858   0.3879   0.3901   0.3922   0.3944   0.3966   0.3987   0.4009    0.403   0.4052   0.4073   0.4095   0.4116   0.4138   0.4159   0.4181   0.4203   0.4224   0.4246   0.4267   0.4289    0.431   0.4332   0.4353   0.4375   0.4397   0.4418    0.444   0.4461   0.4483   0.4504   0.4526   0.4547   0.4569   0.4591   0.4612   0.4634   0.4655   0.4677   0.4698    0.472   0.4741   0.4763   0.4784   0.4806   0.4828   0.4849   0.4871   0.4892   0.4914   0.4935   0.4957   0.4978
    S      0.0      1.0   0.0257   0.0242   0.0078   0.0322   0.1011   0.0973   0.0817   0.0044   0.0368   0.0109   0.0377   0.0125   0.0816   0.0323   0.0881   0.0075    0.005   0.0741   0.0181   0.0841    0.069   0.1589   0.0049   0.0543    0.029   0.0311   0.0701   0.0006   0.0891   0.1654   0.1286   0.0241   0.0513   0.0252   0.0764    0.055   0.0028    0.051    0.178   0.0056   0.0226   0.1316   0.0335   0.0436   0.0516   0.0929   0.0341   0.0648   0.0233   0.0213   0.0072   0.0363   0.0262   0.0028   0.0015   0.0198   0.0143   0.0023   0.3088    0.004   0.0178   0.0374   0.0107   0.1501   0.0394   0.1507   0.0145   0.0594   0.0058   0.0103   0.0097   0.0057   0.0014   0.0285   0.0423   0.0435   0.0416   0.0122   0.0109   0.0441    0.024   0.0435    0.095   0.0541   0.0557   0.0034   0.0386   0.0358   0.0376   0.0105   0.0497   0.0309   0.0676   0.0074   0.0458     0.08   0.0047   0.0051   0.0371   0.0399   0.0646    0.205   0.0112   0.0253   0.1054   0.1319   0.1717   0.0041   0.0217   0.0067   0.0881   0.0152   0.0896   0.0219   0.1647   0.0213   0.0817   0.0368   0.0058   0.0123   0.0132   0.0234   0.0289   0.0165   0.0331    0.045   0.0344   0.0082   0.0035   0.0644   0.0716   0.0585   0.0107   0.0073    0.039   0.0632   0.0113   0.0271   0.0004   0.0168   0.1134   0.0048    0.045   0.1182   0.0182   0.0067   0.0869    0.003   0.0277   0.0889   0.0389   0.0393   0.0215   0.0722   0.0508   0.0948   0.1357    0.071   0.0007   0.0748   0.0063   0.0441   0.0027     0.04     0.05   0.0108   0.1152   0.0158   0.0494   0.0824   0.0617   0.0259   0.3409   0.0182    0.032   0.0181   0.0184    0.053   0.0321   0.0849   0.0006   0.0586    0.033    0.051   0.0115   0.0425   0.0298   0.0276   0.0169   0.1175   0.0881   0.0017   0.0105   0.0212   0.0376   0.0114   0.0175   0.0672    0.025   0.0076   0.0655   0.0715   0.0338   0.0429   0.2143   0.1853   0.0293   0.0834   0.0602   0.0037   0.0361   0.1853   0.0227   0.0103   0.0086   0.0602   0.0029    0.011   0.0397   0.0698   0.1112   0.0698    0.117   0.0103   0.0873   0.0081   0.0601   0.0362   0.0103   0.1025
  snr   -10.48
    H     4.88
 exon    False