>data-XV-cerevisiae-intergenic-372
N: 353
Methods: voss, eiip, qpsk, mem, tbpse, snrse

M: voss
 freq      0.0   0.0028   0.0057   0.0085   0.0113   0.0142    0.017   0.0198   0.0227   0.0255   0.0283   0.0312    0.034   0.0368   0.0397   0.0425   0.0453   0.0482    0.051   0.0538   0.0567   0.0595   0.0623   0.0652    0.068   0.0708   0.0737   0.0765   0.0793   0.0822    0.085   0.0878   0.0907   0.0935   0.0963   0.0992    0.102   0.1048   0.1076   0.1105   0.1133   0.1161    0.119   0.1218   0.1246   0.1275   0.1303   0.1331    0.136   0.1388   0.1416   0.1445   0.1473   0.1501    0.153   0.1558   0.1586   0.1615   0.1643   0.1671     0.17   0.1728   0.1756   0.1785   0.1813   0.1841    0.187   0.1898   0.1926   0.1955   0.1983   0.2011    0.204   0.2068   0.2096   0.2125   0.2153   0.2181    0.221   0.2238   0.2266   0.2295   0.2323   0.2351    0.238   0.2408   0.2436   0.2465   0.2493   0.2521    0.255   0.2578   0.2606   0.2635   0.2663   0.2691    0.272   0.2748   0.2776   0.2805   0.2833   0.2861    0.289   0.2918   0.2946   0.2975   0.3003   0.3031   0.3059   0.3088   0.3116   0.3144   0.3173   0.3201   0.3229   0.3258   0.3286   0.3314   0.3343   0.3371   0.3399   0.3428   0.3456   0.3484   0.3513   0.3541   0.3569   0.3598   0.3626   0.3654   0.3683   0.3711   0.3739   0.3768   0.3796   0.3824   0.3853   0.3881   0.3909   0.3938   0.3966   0.3994   0.4023   0.4051   0.4079   0.4108   0.4136   0.4164   0.4193   0.4221   0.4249   0.4278   0.4306   0.4334   0.4363   0.4391   0.4419   0.4448   0.4476   0.4504   0.4533   0.4561   0.4589   0.4618   0.4646   0.4674   0.4703   0.4731   0.4759   0.4788   0.4816   0.4844   0.4873   0.4901   0.4929   0.4958   0.4986
    S      0.0   0.4558   0.1987   0.3358   0.4434      1.0    0.621   0.3525   0.2399   0.3941   0.1435   0.4101    0.724    0.155   0.3985   0.3797   0.2911   0.2708   0.1556   0.1317   0.1708   0.2975    0.096   0.3963   0.2243   0.4285   0.6144   0.4481   0.1011   0.3797   0.3087   0.1565   0.2531   0.1341   0.1686   0.5478   0.4746    0.342   0.0854   0.0774    0.595    0.235   0.1799   0.2525   0.6119   0.0665   0.3194    0.191   0.2455   0.1549   0.1777   0.3861   0.1261   0.1533   0.1909   0.3219   0.1186   0.0616   0.1211   0.4902   0.5108   0.1793   0.6856    0.485   0.2251   0.3287   0.3519   0.3575   0.2739   0.0482   0.3105   0.2798   0.4349   0.1634   0.1525   0.3196   0.5963   0.3496   0.2155   0.1989   0.3779   0.2667   0.6636   0.7857   0.1718   0.6645   0.4101    0.555   0.6366   0.2039   0.1009   0.2241   0.4728   0.3017   0.0768   0.1995   0.3405   0.5535    0.224   0.1673   0.2554   0.1881   0.3317   0.4385   0.2043   0.3327   0.3703   0.4337   0.0619   0.1211   0.2267   0.2418    0.878   0.2176   0.3172   0.2574   0.4425   0.2072   0.3211   0.1143   0.2862    0.193   0.1687   0.3791   0.3888    0.194   0.2447   0.0668   0.2204   0.1476   0.1746   0.5639     0.13   0.2249   0.4016   0.1969   0.2179   0.1653   0.4662   0.1858   0.4562    0.163   0.2992   0.2837   0.0322   0.2057   0.5561   0.2231   0.0975    0.106   0.2662   0.2478    0.159   0.1954   0.1428   0.0856   0.2876   0.0504   0.8042   0.0724   0.1174   0.0777   0.1756   0.2276   0.4688    0.076   0.1978   0.6611   0.3963   0.5133   0.5978   0.1261   0.1773   0.2299   0.5664   0.5117   0.1337
  snr   -17.13
    H      5.0
 exon    False

M: eiip
 freq      0.0   0.0028   0.0057   0.0085   0.0113   0.0142    0.017   0.0198   0.0227   0.0255   0.0283   0.0312    0.034   0.0368   0.0397   0.0425   0.0453   0.0482    0.051   0.0538   0.0567   0.0595   0.0623   0.0652    0.068   0.0708   0.0737   0.0765   0.0793   0.0822    0.085   0.0878   0.0907   0.0935   0.0963   0.0992    0.102   0.1048   0.1076   0.1105   0.1133   0.1161    0.119   0.1218   0.1246   0.1275   0.1303   0.1331    0.136   0.1388   0.1416   0.1445   0.1473   0.1501    0.153   0.1558   0.1586   0.1615   0.1643   0.1671     0.17   0.1728   0.1756   0.1785   0.1813   0.1841    0.187   0.1898   0.1926   0.1955   0.1983   0.2011    0.204   0.2068   0.2096   0.2125   0.2153   0.2181    0.221   0.2238   0.2266   0.2295   0.2323   0.2351    0.238   0.2408   0.2436   0.2465   0.2493   0.2521    0.255   0.2578   0.2606   0.2635   0.2663   0.2691    0.272   0.2748   0.2776   0.2805   0.2833   0.2861    0.289   0.2918   0.2946   0.2975   0.3003   0.3031   0.3059   0.3088   0.3116   0.3144   0.3173   0.3201   0.3229   0.3258   0.3286   0.3314   0.3343   0.3371   0.3399   0.3428   0.3456   0.3484   0.3513   0.3541   0.3569   0.3598   0.3626   0.3654   0.3683   0.3711   0.3739   0.3768   0.3796   0.3824   0.3853   0.3881   0.3909   0.3938   0.3966   0.3994   0.4023   0.4051   0.4079   0.4108   0.4136   0.4164   0.4193   0.4221   0.4249   0.4278   0.4306   0.4334   0.4363   0.4391   0.4419   0.4448   0.4476   0.4504   0.4533   0.4561   0.4589   0.4618   0.4646   0.4674   0.4703   0.4731   0.4759   0.4788   0.4816   0.4844   0.4873   0.4901   0.4929   0.4958   0.4986
    S      0.0   0.0493   0.1595   0.6725   0.3605   0.0589   0.1304    0.206   0.0582   0.0626   0.0369   0.2723   0.5906   0.0971   0.2294   0.3806   0.0185   0.4903   0.0944   0.0922   0.2546   0.1571   0.2188   0.8102   0.2952   0.1602   0.0674   0.1674   0.0499   0.0603   0.0873   0.0773   0.1525    0.012    0.169   0.1063   0.3314   0.4343   0.0342   0.0968   0.3979   0.0713   0.2728   0.1004   0.3821   0.1239   0.0481   0.1365   0.2377   0.2232   0.0795   0.4618   0.1079   0.3812   0.3867   0.2505   0.1666   0.1199   0.1889   0.1853   0.0111   0.3976   0.7457    0.092   0.1894   0.5338   0.0527   0.1338   0.0891   0.1329   0.0126   0.0899   0.0462   0.1579   0.1218   0.2106   0.5866   0.1836   0.0412   0.2454   0.0742   0.2201   0.0081    0.542   0.1179    0.185   0.7406   0.8712   0.1154   0.1939   0.0193   0.0608   0.2677   0.1326   0.0498   0.3105   0.1255   0.7894   0.0689   0.0739   0.2798   0.1901   0.2593   0.0426   0.1273   0.1902   0.0745   0.3575   0.0153   0.0988   0.4449   0.0514   0.3444   0.0775   0.2289   0.4618   0.5161   0.2077   0.0207    0.208    0.129   0.1312   0.0445   0.0264   0.5053   0.0876   0.1126   0.1095   0.1976   0.1465     0.03    0.965    0.005   0.6608   0.0267   0.1195   0.0628   0.0581      1.0   0.1831   0.4798   0.1314   0.0321   0.0257   0.0277   0.2314   0.1696   0.2788   0.2573   0.0488   0.2961   0.2711   0.1697   0.3437   0.1413   0.0658   0.1621   0.0319   0.8633    0.085   0.0179   0.0202   0.0038   0.6416   0.1576   0.0612   0.1924    0.384   0.0986   0.1238   0.6062   0.0371   0.1463    0.349    0.176   0.0378    0.051
  snr   -15.58
    H     4.77
 exon    False

M: qpsk
 freq      0.0   0.0028   0.0057   0.0085   0.0113   0.0142    0.017   0.0198   0.0227   0.0255   0.0283   0.0312    0.034   0.0368   0.0397   0.0425   0.0453   0.0482    0.051   0.0538   0.0567   0.0595   0.0623   0.0652    0.068   0.0708   0.0737   0.0765   0.0793   0.0822    0.085   0.0878   0.0907   0.0935   0.0963   0.0992    0.102   0.1048   0.1076   0.1105   0.1133   0.1161    0.119   0.1218   0.1246   0.1275   0.1303   0.1331    0.136   0.1388   0.1416   0.1445   0.1473   0.1501    0.153   0.1558   0.1586   0.1615   0.1643   0.1671     0.17   0.1728   0.1756   0.1785   0.1813   0.1841    0.187   0.1898   0.1926   0.1955   0.1983   0.2011    0.204   0.2068   0.2096   0.2125   0.2153   0.2181    0.221   0.2238   0.2266   0.2295   0.2323   0.2351    0.238   0.2408   0.2436   0.2465   0.2493   0.2521    0.255   0.2578   0.2606   0.2635   0.2663   0.2691    0.272   0.2748   0.2776   0.2805   0.2833   0.2861    0.289   0.2918   0.2946   0.2975   0.3003   0.3031   0.3059   0.3088   0.3116   0.3144   0.3173   0.3201   0.3229   0.3258   0.3286   0.3314   0.3343   0.3371   0.3399   0.3428   0.3456   0.3484   0.3513   0.3541   0.3569   0.3598   0.3626   0.3654   0.3683   0.3711   0.3739   0.3768   0.3796   0.3824   0.3853   0.3881   0.3909   0.3938   0.3966   0.3994   0.4023   0.4051   0.4079   0.4108   0.4136   0.4164   0.4193   0.4221   0.4249   0.4278   0.4306   0.4334   0.4363   0.4391   0.4419   0.4448   0.4476   0.4504   0.4533   0.4561   0.4589   0.4618   0.4646   0.4674   0.4703   0.4731   0.4759   0.4788   0.4816   0.4844   0.4873   0.4901   0.4929   0.4958   0.4986
    S      0.0   0.1787   0.0195   0.4253   0.2359   0.4666    0.733   0.3154   0.2468   0.4092   0.0971    0.343   0.3857   0.1922   0.3293   0.2893    0.361   0.3425   0.1799   0.1666    0.059   0.2517   0.1154   0.4948   0.0954   0.1313    0.223   0.3999   0.0953   0.3279   0.3127    0.166   0.1898   0.0519   0.1942   0.4799   0.2208   0.3322   0.1085   0.0726    0.163   0.2991   0.1167   0.0667    0.539   0.0631   0.1756   0.2311   0.2314   0.1538   0.1926   0.0956    0.045   0.1696   0.1909   0.3412   0.0395   0.0575   0.1397   0.1404   0.3133   0.1783   0.6956   0.6044    0.234   0.3012   0.2415   0.3348   0.0947   0.0313   0.3954   0.2132   0.3064   0.1738   0.0904   0.1647   0.6457   0.1979   0.2278   0.1674   0.1391   0.1579   0.3139   0.6631   0.0833   0.3422   0.3674   0.4746   0.5155   0.2405   0.0765   0.2285   0.2714   0.1531   0.0626   0.2184   0.3255   0.4172   0.2261   0.1397   0.2604   0.1949    0.398   0.3553    0.107   0.3708    0.428   0.5502    0.056   0.1305   0.2859   0.2789      1.0   0.2267   0.3527   0.2207   0.2393   0.1552   0.1651   0.0449   0.2297   0.1773   0.1076    0.297   0.4712   0.1538   0.1533   0.0264   0.2199     0.11   0.1623   0.4002   0.0875   0.2206   0.1515    0.147   0.0983   0.0344   0.5143   0.2171    0.452   0.1923   0.2626   0.3111   0.0353   0.2253   0.3692   0.2228   0.1116   0.1273   0.2558    0.152   0.1222   0.2219   0.1268   0.0322   0.3244   0.0447   0.9916    0.079   0.0508    0.056   0.1609   0.2224   0.4114   0.0297   0.1261   0.7663    0.333   0.5183   0.7584   0.0814   0.1288   0.2625   0.4103   0.5423   0.0316
  snr   -16.32
    H     4.94
 exon     True

M: mem
 freq      0.0   0.0028   0.0057   0.0085   0.0114   0.0142    0.017   0.0199   0.0227   0.0256   0.0284   0.0312   0.0341   0.0369   0.0398   0.0426   0.0455   0.0483   0.0511    0.054   0.0568   0.0597   0.0625   0.0653   0.0682    0.071   0.0739   0.0767   0.0795   0.0824   0.0852   0.0881   0.0909   0.0938   0.0966   0.0994   0.1023   0.1051    0.108   0.1108   0.1136   0.1165   0.1193   0.1222    0.125   0.1278   0.1307   0.1335   0.1364   0.1392    0.142   0.1449   0.1477   0.1506   0.1534   0.1562   0.1591   0.1619   0.1648   0.1676   0.1705   0.1733   0.1761    0.179   0.1818   0.1847   0.1875   0.1903   0.1932    0.196   0.1989   0.2017   0.2045   0.2074   0.2102   0.2131   0.2159   0.2188   0.2216   0.2244   0.2273   0.2301    0.233   0.2358   0.2386   0.2415   0.2443   0.2472     0.25   0.2528   0.2557   0.2585   0.2614   0.2642    0.267   0.2699   0.2727   0.2756   0.2784   0.2812   0.2841   0.2869   0.2898   0.2926   0.2955   0.2983   0.3011    0.304   0.3068   0.3097   0.3125   0.3153   0.3182    0.321   0.3239   0.3267   0.3295   0.3324   0.3352   0.3381   0.3409   0.3438   0.3466   0.3494   0.3523   0.3551    0.358   0.3608   0.3636   0.3665   0.3693   0.3722    0.375   0.3778   0.3807   0.3835   0.3864   0.3892    0.392   0.3949   0.3977   0.4006   0.4034   0.4062   0.4091   0.4119   0.4148   0.4176   0.4205   0.4233   0.4261    0.429   0.4318   0.4347   0.4375   0.4403   0.4432    0.446   0.4489   0.4517   0.4545   0.4574   0.4602   0.4631   0.4659   0.4688   0.4716   0.4744   0.4773   0.4801    0.483   0.4858   0.4886   0.4915   0.4943   0.4972
    S      0.0   0.0014   0.0476   0.2427   0.0763   0.0798   0.5249   0.0122   0.1661   0.1255   0.0604   0.3664   0.1506   0.0692   0.0756    0.019   0.2397   0.1702   0.0647   0.1112    0.009    0.017   0.0712    0.004   0.1452    0.399   0.0596    0.098   0.1198   0.1065   0.1057   0.0424    0.007   0.0053   0.1077   0.1755    0.204   0.2319   0.0363   0.0091   0.5966   0.0888   0.0233   0.0974   0.2611   0.0056   0.0009   0.0723   0.1274   0.1513   0.0288    0.083   0.0509   0.2299   0.0144   0.0307   0.0852   0.0219   0.0022   0.0011   0.3254   0.0271   0.1643   0.4516   0.0327   0.0001   0.0888   0.1591   0.2265   0.0194   0.1949   0.2605   0.3217   0.0046   0.0077   0.1221   0.1372   0.0149   0.2125   0.0929   0.1839   0.1609   0.0556   0.5495   0.1702    0.038   0.3577   0.0778   0.6211    0.003   0.1419   0.1452   0.0668    0.003   0.0946   0.2999   0.0437   0.0152   0.2116   0.0582   0.0011   0.1429   0.1209   0.1436   0.4645   0.0743   0.2491   0.4162   0.1978    0.028   0.0096   0.2414   0.5809   0.0714   0.2892   0.2458   0.0116   0.1307   0.0542   0.0847   0.0471   0.0253   0.0143   0.3526     0.27   0.2065   0.0389    0.041   0.2243   0.0502   0.1769   0.2201   0.0631    0.143   0.1173   0.0371   0.1178   0.1005   0.0636   0.3453   0.0779   0.1588   0.0311   0.1221   0.0063    0.006   0.0726   0.0381   0.1104   0.0338   0.0136   0.6081    0.051   0.0117   0.0657   0.0165   0.0465   0.0259   0.2199   0.0141   0.1052   0.0117   0.1733   0.0898   0.0746   0.0855    0.518   0.3225      1.0   0.0595   0.1457   0.0236   0.1941   0.1369   0.1721   0.0738
  snr   -13.58
    H     4.68
 exon    False

M: tbpse
 freq      0.0   0.0028   0.0057   0.0085   0.0113   0.0142    0.017   0.0198   0.0227   0.0255   0.0283   0.0312    0.034   0.0368   0.0397   0.0425   0.0453   0.0482    0.051   0.0538   0.0567   0.0595   0.0623   0.0652    0.068   0.0708   0.0737   0.0765   0.0793   0.0822    0.085   0.0878   0.0907   0.0935   0.0963   0.0992    0.102   0.1048   0.1076   0.1105   0.1133   0.1161    0.119   0.1218   0.1246   0.1275   0.1303   0.1331    0.136   0.1388   0.1416   0.1445   0.1473   0.1501    0.153   0.1558   0.1586   0.1615   0.1643   0.1671     0.17   0.1728   0.1756   0.1785   0.1813   0.1841    0.187   0.1898   0.1926   0.1955   0.1983   0.2011    0.204   0.2068   0.2096   0.2125   0.2153   0.2181    0.221   0.2238   0.2266   0.2295   0.2323   0.2351    0.238   0.2408   0.2436   0.2465   0.2493   0.2521    0.255   0.2578   0.2606   0.2635   0.2663   0.2691    0.272   0.2748   0.2776   0.2805   0.2833   0.2861    0.289   0.2918   0.2946   0.2975   0.3003   0.3031   0.3059   0.3088   0.3116   0.3144   0.3173   0.3201   0.3229   0.3258   0.3286   0.3314   0.3343   0.3371   0.3399   0.3428   0.3456   0.3484   0.3513   0.3541   0.3569   0.3598   0.3626   0.3654   0.3683   0.3711   0.3739   0.3768   0.3796   0.3824   0.3853   0.3881   0.3909   0.3938   0.3966   0.3994   0.4023   0.4051   0.4079   0.4108   0.4136   0.4164   0.4193   0.4221   0.4249   0.4278   0.4306   0.4334   0.4363   0.4391   0.4419   0.4448   0.4476   0.4504   0.4533   0.4561   0.4589   0.4618   0.4646   0.4674   0.4703   0.4731   0.4759   0.4788   0.4816   0.4844   0.4873   0.4901   0.4929   0.4958   0.4986
    S      0.0   0.4235   0.1458    0.269   0.3646      1.0   0.4472   0.3627   0.2209   0.1732   0.1216   0.3155    0.574   0.0397    0.315   0.1204   0.1336   0.2647   0.1677   0.0939   0.0818   0.3138   0.0905   0.0736   0.1552   0.2562   0.5243   0.5013   0.0446   0.4079    0.185   0.0446    0.197   0.1334   0.0381   0.4413   0.4272   0.3445   0.0165   0.0143   0.4341   0.0853   0.1142    0.186   0.6019   0.0273   0.2997   0.0124   0.1478    0.144   0.1353   0.2741   0.0703   0.1281   0.0348   0.0476   0.0877   0.0193   0.0264   0.4013   0.2973   0.0309   0.2684   0.2625   0.0348   0.0491   0.2322   0.3266   0.2115   0.0264   0.0761    0.115    0.199   0.1602   0.0983    0.275    0.589   0.2045   0.1891   0.1735   0.2323   0.1373   0.5899   0.5649   0.0834   0.6351   0.2441   0.3283   0.2125   0.0654   0.0508   0.1118   0.2618   0.2739   0.0307   0.1195   0.1176   0.1716   0.1431   0.1445    0.189   0.0465   0.0889   0.2991   0.1187   0.1775   0.1914   0.1747   0.0336   0.1075   0.1926   0.1892   0.8376   0.0587   0.3087   0.0949    0.363   0.1987    0.317   0.0741   0.1454   0.1813   0.1029   0.2053    0.361   0.1075   0.2485   0.0404   0.1995   0.0832   0.0981   0.4583   0.0732   0.1054   0.3344   0.1925   0.2128   0.1373   0.2906   0.1578   0.3159   0.0989   0.1524   0.1341   0.0038   0.1545   0.4349   0.1593   0.0626    0.061   0.1332   0.1532   0.0767   0.1494   0.0363   0.0611   0.0558   0.0279   0.0933   0.0598   0.0883   0.0547   0.0526   0.0695   0.3936   0.0611   0.1256   0.5148    0.206   0.3907   0.2247   0.0863    0.149    0.229   0.5192   0.2652   0.1078
  snr   -15.34
    H     4.88
 exon    False

M: snrse
 freq      0.0   0.0028   0.0057   0.0085   0.0113   0.0142    0.017   0.0198   0.0227   0.0255   0.0283   0.0312    0.034   0.0368   0.0397   0.0425   0.0453   0.0482    0.051   0.0538   0.0567   0.0595   0.0623   0.0652    0.068   0.0708   0.0737   0.0765   0.0793   0.0822    0.085   0.0878   0.0907   0.0935   0.0963   0.0992    0.102   0.1048   0.1076   0.1105   0.1133   0.1161    0.119   0.1218   0.1246   0.1275   0.1303   0.1331    0.136   0.1388   0.1416   0.1445   0.1473   0.1501    0.153   0.1558   0.1586   0.1615   0.1643   0.1671     0.17   0.1728   0.1756   0.1785   0.1813   0.1841    0.187   0.1898   0.1926   0.1955   0.1983   0.2011    0.204   0.2068   0.2096   0.2125   0.2153   0.2181    0.221   0.2238   0.2266   0.2295   0.2323   0.2351    0.238   0.2408   0.2436   0.2465   0.2493   0.2521    0.255   0.2578   0.2606   0.2635   0.2663   0.2691    0.272   0.2748   0.2776   0.2805   0.2833   0.2861    0.289   0.2918   0.2946   0.2975   0.3003   0.3031   0.3059   0.3088   0.3116   0.3144   0.3173   0.3201   0.3229   0.3258   0.3286   0.3314   0.3343   0.3371   0.3399   0.3428   0.3456   0.3484   0.3513   0.3541   0.3569   0.3598   0.3626   0.3654   0.3683   0.3711   0.3739   0.3768   0.3796   0.3824   0.3853   0.3881   0.3909   0.3938   0.3966   0.3994   0.4023   0.4051   0.4079   0.4108   0.4136   0.4164   0.4193   0.4221   0.4249   0.4278   0.4306   0.4334   0.4363   0.4391   0.4419   0.4448   0.4476   0.4504   0.4533   0.4561   0.4589   0.4618   0.4646   0.4674   0.4703   0.4731   0.4759   0.4788   0.4816   0.4844   0.4873   0.4901   0.4929   0.4958   0.4986
    S      0.0   0.0604   0.0428   0.1205   0.1104     0.02   0.2205   0.0418   0.0419   0.3192    0.017   0.0667   0.1607   0.1589   0.1078   0.3534   0.2035   0.0428    0.004   0.0477   0.1092   0.0178   0.0114   0.4829   0.0384   0.0538   0.0731   0.0038    0.037   0.0181     0.17   0.1601   0.1026   0.0026   0.1585   0.2067   0.0024   0.0091   0.0899   0.0849   0.0395   0.1814    0.086   0.0305   0.0673   0.0594   0.0474   0.2302   0.1358   0.0112   0.0757   0.1076   0.0556   0.0212   0.2266    0.359   0.0043   0.0512   0.1361   0.1132    0.163    0.213   0.5579   0.2834   0.2391   0.3987   0.1537   0.0632   0.0242   0.0249   0.2738   0.1659   0.1555   0.0342   0.0778   0.0326   0.1186   0.1836   0.0501   0.0283   0.0743   0.1107   0.0557   0.1684    0.092   0.0818    0.187   0.3372   0.3815   0.1964   0.0512   0.1072   0.3076   0.0515   0.0338   0.1101   0.3108   0.5285   0.0723   0.0262   0.1251   0.1708   0.3322   0.2248   0.0305   0.1924   0.1605   0.3463    0.033   0.0356   0.0852   0.0794   0.1049   0.1867   0.0213   0.1729   0.0935   0.0019   0.0287   0.0052    0.213   0.0436   0.0914   0.1736   0.0082   0.0573   0.0102   0.0077   0.0245   0.0764   0.0913   0.1071   0.0552   0.1584   0.0617   0.0191   0.0125     0.03   0.2714   0.0656   0.1294   0.1033   0.1641   0.2158    0.036   0.0991   0.1453   0.1059   0.0559   0.0391   0.1929   0.0157   0.0698   0.0591   0.1171   0.0276    0.321   0.0259      1.0   0.0089    0.027   0.0194   0.1066   0.2252   0.0912   0.0127   0.0431    0.158    0.167   0.1202   0.5283   0.0488   0.0215    0.017   0.1032    0.363   0.0292
  snr   -13.13
    H     4.74
 exon    False