>data-XV-cerevisiae-intergenic-378
N: 318
Methods: voss, eiip, qpsk, mem, tbpse, snrse

M: voss
 freq      0.0   0.0031   0.0063   0.0094   0.0126   0.0157   0.0189    0.022   0.0252   0.0283   0.0314   0.0346   0.0377   0.0409    0.044   0.0472   0.0503   0.0535   0.0566   0.0597   0.0629    0.066   0.0692   0.0723   0.0755   0.0786   0.0818   0.0849   0.0881   0.0912   0.0943   0.0975   0.1006   0.1038   0.1069   0.1101   0.1132   0.1164   0.1195   0.1226   0.1258   0.1289   0.1321   0.1352   0.1384   0.1415   0.1447   0.1478   0.1509   0.1541   0.1572   0.1604   0.1635   0.1667   0.1698    0.173   0.1761   0.1792   0.1824   0.1855   0.1887   0.1918    0.195   0.1981   0.2013   0.2044   0.2075   0.2107   0.2138    0.217   0.2201   0.2233   0.2264   0.2296   0.2327   0.2358    0.239   0.2421   0.2453   0.2484   0.2516   0.2547   0.2579    0.261   0.2642   0.2673   0.2704   0.2736   0.2767   0.2799    0.283   0.2862   0.2893   0.2925   0.2956   0.2987   0.3019    0.305   0.3082   0.3113   0.3145   0.3176   0.3208   0.3239    0.327   0.3302   0.3333   0.3365   0.3396   0.3428   0.3459   0.3491   0.3522   0.3553   0.3585   0.3616   0.3648   0.3679   0.3711   0.3742   0.3774   0.3805   0.3836   0.3868   0.3899   0.3931   0.3962   0.3994   0.4025   0.4057   0.4088   0.4119   0.4151   0.4182   0.4214   0.4245   0.4277   0.4308    0.434   0.4371   0.4403   0.4434   0.4465   0.4497   0.4528    0.456   0.4591   0.4623   0.4654   0.4686   0.4717   0.4748    0.478   0.4811   0.4843   0.4874   0.4906   0.4937   0.4969
    S      0.0   0.2906   0.5817   0.5242   0.3569   0.4313   0.5004      1.0   0.4111   0.2872   0.5375   0.5488   0.0748   0.4919   0.3267   0.2907    0.619   0.1946   0.2913   0.0775   0.1332   0.2048   0.1586   0.2843   0.3498    0.196   0.1376   0.3969   0.3293   0.4327   0.3254   0.2191   0.3769   0.2978   0.3521   0.2454   0.3476    0.115   0.3866   0.2929   0.5632   0.3419   0.3443   0.3109   0.3366   0.1932   0.3862   0.2657   0.2884   0.2298   0.1427   0.1956   0.0716   0.3643   0.4109   0.1058   0.1604   0.1046   0.1499   0.3521   0.1984   0.4012    0.135   0.2241   0.1557   0.3915   0.1869   0.2869   0.1456   0.2071   0.1298   0.6426   0.2796   0.4078   0.2074   0.0801   0.4632   0.6028   0.5032    0.138    0.188   0.2854    0.173   0.2128   0.1991   0.1315   0.1553   0.5429   0.2633   0.1775   0.7589   0.4178   0.3471    0.179   0.1159   0.2235   0.1041   0.0921   0.1245   0.1607   0.2988   0.2006   0.0839   0.4719   0.1577   0.2643   0.4034   0.1976   0.2712   0.2162   0.1773    0.299   0.1742   0.1104   0.4692   0.0628   0.0951   0.2544   0.3008   0.1159   0.1965    0.394   0.1215   0.5243   0.2016   0.6802   0.1493   0.6836    0.105   0.0862   0.1149    0.248   0.1772   0.1108   0.2273   0.4908   0.1325   0.1934   0.1966   0.1729   0.3262   0.2663   0.4001   0.4115   0.3806    0.463   0.3887   0.1416   0.1764   0.2799   0.3272   0.3042   0.2424    0.578   0.1592   0.1779   0.0915   0.4013   0.0855
  snr   -16.42
    H     4.91
 exon    False

M: eiip
 freq      0.0   0.0031   0.0063   0.0094   0.0126   0.0157   0.0189    0.022   0.0252   0.0283   0.0314   0.0346   0.0377   0.0409    0.044   0.0472   0.0503   0.0535   0.0566   0.0597   0.0629    0.066   0.0692   0.0723   0.0755   0.0786   0.0818   0.0849   0.0881   0.0912   0.0943   0.0975   0.1006   0.1038   0.1069   0.1101   0.1132   0.1164   0.1195   0.1226   0.1258   0.1289   0.1321   0.1352   0.1384   0.1415   0.1447   0.1478   0.1509   0.1541   0.1572   0.1604   0.1635   0.1667   0.1698    0.173   0.1761   0.1792   0.1824   0.1855   0.1887   0.1918    0.195   0.1981   0.2013   0.2044   0.2075   0.2107   0.2138    0.217   0.2201   0.2233   0.2264   0.2296   0.2327   0.2358    0.239   0.2421   0.2453   0.2484   0.2516   0.2547   0.2579    0.261   0.2642   0.2673   0.2704   0.2736   0.2767   0.2799    0.283   0.2862   0.2893   0.2925   0.2956   0.2987   0.3019    0.305   0.3082   0.3113   0.3145   0.3176   0.3208   0.3239    0.327   0.3302   0.3333   0.3365   0.3396   0.3428   0.3459   0.3491   0.3522   0.3553   0.3585   0.3616   0.3648   0.3679   0.3711   0.3742   0.3774   0.3805   0.3836   0.3868   0.3899   0.3931   0.3962   0.3994   0.4025   0.4057   0.4088   0.4119   0.4151   0.4182   0.4214   0.4245   0.4277   0.4308    0.434   0.4371   0.4403   0.4434   0.4465   0.4497   0.4528    0.456   0.4591   0.4623   0.4654   0.4686   0.4717   0.4748    0.478   0.4811   0.4843   0.4874   0.4906   0.4937   0.4969
    S      0.0   0.1567   0.3467   0.2896   0.3623   0.4773   0.1915   0.1883   0.2845   0.0829   0.6907   0.1077   0.0592   0.1311   0.2256   0.0417      1.0   0.0743   0.1649   0.0123   0.0691   0.1369   0.0213   0.0669   0.0833   0.0966    0.175   0.1672   0.4495   0.3247   0.4916   0.0033   0.0855    0.228   0.6278   0.0159   0.0615   0.0269   0.5327   0.3938   0.5811   0.2923   0.0496   0.1081   0.3733   0.0868   0.1868   0.0329   0.0402   0.2051   0.0902   0.0936   0.0643   0.0473   0.0874   0.0402   0.1741    0.136   0.0584    0.243   0.0426   0.0984   0.1843   0.1022   0.2319   0.2655   0.0594   0.0793   0.1334   0.0091   0.0822   0.3236   0.1763   0.4132   0.0647   0.0481   0.3725   0.1352    0.089   0.1111   0.0811   0.2981   0.0665   0.1034   0.1565   0.1188   0.2024   0.4768   0.0904   0.0468   0.9271   0.1956   0.0496    0.086   0.0544   0.3254   0.0736   0.0082   0.0871   0.0372   0.2956   0.1893   0.0643   0.3765   0.0049   0.0702   0.4202   0.0181    0.172   0.2598   0.2066   0.1349   0.0338   0.1174   0.1089   0.0045   0.0502   0.0069   0.2113   0.0392   0.0332   0.0202   0.1657   0.1439    0.081   0.8779   0.2059   0.4741   0.0652   0.0781   0.1415   0.4107   0.1387   0.0596   0.0441   0.0886   0.0998   0.0727    0.154   0.2102     0.13   0.2993   0.0008   0.0882   0.0453   0.3664   0.2148   0.0084   0.0979   0.0438   0.0103   0.0836   0.2751    0.144    0.032   0.2515   0.0624   0.1766    0.104
  snr   -14.19
    H     4.66
 exon    False

M: qpsk
 freq      0.0   0.0031   0.0063   0.0094   0.0126   0.0157   0.0189    0.022   0.0252   0.0283   0.0314   0.0346   0.0377   0.0409    0.044   0.0472   0.0503   0.0535   0.0566   0.0597   0.0629    0.066   0.0692   0.0723   0.0755   0.0786   0.0818   0.0849   0.0881   0.0912   0.0943   0.0975   0.1006   0.1038   0.1069   0.1101   0.1132   0.1164   0.1195   0.1226   0.1258   0.1289   0.1321   0.1352   0.1384   0.1415   0.1447   0.1478   0.1509   0.1541   0.1572   0.1604   0.1635   0.1667   0.1698    0.173   0.1761   0.1792   0.1824   0.1855   0.1887   0.1918    0.195   0.1981   0.2013   0.2044   0.2075   0.2107   0.2138    0.217   0.2201   0.2233   0.2264   0.2296   0.2327   0.2358    0.239   0.2421   0.2453   0.2484   0.2516   0.2547   0.2579    0.261   0.2642   0.2673   0.2704   0.2736   0.2767   0.2799    0.283   0.2862   0.2893   0.2925   0.2956   0.2987   0.3019    0.305   0.3082   0.3113   0.3145   0.3176   0.3208   0.3239    0.327   0.3302   0.3333   0.3365   0.3396   0.3428   0.3459   0.3491   0.3522   0.3553   0.3585   0.3616   0.3648   0.3679   0.3711   0.3742   0.3774   0.3805   0.3836   0.3868   0.3899   0.3931   0.3962   0.3994   0.4025   0.4057   0.4088   0.4119   0.4151   0.4182   0.4214   0.4245   0.4277   0.4308    0.434   0.4371   0.4403   0.4434   0.4465   0.4497   0.4528    0.456   0.4591   0.4623   0.4654   0.4686   0.4717   0.4748    0.478   0.4811   0.4843   0.4874   0.4906   0.4937   0.4969
    S      0.0   0.3568    0.524   0.5848   0.4138   0.4322   0.1304   0.5879   0.0956   0.1255   0.7213   0.2944   0.0887   0.6146   0.2777   0.3318   0.5899   0.1961   0.3131   0.0938   0.1548   0.2871   0.2089   0.4035   0.3945   0.2915   0.0653   0.2102   0.3984   0.4976   0.2036   0.2375   0.5488   0.3791    0.462    0.178   0.3356   0.1169   0.5155   0.4372   0.5828   0.5044   0.4081   0.1745   0.4537   0.1827   0.4846   0.2309   0.4116   0.2044   0.0697   0.2217   0.0389   0.3478   0.4981   0.1061   0.2336   0.1531   0.1612   0.2894    0.243    0.288   0.0709   0.2477   0.1337    0.489   0.2355    0.426   0.1196   0.2559   0.0472   0.6852   0.0297   0.3277   0.1517   0.1192   0.3624   0.1912   0.5398    0.088   0.2093   0.3317   0.1503   0.3111   0.2724   0.1915   0.1347   0.6232    0.373   0.1323      1.0   0.4265   0.3863   0.1893    0.084   0.2034   0.1512   0.1151   0.1468    0.222   0.2912   0.1316   0.1171   0.4123   0.1233   0.2602   0.5089    0.283   0.3672   0.2474    0.227   0.1085   0.0987   0.0779    0.379   0.0379   0.1284   0.1446   0.3288   0.0195   0.2781   0.3435   0.1762   0.7151   0.2179   0.4388   0.0924   0.4952   0.0293   0.0794   0.1436   0.2678   0.2492   0.1066   0.2298   0.4456   0.1032   0.2405   0.1396   0.2515   0.3218   0.0922   0.3236   0.5703   0.1593   0.3155   0.3661   0.0432   0.2306   0.3326   0.4286    0.344   0.3578   0.4257   0.0588    0.201   0.0841   0.4711   0.0453
  snr   -16.34
    H     4.87
 exon    False

M: mem
 freq      0.0   0.0031   0.0063   0.0094   0.0126   0.0157   0.0189    0.022   0.0252   0.0283   0.0314   0.0346   0.0377   0.0409    0.044   0.0472   0.0503   0.0535   0.0566   0.0597   0.0629    0.066   0.0692   0.0723   0.0755   0.0786   0.0818   0.0849   0.0881   0.0912   0.0943   0.0975   0.1006   0.1038   0.1069   0.1101   0.1132   0.1164   0.1195   0.1226   0.1258   0.1289   0.1321   0.1352   0.1384   0.1415   0.1447   0.1478   0.1509   0.1541   0.1572   0.1604   0.1635   0.1667   0.1698    0.173   0.1761   0.1792   0.1824   0.1855   0.1887   0.1918    0.195   0.1981   0.2013   0.2044   0.2075   0.2107   0.2138    0.217   0.2201   0.2233   0.2264   0.2296   0.2327   0.2358    0.239   0.2421   0.2453   0.2484   0.2516   0.2547   0.2579    0.261   0.2642   0.2673   0.2704   0.2736   0.2767   0.2799    0.283   0.2862   0.2893   0.2925   0.2956   0.2987   0.3019    0.305   0.3082   0.3113   0.3145   0.3176   0.3208   0.3239    0.327   0.3302   0.3333   0.3365   0.3396   0.3428   0.3459   0.3491   0.3522   0.3553   0.3585   0.3616   0.3648   0.3679   0.3711   0.3742   0.3774   0.3805   0.3836   0.3868   0.3899   0.3931   0.3962   0.3994   0.4025   0.4057   0.4088   0.4119   0.4151   0.4182   0.4214   0.4245   0.4277   0.4308    0.434   0.4371   0.4403   0.4434   0.4465   0.4497   0.4528    0.456   0.4591   0.4623   0.4654   0.4686   0.4717   0.4748    0.478   0.4811   0.4843   0.4874   0.4906   0.4937   0.4969
    S      0.0   0.1539   0.1471   0.0086   0.2605   0.0982   0.2128   0.0155   0.0595   0.4793   0.0901   0.0207   0.0359      1.0   0.1254   0.5165    0.264    0.057   0.0143   0.1396   0.0394   0.1131   0.3205   0.5076   0.2547   0.2392    0.001   0.0199    0.374   0.2246   0.0098   0.4998   0.7291   0.1729   0.0979     0.06   0.0396     0.04   0.2094   0.1145   0.2388   0.1807   0.2585   0.3801    0.005   0.3152   0.7186    0.316   0.4428   0.0591   0.0021   0.3582   0.0631   0.4744   0.9431   0.2374    0.025   0.0746   0.3136   0.1364   0.1044   0.0123   0.0003   0.0235   0.0179   0.4198   0.1236   0.5108   0.0016   0.4346   0.0512   0.1859   0.0921    0.203   0.0177   0.0795   0.2096    0.907   0.1626   0.1161   0.1418   0.2534   0.2162   0.2724    0.305   0.1492   0.1311    0.404   0.2592   0.4044   0.5383   0.4163   0.5181   0.4357    0.138    0.204   0.1087   0.2311   0.2352   0.3504   0.2148   0.2424   0.1028   0.0192   0.3372   0.0792   0.3215   0.2943   0.0617   0.1012   0.0043   0.4601   0.0379   0.0854   0.2745   0.0734   0.0373   0.0014   0.3233   0.0159   0.2256   0.0599   0.0228   0.7179   0.2408   0.0555   0.0397   0.0244    0.009   0.0425   0.0282   0.0867   0.1527   0.0467   0.4049    0.618   0.0706   0.0716   0.0245   0.1349   0.0882   0.0046   0.8106   0.8138   0.1549   0.1083   0.4303   0.1204   0.2278   0.1862   0.3464   0.0331   0.2038   0.5494   0.2865   0.0792    0.043   0.1603   0.0011
  snr   -15.12
    H     4.63
 exon    False

M: tbpse
 freq      0.0   0.0031   0.0063   0.0094   0.0126   0.0157   0.0189    0.022   0.0252   0.0283   0.0314   0.0346   0.0377   0.0409    0.044   0.0472   0.0503   0.0535   0.0566   0.0597   0.0629    0.066   0.0692   0.0723   0.0755   0.0786   0.0818   0.0849   0.0881   0.0912   0.0943   0.0975   0.1006   0.1038   0.1069   0.1101   0.1132   0.1164   0.1195   0.1226   0.1258   0.1289   0.1321   0.1352   0.1384   0.1415   0.1447   0.1478   0.1509   0.1541   0.1572   0.1604   0.1635   0.1667   0.1698    0.173   0.1761   0.1792   0.1824   0.1855   0.1887   0.1918    0.195   0.1981   0.2013   0.2044   0.2075   0.2107   0.2138    0.217   0.2201   0.2233   0.2264   0.2296   0.2327   0.2358    0.239   0.2421   0.2453   0.2484   0.2516   0.2547   0.2579    0.261   0.2642   0.2673   0.2704   0.2736   0.2767   0.2799    0.283   0.2862   0.2893   0.2925   0.2956   0.2987   0.3019    0.305   0.3082   0.3113   0.3145   0.3176   0.3208   0.3239    0.327   0.3302   0.3333   0.3365   0.3396   0.3428   0.3459   0.3491   0.3522   0.3553   0.3585   0.3616   0.3648   0.3679   0.3711   0.3742   0.3774   0.3805   0.3836   0.3868   0.3899   0.3931   0.3962   0.3994   0.4025   0.4057   0.4088   0.4119   0.4151   0.4182   0.4214   0.4245   0.4277   0.4308    0.434   0.4371   0.4403   0.4434   0.4465   0.4497   0.4528    0.456   0.4591   0.4623   0.4654   0.4686   0.4717   0.4748    0.478   0.4811   0.4843   0.4874   0.4906   0.4937   0.4969
    S      0.0   0.2042   0.4006   0.2673   0.1395   0.4187   0.1269   0.2922    0.177   0.0844   0.3864   0.1819   0.0789   0.3442   0.2585   0.2871   0.6325   0.1293   0.1695   0.0169   0.0295   0.1083     0.15    0.225   0.0496   0.0319   0.0933   0.1799   0.0912   0.4344   0.2746    0.125   0.3946   0.3196   0.2807   0.1043   0.1224   0.0377    0.106   0.3597   0.5957   0.1415   0.0561    0.106   0.2422   0.1786   0.1723   0.1057   0.1994   0.1718   0.0726   0.0655   0.0309   0.3179    0.102   0.0382    0.066   0.1534   0.1266   0.1795   0.0284    0.103   0.0983   0.1074   0.1467   0.4626   0.1016     0.19   0.0759   0.0814   0.0439   0.4272   0.1026   0.2985   0.0863   0.0303   0.4073   0.2271   0.1276    0.108   0.1863   0.2816   0.1613   0.1011   0.0497   0.1605   0.0546   0.5954   0.0131   0.0752      1.0   0.2773    0.169   0.0267   0.0855    0.134   0.1104    0.061   0.0252   0.0956   0.2112   0.0367   0.0351   0.2383   0.0929   0.0465   0.5272   0.0855   0.0988   0.1244   0.1408   0.1266    0.077   0.0777   0.0785   0.0439   0.0301    0.057   0.0277   0.0341   0.0166   0.1045   0.0601   0.0655   0.1619   0.4464   0.0641   0.3999   0.0464   0.0437   0.0692   0.1162   0.0251   0.0608   0.2315   0.1473   0.1051   0.0274   0.1376   0.1607   0.0599   0.1546    0.272   0.1643   0.1503   0.3505   0.1038   0.0624   0.1751   0.1005   0.1137   0.0769   0.2823    0.456   0.0685   0.0959   0.0176   0.2408   0.0598
  snr   -13.95
    H     4.75
 exon    False

M: snrse
 freq      0.0   0.0031   0.0063   0.0094   0.0126   0.0157   0.0189    0.022   0.0252   0.0283   0.0314   0.0346   0.0377   0.0409    0.044   0.0472   0.0503   0.0535   0.0566   0.0597   0.0629    0.066   0.0692   0.0723   0.0755   0.0786   0.0818   0.0849   0.0881   0.0912   0.0943   0.0975   0.1006   0.1038   0.1069   0.1101   0.1132   0.1164   0.1195   0.1226   0.1258   0.1289   0.1321   0.1352   0.1384   0.1415   0.1447   0.1478   0.1509   0.1541   0.1572   0.1604   0.1635   0.1667   0.1698    0.173   0.1761   0.1792   0.1824   0.1855   0.1887   0.1918    0.195   0.1981   0.2013   0.2044   0.2075   0.2107   0.2138    0.217   0.2201   0.2233   0.2264   0.2296   0.2327   0.2358    0.239   0.2421   0.2453   0.2484   0.2516   0.2547   0.2579    0.261   0.2642   0.2673   0.2704   0.2736   0.2767   0.2799    0.283   0.2862   0.2893   0.2925   0.2956   0.2987   0.3019    0.305   0.3082   0.3113   0.3145   0.3176   0.3208   0.3239    0.327   0.3302   0.3333   0.3365   0.3396   0.3428   0.3459   0.3491   0.3522   0.3553   0.3585   0.3616   0.3648   0.3679   0.3711   0.3742   0.3774   0.3805   0.3836   0.3868   0.3899   0.3931   0.3962   0.3994   0.4025   0.4057   0.4088   0.4119   0.4151   0.4182   0.4214   0.4245   0.4277   0.4308    0.434   0.4371   0.4403   0.4434   0.4465   0.4497   0.4528    0.456   0.4591   0.4623   0.4654   0.4686   0.4717   0.4748    0.478   0.4811   0.4843   0.4874   0.4906   0.4937   0.4969
    S      0.0   0.1774   0.3099   0.2487   0.1441    0.375   0.0162   0.1075   0.0851   0.0312   0.4215   0.0585   0.0772   0.2866   0.2014   0.2529   0.6084   0.1111   0.1556   0.0098    0.025   0.1102   0.1312   0.1928   0.0112   0.0288   0.0712   0.0936   0.1055   0.3986   0.2346    0.095   0.3555   0.3081   0.3115   0.0663   0.0826   0.0279     0.13   0.3777   0.5269   0.1548   0.0256   0.0591   0.2594   0.1535   0.1408   0.0716   0.1676   0.1387   0.0422   0.0545   0.0195   0.2726    0.064   0.0263   0.0767    0.155   0.1117    0.153   0.0102   0.0371   0.0785   0.0984   0.1322   0.4248   0.0828   0.1711   0.0631   0.0571   0.0164   0.3996   0.0346   0.2714   0.0476   0.0301   0.3464    0.104   0.0612   0.0897   0.1754   0.2577   0.1374   0.0967   0.0477   0.1604   0.0517   0.5317   0.0033   0.0505      1.0   0.2117   0.1352   0.0133   0.0656   0.1311   0.1055   0.0503   0.0193   0.0806   0.2024   0.0154   0.0362   0.2034   0.0667   0.0136   0.5108   0.0638   0.1016   0.1296   0.1464   0.0724   0.0415   0.0627   0.0062   0.0329   0.0295   0.0033   0.0162   0.0043   0.0043   0.0414   0.0717   0.0299   0.1487   0.3592   0.0511   0.3041   0.0222   0.0403   0.0694   0.1271   0.0265   0.0542    0.206   0.0889   0.0823   0.0163   0.1018   0.1688   0.0321   0.1032   0.2084   0.1272   0.0641   0.2766    0.077   0.0303   0.1549    0.062   0.0695   0.0537    0.283   0.3656   0.0368   0.0948   0.0095   0.2255   0.0465
  snr   -13.11
    H     4.64
 exon    False