>data-XIV-cerevisiae-intergenic-205
N: 313
Methods: voss, eiip, qpsk, mem, alg1, alg2

M: voss
 freq      0.0   0.0032   0.0064   0.0096   0.0128    0.016   0.0192   0.0224   0.0256   0.0288   0.0319   0.0351   0.0383   0.0415   0.0447   0.0479   0.0511   0.0543   0.0575   0.0607   0.0639   0.0671   0.0703   0.0735   0.0767   0.0799   0.0831   0.0863   0.0895   0.0927   0.0958    0.099   0.1022   0.1054   0.1086   0.1118    0.115   0.1182   0.1214   0.1246   0.1278    0.131   0.1342   0.1374   0.1406   0.1438    0.147   0.1502   0.1534   0.1565   0.1597   0.1629   0.1661   0.1693   0.1725   0.1757   0.1789   0.1821   0.1853   0.1885   0.1917   0.1949   0.1981   0.2013   0.2045   0.2077   0.2109   0.2141   0.2173   0.2204   0.2236   0.2268     0.23   0.2332   0.2364   0.2396   0.2428    0.246   0.2492   0.2524   0.2556   0.2588    0.262   0.2652   0.2684   0.2716   0.2748    0.278   0.2812   0.2843   0.2875   0.2907   0.2939   0.2971   0.3003   0.3035   0.3067   0.3099   0.3131   0.3163   0.3195   0.3227   0.3259   0.3291   0.3323   0.3355   0.3387   0.3419    0.345   0.3482   0.3514   0.3546   0.3578    0.361   0.3642   0.3674   0.3706   0.3738    0.377   0.3802   0.3834   0.3866   0.3898    0.393   0.3962   0.3994   0.4026   0.4058   0.4089   0.4121   0.4153   0.4185   0.4217   0.4249   0.4281   0.4313   0.4345   0.4377   0.4409   0.4441   0.4473   0.4505   0.4537   0.4569   0.4601   0.4633   0.4665   0.4696   0.4728    0.476   0.4792   0.4824   0.4856   0.4888    0.492   0.4952   0.4984
    S      0.0      1.0   0.3783   0.0901   0.3276    0.488   0.0956   0.1491   0.0632   0.1428   0.4029   0.0844   0.2789   0.1215   0.2135   0.1754   0.0554   0.1946   0.1804    0.242   0.1025   0.2183   0.1542   0.1774   0.1246   0.1273   0.0852   0.1512   0.0469    0.066   0.1916   0.0458   0.4161   0.1127   0.2196   0.2623    0.151   0.0551   0.0855   0.1076    0.087   0.2344   0.0658   0.1364   0.0802   0.2348   0.3941   0.1931   0.1792   0.2497   0.3311   0.1866   0.1179   0.0627   0.0514   0.1633   0.1177   0.0618   0.2406   0.1242   0.0982   0.1778   0.1101   0.0896    0.031   0.0985   0.1047   0.0943   0.3511    0.056   0.1481   0.0841   0.1044   0.1836   0.1986   0.0621   0.0704    0.105   0.0465   0.0679   0.2263   0.1719   0.1371   0.1148   0.0721   0.0683   0.1999   0.2466   0.0471   0.0653   0.0508   0.2275   0.1629    0.116   0.1128   0.2468    0.029   0.0895   0.1111   0.0837   0.1168   0.2222   0.2874   0.0799    0.065   0.0275   0.2044   0.0668   0.1162   0.2081   0.4286   0.1263    0.127    0.144   0.0823    0.168   0.1381   0.1644    0.097   0.0973   0.0943   0.2226   0.2636   0.1286   0.0782    0.088   0.0625   0.1017   0.0932   0.1484   0.1223   0.0511   0.0925   0.1349   0.0355   0.0968   0.2869   0.0754   0.0923   0.4566   0.0672   0.0375   0.1944   0.2439   0.0916    0.223    0.278   0.0808   0.1415   0.0979   0.0307    0.069   0.2976   0.2594   0.1845   0.3579   0.9036
  snr    -13.8
    H     4.81
 exon    False

M: eiip
 freq      0.0   0.0032   0.0064   0.0096   0.0128    0.016   0.0192   0.0224   0.0256   0.0288   0.0319   0.0351   0.0383   0.0415   0.0447   0.0479   0.0511   0.0543   0.0575   0.0607   0.0639   0.0671   0.0703   0.0735   0.0767   0.0799   0.0831   0.0863   0.0895   0.0927   0.0958    0.099   0.1022   0.1054   0.1086   0.1118    0.115   0.1182   0.1214   0.1246   0.1278    0.131   0.1342   0.1374   0.1406   0.1438    0.147   0.1502   0.1534   0.1565   0.1597   0.1629   0.1661   0.1693   0.1725   0.1757   0.1789   0.1821   0.1853   0.1885   0.1917   0.1949   0.1981   0.2013   0.2045   0.2077   0.2109   0.2141   0.2173   0.2204   0.2236   0.2268     0.23   0.2332   0.2364   0.2396   0.2428    0.246   0.2492   0.2524   0.2556   0.2588    0.262   0.2652   0.2684   0.2716   0.2748    0.278   0.2812   0.2843   0.2875   0.2907   0.2939   0.2971   0.3003   0.3035   0.3067   0.3099   0.3131   0.3163   0.3195   0.3227   0.3259   0.3291   0.3323   0.3355   0.3387   0.3419    0.345   0.3482   0.3514   0.3546   0.3578    0.361   0.3642   0.3674   0.3706   0.3738    0.377   0.3802   0.3834   0.3866   0.3898    0.393   0.3962   0.3994   0.4026   0.4058   0.4089   0.4121   0.4153   0.4185   0.4217   0.4249   0.4281   0.4313   0.4345   0.4377   0.4409   0.4441   0.4473   0.4505   0.4537   0.4569   0.4601   0.4633   0.4665   0.4696   0.4728    0.476   0.4792   0.4824   0.4856   0.4888    0.492   0.4952   0.4984
    S      0.0    0.361   0.1938   0.0608   0.2695   0.0741   0.0476   0.3625   0.0951   0.1197   0.2548   0.0111   0.0923   0.0375   0.0037   0.1988   0.0222     0.19   0.0888   0.0414   0.1618   0.1842   0.4039    0.077   0.1199   0.2016   0.0565    0.023   0.0048   0.0578   0.1835   0.0955   0.1732   0.1447   0.0581   0.2159   0.0608   0.0982   0.0011   0.0894   0.0228   0.1298   0.0857   0.3522   0.0142   0.3475   0.9078   0.1676    0.044   0.4591   0.1521   0.0071   0.1405   0.0687   0.0697   0.1314   0.1484   0.0983   0.1427   0.0339    0.331   0.0989   0.1541   0.1409   0.0015   0.0058   0.0647   0.0875      1.0   0.0033   0.1529   0.0439   0.0221   0.1958   0.0341   0.1603   0.0201   0.0071   0.1265   0.0174   0.1878    0.139   0.2576   0.0162   0.0765   0.1998   0.1674   0.0194   0.0467   0.0633   0.0611   0.3577   0.3854   0.0333   0.0921   0.1673   0.0056   0.0181   0.2291   0.1446   0.0327    0.206   0.9279   0.1078   0.0607   0.0243   0.2598   0.0268   0.1814   0.3137   0.2901    0.249   0.2609   0.2782   0.0167   0.2427    0.404   0.0966   0.0135   0.1101   0.0529   0.0367   0.2685    0.119   0.0072   0.0333   0.0028   0.0822   0.1206   0.0575   0.1607   0.0403   0.0021   0.2474    0.021   0.0347   0.4188   0.0273    0.028   0.4501   0.0361   0.0281   0.2412   0.1421    0.216   0.1097   0.6012   0.0136    0.011    0.178   0.0352   0.0535   0.8277   0.2577   0.0447    0.351   0.0044
  snr   -13.48
    H     4.55
 exon    False

M: qpsk
 freq      0.0   0.0032   0.0064   0.0096   0.0128    0.016   0.0192   0.0224   0.0256   0.0288   0.0319   0.0351   0.0383   0.0415   0.0447   0.0479   0.0511   0.0543   0.0575   0.0607   0.0639   0.0671   0.0703   0.0735   0.0767   0.0799   0.0831   0.0863   0.0895   0.0927   0.0958    0.099   0.1022   0.1054   0.1086   0.1118    0.115   0.1182   0.1214   0.1246   0.1278    0.131   0.1342   0.1374   0.1406   0.1438    0.147   0.1502   0.1534   0.1565   0.1597   0.1629   0.1661   0.1693   0.1725   0.1757   0.1789   0.1821   0.1853   0.1885   0.1917   0.1949   0.1981   0.2013   0.2045   0.2077   0.2109   0.2141   0.2173   0.2204   0.2236   0.2268     0.23   0.2332   0.2364   0.2396   0.2428    0.246   0.2492   0.2524   0.2556   0.2588    0.262   0.2652   0.2684   0.2716   0.2748    0.278   0.2812   0.2843   0.2875   0.2907   0.2939   0.2971   0.3003   0.3035   0.3067   0.3099   0.3131   0.3163   0.3195   0.3227   0.3259   0.3291   0.3323   0.3355   0.3387   0.3419    0.345   0.3482   0.3514   0.3546   0.3578    0.361   0.3642   0.3674   0.3706   0.3738    0.377   0.3802   0.3834   0.3866   0.3898    0.393   0.3962   0.3994   0.4026   0.4058   0.4089   0.4121   0.4153   0.4185   0.4217   0.4249   0.4281   0.4313   0.4345   0.4377   0.4409   0.4441   0.4473   0.4505   0.4537   0.4569   0.4601   0.4633   0.4665   0.4696   0.4728    0.476   0.4792   0.4824   0.4856   0.4888    0.492   0.4952   0.4984
    S      0.0      1.0   0.4883   0.1262   0.3541   0.5958   0.1347   0.1408   0.0548   0.1925   0.3216   0.0251   0.2734   0.1551    0.091   0.0631   0.0511   0.2598    0.165   0.0994   0.0817   0.2766   0.1424   0.2409   0.1307   0.1511   0.0479   0.1146   0.0453   0.0166    0.236   0.0399   0.2085    0.127   0.1567   0.3092   0.2137    0.033   0.1251   0.1273   0.0353   0.0577   0.0543   0.1095   0.0843   0.3543   0.5954   0.1976   0.0922   0.2829   0.0611    0.142   0.1002   0.0408   0.0692   0.2433   0.1302     0.02   0.2027   0.1645   0.1101   0.1482   0.1524   0.0536   0.0346   0.1502   0.0411   0.1226   0.4691   0.0456   0.1793   0.0539   0.0627   0.2412   0.0845   0.0787   0.0487   0.1148   0.0604   0.0876   0.2562   0.1607   0.0859   0.0911   0.0916   0.0534   0.2643   0.2018   0.0679    0.074   0.0627   0.2804    0.211   0.1206   0.1517    0.305   0.0104   0.0976   0.1641   0.1172   0.1536   0.1332   0.3435   0.0935   0.0782    0.027   0.2726    0.068   0.1031   0.1202   0.5758   0.1748   0.0389   0.2027   0.0493    0.199   0.1071   0.0385    0.101   0.0453   0.1403   0.2539   0.1605   0.1859   0.0494    0.103   0.0228   0.0363   0.1334   0.1167    0.025   0.0651   0.0698    0.207   0.0524   0.0444   0.3947    0.112   0.1262   0.5159   0.0472   0.0402   0.1766   0.2762   0.1224   0.2773   0.1166   0.1167    0.079   0.1265    0.011   0.0839   0.3617   0.3795   0.1376   0.4927   0.8175
  snr   -13.81
    H     4.73
 exon    False

M: mem
 freq      0.0   0.0032   0.0064   0.0096   0.0128    0.016   0.0192   0.0224   0.0256   0.0288   0.0321   0.0353   0.0385   0.0417   0.0449   0.0481   0.0513   0.0545   0.0577   0.0609   0.0641   0.0673   0.0705   0.0737   0.0769   0.0801   0.0833   0.0865   0.0897   0.0929   0.0962   0.0994   0.1026   0.1058    0.109   0.1122   0.1154   0.1186   0.1218    0.125   0.1282   0.1314   0.1346   0.1378    0.141   0.1442   0.1474   0.1506   0.1538   0.1571   0.1603   0.1635   0.1667   0.1699   0.1731   0.1763   0.1795   0.1827   0.1859   0.1891   0.1923   0.1955   0.1987   0.2019   0.2051   0.2083   0.2115   0.2147   0.2179   0.2212   0.2244   0.2276   0.2308    0.234   0.2372   0.2404   0.2436   0.2468     0.25   0.2532   0.2564   0.2596   0.2628    0.266   0.2692   0.2724   0.2756   0.2788   0.2821   0.2853   0.2885   0.2917   0.2949   0.2981   0.3013   0.3045   0.3077   0.3109   0.3141   0.3173   0.3205   0.3237   0.3269   0.3301   0.3333   0.3365   0.3397   0.3429   0.3462   0.3494   0.3526   0.3558    0.359   0.3622   0.3654   0.3686   0.3718    0.375   0.3782   0.3814   0.3846   0.3878    0.391   0.3942   0.3974   0.4006   0.4038   0.4071   0.4103   0.4135   0.4167   0.4199   0.4231   0.4263   0.4295   0.4327   0.4359   0.4391   0.4423   0.4455   0.4487   0.4519   0.4551   0.4583   0.4615   0.4647   0.4679   0.4712   0.4744   0.4776   0.4808    0.484   0.4872   0.4904   0.4936   0.4968
    S      0.0   0.0835    0.252   0.0996   0.0885   0.4116   0.0878   0.6354   0.0987   0.1381   0.2696   0.1637   0.2679   0.1017   0.6348    0.249   0.3757   0.1566   0.9507   0.8452   0.2132   0.1992   0.0736   0.3894   0.0146   0.1035   0.1749   0.2775   0.0232   0.0591   0.1219   0.0623   0.4816   0.1122   0.3355   0.2858    0.385   0.0192   0.1737   0.0342     0.07   0.2063   0.0269   0.1687   0.0449   0.3985   0.0303    0.065   0.0568   0.2605   0.4243   0.5162   0.0668   0.0694   0.0215   0.2415   0.0138    0.074   0.0327   0.2862   0.5004   0.0579   0.0542   0.3364   0.1872   0.0945   0.5497   0.0943   0.4132   0.1766   0.0716   0.0797   0.0197   0.6876   0.1717   0.0211   0.0799   0.3246   0.0186   0.1672   0.1112   0.0314   0.5603   0.7684   0.0081   0.0501   0.4923   0.5938    0.106   0.0028   0.0111   0.0762   0.1038   0.7281    0.117   0.7035   0.0076   0.0576   0.0768   0.2339   0.0173   0.0515   0.7012   0.0308   0.0016   0.0582   0.0014   0.0767   0.7525   0.4056      1.0   0.6541   0.0201   0.1729   0.0584   0.8817   0.1608   0.3433    0.018   0.2309   0.6945   0.3196   0.6658   0.0416   0.0723   0.0665   0.0951    0.759   0.0279   0.6735   0.0862   0.0101   0.0064   0.2105   0.5152   0.0077   0.1321   0.2289   0.1855   0.0604   0.0178   0.1185   0.2349   0.1389   0.1404    0.222   0.7099   0.0775   0.0561    0.056   0.0404   0.1272   0.7493   0.2258   0.1163   0.0819
  snr   -15.32
    H     4.55
 exon     True

M: alg1
 freq      0.0   0.0032   0.0064   0.0096   0.0128    0.016   0.0192   0.0224   0.0256   0.0288   0.0319   0.0351   0.0383   0.0415   0.0447   0.0479   0.0511   0.0543   0.0575   0.0607   0.0639   0.0671   0.0703   0.0735   0.0767   0.0799   0.0831   0.0863   0.0895   0.0927   0.0958    0.099   0.1022   0.1054   0.1086   0.1118    0.115   0.1182   0.1214   0.1246   0.1278    0.131   0.1342   0.1374   0.1406   0.1438    0.147   0.1502   0.1534   0.1565   0.1597   0.1629   0.1661   0.1693   0.1725   0.1757   0.1789   0.1821   0.1853   0.1885   0.1917   0.1949   0.1981   0.2013   0.2045   0.2077   0.2109   0.2141   0.2173   0.2204   0.2236   0.2268     0.23   0.2332   0.2364   0.2396   0.2428    0.246   0.2492   0.2524   0.2556   0.2588    0.262   0.2652   0.2684   0.2716   0.2748    0.278   0.2812   0.2843   0.2875   0.2907   0.2939   0.2971   0.3003   0.3035   0.3067   0.3099   0.3131   0.3163   0.3195   0.3227   0.3259   0.3291   0.3323   0.3355   0.3387   0.3419    0.345   0.3482   0.3514   0.3546   0.3578    0.361   0.3642   0.3674   0.3706   0.3738    0.377   0.3802   0.3834   0.3866   0.3898    0.393   0.3962   0.3994   0.4026   0.4058   0.4089   0.4121   0.4153   0.4185   0.4217   0.4249   0.4281   0.4313   0.4345   0.4377   0.4409   0.4441   0.4473   0.4505   0.4537   0.4569   0.4601   0.4633   0.4665   0.4696   0.4728    0.476   0.4792   0.4824   0.4856   0.4888    0.492   0.4952   0.4984
    S      0.0      1.0   0.0823   0.0482   0.3642   0.3618   0.0284    0.045   0.0405   0.0012   0.4384   0.0718   0.2738   0.0648   0.1673   0.0446    0.006   0.2066   0.0178   0.1669     0.06   0.2427   0.0237   0.0701   0.0196   0.1367   0.0208   0.1692   0.0444    0.021   0.2346   0.0267   0.3475   0.1324   0.2057   0.2031   0.0844   0.0175   0.0175   0.1116   0.0519   0.1187   0.0223   0.0339   0.0756   0.0697   0.4465   0.0125   0.1043   0.1403   0.1866   0.1486   0.0802   0.0125   0.0509   0.1283   0.0005   0.0079   0.1843   0.0695   0.0376   0.1906   0.1342   0.0207   0.0138   0.0031   0.0402   0.1205   0.1773   0.0353   0.0322   0.0416   0.0991   0.1102   0.1466   0.0395   0.0542   0.0718   0.0219   0.0487   0.2972   0.0799   0.0285   0.0347   0.0202   0.0174   0.1174   0.1966   0.0455   0.0647   0.0497   0.2571   0.1001   0.1089   0.0155   0.2335   0.0193   0.0796   0.1274    0.032   0.0669   0.0349   0.1521   0.0559   0.0866   0.0021   0.2707   0.0742   0.0751   0.0799    0.034   0.1282   0.0129   0.0342   0.0424   0.0176   0.0193   0.0786   0.0448   0.0476   0.0016   0.0592   0.2021   0.0705   0.0801    0.092   0.0594   0.0358   0.0606   0.0555    0.031   0.0595   0.0891   0.0722   0.0068   0.0385   0.3259   0.0092   0.0383   0.5672   0.0644   0.0419   0.1327   0.3049    0.037   0.1997    0.008   0.0133    0.129    0.025   0.0074   0.0382    0.123   0.0949   0.0855   0.4042   0.6176
  snr   -11.92
    H     4.54
 exon    False

M: alg2
 freq      0.0   0.0032   0.0064   0.0096   0.0128    0.016   0.0192   0.0224   0.0256   0.0288   0.0319   0.0351   0.0383   0.0415   0.0447   0.0479   0.0511   0.0543   0.0575   0.0607   0.0639   0.0671   0.0703   0.0735   0.0767   0.0799   0.0831   0.0863   0.0895   0.0927   0.0958    0.099   0.1022   0.1054   0.1086   0.1118    0.115   0.1182   0.1214   0.1246   0.1278    0.131   0.1342   0.1374   0.1406   0.1438    0.147   0.1502   0.1534   0.1565   0.1597   0.1629   0.1661   0.1693   0.1725   0.1757   0.1789   0.1821   0.1853   0.1885   0.1917   0.1949   0.1981   0.2013   0.2045   0.2077   0.2109   0.2141   0.2173   0.2204   0.2236   0.2268     0.23   0.2332   0.2364   0.2396   0.2428    0.246   0.2492   0.2524   0.2556   0.2588    0.262   0.2652   0.2684   0.2716   0.2748    0.278   0.2812   0.2843   0.2875   0.2907   0.2939   0.2971   0.3003   0.3035   0.3067   0.3099   0.3131   0.3163   0.3195   0.3227   0.3259   0.3291   0.3323   0.3355   0.3387   0.3419    0.345   0.3482   0.3514   0.3546   0.3578    0.361   0.3642   0.3674   0.3706   0.3738    0.377   0.3802   0.3834   0.3866   0.3898    0.393   0.3962   0.3994   0.4026   0.4058   0.4089   0.4121   0.4153   0.4185   0.4217   0.4249   0.4281   0.4313   0.4345   0.4377   0.4409   0.4441   0.4473   0.4505   0.4537   0.4569   0.4601   0.4633   0.4665   0.4696   0.4728    0.476   0.4792   0.4824   0.4856   0.4888    0.492   0.4952   0.4984
    S      0.0    0.957   0.2448   0.0702   0.2517    0.427   0.0553   0.0018   0.0166   0.0692   0.2738   0.0485   0.2384   0.0989    0.079    0.126   0.0082    0.051   0.0448   0.0651    0.023    0.086   0.0468   0.0233   0.0889   0.0612   0.0594     0.06   0.0373   0.0532    0.122   0.0131   0.3278   0.0476   0.1333   0.2159   0.1305   0.0171   0.0537   0.0874    0.085   0.1952   0.0476   0.0398   0.0592   0.0565    0.073   0.1394   0.1819   0.0396   0.2505   0.0845   0.0552   0.0419   0.0303   0.1192   0.0647   0.0371   0.2173   0.0395   0.0008   0.1232   0.0251   0.0064   0.0164    0.043   0.0325   0.0604    0.058   0.0051    0.075   0.0651   0.0922   0.0037    0.146   0.0107   0.0679    0.069     0.01   0.0613   0.1348   0.1479    0.004   0.0092   0.0182   0.0041   0.0308   0.0622   0.0272   0.0268   0.0236   0.0744   0.0565   0.0406   0.0202   0.0212   0.0114   0.0574   0.0299   0.0335   0.0777   0.1555   0.0081   0.0282   0.0346   0.0194   0.0739   0.0242   0.0167   0.1139   0.1918   0.0152   0.0405   0.0232    0.065   0.0516   0.0162   0.1279   0.0887   0.0469    0.041   0.0159   0.1193    0.004     0.03   0.0706   0.0451   0.0205   0.0578   0.0664   0.0746     0.04   0.0873   0.0088   0.0136   0.0539   0.0477   0.0309   0.0361   0.2564   0.0523   0.0188   0.0399   0.1513   0.0047   0.0828   0.1278   0.0421   0.1209   0.0245   0.0145   0.0547   0.0371   0.0388   0.1877   0.2516      1.0
  snr   -10.82
    H     4.48
 exon    False