>data-XIV-cerevisiae-intergenic-102
N: 480
Methods: voss, eiip, qpsk, mem, tbpse, snrse

M: voss
 freq      0.0   0.0021   0.0042   0.0062   0.0083   0.0104   0.0125   0.0146   0.0167   0.0188   0.0208   0.0229    0.025   0.0271   0.0292   0.0312   0.0333   0.0354   0.0375   0.0396   0.0417   0.0438   0.0458   0.0479     0.05   0.0521   0.0542   0.0562   0.0583   0.0604   0.0625   0.0646   0.0667   0.0688   0.0708   0.0729    0.075   0.0771   0.0792   0.0812   0.0833   0.0854   0.0875   0.0896   0.0917   0.0938   0.0958   0.0979      0.1   0.1021   0.1042   0.1062   0.1083   0.1104   0.1125   0.1146   0.1167   0.1188   0.1208   0.1229    0.125   0.1271   0.1292   0.1312   0.1333   0.1354   0.1375   0.1396   0.1417   0.1438   0.1458   0.1479     0.15   0.1521   0.1542   0.1562   0.1583   0.1604   0.1625   0.1646   0.1667   0.1688   0.1708   0.1729    0.175   0.1771   0.1792   0.1812   0.1833   0.1854   0.1875   0.1896   0.1917   0.1938   0.1958   0.1979      0.2   0.2021   0.2042   0.2062   0.2083   0.2104   0.2125   0.2146   0.2167   0.2188   0.2208   0.2229    0.225   0.2271   0.2292   0.2312   0.2333   0.2354   0.2375   0.2396   0.2417   0.2438   0.2458   0.2479     0.25   0.2521   0.2542   0.2562   0.2583   0.2604   0.2625   0.2646   0.2667   0.2688   0.2708   0.2729    0.275   0.2771   0.2792   0.2812   0.2833   0.2854   0.2875   0.2896   0.2917   0.2938   0.2958   0.2979      0.3   0.3021   0.3042   0.3062   0.3083   0.3104   0.3125   0.3146   0.3167   0.3188   0.3208   0.3229    0.325   0.3271   0.3292   0.3312   0.3333   0.3354   0.3375   0.3396   0.3417   0.3438   0.3458   0.3479     0.35   0.3521   0.3542   0.3562   0.3583   0.3604   0.3625   0.3646   0.3667   0.3688   0.3708   0.3729    0.375   0.3771   0.3792   0.3812   0.3833   0.3854   0.3875   0.3896   0.3917   0.3938   0.3958   0.3979      0.4   0.4021   0.4042   0.4062   0.4083   0.4104   0.4125   0.4146   0.4167   0.4188   0.4208   0.4229    0.425   0.4271   0.4292   0.4312   0.4333   0.4354   0.4375   0.4396   0.4417   0.4438   0.4458   0.4479     0.45   0.4521   0.4542   0.4562   0.4583   0.4604   0.4625   0.4646   0.4667   0.4688   0.4708   0.4729    0.475   0.4771   0.4792   0.4812   0.4833   0.4854   0.4875   0.4896   0.4917   0.4938   0.4958   0.4979
    S      0.0      1.0   0.6798   0.2542   0.5663   0.5283   0.4746   0.0916   0.2938   0.0632   0.1213   0.1386   0.2923   0.0621   0.0464   0.0652   0.2684   0.1373   0.3267   0.3685   0.2044    0.069   0.1498    0.199   0.1258   0.2242   0.1602   0.1956   0.3256   0.2416   0.2783    0.116   0.1513   0.1319    0.347   0.2474   0.0446   0.3016   0.1102   0.0082   0.0926   0.0673   0.1578   0.1745   0.2483   0.1389   0.0902   0.1005   0.0551    0.089   0.2375   0.0865   0.1586   0.1627   0.6699   0.2414   0.1469   0.0939   0.1479   0.0591   0.0955   0.0603   0.1245   0.1989   0.0769   0.1347    0.066   0.4134   0.0334   0.1303   0.0218   0.2545   0.2016   0.1374    0.059   0.1669   0.0684   0.1614   0.0588   0.0733   0.1884   0.1478   0.3879   0.0193   0.1349   0.1543   0.0508   0.1109   0.1565   0.1059   0.2028   0.1709   0.2391   0.2008   0.1592   0.1146   0.1174   0.0151   0.3532   0.0856   0.2754   0.2001   0.0859   0.3074   0.1663   0.1973   0.1332    0.125   0.3245   0.0734   0.0657   0.2087   0.2134   0.0845   0.1834   0.0987   0.0469   0.1957   0.3096   0.1804   0.1322    0.244    0.233   0.0683   0.0801   0.0675   0.1094    0.201   0.1221   0.1318   0.0924    0.138    0.207   0.1582   0.0921   0.0933   0.2372   0.1887   0.0775   0.1552   0.1572   0.1556   0.2064   0.0956   0.0724   0.0592    0.071    0.142   0.3689   0.1424   0.1152   0.1192   0.1212   0.1424   0.1495   0.1478   0.2736   0.1735   0.3088    0.392    0.206   0.0636   0.0906   0.4585   0.2453   0.1408   0.0924   0.0526   0.0383   0.1228   0.2818   0.1641   0.0842   0.0579   0.1842   0.0646   0.1001   0.2486   0.0767    0.245   0.2473   0.1102   0.0613    0.166   0.2119    0.055   0.1324   0.2064   0.1479   0.0537   0.0909   0.0922   0.2063   0.2261   0.0854   0.0549   0.2224   0.1248   0.1001   0.1543   0.3948   0.0383   0.4116   0.1072   0.1227   0.1236   0.0846   0.1481   0.0789   0.2641   0.0397   0.0715   0.2746   0.1829   0.0649   0.2188   0.2919   0.1011   0.1578   0.2671   0.0672   0.2574   0.2738   0.1386   0.1019    0.134   0.1641   0.3991   0.2091   0.0514   0.0879   0.1909   0.2231   0.3472   0.7919   0.1713   0.5841   0.6547   0.5972   0.2657
  snr   -16.22
    H     5.25
 exon    False

M: eiip
 freq      0.0   0.0021   0.0042   0.0062   0.0083   0.0104   0.0125   0.0146   0.0167   0.0188   0.0208   0.0229    0.025   0.0271   0.0292   0.0312   0.0333   0.0354   0.0375   0.0396   0.0417   0.0438   0.0458   0.0479     0.05   0.0521   0.0542   0.0562   0.0583   0.0604   0.0625   0.0646   0.0667   0.0688   0.0708   0.0729    0.075   0.0771   0.0792   0.0812   0.0833   0.0854   0.0875   0.0896   0.0917   0.0938   0.0958   0.0979      0.1   0.1021   0.1042   0.1062   0.1083   0.1104   0.1125   0.1146   0.1167   0.1188   0.1208   0.1229    0.125   0.1271   0.1292   0.1312   0.1333   0.1354   0.1375   0.1396   0.1417   0.1438   0.1458   0.1479     0.15   0.1521   0.1542   0.1562   0.1583   0.1604   0.1625   0.1646   0.1667   0.1688   0.1708   0.1729    0.175   0.1771   0.1792   0.1812   0.1833   0.1854   0.1875   0.1896   0.1917   0.1938   0.1958   0.1979      0.2   0.2021   0.2042   0.2062   0.2083   0.2104   0.2125   0.2146   0.2167   0.2188   0.2208   0.2229    0.225   0.2271   0.2292   0.2312   0.2333   0.2354   0.2375   0.2396   0.2417   0.2438   0.2458   0.2479     0.25   0.2521   0.2542   0.2562   0.2583   0.2604   0.2625   0.2646   0.2667   0.2688   0.2708   0.2729    0.275   0.2771   0.2792   0.2812   0.2833   0.2854   0.2875   0.2896   0.2917   0.2938   0.2958   0.2979      0.3   0.3021   0.3042   0.3062   0.3083   0.3104   0.3125   0.3146   0.3167   0.3188   0.3208   0.3229    0.325   0.3271   0.3292   0.3312   0.3333   0.3354   0.3375   0.3396   0.3417   0.3438   0.3458   0.3479     0.35   0.3521   0.3542   0.3562   0.3583   0.3604   0.3625   0.3646   0.3667   0.3688   0.3708   0.3729    0.375   0.3771   0.3792   0.3812   0.3833   0.3854   0.3875   0.3896   0.3917   0.3938   0.3958   0.3979      0.4   0.4021   0.4042   0.4062   0.4083   0.4104   0.4125   0.4146   0.4167   0.4188   0.4208   0.4229    0.425   0.4271   0.4292   0.4312   0.4333   0.4354   0.4375   0.4396   0.4417   0.4438   0.4458   0.4479     0.45   0.4521   0.4542   0.4562   0.4583   0.4604   0.4625   0.4646   0.4667   0.4688   0.4708   0.4729    0.475   0.4771   0.4792   0.4812   0.4833   0.4854   0.4875   0.4896   0.4917   0.4938   0.4958   0.4979
    S      0.0   0.3679   0.1442   0.2363   0.5283   0.0552   0.9399   0.1422   0.0589   0.0144    0.249   0.2986   0.3842   0.0134   0.0047   0.1311   0.4306   0.3274   0.1269   0.2979   0.2333   0.0939   0.0831   0.2799   0.0728   0.2645   0.2466   0.0101   0.4307   0.3245   0.2059   0.1223   0.0322   0.0155   0.2032    0.293   0.0489   0.0587   0.0115   0.0088   0.1851   0.0215    0.194    0.036   0.1051   0.2368   0.1302   0.0545   0.0185   0.0029   0.1672   0.1334   0.2561   0.2956   0.2773   0.0455   0.0106   0.0142   0.1155    0.109    0.058   0.0055   0.2043   0.1364   0.1536   0.0273   0.0586   0.6955   0.0304   0.1694   0.0019   0.2081   0.1317   0.0583    0.091   0.2666   0.0306   0.2119    0.097   0.0162   0.3513   0.1996   0.7466   0.0014   0.0915   0.2634   0.0391   0.0812   0.0237   0.0789   0.1851   0.0322   0.3411   0.3401   0.0221   0.1867   0.2757   0.0013   0.4432   0.0166   0.0675   0.1136   0.1104   0.2032    0.052   0.1392   0.0043   0.0601   0.5758   0.0704   0.0825   0.1548   0.2015   0.0759    0.263   0.0125    0.011   0.2115   0.3661   0.3404   0.1696   0.0913   0.4094   0.0731   0.0917   0.0394   0.0205   0.2979   0.1574   0.0702   0.0827   0.1446   0.1605   0.2512   0.0277   0.1332   0.0677   0.2972   0.0316   0.2347   0.0845   0.2135   0.1066   0.0897   0.0108   0.0506   0.1011   0.0783   0.4193   0.3655   0.0036    0.045    0.008   0.1297   0.1747   0.3781   0.0777   0.0235   0.3094   0.4882    0.145   0.0931   0.0091      1.0   0.1101   0.1878   0.0185   0.0819   0.0344   0.0623   0.3158   0.0376   0.0831   0.1109   0.2816   0.0398   0.0727   0.3735   0.1351    0.212   0.0733   0.1256   0.0515   0.1403   0.4244   0.0444   0.0722   0.3812    0.236   0.0324   0.0077   0.0531   0.0204   0.0702   0.0299   0.1272   0.5189   0.0478   0.0281   0.0323   0.4413    0.011   0.9388   0.1404   0.2846   0.0703   0.0508   0.0164   0.0296   0.3478   0.0722   0.0877   0.2178   0.1489   0.0331   0.0775   0.0803   0.0547   0.2847   0.5432   0.0002     0.14   0.3364   0.0426    0.125   0.2342   0.0077   0.2234   0.0707   0.0714   0.0204   0.0162   0.2797   0.1844   0.1101   0.1915   0.3893   0.4512   0.0865   0.1519
  snr   -15.76
    H     5.04
 exon     True

M: qpsk
 freq      0.0   0.0021   0.0042   0.0062   0.0083   0.0104   0.0125   0.0146   0.0167   0.0188   0.0208   0.0229    0.025   0.0271   0.0292   0.0312   0.0333   0.0354   0.0375   0.0396   0.0417   0.0438   0.0458   0.0479     0.05   0.0521   0.0542   0.0562   0.0583   0.0604   0.0625   0.0646   0.0667   0.0688   0.0708   0.0729    0.075   0.0771   0.0792   0.0812   0.0833   0.0854   0.0875   0.0896   0.0917   0.0938   0.0958   0.0979      0.1   0.1021   0.1042   0.1062   0.1083   0.1104   0.1125   0.1146   0.1167   0.1188   0.1208   0.1229    0.125   0.1271   0.1292   0.1312   0.1333   0.1354   0.1375   0.1396   0.1417   0.1438   0.1458   0.1479     0.15   0.1521   0.1542   0.1562   0.1583   0.1604   0.1625   0.1646   0.1667   0.1688   0.1708   0.1729    0.175   0.1771   0.1792   0.1812   0.1833   0.1854   0.1875   0.1896   0.1917   0.1938   0.1958   0.1979      0.2   0.2021   0.2042   0.2062   0.2083   0.2104   0.2125   0.2146   0.2167   0.2188   0.2208   0.2229    0.225   0.2271   0.2292   0.2312   0.2333   0.2354   0.2375   0.2396   0.2417   0.2438   0.2458   0.2479     0.25   0.2521   0.2542   0.2562   0.2583   0.2604   0.2625   0.2646   0.2667   0.2688   0.2708   0.2729    0.275   0.2771   0.2792   0.2812   0.2833   0.2854   0.2875   0.2896   0.2917   0.2938   0.2958   0.2979      0.3   0.3021   0.3042   0.3062   0.3083   0.3104   0.3125   0.3146   0.3167   0.3188   0.3208   0.3229    0.325   0.3271   0.3292   0.3312   0.3333   0.3354   0.3375   0.3396   0.3417   0.3438   0.3458   0.3479     0.35   0.3521   0.3542   0.3562   0.3583   0.3604   0.3625   0.3646   0.3667   0.3688   0.3708   0.3729    0.375   0.3771   0.3792   0.3812   0.3833   0.3854   0.3875   0.3896   0.3917   0.3938   0.3958   0.3979      0.4   0.4021   0.4042   0.4062   0.4083   0.4104   0.4125   0.4146   0.4167   0.4188   0.4208   0.4229    0.425   0.4271   0.4292   0.4312   0.4333   0.4354   0.4375   0.4396   0.4417   0.4438   0.4458   0.4479     0.45   0.4521   0.4542   0.4562   0.4583   0.4604   0.4625   0.4646   0.4667   0.4688   0.4708   0.4729    0.475   0.4771   0.4792   0.4812   0.4833   0.4854   0.4875   0.4896   0.4917   0.4938   0.4958   0.4979
    S      0.0      1.0   0.5958   0.4253   0.8054   0.5033   0.7693   0.0889   0.3462   0.0717   0.1447   0.1231   0.4521   0.0514   0.0401    0.091   0.3958   0.2249   0.3299   0.5625   0.1711   0.1057   0.2194   0.1479   0.1608    0.377   0.1971   0.1994   0.5311    0.211   0.1458   0.1695   0.0884   0.1653   0.2232   0.2588    0.052   0.2496   0.0779   0.0046   0.1221   0.1044   0.2336   0.2318   0.1881   0.1466   0.1218   0.1682   0.0579   0.0524   0.3027    0.129   0.2671    0.226   0.6191   0.1297   0.2464   0.1449   0.0819   0.0869    0.078   0.0652   0.0975   0.2883   0.0702   0.0692   0.0469   0.5912   0.0299   0.1342   0.0121   0.4278   0.3025   0.1617   0.0753   0.1326   0.0439   0.2546   0.0726   0.1107   0.0922   0.1967   0.6532   0.0129   0.1592   0.1632   0.0724   0.1565   0.1576   0.1531   0.2822   0.1507   0.1295   0.3055   0.1158   0.1121   0.1115   0.0229   0.5238   0.1165    0.112    0.327   0.0621   0.4405   0.2131   0.1849   0.1133   0.1686   0.2108   0.1055   0.1088   0.0817   0.2482   0.1024   0.2013   0.1551   0.0692   0.1195   0.2906   0.2765   0.1357   0.2834   0.2337   0.0875   0.0223   0.0318   0.1508   0.2956   0.1369   0.1831    0.097   0.2165   0.2413   0.2387   0.1314   0.0195   0.2476   0.2955   0.0849   0.1695    0.053   0.1048   0.1341   0.1228   0.0656   0.0881   0.0949   0.1139   0.0918   0.2196    0.098   0.1327   0.1937    0.156    0.106   0.1143    0.278   0.2644   0.4825   0.3613   0.3148   0.0525   0.0667   0.6025   0.2452   0.0848   0.0565   0.0849   0.0117   0.1053   0.4605   0.1529   0.0551   0.0885   0.0983   0.0857   0.1433   0.3284   0.1074   0.2372   0.0681   0.1757   0.0894   0.2628   0.3477   0.0773   0.1294   0.2927   0.0923   0.0574   0.1502    0.076   0.1581   0.2195   0.1355   0.0532   0.3327   0.1519   0.0848   0.1232   0.5981   0.0408   0.5961   0.1699   0.0738    0.034   0.0241   0.2221    0.112   0.4295   0.0376   0.0794   0.0914   0.2156   0.1082   0.2384   0.3634   0.1372   0.0582    0.416   0.1023   0.3688     0.44   0.0608   0.1551   0.0528   0.1515   0.6335   0.2655   0.0662   0.0808   0.1985   0.3107   0.4468   0.6041   0.2615   0.5849   0.1595    0.497   0.0886
  snr   -16.66
    H      5.2
 exon    False

M: mem
 freq      0.0   0.0021   0.0042   0.0062   0.0083   0.0104   0.0125   0.0146   0.0167   0.0188   0.0208   0.0229    0.025   0.0271   0.0292   0.0312   0.0333   0.0354   0.0375   0.0396   0.0417   0.0438   0.0458   0.0479     0.05   0.0521   0.0542   0.0562   0.0583   0.0604   0.0625   0.0646   0.0667   0.0688   0.0708   0.0729    0.075   0.0771   0.0792   0.0812   0.0833   0.0854   0.0875   0.0896   0.0917   0.0938   0.0958   0.0979      0.1   0.1021   0.1042   0.1062   0.1083   0.1104   0.1125   0.1146   0.1167   0.1188   0.1208   0.1229    0.125   0.1271   0.1292   0.1312   0.1333   0.1354   0.1375   0.1396   0.1417   0.1438   0.1458   0.1479     0.15   0.1521   0.1542   0.1562   0.1583   0.1604   0.1625   0.1646   0.1667   0.1688   0.1708   0.1729    0.175   0.1771   0.1792   0.1812   0.1833   0.1854   0.1875   0.1896   0.1917   0.1938   0.1958   0.1979      0.2   0.2021   0.2042   0.2062   0.2083   0.2104   0.2125   0.2146   0.2167   0.2188   0.2208   0.2229    0.225   0.2271   0.2292   0.2312   0.2333   0.2354   0.2375   0.2396   0.2417   0.2438   0.2458   0.2479     0.25   0.2521   0.2542   0.2562   0.2583   0.2604   0.2625   0.2646   0.2667   0.2688   0.2708   0.2729    0.275   0.2771   0.2792   0.2812   0.2833   0.2854   0.2875   0.2896   0.2917   0.2938   0.2958   0.2979      0.3   0.3021   0.3042   0.3062   0.3083   0.3104   0.3125   0.3146   0.3167   0.3188   0.3208   0.3229    0.325   0.3271   0.3292   0.3312   0.3333   0.3354   0.3375   0.3396   0.3417   0.3438   0.3458   0.3479     0.35   0.3521   0.3542   0.3562   0.3583   0.3604   0.3625   0.3646   0.3667   0.3688   0.3708   0.3729    0.375   0.3771   0.3792   0.3812   0.3833   0.3854   0.3875   0.3896   0.3917   0.3938   0.3958   0.3979      0.4   0.4021   0.4042   0.4062   0.4083   0.4104   0.4125   0.4146   0.4167   0.4188   0.4208   0.4229    0.425   0.4271   0.4292   0.4312   0.4333   0.4354   0.4375   0.4396   0.4417   0.4438   0.4458   0.4479     0.45   0.4521   0.4542   0.4562   0.4583   0.4604   0.4625   0.4646   0.4667   0.4688   0.4708   0.4729    0.475   0.4771   0.4792   0.4812   0.4833   0.4854   0.4875   0.4896   0.4917   0.4938   0.4958   0.4979
    S      0.0   0.7768   0.6893   0.0184   0.2479   0.5551   0.0285   0.0555   0.2432   0.0216   0.0494   0.0699   0.0858    0.025   0.0247   0.0171   0.0853   0.0016   0.3204   0.0824   0.1564    0.021   0.0839   0.1549   0.0826   0.0149   0.0854   0.1754   0.0735   0.2211   0.3003   0.0281   0.1052   0.1134   0.2319   0.1995   0.0289   0.3661   0.0943   0.0088   0.0352   0.0018   0.0454    0.063     0.26   0.0902   0.0422   0.0104   0.0291   0.0999   0.1259   0.0054   0.0002   0.0371   0.6435   0.1769   0.0167   0.0245   0.1793   0.0105   0.0324   0.0568   0.0991   0.0901   0.0354   0.1826   0.0327   0.1146    0.026   0.0762   0.0289   0.0041   0.0801   0.1152   0.0288   0.1518   0.0414   0.0029   0.0276    0.026    0.146   0.0058   0.0019   0.0166   0.1091   0.0416    0.014   0.0025   0.0586   0.0562   0.1079   0.1758    0.212   0.0493   0.1209   0.0697   0.0579   0.0084   0.1082   0.0288   0.3422   0.0288    0.072   0.1685   0.0262   0.1862   0.0745   0.0337   0.2242   0.0194   0.0078   0.2282   0.1546    0.052   0.0784   0.0365   0.0116   0.2166   0.2388     0.03    0.057   0.2103   0.1301   0.0125   0.1035   0.0887   0.0664   0.0631   0.0836   0.0445   0.0675   0.0201   0.0568   0.0123    0.052   0.0876   0.2339   0.0171   0.0738   0.0186   0.1991   0.1198   0.1048   0.0432   0.0239   0.0068   0.0292   0.1461   0.4024   0.0016   0.1393    0.021   0.0516   0.1024   0.1128   0.0778   0.2185   0.0626   0.0851   0.3455   0.0799   0.0545   0.1022   0.1153   0.2375   0.1285   0.0989   0.0098   0.0507   0.1127   0.0793   0.1034    0.052   0.0095   0.1846   0.0375   0.0554   0.1116   0.0202   0.2303   0.2696   0.0164   0.0185   0.0277   0.0007   0.0181   0.1074   0.0634   0.1458   0.0341   0.0151   0.0842   0.2485   0.1832   0.0382   0.0159   0.0323   0.0208   0.0947   0.0579   0.0923   0.0236   0.0702   0.0211   0.0748   0.1595   0.1096   0.0781   0.0347   0.0359   0.0133    0.027   0.3181    0.125   0.0135   0.0573   0.2427   0.0275   0.1458   0.0005   0.0366   0.0285   0.0607   0.1601    0.038   0.0996    0.173   0.1273   0.0943   0.0242   0.0916   0.1322   0.1091   0.2486      1.0   0.0551   0.5137   0.8523   0.6799   0.3731
  snr   -14.06
    H     4.93
 exon    False

M: tbpse
 freq      0.0   0.0021   0.0042   0.0062   0.0083   0.0104   0.0125   0.0146   0.0167   0.0188   0.0208   0.0229    0.025   0.0271   0.0292   0.0312   0.0333   0.0354   0.0375   0.0396   0.0417   0.0438   0.0458   0.0479     0.05   0.0521   0.0542   0.0562   0.0583   0.0604   0.0625   0.0646   0.0667   0.0688   0.0708   0.0729    0.075   0.0771   0.0792   0.0812   0.0833   0.0854   0.0875   0.0896   0.0917   0.0938   0.0958   0.0979      0.1   0.1021   0.1042   0.1062   0.1083   0.1104   0.1125   0.1146   0.1167   0.1188   0.1208   0.1229    0.125   0.1271   0.1292   0.1312   0.1333   0.1354   0.1375   0.1396   0.1417   0.1438   0.1458   0.1479     0.15   0.1521   0.1542   0.1562   0.1583   0.1604   0.1625   0.1646   0.1667   0.1688   0.1708   0.1729    0.175   0.1771   0.1792   0.1812   0.1833   0.1854   0.1875   0.1896   0.1917   0.1938   0.1958   0.1979      0.2   0.2021   0.2042   0.2062   0.2083   0.2104   0.2125   0.2146   0.2167   0.2188   0.2208   0.2229    0.225   0.2271   0.2292   0.2312   0.2333   0.2354   0.2375   0.2396   0.2417   0.2438   0.2458   0.2479     0.25   0.2521   0.2542   0.2562   0.2583   0.2604   0.2625   0.2646   0.2667   0.2688   0.2708   0.2729    0.275   0.2771   0.2792   0.2812   0.2833   0.2854   0.2875   0.2896   0.2917   0.2938   0.2958   0.2979      0.3   0.3021   0.3042   0.3062   0.3083   0.3104   0.3125   0.3146   0.3167   0.3188   0.3208   0.3229    0.325   0.3271   0.3292   0.3312   0.3333   0.3354   0.3375   0.3396   0.3417   0.3438   0.3458   0.3479     0.35   0.3521   0.3542   0.3562   0.3583   0.3604   0.3625   0.3646   0.3667   0.3688   0.3708   0.3729    0.375   0.3771   0.3792   0.3812   0.3833   0.3854   0.3875   0.3896   0.3917   0.3938   0.3958   0.3979      0.4   0.4021   0.4042   0.4062   0.4083   0.4104   0.4125   0.4146   0.4167   0.4188   0.4208   0.4229    0.425   0.4271   0.4292   0.4312   0.4333   0.4354   0.4375   0.4396   0.4417   0.4438   0.4458   0.4479     0.45   0.4521   0.4542   0.4562   0.4583   0.4604   0.4625   0.4646   0.4667   0.4688   0.4708   0.4729    0.475   0.4771   0.4792   0.4812   0.4833   0.4854   0.4875   0.4896   0.4917   0.4938   0.4958   0.4979
    S      0.0      1.0   0.6449   0.3293   0.5379   0.4902   0.5468    0.072   0.3486   0.0396   0.0851   0.0578   0.2763   0.0266   0.0255   0.0492   0.2951   0.1231   0.3121   0.3908   0.1154   0.0646   0.1477   0.1253   0.1114   0.2465    0.145   0.1988   0.3004   0.2482   0.1919   0.1086   0.0584   0.1678   0.1437   0.2488   0.0443   0.3258    0.075   0.0051   0.1013   0.0568   0.1516   0.1725   0.2103   0.1415   0.1046   0.0915   0.0433   0.0594    0.216   0.0572   0.1866    0.115   0.5645    0.095   0.1809   0.0986   0.1229   0.0646     0.03   0.0673   0.0758   0.2641   0.0398   0.1082   0.0147   0.4498   0.0242    0.091   0.0177   0.3225    0.251   0.1372    0.068   0.1529   0.0257   0.1123   0.0567   0.0902   0.0493   0.0663   0.4103   0.0112   0.1475   0.0594   0.0496   0.0759   0.0981   0.1027   0.2553   0.1592   0.0954   0.1769   0.1036   0.0941   0.0664   0.0183   0.4012   0.0834   0.1603   0.2402    0.056   0.3395   0.1364    0.173   0.0834   0.1228   0.1463   0.0707   0.0733   0.0851   0.2321   0.0665   0.1539   0.1077   0.0431   0.1447   0.2918   0.2118   0.0789   0.2334   0.1982   0.0573   0.0461   0.0543    0.114     0.21    0.103   0.1319    0.082   0.1332   0.1132   0.1327   0.0915   0.0085   0.2786   0.1986   0.0937   0.0371   0.0861   0.0637   0.0516   0.1061   0.0359   0.0604    0.084   0.1377   0.1149   0.0957   0.1161   0.0695   0.1424   0.1608   0.0618   0.0552    0.214   0.2138   0.3326   0.4083   0.2495   0.0468   0.0729   0.4185   0.2398   0.0668   0.0593   0.0455   0.0239   0.0897   0.2611   0.1322   0.0301    0.042   0.1032   0.0639   0.0947   0.2728   0.0613   0.2388   0.0798   0.0843   0.0749   0.2121   0.2051   0.0522      0.1   0.1744   0.1101   0.0488   0.0976   0.0661   0.1839   0.1834   0.0915   0.0176   0.1859   0.0723   0.0799   0.0574   0.3527   0.0366   0.3026   0.1405   0.0276   0.0587   0.0421   0.1819   0.0706   0.3415   0.0155   0.0448   0.1122   0.1556   0.0748   0.1371   0.3711   0.0959   0.0496   0.1535   0.0847   0.2636   0.2865   0.0717   0.0961   0.0175   0.1526   0.4243   0.2221    0.046   0.0829   0.1533   0.2184   0.3405   0.8122   0.1563   0.4813   0.3001   0.5295   0.1852
  snr   -15.55
    H     5.16
 exon    False

M: snrse
 freq      0.0   0.0021   0.0042   0.0062   0.0083   0.0104   0.0125   0.0146   0.0167   0.0188   0.0208   0.0229    0.025   0.0271   0.0292   0.0312   0.0333   0.0354   0.0375   0.0396   0.0417   0.0438   0.0458   0.0479     0.05   0.0521   0.0542   0.0562   0.0583   0.0604   0.0625   0.0646   0.0667   0.0688   0.0708   0.0729    0.075   0.0771   0.0792   0.0812   0.0833   0.0854   0.0875   0.0896   0.0917   0.0938   0.0958   0.0979      0.1   0.1021   0.1042   0.1062   0.1083   0.1104   0.1125   0.1146   0.1167   0.1188   0.1208   0.1229    0.125   0.1271   0.1292   0.1312   0.1333   0.1354   0.1375   0.1396   0.1417   0.1438   0.1458   0.1479     0.15   0.1521   0.1542   0.1562   0.1583   0.1604   0.1625   0.1646   0.1667   0.1688   0.1708   0.1729    0.175   0.1771   0.1792   0.1812   0.1833   0.1854   0.1875   0.1896   0.1917   0.1938   0.1958   0.1979      0.2   0.2021   0.2042   0.2062   0.2083   0.2104   0.2125   0.2146   0.2167   0.2188   0.2208   0.2229    0.225   0.2271   0.2292   0.2312   0.2333   0.2354   0.2375   0.2396   0.2417   0.2438   0.2458   0.2479     0.25   0.2521   0.2542   0.2562   0.2583   0.2604   0.2625   0.2646   0.2667   0.2688   0.2708   0.2729    0.275   0.2771   0.2792   0.2812   0.2833   0.2854   0.2875   0.2896   0.2917   0.2938   0.2958   0.2979      0.3   0.3021   0.3042   0.3062   0.3083   0.3104   0.3125   0.3146   0.3167   0.3188   0.3208   0.3229    0.325   0.3271   0.3292   0.3312   0.3333   0.3354   0.3375   0.3396   0.3417   0.3438   0.3458   0.3479     0.35   0.3521   0.3542   0.3562   0.3583   0.3604   0.3625   0.3646   0.3667   0.3688   0.3708   0.3729    0.375   0.3771   0.3792   0.3812   0.3833   0.3854   0.3875   0.3896   0.3917   0.3938   0.3958   0.3979      0.4   0.4021   0.4042   0.4062   0.4083   0.4104   0.4125   0.4146   0.4167   0.4188   0.4208   0.4229    0.425   0.4271   0.4292   0.4312   0.4333   0.4354   0.4375   0.4396   0.4417   0.4438   0.4458   0.4479     0.45   0.4521   0.4542   0.4562   0.4583   0.4604   0.4625   0.4646   0.4667   0.4688   0.4708   0.4729    0.475   0.4771   0.4792   0.4812   0.4833   0.4854   0.4875   0.4896   0.4917   0.4938   0.4958   0.4979
    S      0.0   0.7276   0.7138   0.0878   0.1681   0.4745   0.0777   0.0552   0.2992   0.0181   0.0468    0.038   0.0647   0.0031   0.0106   0.0197   0.1309   0.0016   0.3325   0.0756   0.1017   0.0336    0.103   0.0921   0.0919   0.0498   0.0751   0.1922   0.1345   0.2331   0.2353    0.011   0.0272   0.1579   0.1333   0.2081   0.0258   0.3869   0.0502    0.007   0.0457   0.0181   0.0235   0.0589   0.2502   0.0999   0.0603    0.047    0.009   0.0583   0.0709   0.0066   0.0115    0.052   0.6275   0.0624    0.081   0.0493   0.1605   0.0157    0.003   0.0637   0.0783   0.1533   0.0152   0.1535   0.0127    0.128   0.0155   0.0413   0.0228   0.0566   0.1265    0.111   0.0396   0.1471   0.0091   0.0263   0.0243    0.047   0.0785   0.0143   0.0067   0.0074   0.1234   0.0084   0.0063   0.0157   0.0137   0.0564   0.1692   0.1799   0.1188   0.0395   0.0595   0.0517   0.0343   0.0149   0.1275     0.03   0.2072   0.0738   0.0447   0.2073   0.0036   0.1577   0.0189   0.0151   0.1405   0.0062   0.0237   0.1419   0.1645   0.0541   0.0549   0.0777   0.0263   0.1732   0.2111   0.0542   0.0552   0.2008   0.1157   0.0095   0.0758   0.0762    0.098   0.1046   0.0798   0.0323   0.0494   0.0187    0.028   0.0358   0.0717   0.0357   0.2735     0.01   0.0917   0.0027   0.1253   0.0805   0.0183    0.063   0.0039   0.0186   0.0417   0.1487   0.2071   0.0008   0.1382    0.004   0.1054   0.1182   0.0652   0.0386   0.1849   0.1343    0.098   0.3602   0.1259   0.0474   0.0727   0.1102   0.2188   0.0847    0.057   0.0177   0.0386   0.0764   0.1153   0.0651   0.0146   0.0116   0.1389   0.0316   0.0594    0.126   0.0109   0.2346   0.1208   0.0341   0.0282   0.0644   0.0038    0.009   0.0738   0.0776   0.1186   0.0403   0.0532   0.0536   0.2083   0.1055   0.0665   0.0035   0.0318   0.0276   0.0603    0.009   0.0707   0.0245   0.0593   0.0491   0.0326   0.1047   0.0692    0.143   0.0518      0.1   0.0028    0.008   0.1912   0.1399   0.0354   0.0061   0.3386   0.0101   0.0787   0.0213   0.0674   0.0367   0.0708   0.1023   0.0376   0.0372   0.1653   0.2784   0.0957   0.0179   0.0789   0.1105   0.1356   0.2344      1.0   0.0496   0.4489   0.5582   0.6089    0.296
  snr   -13.62
    H     4.94
 exon    False