>data-XV-cerevisiae-intergenic-287
N: 229
Methods: voss, eiip, qpsk, mem, alg1, alg2

M: voss
 freq      0.0   0.0044   0.0087   0.0131   0.0175   0.0218   0.0262   0.0306   0.0349   0.0393   0.0437    0.048   0.0524   0.0568   0.0611   0.0655   0.0699   0.0742   0.0786    0.083   0.0873   0.0917   0.0961   0.1004   0.1048   0.1092   0.1135   0.1179   0.1223   0.1266    0.131   0.1354   0.1397   0.1441   0.1485   0.1528   0.1572   0.1616   0.1659   0.1703   0.1747    0.179   0.1834   0.1878   0.1921   0.1965   0.2009   0.2052   0.2096    0.214   0.2183   0.2227   0.2271   0.2314   0.2358   0.2402   0.2445   0.2489   0.2533   0.2576    0.262   0.2664   0.2707   0.2751   0.2795   0.2838   0.2882   0.2926   0.2969   0.3013   0.3057     0.31   0.3144   0.3188   0.3231   0.3275   0.3319   0.3362   0.3406    0.345   0.3493   0.3537   0.3581   0.3624   0.3668   0.3712   0.3755   0.3799   0.3843   0.3886    0.393   0.3974   0.4017   0.4061   0.4105   0.4148   0.4192   0.4236   0.4279   0.4323   0.4367    0.441   0.4454   0.4498   0.4541   0.4585   0.4629   0.4672   0.4716    0.476   0.4803   0.4847   0.4891   0.4934   0.4978
    S      0.0   0.1168      1.0   0.2792   0.2312   0.6263    0.079   0.2645   0.2096   0.2437   0.3872    0.811   0.3938    0.145   0.2812   0.2142   0.0536   0.3279   0.2645   0.2111   0.7461   0.1439   0.5447   0.1955   0.2212   0.4002   0.3752   0.2906   0.1419   0.3364   0.3812   0.3701   0.1733   0.1325    0.267    0.079   0.3486   0.2175   0.0736   0.2465   0.1878   0.1497     0.15   0.1979   0.0898    0.325   0.2815   0.2409    0.336   0.1215   0.2153   0.1742   0.3369    0.381   0.0698   0.1441   0.0831    0.377   0.1962   0.1938   0.2485   0.1638   0.3205   0.1495   0.3356   0.1319   0.6832   0.1034   0.2198   0.1045   0.0925   0.1041   0.1466   0.1836   0.3983   0.2176   0.1289   0.1058   0.1335   0.2073   0.2298   0.2036   0.1778   0.2564   0.4907   0.3174   0.3437   0.2459    0.064   0.1377   0.3178   0.4256   0.1856   0.1807   0.1209   0.0746   0.3178   0.2168   0.0959   0.1454   0.1227   0.3624   0.0982   0.1897   0.3209   0.4123   0.8102   0.3435   0.3364   0.3709   0.4503   0.0902    0.437   0.4648   0.0983
  snr   -14.58
    H     4.56
 exon    False

M: eiip
 freq      0.0   0.0044   0.0087   0.0131   0.0175   0.0218   0.0262   0.0306   0.0349   0.0393   0.0437    0.048   0.0524   0.0568   0.0611   0.0655   0.0699   0.0742   0.0786    0.083   0.0873   0.0917   0.0961   0.1004   0.1048   0.1092   0.1135   0.1179   0.1223   0.1266    0.131   0.1354   0.1397   0.1441   0.1485   0.1528   0.1572   0.1616   0.1659   0.1703   0.1747    0.179   0.1834   0.1878   0.1921   0.1965   0.2009   0.2052   0.2096    0.214   0.2183   0.2227   0.2271   0.2314   0.2358   0.2402   0.2445   0.2489   0.2533   0.2576    0.262   0.2664   0.2707   0.2751   0.2795   0.2838   0.2882   0.2926   0.2969   0.3013   0.3057     0.31   0.3144   0.3188   0.3231   0.3275   0.3319   0.3362   0.3406    0.345   0.3493   0.3537   0.3581   0.3624   0.3668   0.3712   0.3755   0.3799   0.3843   0.3886    0.393   0.3974   0.4017   0.4061   0.4105   0.4148   0.4192   0.4236   0.4279   0.4323   0.4367    0.441   0.4454   0.4498   0.4541   0.4585   0.4629   0.4672   0.4716    0.476   0.4803   0.4847   0.4891   0.4934   0.4978
    S      0.0   0.0657   0.5781   0.4493   0.1579   0.4028   0.0961   0.3237   0.1346   0.1227   0.0267   0.0355   0.0009     0.06   0.1947   0.2996   0.0182   0.7812   0.2674    0.182   0.0588    0.056   0.1276   0.2282   0.0267   0.5072   0.0044   0.1034   0.2632   0.0185   0.5413   0.2943   0.1085   0.0371   0.7435   0.0907   0.2308   0.5058   0.0562   0.0435   0.1754   0.1847   0.2297   0.1506   0.0115   0.3064   0.0824   0.4229   0.1372   0.1934   0.3306   0.1426   0.6386   0.2679   0.0006   0.1296   0.0516   0.1513    0.187   0.2525   0.1049    0.322   0.0889   0.1492   0.3667   0.0272   0.4002   0.0387   0.0203   0.1285   0.1069    0.047   0.3009   0.2773   0.4374   0.0061   0.2338   0.2044   0.1197   0.2471   0.5586   0.1026   0.2224   0.0257   0.5429   0.2957    0.341   0.3328   0.0203   0.0299   0.0503   0.5717    0.124    0.115   0.0374   0.0489   0.0175   0.0197   0.0612   0.1025   0.1547   0.0942   0.0083   0.1324   0.0074   0.1196   0.8244   0.2741   0.0463   0.3764   0.0018   0.0717   0.0223      1.0   0.0365
  snr   -13.37
    H      4.3
 exon    False

M: qpsk
 freq      0.0   0.0044   0.0087   0.0131   0.0175   0.0218   0.0262   0.0306   0.0349   0.0393   0.0437    0.048   0.0524   0.0568   0.0611   0.0655   0.0699   0.0742   0.0786    0.083   0.0873   0.0917   0.0961   0.1004   0.1048   0.1092   0.1135   0.1179   0.1223   0.1266    0.131   0.1354   0.1397   0.1441   0.1485   0.1528   0.1572   0.1616   0.1659   0.1703   0.1747    0.179   0.1834   0.1878   0.1921   0.1965   0.2009   0.2052   0.2096    0.214   0.2183   0.2227   0.2271   0.2314   0.2358   0.2402   0.2445   0.2489   0.2533   0.2576    0.262   0.2664   0.2707   0.2751   0.2795   0.2838   0.2882   0.2926   0.2969   0.3013   0.3057     0.31   0.3144   0.3188   0.3231   0.3275   0.3319   0.3362   0.3406    0.345   0.3493   0.3537   0.3581   0.3624   0.3668   0.3712   0.3755   0.3799   0.3843   0.3886    0.393   0.3974   0.4017   0.4061   0.4105   0.4148   0.4192   0.4236   0.4279   0.4323   0.4367    0.441   0.4454   0.4498   0.4541   0.4585   0.4629   0.4672   0.4716    0.476   0.4803   0.4847   0.4891   0.4934   0.4978
    S      0.0   0.1451      1.0   0.0925   0.2227    0.556   0.0712   0.3326   0.2722   0.3096   0.1654   0.6293   0.4872   0.1393   0.2182    0.169     0.02   0.4281   0.3415   0.1602   0.7377   0.1687    0.343   0.0527   0.1564   0.4992   0.2385   0.2737   0.1455   0.3211   0.4719   0.4219    0.157   0.0438   0.2587   0.0047   0.2961   0.2489   0.0121   0.1205   0.0431   0.1676   0.0853    0.194   0.0575   0.1322   0.2491   0.1398   0.1604   0.0802   0.2408   0.1776   0.4306   0.2728   0.0683   0.1819   0.0563   0.3934   0.2181   0.2098   0.1972   0.1523   0.1316   0.1588   0.0645   0.1324    0.398   0.0473    0.079   0.0498   0.0595   0.0684   0.0826   0.2324   0.0901   0.1129   0.0532   0.1379   0.1742    0.215   0.2664   0.2327   0.2343   0.2423   0.5385   0.2405   0.3746   0.2561   0.0708   0.1443   0.2587   0.4969   0.2123   0.1367   0.0648   0.0318   0.3378   0.1338    0.025   0.0975   0.1435   0.3019   0.1165   0.2018   0.2557   0.3011   0.9825     0.31    0.256   0.3187    0.471   0.0722    0.168   0.2363   0.1035
  snr    -13.9
    H     4.48
 exon    False

M: mem
 freq      0.0   0.0044   0.0088   0.0132   0.0175   0.0219   0.0263   0.0307   0.0351   0.0395   0.0439   0.0482   0.0526    0.057   0.0614   0.0658   0.0702   0.0746   0.0789   0.0833   0.0877   0.0921   0.0965   0.1009   0.1053   0.1096    0.114   0.1184   0.1228   0.1272   0.1316    0.136   0.1404   0.1447   0.1491   0.1535   0.1579   0.1623   0.1667   0.1711   0.1754   0.1798   0.1842   0.1886    0.193   0.1974   0.2018   0.2061   0.2105   0.2149   0.2193   0.2237   0.2281   0.2325   0.2368   0.2412   0.2456     0.25   0.2544   0.2588   0.2632   0.2675   0.2719   0.2763   0.2807   0.2851   0.2895   0.2939   0.2982   0.3026    0.307   0.3114   0.3158   0.3202   0.3246   0.3289   0.3333   0.3377   0.3421   0.3465   0.3509   0.3553   0.3596    0.364   0.3684   0.3728   0.3772   0.3816    0.386   0.3904   0.3947   0.3991   0.4035   0.4079   0.4123   0.4167   0.4211   0.4254   0.4298   0.4342   0.4386    0.443   0.4474   0.4518   0.4561   0.4605   0.4649   0.4693   0.4737   0.4781   0.4825   0.4868   0.4912   0.4956
    S      0.0   0.0098      1.0    0.001   0.1728   0.5327    0.014   0.1746    0.135   0.0961   0.2603   0.6585   0.0722   0.1405   0.0359   0.0354    0.021   0.2243   0.1083   0.0138    0.613   0.0009   0.4776   0.0803   0.0957   0.0587   0.3476   0.1473   0.0632   0.1763   0.0673   0.0662   0.0279   0.0795   0.0489   0.0105     0.14   0.1046   0.0464   0.0636    0.029   0.1837   0.0643   0.1008   0.0433   0.0209   0.1601   0.1768    0.048   0.0568    0.107   0.1222   0.0483   0.1558   0.1142   0.1224   0.0121   0.0573   0.1282   0.0294   0.1915   0.1031    0.024   0.0538   0.0484   0.0082   0.1446   0.0276     0.14   0.0348   0.1197   0.0371   0.0029   0.0963   0.2954   0.0492   0.0036   0.0614   0.0825   0.1738   0.0604   0.0282   0.1736   0.0028   0.2076   0.0081   0.0048   0.0242   0.0124   0.0651   0.1347   0.3825   0.0372   0.0008   0.0321   0.1019   0.0629   0.1097    0.008   0.0792    0.169   0.2356   0.0281    0.377   0.2306   0.0654   0.1404   0.3574   0.3065   0.5946   0.0018   0.0837   0.2648   0.0757
  snr   -11.26
    H      4.2
 exon    False

M: alg1
 freq      0.0   0.0044   0.0087   0.0131   0.0175   0.0218   0.0262   0.0306   0.0349   0.0393   0.0437    0.048   0.0524   0.0568   0.0611   0.0655   0.0699   0.0742   0.0786    0.083   0.0873   0.0917   0.0961   0.1004   0.1048   0.1092   0.1135   0.1179   0.1223   0.1266    0.131   0.1354   0.1397   0.1441   0.1485   0.1528   0.1572   0.1616   0.1659   0.1703   0.1747    0.179   0.1834   0.1878   0.1921   0.1965   0.2009   0.2052   0.2096    0.214   0.2183   0.2227   0.2271   0.2314   0.2358   0.2402   0.2445   0.2489   0.2533   0.2576    0.262   0.2664   0.2707   0.2751   0.2795   0.2838   0.2882   0.2926   0.2969   0.3013   0.3057     0.31   0.3144   0.3188   0.3231   0.3275   0.3319   0.3362   0.3406    0.345   0.3493   0.3537   0.3581   0.3624   0.3668   0.3712   0.3755   0.3799   0.3843   0.3886    0.393   0.3974   0.4017   0.4061   0.4105   0.4148   0.4192   0.4236   0.4279   0.4323   0.4367    0.441   0.4454   0.4498   0.4541   0.4585   0.4629   0.4672   0.4716    0.476   0.4803   0.4847   0.4891   0.4934   0.4978
    S      0.0   0.0828   0.3067   0.3759   0.0878    0.221   0.1009   0.0483   0.0412   0.0747   0.2992   0.5965   0.1334   0.0437   0.3517   0.3147   0.0334   0.2039   0.0674   0.1546   0.3801   0.0189    0.179    0.274   0.0409   0.3042   0.2677   0.1568   0.0866   0.2916   0.1894   0.1885   0.2235   0.0907   0.3099   0.1237    0.344   0.1907   0.0791   0.1692   0.2967   0.0379   0.2244   0.0467   0.0344   0.5675   0.0221   0.2578    0.422   0.1475   0.2185   0.0296   0.1626   0.2143   0.0471   0.0291   0.0554   0.0094   0.0323   0.1591   0.0878   0.1567    0.428   0.0673   0.4301   0.0483      1.0   0.0524   0.1481   0.0931   0.0686   0.0577   0.2801   0.0949   0.5407   0.1286    0.238   0.0435   0.0237   0.0591   0.1919   0.1902   0.0908   0.1989   0.3794   0.4436   0.3991   0.2501   0.0053   0.0104   0.0313   0.1477   0.0167   0.2432   0.1406   0.1032   0.2032   0.1699   0.0902   0.1139   0.0841   0.1244    0.019   0.0196   0.1353   0.1902    0.228   0.1378   0.0449   0.3502   0.2721   0.0377   0.4348   0.7014    0.012
  snr   -12.95
    H     4.39
 exon    False

M: alg2
 freq      0.0   0.0044   0.0087   0.0131   0.0175   0.0218   0.0262   0.0306   0.0349   0.0393   0.0437    0.048   0.0524   0.0568   0.0611   0.0655   0.0699   0.0742   0.0786    0.083   0.0873   0.0917   0.0961   0.1004   0.1048   0.1092   0.1135   0.1179   0.1223   0.1266    0.131   0.1354   0.1397   0.1441   0.1485   0.1528   0.1572   0.1616   0.1659   0.1703   0.1747    0.179   0.1834   0.1878   0.1921   0.1965   0.2009   0.2052   0.2096    0.214   0.2183   0.2227   0.2271   0.2314   0.2358   0.2402   0.2445   0.2489   0.2533   0.2576    0.262   0.2664   0.2707   0.2751   0.2795   0.2838   0.2882   0.2926   0.2969   0.3013   0.3057     0.31   0.3144   0.3188   0.3231   0.3275   0.3319   0.3362   0.3406    0.345   0.3493   0.3537   0.3581   0.3624   0.3668   0.3712   0.3755   0.3799   0.3843   0.3886    0.393   0.3974   0.4017   0.4061   0.4105   0.4148   0.4192   0.4236   0.4279   0.4323   0.4367    0.441   0.4454   0.4498   0.4541   0.4585   0.4629   0.4672   0.4716    0.476   0.4803   0.4847   0.4891   0.4934   0.4978
    S      0.0   0.0176      1.0    0.024   0.1721   0.4948   0.0179   0.1685   0.1669   0.1697   0.1862   0.6489   0.1745   0.1363   0.0503   0.0588   0.0122   0.2222   0.2074   0.0096    0.608   0.0108   0.2982   0.0331   0.0921   0.0969   0.1995   0.2475   0.0839   0.1913   0.0936   0.1505   0.0404   0.0304   0.1302   0.0049   0.1249    0.094   0.0019   0.0667   0.0257    0.114   0.0399   0.1399   0.0049   0.0664   0.0982   0.0676   0.1126   0.0213   0.0372   0.0864   0.1825   0.1157   0.0522   0.1115   0.0328   0.0939    0.111   0.0504   0.0857   0.1011   0.1492    0.138   0.0496   0.0189   0.1891   0.0055   0.0999   0.0145    0.036   0.0747   0.0119   0.0621   0.0876   0.1512   0.0198   0.0943   0.1079   0.1203   0.1523   0.0384   0.0285    0.175   0.3175   0.0464   0.0484   0.0462    0.016   0.0372   0.0727    0.345   0.0474   0.0449   0.0419   0.0243   0.1931   0.1409   0.0056   0.0228    0.079   0.3342   0.0081   0.0678   0.1551   0.1852   0.8297   0.2855   0.0939   0.1873   0.2927   0.0158   0.2566   0.0622   0.0474
  snr   -11.29
    H     4.24
 exon    False