>data-XVI-cerevisiae-intergenic-456
N: 298
Methods: voss, eiip, qpsk, mem, tbpse, snrse

M: voss
 freq      0.0   0.0034   0.0067   0.0101   0.0134   0.0168   0.0201   0.0235   0.0268   0.0302   0.0336   0.0369   0.0403   0.0436    0.047   0.0503   0.0537    0.057   0.0604   0.0638   0.0671   0.0705   0.0738   0.0772   0.0805   0.0839   0.0872   0.0906    0.094   0.0973   0.1007    0.104   0.1074   0.1107   0.1141   0.1174   0.1208   0.1242   0.1275   0.1309   0.1342   0.1376   0.1409   0.1443   0.1477    0.151   0.1544   0.1577   0.1611   0.1644   0.1678   0.1711   0.1745   0.1779   0.1812   0.1846   0.1879   0.1913   0.1946    0.198   0.2013   0.2047   0.2081   0.2114   0.2148   0.2181   0.2215   0.2248   0.2282   0.2315   0.2349   0.2383   0.2416    0.245   0.2483   0.2517    0.255   0.2584   0.2617   0.2651   0.2685   0.2718   0.2752   0.2785   0.2819   0.2852   0.2886   0.2919   0.2953   0.2987    0.302   0.3054   0.3087   0.3121   0.3154   0.3188   0.3221   0.3255   0.3289   0.3322   0.3356   0.3389   0.3423   0.3456    0.349   0.3523   0.3557   0.3591   0.3624   0.3658   0.3691   0.3725   0.3758   0.3792   0.3826   0.3859   0.3893   0.3926    0.396   0.3993   0.4027    0.406   0.4094   0.4128   0.4161   0.4195   0.4228   0.4262   0.4295   0.4329   0.4362   0.4396    0.443   0.4463   0.4497    0.453   0.4564   0.4597   0.4631   0.4664   0.4698   0.4732   0.4765   0.4799   0.4832   0.4866   0.4899   0.4933   0.4966
    S      0.0      1.0   0.4964   0.1974   0.1194   0.5142   0.1908   0.5903   0.0791   0.0806   0.1767   0.0983   0.1153   0.3692     0.13    0.074   0.1211   0.1309   0.0783   0.2308   0.1706   0.0713   0.2495   0.1182   0.2685   0.1443   0.0373   0.1613   0.0764   0.4022   0.1949   0.0719   0.0822   0.0974   0.1247   0.1163   0.1286   0.1032   0.1448   0.1178   0.0619   0.4643   0.1895   0.2609   0.3274   0.5046   0.3863   0.1956   0.1475   0.1465   0.1413   0.1396   0.1742   0.2254   0.3128   0.0813   0.1394   0.2503    0.023     0.42   0.0895   0.1368   0.3325   0.1364   0.0994   0.2138   0.1022   0.2295   0.2265    0.086   0.2992   0.0826    0.088   0.1183   0.1712   0.3405   0.1825   0.1945   0.0495   0.0314   0.1254   0.0472   0.1323    0.042   0.1043   0.0978   0.1612   0.0438   0.1748   0.1546   0.2434   0.1111   0.0602   0.2286   0.2711   0.2027   0.1989   0.1403    0.112   0.2037    0.224   0.2782   0.1202   0.2379   0.1619    0.269   0.2204   0.0748   0.0911   0.2497   0.2193   0.0249   0.3291   0.1125   0.0726   0.3433   0.1386   0.2215   0.0941   0.0337    0.393   0.1734   0.0569   0.1932   0.1337    0.061   0.2814   0.2303   0.1533   0.1562   0.1431   0.0895   0.1231   0.0874   0.2733   0.5031   0.2468   0.2683   0.1376   0.1171   0.3237   0.1038   0.2486   0.4192   0.0758   0.1422   0.1036   0.5365   0.1817
  snr   -14.28
    H     4.79
 exon    False

M: eiip
 freq      0.0   0.0034   0.0067   0.0101   0.0134   0.0168   0.0201   0.0235   0.0268   0.0302   0.0336   0.0369   0.0403   0.0436    0.047   0.0503   0.0537    0.057   0.0604   0.0638   0.0671   0.0705   0.0738   0.0772   0.0805   0.0839   0.0872   0.0906    0.094   0.0973   0.1007    0.104   0.1074   0.1107   0.1141   0.1174   0.1208   0.1242   0.1275   0.1309   0.1342   0.1376   0.1409   0.1443   0.1477    0.151   0.1544   0.1577   0.1611   0.1644   0.1678   0.1711   0.1745   0.1779   0.1812   0.1846   0.1879   0.1913   0.1946    0.198   0.2013   0.2047   0.2081   0.2114   0.2148   0.2181   0.2215   0.2248   0.2282   0.2315   0.2349   0.2383   0.2416    0.245   0.2483   0.2517    0.255   0.2584   0.2617   0.2651   0.2685   0.2718   0.2752   0.2785   0.2819   0.2852   0.2886   0.2919   0.2953   0.2987    0.302   0.3054   0.3087   0.3121   0.3154   0.3188   0.3221   0.3255   0.3289   0.3322   0.3356   0.3389   0.3423   0.3456    0.349   0.3523   0.3557   0.3591   0.3624   0.3658   0.3691   0.3725   0.3758   0.3792   0.3826   0.3859   0.3893   0.3926    0.396   0.3993   0.4027    0.406   0.4094   0.4128   0.4161   0.4195   0.4228   0.4262   0.4295   0.4329   0.4362   0.4396    0.443   0.4463   0.4497    0.453   0.4564   0.4597   0.4631   0.4664   0.4698   0.4732   0.4765   0.4799   0.4832   0.4866   0.4899   0.4933   0.4966
    S      0.0   0.1174   0.1037   0.0527   0.0194   0.4992   0.1471   0.0014    0.139   0.0188   0.0986   0.2745   0.2988   0.4803   0.2936   0.1384   0.2638   0.5193   0.0492   0.9403   0.2838   0.0777   0.1335   0.5922   0.2549   0.3346    0.062   0.1048   0.0258   0.7624   0.1158   0.1743   0.2261   0.4353   0.0551   0.1277   0.2917   0.4971   0.1615    0.157   0.1909   0.5194   0.0573    0.375   0.1954   0.5229   0.0563   0.1986   0.6887   0.2263    0.321   0.1703   0.0896   0.0795   0.1852   0.1074    0.263   0.3284   0.0541   0.5722   0.2402   0.6775   0.1864   0.3935   0.5335   0.2561   0.1405   0.0637   0.4992   0.1793   0.2378   0.0212   0.1015    0.637   0.2325   0.0649   0.0821      1.0   0.0018   0.0487   0.1147   0.0908   0.1915   0.1272    0.158   0.0805   0.0694   0.0084   0.0638   0.0635   0.2884   0.4923   0.0607   0.1306   0.4636   0.8427   0.3316   0.0559   0.0234   0.2399   0.2757   0.0099   0.0223   0.0555   0.5601   0.2092   0.8001   0.0514   0.0705   0.9628   0.4868   0.0111   0.7336   0.2332   0.0712   0.0055   0.3177   0.1065   0.2015   0.1222     0.14   0.1714   0.2204   0.6719   0.0906   0.0504    0.156   0.1207   0.4544   0.6568    0.428   0.0656   0.2861   0.1736   0.5647   0.5135   0.0555   0.1281    0.473   0.2414   0.1888   0.0441   0.2541   0.2537   0.0906   0.0073   0.0174   0.2446   0.5917
  snr   -15.52
    H     4.62
 exon    False

M: qpsk
 freq      0.0   0.0034   0.0067   0.0101   0.0134   0.0168   0.0201   0.0235   0.0268   0.0302   0.0336   0.0369   0.0403   0.0436    0.047   0.0503   0.0537    0.057   0.0604   0.0638   0.0671   0.0705   0.0738   0.0772   0.0805   0.0839   0.0872   0.0906    0.094   0.0973   0.1007    0.104   0.1074   0.1107   0.1141   0.1174   0.1208   0.1242   0.1275   0.1309   0.1342   0.1376   0.1409   0.1443   0.1477    0.151   0.1544   0.1577   0.1611   0.1644   0.1678   0.1711   0.1745   0.1779   0.1812   0.1846   0.1879   0.1913   0.1946    0.198   0.2013   0.2047   0.2081   0.2114   0.2148   0.2181   0.2215   0.2248   0.2282   0.2315   0.2349   0.2383   0.2416    0.245   0.2483   0.2517    0.255   0.2584   0.2617   0.2651   0.2685   0.2718   0.2752   0.2785   0.2819   0.2852   0.2886   0.2919   0.2953   0.2987    0.302   0.3054   0.3087   0.3121   0.3154   0.3188   0.3221   0.3255   0.3289   0.3322   0.3356   0.3389   0.3423   0.3456    0.349   0.3523   0.3557   0.3591   0.3624   0.3658   0.3691   0.3725   0.3758   0.3792   0.3826   0.3859   0.3893   0.3926    0.396   0.3993   0.4027    0.406   0.4094   0.4128   0.4161   0.4195   0.4228   0.4262   0.4295   0.4329   0.4362   0.4396    0.443   0.4463   0.4497    0.453   0.4564   0.4597   0.4631   0.4664   0.4698   0.4732   0.4765   0.4799   0.4832   0.4866   0.4899   0.4933   0.4966
    S      0.0      1.0    0.451   0.2061   0.1649   0.2569   0.1279    0.379   0.0737   0.1024   0.1719     0.13   0.1689    0.522   0.1551   0.0332    0.169   0.1798   0.0862   0.3127   0.1974   0.0721    0.253   0.1517    0.022   0.1454   0.0521   0.0324   0.0843   0.1478   0.1429   0.0334   0.1204   0.0736    0.059     0.15   0.1231   0.1398   0.1289   0.1285   0.0693   0.3905   0.2193   0.2987   0.2335   0.2881   0.5146   0.0354   0.0824   0.1355   0.1224   0.1804   0.1862   0.2175   0.2297   0.1142   0.0666   0.1202   0.0258   0.3906   0.0984    0.189   0.3932   0.1594   0.1254   0.1147   0.1391   0.1667   0.2119    0.118   0.1911   0.0617   0.1285   0.1299   0.1433    0.491    0.076   0.1732   0.0702   0.0391   0.0882   0.0581    0.154   0.0411   0.1024   0.1248   0.1241   0.0535   0.1725   0.0233   0.3037   0.1364   0.0208   0.2366   0.3112   0.2973   0.2428   0.1637   0.1185   0.2769   0.2871   0.2089   0.0867   0.2597   0.2207   0.2011   0.2903   0.0838   0.1266   0.1542   0.3061   0.0195   0.4366   0.0304      0.1   0.1352   0.1944    0.138   0.1216   0.0372   0.2965   0.2315   0.0551   0.2746   0.1391   0.0811   0.1553   0.1346   0.0653   0.1594   0.0693   0.0651   0.1559    0.072   0.3278   0.5145   0.1726   0.1566   0.1737   0.1067   0.2728   0.0865   0.2145    0.491   0.1121   0.1066   0.0407   0.5023   0.2348
  snr   -13.99
    H     4.76
 exon    False

M: mem
 freq      0.0   0.0034   0.0067   0.0101   0.0134   0.0168   0.0201   0.0235   0.0268   0.0302   0.0336   0.0369   0.0403   0.0436    0.047   0.0503   0.0537    0.057   0.0604   0.0638   0.0671   0.0705   0.0738   0.0772   0.0805   0.0839   0.0872   0.0906    0.094   0.0973   0.1007    0.104   0.1074   0.1107   0.1141   0.1174   0.1208   0.1242   0.1275   0.1309   0.1342   0.1376   0.1409   0.1443   0.1477    0.151   0.1544   0.1577   0.1611   0.1644   0.1678   0.1711   0.1745   0.1779   0.1812   0.1846   0.1879   0.1913   0.1946    0.198   0.2013   0.2047   0.2081   0.2114   0.2148   0.2181   0.2215   0.2248   0.2282   0.2315   0.2349   0.2383   0.2416    0.245   0.2483   0.2517    0.255   0.2584   0.2617   0.2651   0.2685   0.2718   0.2752   0.2785   0.2819   0.2852   0.2886   0.2919   0.2953   0.2987    0.302   0.3054   0.3087   0.3121   0.3154   0.3188   0.3221   0.3255   0.3289   0.3322   0.3356   0.3389   0.3423   0.3456    0.349   0.3523   0.3557   0.3591   0.3624   0.3658   0.3691   0.3725   0.3758   0.3792   0.3826   0.3859   0.3893   0.3926    0.396   0.3993   0.4027    0.406   0.4094   0.4128   0.4161   0.4195   0.4228   0.4262   0.4295   0.4329   0.4362   0.4396    0.443   0.4463   0.4497    0.453   0.4564   0.4597   0.4631   0.4664   0.4698   0.4732   0.4765   0.4799   0.4832   0.4866   0.4899   0.4933   0.4966
    S      0.0      1.0   0.4251   0.0818   0.1096   0.2682   0.0022   0.1854   0.0127   0.0315   0.0452    0.164   0.0698   0.7402   0.3178   0.1081   0.3968    0.483   0.1603   0.3825   0.4075   0.0868   0.0423   0.4805   0.1151   0.2989   0.0153   0.0179   0.0115   0.4115   0.0054   0.0996   0.0632   0.1572   0.0786   0.2366   0.0969    0.305   0.2525   0.1635   0.1779   0.0356   0.1153   0.3034   0.0912   0.0255   0.2226   0.0907   0.4238   0.0401    0.115   0.0205   0.0246   0.0166   0.0146   0.0393   0.0599   0.0426   0.0638    0.359   0.0484   0.3977   0.5336   0.3736    0.269   0.2034   0.0477   0.0491    0.292   0.0483   0.2687    0.075   0.1624   0.4264   0.2507   0.5677   0.0177   0.8438   0.0454   0.0642   0.0026   0.0724   0.2195   0.1019   0.1286   0.2298    0.006   0.0538    0.197   0.0238   0.4162    0.331   0.0585   0.0415   0.2644    0.508   0.3534   0.1789   0.1168   0.3061   0.0004   0.1198   0.0596   0.2137   0.1596    0.156   0.5235   0.1706   0.1656   0.4818    0.628   0.0073   0.4946   0.1054   0.0315   0.0249   0.0889   0.2357   0.0326   0.0327   0.0357   0.1502   0.2419   0.7351   0.1669   0.0018   0.0677   0.0059   0.1658   0.6325   0.4028   0.0026    0.032   0.0344   0.6753   0.8346   0.0628   0.0451   0.3235     0.22    0.117   0.0838   0.0174    0.293   0.0992   0.0444   0.0033   0.4464   0.2496
  snr   -14.49
    H     4.53
 exon    False

M: tbpse
 freq      0.0   0.0034   0.0067   0.0101   0.0134   0.0168   0.0201   0.0235   0.0268   0.0302   0.0336   0.0369   0.0403   0.0436    0.047   0.0503   0.0537    0.057   0.0604   0.0638   0.0671   0.0705   0.0738   0.0772   0.0805   0.0839   0.0872   0.0906    0.094   0.0973   0.1007    0.104   0.1074   0.1107   0.1141   0.1174   0.1208   0.1242   0.1275   0.1309   0.1342   0.1376   0.1409   0.1443   0.1477    0.151   0.1544   0.1577   0.1611   0.1644   0.1678   0.1711   0.1745   0.1779   0.1812   0.1846   0.1879   0.1913   0.1946    0.198   0.2013   0.2047   0.2081   0.2114   0.2148   0.2181   0.2215   0.2248   0.2282   0.2315   0.2349   0.2383   0.2416    0.245   0.2483   0.2517    0.255   0.2584   0.2617   0.2651   0.2685   0.2718   0.2752   0.2785   0.2819   0.2852   0.2886   0.2919   0.2953   0.2987    0.302   0.3054   0.3087   0.3121   0.3154   0.3188   0.3221   0.3255   0.3289   0.3322   0.3356   0.3389   0.3423   0.3456    0.349   0.3523   0.3557   0.3591   0.3624   0.3658   0.3691   0.3725   0.3758   0.3792   0.3826   0.3859   0.3893   0.3926    0.396   0.3993   0.4027    0.406   0.4094   0.4128   0.4161   0.4195   0.4228   0.4262   0.4295   0.4329   0.4362   0.4396    0.443   0.4463   0.4497    0.453   0.4564   0.4597   0.4631   0.4664   0.4698   0.4732   0.4765   0.4799   0.4832   0.4866   0.4899   0.4933   0.4966
    S      0.0      1.0   0.4382    0.218   0.1153   0.2203   0.1024   0.4591   0.0603   0.0791   0.1391   0.0373   0.0467   0.3319   0.0798   0.0344   0.1067   0.0838   0.0428   0.1224   0.1269   0.0687   0.2674   0.0568   0.0469   0.0682   0.0276   0.0575   0.0596   0.1203    0.158   0.0113   0.0316   0.0422    0.051   0.1099   0.0778   0.0398   0.1122   0.0706   0.0394   0.3971   0.1978   0.1224    0.051   0.4031   0.4068   0.0561   0.0388   0.0852   0.0921    0.051   0.0801   0.0476   0.1429   0.0727   0.0791   0.1797   0.0167    0.182   0.0427   0.0514   0.3504   0.0626   0.0359   0.1123   0.0505   0.2027   0.1267   0.0325   0.1866   0.0178   0.0765   0.0463   0.1173   0.3842   0.0421    0.057    0.055   0.0232   0.1104   0.0236   0.0849   0.0184   0.0918   0.0692   0.1091   0.0503   0.1563    0.042    0.203   0.0373   0.0036    0.227   0.0877   0.0839   0.1185    0.099   0.1207    0.206   0.1697   0.2285   0.0686   0.2607   0.0881    0.231   0.1038   0.0419   0.0913   0.0823   0.1722   0.0031   0.1434   0.0455   0.0688   0.1294   0.0832   0.1162   0.0763   0.0178   0.3465   0.0841   0.0211   0.1334   0.0982    0.023   0.0907   0.1215   0.0521   0.0712   0.0319   0.0689    0.071    0.049   0.1552   0.2971    0.147    0.221   0.0921   0.0544   0.0966   0.0724   0.1528   0.3051    0.062   0.1329   0.0646   0.5154   0.0567
  snr    -12.3
    H     4.64
 exon    False

M: snrse
 freq      0.0   0.0034   0.0067   0.0101   0.0134   0.0168   0.0201   0.0235   0.0268   0.0302   0.0336   0.0369   0.0403   0.0436    0.047   0.0503   0.0537    0.057   0.0604   0.0638   0.0671   0.0705   0.0738   0.0772   0.0805   0.0839   0.0872   0.0906    0.094   0.0973   0.1007    0.104   0.1074   0.1107   0.1141   0.1174   0.1208   0.1242   0.1275   0.1309   0.1342   0.1376   0.1409   0.1443   0.1477    0.151   0.1544   0.1577   0.1611   0.1644   0.1678   0.1711   0.1745   0.1779   0.1812   0.1846   0.1879   0.1913   0.1946    0.198   0.2013   0.2047   0.2081   0.2114   0.2148   0.2181   0.2215   0.2248   0.2282   0.2315   0.2349   0.2383   0.2416    0.245   0.2483   0.2517    0.255   0.2584   0.2617   0.2651   0.2685   0.2718   0.2752   0.2785   0.2819   0.2852   0.2886   0.2919   0.2953   0.2987    0.302   0.3054   0.3087   0.3121   0.3154   0.3188   0.3221   0.3255   0.3289   0.3322   0.3356   0.3389   0.3423   0.3456    0.349   0.3523   0.3557   0.3591   0.3624   0.3658   0.3691   0.3725   0.3758   0.3792   0.3826   0.3859   0.3893   0.3926    0.396   0.3993   0.4027    0.406   0.4094   0.4128   0.4161   0.4195   0.4228   0.4262   0.4295   0.4329   0.4362   0.4396    0.443   0.4463   0.4497    0.453   0.4564   0.4597   0.4631   0.4664   0.4698   0.4732   0.4765   0.4799   0.4832   0.4866   0.4899   0.4933   0.4966
    S      0.0      1.0   0.4687   0.1629   0.0594   0.2777   0.0826   0.5144   0.0352   0.0442   0.1124   0.0345   0.0073   0.2693   0.0874    0.029   0.0781   0.0602   0.0246   0.0371   0.1347   0.0527   0.1873   0.0406   0.0763   0.0225   0.0079   0.0761   0.0358   0.0785   0.1231   0.0107   0.0062   0.0119   0.0487   0.0699   0.0284   0.0239   0.1111   0.0835   0.0365   0.2801   0.1297   0.1452   0.0735   0.3201   0.2337   0.0646   0.0173   0.0355   0.0679   0.0147   0.0532   0.0094   0.1333    0.031   0.0652   0.1449   0.0107   0.2152   0.0147    0.026   0.3269   0.0238   0.0082   0.1302   0.0225     0.19   0.1202   0.0027   0.2157   0.0041   0.0515   0.0227    0.126   0.2536   0.0518    0.029   0.0334   0.0259   0.0828   0.0266   0.0993   0.0188   0.0623   0.0338   0.0909   0.0397   0.1201   0.0666   0.2008   0.0203   0.0033   0.1601   0.0974   0.0593   0.1395   0.0815   0.1048   0.1466   0.0629    0.221   0.0908   0.2063    0.024   0.2131    0.088   0.0214   0.0732   0.0248   0.1796   0.0012   0.1392   0.0382    0.031   0.1926   0.0162   0.1201   0.0298   0.0057   0.2953   0.0334   0.0138   0.1253   0.1134   0.0017   0.1294   0.1217   0.0361   0.0438   0.0274   0.0557   0.0157   0.0329   0.1613   0.3299    0.169   0.2017   0.0644   0.0632   0.1404   0.0864   0.0853   0.2498   0.0318   0.1289   0.0757   0.4867   0.0153
  snr   -11.51
    H     4.52
 exon    False