>data-XV-cerevisiae-intergenic-482
N: 271
Methods: voss, eiip, qpsk, mem, tbpse, snrse

M: voss
 freq      0.0   0.0037   0.0074   0.0111   0.0148   0.0185   0.0221   0.0258   0.0295   0.0332   0.0369   0.0406   0.0443    0.048   0.0517   0.0554    0.059   0.0627   0.0664   0.0701   0.0738   0.0775   0.0812   0.0849   0.0886   0.0923   0.0959   0.0996   0.1033    0.107   0.1107   0.1144   0.1181   0.1218   0.1255   0.1292   0.1328   0.1365   0.1402   0.1439   0.1476   0.1513    0.155   0.1587   0.1624   0.1661   0.1697   0.1734   0.1771   0.1808   0.1845   0.1882   0.1919   0.1956   0.1993    0.203   0.2066   0.2103    0.214   0.2177   0.2214   0.2251   0.2288   0.2325   0.2362   0.2399   0.2435   0.2472   0.2509   0.2546   0.2583    0.262   0.2657   0.2694   0.2731   0.2768   0.2804   0.2841   0.2878   0.2915   0.2952   0.2989   0.3026   0.3063     0.31   0.3137   0.3173    0.321   0.3247   0.3284   0.3321   0.3358   0.3395   0.3432   0.3469   0.3506   0.3542   0.3579   0.3616   0.3653    0.369   0.3727   0.3764   0.3801   0.3838   0.3875   0.3911   0.3948   0.3985   0.4022   0.4059   0.4096   0.4133    0.417   0.4207   0.4244    0.428   0.4317   0.4354   0.4391   0.4428   0.4465   0.4502   0.4539   0.4576   0.4613   0.4649   0.4686   0.4723    0.476   0.4797   0.4834   0.4871   0.4908   0.4945   0.4982
    S      0.0   0.9014   0.9184   0.2248   0.3932   0.4463   0.5262   0.3183   0.2161   0.5958   0.3874   0.6764   0.0924   0.0096     0.19   0.5188   0.3346   0.2003   0.3427    0.334   0.1634   0.4709   0.1355   0.1984   0.0934   0.1692   0.1845   0.1949   0.2126   0.4567   0.4195   0.6407   0.2526   0.1009   0.1137   0.1519   0.2199   0.4521   0.1407   0.3413   0.5256   0.3027   0.4772   0.3702   0.5302   0.2185      1.0   0.2475   0.1362   0.1019   0.0795   0.6831    0.325   0.2558   0.1362   0.3121   0.2142   0.2766   0.1106   0.2943   0.2928   0.2137   0.3498   0.2374   0.1275   0.0996   0.1494   0.2834   0.0667   0.1723   0.2395   0.2002   0.1498   0.1813   0.2188   0.3101   0.3399   0.4402   0.1991   0.0828    0.074   0.2037   0.1432   0.1896   0.1048   0.2442   0.2617    0.382   0.2123   0.4063   0.1401   0.6055    0.238   0.1706   0.1641   0.1193   0.3218   0.1812   0.3727   0.1901   0.1215   0.4748   0.5133    0.252   0.1395   0.1878   0.2043   0.2946   0.5116   0.1591   0.0811   0.0764   0.3268   0.2085   0.2597   0.2277   0.4607   0.2031   0.0902   0.3125   0.1132   0.0822   0.2019   0.5833   0.2618   0.0928   0.1408   0.2002   0.3115   0.4465   0.2018   0.4318   0.1503   0.2321   0.2242   0.3035
  snr   -15.62
    H     4.73
 exon    False

M: eiip
 freq      0.0   0.0037   0.0074   0.0111   0.0148   0.0185   0.0221   0.0258   0.0295   0.0332   0.0369   0.0406   0.0443    0.048   0.0517   0.0554    0.059   0.0627   0.0664   0.0701   0.0738   0.0775   0.0812   0.0849   0.0886   0.0923   0.0959   0.0996   0.1033    0.107   0.1107   0.1144   0.1181   0.1218   0.1255   0.1292   0.1328   0.1365   0.1402   0.1439   0.1476   0.1513    0.155   0.1587   0.1624   0.1661   0.1697   0.1734   0.1771   0.1808   0.1845   0.1882   0.1919   0.1956   0.1993    0.203   0.2066   0.2103    0.214   0.2177   0.2214   0.2251   0.2288   0.2325   0.2362   0.2399   0.2435   0.2472   0.2509   0.2546   0.2583    0.262   0.2657   0.2694   0.2731   0.2768   0.2804   0.2841   0.2878   0.2915   0.2952   0.2989   0.3026   0.3063     0.31   0.3137   0.3173    0.321   0.3247   0.3284   0.3321   0.3358   0.3395   0.3432   0.3469   0.3506   0.3542   0.3579   0.3616   0.3653    0.369   0.3727   0.3764   0.3801   0.3838   0.3875   0.3911   0.3948   0.3985   0.4022   0.4059   0.4096   0.4133    0.417   0.4207   0.4244    0.428   0.4317   0.4354   0.4391   0.4428   0.4465   0.4502   0.4539   0.4576   0.4613   0.4649   0.4686   0.4723    0.476   0.4797   0.4834   0.4871   0.4908   0.4945   0.4982
    S      0.0   0.0784   0.1003   0.2373   0.1232   0.0585   0.0879    0.465   0.2414   0.1073   0.0143   0.4962   0.0448   0.0007   0.2482   0.2338   0.3387   0.0671   0.2551   0.3911   0.1148   0.1022   0.0595   0.3178   0.0288   0.2377   0.0634   0.0346   0.0871   0.1442   0.3693   0.1555   0.1451     0.01   0.0696   0.1457   0.0522   0.4149   0.0445   0.1184   0.2599   0.3649   0.3673   0.1392   0.1503   0.0553   0.0121   0.0979   0.0503   0.0046   0.0977   0.5266   0.1476   0.0716   0.0596   0.1556     0.09   0.2872   0.0939   0.2038   0.0801   0.0169   0.1706   0.0463   0.1091   0.0267    0.039   0.0402   0.0484   0.0784    0.184   0.0207   0.2091   0.0877   0.0529    0.152   0.1338   0.1963    0.102   0.0884   0.0404   0.1547   0.0989   0.0327   0.0391   0.2959   0.1606    0.182   0.0094   0.0565   0.2571      1.0    0.141   0.0364    0.132   0.1522   0.0809   0.1191   0.4214   0.2824   0.1609   0.0937   0.5093   0.1927   0.1397   0.0378   0.3201   0.5186   0.2479    0.073   0.0638    0.005   0.0823   0.1997     0.11   0.2122   0.1091   0.1461   0.0058   0.3221   0.1869   0.0002   0.1487   0.2913   0.2156   0.0248   0.0035   0.4018   0.0103   0.1437   0.3751    0.598   0.0861   0.0344   0.0561   0.1455
  snr   -13.09
    H     4.54
 exon     True

M: qpsk
 freq      0.0   0.0037   0.0074   0.0111   0.0148   0.0185   0.0221   0.0258   0.0295   0.0332   0.0369   0.0406   0.0443    0.048   0.0517   0.0554    0.059   0.0627   0.0664   0.0701   0.0738   0.0775   0.0812   0.0849   0.0886   0.0923   0.0959   0.0996   0.1033    0.107   0.1107   0.1144   0.1181   0.1218   0.1255   0.1292   0.1328   0.1365   0.1402   0.1439   0.1476   0.1513    0.155   0.1587   0.1624   0.1661   0.1697   0.1734   0.1771   0.1808   0.1845   0.1882   0.1919   0.1956   0.1993    0.203   0.2066   0.2103    0.214   0.2177   0.2214   0.2251   0.2288   0.2325   0.2362   0.2399   0.2435   0.2472   0.2509   0.2546   0.2583    0.262   0.2657   0.2694   0.2731   0.2768   0.2804   0.2841   0.2878   0.2915   0.2952   0.2989   0.3026   0.3063     0.31   0.3137   0.3173    0.321   0.3247   0.3284   0.3321   0.3358   0.3395   0.3432   0.3469   0.3506   0.3542   0.3579   0.3616   0.3653    0.369   0.3727   0.3764   0.3801   0.3838   0.3875   0.3911   0.3948   0.3985   0.4022   0.4059   0.4096   0.4133    0.417   0.4207   0.4244    0.428   0.4317   0.4354   0.4391   0.4428   0.4465   0.4502   0.4539   0.4576   0.4613   0.4649   0.4686   0.4723    0.476   0.4797   0.4834   0.4871   0.4908   0.4945   0.4982
    S      0.0   0.8353      1.0   0.1026   0.3573   0.3527   0.4269   0.1941    0.259   0.4332    0.312   0.7239   0.1111   0.0093   0.0894   0.5756   0.1828   0.1236   0.2921    0.129   0.1221   0.3298   0.1264   0.0652   0.0773     0.21   0.1149   0.2107   0.1225   0.1753   0.3037   0.5701   0.2429   0.0731   0.0293   0.1798   0.2321   0.1484   0.1682   0.2979   0.5947   0.3574   0.5657   0.1929   0.6604   0.0985   0.4938   0.1245   0.1034   0.0654   0.0719   0.8284   0.2639   0.1583    0.163   0.3827   0.1636   0.2596   0.1196   0.3382   0.2219   0.2047   0.4075   0.1057   0.0904   0.0568   0.0793   0.2464   0.0634   0.2029   0.1481   0.1647   0.1234   0.1862   0.2096   0.2738   0.2873    0.508   0.0365   0.0563   0.0652   0.1055   0.1353   0.1878   0.0961   0.1452   0.1993   0.1761   0.1277   0.4344   0.1513   0.4093   0.2655   0.1317   0.1593   0.0183   0.1573   0.2033   0.0849   0.1121   0.0804   0.1017   0.6005   0.2901   0.0685   0.1363   0.2571   0.3224   0.5243     0.17   0.0831   0.0708   0.2209   0.1954   0.2259   0.2652   0.4318   0.2034   0.0819   0.3705    0.119   0.0716    0.032    0.317   0.1214    0.053   0.0996   0.1253   0.1045   0.1844   0.1766   0.4956    0.054    0.051   0.2118   0.3166
  snr   -14.71
    H     4.64
 exon    False

M: mem
 freq      0.0   0.0037   0.0074   0.0111   0.0148   0.0185   0.0222   0.0259   0.0296   0.0333    0.037   0.0407   0.0444   0.0481   0.0519   0.0556   0.0593    0.063   0.0667   0.0704   0.0741   0.0778   0.0815   0.0852   0.0889   0.0926   0.0963      0.1   0.1037   0.1074   0.1111   0.1148   0.1185   0.1222   0.1259   0.1296   0.1333    0.137   0.1407   0.1444   0.1481   0.1519   0.1556   0.1593    0.163   0.1667   0.1704   0.1741   0.1778   0.1815   0.1852   0.1889   0.1926   0.1963      0.2   0.2037   0.2074   0.2111   0.2148   0.2185   0.2222   0.2259   0.2296   0.2333    0.237   0.2407   0.2444   0.2481   0.2519   0.2556   0.2593    0.263   0.2667   0.2704   0.2741   0.2778   0.2815   0.2852   0.2889   0.2926   0.2963      0.3   0.3037   0.3074   0.3111   0.3148   0.3185   0.3222   0.3259   0.3296   0.3333    0.337   0.3407   0.3444   0.3481   0.3519   0.3556   0.3593    0.363   0.3667   0.3704   0.3741   0.3778   0.3815   0.3852   0.3889   0.3926   0.3963      0.4   0.4037   0.4074   0.4111   0.4148   0.4185   0.4222   0.4259   0.4296   0.4333    0.437   0.4407   0.4444   0.4481   0.4519   0.4556   0.4593    0.463   0.4667   0.4704   0.4741   0.4778   0.4815   0.4852   0.4889   0.4926   0.4963
    S      0.0   0.0281   0.0038   0.3478   0.0474   0.0721   0.0082   0.5712   0.0815   0.0335   0.0452   0.2693   0.0533   0.0052    0.462    0.082   0.5666   0.0806   0.2002   0.5708    0.155   0.2681   0.0266   0.4288   0.0546   0.1924   0.0526   0.0398   0.1895    0.406   0.4131   0.0017   0.0262   0.0579   0.1239   0.0865   0.0038   0.7303   0.0327   0.1471   0.0424   0.1964   0.4103   0.0764   0.1866    0.045   0.2565   0.3109   0.0048   0.0148   0.0788   0.3583   0.0018   0.2421   0.0154   0.1399   0.0555   0.2962   0.2646   0.0014   0.0023   0.1059   0.0187   0.0414   0.0535   0.0217   0.1511   0.0088    0.079   0.0946    0.154   0.1113   0.1402   0.0745   0.1546   0.0861   0.1348   0.1046   0.2328   0.0697   0.0178   0.2643   0.1249   0.0676   0.0854   0.3113    0.698   0.0931   0.1162    0.187   0.2142   0.6514   0.2737   0.0736   0.0057   0.2258   0.2603   0.3643   0.2619   0.1185   0.4167   0.3046   0.2232   0.0051   0.1054   0.0368   0.0195   0.5158   0.0719    0.044   0.0427   0.0171   0.0367   0.1346    0.115   0.0335   0.0024   0.0485   0.0529   0.1458   0.1947   0.2143   0.1435   0.0408   0.3574   0.0473   0.1061    0.518   0.0951   0.0342   0.1684      1.0    0.305   0.0012   0.0291
  snr   -13.19
    H     4.41
 exon    False

M: tbpse
 freq      0.0   0.0037   0.0074   0.0111   0.0148   0.0185   0.0221   0.0258   0.0295   0.0332   0.0369   0.0406   0.0443    0.048   0.0517   0.0554    0.059   0.0627   0.0664   0.0701   0.0738   0.0775   0.0812   0.0849   0.0886   0.0923   0.0959   0.0996   0.1033    0.107   0.1107   0.1144   0.1181   0.1218   0.1255   0.1292   0.1328   0.1365   0.1402   0.1439   0.1476   0.1513    0.155   0.1587   0.1624   0.1661   0.1697   0.1734   0.1771   0.1808   0.1845   0.1882   0.1919   0.1956   0.1993    0.203   0.2066   0.2103    0.214   0.2177   0.2214   0.2251   0.2288   0.2325   0.2362   0.2399   0.2435   0.2472   0.2509   0.2546   0.2583    0.262   0.2657   0.2694   0.2731   0.2768   0.2804   0.2841   0.2878   0.2915   0.2952   0.2989   0.3026   0.3063     0.31   0.3137   0.3173    0.321   0.3247   0.3284   0.3321   0.3358   0.3395   0.3432   0.3469   0.3506   0.3542   0.3579   0.3616   0.3653    0.369   0.3727   0.3764   0.3801   0.3838   0.3875   0.3911   0.3948   0.3985   0.4022   0.4059   0.4096   0.4133    0.417   0.4207   0.4244    0.428   0.4317   0.4354   0.4391   0.4428   0.4465   0.4502   0.4539   0.4576   0.4613   0.4649   0.4686   0.4723    0.476   0.4797   0.4834   0.4871   0.4908   0.4945   0.4982
    S      0.0   0.7712   0.9529   0.1866   0.5095   0.3336   0.5654   0.3379    0.344   0.4727   0.1565   0.4986   0.1436   0.0027   0.3298   0.5408   0.5475   0.1153   0.3238   0.2598    0.242   0.0426   0.0397    0.263    0.011    0.322   0.0889   0.0189   0.0948   0.0501   0.7251    0.669   0.3616   0.0404   0.0802   0.3248   0.0911   0.4244   0.0039   0.1636   0.2717   0.6589      1.0   0.2537   0.6826   0.0471   0.3786   0.0252   0.1292   0.0255   0.0596   0.3558   0.4027   0.0583   0.2248   0.1017   0.2426   0.6291   0.1815   0.5608   0.3019   0.0435    0.145   0.1571   0.1639   0.0688   0.0652   0.0697   0.1174   0.1769   0.0944   0.0665    0.122   0.3075   0.2649   0.2935   0.4664    0.488   0.0863   0.0559   0.1155   0.2288   0.1094    0.085   0.0958   0.4742   0.4022    0.364   0.1182   0.1824   0.4338   0.9265    0.122   0.1508   0.3219   0.1512   0.0591   0.3489   0.3234   0.2903   0.2397   0.1756   0.7994   0.1523   0.1991   0.1967   0.5908   0.5736   0.5954   0.2333   0.1626   0.0103   0.2518   0.2942   0.3486   0.5323   0.3052   0.1337    0.017   0.7768   0.2733   0.0155   0.1207    0.434   0.2784   0.0677   0.0858   0.3614   0.0787   0.1291   0.5982    0.962   0.0874   0.0592   0.2911   0.5511
  snr   -15.63
    H     4.58
 exon    False

M: snrse
 freq      0.0   0.0037   0.0074   0.0111   0.0148   0.0185   0.0221   0.0258   0.0295   0.0332   0.0369   0.0406   0.0443    0.048   0.0517   0.0554    0.059   0.0627   0.0664   0.0701   0.0738   0.0775   0.0812   0.0849   0.0886   0.0923   0.0959   0.0996   0.1033    0.107   0.1107   0.1144   0.1181   0.1218   0.1255   0.1292   0.1328   0.1365   0.1402   0.1439   0.1476   0.1513    0.155   0.1587   0.1624   0.1661   0.1697   0.1734   0.1771   0.1808   0.1845   0.1882   0.1919   0.1956   0.1993    0.203   0.2066   0.2103    0.214   0.2177   0.2214   0.2251   0.2288   0.2325   0.2362   0.2399   0.2435   0.2472   0.2509   0.2546   0.2583    0.262   0.2657   0.2694   0.2731   0.2768   0.2804   0.2841   0.2878   0.2915   0.2952   0.2989   0.3026   0.3063     0.31   0.3137   0.3173    0.321   0.3247   0.3284   0.3321   0.3358   0.3395   0.3432   0.3469   0.3506   0.3542   0.3579   0.3616   0.3653    0.369   0.3727   0.3764   0.3801   0.3838   0.3875   0.3911   0.3948   0.3985   0.4022   0.4059   0.4096   0.4133    0.417   0.4207   0.4244    0.428   0.4317   0.4354   0.4391   0.4428   0.4465   0.4502   0.4539   0.4576   0.4613   0.4649   0.4686   0.4723    0.476   0.4797   0.4834   0.4871   0.4908   0.4945   0.4982
    S      0.0   0.7864      1.0   0.0524   0.2011   0.3177   0.2888   0.0653   0.0413   0.1105    0.305   0.2608   0.1196   0.0057   0.1055   0.2867   0.2094   0.0244   0.0424   0.0649   0.1487   0.2685   0.0942    0.033     0.04   0.0696   0.0653   0.1056   0.0681   0.1693   0.2235   0.2756   0.0408   0.0608   0.0083   0.1222   0.0787   0.1302   0.1011   0.1769    0.087   0.0749   0.5295   0.0707   0.6552   0.0452   0.3612   0.1069   0.0089   0.0305   0.0171   0.2737   0.0504   0.0622   0.1426   0.1655   0.1775   0.2842   0.1101   0.2025   0.0455   0.2033   0.2202   0.0874   0.0412   0.0126   0.0435   0.0565   0.0457   0.1922   0.0695   0.0418   0.0357   0.1813   0.2237   0.2754   0.2481   0.2735    0.022   0.0187   0.0631   0.0532   0.0688   0.1006   0.0523   0.1167   0.2145   0.1609   0.1203   0.2874   0.0966   0.0806   0.0481   0.0487   0.1072   0.0263   0.1581   0.1238   0.0392   0.0326    0.064   0.0629   0.0873   0.1444   0.0716   0.0474    0.115   0.0699   0.1421   0.1411   0.0988   0.0497   0.0157   0.1043   0.0964   0.1333    0.175   0.0257   0.0396   0.2027   0.0352   0.0379   0.0428    0.188    0.079   0.0045   0.0936    0.035   0.0471    0.116   0.1564   0.3471   0.0599   0.0403   0.2127   0.2177
  snr   -12.29
    H     4.52
 exon    False