>data-XV-cerevisiae-intergenic-149
N: 454
Methods: voss, eiip, qpsk, mem, alg1, alg2

M: voss
 freq      0.0   0.0022   0.0044   0.0066   0.0088    0.011   0.0132   0.0154   0.0176   0.0198    0.022   0.0242   0.0264   0.0286   0.0308    0.033   0.0352   0.0374   0.0396   0.0419   0.0441   0.0463   0.0485   0.0507   0.0529   0.0551   0.0573   0.0595   0.0617   0.0639   0.0661   0.0683   0.0705   0.0727   0.0749   0.0771   0.0793   0.0815   0.0837   0.0859   0.0881   0.0903   0.0925   0.0947   0.0969   0.0991   0.1013   0.1035   0.1057   0.1079   0.1101   0.1123   0.1145   0.1167   0.1189   0.1211   0.1233   0.1256   0.1278     0.13   0.1322   0.1344   0.1366   0.1388    0.141   0.1432   0.1454   0.1476   0.1498    0.152   0.1542   0.1564   0.1586   0.1608    0.163   0.1652   0.1674   0.1696   0.1718    0.174   0.1762   0.1784   0.1806   0.1828    0.185   0.1872   0.1894   0.1916   0.1938    0.196   0.1982   0.2004   0.2026   0.2048    0.207   0.2093   0.2115   0.2137   0.2159   0.2181   0.2203   0.2225   0.2247   0.2269   0.2291   0.2313   0.2335   0.2357   0.2379   0.2401   0.2423   0.2445   0.2467   0.2489   0.2511   0.2533   0.2555   0.2577   0.2599   0.2621   0.2643   0.2665   0.2687   0.2709   0.2731   0.2753   0.2775   0.2797   0.2819   0.2841   0.2863   0.2885   0.2907    0.293   0.2952   0.2974   0.2996   0.3018    0.304   0.3062   0.3084   0.3106   0.3128    0.315   0.3172   0.3194   0.3216   0.3238    0.326   0.3282   0.3304   0.3326   0.3348    0.337   0.3392   0.3414   0.3436   0.3458    0.348   0.3502   0.3524   0.3546   0.3568    0.359   0.3612   0.3634   0.3656   0.3678     0.37   0.3722   0.3744   0.3767   0.3789   0.3811   0.3833   0.3855   0.3877   0.3899   0.3921   0.3943   0.3965   0.3987   0.4009   0.4031   0.4053   0.4075   0.4097   0.4119   0.4141   0.4163   0.4185   0.4207   0.4229   0.4251   0.4273   0.4295   0.4317   0.4339   0.4361   0.4383   0.4405   0.4427   0.4449   0.4471   0.4493   0.4515   0.4537   0.4559   0.4581   0.4604   0.4626   0.4648    0.467   0.4692   0.4714   0.4736   0.4758    0.478   0.4802   0.4824   0.4846   0.4868    0.489   0.4912   0.4934   0.4956   0.4978
    S      0.0   0.3085   0.9954   0.2473    0.297   0.2226   0.4515   0.4588   0.4309   0.9051   0.2443   0.2265   0.0695   0.1838   0.2832   0.2456   0.1573    0.363   0.4215   0.4973   0.3461   0.0666    0.094   0.1672   0.4588   0.4464   0.4069   0.1109   0.1621   0.1567   0.2858   0.1216   0.3228   0.2222   0.2489   0.4566   0.2688   0.7012   0.0999   0.1303   0.2862   0.1072   0.1047    0.383   0.2189    0.035   0.1957   0.2179   0.3962   0.1097   0.2617   0.4502   0.4107   0.1524   0.5602   0.0711   0.3806   0.0831   0.7042   0.1431   0.3508   0.2496   0.5294   0.1719   0.3909   0.2966   0.8091   0.0583   0.2819   0.2744   0.1426   0.1072   0.1691   0.1352   0.3374   0.2467   0.1285    0.154   0.0724   0.4504   0.2296   0.3561   0.1879   0.2716   0.1489   0.2388   0.2433   0.2374   0.5287   0.2736     0.26    0.191   0.0722    0.305   0.1577   0.5022   0.2014   0.0434   0.0945   0.3911   0.5298   0.2683   0.3573   0.3132   0.2307     0.09   0.1695    0.355     0.19   0.1996   0.4017   0.0783   0.3296   0.3522   0.8744    0.294   0.1686   0.1011   0.2314   0.1455   0.2399   0.0691   0.2054   0.6687   0.1219   0.2998   0.2241   0.1544   0.2594   0.0907   0.4564   0.1854   0.0971   0.1129   0.0917   0.1247   0.2489   0.1861   0.3325   0.0866   0.1275   0.1806   0.5441   0.1377   0.3516   0.4404   0.0679   0.3392   0.1598   0.3738    0.161   0.1741   0.2533    0.219   0.1008   0.3431   0.1188    0.134   0.2114   0.2006   0.2551     0.27   0.1939   0.1783   0.3045   0.3499   0.2937   0.3064   0.1534   0.2698   0.1073   0.2887   0.3727    0.238   0.5151   0.2521   0.1332   0.7973   0.2315   0.2458   0.2719   0.1489   0.2877   0.3201   0.1453   0.6406    0.382   0.4999   0.0708   0.5406   0.1918   0.4263   0.1489   0.4345   0.1923   0.1768    0.278   0.1982   0.1715   0.2014   0.1917   0.2432   0.3939   0.1329   0.5078   0.1199   0.2454   0.2858      1.0   0.3708   0.3536   0.1834   0.3436   0.1517   0.7463    0.258   0.1926   0.1388   0.4936   0.2459   0.1505   0.1301   0.1885   0.1047   0.1249   0.1991   0.1121
  snr   -17.82
    H     5.25
 exon    False

M: eiip
 freq      0.0   0.0022   0.0044   0.0066   0.0088    0.011   0.0132   0.0154   0.0176   0.0198    0.022   0.0242   0.0264   0.0286   0.0308    0.033   0.0352   0.0374   0.0396   0.0419   0.0441   0.0463   0.0485   0.0507   0.0529   0.0551   0.0573   0.0595   0.0617   0.0639   0.0661   0.0683   0.0705   0.0727   0.0749   0.0771   0.0793   0.0815   0.0837   0.0859   0.0881   0.0903   0.0925   0.0947   0.0969   0.0991   0.1013   0.1035   0.1057   0.1079   0.1101   0.1123   0.1145   0.1167   0.1189   0.1211   0.1233   0.1256   0.1278     0.13   0.1322   0.1344   0.1366   0.1388    0.141   0.1432   0.1454   0.1476   0.1498    0.152   0.1542   0.1564   0.1586   0.1608    0.163   0.1652   0.1674   0.1696   0.1718    0.174   0.1762   0.1784   0.1806   0.1828    0.185   0.1872   0.1894   0.1916   0.1938    0.196   0.1982   0.2004   0.2026   0.2048    0.207   0.2093   0.2115   0.2137   0.2159   0.2181   0.2203   0.2225   0.2247   0.2269   0.2291   0.2313   0.2335   0.2357   0.2379   0.2401   0.2423   0.2445   0.2467   0.2489   0.2511   0.2533   0.2555   0.2577   0.2599   0.2621   0.2643   0.2665   0.2687   0.2709   0.2731   0.2753   0.2775   0.2797   0.2819   0.2841   0.2863   0.2885   0.2907    0.293   0.2952   0.2974   0.2996   0.3018    0.304   0.3062   0.3084   0.3106   0.3128    0.315   0.3172   0.3194   0.3216   0.3238    0.326   0.3282   0.3304   0.3326   0.3348    0.337   0.3392   0.3414   0.3436   0.3458    0.348   0.3502   0.3524   0.3546   0.3568    0.359   0.3612   0.3634   0.3656   0.3678     0.37   0.3722   0.3744   0.3767   0.3789   0.3811   0.3833   0.3855   0.3877   0.3899   0.3921   0.3943   0.3965   0.3987   0.4009   0.4031   0.4053   0.4075   0.4097   0.4119   0.4141   0.4163   0.4185   0.4207   0.4229   0.4251   0.4273   0.4295   0.4317   0.4339   0.4361   0.4383   0.4405   0.4427   0.4449   0.4471   0.4493   0.4515   0.4537   0.4559   0.4581   0.4604   0.4626   0.4648    0.467   0.4692   0.4714   0.4736   0.4758    0.478   0.4802   0.4824   0.4846   0.4868    0.489   0.4912   0.4934   0.4956   0.4978
    S      0.0   0.2319    0.425   0.0077   0.2176   0.4132   0.0023   0.6409   0.2354   0.0521   0.1198   0.0301    0.006   0.0362   0.0688   0.0533   0.0441   0.2025   0.2642   0.1256   0.1799   0.0259   0.0438   0.1785      1.0   0.0916    0.281   0.0576   0.0399   0.1567   0.3208   0.0401    0.344    0.039   0.1698   0.0691   0.1581   0.9475   0.0523   0.0817   0.1875   0.0081   0.1226   0.1318    0.225   0.0344   0.1517   0.0598   0.2773   0.0404   0.6002   0.2238   0.2627   0.2216   0.3518   0.1328   0.1987   0.0646   0.3019   0.0329   0.2885   0.1054   0.7925   0.0123   0.0342   0.0269   0.2859   0.0232    0.178   0.0678   0.1195   0.0316   0.0674   0.2514   0.0792     0.06   0.0089   0.0236   0.0779   0.1896    0.269   0.3626   0.0753   0.1724   0.1753   0.0504   0.2709   0.0966    0.738   0.2709   0.0816   0.0097   0.0037   0.1037   0.0245   0.2753   0.2095   0.0098   0.0773   0.3719   0.8176   0.1655   0.0026   0.0662   0.2121   0.1306   0.0823   0.8111   0.2778   0.0821   0.5525    0.168   0.5294   0.2312   0.5163   0.0089   0.0935   0.0025   0.2215   0.1244   0.0052   0.0275   0.1915    0.374   0.0354   0.0404   0.0737   0.0727   0.0405   0.1404   0.0173   0.2129   0.0757   0.0531    0.041   0.0369   0.0379    0.184   0.2045   0.0657   0.0945   0.1755   0.1163   0.0663   0.1109    0.302   0.1405   0.0832   0.1116   0.5488   0.1074   0.0494   0.1799   0.2794   0.0602   0.3783   0.0044   0.0496   0.1853   0.1436   0.1168   0.5614   0.0665   0.0115   0.1062   0.2227   0.0007   0.2812   0.2104   0.0584   0.1155   0.1405   0.3175   0.0244   0.0514   0.0663   0.2109   0.0432    0.187   0.1109   0.0504   0.0886   0.0171   0.1762   0.1934    0.116    0.095     0.01   0.0455   0.0112   0.2733   0.0846   0.3366   0.2815   0.0855   0.2261     0.07   0.1841   0.1417   0.0578   0.0427   0.0503   0.2267   0.0568   0.4862   0.0974   0.1742   0.3701   0.0247   0.4264   0.2712   0.1614   0.2003   0.0808   0.3488   0.5247   0.0716   0.1259   0.2882   0.0358   0.0476   0.1055   0.2307   0.1755   0.0666   0.2527   0.0506
  snr   -15.69
    H      5.0
 exon    False

M: qpsk
 freq      0.0   0.0022   0.0044   0.0066   0.0088    0.011   0.0132   0.0154   0.0176   0.0198    0.022   0.0242   0.0264   0.0286   0.0308    0.033   0.0352   0.0374   0.0396   0.0419   0.0441   0.0463   0.0485   0.0507   0.0529   0.0551   0.0573   0.0595   0.0617   0.0639   0.0661   0.0683   0.0705   0.0727   0.0749   0.0771   0.0793   0.0815   0.0837   0.0859   0.0881   0.0903   0.0925   0.0947   0.0969   0.0991   0.1013   0.1035   0.1057   0.1079   0.1101   0.1123   0.1145   0.1167   0.1189   0.1211   0.1233   0.1256   0.1278     0.13   0.1322   0.1344   0.1366   0.1388    0.141   0.1432   0.1454   0.1476   0.1498    0.152   0.1542   0.1564   0.1586   0.1608    0.163   0.1652   0.1674   0.1696   0.1718    0.174   0.1762   0.1784   0.1806   0.1828    0.185   0.1872   0.1894   0.1916   0.1938    0.196   0.1982   0.2004   0.2026   0.2048    0.207   0.2093   0.2115   0.2137   0.2159   0.2181   0.2203   0.2225   0.2247   0.2269   0.2291   0.2313   0.2335   0.2357   0.2379   0.2401   0.2423   0.2445   0.2467   0.2489   0.2511   0.2533   0.2555   0.2577   0.2599   0.2621   0.2643   0.2665   0.2687   0.2709   0.2731   0.2753   0.2775   0.2797   0.2819   0.2841   0.2863   0.2885   0.2907    0.293   0.2952   0.2974   0.2996   0.3018    0.304   0.3062   0.3084   0.3106   0.3128    0.315   0.3172   0.3194   0.3216   0.3238    0.326   0.3282   0.3304   0.3326   0.3348    0.337   0.3392   0.3414   0.3436   0.3458    0.348   0.3502   0.3524   0.3546   0.3568    0.359   0.3612   0.3634   0.3656   0.3678     0.37   0.3722   0.3744   0.3767   0.3789   0.3811   0.3833   0.3855   0.3877   0.3899   0.3921   0.3943   0.3965   0.3987   0.4009   0.4031   0.4053   0.4075   0.4097   0.4119   0.4141   0.4163   0.4185   0.4207   0.4229   0.4251   0.4273   0.4295   0.4317   0.4339   0.4361   0.4383   0.4405   0.4427   0.4449   0.4471   0.4493   0.4515   0.4537   0.4559   0.4581   0.4604   0.4626   0.4648    0.467   0.4692   0.4714   0.4736   0.4758    0.478   0.4802   0.4824   0.4846   0.4868    0.489   0.4912   0.4934   0.4956   0.4978
    S      0.0   0.1647      1.0   0.2331   0.2775   0.1837   0.2653    0.612   0.4592   0.5976    0.193   0.0967   0.0888   0.0693   0.2448   0.1574   0.2138   0.2817   0.3956   0.3382     0.37   0.0723   0.0262   0.1308   0.5308   0.2713   0.4127    0.021   0.1686   0.1717   0.1613   0.1292   0.3662   0.2153   0.2945    0.432   0.2553   0.6632   0.1292   0.1453   0.3355   0.1114   0.1414   0.4774   0.2703   0.0356     0.07   0.1788    0.544   0.1294   0.2397   0.2251   0.4365   0.0414   0.6127   0.0735   0.3742    0.044   0.8327   0.1737   0.4187   0.2324   0.6584   0.2122   0.3951   0.2347   0.7042   0.0759   0.0432   0.1051   0.1634   0.1173    0.208   0.1847   0.1559    0.163   0.1679   0.2098   0.0597   0.5963   0.2826   0.1745   0.0783   0.2746   0.2025   0.0404   0.2469   0.2202   0.5133   0.3597   0.1896   0.0724   0.0794   0.2812   0.2133   0.5231   0.2355   0.0156   0.1316   0.1234   0.5759   0.0132   0.4332   0.2649   0.1534   0.0556   0.1954   0.2647   0.0575   0.1644   0.5218   0.0985   0.3535   0.4279   0.8626   0.2354   0.0922    0.085   0.2206   0.1999   0.1047    0.056   0.2466   0.7122   0.1071   0.3948   0.2918   0.2067   0.2572   0.1237   0.2534   0.2219   0.0891   0.0336   0.1277   0.0256   0.0985    0.151   0.2454   0.1119   0.1473   0.2081   0.6684   0.1099   0.3783   0.3435   0.0536   0.4305   0.0214   0.3605   0.1248   0.2398    0.103   0.2169   0.1113   0.3664   0.1163   0.1583   0.2024   0.2387   0.3126   0.2027   0.1965   0.2023   0.3507   0.3159   0.3229   0.3355   0.1893   0.2321   0.1368     0.31   0.4621   0.2939   0.3498   0.2281   0.1522    0.518   0.0941   0.3284   0.3351   0.1326   0.1686   0.3659   0.1561   0.4079   0.4353   0.2692   0.0437   0.2925   0.0591   0.3611   0.1039   0.5445   0.2136    0.176   0.1051   0.1885   0.2012   0.2353   0.1104   0.1501   0.0486   0.1642   0.2072   0.0761   0.2466   0.2547   0.9033   0.4881   0.2885   0.0814   0.3834   0.1616   0.7974   0.1907   0.2559   0.1665    0.532   0.2857   0.1954   0.1759   0.2505   0.0467   0.1656   0.0419   0.1054
  snr   -17.43
    H     5.19
 exon    False

M: mem
 freq      0.0   0.0022   0.0044   0.0066   0.0088    0.011   0.0132   0.0154   0.0176   0.0198    0.022   0.0242   0.0264   0.0286   0.0308    0.033   0.0352   0.0374   0.0396   0.0419   0.0441   0.0463   0.0485   0.0507   0.0529   0.0551   0.0573   0.0595   0.0617   0.0639   0.0661   0.0683   0.0705   0.0727   0.0749   0.0771   0.0793   0.0815   0.0837   0.0859   0.0881   0.0903   0.0925   0.0947   0.0969   0.0991   0.1013   0.1035   0.1057   0.1079   0.1101   0.1123   0.1145   0.1167   0.1189   0.1211   0.1233   0.1256   0.1278     0.13   0.1322   0.1344   0.1366   0.1388    0.141   0.1432   0.1454   0.1476   0.1498    0.152   0.1542   0.1564   0.1586   0.1608    0.163   0.1652   0.1674   0.1696   0.1718    0.174   0.1762   0.1784   0.1806   0.1828    0.185   0.1872   0.1894   0.1916   0.1938    0.196   0.1982   0.2004   0.2026   0.2048    0.207   0.2093   0.2115   0.2137   0.2159   0.2181   0.2203   0.2225   0.2247   0.2269   0.2291   0.2313   0.2335   0.2357   0.2379   0.2401   0.2423   0.2445   0.2467   0.2489   0.2511   0.2533   0.2555   0.2577   0.2599   0.2621   0.2643   0.2665   0.2687   0.2709   0.2731   0.2753   0.2775   0.2797   0.2819   0.2841   0.2863   0.2885   0.2907    0.293   0.2952   0.2974   0.2996   0.3018    0.304   0.3062   0.3084   0.3106   0.3128    0.315   0.3172   0.3194   0.3216   0.3238    0.326   0.3282   0.3304   0.3326   0.3348    0.337   0.3392   0.3414   0.3436   0.3458    0.348   0.3502   0.3524   0.3546   0.3568    0.359   0.3612   0.3634   0.3656   0.3678     0.37   0.3722   0.3744   0.3767   0.3789   0.3811   0.3833   0.3855   0.3877   0.3899   0.3921   0.3943   0.3965   0.3987   0.4009   0.4031   0.4053   0.4075   0.4097   0.4119   0.4141   0.4163   0.4185   0.4207   0.4229   0.4251   0.4273   0.4295   0.4317   0.4339   0.4361   0.4383   0.4405   0.4427   0.4449   0.4471   0.4493   0.4515   0.4537   0.4559   0.4581   0.4604   0.4626   0.4648    0.467   0.4692   0.4714   0.4736   0.4758    0.478   0.4802   0.4824   0.4846   0.4868    0.489   0.4912   0.4934   0.4956   0.4978
    S      0.0   0.0708   0.9467   0.2414   0.0622   0.1204   0.3786    0.538   0.5518   0.8266   0.1202   0.0273   0.0099   0.0369    0.255   0.0904   0.0095   0.2485   0.0983   0.1783    0.453   0.0586   0.0049   0.0388   0.4486   0.3312   0.0087   0.0077   0.0868   0.1601    0.178   0.0555   0.2587   0.2897   0.0252   0.1084   0.0168   0.1438   0.0701   0.0794   0.0108   0.0104   0.1393   0.2726   0.3426   0.0338   0.0016   0.0371   0.0982   0.0534   0.1736   0.2803   0.5862   0.0112   0.8057   0.0266   0.1266   0.0028   0.1472   0.0837   0.5184   0.1854   0.6889   0.0262   0.0889    0.238   0.9168   0.0195   0.0307   0.0052   0.0018    0.029   0.1403    0.155   0.0912   0.1347   0.0392   0.0134   0.0653   0.0896   0.2789   0.0283    0.013   0.0595   0.1148   0.0788   0.3041   0.2094   0.3351   0.4193   0.1516   0.0492   0.0054   0.3101    0.044    0.129    0.263   0.0144   0.0243   0.1245   0.3967   0.0148   0.2228   0.2813   0.0619   0.0473   0.0672   0.1932   0.0108   0.1245   0.3485   0.1049   0.0832   0.4879   0.1472   0.2694   0.0043   0.0506   0.0889    0.231    0.112   0.0331   0.2562   0.8729    0.071   0.2155   0.0182    0.056   0.1455   0.0508   0.3858   0.2575   0.0858    0.021    0.076   0.0373   0.0385   0.0802   0.0469   0.0035    0.095   0.1466   0.6237   0.0403    0.024   0.3911   0.0523   0.0771   0.0287    0.218   0.0554   0.0161    0.027   0.0886   0.1512   0.3384   0.0159   0.0155    0.217   0.0439   0.0037   0.1862   0.1168   0.0172   0.0929   0.1838   0.2084   0.1034   0.0809   0.2992   0.1051   0.0952   0.6052   0.0505    0.276   0.2142   0.0293   0.4998   0.0526   0.2386   0.2477    0.036   0.1921   0.4271   0.0915   0.3448   0.3512   0.2153   0.0007   0.3112   0.0524   0.4683   0.0614   0.4919   0.0646    0.057   0.0516    0.195   0.1693   0.1272   0.0086   0.0499   0.0505   0.0425   0.1147   0.0013    0.133    0.173   0.9595   0.5209    0.204   0.0225   0.0766   0.0267      1.0   0.0859     0.12   0.1924   0.7104    0.123   0.0146   0.0131    0.281   0.0409   0.1667   0.0062   0.0083
  snr   -15.76
    H     4.89
 exon    False

M: alg1
 freq      0.0   0.0022   0.0044   0.0066   0.0088    0.011   0.0132   0.0154   0.0176   0.0198    0.022   0.0242   0.0264   0.0286   0.0308    0.033   0.0352   0.0374   0.0396   0.0419   0.0441   0.0463   0.0485   0.0507   0.0529   0.0551   0.0573   0.0595   0.0617   0.0639   0.0661   0.0683   0.0705   0.0727   0.0749   0.0771   0.0793   0.0815   0.0837   0.0859   0.0881   0.0903   0.0925   0.0947   0.0969   0.0991   0.1013   0.1035   0.1057   0.1079   0.1101   0.1123   0.1145   0.1167   0.1189   0.1211   0.1233   0.1256   0.1278     0.13   0.1322   0.1344   0.1366   0.1388    0.141   0.1432   0.1454   0.1476   0.1498    0.152   0.1542   0.1564   0.1586   0.1608    0.163   0.1652   0.1674   0.1696   0.1718    0.174   0.1762   0.1784   0.1806   0.1828    0.185   0.1872   0.1894   0.1916   0.1938    0.196   0.1982   0.2004   0.2026   0.2048    0.207   0.2093   0.2115   0.2137   0.2159   0.2181   0.2203   0.2225   0.2247   0.2269   0.2291   0.2313   0.2335   0.2357   0.2379   0.2401   0.2423   0.2445   0.2467   0.2489   0.2511   0.2533   0.2555   0.2577   0.2599   0.2621   0.2643   0.2665   0.2687   0.2709   0.2731   0.2753   0.2775   0.2797   0.2819   0.2841   0.2863   0.2885   0.2907    0.293   0.2952   0.2974   0.2996   0.3018    0.304   0.3062   0.3084   0.3106   0.3128    0.315   0.3172   0.3194   0.3216   0.3238    0.326   0.3282   0.3304   0.3326   0.3348    0.337   0.3392   0.3414   0.3436   0.3458    0.348   0.3502   0.3524   0.3546   0.3568    0.359   0.3612   0.3634   0.3656   0.3678     0.37   0.3722   0.3744   0.3767   0.3789   0.3811   0.3833   0.3855   0.3877   0.3899   0.3921   0.3943   0.3965   0.3987   0.4009   0.4031   0.4053   0.4075   0.4097   0.4119   0.4141   0.4163   0.4185   0.4207   0.4229   0.4251   0.4273   0.4295   0.4317   0.4339   0.4361   0.4383   0.4405   0.4427   0.4449   0.4471   0.4493   0.4515   0.4537   0.4559   0.4581   0.4604   0.4626   0.4648    0.467   0.4692   0.4714   0.4736   0.4758    0.478   0.4802   0.4824   0.4846   0.4868    0.489   0.4912   0.4934   0.4956   0.4978
    S      0.0   0.1333   0.5134   0.1428   0.2921   0.0675   0.1055   0.2187   0.1154   0.1503   0.1074   0.1004   0.0978   0.0482   0.1401   0.1864   0.2651   0.1948    0.475   0.3827   0.0866   0.0493   0.0207   0.1316   0.1518   0.0651   0.5501   0.0301   0.1375    0.052   0.0327   0.1029   0.1655   0.0564     0.35   0.5142   0.3252   0.6557   0.0903    0.107   0.4247   0.1187   0.0445    0.354   0.0206   0.0118   0.0854   0.2225   0.5427   0.1159   0.0795   0.0369   0.0405   0.0373   0.0931   0.0564   0.3367   0.0446      1.0   0.1387   0.0511   0.1741   0.1505   0.2541   0.3826   0.1635     0.13   0.0718   0.0629    0.104   0.2094   0.1225   0.1515   0.0601   0.1635   0.1343   0.1925   0.2559   0.0178   0.6526   0.0707   0.1794   0.0968   0.3272   0.1236   0.0286   0.0185   0.0916   0.2204   0.0614    0.152    0.051   0.0934   0.0853   0.2345   0.4913   0.0387   0.0172   0.1329   0.0629   0.2677   0.0179    0.407   0.0925   0.1167   0.0142   0.1678   0.0666   0.0545   0.0902   0.2723   0.0073   0.3245   0.1035   0.9093   0.1239   0.1177   0.0776   0.1541   0.0437   0.0669   0.0426   0.0825   0.1898   0.0625   0.3277   0.3644   0.1951   0.2557   0.0932   0.0404   0.0359    0.025   0.0448   0.0914   0.0159   0.0865   0.1273   0.3307   0.1329   0.1098   0.0982   0.3691   0.1295   0.4854   0.0603   0.0023   0.4404   0.0111   0.1802   0.1092   0.2897    0.151    0.149   0.0094   0.1601   0.1226   0.2039   0.0734   0.2306   0.4001   0.0139   0.1744   0.2206   0.3204   0.2856   0.2939    0.333   0.1353   0.0795   0.0652   0.3488    0.041   0.3419   0.2356    0.095   0.1514   0.3492   0.0561   0.2058   0.2257   0.1597    0.104   0.0877   0.1094   0.3576   0.2744   0.1549   0.0496   0.1391   0.0075   0.0813   0.0432   0.2255   0.1887   0.1655   0.0997   0.0484   0.0874   0.1724   0.1226   0.1323   0.0574   0.1524    0.208   0.0927    0.177   0.1655   0.5514   0.1096   0.1615   0.0636   0.4297   0.1638   0.1926   0.1245   0.2107   0.0273     0.05   0.2432    0.243   0.1967     0.04   0.0084   0.0665   0.0341    0.139
  snr   -15.66
    H     5.09
 exon    False

M: alg2
 freq      0.0   0.0022   0.0044   0.0066   0.0088    0.011   0.0132   0.0154   0.0176   0.0198    0.022   0.0242   0.0264   0.0286   0.0308    0.033   0.0352   0.0374   0.0396   0.0419   0.0441   0.0463   0.0485   0.0507   0.0529   0.0551   0.0573   0.0595   0.0617   0.0639   0.0661   0.0683   0.0705   0.0727   0.0749   0.0771   0.0793   0.0815   0.0837   0.0859   0.0881   0.0903   0.0925   0.0947   0.0969   0.0991   0.1013   0.1035   0.1057   0.1079   0.1101   0.1123   0.1145   0.1167   0.1189   0.1211   0.1233   0.1256   0.1278     0.13   0.1322   0.1344   0.1366   0.1388    0.141   0.1432   0.1454   0.1476   0.1498    0.152   0.1542   0.1564   0.1586   0.1608    0.163   0.1652   0.1674   0.1696   0.1718    0.174   0.1762   0.1784   0.1806   0.1828    0.185   0.1872   0.1894   0.1916   0.1938    0.196   0.1982   0.2004   0.2026   0.2048    0.207   0.2093   0.2115   0.2137   0.2159   0.2181   0.2203   0.2225   0.2247   0.2269   0.2291   0.2313   0.2335   0.2357   0.2379   0.2401   0.2423   0.2445   0.2467   0.2489   0.2511   0.2533   0.2555   0.2577   0.2599   0.2621   0.2643   0.2665   0.2687   0.2709   0.2731   0.2753   0.2775   0.2797   0.2819   0.2841   0.2863   0.2885   0.2907    0.293   0.2952   0.2974   0.2996   0.3018    0.304   0.3062   0.3084   0.3106   0.3128    0.315   0.3172   0.3194   0.3216   0.3238    0.326   0.3282   0.3304   0.3326   0.3348    0.337   0.3392   0.3414   0.3436   0.3458    0.348   0.3502   0.3524   0.3546   0.3568    0.359   0.3612   0.3634   0.3656   0.3678     0.37   0.3722   0.3744   0.3767   0.3789   0.3811   0.3833   0.3855   0.3877   0.3899   0.3921   0.3943   0.3965   0.3987   0.4009   0.4031   0.4053   0.4075   0.4097   0.4119   0.4141   0.4163   0.4185   0.4207   0.4229   0.4251   0.4273   0.4295   0.4317   0.4339   0.4361   0.4383   0.4405   0.4427   0.4449   0.4471   0.4493   0.4515   0.4537   0.4559   0.4581   0.4604   0.4626   0.4648    0.467   0.4692   0.4714   0.4736   0.4758    0.478   0.4802   0.4824   0.4846   0.4868    0.489   0.4912   0.4934   0.4956   0.4978
    S      0.0   0.0923   0.7345   0.2463   0.0804   0.0075   0.3873   0.1701   0.3212   0.6164   0.0388   0.0562   0.0118   0.0346   0.2516   0.2129   0.0558   0.2737   0.2626   0.3916   0.2387   0.0548   0.0087   0.0551   0.0574    0.192   0.1891   0.0467   0.0789   0.0348   0.0976   0.0157   0.0637   0.2076   0.0729   0.2687   0.1078   0.1305   0.0363   0.0367   0.1075   0.0094   0.0483   0.1546   0.1197    0.016   0.0506   0.1248   0.0106   0.0391   0.0143   0.1769   0.2657   0.0404   0.4278   0.0048   0.0656   0.0074   0.3884   0.0585   0.1829   0.2029   0.2253   0.0736    0.038   0.2835   0.4918   0.0085   0.1392   0.0203   0.0497    0.032   0.1205   0.0134   0.1821   0.1904   0.0796   0.0551   0.0378   0.1259   0.0584   0.0705   0.0672   0.1538   0.0066   0.1555   0.1036   0.0954   0.0242   0.1663   0.2005   0.0529   0.0158   0.1611    0.065   0.0346   0.0747   0.0326   0.0096   0.1735   0.1078   0.0935    0.278   0.1434   0.0296   0.0124   0.0424   0.0047   0.0458   0.0794   0.0444   0.0129   0.0369   0.2099   0.2294   0.2597    0.055    0.065   0.0031   0.1043   0.1379   0.0242   0.1349   0.5331   0.0223   0.1994   0.0909   0.0317   0.2261   0.0051   0.2905    0.104   0.0257   0.0721   0.0485   0.0645   0.0481   0.0958   0.2202   0.0139    0.081   0.0338   0.4755   0.0967   0.1581   0.1567   0.0053   0.0394   0.0643   0.0475   0.0684   0.0556   0.1576   0.0012   0.0687   0.1956   0.0098   0.0773     0.14   0.0043   0.0882   0.0135   0.1474   0.0182   0.0062   0.2454   0.2749     0.11   0.0011   0.2387   0.0256   0.1905   0.2506   0.1161    0.235   0.0935   0.0202   0.5476   0.0542   0.1419   0.1968   0.0984     0.23   0.2107    0.056   0.5309   0.2569   0.1417   0.0094   0.2628   0.0363   0.2828   0.0075    0.193   0.0091   0.0527   0.0903   0.0636     0.08   0.0609    0.026   0.0515   0.1823   0.0055   0.2634   0.0279   0.0933   0.1283      1.0   0.1983   0.0848    0.017    0.133    0.025   0.5833   0.0345   0.0912   0.0621   0.3078   0.0934   0.0641   0.0115   0.0931   0.0188   0.0936    0.036   0.0573
  snr   -14.36
    H     4.96
 exon    False