>data-XV-cerevisiae-intergenic-59
N: 215
Methods: voss, eiip, qpsk, mem, alg1, alg2

M: voss
 freq      0.0   0.0047   0.0093    0.014   0.0186   0.0233   0.0279   0.0326   0.0372   0.0419   0.0465   0.0512   0.0558   0.0605   0.0651   0.0698   0.0744   0.0791   0.0837   0.0884    0.093   0.0977   0.1023    0.107   0.1116   0.1163   0.1209   0.1256   0.1302   0.1349   0.1395   0.1442   0.1488   0.1535   0.1581   0.1628   0.1674   0.1721   0.1767   0.1814    0.186   0.1907   0.1953      0.2   0.2047   0.2093    0.214   0.2186   0.2233   0.2279   0.2326   0.2372   0.2419   0.2465   0.2512   0.2558   0.2605   0.2651   0.2698   0.2744   0.2791   0.2837   0.2884    0.293   0.2977   0.3023    0.307   0.3116   0.3163   0.3209   0.3256   0.3302   0.3349   0.3395   0.3442   0.3488   0.3535   0.3581   0.3628   0.3674   0.3721   0.3767   0.3814    0.386   0.3907   0.3953      0.4   0.4047   0.4093    0.414   0.4186   0.4233   0.4279   0.4326   0.4372   0.4419   0.4465   0.4512   0.4558   0.4605   0.4651   0.4698   0.4744   0.4791   0.4837   0.4884    0.493   0.4977
    S      0.0      1.0   0.4875   0.5149   0.3214   0.4967   0.1959   0.6177   0.3438   0.1133   0.5183   0.2266   0.1846   0.3749   0.0988   0.6668   0.1952   0.0909   0.1664   0.1578   0.3308   0.1863   0.1706   0.0881    0.102   0.2435    0.128   0.2998   0.1612   0.1015   0.3016   0.1496   0.2663   0.6038    0.245   0.3144   0.2446   0.2371   0.0731   0.1302   0.2113   0.3599   0.0715   0.3123   0.1282   0.1785   0.8604   0.4402   0.0811    0.322   0.1002   0.2639   0.1027   0.2162   0.0842   0.1284   0.3805    0.271   0.2631   0.1756   0.3945   0.0647   0.2224   0.3195   0.2266   0.1366   0.1241   0.0819   0.2305   0.1038   0.1586   0.1458   0.3564   0.2455   0.3681   0.3251   0.5536   0.3593     0.15   0.3353   0.1808   0.2769   0.0653    0.135   0.2691   0.0857   0.1907    0.013   0.3041   0.2331   0.3696   0.1988   0.2309   0.1632   0.0393   0.1165   0.3377   0.2116   0.6028   0.5578   0.5614   0.2138    0.392   0.4067   0.0758   0.1737   0.1615   0.1944
  snr   -14.28
    H     4.48
 exon    False

M: eiip
 freq      0.0   0.0047   0.0093    0.014   0.0186   0.0233   0.0279   0.0326   0.0372   0.0419   0.0465   0.0512   0.0558   0.0605   0.0651   0.0698   0.0744   0.0791   0.0837   0.0884    0.093   0.0977   0.1023    0.107   0.1116   0.1163   0.1209   0.1256   0.1302   0.1349   0.1395   0.1442   0.1488   0.1535   0.1581   0.1628   0.1674   0.1721   0.1767   0.1814    0.186   0.1907   0.1953      0.2   0.2047   0.2093    0.214   0.2186   0.2233   0.2279   0.2326   0.2372   0.2419   0.2465   0.2512   0.2558   0.2605   0.2651   0.2698   0.2744   0.2791   0.2837   0.2884    0.293   0.2977   0.3023    0.307   0.3116   0.3163   0.3209   0.3256   0.3302   0.3349   0.3395   0.3442   0.3488   0.3535   0.3581   0.3628   0.3674   0.3721   0.3767   0.3814    0.386   0.3907   0.3953      0.4   0.4047   0.4093    0.414   0.4186   0.4233   0.4279   0.4326   0.4372   0.4419   0.4465   0.4512   0.4558   0.4605   0.4651   0.4698   0.4744   0.4791   0.4837   0.4884    0.493   0.4977
    S      0.0   0.5362   0.0937   0.0219   0.2254   0.0669   0.4259    0.269   0.0675   0.0032   0.5066   0.3461   0.0534    0.023   0.0374   0.4543   0.2149   0.1178   0.0633   0.3455   0.0607   0.0787   0.1998     0.03     0.07   0.3407   0.1047    0.013   0.4084   0.0114   0.5269   0.4185     0.48   0.3985    0.552   0.0686   0.0809   0.0043   0.1453   0.1173   0.2378   0.3224   0.0266   0.6928   0.0311   0.1123   0.1346   0.7345   0.0883   0.3712   0.0279   0.3845   0.2243   0.4578   0.1391   0.0057    0.012   0.2185   0.1281   0.0067   0.0786   0.1316   0.3944   0.5685   0.0533   0.3361   0.0155   0.0437    0.631   0.1233   0.0886   0.2649   0.6973   0.1818    0.048   0.8223   0.4258   0.9651   0.2312   0.1409   0.4418   0.0915   0.0502   0.1279    0.054   0.0125   0.1533   0.0179   0.1395   0.0254      1.0    0.084   0.0645   0.0896   0.0533   0.2236   0.5997   0.6906   0.7022   0.0503   0.1232   0.2793   0.4594   0.2288   0.0525    0.175   0.2944   0.0945
  snr   -13.79
    H     4.23
 exon    False

M: qpsk
 freq      0.0   0.0047   0.0093    0.014   0.0186   0.0233   0.0279   0.0326   0.0372   0.0419   0.0465   0.0512   0.0558   0.0605   0.0651   0.0698   0.0744   0.0791   0.0837   0.0884    0.093   0.0977   0.1023    0.107   0.1116   0.1163   0.1209   0.1256   0.1302   0.1349   0.1395   0.1442   0.1488   0.1535   0.1581   0.1628   0.1674   0.1721   0.1767   0.1814    0.186   0.1907   0.1953      0.2   0.2047   0.2093    0.214   0.2186   0.2233   0.2279   0.2326   0.2372   0.2419   0.2465   0.2512   0.2558   0.2605   0.2651   0.2698   0.2744   0.2791   0.2837   0.2884    0.293   0.2977   0.3023    0.307   0.3116   0.3163   0.3209   0.3256   0.3302   0.3349   0.3395   0.3442   0.3488   0.3535   0.3581   0.3628   0.3674   0.3721   0.3767   0.3814    0.386   0.3907   0.3953      0.4   0.4047   0.4093    0.414   0.4186   0.4233   0.4279   0.4326   0.4372   0.4419   0.4465   0.4512   0.4558   0.4605   0.4651   0.4698   0.4744   0.4791   0.4837   0.4884    0.493   0.4977
    S      0.0      1.0   0.3071   0.3355   0.2228   0.3339   0.0683    0.585   0.2279   0.0824   0.5816   0.2131   0.1529   0.3754   0.1174   0.3424   0.1776   0.0971   0.1496   0.1328   0.2574   0.1004   0.1689   0.0382   0.0787   0.1993   0.1245   0.3205   0.0683   0.0664   0.2803   0.1316    0.305   0.3876   0.3056   0.2513   0.2195   0.2277    0.088   0.0506   0.1575   0.3993   0.0604   0.3935   0.1046   0.1746   0.7678   0.5225   0.0771     0.33   0.1201   0.2174   0.1306    0.239    0.098   0.0891    0.314   0.3021   0.2419   0.0695   0.3331   0.0692   0.0475    0.288    0.044    0.087   0.1307   0.0561   0.2547   0.1049   0.1876   0.1341   0.0795   0.2156    0.255   0.3162   0.6909   0.3981   0.1555   0.0737   0.0462   0.3142   0.0569   0.0294   0.2283   0.0694   0.0646   0.0036   0.3029   0.2942   0.3346   0.2057   0.0973   0.1033   0.0432   0.0768   0.2289   0.2315   0.5854   0.4524   0.4307   0.2133   0.0358   0.4817   0.0645   0.0542   0.1557   0.1372
  snr   -13.47
    H     4.41
 exon    False

M: mem
 freq      0.0   0.0047   0.0093    0.014   0.0187   0.0234    0.028   0.0327   0.0374   0.0421   0.0467   0.0514   0.0561   0.0607   0.0654   0.0701   0.0748   0.0794   0.0841   0.0888   0.0935   0.0981   0.1028   0.1075   0.1121   0.1168   0.1215   0.1262   0.1308   0.1355   0.1402   0.1449   0.1495   0.1542   0.1589   0.1636   0.1682   0.1729   0.1776   0.1822   0.1869   0.1916   0.1963   0.2009   0.2056   0.2103    0.215   0.2196   0.2243    0.229   0.2336   0.2383    0.243   0.2477   0.2523    0.257   0.2617   0.2664    0.271   0.2757   0.2804    0.285   0.2897   0.2944   0.2991   0.3037   0.3084   0.3131   0.3178   0.3224   0.3271   0.3318   0.3364   0.3411   0.3458   0.3505   0.3551   0.3598   0.3645   0.3692   0.3738   0.3785   0.3832   0.3879   0.3925   0.3972   0.4019   0.4065   0.4112   0.4159   0.4206   0.4252   0.4299   0.4346   0.4393   0.4439   0.4486   0.4533   0.4579   0.4626   0.4673    0.472   0.4766   0.4813    0.486   0.4907   0.4953
    S      0.0   0.7968   0.0659   0.1323   0.1359   0.1673   0.0278   0.3181   0.0283   0.0426   0.1392   0.0877   0.0458   0.3212   0.1362   0.3181   0.0983   0.0574   0.0882   0.1378   0.1566   0.0726   0.2137   0.0112    0.062   0.0481   0.0192   0.3723   0.0219   0.0375   0.1813   0.0916    0.001   0.0101   0.1704   0.3399   0.2736   0.1874   0.0192   0.0134   0.1079   0.2783   0.1139   0.0638   0.1106   0.2188      1.0   0.1831   0.0466   0.1033   0.1267   0.1166   0.0355   0.0083    0.007   0.1124   0.1822   0.2806   0.0098   0.0152    0.086   0.0504   0.0832   0.0572   0.0088   0.0857    0.131   0.1029   0.1734   0.0519   0.0236    0.107   0.0615   0.1268   0.1201   0.0363    0.832   0.0058   0.0713   0.0225   0.1789   0.1273   0.1175   0.1866   0.0812   0.0276    0.046   0.1812   0.1952   0.0305   0.0414   0.1158   0.0802   0.0577   0.0119   0.0033   0.0394   0.0137   0.0283   0.5342   0.1005   0.0121   0.1143   0.2753   0.1071   0.0049   0.1619
  snr   -11.03
    H     4.15
 exon    False

M: alg1
 freq      0.0   0.0047   0.0093    0.014   0.0186   0.0233   0.0279   0.0326   0.0372   0.0419   0.0465   0.0512   0.0558   0.0605   0.0651   0.0698   0.0744   0.0791   0.0837   0.0884    0.093   0.0977   0.1023    0.107   0.1116   0.1163   0.1209   0.1256   0.1302   0.1349   0.1395   0.1442   0.1488   0.1535   0.1581   0.1628   0.1674   0.1721   0.1767   0.1814    0.186   0.1907   0.1953      0.2   0.2047   0.2093    0.214   0.2186   0.2233   0.2279   0.2326   0.2372   0.2419   0.2465   0.2512   0.2558   0.2605   0.2651   0.2698   0.2744   0.2791   0.2837   0.2884    0.293   0.2977   0.3023    0.307   0.3116   0.3163   0.3209   0.3256   0.3302   0.3349   0.3395   0.3442   0.3488   0.3535   0.3581   0.3628   0.3674   0.3721   0.3767   0.3814    0.386   0.3907   0.3953      0.4   0.4047   0.4093    0.414   0.4186   0.4233   0.4279   0.4326   0.4372   0.4419   0.4465   0.4512   0.4558   0.4605   0.4651   0.4698   0.4744   0.4791   0.4837   0.4884    0.493   0.4977
    S      0.0   0.8557   0.0836   0.0441    0.035   0.1977   0.1917    0.218    0.099   0.0714   0.1723   0.2199   0.0607    0.183   0.0506   0.6754   0.1493   0.1031    0.037   0.2437   0.1773   0.1283   0.2674    0.059   0.0209   0.0486   0.0285    0.293   0.1895   0.0378   0.3728    0.223   0.0993   0.1466    0.285   0.3933    0.301   0.1176   0.0389   0.1048   0.0298   0.3104   0.0297   0.1236   0.0691   0.0569      1.0   0.4512   0.0441   0.1896   0.0762   0.1395   0.0652    0.114   0.0322   0.0639   0.1473   0.1893   0.0953    0.008   0.0675   0.0433   0.2317   0.0762   0.0611   0.1944   0.1099   0.0289   0.3266   0.0422   0.1143   0.2086   0.1963   0.1988   0.1748   0.2982    0.398   0.2951   0.0954   0.2131    0.201   0.2632   0.0576   0.1006   0.1279   0.0426   0.1558   0.0108   0.2422   0.1807   0.3694   0.1116   0.0035   0.0197   0.0229   0.0302   0.1674   0.1448   0.1493   0.2357    0.351   0.1129   0.1632   0.2332   0.1093   0.0952   0.0521   0.0404
  snr   -12.16
    H     4.33
 exon    False

M: alg2
 freq      0.0   0.0047   0.0093    0.014   0.0186   0.0233   0.0279   0.0326   0.0372   0.0419   0.0465   0.0512   0.0558   0.0605   0.0651   0.0698   0.0744   0.0791   0.0837   0.0884    0.093   0.0977   0.1023    0.107   0.1116   0.1163   0.1209   0.1256   0.1302   0.1349   0.1395   0.1442   0.1488   0.1535   0.1581   0.1628   0.1674   0.1721   0.1767   0.1814    0.186   0.1907   0.1953      0.2   0.2047   0.2093    0.214   0.2186   0.2233   0.2279   0.2326   0.2372   0.2419   0.2465   0.2512   0.2558   0.2605   0.2651   0.2698   0.2744   0.2791   0.2837   0.2884    0.293   0.2977   0.3023    0.307   0.3116   0.3163   0.3209   0.3256   0.3302   0.3349   0.3395   0.3442   0.3488   0.3535   0.3581   0.3628   0.3674   0.3721   0.3767   0.3814    0.386   0.3907   0.3953      0.4   0.4047   0.4093    0.414   0.4186   0.4233   0.4279   0.4326   0.4372   0.4419   0.4465   0.4512   0.4558   0.4605   0.4651   0.4698   0.4744   0.4791   0.4837   0.4884    0.493   0.4977
    S      0.0   0.8776   0.1144   0.0371   0.0245   0.2689   0.1171   0.2684    0.135   0.0894   0.1151   0.1456    0.073   0.1546   0.0429   0.6224   0.0994   0.0641   0.0394   0.1571   0.2298   0.1417    0.205   0.0586   0.0153   0.0215   0.0158   0.2963   0.1095   0.0497   0.2225   0.1218   0.0139   0.1173   0.1291    0.396   0.2888   0.1053   0.0093   0.0819   0.0095    0.274   0.0289   0.0565   0.0567   0.0402      1.0   0.2802   0.0172   0.1705   0.0776   0.1124   0.0211   0.0184   0.0042   0.0647   0.1639   0.1899   0.0793   0.0124   0.0176   0.0116   0.1672   0.0253   0.0756   0.1161   0.1222   0.0156   0.1591   0.0236   0.0663   0.1453   0.0929    0.174   0.2126   0.1074   0.3849   0.1146   0.0412   0.2114   0.1205   0.2229   0.0514   0.0904   0.0987   0.0536    0.143   0.0086   0.2503   0.1869   0.1592   0.0832   0.0014   0.0159   0.0105   0.0033   0.0556   0.0231   0.0836   0.2596   0.3042   0.0808   0.1164   0.2131   0.0968   0.0811   0.0287   0.0487
  snr   -11.12
    H     4.21
 exon    False