>data-XIV-cerevisiae-intergenic-161
N: 255
Methods: voss, eiip, qpsk, mem, alg1, alg2

M: voss
 freq      0.0   0.0039   0.0078   0.0118   0.0157   0.0196   0.0235   0.0275   0.0314   0.0353   0.0392   0.0431   0.0471    0.051   0.0549   0.0588   0.0627   0.0667   0.0706   0.0745   0.0784   0.0824   0.0863   0.0902   0.0941    0.098    0.102   0.1059   0.1098   0.1137   0.1176   0.1216   0.1255   0.1294   0.1333   0.1373   0.1412   0.1451    0.149   0.1529   0.1569   0.1608   0.1647   0.1686   0.1725   0.1765   0.1804   0.1843   0.1882   0.1922   0.1961      0.2   0.2039   0.2078   0.2118   0.2157   0.2196   0.2235   0.2275   0.2314   0.2353   0.2392   0.2431   0.2471    0.251   0.2549   0.2588   0.2627   0.2667   0.2706   0.2745   0.2784   0.2824   0.2863   0.2902   0.2941    0.298    0.302   0.3059   0.3098   0.3137   0.3176   0.3216   0.3255   0.3294   0.3333   0.3373   0.3412   0.3451    0.349   0.3529   0.3569   0.3608   0.3647   0.3686   0.3725   0.3765   0.3804   0.3843   0.3882   0.3922   0.3961      0.4   0.4039   0.4078   0.4118   0.4157   0.4196   0.4235   0.4275   0.4314   0.4353   0.4392   0.4431   0.4471    0.451   0.4549   0.4588   0.4627   0.4667   0.4706   0.4745   0.4784   0.4824   0.4863   0.4902   0.4941    0.498
    S      0.0   0.5194   0.2385   0.4208   0.2257   0.2725   0.1829   0.2188   0.0706   0.7252   0.1587   0.3611   0.1699   0.3026   0.0854   0.0647   0.3755   0.1651   0.0706   0.1907   0.3769    0.081   0.2851   0.1761   0.1174   0.2935   0.3006   0.0777    0.153   0.2521   0.1929   0.1069   0.1672      1.0   0.1884   0.0119   0.0992   0.3793   0.1715   0.2637   0.1495   0.1551   0.1323   0.1153   0.1127   0.4213   0.2319   0.2413   0.2559    0.079   0.0783   0.0708   0.0415   0.1314    0.093    0.034    0.125    0.128   0.4836   0.3482   0.3202   0.1535   0.1125   0.2983   0.4441   0.0797   0.1704   0.1704   0.0617   0.1676   0.2063   0.1625   0.2484   0.1176   0.1412   0.1351   0.2923   0.1364    0.178    0.066   0.2211   0.1547   0.1231   0.6027   0.0783   0.0593   0.1058   0.1945   0.0966   0.1933   0.1445   0.2235    0.265   0.1452   0.2591   0.1286   0.2195   0.1649   0.1094   0.1638   0.3093   0.2706   0.1509   0.2742   0.1029   0.3276   0.1761   0.1667   0.0823   0.2683    0.147   0.1536   0.4624   0.1189   0.2623    0.478   0.0404   0.3202   0.1515   0.1861   0.0675   0.2452   0.2232   0.1282   0.1128   0.2313   0.0189   0.1908
  snr   -13.97
    H     4.65
 exon    False

M: eiip
 freq      0.0   0.0039   0.0078   0.0118   0.0157   0.0196   0.0235   0.0275   0.0314   0.0353   0.0392   0.0431   0.0471    0.051   0.0549   0.0588   0.0627   0.0667   0.0706   0.0745   0.0784   0.0824   0.0863   0.0902   0.0941    0.098    0.102   0.1059   0.1098   0.1137   0.1176   0.1216   0.1255   0.1294   0.1333   0.1373   0.1412   0.1451    0.149   0.1529   0.1569   0.1608   0.1647   0.1686   0.1725   0.1765   0.1804   0.1843   0.1882   0.1922   0.1961      0.2   0.2039   0.2078   0.2118   0.2157   0.2196   0.2235   0.2275   0.2314   0.2353   0.2392   0.2431   0.2471    0.251   0.2549   0.2588   0.2627   0.2667   0.2706   0.2745   0.2784   0.2824   0.2863   0.2902   0.2941    0.298    0.302   0.3059   0.3098   0.3137   0.3176   0.3216   0.3255   0.3294   0.3333   0.3373   0.3412   0.3451    0.349   0.3529   0.3569   0.3608   0.3647   0.3686   0.3725   0.3765   0.3804   0.3843   0.3882   0.3922   0.3961      0.4   0.4039   0.4078   0.4118   0.4157   0.4196   0.4235   0.4275   0.4314   0.4353   0.4392   0.4431   0.4471    0.451   0.4549   0.4588   0.4627   0.4667   0.4706   0.4745   0.4784   0.4824   0.4863   0.4902   0.4941    0.498
    S      0.0   0.0052   0.3073      1.0   0.1843   0.3748   0.3979    0.051   0.1015   0.5253   0.0513    0.033   0.3145   0.1823   0.0926   0.2044   0.0974    0.174   0.0263   0.0285    0.314   0.2678   0.4301   0.3191   0.0682   0.0433   0.1194   0.0799      0.1   0.3307   0.1797   0.1096    0.216   0.5005   0.5488   0.0355   0.0243   0.0112   0.2502   0.6191   0.0047   0.0494   0.2888   0.2821   0.2976    0.026   0.2158   0.0175   0.5011     0.13   0.2274   0.0254   0.0032   0.2154   0.3568    0.097   0.0836   0.3753   0.0007   0.4684   0.1056   0.4995   0.1308   0.0312   0.2232   0.0634   0.0686   0.0716   0.1367   0.1129   0.2337   0.2688   0.2165   0.2131    0.228   0.0128   0.3243   0.3403   0.2368   0.0554    0.073   0.5027   0.1949   0.3419   0.1287   0.1816   0.0288   0.4051   0.0551   0.0509   0.1069   0.3477   0.3044   0.0641   0.1369   0.2032   0.4708   0.0071   0.0752   0.0021   0.1194   0.2814   0.1308   0.6691   0.0596    0.336   0.4845   0.0983   0.1606   0.0748   0.2117   0.3325   0.2388   0.0084   0.2927   0.6722    0.119   0.0466   0.1912   0.1256   0.0133   0.4908   0.0329   0.1068   0.0101   0.2274   0.0135   0.3065
  snr   -13.89
    H     4.48
 exon    False

M: qpsk
 freq      0.0   0.0039   0.0078   0.0118   0.0157   0.0196   0.0235   0.0275   0.0314   0.0353   0.0392   0.0431   0.0471    0.051   0.0549   0.0588   0.0627   0.0667   0.0706   0.0745   0.0784   0.0824   0.0863   0.0902   0.0941    0.098    0.102   0.1059   0.1098   0.1137   0.1176   0.1216   0.1255   0.1294   0.1333   0.1373   0.1412   0.1451    0.149   0.1529   0.1569   0.1608   0.1647   0.1686   0.1725   0.1765   0.1804   0.1843   0.1882   0.1922   0.1961      0.2   0.2039   0.2078   0.2118   0.2157   0.2196   0.2235   0.2275   0.2314   0.2353   0.2392   0.2431   0.2471    0.251   0.2549   0.2588   0.2627   0.2667   0.2706   0.2745   0.2784   0.2824   0.2863   0.2902   0.2941    0.298    0.302   0.3059   0.3098   0.3137   0.3176   0.3216   0.3255   0.3294   0.3333   0.3373   0.3412   0.3451    0.349   0.3529   0.3569   0.3608   0.3647   0.3686   0.3725   0.3765   0.3804   0.3843   0.3882   0.3922   0.3961      0.4   0.4039   0.4078   0.4118   0.4157   0.4196   0.4235   0.4275   0.4314   0.4353   0.4392   0.4431   0.4471    0.451   0.4549   0.4588   0.4627   0.4667   0.4706   0.4745   0.4784   0.4824   0.4863   0.4902   0.4941    0.498
    S      0.0   0.1916    0.182   0.4589   0.1907   0.2774    0.142    0.127   0.0589   0.4024   0.0795   0.2853   0.1894   0.2619   0.0792   0.0546   0.2964   0.1581   0.0644   0.1187   0.2434   0.0932   0.2317   0.0945   0.0498   0.0494   0.2221   0.0845   0.0936   0.1406   0.1972   0.1229   0.1824      1.0   0.1698   0.0042   0.0764   0.1185   0.1709   0.2704   0.1069   0.1396   0.0271    0.129   0.0951   0.2337   0.2092   0.1569   0.1055   0.0686   0.0462   0.0545   0.0244   0.0913   0.0884   0.0159   0.1412   0.1427   0.2999   0.2942   0.2173   0.1666   0.1223    0.334   0.5192    0.081   0.1649   0.1624   0.0648   0.1126   0.1858   0.1516   0.1443   0.1182   0.0672   0.1225   0.2761    0.098   0.0375   0.0646   0.1663   0.1088   0.1188   0.4515    0.072   0.0447   0.0586   0.1992   0.0759    0.114   0.1508     0.26   0.2924   0.0721   0.2242   0.0397   0.1252   0.0636   0.1176   0.1636    0.279   0.2403   0.1045   0.0605   0.1008   0.1959   0.1745    0.139   0.0236   0.1915   0.1455   0.0758   0.0857   0.0962   0.2656   0.4014   0.0266   0.0757   0.0658   0.1736   0.0605    0.287   0.0698   0.1113   0.0545   0.2685   0.0102   0.1338
  snr   -12.73
    H      4.6
 exon    False

M: mem
 freq      0.0   0.0039   0.0079   0.0118   0.0157   0.0197   0.0236   0.0276   0.0315   0.0354   0.0394   0.0433   0.0472   0.0512   0.0551   0.0591    0.063   0.0669   0.0709   0.0748   0.0787   0.0827   0.0866   0.0906   0.0945   0.0984   0.1024   0.1063   0.1102   0.1142   0.1181    0.122    0.126   0.1299   0.1339   0.1378   0.1417   0.1457   0.1496   0.1535   0.1575   0.1614   0.1654   0.1693   0.1732   0.1772   0.1811    0.185    0.189   0.1929   0.1969   0.2008   0.2047   0.2087   0.2126   0.2165   0.2205   0.2244   0.2283   0.2323   0.2362   0.2402   0.2441    0.248    0.252   0.2559   0.2598   0.2638   0.2677   0.2717   0.2756   0.2795   0.2835   0.2874   0.2913   0.2953   0.2992   0.3031   0.3071    0.311    0.315   0.3189   0.3228   0.3268   0.3307   0.3346   0.3386   0.3425   0.3465   0.3504   0.3543   0.3583   0.3622   0.3661   0.3701    0.374    0.378   0.3819   0.3858   0.3898   0.3937   0.3976   0.4016   0.4055   0.4094   0.4134   0.4173   0.4213   0.4252   0.4291   0.4331    0.437   0.4409   0.4449   0.4488   0.4528   0.4567   0.4606   0.4646   0.4685   0.4724   0.4764   0.4803   0.4843   0.4882   0.4921   0.4961
    S      0.0    0.144   0.1645   0.0805   0.0091   0.0295   0.0626   0.0148   0.1291   0.8522   0.1561   0.4404   0.2775   0.4893   0.1261   0.0216   0.1638   0.0283     0.07   0.0336   0.5018   0.0079   0.0309   0.2095   0.0624   0.0089    0.055   0.1191   0.1608   0.2398   0.2173   0.0451   0.2338      1.0    0.056   0.0402    0.066   0.0323   0.0593   0.2742   0.3428   0.0646   0.0086   0.0794   0.0931   0.0821     0.19   0.1905   0.1394   0.0221    0.017   0.0314   0.0031   0.1145   0.0313   0.0661   0.1551    0.011   0.4655   0.2336   0.0068   0.0054   0.2564   0.5425   0.4718   0.2351   0.2515   0.2976   0.0215    0.194   0.3057   0.0969   0.1738   0.0517   0.1069   0.3077   0.2189   0.0661    0.082   0.1001   0.1345   0.2787   0.0406   0.0406   0.0894   0.0095   0.1705   0.2107   0.4265   0.0364   0.2613   0.0549   0.1662    0.027   0.0478   0.1651   0.0417   0.0306   0.3254   0.2726    0.458   0.0422   0.0779   0.0635   0.2223   0.2242   0.0446   0.0471   0.0463   0.0996   0.0598   0.0741   0.1551   0.2774   0.0574   0.3582   0.0879   0.1125   0.2434   0.0021   0.0087    0.027   0.0397   0.1313   0.1154   0.1251   0.1107
  snr   -12.55
    H     4.39
 exon    False

M: alg1
 freq      0.0   0.0039   0.0078   0.0118   0.0157   0.0196   0.0235   0.0275   0.0314   0.0353   0.0392   0.0431   0.0471    0.051   0.0549   0.0588   0.0627   0.0667   0.0706   0.0745   0.0784   0.0824   0.0863   0.0902   0.0941    0.098    0.102   0.1059   0.1098   0.1137   0.1176   0.1216   0.1255   0.1294   0.1333   0.1373   0.1412   0.1451    0.149   0.1529   0.1569   0.1608   0.1647   0.1686   0.1725   0.1765   0.1804   0.1843   0.1882   0.1922   0.1961      0.2   0.2039   0.2078   0.2118   0.2157   0.2196   0.2235   0.2275   0.2314   0.2353   0.2392   0.2431   0.2471    0.251   0.2549   0.2588   0.2627   0.2667   0.2706   0.2745   0.2784   0.2824   0.2863   0.2902   0.2941    0.298    0.302   0.3059   0.3098   0.3137   0.3176   0.3216   0.3255   0.3294   0.3333   0.3373   0.3412   0.3451    0.349   0.3529   0.3569   0.3608   0.3647   0.3686   0.3725   0.3765   0.3804   0.3843   0.3882   0.3922   0.3961      0.4   0.4039   0.4078   0.4118   0.4157   0.4196   0.4235   0.4275   0.4314   0.4353   0.4392   0.4431   0.4471    0.451   0.4549   0.4588   0.4627   0.4667   0.4706   0.4745   0.4784   0.4824   0.4863   0.4902   0.4941    0.498
    S      0.0   0.2684   0.1087   0.5522    0.105   0.1802   0.1858    0.085   0.1407      1.0   0.1485   0.1204   0.3335   0.3423   0.0257   0.0906   0.1161   0.0736    0.025   0.0561     0.56   0.1376   0.2133   0.3385   0.0689   0.1951   0.0943   0.0383   0.2041   0.4243   0.0583   0.0857   0.1037   0.4219   0.3164   0.0227   0.0717   0.2219   0.1653   0.5739   0.0807   0.0971   0.2267   0.2103   0.2822   0.2349   0.2722   0.1616   0.5158   0.0654   0.1561   0.0175   0.0157   0.1618   0.2426   0.0746   0.1832   0.1905   0.2719   0.2884   0.1053   0.2709   0.1586   0.1821   0.0156   0.1122    0.191    0.184   0.1196   0.1773   0.1891   0.3548   0.2877    0.071   0.1973    0.053   0.4928   0.1535   0.2705   0.0892   0.2083   0.4344   0.1717   0.2871   0.1132   0.1501   0.0914   0.4239   0.1063   0.1535   0.1943   0.0876   0.4762   0.1472   0.0826   0.2256   0.2321   0.1032   0.1285   0.0778   0.3494   0.3338   0.1822   0.5644   0.0115    0.189   0.2312    0.103    0.131   0.0987   0.1422   0.3217   0.4335   0.0405   0.2579   0.5484   0.0544   0.2049   0.1411   0.1228   0.0636   0.1599   0.1428   0.0791   0.0641   0.1868     0.02   0.1603
  snr   -13.79
    H     4.59
 exon    False

M: alg2
 freq      0.0   0.0039   0.0078   0.0118   0.0157   0.0196   0.0235   0.0275   0.0314   0.0353   0.0392   0.0431   0.0471    0.051   0.0549   0.0588   0.0627   0.0667   0.0706   0.0745   0.0784   0.0824   0.0863   0.0902   0.0941    0.098    0.102   0.1059   0.1098   0.1137   0.1176   0.1216   0.1255   0.1294   0.1333   0.1373   0.1412   0.1451    0.149   0.1529   0.1569   0.1608   0.1647   0.1686   0.1725   0.1765   0.1804   0.1843   0.1882   0.1922   0.1961      0.2   0.2039   0.2078   0.2118   0.2157   0.2196   0.2235   0.2275   0.2314   0.2353   0.2392   0.2431   0.2471    0.251   0.2549   0.2588   0.2627   0.2667   0.2706   0.2745   0.2784   0.2824   0.2863   0.2902   0.2941    0.298    0.302   0.3059   0.3098   0.3137   0.3176   0.3216   0.3255   0.3294   0.3333   0.3373   0.3412   0.3451    0.349   0.3529   0.3569   0.3608   0.3647   0.3686   0.3725   0.3765   0.3804   0.3843   0.3882   0.3922   0.3961      0.4   0.4039   0.4078   0.4118   0.4157   0.4196   0.4235   0.4275   0.4314   0.4353   0.4392   0.4431   0.4471    0.451   0.4549   0.4588   0.4627   0.4667   0.4706   0.4745   0.4784   0.4824   0.4863   0.4902   0.4941    0.498
    S      0.0   0.0594   0.2345   0.0465    0.003   0.0213   0.0676   0.0025   0.0636   0.4165   0.0779   0.2597   0.1396   0.2736   0.0923   0.0146   0.1041   0.0189   0.0519   0.0118   0.2813   0.0065   0.0563   0.1012   0.1143    0.023   0.0098   0.0401   0.0969   0.1009   0.1331   0.1189   0.2004      1.0   0.0159   0.0029   0.0937   0.1233   0.0175    0.187   0.0945   0.1066   0.0144   0.0325   0.0715   0.2133   0.1184   0.1559   0.0645   0.0228   0.0042   0.0059   0.0197   0.0853    0.012   0.0094   0.1796   0.0189   0.4164   0.0976   0.0108   0.0211   0.1352   0.5231   0.5655   0.1084   0.2327   0.1826   0.0283   0.0703     0.05   0.1578   0.2272   0.0318   0.0087   0.1034   0.2682    0.043   0.0373    0.063   0.2389   0.0476    0.094   0.0023   0.0298    0.019   0.0434   0.1688   0.0645    0.136   0.1623   0.1176   0.3478   0.0548    0.049   0.0404   0.0928   0.0619   0.1179   0.1834   0.3329   0.1269    0.084   0.0276   0.0363   0.3302   0.0967   0.0631   0.0135   0.0822   0.0089   0.0539   0.1235   0.1191   0.1476   0.1478   0.0164   0.1068   0.1078   0.1858   0.0846   0.1408   0.0183   0.0603   0.0217   0.2335   0.0038   0.0353
  snr    -11.2
    H     4.36
 exon    False