>data-XV-cerevisiae-intergenic-240
N: 622
Methods: voss, eiip, qpsk, mem, alg1, alg2

M: voss
 freq      0.0   0.0016   0.0032   0.0048   0.0064    0.008   0.0096   0.0113   0.0129   0.0145   0.0161   0.0177   0.0193   0.0209   0.0225   0.0241   0.0257   0.0273   0.0289   0.0305   0.0322   0.0338   0.0354    0.037   0.0386   0.0402   0.0418   0.0434    0.045   0.0466   0.0482   0.0498   0.0514   0.0531   0.0547   0.0563   0.0579   0.0595   0.0611   0.0627   0.0643   0.0659   0.0675   0.0691   0.0707   0.0723    0.074   0.0756   0.0772   0.0788   0.0804    0.082   0.0836   0.0852   0.0868   0.0884     0.09   0.0916   0.0932   0.0949   0.0965   0.0981   0.0997   0.1013   0.1029   0.1045   0.1061   0.1077   0.1093   0.1109   0.1125   0.1141   0.1158   0.1174    0.119   0.1206   0.1222   0.1238   0.1254    0.127   0.1286   0.1302   0.1318   0.1334    0.135   0.1367   0.1383   0.1399   0.1415   0.1431   0.1447   0.1463   0.1479   0.1495   0.1511   0.1527   0.1543   0.1559   0.1576   0.1592   0.1608   0.1624    0.164   0.1656   0.1672   0.1688   0.1704    0.172   0.1736   0.1752   0.1768   0.1785   0.1801   0.1817   0.1833   0.1849   0.1865   0.1881   0.1897   0.1913   0.1929   0.1945   0.1961   0.1977   0.1994    0.201   0.2026   0.2042   0.2058   0.2074    0.209   0.2106   0.2122   0.2138   0.2154    0.217   0.2186   0.2203   0.2219   0.2235   0.2251   0.2267   0.2283   0.2299   0.2315   0.2331   0.2347   0.2363   0.2379   0.2395   0.2412   0.2428   0.2444    0.246   0.2476   0.2492   0.2508   0.2524    0.254   0.2556   0.2572   0.2588   0.2605   0.2621   0.2637   0.2653   0.2669   0.2685   0.2701   0.2717   0.2733   0.2749   0.2765   0.2781   0.2797   0.2814    0.283   0.2846   0.2862   0.2878   0.2894    0.291   0.2926   0.2942   0.2958   0.2974    0.299   0.3006   0.3023   0.3039   0.3055   0.3071   0.3087   0.3103   0.3119   0.3135   0.3151   0.3167   0.3183   0.3199   0.3215   0.3232   0.3248   0.3264    0.328   0.3296   0.3312   0.3328   0.3344    0.336   0.3376   0.3392   0.3408   0.3424   0.3441   0.3457   0.3473   0.3489   0.3505   0.3521   0.3537   0.3553   0.3569   0.3585   0.3601   0.3617   0.3633    0.365   0.3666   0.3682   0.3698   0.3714    0.373   0.3746   0.3762   0.3778   0.3794    0.381   0.3826   0.3842   0.3859   0.3875   0.3891   0.3907   0.3923   0.3939   0.3955   0.3971   0.3987   0.4003   0.4019   0.4035   0.4051   0.4068   0.4084     0.41   0.4116   0.4132   0.4148   0.4164    0.418   0.4196   0.4212   0.4228   0.4244    0.426   0.4277   0.4293   0.4309   0.4325   0.4341   0.4357   0.4373   0.4389   0.4405   0.4421   0.4437   0.4453   0.4469   0.4486   0.4502   0.4518   0.4534    0.455   0.4566   0.4582   0.4598   0.4614    0.463   0.4646   0.4662   0.4678   0.4695   0.4711   0.4727   0.4743   0.4759   0.4775   0.4791   0.4807   0.4823   0.4839   0.4855   0.4871   0.4887   0.4904    0.492   0.4936   0.4952   0.4968   0.4984
    S      0.0   0.1419   0.4995   0.1792   0.4089   0.6726    0.614   0.4804   0.3107   0.8915   0.6071   0.4805   0.1951    0.488   0.6175   0.5596   0.5675   0.3518   0.2454   0.2269   0.5917   0.4072    0.541   0.3523   0.1674   0.6656   0.6049   0.4563   0.0702   0.5647   0.2253   0.5476   0.2734    0.162   0.6967   0.2448   0.4602   0.2731   0.2766   0.2432   0.5888   0.1289   0.1523   0.4663   0.2126   0.1775   0.5317   0.8608   0.1937   0.4908   0.1399   0.1295   0.1275    0.276   0.2729    0.382   0.3224   0.2957   0.2205   0.3622   0.1125   0.5124   0.4664   0.1061   0.8471   0.1861   0.6847   0.3573   0.3559   0.3154   0.6209   0.2752   0.3645   0.2293    0.104   0.3534    0.145   0.3586   0.3848   0.1707   0.4084   0.1116    0.028   0.1384   0.5135   0.2611   0.2575   0.7804    0.255   0.3812   0.4145   0.0947   0.3557   0.1299    0.187   0.4336   0.5564   0.5716   0.3436   0.5008   0.3426   0.4508   0.4245   0.6051   0.2823   0.2821   0.1934   0.1601   0.2592   0.1911   0.7055   0.3822   0.4759   0.1198   0.0669   0.3698   0.2104   0.3908   0.1824   0.4444   0.1104   0.2139   0.3762     0.95    0.389   0.3216   0.6316   0.4757   0.8458   0.4075   0.2165   0.4805   0.2993   0.2559   0.7987   0.2529   0.2677   0.4704   0.0648   0.3744   0.2498   0.1234   0.2584   0.6177   0.1506   0.6247   0.0522   0.4824   0.0914   0.4865    0.414   0.4014   0.7134   0.4898   0.2141   0.3631   0.3464   0.2319   0.5962   0.3483   0.4742   0.0261   0.2014   0.2707   0.2786   0.2801    0.246   0.3872   0.3009   0.3088   0.2315   0.6079   0.2508   0.4536   0.2364    0.138    0.579   0.4436   0.5675   0.4478   0.4959   0.1719    0.269   0.1942   0.2335   0.0988   0.4981   0.2104    0.224    0.301    0.379   0.4737   0.2847   0.2124   0.1156   0.2115   0.1303   0.2808   0.3142   0.1238   0.7467   0.2631   0.3291   0.1689   0.0794   0.5408   0.2545   0.2643   0.2244   0.2686   0.4497   0.1405   0.1116   0.1823   0.3747   0.4954   0.0998   0.1344   0.0237   0.7395   0.4034   0.1484   0.4092   0.2679   0.0596   0.2288   0.5276   0.1011   0.1942   0.3137   0.3215   0.2332   0.2328   0.5822   0.4273   0.3623   0.8362   0.3327    0.222    0.053   0.5906   0.1566   0.3863   0.2403   0.3132   0.1686   0.4695   0.2672   0.1374   0.4288   0.7242   0.1754   0.1078   0.2782   0.2709    0.719   0.6245   0.4463   0.3898   0.1458   0.1932   0.2365    0.249   0.4274   0.3915   0.7294   0.2112   0.7093   0.5572   0.3765   0.1644      1.0   0.2525    0.185    0.149   0.1919   0.0566   0.0938   0.1793   0.4955   0.3681    0.235    0.222   0.2876   0.5197   0.2985   0.3282   0.2963   0.2055   0.2833    0.078   0.1555   0.1292   0.0654   0.5025    0.367   0.2171   0.4218    0.081   0.6662   0.5748   0.3513   0.1835   0.8613   0.2397    0.342   0.2157   0.4503   0.0844   0.3389   0.1678
  snr   -20.21
    H     5.58
 exon    False

M: eiip
 freq      0.0   0.0016   0.0032   0.0048   0.0064    0.008   0.0096   0.0113   0.0129   0.0145   0.0161   0.0177   0.0193   0.0209   0.0225   0.0241   0.0257   0.0273   0.0289   0.0305   0.0322   0.0338   0.0354    0.037   0.0386   0.0402   0.0418   0.0434    0.045   0.0466   0.0482   0.0498   0.0514   0.0531   0.0547   0.0563   0.0579   0.0595   0.0611   0.0627   0.0643   0.0659   0.0675   0.0691   0.0707   0.0723    0.074   0.0756   0.0772   0.0788   0.0804    0.082   0.0836   0.0852   0.0868   0.0884     0.09   0.0916   0.0932   0.0949   0.0965   0.0981   0.0997   0.1013   0.1029   0.1045   0.1061   0.1077   0.1093   0.1109   0.1125   0.1141   0.1158   0.1174    0.119   0.1206   0.1222   0.1238   0.1254    0.127   0.1286   0.1302   0.1318   0.1334    0.135   0.1367   0.1383   0.1399   0.1415   0.1431   0.1447   0.1463   0.1479   0.1495   0.1511   0.1527   0.1543   0.1559   0.1576   0.1592   0.1608   0.1624    0.164   0.1656   0.1672   0.1688   0.1704    0.172   0.1736   0.1752   0.1768   0.1785   0.1801   0.1817   0.1833   0.1849   0.1865   0.1881   0.1897   0.1913   0.1929   0.1945   0.1961   0.1977   0.1994    0.201   0.2026   0.2042   0.2058   0.2074    0.209   0.2106   0.2122   0.2138   0.2154    0.217   0.2186   0.2203   0.2219   0.2235   0.2251   0.2267   0.2283   0.2299   0.2315   0.2331   0.2347   0.2363   0.2379   0.2395   0.2412   0.2428   0.2444    0.246   0.2476   0.2492   0.2508   0.2524    0.254   0.2556   0.2572   0.2588   0.2605   0.2621   0.2637   0.2653   0.2669   0.2685   0.2701   0.2717   0.2733   0.2749   0.2765   0.2781   0.2797   0.2814    0.283   0.2846   0.2862   0.2878   0.2894    0.291   0.2926   0.2942   0.2958   0.2974    0.299   0.3006   0.3023   0.3039   0.3055   0.3071   0.3087   0.3103   0.3119   0.3135   0.3151   0.3167   0.3183   0.3199   0.3215   0.3232   0.3248   0.3264    0.328   0.3296   0.3312   0.3328   0.3344    0.336   0.3376   0.3392   0.3408   0.3424   0.3441   0.3457   0.3473   0.3489   0.3505   0.3521   0.3537   0.3553   0.3569   0.3585   0.3601   0.3617   0.3633    0.365   0.3666   0.3682   0.3698   0.3714    0.373   0.3746   0.3762   0.3778   0.3794    0.381   0.3826   0.3842   0.3859   0.3875   0.3891   0.3907   0.3923   0.3939   0.3955   0.3971   0.3987   0.4003   0.4019   0.4035   0.4051   0.4068   0.4084     0.41   0.4116   0.4132   0.4148   0.4164    0.418   0.4196   0.4212   0.4228   0.4244    0.426   0.4277   0.4293   0.4309   0.4325   0.4341   0.4357   0.4373   0.4389   0.4405   0.4421   0.4437   0.4453   0.4469   0.4486   0.4502   0.4518   0.4534    0.455   0.4566   0.4582   0.4598   0.4614    0.463   0.4646   0.4662   0.4678   0.4695   0.4711   0.4727   0.4743   0.4759   0.4775   0.4791   0.4807   0.4823   0.4839   0.4855   0.4871   0.4887   0.4904    0.492   0.4936   0.4952   0.4968   0.4984
    S      0.0   0.1003   0.0554   0.0758   0.1368   0.3545    0.327    0.286   0.1212   0.2407   0.1823   0.3151   0.2117   0.1827   0.5259   0.4186   0.0789   0.1768   0.1435   0.0648   0.2825   0.1698   0.2202   0.2914   0.0369   0.3383   0.0533   0.1718   0.0679   0.4313   0.1807   0.7894   0.0623   0.1655   0.1418   0.1621   0.0388   0.0542   0.1234   0.1412    0.549   0.0992   0.1122   0.0428   0.3072   0.2742   0.2876   0.2935   0.0304   0.0704   0.1064   0.0006   0.1017   0.1682   0.1639   0.2973   0.1971   0.1282   0.1044   0.5058   0.1299   0.0512   0.0341   0.0675   0.2652   0.0448   0.4349   0.0895   0.1749   0.0576   0.0434   0.2176    0.173   0.0655   0.1648   0.2267   0.1208   0.0627    0.266   0.0001   0.4118   0.0408   0.0343   0.0086   0.4784   0.1322   0.1651   0.2847   0.1879   0.0209   0.0586   0.0411    0.017   0.0456   0.2962   0.5843   0.0163   0.3007   0.1217   0.3584   0.3319   0.0992   0.2827   0.2858   0.1069   0.0714   0.0817   0.0657   0.1918   0.1152   0.1656    0.039   0.1274   0.0244   0.0011   0.2002   0.1838   0.0593   0.2492   0.2661    0.036   0.1741   0.2746   0.5697   0.0254   0.3985   0.7833   0.0512   0.1274   0.1613   0.0737   0.0461   0.0529   0.0305   0.2717   0.0564   0.1603   0.1682   0.0956   0.2088   0.0123    0.095   0.0775   0.1582   0.0718      1.0   0.0468   0.0694   0.0348   0.0134    0.147   0.3405   0.1269   0.0739   0.1693   0.1448   0.1453    0.144    0.104   0.2421    0.035   0.0324   0.0154   0.0221   0.0104   0.0129   0.2604   0.2918   0.0879   0.2174   0.0651   0.3368   0.1201   0.1711   0.2027   0.1212   0.4907   0.2819   0.1788   0.0355   0.5186   0.0234   0.0314   0.0632   0.1379   0.1207    0.252   0.1555   0.0486   0.0684   0.0816   0.5928    0.149   0.0496   0.1586   0.3013   0.0112   0.0698   0.0552   0.1825   0.2823   0.1101   0.0744   0.1308   0.0285   0.1583   0.1395   0.0836   0.0138   0.0067   0.1999   0.1608   0.0981   0.0016   0.6388   0.1653   0.0092   0.1006   0.0259   0.8443   0.0273    0.018    0.094   0.1688   0.0345   0.1347   0.1519   0.0569   0.2331   0.2292   0.1421   0.0058   0.3247    0.021   0.2615   0.0499     0.09   0.3409   0.0305   0.0055   0.4849   0.0099   0.5495    0.191   0.3404   0.0379   0.1827   0.2058   0.1274   0.4127   0.0919   0.2542   0.1528    0.225   0.2567    0.003   0.6724   0.3151   0.2413   0.1398   0.0761   0.0229   0.3314   0.3174   0.0325   0.1134   0.0992   0.0513   0.5345   0.0495    0.207   0.4237   0.1303   0.0132   0.1266   0.0943   0.0988   0.0026   0.1008   0.3806   0.2465   0.0315   0.0512   0.1485   0.1299   0.1751   0.1443   0.1197   0.3013   0.0577   0.0138   0.1741   0.2154    0.014   0.1358   0.0786   0.0924    0.175   0.0413   0.2186   0.2399   0.2602   0.0775   0.2996   0.1067   0.0236   0.2114   0.0659   0.0182   0.1255   0.1226
  snr   -17.07
    H     5.37
 exon    False

M: qpsk
 freq      0.0   0.0016   0.0032   0.0048   0.0064    0.008   0.0096   0.0113   0.0129   0.0145   0.0161   0.0177   0.0193   0.0209   0.0225   0.0241   0.0257   0.0273   0.0289   0.0305   0.0322   0.0338   0.0354    0.037   0.0386   0.0402   0.0418   0.0434    0.045   0.0466   0.0482   0.0498   0.0514   0.0531   0.0547   0.0563   0.0579   0.0595   0.0611   0.0627   0.0643   0.0659   0.0675   0.0691   0.0707   0.0723    0.074   0.0756   0.0772   0.0788   0.0804    0.082   0.0836   0.0852   0.0868   0.0884     0.09   0.0916   0.0932   0.0949   0.0965   0.0981   0.0997   0.1013   0.1029   0.1045   0.1061   0.1077   0.1093   0.1109   0.1125   0.1141   0.1158   0.1174    0.119   0.1206   0.1222   0.1238   0.1254    0.127   0.1286   0.1302   0.1318   0.1334    0.135   0.1367   0.1383   0.1399   0.1415   0.1431   0.1447   0.1463   0.1479   0.1495   0.1511   0.1527   0.1543   0.1559   0.1576   0.1592   0.1608   0.1624    0.164   0.1656   0.1672   0.1688   0.1704    0.172   0.1736   0.1752   0.1768   0.1785   0.1801   0.1817   0.1833   0.1849   0.1865   0.1881   0.1897   0.1913   0.1929   0.1945   0.1961   0.1977   0.1994    0.201   0.2026   0.2042   0.2058   0.2074    0.209   0.2106   0.2122   0.2138   0.2154    0.217   0.2186   0.2203   0.2219   0.2235   0.2251   0.2267   0.2283   0.2299   0.2315   0.2331   0.2347   0.2363   0.2379   0.2395   0.2412   0.2428   0.2444    0.246   0.2476   0.2492   0.2508   0.2524    0.254   0.2556   0.2572   0.2588   0.2605   0.2621   0.2637   0.2653   0.2669   0.2685   0.2701   0.2717   0.2733   0.2749   0.2765   0.2781   0.2797   0.2814    0.283   0.2846   0.2862   0.2878   0.2894    0.291   0.2926   0.2942   0.2958   0.2974    0.299   0.3006   0.3023   0.3039   0.3055   0.3071   0.3087   0.3103   0.3119   0.3135   0.3151   0.3167   0.3183   0.3199   0.3215   0.3232   0.3248   0.3264    0.328   0.3296   0.3312   0.3328   0.3344    0.336   0.3376   0.3392   0.3408   0.3424   0.3441   0.3457   0.3473   0.3489   0.3505   0.3521   0.3537   0.3553   0.3569   0.3585   0.3601   0.3617   0.3633    0.365   0.3666   0.3682   0.3698   0.3714    0.373   0.3746   0.3762   0.3778   0.3794    0.381   0.3826   0.3842   0.3859   0.3875   0.3891   0.3907   0.3923   0.3939   0.3955   0.3971   0.3987   0.4003   0.4019   0.4035   0.4051   0.4068   0.4084     0.41   0.4116   0.4132   0.4148   0.4164    0.418   0.4196   0.4212   0.4228   0.4244    0.426   0.4277   0.4293   0.4309   0.4325   0.4341   0.4357   0.4373   0.4389   0.4405   0.4421   0.4437   0.4453   0.4469   0.4486   0.4502   0.4518   0.4534    0.455   0.4566   0.4582   0.4598   0.4614    0.463   0.4646   0.4662   0.4678   0.4695   0.4711   0.4727   0.4743   0.4759   0.4775   0.4791   0.4807   0.4823   0.4839   0.4855   0.4871   0.4887   0.4904    0.492   0.4936   0.4952   0.4968   0.4984
    S      0.0   0.1054    0.359    0.189   0.2483   0.5137   0.5343   0.5199   0.2838   0.8658    0.636   0.5134   0.2148   0.4493   0.3707   0.6111   0.1192   0.2007   0.2602   0.1847   0.5275   0.3322   0.2501   0.2151   0.0663   0.7289   0.3121   0.3793   0.0739   0.4332   0.1695   0.6028   0.2566   0.1793   0.7236   0.2691   0.2898   0.2139   0.2399   0.1864   0.4908   0.1227   0.1149   0.4754   0.1482    0.075   0.5833   0.8788   0.1552   0.1096   0.0668   0.1165   0.1263   0.3104    0.146   0.3901   0.2724   0.2712   0.2418   0.2343   0.0911    0.435   0.2846   0.1075   0.4148   0.1692   0.3108   0.2688   0.1718   0.3084    0.482   0.2796   0.3182    0.043   0.1111   0.3892    0.087    0.058   0.3922   0.1484   0.3414   0.1084   0.0196   0.0341   0.5629   0.0221   0.2915   0.3174   0.1276   0.2337   0.0591    0.099   0.2331   0.0804    0.156   0.4534   0.1637   0.6271   0.2043   0.2574   0.1121   0.3195    0.399   0.2078   0.2382   0.1273   0.1314   0.1464   0.2664   0.1356   0.2546   0.3235    0.464   0.1146   0.0432   0.1366   0.1425    0.071   0.1145   0.3977   0.0747    0.183    0.347   0.4297   0.1754   0.3501   0.2833   0.1079   0.7195   0.4646   0.2076   0.4357   0.2948   0.0906   0.4209   0.1019   0.1654   0.2128   0.0727   0.1107   0.1462    0.034   0.2014   0.5568   0.0873   0.5049   0.0562   0.1233   0.0688    0.525   0.3285   0.4179   0.2506   0.3866   0.2308   0.2467   0.3079    0.106   0.4774    0.394   0.3362   0.0158   0.0641   0.2786   0.2365   0.1086   0.1787    0.443   0.3111   0.3094   0.2166   0.6016   0.0665   0.4844   0.1991   0.0613   0.5639   0.0251   0.2807   0.4242   0.3167   0.0969   0.2173    0.178   0.2321    0.056   0.5379   0.2021   0.2518   0.2407   0.3676   0.4027   0.2533   0.0844   0.1119   0.2045   0.0896   0.3051   0.0589   0.1058   0.4901   0.2116   0.2162   0.0901   0.0724   0.3639   0.2334   0.1934   0.2569   0.2406    0.458   0.1357   0.0823   0.0552   0.1899    0.415   0.0406    0.135   0.0216   0.7071   0.3932   0.1351   0.3883   0.2036   0.0615   0.1397   0.3801   0.0468   0.1622   0.2103   0.1638    0.183   0.2578   0.1799   0.3981   0.3442   0.6389   0.1851   0.1567   0.0475   0.5882   0.0268   0.3683   0.2594   0.2703    0.157   0.4017    0.128   0.1363   0.4687    0.725   0.1143   0.1228   0.3059   0.3001   0.5246   0.4279   0.3541   0.1539   0.1407   0.1726   0.0934   0.1897    0.389    0.304   0.6124   0.1581    0.289   0.3661   0.0942   0.0703      1.0   0.2822   0.1422   0.0531   0.0748   0.0487   0.0847    0.119   0.2623    0.263   0.1781   0.1631   0.1842   0.0589   0.3006   0.1773    0.274   0.1749   0.2054   0.0803   0.1519   0.0648   0.0498   0.3978   0.3556   0.1579   0.4679   0.0694   0.6049   0.5933   0.1715   0.1759   0.8291   0.2443   0.2708    0.057   0.4086   0.0644   0.3041   0.1323
  snr   -18.99
    H     5.52
 exon    False

M: mem
 freq      0.0   0.0016   0.0032   0.0048   0.0064    0.008   0.0096   0.0113   0.0129   0.0145   0.0161   0.0177   0.0193   0.0209   0.0225   0.0241   0.0257   0.0273   0.0289   0.0305   0.0322   0.0338   0.0354    0.037   0.0386   0.0402   0.0418   0.0434    0.045   0.0466   0.0482   0.0498   0.0514   0.0531   0.0547   0.0563   0.0579   0.0595   0.0611   0.0627   0.0643   0.0659   0.0675   0.0691   0.0707   0.0723    0.074   0.0756   0.0772   0.0788   0.0804    0.082   0.0836   0.0852   0.0868   0.0884     0.09   0.0916   0.0932   0.0949   0.0965   0.0981   0.0997   0.1013   0.1029   0.1045   0.1061   0.1077   0.1093   0.1109   0.1125   0.1141   0.1158   0.1174    0.119   0.1206   0.1222   0.1238   0.1254    0.127   0.1286   0.1302   0.1318   0.1334    0.135   0.1367   0.1383   0.1399   0.1415   0.1431   0.1447   0.1463   0.1479   0.1495   0.1511   0.1527   0.1543   0.1559   0.1576   0.1592   0.1608   0.1624    0.164   0.1656   0.1672   0.1688   0.1704    0.172   0.1736   0.1752   0.1768   0.1785   0.1801   0.1817   0.1833   0.1849   0.1865   0.1881   0.1897   0.1913   0.1929   0.1945   0.1961   0.1977   0.1994    0.201   0.2026   0.2042   0.2058   0.2074    0.209   0.2106   0.2122   0.2138   0.2154    0.217   0.2186   0.2203   0.2219   0.2235   0.2251   0.2267   0.2283   0.2299   0.2315   0.2331   0.2347   0.2363   0.2379   0.2395   0.2412   0.2428   0.2444    0.246   0.2476   0.2492   0.2508   0.2524    0.254   0.2556   0.2572   0.2588   0.2605   0.2621   0.2637   0.2653   0.2669   0.2685   0.2701   0.2717   0.2733   0.2749   0.2765   0.2781   0.2797   0.2814    0.283   0.2846   0.2862   0.2878   0.2894    0.291   0.2926   0.2942   0.2958   0.2974    0.299   0.3006   0.3023   0.3039   0.3055   0.3071   0.3087   0.3103   0.3119   0.3135   0.3151   0.3167   0.3183   0.3199   0.3215   0.3232   0.3248   0.3264    0.328   0.3296   0.3312   0.3328   0.3344    0.336   0.3376   0.3392   0.3408   0.3424   0.3441   0.3457   0.3473   0.3489   0.3505   0.3521   0.3537   0.3553   0.3569   0.3585   0.3601   0.3617   0.3633    0.365   0.3666   0.3682   0.3698   0.3714    0.373   0.3746   0.3762   0.3778   0.3794    0.381   0.3826   0.3842   0.3859   0.3875   0.3891   0.3907   0.3923   0.3939   0.3955   0.3971   0.3987   0.4003   0.4019   0.4035   0.4051   0.4068   0.4084     0.41   0.4116   0.4132   0.4148   0.4164    0.418   0.4196   0.4212   0.4228   0.4244    0.426   0.4277   0.4293   0.4309   0.4325   0.4341   0.4357   0.4373   0.4389   0.4405   0.4421   0.4437   0.4453   0.4469   0.4486   0.4502   0.4518   0.4534    0.455   0.4566   0.4582   0.4598   0.4614    0.463   0.4646   0.4662   0.4678   0.4695   0.4711   0.4727   0.4743   0.4759   0.4775   0.4791   0.4807   0.4823   0.4839   0.4855   0.4871   0.4887   0.4904    0.492   0.4936   0.4952   0.4968   0.4984
    S      0.0   0.0044   0.1209   0.0435   0.1609   0.0447    0.457   0.6044   0.0826      1.0   0.8077   0.4921   0.1775   0.4543   0.4791   0.6411   0.0603   0.0755   0.2423   0.0309    0.404   0.3077   0.2908   0.1668   0.0016   0.2295    0.181   0.3893   0.0314   0.0312   0.1722   0.2675   0.1602   0.1868   0.8195    0.355   0.2092   0.1434   0.0764   0.2066   0.4777   0.1697   0.0268    0.431   0.1933    0.056   0.5787   0.8818   0.0524   0.0509   0.0509   0.1228   0.1095   0.3757   0.0068   0.2482   0.1147   0.2629   0.1235   0.0608   0.1013   0.4934    0.001   0.1479   0.2586   0.0572   0.0312   0.1404   0.1435   0.3295   0.1911   0.1832   0.1677   0.0448   0.0392   0.0132   0.0332   0.0061   0.3354   0.1566   0.2056   0.0596   0.0286   0.0071   0.1116   0.0105   0.3731   0.0864   0.0372   0.1789   0.0192   0.0775   0.2248   0.0556   0.0174   0.3257   0.0986   0.7226   0.2642   0.0503   0.1484   0.2756   0.0922    0.207   0.3082   0.0373    0.054   0.0197   0.1388   0.0139   0.2034    0.225    0.151   0.0072   0.0276   0.1565    0.001   0.0304   0.1012   0.4701   0.0515   0.0397   0.0125   0.4453   0.1019   0.2844   0.0298   0.0124   0.6839   0.3288   0.1741   0.4988   0.2126   0.0851   0.4844   0.1048   0.0575   0.1818    0.031   0.0805   0.1293   0.0278   0.1518   0.7079   0.1135   0.0855   0.0612   0.1123   0.0231   0.3731   0.1059   0.1013   0.0503   0.3312   0.0173   0.0894    0.337   0.0175   0.4723   0.1238   0.1061   0.0044   0.0438   0.2072   0.2665   0.0291   0.2263   0.0055   0.1152   0.0893   0.2497   0.0168   0.0691   0.0363   0.0206   0.0167    0.226    0.016   0.1679   0.3813   0.1832   0.0941   0.2604   0.1879   0.0104   0.0706   0.6109   0.2526   0.3197   0.0753    0.044   0.0251   0.0904   0.0596   0.0106   0.1296   0.0581   0.2496     0.04   0.0619   0.5001   0.0851   0.0553   0.0603   0.0566   0.3704   0.3056   0.0779   0.1496   0.1444   0.4482    0.183   0.0311    0.007   0.0892   0.1068   0.0152   0.1566     0.03   0.7423   0.4635   0.1122   0.4286   0.1072   0.0369   0.1954   0.0982   0.0154   0.1729   0.0506   0.0861   0.0394   0.0315   0.0285   0.4847   0.4246    0.502   0.0473   0.0585   0.0485   0.0461   0.0152   0.0212   0.1788   0.0738   0.0578    0.131   0.1434   0.1845   0.4483   0.3421   0.0561   0.0609   0.0184   0.0733   0.2559   0.2984    0.193   0.0403   0.0521   0.1743   0.0338   0.2165    0.114   0.3144   0.7407   0.0104   0.2841   0.0922   0.0466   0.0399   0.0174    0.065   0.0682    0.084   0.0171    0.026   0.0685   0.1572   0.0734   0.2594   0.1057   0.1119   0.0228    0.044   0.4132   0.0325   0.2852   0.2041   0.1259   0.0182   0.1774   0.0334   0.0073   0.4782   0.3846   0.1146   0.1225   0.0619   0.7642   0.1975    0.008   0.1223   0.9469   0.2803   0.2225   0.0617   0.3953   0.0251   0.0359   0.0105
  snr   -17.28
    H     5.27
 exon    False

M: alg1
 freq      0.0   0.0016   0.0032   0.0048   0.0064    0.008   0.0096   0.0113   0.0129   0.0145   0.0161   0.0177   0.0193   0.0209   0.0225   0.0241   0.0257   0.0273   0.0289   0.0305   0.0322   0.0338   0.0354    0.037   0.0386   0.0402   0.0418   0.0434    0.045   0.0466   0.0482   0.0498   0.0514   0.0531   0.0547   0.0563   0.0579   0.0595   0.0611   0.0627   0.0643   0.0659   0.0675   0.0691   0.0707   0.0723    0.074   0.0756   0.0772   0.0788   0.0804    0.082   0.0836   0.0852   0.0868   0.0884     0.09   0.0916   0.0932   0.0949   0.0965   0.0981   0.0997   0.1013   0.1029   0.1045   0.1061   0.1077   0.1093   0.1109   0.1125   0.1141   0.1158   0.1174    0.119   0.1206   0.1222   0.1238   0.1254    0.127   0.1286   0.1302   0.1318   0.1334    0.135   0.1367   0.1383   0.1399   0.1415   0.1431   0.1447   0.1463   0.1479   0.1495   0.1511   0.1527   0.1543   0.1559   0.1576   0.1592   0.1608   0.1624    0.164   0.1656   0.1672   0.1688   0.1704    0.172   0.1736   0.1752   0.1768   0.1785   0.1801   0.1817   0.1833   0.1849   0.1865   0.1881   0.1897   0.1913   0.1929   0.1945   0.1961   0.1977   0.1994    0.201   0.2026   0.2042   0.2058   0.2074    0.209   0.2106   0.2122   0.2138   0.2154    0.217   0.2186   0.2203   0.2219   0.2235   0.2251   0.2267   0.2283   0.2299   0.2315   0.2331   0.2347   0.2363   0.2379   0.2395   0.2412   0.2428   0.2444    0.246   0.2476   0.2492   0.2508   0.2524    0.254   0.2556   0.2572   0.2588   0.2605   0.2621   0.2637   0.2653   0.2669   0.2685   0.2701   0.2717   0.2733   0.2749   0.2765   0.2781   0.2797   0.2814    0.283   0.2846   0.2862   0.2878   0.2894    0.291   0.2926   0.2942   0.2958   0.2974    0.299   0.3006   0.3023   0.3039   0.3055   0.3071   0.3087   0.3103   0.3119   0.3135   0.3151   0.3167   0.3183   0.3199   0.3215   0.3232   0.3248   0.3264    0.328   0.3296   0.3312   0.3328   0.3344    0.336   0.3376   0.3392   0.3408   0.3424   0.3441   0.3457   0.3473   0.3489   0.3505   0.3521   0.3537   0.3553   0.3569   0.3585   0.3601   0.3617   0.3633    0.365   0.3666   0.3682   0.3698   0.3714    0.373   0.3746   0.3762   0.3778   0.3794    0.381   0.3826   0.3842   0.3859   0.3875   0.3891   0.3907   0.3923   0.3939   0.3955   0.3971   0.3987   0.4003   0.4019   0.4035   0.4051   0.4068   0.4084     0.41   0.4116   0.4132   0.4148   0.4164    0.418   0.4196   0.4212   0.4228   0.4244    0.426   0.4277   0.4293   0.4309   0.4325   0.4341   0.4357   0.4373   0.4389   0.4405   0.4421   0.4437   0.4453   0.4469   0.4486   0.4502   0.4518   0.4534    0.455   0.4566   0.4582   0.4598   0.4614    0.463   0.4646   0.4662   0.4678   0.4695   0.4711   0.4727   0.4743   0.4759   0.4775   0.4791   0.4807   0.4823   0.4839   0.4855   0.4871   0.4887   0.4904    0.492   0.4936   0.4952   0.4968   0.4984
    S      0.0   0.0614   0.2931   0.1361   0.1421   0.3817   0.2171   0.1813   0.3336   0.6825   0.3378   0.2759    0.027   0.1337   0.2683   0.1507   0.1859   0.0978   0.0911   0.0568   0.1241   0.1303   0.2529   0.2906   0.0574      0.3   0.2177   0.2315   0.0391   0.5492   0.0285   0.1006   0.2853    0.041   0.3249   0.0704   0.2344    0.258   0.1233   0.1664   0.2755   0.0243    0.052   0.4196   0.0098   0.0775   0.1728     0.48   0.0619   0.3521   0.1124   0.1335   0.0292   0.0994   0.1539   0.2052   0.0989   0.2213   0.1945   0.2792   0.0331   0.3911   0.1297   0.0265      1.0     0.06   0.6389   0.3849   0.1965   0.1731   0.3577    0.128   0.1105   0.0927   0.0338   0.1603   0.0859   0.1682   0.0844   0.1648   0.0908   0.1243    0.001   0.0466   0.1244   0.1743    0.071   0.3469    0.265    0.162    0.254   0.0362   0.2012    0.047   0.1182   0.0404   0.2815   0.2448   0.1406     0.36   0.1447   0.2174   0.4254   0.2989   0.1023   0.0776   0.2362   0.1179   0.1458   0.1105   0.3191   0.3941   0.4331   0.0526   0.0283   0.2441   0.1352   0.2559   0.0643   0.0771   0.0268   0.2358   0.2186   0.7183    0.117   0.0264   0.4507   0.1426   0.2586   0.2441   0.0688   0.4003   0.1224   0.1306   0.5681    0.088   0.0701   0.4305    0.012   0.1492   0.1429   0.0822   0.1041    0.373   0.0178   0.3935   0.0183   0.2418   0.0398   0.4376   0.2271   0.1985   0.4599   0.5368   0.0816   0.0793   0.1563   0.2345    0.301    0.187    0.145    0.022   0.0904    0.305   0.2513   0.0989   0.0796    0.235   0.1572   0.2537   0.0998   0.2145   0.1918   0.2776   0.2494   0.1071   0.1303   0.3101    0.598   0.4848   0.1405   0.0826   0.2074   0.0827   0.1695   0.0101   0.2555   0.0773   0.1368   0.1024   0.2126   0.3976   0.3296   0.2216   0.0857   0.0469   0.0637   0.1586   0.1214   0.0313   0.5045   0.3099   0.1768   0.1555   0.0436   0.2983   0.0863   0.2906   0.2097   0.2056    0.294   0.0121   0.1097   0.0707   0.1799   0.1223   0.0279   0.0544   0.0009   0.2325   0.3135   0.0645   0.3375   0.0777   0.0335   0.0765   0.2035   0.0295   0.0703   0.2694   0.1197   0.0783   0.1072   0.2444   0.2264   0.2517   0.2273   0.2129   0.0559   0.0475   0.3128   0.0929   0.2615   0.0643   0.2775     0.13   0.1323   0.1715   0.0216   0.1159   0.3699   0.0545   0.0162   0.0962   0.0795   0.3772   0.2673   0.4374   0.4449   0.0384   0.0757   0.1559   0.0542   0.1863   0.4044   0.4924   0.1152    0.563   0.2359   0.2689   0.0597    0.382   0.2371   0.0664   0.0303    0.081   0.0148    0.083   0.0334   0.3857   0.1922   0.2417   0.1284   0.2587   0.4188   0.0613   0.3011   0.1147   0.0099   0.0996   0.0485   0.0368   0.0575   0.0171    0.315   0.2484   0.2102   0.2388   0.0199   0.3243   0.4878   0.2058   0.0839   0.3779   0.0952   0.1342   0.0831   0.3174   0.0612   0.2237   0.1593
  snr    -17.6
    H     5.46
 exon    False

M: alg2
 freq      0.0   0.0016   0.0032   0.0048   0.0064    0.008   0.0096   0.0113   0.0129   0.0145   0.0161   0.0177   0.0193   0.0209   0.0225   0.0241   0.0257   0.0273   0.0289   0.0305   0.0322   0.0338   0.0354    0.037   0.0386   0.0402   0.0418   0.0434    0.045   0.0466   0.0482   0.0498   0.0514   0.0531   0.0547   0.0563   0.0579   0.0595   0.0611   0.0627   0.0643   0.0659   0.0675   0.0691   0.0707   0.0723    0.074   0.0756   0.0772   0.0788   0.0804    0.082   0.0836   0.0852   0.0868   0.0884     0.09   0.0916   0.0932   0.0949   0.0965   0.0981   0.0997   0.1013   0.1029   0.1045   0.1061   0.1077   0.1093   0.1109   0.1125   0.1141   0.1158   0.1174    0.119   0.1206   0.1222   0.1238   0.1254    0.127   0.1286   0.1302   0.1318   0.1334    0.135   0.1367   0.1383   0.1399   0.1415   0.1431   0.1447   0.1463   0.1479   0.1495   0.1511   0.1527   0.1543   0.1559   0.1576   0.1592   0.1608   0.1624    0.164   0.1656   0.1672   0.1688   0.1704    0.172   0.1736   0.1752   0.1768   0.1785   0.1801   0.1817   0.1833   0.1849   0.1865   0.1881   0.1897   0.1913   0.1929   0.1945   0.1961   0.1977   0.1994    0.201   0.2026   0.2042   0.2058   0.2074    0.209   0.2106   0.2122   0.2138   0.2154    0.217   0.2186   0.2203   0.2219   0.2235   0.2251   0.2267   0.2283   0.2299   0.2315   0.2331   0.2347   0.2363   0.2379   0.2395   0.2412   0.2428   0.2444    0.246   0.2476   0.2492   0.2508   0.2524    0.254   0.2556   0.2572   0.2588   0.2605   0.2621   0.2637   0.2653   0.2669   0.2685   0.2701   0.2717   0.2733   0.2749   0.2765   0.2781   0.2797   0.2814    0.283   0.2846   0.2862   0.2878   0.2894    0.291   0.2926   0.2942   0.2958   0.2974    0.299   0.3006   0.3023   0.3039   0.3055   0.3071   0.3087   0.3103   0.3119   0.3135   0.3151   0.3167   0.3183   0.3199   0.3215   0.3232   0.3248   0.3264    0.328   0.3296   0.3312   0.3328   0.3344    0.336   0.3376   0.3392   0.3408   0.3424   0.3441   0.3457   0.3473   0.3489   0.3505   0.3521   0.3537   0.3553   0.3569   0.3585   0.3601   0.3617   0.3633    0.365   0.3666   0.3682   0.3698   0.3714    0.373   0.3746   0.3762   0.3778   0.3794    0.381   0.3826   0.3842   0.3859   0.3875   0.3891   0.3907   0.3923   0.3939   0.3955   0.3971   0.3987   0.4003   0.4019   0.4035   0.4051   0.4068   0.4084     0.41   0.4116   0.4132   0.4148   0.4164    0.418   0.4196   0.4212   0.4228   0.4244    0.426   0.4277   0.4293   0.4309   0.4325   0.4341   0.4357   0.4373   0.4389   0.4405   0.4421   0.4437   0.4453   0.4469   0.4486   0.4502   0.4518   0.4534    0.455   0.4566   0.4582   0.4598   0.4614    0.463   0.4646   0.4662   0.4678   0.4695   0.4711   0.4727   0.4743   0.4759   0.4775   0.4791   0.4807   0.4823   0.4839   0.4855   0.4871   0.4887   0.4904    0.492   0.4936   0.4952   0.4968   0.4984
    S      0.0   0.1001   0.2748   0.1347   0.1592   0.4508   0.2076   0.0679   0.1568   0.0489   0.0211    0.109    0.084   0.1519   0.0121    0.139   0.1642    0.174   0.0831   0.1835   0.2793   0.1263   0.0654   0.0397   0.0849   0.5413   0.2469   0.0975   0.0419   0.2899   0.0645    0.372   0.0879   0.0384   0.1361   0.0113   0.1559   0.0741   0.1823    0.015   0.1012   0.0056    0.098   0.1006   0.0159   0.0192   0.1648   0.1948   0.1364   0.0766    0.012   0.0069   0.0475   0.0307   0.1336   0.1721   0.1955   0.0456    0.113   0.1131   0.0147   0.0381   0.3471   0.0036   0.0536   0.1406   0.1836   0.1014   0.0699   0.0633   0.3509     0.13   0.2089    0.036   0.0692    0.361   0.0534     0.09   0.1558   0.0124   0.1983    0.039   0.0008   0.0508   0.4701   0.0139   0.0222   0.3076   0.0471   0.1392   0.0683    0.044   0.0798   0.0477   0.1044   0.2094   0.1426   0.0891   0.0326   0.1768   0.0063   0.1286   0.2354   0.0773   0.0268   0.1365   0.0435   0.1157   0.1424    0.117   0.1593   0.0999    0.285   0.1129   0.0293   0.0114   0.1201    0.062   0.0313   0.0908   0.0505   0.0951   0.3034   0.0235     0.16    0.142   0.1677   0.1792   0.3098   0.1954   0.0917   0.0237   0.1529   0.0481   0.0295   0.0552   0.1446   0.0295   0.0453   0.0796   0.0587   0.0075    0.099   0.0205   0.0287   0.3128   0.0093   0.0824   0.0535   0.1952   0.2419    0.307   0.2274   0.0562   0.2085   0.2192   0.0589   0.0518   0.1404   0.2729   0.3146   0.0071   0.0539   0.0718   0.0112   0.1243   0.0101   0.3908   0.2202   0.1907   0.0388   0.5914   0.0034   0.4284   0.1221   0.0313   0.4084   0.0025   0.0689   0.0633   0.1846   0.0377   0.0079   0.0425   0.1949    0.011   0.0642   0.0155   0.0067   0.2062   0.3299   0.2714   0.1134   0.0117   0.0771   0.0984   0.0554   0.1155   0.0717   0.0526   0.0831   0.0845   0.1849   0.0168   0.0281   0.1016   0.0158   0.0841    0.116   0.1204   0.0893   0.0071   0.0337   0.0749   0.0756   0.3814   0.0457   0.0152   0.0013   0.1264   0.0225   0.0602    0.028   0.1397   0.0307   0.0101    0.335   0.0447   0.0242   0.1218   0.1202   0.1802   0.1984   0.2279    0.022   0.0119   0.3833   0.1133   0.1441   0.0057   0.4987   0.0263   0.2689   0.1287    0.143   0.0994   0.3334   0.0057   0.0061   0.1316   0.4835   0.0637   0.0722   0.2814   0.2359   0.3741   0.1735   0.1195   0.0395   0.1013   0.0479   0.0728   0.0272   0.2861   0.0143   0.0447   0.1447   0.0618   0.2774   0.0639   0.0376      1.0   0.1833   0.1099   0.0067    0.074    0.024    0.025   0.0238   0.1509   0.0573    0.065   0.0784   0.1264   0.0143   0.0188   0.1108    0.069   0.0292   0.1336    0.064   0.0196   0.0258   0.0517   0.0294   0.0503   0.0392   0.3543   0.0289    0.044   0.3603   0.1491   0.0833   0.1551   0.0382   0.1378   0.0178   0.0923   0.0419   0.2548   0.0905
  snr   -15.61
    H     5.33
 exon    False