>data-XVI-cerevisiae-intergenic-297
N: 431
Methods: voss, eiip, qpsk, mem, alg1, alg2

M: voss
 freq      0.0   0.0023   0.0046    0.007   0.0093   0.0116   0.0139   0.0162   0.0186   0.0209   0.0232   0.0255   0.0278   0.0302   0.0325   0.0348   0.0371   0.0394   0.0418   0.0441   0.0464   0.0487    0.051   0.0534   0.0557    0.058   0.0603   0.0626    0.065   0.0673   0.0696   0.0719   0.0742   0.0766   0.0789   0.0812   0.0835   0.0858   0.0882   0.0905   0.0928   0.0951   0.0974   0.0998   0.1021   0.1044   0.1067    0.109   0.1114   0.1137    0.116   0.1183   0.1206    0.123   0.1253   0.1276   0.1299   0.1323   0.1346   0.1369   0.1392   0.1415   0.1439   0.1462   0.1485   0.1508   0.1531   0.1555   0.1578   0.1601   0.1624   0.1647   0.1671   0.1694   0.1717    0.174   0.1763   0.1787    0.181   0.1833   0.1856   0.1879   0.1903   0.1926   0.1949   0.1972   0.1995   0.2019   0.2042   0.2065   0.2088   0.2111   0.2135   0.2158   0.2181   0.2204   0.2227   0.2251   0.2274   0.2297    0.232   0.2343   0.2367    0.239   0.2413   0.2436   0.2459   0.2483   0.2506   0.2529   0.2552   0.2575   0.2599   0.2622   0.2645   0.2668   0.2691   0.2715   0.2738   0.2761   0.2784   0.2807   0.2831   0.2854   0.2877     0.29   0.2923   0.2947    0.297   0.2993   0.3016   0.3039   0.3063   0.3086   0.3109   0.3132   0.3155   0.3179   0.3202   0.3225   0.3248   0.3271   0.3295   0.3318   0.3341   0.3364   0.3387   0.3411   0.3434   0.3457    0.348   0.3503   0.3527    0.355   0.3573   0.3596   0.3619   0.3643   0.3666   0.3689   0.3712   0.3735   0.3759   0.3782   0.3805   0.3828   0.3852   0.3875   0.3898   0.3921   0.3944   0.3968   0.3991   0.4014   0.4037    0.406   0.4084   0.4107    0.413   0.4153   0.4176     0.42   0.4223   0.4246   0.4269   0.4292   0.4316   0.4339   0.4362   0.4385   0.4408   0.4432   0.4455   0.4478   0.4501   0.4524   0.4548   0.4571   0.4594   0.4617    0.464   0.4664   0.4687    0.471   0.4733   0.4756    0.478   0.4803   0.4826   0.4849   0.4872   0.4896   0.4919   0.4942   0.4965   0.4988
    S      0.0   0.3161   0.1041    0.392   0.1969   0.4603      1.0    0.132    0.649   0.1459   0.3025   0.6756    0.519   0.3092   0.7296   0.2901   0.4363   0.2458   0.1926   0.2701   0.1308   0.3181   0.5715   0.1941   0.0584   0.1814   0.1738   0.1146    0.349    0.162   0.4501   0.1566   0.4248   0.0625   0.2207   0.1125   0.3213   0.3189   0.0462   0.0619   0.3161   0.2584   0.1706   0.1417   0.4557   0.2049   0.1946   0.2097   0.3188   0.3701   0.2428   0.1371   0.0899   0.2597   0.0873   0.1667    0.309   0.1033   0.1138   0.2086   0.2272   0.1549   0.2236   0.1944   0.1872   0.0869   0.3823   0.0185   0.6296   0.1234   0.2126   0.1674   0.0576   0.0422   0.4061   0.1952   0.6915   0.0228   0.1401   0.2685   0.4558   0.0868   0.1881   0.2919   0.4727   0.6296   0.2491   0.1545   0.1726   0.2402    0.359   0.1273   0.2183   0.5835   0.2812   0.3621   0.3993   0.1247   0.4588   0.2076   0.2002   0.1191   0.2431   0.0436   0.1748   0.3816    0.169   0.4439   0.3658   0.0964   0.2258      0.2   0.1301   0.0908   0.1446   0.0836   0.1244   0.1441   0.1587   0.2931   0.1993   0.1313   0.4343   0.2485   0.3208   0.2876   0.0956   0.1825   0.1473   0.2432   0.1317   0.1487   0.1557   0.2122   0.1803   0.3865   0.3973   0.2559   0.2914   0.1792   0.2518   0.1495    0.402   0.2227   0.2075   0.2932   0.3902   0.4154   0.0632   0.0978   0.2083   0.2694   0.2487   0.1773   0.1599   0.2759   0.2311   0.1788   0.2341   0.3075   0.2585   0.2233   0.2965   0.1172   0.5073   0.3322   0.2171   0.2174   0.1739   0.2897   0.1869   0.3063   0.1162   0.4526     0.37    0.391   0.2037    0.233    0.185    0.198   0.0736   0.3385   0.1356   0.6267   0.3702   0.2632   0.1511    0.273   0.3899   0.2586   0.1379   0.1818   0.1007   0.2812    0.182   0.1429   0.3185   0.2356    0.274   0.3438   0.3571   0.0827   0.4856    0.103   0.5793   0.0591   0.3105   0.1913   0.1187   0.1926   0.3734   0.8171   0.4706     0.65   0.3557    0.488
  snr   -17.39
    H     5.21
 exon    False

M: eiip
 freq      0.0   0.0023   0.0046    0.007   0.0093   0.0116   0.0139   0.0162   0.0186   0.0209   0.0232   0.0255   0.0278   0.0302   0.0325   0.0348   0.0371   0.0394   0.0418   0.0441   0.0464   0.0487    0.051   0.0534   0.0557    0.058   0.0603   0.0626    0.065   0.0673   0.0696   0.0719   0.0742   0.0766   0.0789   0.0812   0.0835   0.0858   0.0882   0.0905   0.0928   0.0951   0.0974   0.0998   0.1021   0.1044   0.1067    0.109   0.1114   0.1137    0.116   0.1183   0.1206    0.123   0.1253   0.1276   0.1299   0.1323   0.1346   0.1369   0.1392   0.1415   0.1439   0.1462   0.1485   0.1508   0.1531   0.1555   0.1578   0.1601   0.1624   0.1647   0.1671   0.1694   0.1717    0.174   0.1763   0.1787    0.181   0.1833   0.1856   0.1879   0.1903   0.1926   0.1949   0.1972   0.1995   0.2019   0.2042   0.2065   0.2088   0.2111   0.2135   0.2158   0.2181   0.2204   0.2227   0.2251   0.2274   0.2297    0.232   0.2343   0.2367    0.239   0.2413   0.2436   0.2459   0.2483   0.2506   0.2529   0.2552   0.2575   0.2599   0.2622   0.2645   0.2668   0.2691   0.2715   0.2738   0.2761   0.2784   0.2807   0.2831   0.2854   0.2877     0.29   0.2923   0.2947    0.297   0.2993   0.3016   0.3039   0.3063   0.3086   0.3109   0.3132   0.3155   0.3179   0.3202   0.3225   0.3248   0.3271   0.3295   0.3318   0.3341   0.3364   0.3387   0.3411   0.3434   0.3457    0.348   0.3503   0.3527    0.355   0.3573   0.3596   0.3619   0.3643   0.3666   0.3689   0.3712   0.3735   0.3759   0.3782   0.3805   0.3828   0.3852   0.3875   0.3898   0.3921   0.3944   0.3968   0.3991   0.4014   0.4037    0.406   0.4084   0.4107    0.413   0.4153   0.4176     0.42   0.4223   0.4246   0.4269   0.4292   0.4316   0.4339   0.4362   0.4385   0.4408   0.4432   0.4455   0.4478   0.4501   0.4524   0.4548   0.4571   0.4594   0.4617    0.464   0.4664   0.4687    0.471   0.4733   0.4756    0.478   0.4803   0.4826   0.4849   0.4872   0.4896   0.4919   0.4942   0.4965   0.4988
    S      0.0   0.0609   0.0969   0.0972   0.2519   0.3653   0.2451   0.0037   0.4664   0.2702    0.073   0.2156   0.1612   0.0495   0.0046   0.0815   0.0081   0.0033   0.1439   0.2139   0.2953   0.3266    0.139   0.0319   0.0402   0.0289   0.0554   0.0846   0.0383   0.0515   0.1162   0.0209   0.2451   0.1736    0.097   0.0078   0.2474   0.5554   0.1121   0.0957   0.2443   0.2886    0.019   0.1111   0.6144   0.1326   0.2472   0.1002   0.0674   0.9797   0.0201   0.0367   0.0655   0.5914    0.194   0.1226   0.5276   0.2342   0.1999   0.4323   0.5976   0.1369   0.0984   0.3954    0.468   0.0362   0.0884   0.0331   0.2785    0.014   0.1791   0.1281    0.076   0.0379   0.0823   0.2127   0.7241   0.0052   0.0892   0.0331   0.1805   0.1989    0.039   0.1383   0.0016   0.0008   0.0787   0.0491   0.1232   0.3317   0.2474   0.0973   0.0082   0.2926   0.0297   0.0209   0.0204   0.1584   0.0134   0.1012   0.0683   0.0254   0.1456   0.0111   0.1614   0.2142   0.0162      1.0   0.3584   0.0499   0.5982   0.0227   0.1866   0.0734   0.0563   0.1145   0.2792   0.1509   0.5545   0.2569   0.0197   0.0118   0.0576   0.0711   0.0687   0.0422   0.0737   0.2754   0.3926   0.1361   0.2936   0.2015   0.3078   0.0795   0.1535   0.0031    0.408   0.1629   0.1474   0.2092   0.1652   0.0033   0.0629   0.0423   0.5068   0.1321   0.0039   0.3178   0.2054   0.0679   0.4811   0.1838   0.0301   0.1666   0.3301   0.5046   0.5887   0.4216    0.132   0.1324   0.0334   0.2499   0.0791   0.2908   0.2988   0.1925   0.0311   0.2175    0.091   0.0585   0.4677   0.1692   0.1536   0.4048   0.0198    0.167   0.0152   0.1737   0.1643    0.626   0.0089   0.1252    0.044   0.0216   0.3291   0.0409   0.3908   0.1249   0.2914   0.1203   0.0793   0.1338   0.0549   0.8048   0.3292   0.0402   0.2756    0.189   0.0049   0.0859   0.5445   0.0964   0.1595   0.1673   0.2425   0.0078   0.2225   0.0442   0.1124   0.0381    0.393   0.1552   0.2165   0.3924   0.0369   0.2882
  snr   -15.81
    H     4.95
 exon    False

M: qpsk
 freq      0.0   0.0023   0.0046    0.007   0.0093   0.0116   0.0139   0.0162   0.0186   0.0209   0.0232   0.0255   0.0278   0.0302   0.0325   0.0348   0.0371   0.0394   0.0418   0.0441   0.0464   0.0487    0.051   0.0534   0.0557    0.058   0.0603   0.0626    0.065   0.0673   0.0696   0.0719   0.0742   0.0766   0.0789   0.0812   0.0835   0.0858   0.0882   0.0905   0.0928   0.0951   0.0974   0.0998   0.1021   0.1044   0.1067    0.109   0.1114   0.1137    0.116   0.1183   0.1206    0.123   0.1253   0.1276   0.1299   0.1323   0.1346   0.1369   0.1392   0.1415   0.1439   0.1462   0.1485   0.1508   0.1531   0.1555   0.1578   0.1601   0.1624   0.1647   0.1671   0.1694   0.1717    0.174   0.1763   0.1787    0.181   0.1833   0.1856   0.1879   0.1903   0.1926   0.1949   0.1972   0.1995   0.2019   0.2042   0.2065   0.2088   0.2111   0.2135   0.2158   0.2181   0.2204   0.2227   0.2251   0.2274   0.2297    0.232   0.2343   0.2367    0.239   0.2413   0.2436   0.2459   0.2483   0.2506   0.2529   0.2552   0.2575   0.2599   0.2622   0.2645   0.2668   0.2691   0.2715   0.2738   0.2761   0.2784   0.2807   0.2831   0.2854   0.2877     0.29   0.2923   0.2947    0.297   0.2993   0.3016   0.3039   0.3063   0.3086   0.3109   0.3132   0.3155   0.3179   0.3202   0.3225   0.3248   0.3271   0.3295   0.3318   0.3341   0.3364   0.3387   0.3411   0.3434   0.3457    0.348   0.3503   0.3527    0.355   0.3573   0.3596   0.3619   0.3643   0.3666   0.3689   0.3712   0.3735   0.3759   0.3782   0.3805   0.3828   0.3852   0.3875   0.3898   0.3921   0.3944   0.3968   0.3991   0.4014   0.4037    0.406   0.4084   0.4107    0.413   0.4153   0.4176     0.42   0.4223   0.4246   0.4269   0.4292   0.4316   0.4339   0.4362   0.4385   0.4408   0.4432   0.4455   0.4478   0.4501   0.4524   0.4548   0.4571   0.4594   0.4617    0.464   0.4664   0.4687    0.471   0.4733   0.4756    0.478   0.4803   0.4826   0.4849   0.4872   0.4896   0.4919   0.4942   0.4965   0.4988
    S      0.0   0.3772   0.0732   0.3732   0.2529   0.4545      1.0   0.0947   0.5868   0.1851   0.3089   0.6264   0.4344   0.3397   0.5989   0.3154   0.3032   0.2427   0.1979   0.2735   0.1129   0.1755   0.7106   0.1399   0.0682   0.0893   0.2368   0.1483   0.1751   0.0479   0.2812   0.1058   0.3793    0.081    0.232   0.0695   0.3493   0.4337   0.0402    0.064   0.3047   0.2743   0.1865   0.0636   0.3735   0.2236   0.2198   0.1603    0.357   0.3563   0.2372   0.1692   0.0293   0.2952   0.0763   0.2213   0.3527   0.0915   0.0517    0.153   0.2299   0.0752   0.1864   0.0583   0.1114   0.0668   0.2792   0.0244   0.2791   0.0436   0.2283   0.1133   0.0375   0.0441    0.381   0.2503   0.8792   0.0165   0.1597   0.1187    0.387   0.0679   0.0629   0.3686   0.2729   0.3473   0.1764   0.1255    0.183   0.2131   0.2658   0.1566   0.1298   0.3383   0.0915   0.1976   0.3367   0.1539   0.4491   0.2433   0.1137   0.1454   0.2181   0.0465   0.0855   0.1649   0.1126   0.2384   0.4913     0.04   0.2764   0.1337     0.13   0.0925   0.0785   0.0579   0.1249   0.0842   0.1758   0.3655   0.2471   0.1509   0.3077     0.28    0.382   0.3756   0.1024   0.1457    0.192    0.181   0.0949   0.1773   0.0923   0.1677   0.1921    0.303   0.2255   0.1699   0.2026   0.2439   0.1898   0.0995   0.5217   0.0526   0.1372   0.2701   0.1732   0.5681   0.0806   0.1189   0.2591   0.2225   0.1485    0.206   0.0723   0.3688   0.3031   0.1025   0.2961   0.3173   0.1253   0.2298   0.1702    0.149   0.6301   0.3793   0.2356   0.2391   0.2359   0.2994   0.2538   0.2088   0.1515   0.4292   0.3149   0.1759   0.1956   0.3015   0.1831   0.2614   0.0589   0.3139   0.1446   0.2634   0.3684   0.3501   0.0724   0.0943   0.4427   0.1863   0.1841   0.2291   0.0603   0.1979   0.1885   0.1456   0.0627   0.2493   0.3229   0.3999   0.4264   0.0628    0.217   0.1317   0.5654    0.047   0.0377   0.1609   0.1471   0.1571   0.4669   0.5688   0.2411   0.1908   0.3444   0.4594
  snr   -16.81
    H     5.17
 exon    False

M: mem
 freq      0.0   0.0023   0.0047    0.007   0.0093   0.0116    0.014   0.0163   0.0186   0.0209   0.0233   0.0256   0.0279   0.0302   0.0326   0.0349   0.0372   0.0395   0.0419   0.0442   0.0465   0.0488   0.0512   0.0535   0.0558   0.0581   0.0605   0.0628   0.0651   0.0674   0.0698   0.0721   0.0744   0.0767   0.0791   0.0814   0.0837    0.086   0.0884   0.0907    0.093   0.0953   0.0977      0.1   0.1023   0.1047    0.107   0.1093   0.1116    0.114   0.1163   0.1186   0.1209   0.1233   0.1256   0.1279   0.1302   0.1326   0.1349   0.1372   0.1395   0.1419   0.1442   0.1465   0.1488   0.1512   0.1535   0.1558   0.1581   0.1605   0.1628   0.1651   0.1674   0.1698   0.1721   0.1744   0.1767   0.1791   0.1814   0.1837    0.186   0.1884   0.1907    0.193   0.1953   0.1977      0.2   0.2023   0.2047    0.207   0.2093   0.2116    0.214   0.2163   0.2186   0.2209   0.2233   0.2256   0.2279   0.2302   0.2326   0.2349   0.2372   0.2395   0.2419   0.2442   0.2465   0.2488   0.2512   0.2535   0.2558   0.2581   0.2605   0.2628   0.2651   0.2674   0.2698   0.2721   0.2744   0.2767   0.2791   0.2814   0.2837    0.286   0.2884   0.2907    0.293   0.2953   0.2977      0.3   0.3023   0.3047    0.307   0.3093   0.3116    0.314   0.3163   0.3186   0.3209   0.3233   0.3256   0.3279   0.3302   0.3326   0.3349   0.3372   0.3395   0.3419   0.3442   0.3465   0.3488   0.3512   0.3535   0.3558   0.3581   0.3605   0.3628   0.3651   0.3674   0.3698   0.3721   0.3744   0.3767   0.3791   0.3814   0.3837    0.386   0.3884   0.3907    0.393   0.3953   0.3977      0.4   0.4023   0.4047    0.407   0.4093   0.4116    0.414   0.4163   0.4186   0.4209   0.4233   0.4256   0.4279   0.4302   0.4326   0.4349   0.4372   0.4395   0.4419   0.4442   0.4465   0.4488   0.4512   0.4535   0.4558   0.4581   0.4605   0.4628   0.4651   0.4674   0.4698   0.4721   0.4744   0.4767   0.4791   0.4814   0.4837    0.486   0.4884   0.4907    0.493   0.4953   0.4977
    S      0.0   0.2203   0.0422   0.4059   0.1261   0.3262      1.0   0.1607   0.4242   0.0227   0.2603   0.5332   0.3415   0.2919   0.8909   0.1997   0.3258   0.1413   0.0514   0.1723    0.051   0.3257   0.3727    0.111   0.0292   0.1441    0.053   0.0132   0.4218   0.0903   0.4749   0.0289   0.4548   0.0003   0.0052   0.0838   0.1511   0.0774   0.0018   0.0188    0.202   0.1723    0.093   0.2251   0.2901   0.1205   0.1233   0.0548   0.0236   0.0766    0.187   0.0802    0.087   0.0685   0.0147    0.025   0.0584   0.0332   0.0372   0.0218   0.0023   0.0261   0.1277      0.1   0.0614   0.0652   0.2982   0.0118   0.4542   0.1075   0.1676   0.1512   0.0041   0.0145   0.3926   0.1405   0.2908   0.0011   0.0623   0.3181   0.1549   0.0621    0.172   0.0817   0.5221   0.6689   0.1423   0.0972   0.0588   0.0671   0.2776   0.0737   0.0398   0.5234   0.3926   0.1136   0.4047    0.017   0.5209   0.3275   0.0845   0.0108   0.1792   0.0358   0.0079   0.3018   0.0558   0.3536   0.0036   0.0658   0.0306   0.1551    0.003   0.0861   0.0929   0.1179   0.0943   0.0602   0.0363   0.1553   0.1155   0.0437   0.3882   0.0035   0.0452   0.0206   0.0445    0.157   0.0832   0.1083   0.0237   0.0491   0.2486   0.1061   0.2028   0.5621    0.153   0.0823   0.1822   0.2678   0.1536   0.0224   0.3691   0.0837   0.0865   0.2945   0.6416   0.0159   0.0081   0.1243   0.0061   0.4949   0.0249    0.019   0.0846   0.1291   0.0322   0.0795   0.1086   0.1622   0.2327   0.3636   0.0109   0.0939   0.1589   0.0159   0.1058   0.2399   0.0011   0.0759   0.0485   0.2828   0.0429   0.5792     0.29   0.0642   0.4195    0.065   0.0651   0.0074   0.1088   0.1047   0.3592   0.1685   0.2873   0.0644   0.1551    0.108   0.0808   0.1113   0.0231   0.0069   0.0186   0.0145   0.1051   0.1397   0.1957   0.0743   0.0992   0.3487   0.0037   0.3414   0.0581   0.0021   0.8496   0.3352   0.0228   0.1263   0.2445   0.0453   0.0677   0.3113   0.7804   0.5557   0.8282
  snr   -15.49
    H     4.88
 exon    False

M: alg1
 freq      0.0   0.0023   0.0046    0.007   0.0093   0.0116   0.0139   0.0162   0.0186   0.0209   0.0232   0.0255   0.0278   0.0302   0.0325   0.0348   0.0371   0.0394   0.0418   0.0441   0.0464   0.0487    0.051   0.0534   0.0557    0.058   0.0603   0.0626    0.065   0.0673   0.0696   0.0719   0.0742   0.0766   0.0789   0.0812   0.0835   0.0858   0.0882   0.0905   0.0928   0.0951   0.0974   0.0998   0.1021   0.1044   0.1067    0.109   0.1114   0.1137    0.116   0.1183   0.1206    0.123   0.1253   0.1276   0.1299   0.1323   0.1346   0.1369   0.1392   0.1415   0.1439   0.1462   0.1485   0.1508   0.1531   0.1555   0.1578   0.1601   0.1624   0.1647   0.1671   0.1694   0.1717    0.174   0.1763   0.1787    0.181   0.1833   0.1856   0.1879   0.1903   0.1926   0.1949   0.1972   0.1995   0.2019   0.2042   0.2065   0.2088   0.2111   0.2135   0.2158   0.2181   0.2204   0.2227   0.2251   0.2274   0.2297    0.232   0.2343   0.2367    0.239   0.2413   0.2436   0.2459   0.2483   0.2506   0.2529   0.2552   0.2575   0.2599   0.2622   0.2645   0.2668   0.2691   0.2715   0.2738   0.2761   0.2784   0.2807   0.2831   0.2854   0.2877     0.29   0.2923   0.2947    0.297   0.2993   0.3016   0.3039   0.3063   0.3086   0.3109   0.3132   0.3155   0.3179   0.3202   0.3225   0.3248   0.3271   0.3295   0.3318   0.3341   0.3364   0.3387   0.3411   0.3434   0.3457    0.348   0.3503   0.3527    0.355   0.3573   0.3596   0.3619   0.3643   0.3666   0.3689   0.3712   0.3735   0.3759   0.3782   0.3805   0.3828   0.3852   0.3875   0.3898   0.3921   0.3944   0.3968   0.3991   0.4014   0.4037    0.406   0.4084   0.4107    0.413   0.4153   0.4176     0.42   0.4223   0.4246   0.4269   0.4292   0.4316   0.4339   0.4362   0.4385   0.4408   0.4432   0.4455   0.4478   0.4501   0.4524   0.4548   0.4571   0.4594   0.4617    0.464   0.4664   0.4687    0.471   0.4733   0.4756    0.478   0.4803   0.4826   0.4849   0.4872   0.4896   0.4919   0.4942   0.4965   0.4988
    S      0.0   0.1799    0.055   0.3292   0.1058   0.3977      1.0    0.161   0.5307   0.0119   0.2247   0.6392   0.4504   0.2269   0.7903   0.2514   0.4403    0.141   0.0918   0.2225   0.0641   0.3434   0.2943   0.1947   0.0332   0.1983   0.0198   0.0024   0.4621   0.1675   0.5342   0.0918   0.3734    0.011    0.025   0.0986   0.2251     0.07   0.0055   0.0222   0.1664   0.1983   0.0974   0.1612   0.3452   0.1038   0.1235   0.0781    0.089   0.1309   0.1951   0.0545   0.0849   0.0921    0.014   0.0195   0.0606   0.0548   0.0764   0.0498   0.0136   0.0759    0.121    0.177   0.1108   0.0502   0.4139   0.0073   0.5796   0.1725   0.1333   0.1639   0.0185   0.0266    0.297   0.0288    0.382   0.0215   0.0704   0.3469   0.3228   0.0393   0.2409   0.0755   0.5288   0.7682   0.2486   0.1224   0.1256   0.1072   0.3168   0.0243   0.1626    0.665   0.2652   0.4574   0.4329   0.0637   0.4389   0.1402   0.2151   0.0137   0.2249   0.0124   0.0828    0.336   0.1059   0.2876   0.0289   0.1211   0.0105   0.2447   0.0166   0.0773   0.1558   0.0611   0.0556    0.148   0.0121    0.163   0.0749   0.0183   0.5163   0.0403   0.0371   0.0319   0.0402   0.1202   0.0056   0.2036   0.0843   0.0862   0.1204   0.1778   0.1188   0.4555   0.4104   0.2892   0.2551   0.0594   0.2676    0.112   0.1768   0.3261   0.1278   0.2028   0.5067   0.1095   0.0014   0.0464   0.0685   0.2196    0.288   0.0798   0.1025   0.0206   0.0094   0.1072   0.0522   0.1189   0.3373   0.0996   0.3141    0.005   0.2225   0.0472   0.1701   0.1261   0.0428   0.0817   0.0078   0.3443   0.0139   0.3795    0.379   0.4283   0.1828   0.0847   0.1428   0.0046   0.0766   0.0448   0.0128   0.7367   0.2526   0.0614   0.1024   0.2181   0.2556   0.1168   0.0204   0.0065   0.0365   0.0556   0.0913   0.1044   0.3082   0.0791   0.1566   0.2659   0.0786   0.0716    0.528   0.0444   0.5828    0.044   0.4215   0.2011   0.0183   0.1939   0.2004   0.9603   0.4283   0.8754   0.3622   0.3201
  snr   -15.98
    H     4.95
 exon    False

M: alg2
 freq      0.0   0.0023   0.0046    0.007   0.0093   0.0116   0.0139   0.0162   0.0186   0.0209   0.0232   0.0255   0.0278   0.0302   0.0325   0.0348   0.0371   0.0394   0.0418   0.0441   0.0464   0.0487    0.051   0.0534   0.0557    0.058   0.0603   0.0626    0.065   0.0673   0.0696   0.0719   0.0742   0.0766   0.0789   0.0812   0.0835   0.0858   0.0882   0.0905   0.0928   0.0951   0.0974   0.0998   0.1021   0.1044   0.1067    0.109   0.1114   0.1137    0.116   0.1183   0.1206    0.123   0.1253   0.1276   0.1299   0.1323   0.1346   0.1369   0.1392   0.1415   0.1439   0.1462   0.1485   0.1508   0.1531   0.1555   0.1578   0.1601   0.1624   0.1647   0.1671   0.1694   0.1717    0.174   0.1763   0.1787    0.181   0.1833   0.1856   0.1879   0.1903   0.1926   0.1949   0.1972   0.1995   0.2019   0.2042   0.2065   0.2088   0.2111   0.2135   0.2158   0.2181   0.2204   0.2227   0.2251   0.2274   0.2297    0.232   0.2343   0.2367    0.239   0.2413   0.2436   0.2459   0.2483   0.2506   0.2529   0.2552   0.2575   0.2599   0.2622   0.2645   0.2668   0.2691   0.2715   0.2738   0.2761   0.2784   0.2807   0.2831   0.2854   0.2877     0.29   0.2923   0.2947    0.297   0.2993   0.3016   0.3039   0.3063   0.3086   0.3109   0.3132   0.3155   0.3179   0.3202   0.3225   0.3248   0.3271   0.3295   0.3318   0.3341   0.3364   0.3387   0.3411   0.3434   0.3457    0.348   0.3503   0.3527    0.355   0.3573   0.3596   0.3619   0.3643   0.3666   0.3689   0.3712   0.3735   0.3759   0.3782   0.3805   0.3828   0.3852   0.3875   0.3898   0.3921   0.3944   0.3968   0.3991   0.4014   0.4037    0.406   0.4084   0.4107    0.413   0.4153   0.4176     0.42   0.4223   0.4246   0.4269   0.4292   0.4316   0.4339   0.4362   0.4385   0.4408   0.4432   0.4455   0.4478   0.4501   0.4524   0.4548   0.4571   0.4594   0.4617    0.464   0.4664   0.4687    0.471   0.4733   0.4756    0.478   0.4803   0.4826   0.4849   0.4872   0.4896   0.4919   0.4942   0.4965   0.4988
    S      0.0   0.1913   0.0024   0.2015   0.2106   0.4018      1.0   0.0958   0.4097    0.021   0.1478   0.5556   0.3006   0.2149   0.5508   0.2824   0.2154   0.1142   0.0564   0.2055   0.0763    0.164   0.4032   0.1015    0.034   0.0565   0.0443   0.0337   0.1956    0.026   0.2764   0.0091   0.3213   0.0432   0.0164   0.0406    0.235   0.2167    0.014    0.012   0.0484   0.2316   0.1031   0.0381   0.1378   0.0509   0.1797   0.0539   0.0561   0.1223    0.138   0.0491   0.0088    0.188   0.0359   0.0218   0.0166    0.044   0.0145   0.0625   0.0788   0.0169   0.0924    0.011   0.0294   0.0066   0.2571    0.017   0.1641   0.0594   0.1014   0.0525   0.0137    0.024   0.1649   0.0313   0.7516   0.0103   0.0565   0.1267   0.1459   0.0151   0.0701   0.1421   0.2344   0.3541   0.1356   0.0757   0.1098   0.0438   0.2431   0.0143   0.0238   0.2531   0.0233   0.2289   0.3171   0.1286   0.3848   0.1804   0.0789   0.0288   0.1777   0.0164   0.0167   0.1159   0.0168    0.041   0.0284   0.0352   0.1698   0.1475   0.0251   0.0787   0.0714   0.0479   0.0816   0.0595   0.0362   0.2601   0.1142    0.013   0.3115   0.0175   0.0202   0.0545   0.0623   0.0196   0.1047   0.1548   0.0457   0.1158   0.0168   0.0801   0.1065   0.3099   0.1649   0.1696   0.0871   0.1887   0.1671   0.0284   0.2928   0.0954   0.0697   0.1044   0.1957   0.4012   0.0314   0.0573   0.1634   0.0918   0.1551   0.0722   0.0062   0.2053   0.1528   0.0051   0.0348   0.1442   0.1392   0.0473   0.1267   0.0251   0.2701   0.0846   0.1651   0.1269   0.1275   0.0124   0.0518   0.1882   0.0667   0.2993   0.2635    0.105   0.1344   0.2175   0.1146   0.0839   0.0553   0.0577   0.0344   0.2195    0.226   0.0893   0.0195   0.0112   0.3109   0.0029   0.0215    0.063   0.0074   0.0879   0.0772   0.0684   0.0448   0.0967   0.1795   0.3461   0.0495   0.0296   0.1718   0.1013   0.5656   0.0191   0.0701   0.1468   0.0056   0.1089   0.3304   0.5595   0.0846   0.2256   0.3332   0.2872
  snr   -14.35
    H     4.94
 exon    False