>data-XIV-cerevisiae-intergenic-111
N: 281
Methods: voss, eiip, qpsk, mem, tbpse, snrse

M: voss
 freq      0.0   0.0036   0.0071   0.0107   0.0142   0.0178   0.0214   0.0249   0.0285    0.032   0.0356   0.0391   0.0427   0.0463   0.0498   0.0534   0.0569   0.0605   0.0641   0.0676   0.0712   0.0747   0.0783   0.0819   0.0854    0.089   0.0925   0.0961   0.0996   0.1032   0.1068   0.1103   0.1139   0.1174    0.121   0.1246   0.1281   0.1317   0.1352   0.1388   0.1423   0.1459   0.1495    0.153   0.1566   0.1601   0.1637   0.1673   0.1708   0.1744   0.1779   0.1815   0.1851   0.1886   0.1922   0.1957   0.1993   0.2028   0.2064     0.21   0.2135   0.2171   0.2206   0.2242   0.2278   0.2313   0.2349   0.2384    0.242   0.2456   0.2491   0.2527   0.2562   0.2598   0.2633   0.2669   0.2705    0.274   0.2776   0.2811   0.2847   0.2883   0.2918   0.2954   0.2989   0.3025    0.306   0.3096   0.3132   0.3167   0.3203   0.3238   0.3274    0.331   0.3345   0.3381   0.3416   0.3452   0.3488   0.3523   0.3559   0.3594    0.363   0.3665   0.3701   0.3737   0.3772   0.3808   0.3843   0.3879   0.3915    0.395   0.3986   0.4021   0.4057   0.4093   0.4128   0.4164   0.4199   0.4235    0.427   0.4306   0.4342   0.4377   0.4413   0.4448   0.4484    0.452   0.4555   0.4591   0.4626   0.4662   0.4698   0.4733   0.4769   0.4804    0.484   0.4875   0.4911   0.4947   0.4982
    S      0.0      1.0   0.1392    0.727     0.67   0.8749   0.3574   0.5991    0.418   0.0377   0.6005   0.0662   0.2687   0.4347   0.4272   0.1008   0.5698   0.2911   0.3338   0.1495   0.2239   0.6387    0.582    0.034   0.2238   0.3809   0.6824   0.6889   0.2069   0.1823   0.2602   0.1104   0.6024   0.5666   0.5529   0.3586   0.1045   0.0567   0.3777   0.3048   0.1077   0.1436   0.1412   0.3248   0.2715   0.0711   0.2768   0.4849   0.1913   0.1988    0.216   0.1295   0.3046   0.2249     0.37   0.1019   0.2861   0.0748   0.3477   0.2669   0.1425   0.0321   0.2739   0.6114   0.1466   0.2072   0.1673   0.2297   0.4189   0.1089   0.1674   0.1151   0.1474   0.4142   0.2733   0.4361    0.216   0.4277   0.3365   0.2387   0.1137   0.1485   0.1558   0.0921   0.2655    0.439   0.3669   0.2993   0.4363   0.2592   0.3308    0.214   0.1326   0.1876   0.1131   0.2367   0.3763   0.3259   0.0869   0.2714   0.1136   0.2545   0.3997   0.1533   0.0298   0.1068    0.345   0.2215   0.3956   0.2208     0.15   0.0699   0.1275    0.392   0.0752   0.2644   0.1959   0.3513   0.1042   0.3371   0.2987   0.1606   0.1994   0.3005   0.0892   0.0704   0.6124   0.1345   0.2159   0.6778   0.2958   0.0849   0.2662   0.0683   0.4092   0.7118   0.1154    0.576   0.1785   0.9934   0.4893
  snr   -16.02
    H     4.73
 exon    False

M: eiip
 freq      0.0   0.0036   0.0071   0.0107   0.0142   0.0178   0.0214   0.0249   0.0285    0.032   0.0356   0.0391   0.0427   0.0463   0.0498   0.0534   0.0569   0.0605   0.0641   0.0676   0.0712   0.0747   0.0783   0.0819   0.0854    0.089   0.0925   0.0961   0.0996   0.1032   0.1068   0.1103   0.1139   0.1174    0.121   0.1246   0.1281   0.1317   0.1352   0.1388   0.1423   0.1459   0.1495    0.153   0.1566   0.1601   0.1637   0.1673   0.1708   0.1744   0.1779   0.1815   0.1851   0.1886   0.1922   0.1957   0.1993   0.2028   0.2064     0.21   0.2135   0.2171   0.2206   0.2242   0.2278   0.2313   0.2349   0.2384    0.242   0.2456   0.2491   0.2527   0.2562   0.2598   0.2633   0.2669   0.2705    0.274   0.2776   0.2811   0.2847   0.2883   0.2918   0.2954   0.2989   0.3025    0.306   0.3096   0.3132   0.3167   0.3203   0.3238   0.3274    0.331   0.3345   0.3381   0.3416   0.3452   0.3488   0.3523   0.3559   0.3594    0.363   0.3665   0.3701   0.3737   0.3772   0.3808   0.3843   0.3879   0.3915    0.395   0.3986   0.4021   0.4057   0.4093   0.4128   0.4164   0.4199   0.4235    0.427   0.4306   0.4342   0.4377   0.4413   0.4448   0.4484    0.452   0.4555   0.4591   0.4626   0.4662   0.4698   0.4733   0.4769   0.4804    0.484   0.4875   0.4911   0.4947   0.4982
    S      0.0   0.2851   0.2526   0.3321   0.1748   0.8566   0.0516    0.368   0.1663   0.0167   0.3573   0.2101   0.8831   0.0885   0.0959   0.0188   0.1489   0.3706   0.1191   0.2488   0.1788   0.3386   0.2386    0.033    0.023   0.2521   0.2421   0.1766   0.2963   0.1634   0.3585    0.026   0.4015   0.0763   0.0132   0.0782   0.1013   0.0602    0.437   0.2727   0.2196   0.1956   0.1101   0.7378   0.6264   0.1198   0.1141   0.5469   0.2604   0.1539    0.007   0.0159   0.2393   0.2196   0.3414   0.0922   0.1181    0.137    0.172   0.1852   0.1028   0.0384   0.0334   0.5496   0.2139   0.4432   0.3853    0.105   0.2649   0.0493   0.1663   0.2053    0.082   0.2784   0.7292   0.2635   0.5045   0.2999   0.6786   0.0837   0.0667   0.2927   0.0671   0.1508   0.0037   0.5776   0.5707   0.3325   0.3431   0.1769   0.0163   0.1035   0.2142      0.0   0.1253   0.2583   0.4392   0.3185   0.1646   0.4744   0.0506   0.0576   0.7156   0.3907   0.0619   0.0303    0.768   0.4306    0.712   0.0997   0.1525   0.0055    0.115   0.5479   0.1563    0.169   0.5082   0.2036   0.0021   0.7109   0.1952   0.3762   0.0186   0.0277   0.0683   0.0364   0.0731   0.0264   0.1353   0.8492   0.2546   0.1154   0.1446   0.0034   0.1183      1.0   0.0446   0.1871   0.2921    0.426     0.25
  snr    -15.2
    H     4.57
 exon    False

M: qpsk
 freq      0.0   0.0036   0.0071   0.0107   0.0142   0.0178   0.0214   0.0249   0.0285    0.032   0.0356   0.0391   0.0427   0.0463   0.0498   0.0534   0.0569   0.0605   0.0641   0.0676   0.0712   0.0747   0.0783   0.0819   0.0854    0.089   0.0925   0.0961   0.0996   0.1032   0.1068   0.1103   0.1139   0.1174    0.121   0.1246   0.1281   0.1317   0.1352   0.1388   0.1423   0.1459   0.1495    0.153   0.1566   0.1601   0.1637   0.1673   0.1708   0.1744   0.1779   0.1815   0.1851   0.1886   0.1922   0.1957   0.1993   0.2028   0.2064     0.21   0.2135   0.2171   0.2206   0.2242   0.2278   0.2313   0.2349   0.2384    0.242   0.2456   0.2491   0.2527   0.2562   0.2598   0.2633   0.2669   0.2705    0.274   0.2776   0.2811   0.2847   0.2883   0.2918   0.2954   0.2989   0.3025    0.306   0.3096   0.3132   0.3167   0.3203   0.3238   0.3274    0.331   0.3345   0.3381   0.3416   0.3452   0.3488   0.3523   0.3559   0.3594    0.363   0.3665   0.3701   0.3737   0.3772   0.3808   0.3843   0.3879   0.3915    0.395   0.3986   0.4021   0.4057   0.4093   0.4128   0.4164   0.4199   0.4235    0.427   0.4306   0.4342   0.4377   0.4413   0.4448   0.4484    0.452   0.4555   0.4591   0.4626   0.4662   0.4698   0.4733   0.4769   0.4804    0.484   0.4875   0.4911   0.4947   0.4982
    S      0.0   0.8742   0.1046   0.4295   0.2581   0.8146   0.1274   0.4816   0.3069   0.0329    0.348   0.0724   0.1727   0.2427    0.413   0.1129   0.3991   0.1363   0.2756   0.1582   0.1668   0.3818   0.4888   0.0265   0.1105   0.2204   0.5679   0.4386   0.2275   0.1883   0.1081   0.1234     0.36   0.2015   0.2725   0.3122   0.0429   0.0531   0.0315   0.2461   0.0776   0.1117   0.1037   0.2507   0.2972   0.0723   0.1739   0.2732   0.1404   0.1595   0.1075   0.0289   0.0618   0.1561   0.4092   0.0517    0.181   0.0546    0.254   0.1637   0.1013   0.0305   0.1752   0.5799   0.1645   0.1056   0.0824   0.0227   0.3553   0.0705    0.194   0.0092   0.1153   0.4659   0.1996   0.2277   0.1992   0.4926   0.2497   0.0816   0.0789   0.1253   0.0795   0.0831   0.2912   0.4917   0.2156    0.274   0.3333   0.2452   0.1186   0.1161   0.1445   0.0776   0.0326   0.1536   0.3544   0.3199   0.0926   0.2444   0.0874    0.125   0.4303    0.169    0.028   0.0311   0.2841   0.0372   0.4306   0.2143   0.1022   0.0448    0.132   0.3231    0.047   0.2653   0.1918   0.2433   0.0659   0.3725   0.2115   0.1847   0.1069   0.2894     0.06   0.0598   0.5703   0.0916   0.1832   0.2914   0.2643   0.0944   0.2339   0.0315   0.2593   0.3772   0.0334   0.4492    0.177      1.0   0.2609
  snr   -14.64
    H     4.67
 exon    False

M: mem
 freq      0.0   0.0036   0.0071   0.0107   0.0143   0.0179   0.0214    0.025   0.0286   0.0321   0.0357   0.0393   0.0429   0.0464     0.05   0.0536   0.0571   0.0607   0.0643   0.0679   0.0714    0.075   0.0786   0.0821   0.0857   0.0893   0.0929   0.0964      0.1   0.1036   0.1071   0.1107   0.1143   0.1179   0.1214    0.125   0.1286   0.1321   0.1357   0.1393   0.1429   0.1464     0.15   0.1536   0.1571   0.1607   0.1643   0.1679   0.1714    0.175   0.1786   0.1821   0.1857   0.1893   0.1929   0.1964      0.2   0.2036   0.2071   0.2107   0.2143   0.2179   0.2214    0.225   0.2286   0.2321   0.2357   0.2393   0.2429   0.2464     0.25   0.2536   0.2571   0.2607   0.2643   0.2679   0.2714    0.275   0.2786   0.2821   0.2857   0.2893   0.2929   0.2964      0.3   0.3036   0.3071   0.3107   0.3143   0.3179   0.3214    0.325   0.3286   0.3321   0.3357   0.3393   0.3429   0.3464     0.35   0.3536   0.3571   0.3607   0.3643   0.3679   0.3714    0.375   0.3786   0.3821   0.3857   0.3893   0.3929   0.3964      0.4   0.4036   0.4071   0.4107   0.4143   0.4179   0.4214    0.425   0.4286   0.4321   0.4357   0.4393   0.4429   0.4464     0.45   0.4536   0.4571   0.4607   0.4643   0.4679   0.4714    0.475   0.4786   0.4821   0.4857   0.4893   0.4929   0.4964
    S      0.0   0.1571   0.0634   0.5544    0.452      1.0   0.0431   0.5332    0.362   0.0106   0.6697   0.0724   0.0994   0.5016   0.0046   0.0848   0.7046   0.0043   0.2616    0.184   0.1632   0.3587   0.3309   0.0069    0.066   0.0482   0.4216    0.653   0.0628   0.1329   0.0138   0.0085    0.192   0.1241    0.463   0.0281   0.0607   0.0688    0.061   0.2627   0.0471   0.0563   0.0565    0.097   0.4022   0.0833     0.05   0.2933   0.2538    0.067   0.0715   0.0327   0.0836   0.0231   0.0658   0.0268   0.3271   0.0065   0.3247   0.0767   0.1813   0.0701   0.0721   0.4944   0.1684   0.0338   0.0134   0.1171   0.3382   0.0072   0.0901   0.0119   0.1589   0.4201   0.1253   0.0571   0.2096   0.0204    0.183   0.0307    0.025   0.1237   0.0842   0.1107   0.2894   0.0944   0.0403   0.4168   0.0744   0.0533   0.3757   0.3779   0.0376   0.1189   0.2401   0.0402   0.1556   0.2428   0.0605   0.2909   0.0034   0.1911   0.3232   0.3441   0.0144   0.0878   0.0788   0.0279   0.5129   0.0571   0.0466   0.0356   0.1994   0.0258   0.0988   0.1594   0.1629   0.0264   0.0014   0.6652   0.2822   0.0028   0.0453   0.1697   0.0222   0.0925   0.1541   0.3162   0.1095   0.1333   0.0692   0.1241   0.0593   0.0669   0.2251   0.1223   0.2156   0.1995     0.34    0.311
  snr    -13.6
    H     4.48
 exon    False

M: tbpse
 freq      0.0   0.0036   0.0071   0.0107   0.0142   0.0178   0.0214   0.0249   0.0285    0.032   0.0356   0.0391   0.0427   0.0463   0.0498   0.0534   0.0569   0.0605   0.0641   0.0676   0.0712   0.0747   0.0783   0.0819   0.0854    0.089   0.0925   0.0961   0.0996   0.1032   0.1068   0.1103   0.1139   0.1174    0.121   0.1246   0.1281   0.1317   0.1352   0.1388   0.1423   0.1459   0.1495    0.153   0.1566   0.1601   0.1637   0.1673   0.1708   0.1744   0.1779   0.1815   0.1851   0.1886   0.1922   0.1957   0.1993   0.2028   0.2064     0.21   0.2135   0.2171   0.2206   0.2242   0.2278   0.2313   0.2349   0.2384    0.242   0.2456   0.2491   0.2527   0.2562   0.2598   0.2633   0.2669   0.2705    0.274   0.2776   0.2811   0.2847   0.2883   0.2918   0.2954   0.2989   0.3025    0.306   0.3096   0.3132   0.3167   0.3203   0.3238   0.3274    0.331   0.3345   0.3381   0.3416   0.3452   0.3488   0.3523   0.3559   0.3594    0.363   0.3665   0.3701   0.3737   0.3772   0.3808   0.3843   0.3879   0.3915    0.395   0.3986   0.4021   0.4057   0.4093   0.4128   0.4164   0.4199   0.4235    0.427   0.4306   0.4342   0.4377   0.4413   0.4448   0.4484    0.452   0.4555   0.4591   0.4626   0.4662   0.4698   0.4733   0.4769   0.4804    0.484   0.4875   0.4911   0.4947   0.4982
    S      0.0   0.9288   0.0724   0.9755   0.8911    0.969   0.5058   0.7743   0.4619   0.0004   0.6319   0.0074   0.0384   0.5299   0.3658   0.0087    0.419    0.233   0.3371   0.0971   0.2712    0.855   0.6934   0.0203   0.3365   0.4022   0.6566   0.9296   0.1579   0.0048   0.1867   0.0277   0.6867   0.8438   0.6181   0.3676   0.0859    0.044    0.401   0.2997   0.0448   0.0745   0.0811   0.1625    0.142   0.0362   0.1969   0.4731   0.0997   0.2201   0.1603   0.1694   0.2774   0.1793    0.156   0.1054   0.3225   0.0246    0.159   0.0892   0.1424   0.0037    0.331   0.3153   0.0358   0.0772   0.0312   0.2941   0.5437    0.018   0.0531   0.0717   0.1606    0.111   0.1082   0.4511   0.0577    0.168   0.1624    0.298   0.1136   0.0096   0.1038   0.0226   0.0602   0.2911   0.3238   0.2909   0.4491   0.1378   0.4185   0.0993    0.117   0.2934   0.1159   0.1064   0.2234   0.1056   0.0168   0.0744   0.1399   0.3665   0.1174   0.0452    0.021   0.1417   0.0086    0.152   0.2475   0.1856   0.1678   0.0824   0.0293   0.0948   0.0189   0.0166   0.0199   0.2748   0.1416   0.1758   0.1369   0.0592   0.1936   0.0414   0.0798   0.0261   0.6532   0.0586   0.2513   0.5416   0.2923   0.0534   0.2461   0.0955   0.5602   0.6456   0.1515   0.6709   0.1056      1.0   0.6118
  snr   -15.32
    H      4.5
 exon    False

M: snrse
 freq      0.0   0.0036   0.0071   0.0107   0.0142   0.0178   0.0214   0.0249   0.0285    0.032   0.0356   0.0391   0.0427   0.0463   0.0498   0.0534   0.0569   0.0605   0.0641   0.0676   0.0712   0.0747   0.0783   0.0819   0.0854    0.089   0.0925   0.0961   0.0996   0.1032   0.1068   0.1103   0.1139   0.1174    0.121   0.1246   0.1281   0.1317   0.1352   0.1388   0.1423   0.1459   0.1495    0.153   0.1566   0.1601   0.1637   0.1673   0.1708   0.1744   0.1779   0.1815   0.1851   0.1886   0.1922   0.1957   0.1993   0.2028   0.2064     0.21   0.2135   0.2171   0.2206   0.2242   0.2278   0.2313   0.2349   0.2384    0.242   0.2456   0.2491   0.2527   0.2562   0.2598   0.2633   0.2669   0.2705    0.274   0.2776   0.2811   0.2847   0.2883   0.2918   0.2954   0.2989   0.3025    0.306   0.3096   0.3132   0.3167   0.3203   0.3238   0.3274    0.331   0.3345   0.3381   0.3416   0.3452   0.3488   0.3523   0.3559   0.3594    0.363   0.3665   0.3701   0.3737   0.3772   0.3808   0.3843   0.3879   0.3915    0.395   0.3986   0.4021   0.4057   0.4093   0.4128   0.4164   0.4199   0.4235    0.427   0.4306   0.4342   0.4377   0.4413   0.4448   0.4484    0.452   0.4555   0.4591   0.4626   0.4662   0.4698   0.4733   0.4769   0.4804    0.484   0.4875   0.4911   0.4947   0.4982
    S      0.0   0.7115    0.039   0.2853    0.173   0.5212    0.133   0.3673   0.1541   0.0324   0.1162   0.0171   0.1194    0.104   0.4165   0.0706   0.0893   0.0604   0.1797   0.0997   0.1098   0.3041   0.4034   0.0309   0.1051   0.1651   0.3353   0.3325   0.2063    0.095   0.1072   0.1205   0.2379   0.1923   0.1365   0.3033   0.0158   0.0267   0.0341   0.1006   0.0124     0.03   0.0416   0.1191   0.1257   0.0388   0.1803   0.1071   0.0245   0.1417   0.0718   0.0265   0.0501   0.0669   0.4581     0.04     0.08   0.0062   0.1357   0.1916   0.0447   0.0238   0.1605   0.1337   0.1348   0.0245   0.0772   0.0225   0.2828   0.0692   0.1377   0.0179   0.0522   0.2486   0.0547   0.2217   0.0185   0.4103   0.0339   0.0923   0.0883   0.0596   0.0314    0.016   0.2428   0.5355   0.0909   0.1459   0.2385   0.1262   0.0576   0.0984   0.1101   0.0753   0.0121   0.0432   0.1036   0.1024   0.0503   0.0187   0.0911   0.1257   0.1083    0.037    0.017   0.0254   0.1925    0.026   0.3005   0.1969   0.0689   0.0387   0.0231   0.3316   0.0447   0.1276   0.1222   0.1212   0.0619   0.1918   0.0437   0.0777    0.056    0.253   0.0439   0.0286   0.5899   0.0427     0.19   0.2383   0.2805    0.062   0.2456   0.0203   0.1743    0.154    0.022   0.3264   0.0619      1.0    0.238
  snr   -12.77
    H     4.54
 exon    False