>data-XIV-cerevisiae-intergenic-232
N: 334
Methods: voss, eiip, qpsk, mem, tbpse, snrse

M: voss
 freq      0.0    0.003    0.006    0.009    0.012    0.015    0.018    0.021    0.024   0.0269   0.0299   0.0329   0.0359   0.0389   0.0419   0.0449   0.0479   0.0509   0.0539   0.0569   0.0599   0.0629   0.0659   0.0689   0.0719   0.0749   0.0778   0.0808   0.0838   0.0868   0.0898   0.0928   0.0958   0.0988   0.1018   0.1048   0.1078   0.1108   0.1138   0.1168   0.1198   0.1228   0.1257   0.1287   0.1317   0.1347   0.1377   0.1407   0.1437   0.1467   0.1497   0.1527   0.1557   0.1587   0.1617   0.1647   0.1677   0.1707   0.1737   0.1766   0.1796   0.1826   0.1856   0.1886   0.1916   0.1946   0.1976   0.2006   0.2036   0.2066   0.2096   0.2126   0.2156   0.2186   0.2216   0.2246   0.2275   0.2305   0.2335   0.2365   0.2395   0.2425   0.2455   0.2485   0.2515   0.2545   0.2575   0.2605   0.2635   0.2665   0.2695   0.2725   0.2754   0.2784   0.2814   0.2844   0.2874   0.2904   0.2934   0.2964   0.2994   0.3024   0.3054   0.3084   0.3114   0.3144   0.3174   0.3204   0.3234   0.3263   0.3293   0.3323   0.3353   0.3383   0.3413   0.3443   0.3473   0.3503   0.3533   0.3563   0.3593   0.3623   0.3653   0.3683   0.3713   0.3743   0.3772   0.3802   0.3832   0.3862   0.3892   0.3922   0.3952   0.3982   0.4012   0.4042   0.4072   0.4102   0.4132   0.4162   0.4192   0.4222   0.4251   0.4281   0.4311   0.4341   0.4371   0.4401   0.4431   0.4461   0.4491   0.4521   0.4551   0.4581   0.4611   0.4641   0.4671   0.4701   0.4731    0.476    0.479    0.482    0.485    0.488    0.491    0.494    0.497
    S      0.0   0.1551   0.7366   0.2546   0.1353   0.3306   0.2469   0.1059   0.1533   0.1184   0.2211    0.228   0.0595   0.2178   0.4187   0.1754   0.2096   0.4504   0.3689    0.404   0.3339   0.1338   0.2009   0.2032   0.0894    0.382   0.2477   0.1597   0.4956   0.3415   0.4382   0.3706   0.2661   0.1193   0.0599   0.2065   0.3262   0.3436   0.2966   0.6391      1.0   0.2522   0.3681   0.4579   0.1952   0.1957   0.2501   0.1308   0.0982   0.2403   0.1408   0.7428   0.4466   0.1073   0.3157   0.3745   0.3696   0.3989    0.216   0.1614   0.1929   0.0497   0.1531   0.2148   0.3194   0.1288   0.1637   0.2383   0.3897   0.2894   0.1326   0.2009    0.092   0.2044   0.1932   0.2215    0.137   0.0493   0.2109   0.7456   0.0804    0.382   0.3737   0.2121    0.203   0.2315   0.1037   0.3503    0.013   0.1109   0.1622   0.1037   0.0602   0.3509   0.4424   0.6152   0.2246   0.0691   0.2771   0.0649   0.1482   0.1703   0.6685   0.2381    0.172   0.1644   0.6237   0.2539   0.3061   0.2012   0.1823   0.2914   0.5096   0.1204   0.1738     0.12   0.1617   0.1727   0.2778   0.0757    0.211   0.3376   0.3148    0.156   0.1197   0.2606   0.0597   0.2305   0.1781    0.189   0.5633   0.1118   0.0873   0.4252   0.0474   0.1224   0.2151   0.0945   0.1485   0.0734   0.1914   0.2559    0.353    0.312   0.1866   0.2599   0.2697   0.1388   0.5477   0.6228   0.3011   0.3231   0.1412   0.7407   0.1827   0.0702   0.0592   0.7552   0.4687    0.102   0.1884   0.3281   0.0825   0.1304   0.2146   0.1067   0.4235
  snr   -16.19
    H     4.92
 exon    False

M: eiip
 freq      0.0    0.003    0.006    0.009    0.012    0.015    0.018    0.021    0.024   0.0269   0.0299   0.0329   0.0359   0.0389   0.0419   0.0449   0.0479   0.0509   0.0539   0.0569   0.0599   0.0629   0.0659   0.0689   0.0719   0.0749   0.0778   0.0808   0.0838   0.0868   0.0898   0.0928   0.0958   0.0988   0.1018   0.1048   0.1078   0.1108   0.1138   0.1168   0.1198   0.1228   0.1257   0.1287   0.1317   0.1347   0.1377   0.1407   0.1437   0.1467   0.1497   0.1527   0.1557   0.1587   0.1617   0.1647   0.1677   0.1707   0.1737   0.1766   0.1796   0.1826   0.1856   0.1886   0.1916   0.1946   0.1976   0.2006   0.2036   0.2066   0.2096   0.2126   0.2156   0.2186   0.2216   0.2246   0.2275   0.2305   0.2335   0.2365   0.2395   0.2425   0.2455   0.2485   0.2515   0.2545   0.2575   0.2605   0.2635   0.2665   0.2695   0.2725   0.2754   0.2784   0.2814   0.2844   0.2874   0.2904   0.2934   0.2964   0.2994   0.3024   0.3054   0.3084   0.3114   0.3144   0.3174   0.3204   0.3234   0.3263   0.3293   0.3323   0.3353   0.3383   0.3413   0.3443   0.3473   0.3503   0.3533   0.3563   0.3593   0.3623   0.3653   0.3683   0.3713   0.3743   0.3772   0.3802   0.3832   0.3862   0.3892   0.3922   0.3952   0.3982   0.4012   0.4042   0.4072   0.4102   0.4132   0.4162   0.4192   0.4222   0.4251   0.4281   0.4311   0.4341   0.4371   0.4401   0.4431   0.4461   0.4491   0.4521   0.4551   0.4581   0.4611   0.4641   0.4671   0.4701   0.4731    0.476    0.479    0.482    0.485    0.488    0.491    0.494    0.497
    S      0.0   0.0762   0.0717   0.0419   0.1267   0.9068   0.6566   0.0572   0.2867   0.0033   0.0808   0.2268   0.0288   0.0482   0.3866   0.0326   0.0409   0.2688   0.2301   0.0498   0.0431   0.1626   0.5428   0.1982   0.2039   0.2363   0.5321   0.0418   0.5836   0.4082   0.6328   0.0231   0.1283   0.0695    0.139   0.3699   0.0273   0.1957   0.5922    0.175   0.1369   0.1286   0.0028   0.8219   0.1937   0.0175   0.0482   0.2802   0.1952    0.115   0.2163   0.3325   0.6073   0.1565   0.1431   0.6461   0.1218   0.2007   0.3462   0.4122   0.2461   0.1117   0.1827   0.0088   0.1459   0.0455   0.1953   0.2298   0.2651   0.6387   0.0631   0.2295   0.1318   0.0104   0.2755   0.4494   0.1378   0.0407   0.2374    0.397   0.0881    0.174   0.0513   0.0495   0.1204   0.3383   0.1673   0.2444   0.0098   0.1801   0.5576   0.0414   0.0562   0.1056   0.0027   0.5519   0.2174   0.0544   0.0257   0.0902   0.0759   0.1805   0.9286   0.1116   0.0934   0.0916   0.6822    0.149   0.7962   0.5251   0.5404   0.0173   0.8981   0.0273   0.0422   0.1671   0.3009   0.1393   0.8431   0.0112   0.1653   0.2435   0.0511   0.1687   0.2564   0.0182    0.053   0.1665   0.2416   0.0408      1.0   0.0542   0.0841   0.3068   0.0772   0.0636   0.2805   0.1844   0.2674    0.042   0.1264    0.778   0.2165   0.0533   0.1386    0.005   0.0562   0.3132   0.9445   0.3522   0.3848   0.0949   0.0925   0.4038   0.3744   0.0414   0.0078   0.0041   0.9646   0.1883   0.0274   0.0196   0.0432   0.0882   0.1432   0.0331   0.1532
  snr   -15.64
    H     4.66
 exon    False

M: qpsk
 freq      0.0    0.003    0.006    0.009    0.012    0.015    0.018    0.021    0.024   0.0269   0.0299   0.0329   0.0359   0.0389   0.0419   0.0449   0.0479   0.0509   0.0539   0.0569   0.0599   0.0629   0.0659   0.0689   0.0719   0.0749   0.0778   0.0808   0.0838   0.0868   0.0898   0.0928   0.0958   0.0988   0.1018   0.1048   0.1078   0.1108   0.1138   0.1168   0.1198   0.1228   0.1257   0.1287   0.1317   0.1347   0.1377   0.1407   0.1437   0.1467   0.1497   0.1527   0.1557   0.1587   0.1617   0.1647   0.1677   0.1707   0.1737   0.1766   0.1796   0.1826   0.1856   0.1886   0.1916   0.1946   0.1976   0.2006   0.2036   0.2066   0.2096   0.2126   0.2156   0.2186   0.2216   0.2246   0.2275   0.2305   0.2335   0.2365   0.2395   0.2425   0.2455   0.2485   0.2515   0.2545   0.2575   0.2605   0.2635   0.2665   0.2695   0.2725   0.2754   0.2784   0.2814   0.2844   0.2874   0.2904   0.2934   0.2964   0.2994   0.3024   0.3054   0.3084   0.3114   0.3144   0.3174   0.3204   0.3234   0.3263   0.3293   0.3323   0.3353   0.3383   0.3413   0.3443   0.3473   0.3503   0.3533   0.3563   0.3593   0.3623   0.3653   0.3683   0.3713   0.3743   0.3772   0.3802   0.3832   0.3862   0.3892   0.3922   0.3952   0.3982   0.4012   0.4042   0.4072   0.4102   0.4132   0.4162   0.4192   0.4222   0.4251   0.4281   0.4311   0.4341   0.4371   0.4401   0.4431   0.4461   0.4491   0.4521   0.4551   0.4581   0.4611   0.4641   0.4671   0.4701   0.4731    0.476    0.479    0.482    0.485    0.488    0.491    0.494    0.497
    S      0.0   0.2273   0.8438   0.2302   0.1913   0.4206   0.2152   0.1136     0.23   0.0849   0.2836   0.2575   0.0763    0.332   0.5238   0.1951   0.0979    0.461   0.4666   0.3398   0.2585   0.0635    0.255   0.2295   0.0613   0.5405   0.2221   0.1259   0.6335   0.3252   0.6212   0.2185   0.2968   0.1737   0.0732   0.1282   0.3178   0.2019   0.3967   0.4782      1.0   0.2789   0.5321   0.6288   0.0399   0.2197   0.2641      0.2   0.0929   0.1701    0.203    0.951   0.4559    0.083   0.3283   0.3553   0.4355   0.1419   0.0433   0.1811   0.0398   0.0408    0.188   0.1724   0.2476   0.1855   0.2193   0.0273   0.2722   0.4363   0.1732   0.2387   0.1264   0.1135   0.2959   0.2251   0.0933    0.069   0.2866    0.908   0.0053   0.3177   0.1574   0.0848   0.3074   0.3203   0.1085   0.0901   0.0111   0.1018   0.1768   0.1092   0.0548   0.4609   0.5187   0.4893   0.3126    0.096   0.1591   0.0981   0.2052   0.2307   0.8932   0.2857   0.2489   0.1233   0.8695   0.2803   0.1217   0.2061   0.2593   0.0948   0.6212   0.1467   0.1067   0.1005   0.1766    0.237   0.3147   0.0587   0.2626   0.5188   0.3271   0.2397   0.0999   0.2194   0.0861   0.2438   0.2065   0.2824   0.3595   0.0921   0.0798   0.5677   0.0714   0.1812   0.0704   0.0155   0.2268   0.0285   0.2473   0.3333   0.5158   0.2448   0.0141   0.1628   0.2351   0.1385   0.8129   0.9267   0.3233     0.37   0.0413   0.1057   0.1897   0.0803   0.0441   0.8337     0.61   0.0841   0.1672   0.1148   0.0252   0.1685   0.2337   0.1529   0.3095
  snr   -16.27
    H     4.83
 exon    False

M: mem
 freq      0.0    0.003    0.006    0.009    0.012    0.015    0.018    0.021    0.024   0.0269   0.0299   0.0329   0.0359   0.0389   0.0419   0.0449   0.0479   0.0509   0.0539   0.0569   0.0599   0.0629   0.0659   0.0689   0.0719   0.0749   0.0778   0.0808   0.0838   0.0868   0.0898   0.0928   0.0958   0.0988   0.1018   0.1048   0.1078   0.1108   0.1138   0.1168   0.1198   0.1228   0.1257   0.1287   0.1317   0.1347   0.1377   0.1407   0.1437   0.1467   0.1497   0.1527   0.1557   0.1587   0.1617   0.1647   0.1677   0.1707   0.1737   0.1766   0.1796   0.1826   0.1856   0.1886   0.1916   0.1946   0.1976   0.2006   0.2036   0.2066   0.2096   0.2126   0.2156   0.2186   0.2216   0.2246   0.2275   0.2305   0.2335   0.2365   0.2395   0.2425   0.2455   0.2485   0.2515   0.2545   0.2575   0.2605   0.2635   0.2665   0.2695   0.2725   0.2754   0.2784   0.2814   0.2844   0.2874   0.2904   0.2934   0.2964   0.2994   0.3024   0.3054   0.3084   0.3114   0.3144   0.3174   0.3204   0.3234   0.3263   0.3293   0.3323   0.3353   0.3383   0.3413   0.3443   0.3473   0.3503   0.3533   0.3563   0.3593   0.3623   0.3653   0.3683   0.3713   0.3743   0.3772   0.3802   0.3832   0.3862   0.3892   0.3922   0.3952   0.3982   0.4012   0.4042   0.4072   0.4102   0.4132   0.4162   0.4192   0.4222   0.4251   0.4281   0.4311   0.4341   0.4371   0.4401   0.4431   0.4461   0.4491   0.4521   0.4551   0.4581   0.4611   0.4641   0.4671   0.4701   0.4731    0.476    0.479    0.482    0.485    0.488    0.491    0.494    0.497
    S      0.0   0.1073   0.6544   0.1059   0.0777     0.01   0.0755   0.0632   0.0169   0.0705   0.1881   0.0259   0.0484    0.218   0.1796   0.0468   0.0201    0.025   0.3772   0.0646   0.1059   0.0663    0.033   0.1467   0.0062   0.2774   0.1247    0.129   0.0352   0.1327   0.0468   0.0505   0.2375   0.1058   0.0097    0.037   0.1742   0.1812   0.0115   0.4508      1.0   0.0205   0.3325   0.0433   0.0459   0.0697   0.1618   0.0123    0.026   0.0742   0.0726   0.3938   0.1208   0.0199   0.2569   0.0086   0.2322   0.0386      0.0   0.0476   0.0702   0.0065   0.0062   0.0903   0.2877   0.0815   0.0601   0.0126   0.1192   0.0836   0.0959   0.0715   0.0029   0.0116   0.0834    0.037   0.0905    0.039   0.0742   0.3416    0.018   0.0255    0.134   0.0253    0.176    0.028   0.0307   0.0777   0.0046     0.08   0.0065   0.0287   0.0496   0.3792   0.3394   0.0345   0.1445   0.0362    0.036   0.0407   0.1129   0.0545   0.4494   0.2052   0.1338    0.115   0.1597   0.0344   0.0426    0.038   0.0158   0.0236    0.189   0.1037   0.0352   0.0654   0.0635   0.0967    0.066   0.0003    0.124   0.2736   0.2911   0.1031   0.0203   0.0804   0.0498   0.1058   0.0568    0.165    0.316   0.1071   0.0265   0.3586   0.0135   0.1004   0.0555   0.0041   0.0529   0.0192   0.0674   0.0098   0.2975   0.1165   0.0178   0.1475   0.1971    0.025   0.2634   0.4014   0.1025   0.1457   0.0186   0.1467   0.1026   0.0704   0.0175   0.5601   0.0882   0.0558   0.1421   0.0568   0.0284   0.0852   0.0151    0.083   0.2234
  snr   -12.53
    H     4.62
 exon    False

M: tbpse
 freq      0.0    0.003    0.006    0.009    0.012    0.015    0.018    0.021    0.024   0.0269   0.0299   0.0329   0.0359   0.0389   0.0419   0.0449   0.0479   0.0509   0.0539   0.0569   0.0599   0.0629   0.0659   0.0689   0.0719   0.0749   0.0778   0.0808   0.0838   0.0868   0.0898   0.0928   0.0958   0.0988   0.1018   0.1048   0.1078   0.1108   0.1138   0.1168   0.1198   0.1228   0.1257   0.1287   0.1317   0.1347   0.1377   0.1407   0.1437   0.1467   0.1497   0.1527   0.1557   0.1587   0.1617   0.1647   0.1677   0.1707   0.1737   0.1766   0.1796   0.1826   0.1856   0.1886   0.1916   0.1946   0.1976   0.2006   0.2036   0.2066   0.2096   0.2126   0.2156   0.2186   0.2216   0.2246   0.2275   0.2305   0.2335   0.2365   0.2395   0.2425   0.2455   0.2485   0.2515   0.2545   0.2575   0.2605   0.2635   0.2665   0.2695   0.2725   0.2754   0.2784   0.2814   0.2844   0.2874   0.2904   0.2934   0.2964   0.2994   0.3024   0.3054   0.3084   0.3114   0.3144   0.3174   0.3204   0.3234   0.3263   0.3293   0.3323   0.3353   0.3383   0.3413   0.3443   0.3473   0.3503   0.3533   0.3563   0.3593   0.3623   0.3653   0.3683   0.3713   0.3743   0.3772   0.3802   0.3832   0.3862   0.3892   0.3922   0.3952   0.3982   0.4012   0.4042   0.4072   0.4102   0.4132   0.4162   0.4192   0.4222   0.4251   0.4281   0.4311   0.4341   0.4371   0.4401   0.4431   0.4461   0.4491   0.4521   0.4551   0.4581   0.4611   0.4641   0.4671   0.4701   0.4731    0.476    0.479    0.482    0.485    0.488    0.491    0.494    0.497
    S      0.0   0.0588   0.4321   0.2653   0.0337   0.0845   0.0494   0.0474   0.0719   0.1217   0.0956   0.2033   0.0141   0.0238   0.1933   0.1673    0.312   0.5347    0.072   0.5029   0.4188   0.1011   0.0094   0.0889   0.0393   0.0742   0.0573    0.123   0.4046   0.1486   0.2903   0.5078    0.088   0.0238   0.0145   0.1329   0.3069   0.3102   0.1666   0.5143   0.5562   0.2708   0.0922   0.2537   0.2277   0.1732   0.1695   0.0484   0.0334   0.2025   0.0336   0.4772   0.3252   0.0601   0.1519   0.2719   0.2618   0.5017    0.213    0.037   0.1895   0.0197   0.1384   0.2314   0.2036   0.0585   0.0873   0.2956     0.42   0.0531   0.0373   0.0995   0.0681   0.3146   0.0533   0.0713    0.091   0.0066   0.1054   0.5831   0.0956   0.4873   0.4781   0.2846   0.0119   0.1391   0.0358   0.4507   0.0113   0.0296   0.0107   0.1015   0.0237   0.0781   0.2653   0.6702   0.0819   0.0333   0.4012   0.0104   0.0613   0.0946    0.039   0.0679   0.0569   0.1284   0.4079   0.2637   0.1661   0.0493   0.0079   0.4555   0.2128   0.0633   0.2221   0.0483   0.0434   0.0873   0.0145   0.1072   0.0983   0.0516    0.177    0.033   0.0433   0.3038   0.0103   0.1825   0.1144   0.0458   0.2677   0.0622   0.0699   0.1282   0.0163   0.0319   0.1927   0.0851   0.0396   0.0918   0.1312   0.0294   0.0905   0.3689   0.2544   0.2969   0.1877    0.064   0.0104    0.231   0.1224   0.2168   0.1745      1.0   0.0421   0.0219   0.0653   0.4958   0.1904   0.0401   0.1529   0.5008    0.099   0.0588   0.2426   0.0327   0.3443
  snr   -14.38
    H     4.71
 exon    False

M: snrse
 freq      0.0    0.003    0.006    0.009    0.012    0.015    0.018    0.021    0.024   0.0269   0.0299   0.0329   0.0359   0.0389   0.0419   0.0449   0.0479   0.0509   0.0539   0.0569   0.0599   0.0629   0.0659   0.0689   0.0719   0.0749   0.0778   0.0808   0.0838   0.0868   0.0898   0.0928   0.0958   0.0988   0.1018   0.1048   0.1078   0.1108   0.1138   0.1168   0.1198   0.1228   0.1257   0.1287   0.1317   0.1347   0.1377   0.1407   0.1437   0.1467   0.1497   0.1527   0.1557   0.1587   0.1617   0.1647   0.1677   0.1707   0.1737   0.1766   0.1796   0.1826   0.1856   0.1886   0.1916   0.1946   0.1976   0.2006   0.2036   0.2066   0.2096   0.2126   0.2156   0.2186   0.2216   0.2246   0.2275   0.2305   0.2335   0.2365   0.2395   0.2425   0.2455   0.2485   0.2515   0.2545   0.2575   0.2605   0.2635   0.2665   0.2695   0.2725   0.2754   0.2784   0.2814   0.2844   0.2874   0.2904   0.2934   0.2964   0.2994   0.3024   0.3054   0.3084   0.3114   0.3144   0.3174   0.3204   0.3234   0.3263   0.3293   0.3323   0.3353   0.3383   0.3413   0.3443   0.3473   0.3503   0.3533   0.3563   0.3593   0.3623   0.3653   0.3683   0.3713   0.3743   0.3772   0.3802   0.3832   0.3862   0.3892   0.3922   0.3952   0.3982   0.4012   0.4042   0.4072   0.4102   0.4132   0.4162   0.4192   0.4222   0.4251   0.4281   0.4311   0.4341   0.4371   0.4401   0.4431   0.4461   0.4491   0.4521   0.4551   0.4581   0.4611   0.4641   0.4671   0.4701   0.4731    0.476    0.479    0.482    0.485    0.488    0.491    0.494    0.497
    S      0.0   0.0531   0.6029   0.1209   0.0245   0.0248   0.1118    0.022   0.0121   0.0851   0.1455   0.0228   0.0215   0.0984   0.0633   0.0052   0.0811   0.0821   0.3084   0.0659   0.1794   0.1025   0.0064   0.1507   0.0054    0.089   0.1532   0.1498   0.0255   0.0476   0.0274   0.0835   0.1719   0.0627   0.0039   0.0616   0.1759   0.2316     0.03    0.489      1.0   0.0021   0.1135   0.0344   0.1252   0.0123   0.1095   0.0078   0.0205   0.0204   0.0494   0.2359   0.1896   0.0009   0.2177   0.0349    0.218   0.0835   0.0501   0.0713   0.1555   0.0067   0.0177   0.0915   0.3361   0.0279   0.0417   0.0775   0.2194   0.0633   0.0303   0.0341   0.0012   0.0625   0.0425   0.0003   0.1223   0.0204   0.0392   0.3437   0.0552   0.0859   0.2235    0.048   0.0692   0.0036   0.0079   0.2182   0.0057    0.091   0.0305   0.0218   0.0496   0.2811    0.222   0.1016   0.1073   0.0232   0.0972   0.0268   0.0849   0.0259   0.2393   0.1262   0.0895   0.1476   0.1116   0.0353   0.1513   0.0564   0.0067    0.104   0.2146   0.0917   0.0593   0.0605   0.0527    0.079   0.0969   0.0067   0.0897    0.144   0.2753   0.0569   0.0129   0.0911   0.0329   0.1243   0.0723   0.0691   0.4725   0.1203   0.0315   0.2924    0.006   0.0607   0.1051   0.0376   0.0334   0.0438   0.0291   0.0172   0.1976    0.181   0.0857   0.2128   0.1726   0.0497   0.0754   0.1637   0.0137   0.0251   0.0474   0.4104   0.1271   0.0649   0.0145   0.3918   0.0933   0.0776   0.1572   0.1675    0.054   0.0562   0.0404    0.034   0.1878
  snr   -12.16
    H     4.64
 exon    False