>data-XV-cerevisiae-intergenic-499
N: 436
Methods: voss, eiip, qpsk, mem, alg1, alg2

M: voss
 freq      0.0   0.0023   0.0046   0.0069   0.0092   0.0115   0.0138   0.0161   0.0183   0.0206   0.0229   0.0252   0.0275   0.0298   0.0321   0.0344   0.0367    0.039   0.0413   0.0436   0.0459   0.0482   0.0505   0.0528    0.055   0.0573   0.0596   0.0619   0.0642   0.0665   0.0688   0.0711   0.0734   0.0757    0.078   0.0803   0.0826   0.0849   0.0872   0.0894   0.0917    0.094   0.0963   0.0986   0.1009   0.1032   0.1055   0.1078   0.1101   0.1124   0.1147    0.117   0.1193   0.1216   0.1239   0.1261   0.1284   0.1307    0.133   0.1353   0.1376   0.1399   0.1422   0.1445   0.1468   0.1491   0.1514   0.1537    0.156   0.1583   0.1606   0.1628   0.1651   0.1674   0.1697    0.172   0.1743   0.1766   0.1789   0.1812   0.1835   0.1858   0.1881   0.1904   0.1927    0.195   0.1972   0.1995   0.2018   0.2041   0.2064   0.2087    0.211   0.2133   0.2156   0.2179   0.2202   0.2225   0.2248   0.2271   0.2294   0.2317   0.2339   0.2362   0.2385   0.2408   0.2431   0.2454   0.2477     0.25   0.2523   0.2546   0.2569   0.2592   0.2615   0.2638   0.2661   0.2683   0.2706   0.2729   0.2752   0.2775   0.2798   0.2821   0.2844   0.2867    0.289   0.2913   0.2936   0.2959   0.2982   0.3005   0.3028    0.305   0.3073   0.3096   0.3119   0.3142   0.3165   0.3188   0.3211   0.3234   0.3257    0.328   0.3303   0.3326   0.3349   0.3372   0.3394   0.3417    0.344   0.3463   0.3486   0.3509   0.3532   0.3555   0.3578   0.3601   0.3624   0.3647    0.367   0.3693   0.3716   0.3739   0.3761   0.3784   0.3807    0.383   0.3853   0.3876   0.3899   0.3922   0.3945   0.3968   0.3991   0.4014   0.4037    0.406   0.4083   0.4106   0.4128   0.4151   0.4174   0.4197    0.422   0.4243   0.4266   0.4289   0.4312   0.4335   0.4358   0.4381   0.4404   0.4427    0.445   0.4472   0.4495   0.4518   0.4541   0.4564   0.4587    0.461   0.4633   0.4656   0.4679   0.4702   0.4725   0.4748   0.4771   0.4794   0.4817   0.4839   0.4862   0.4885   0.4908   0.4931   0.4954   0.4977
    S      0.0   0.3674      1.0   0.2221   0.2614   0.5832   0.0185   0.1938    0.269   0.3473   0.3154   0.1064    0.237   0.1842   0.2272   0.2078   0.1377     0.05   0.0934   0.1157   0.1188   0.1191   0.2436   0.0818   0.0657   0.3505   0.0752   0.1813   0.0911   0.2338    0.039   0.1471   0.1499   0.0666   0.0829   0.1598   0.3057   0.0986   0.1069    0.088   0.2475   0.1883   0.1298   0.0727    0.183   0.2406   0.1632   0.0597   0.1906   0.1345    0.165   0.0618   0.0942   0.0228   0.1864   0.1808   0.1207   0.1471   0.1812   0.0795   0.0422   0.0692   0.1456   0.1368   0.1208   0.1535   0.1167   0.0802   0.0483    0.061   0.1292   0.2056   0.0877   0.3531   0.0743   0.1329      0.1   0.0875   0.0328   0.0926   0.0476    0.138   0.1116    0.052    0.056    0.063   0.0508   0.0583   0.0476   0.2094   0.1148   0.0253   0.0363   0.2923   0.1922   0.1714   0.0493   0.2085   0.1685   0.0825    0.122   0.0178    0.049   0.1306   0.0278   0.1428   0.0522   0.1215   0.0868    0.091    0.051   0.1007   0.1578   0.1417   0.0348   0.2291   0.0373   0.0398   0.0326   0.0789   0.0901   0.1517   0.0345   0.0836   0.1914    0.171   0.0866   0.2068   0.0795   0.1223   0.1043   0.2157   0.0553   0.2107   0.1581   0.1752   0.0469   0.0887   0.0791   0.1164   0.0993   0.0878   0.1261   0.0973   0.0402   0.0584   0.0469   0.0863   0.0194   0.0804   0.1274   0.0496   0.1317    0.118   0.3432   0.2392   0.1635   0.0651   0.2508   0.2302   0.0856   0.2421   0.1704   0.0864   0.0616   0.0954   0.1517   0.2268   0.1451   0.3692   0.0411   0.0709   0.2006   0.1653   0.0883   0.0993   0.1706   0.1401   0.0273   0.2023   0.1908    0.117   0.0284   0.1797   0.0912   0.1417   0.1277   0.1592   0.1477   0.1238   0.0575   0.1989   0.0391   0.0699   0.1041   0.2389   0.2415   0.1044    0.204   0.1017   0.1559   0.1207   0.0444   0.0208   0.1629   0.1209   0.0745   0.0938   0.1725   0.1193   0.2723   0.4027    0.378   0.0492   0.2273   0.1211   0.1368   0.2988
  snr   -14.65
    H     5.16
 exon    False

M: eiip
 freq      0.0   0.0023   0.0046   0.0069   0.0092   0.0115   0.0138   0.0161   0.0183   0.0206   0.0229   0.0252   0.0275   0.0298   0.0321   0.0344   0.0367    0.039   0.0413   0.0436   0.0459   0.0482   0.0505   0.0528    0.055   0.0573   0.0596   0.0619   0.0642   0.0665   0.0688   0.0711   0.0734   0.0757    0.078   0.0803   0.0826   0.0849   0.0872   0.0894   0.0917    0.094   0.0963   0.0986   0.1009   0.1032   0.1055   0.1078   0.1101   0.1124   0.1147    0.117   0.1193   0.1216   0.1239   0.1261   0.1284   0.1307    0.133   0.1353   0.1376   0.1399   0.1422   0.1445   0.1468   0.1491   0.1514   0.1537    0.156   0.1583   0.1606   0.1628   0.1651   0.1674   0.1697    0.172   0.1743   0.1766   0.1789   0.1812   0.1835   0.1858   0.1881   0.1904   0.1927    0.195   0.1972   0.1995   0.2018   0.2041   0.2064   0.2087    0.211   0.2133   0.2156   0.2179   0.2202   0.2225   0.2248   0.2271   0.2294   0.2317   0.2339   0.2362   0.2385   0.2408   0.2431   0.2454   0.2477     0.25   0.2523   0.2546   0.2569   0.2592   0.2615   0.2638   0.2661   0.2683   0.2706   0.2729   0.2752   0.2775   0.2798   0.2821   0.2844   0.2867    0.289   0.2913   0.2936   0.2959   0.2982   0.3005   0.3028    0.305   0.3073   0.3096   0.3119   0.3142   0.3165   0.3188   0.3211   0.3234   0.3257    0.328   0.3303   0.3326   0.3349   0.3372   0.3394   0.3417    0.344   0.3463   0.3486   0.3509   0.3532   0.3555   0.3578   0.3601   0.3624   0.3647    0.367   0.3693   0.3716   0.3739   0.3761   0.3784   0.3807    0.383   0.3853   0.3876   0.3899   0.3922   0.3945   0.3968   0.3991   0.4014   0.4037    0.406   0.4083   0.4106   0.4128   0.4151   0.4174   0.4197    0.422   0.4243   0.4266   0.4289   0.4312   0.4335   0.4358   0.4381   0.4404   0.4427    0.445   0.4472   0.4495   0.4518   0.4541   0.4564   0.4587    0.461   0.4633   0.4656   0.4679   0.4702   0.4725   0.4748   0.4771   0.4794   0.4817   0.4839   0.4862   0.4885   0.4908   0.4931   0.4954   0.4977
    S      0.0   0.1062      1.0   0.1159   0.0523   0.1997   0.0131   0.1001   0.2739   0.2677   0.0622   0.0415   0.3096    0.295   0.8618   0.1444   0.1384   0.1812   0.0269   0.0731   0.0221   0.1825    0.104   0.0684   0.1043   0.0082    0.164   0.3694   0.1412   0.3436   0.0116   0.2647   0.0401   0.1521    0.012   0.1445   0.2528   0.0438   0.0622    0.206   0.1264   0.0492     0.08   0.0654   0.1312   0.1141   0.1137     0.04   0.0191    0.027   0.1438   0.1497   0.1508   0.0273   0.1082   0.2108   0.1011   0.0037   0.3452   0.1566    0.007    0.095    0.081   0.0156   0.1863   0.0542   0.2483    0.024   0.0536   0.0268   0.3838     0.09   0.1894   0.0293   0.0228   0.1804   0.0684   0.0335   0.0268   0.1667   0.1024   0.0493   0.0436   0.0844   0.0706    0.036   0.0335   0.0045    0.043   0.1126   0.0705   0.0892   0.0145   0.1973    0.122   0.2282    0.053   0.3902   0.1311   0.0004    0.355   0.0137   0.0202   0.0508   0.0476   0.1207   0.0918   0.1925   0.0716   0.0078   0.0072   0.0568   0.0211   0.0052   0.0164   0.5465   0.0513   0.0252   0.0082   0.0083   0.1722   0.4827    0.072   0.0236   0.0262   0.2749   0.0713   0.1751   0.1578   0.0481   0.1068   0.0204   0.0687   0.5103   0.3152   0.2211    0.167   0.0652   0.0094     0.03   0.1625    0.024   0.3882   0.2377   0.0984   0.0135   0.0045   0.1155   0.0509    0.055   0.4318   0.1595   0.0902   0.0521   0.1486   0.1109   0.5777   0.0253   0.2707    0.274   0.2586   0.3046   0.2405   0.0434   0.0043   0.1521   0.0936   0.3141   0.0046   0.6147   0.0252   0.0435   0.2814   0.3534   0.0112   0.0515   0.1385    0.419    0.017   0.1422   0.2931    0.091   0.0279   0.4638   0.1153   0.0355    0.084   0.0945   0.2926   0.4571   0.0778   0.0652   0.0659   0.0284   0.3077   0.0697   0.1104   0.3918   0.0207   0.2315   0.1553   0.0453   0.0509   0.0593   0.4142   0.2507   0.1848   0.0142   0.4525   0.3534   0.5494   0.1572   0.4153   0.0901   0.5065    0.265   0.1108   0.0465
  snr   -14.91
    H     4.93
 exon    False

M: qpsk
 freq      0.0   0.0023   0.0046   0.0069   0.0092   0.0115   0.0138   0.0161   0.0183   0.0206   0.0229   0.0252   0.0275   0.0298   0.0321   0.0344   0.0367    0.039   0.0413   0.0436   0.0459   0.0482   0.0505   0.0528    0.055   0.0573   0.0596   0.0619   0.0642   0.0665   0.0688   0.0711   0.0734   0.0757    0.078   0.0803   0.0826   0.0849   0.0872   0.0894   0.0917    0.094   0.0963   0.0986   0.1009   0.1032   0.1055   0.1078   0.1101   0.1124   0.1147    0.117   0.1193   0.1216   0.1239   0.1261   0.1284   0.1307    0.133   0.1353   0.1376   0.1399   0.1422   0.1445   0.1468   0.1491   0.1514   0.1537    0.156   0.1583   0.1606   0.1628   0.1651   0.1674   0.1697    0.172   0.1743   0.1766   0.1789   0.1812   0.1835   0.1858   0.1881   0.1904   0.1927    0.195   0.1972   0.1995   0.2018   0.2041   0.2064   0.2087    0.211   0.2133   0.2156   0.2179   0.2202   0.2225   0.2248   0.2271   0.2294   0.2317   0.2339   0.2362   0.2385   0.2408   0.2431   0.2454   0.2477     0.25   0.2523   0.2546   0.2569   0.2592   0.2615   0.2638   0.2661   0.2683   0.2706   0.2729   0.2752   0.2775   0.2798   0.2821   0.2844   0.2867    0.289   0.2913   0.2936   0.2959   0.2982   0.3005   0.3028    0.305   0.3073   0.3096   0.3119   0.3142   0.3165   0.3188   0.3211   0.3234   0.3257    0.328   0.3303   0.3326   0.3349   0.3372   0.3394   0.3417    0.344   0.3463   0.3486   0.3509   0.3532   0.3555   0.3578   0.3601   0.3624   0.3647    0.367   0.3693   0.3716   0.3739   0.3761   0.3784   0.3807    0.383   0.3853   0.3876   0.3899   0.3922   0.3945   0.3968   0.3991   0.4014   0.4037    0.406   0.4083   0.4106   0.4128   0.4151   0.4174   0.4197    0.422   0.4243   0.4266   0.4289   0.4312   0.4335   0.4358   0.4381   0.4404   0.4427    0.445   0.4472   0.4495   0.4518   0.4541   0.4564   0.4587    0.461   0.4633   0.4656   0.4679   0.4702   0.4725   0.4748   0.4771   0.4794   0.4817   0.4839   0.4862   0.4885   0.4908   0.4931   0.4954   0.4977
    S      0.0    0.163      1.0   0.2222   0.2616   0.5399   0.0113   0.1491   0.2656   0.3317   0.2771   0.0876   0.2223   0.2096   0.2316   0.1554   0.1452   0.0303   0.0277   0.0351   0.1374   0.0715   0.1988    0.063   0.0536   0.3065   0.0505   0.1542   0.0678   0.1211   0.0151   0.1446   0.0917   0.0688   0.0354   0.1004   0.2597   0.0748   0.1078   0.0334   0.1097   0.1355    0.128   0.0204   0.1549   0.2229   0.0613   0.0488    0.064   0.1373   0.1236   0.0618   0.0862    0.014   0.1832   0.0952   0.0461   0.0801   0.2046   0.0939   0.0361   0.0272   0.1464   0.0551   0.1115   0.1041   0.0368   0.0902   0.0567   0.0634   0.1478   0.1927   0.0775    0.119    0.027   0.0961    0.017   0.0506   0.0076   0.0199   0.0352   0.0548   0.0727    0.043    0.062   0.0683    0.037   0.0247   0.0331   0.1395   0.0871   0.0209   0.0385   0.2361   0.1819   0.1278   0.0533   0.0801   0.1597   0.0965   0.1188   0.0085   0.0448   0.1293   0.0307   0.0556   0.0101   0.1342   0.0892   0.0657    0.027   0.1109   0.1028   0.1415   0.0144   0.1557    0.022   0.0451    0.024   0.0691   0.0621   0.1148   0.0372   0.0948   0.0668   0.1825   0.0521   0.0698   0.0916   0.1088   0.0644   0.1948   0.0579   0.2014   0.1373   0.2011   0.0241   0.0455    0.071   0.0738   0.0416   0.0908   0.1401   0.0685   0.0427   0.0338   0.0328   0.0555   0.0227    0.034   0.0841   0.0237   0.0968   0.0756   0.1962   0.1638   0.1808   0.0439   0.2965   0.0951    0.044   0.2335   0.1214   0.0959   0.0386   0.1098   0.1486   0.0642   0.0949   0.2595   0.0194   0.0737   0.1931   0.1846   0.0418   0.0438    0.133     0.09   0.0292   0.1107   0.1989   0.0585   0.0291   0.1906    0.094   0.0834   0.1336    0.134   0.1025   0.0844   0.0078   0.1886   0.0396   0.0804   0.0945   0.1682   0.1973    0.097   0.1845   0.0567   0.1559   0.0786   0.0264    0.015   0.1405   0.1368   0.0606   0.0594   0.1672   0.0524    0.237   0.1508   0.1896   0.0354   0.2173   0.1368   0.0863   0.2108
  snr    -13.5
    H     5.09
 exon    False

M: mem
 freq      0.0   0.0023   0.0046   0.0069   0.0092   0.0115   0.0138   0.0161   0.0183   0.0206   0.0229   0.0252   0.0275   0.0298   0.0321   0.0344   0.0367    0.039   0.0413   0.0436   0.0459   0.0482   0.0505   0.0528    0.055   0.0573   0.0596   0.0619   0.0642   0.0665   0.0688   0.0711   0.0734   0.0757    0.078   0.0803   0.0826   0.0849   0.0872   0.0894   0.0917    0.094   0.0963   0.0986   0.1009   0.1032   0.1055   0.1078   0.1101   0.1124   0.1147    0.117   0.1193   0.1216   0.1239   0.1261   0.1284   0.1307    0.133   0.1353   0.1376   0.1399   0.1422   0.1445   0.1468   0.1491   0.1514   0.1537    0.156   0.1583   0.1606   0.1628   0.1651   0.1674   0.1697    0.172   0.1743   0.1766   0.1789   0.1812   0.1835   0.1858   0.1881   0.1904   0.1927    0.195   0.1972   0.1995   0.2018   0.2041   0.2064   0.2087    0.211   0.2133   0.2156   0.2179   0.2202   0.2225   0.2248   0.2271   0.2294   0.2317   0.2339   0.2362   0.2385   0.2408   0.2431   0.2454   0.2477     0.25   0.2523   0.2546   0.2569   0.2592   0.2615   0.2638   0.2661   0.2683   0.2706   0.2729   0.2752   0.2775   0.2798   0.2821   0.2844   0.2867    0.289   0.2913   0.2936   0.2959   0.2982   0.3005   0.3028    0.305   0.3073   0.3096   0.3119   0.3142   0.3165   0.3188   0.3211   0.3234   0.3257    0.328   0.3303   0.3326   0.3349   0.3372   0.3394   0.3417    0.344   0.3463   0.3486   0.3509   0.3532   0.3555   0.3578   0.3601   0.3624   0.3647    0.367   0.3693   0.3716   0.3739   0.3761   0.3784   0.3807    0.383   0.3853   0.3876   0.3899   0.3922   0.3945   0.3968   0.3991   0.4014   0.4037    0.406   0.4083   0.4106   0.4128   0.4151   0.4174   0.4197    0.422   0.4243   0.4266   0.4289   0.4312   0.4335   0.4358   0.4381   0.4404   0.4427    0.445   0.4472   0.4495   0.4518   0.4541   0.4564   0.4587    0.461   0.4633   0.4656   0.4679   0.4702   0.4725   0.4748   0.4771   0.4794   0.4817   0.4839   0.4862   0.4885   0.4908   0.4931   0.4954   0.4977
    S      0.0   0.7921   0.3112    0.102   0.3237   0.7311   0.0221   0.0349   0.0758   0.0034    0.422   0.0675   0.0194   0.1804   0.2756   0.4318   0.0376   0.1229   0.1379   0.2803   0.1455   0.1531   0.4571   0.0778   0.0452   0.6294   0.1424   0.5248   0.1057   0.7289   0.0816    0.193   0.2934   0.1351   0.2077   0.2444   0.1752   0.0844   0.0014   0.2507   0.3864   0.2185   0.1353   0.2389   0.2746   0.2439   0.5472   0.0448   0.2704   0.0038   0.2876    0.113    0.088   0.0362   0.0911    0.232   0.3986   0.1178   0.2663      0.0   0.0001   0.0933   0.0104   0.3249   0.0317   0.2598   0.3764   0.0813   0.0451    0.062   0.0345    0.286    0.087   0.4998   0.2134   0.1802   0.2157   0.0753   0.0765   0.2742   0.0932   0.3795   0.3088   0.0428   0.0028   0.0561   0.1123   0.1313   0.0412   0.3923   0.2465   0.0364   0.0705   0.1824   0.4322   0.4161   0.0136   0.5869   0.1259   0.0795   0.2266   0.0232      0.0    0.105    0.006   0.1966   0.1688   0.1838   0.0019   0.0333   0.0457   0.0267   0.0457   0.0127   0.0931   0.5811   0.0626   0.0537   0.0587   0.0183   0.2085   0.1971   0.0104   0.0111   0.4127   0.2972   0.2629   0.6322    0.042    0.214    0.056   0.2986   0.0051   0.4055   0.2351   0.0629   0.1182    0.229   0.0075   0.0356    0.146   0.0697   0.1147   0.0776   0.0063   0.0304   0.0254   0.1575   0.0204   0.2234   0.2969   0.1422   0.3808   0.0777   0.3259   0.1861   0.0958   0.1215    0.062   0.3291   0.2686   0.3822   0.1431   0.0125   0.0436   0.0502   0.1707   0.8028   0.1202   0.4602   0.0406   0.1083   0.0481   0.0103   0.0984   0.0981   0.2647   0.2965    0.032   0.6159   0.0048   0.0808   0.0001   0.2624   0.0613   0.0652   0.0535   0.0671   0.4846    0.274   0.1557   0.1539   0.0026   0.0367   0.1758   0.5024   0.3541   0.1244    0.427   0.2272   0.0338   0.0714   0.0326   0.0205   0.2466   0.0063   0.2184   0.0547   0.0777   0.2402   0.3589      1.0   0.7195   0.0601   0.1676   0.0739   0.2318   0.2633
  snr   -15.92
    H     4.95
 exon    False

M: alg1
 freq      0.0   0.0023   0.0046   0.0069   0.0092   0.0115   0.0138   0.0161   0.0183   0.0206   0.0229   0.0252   0.0275   0.0298   0.0321   0.0344   0.0367    0.039   0.0413   0.0436   0.0459   0.0482   0.0505   0.0528    0.055   0.0573   0.0596   0.0619   0.0642   0.0665   0.0688   0.0711   0.0734   0.0757    0.078   0.0803   0.0826   0.0849   0.0872   0.0894   0.0917    0.094   0.0963   0.0986   0.1009   0.1032   0.1055   0.1078   0.1101   0.1124   0.1147    0.117   0.1193   0.1216   0.1239   0.1261   0.1284   0.1307    0.133   0.1353   0.1376   0.1399   0.1422   0.1445   0.1468   0.1491   0.1514   0.1537    0.156   0.1583   0.1606   0.1628   0.1651   0.1674   0.1697    0.172   0.1743   0.1766   0.1789   0.1812   0.1835   0.1858   0.1881   0.1904   0.1927    0.195   0.1972   0.1995   0.2018   0.2041   0.2064   0.2087    0.211   0.2133   0.2156   0.2179   0.2202   0.2225   0.2248   0.2271   0.2294   0.2317   0.2339   0.2362   0.2385   0.2408   0.2431   0.2454   0.2477     0.25   0.2523   0.2546   0.2569   0.2592   0.2615   0.2638   0.2661   0.2683   0.2706   0.2729   0.2752   0.2775   0.2798   0.2821   0.2844   0.2867    0.289   0.2913   0.2936   0.2959   0.2982   0.3005   0.3028    0.305   0.3073   0.3096   0.3119   0.3142   0.3165   0.3188   0.3211   0.3234   0.3257    0.328   0.3303   0.3326   0.3349   0.3372   0.3394   0.3417    0.344   0.3463   0.3486   0.3509   0.3532   0.3555   0.3578   0.3601   0.3624   0.3647    0.367   0.3693   0.3716   0.3739   0.3761   0.3784   0.3807    0.383   0.3853   0.3876   0.3899   0.3922   0.3945   0.3968   0.3991   0.4014   0.4037    0.406   0.4083   0.4106   0.4128   0.4151   0.4174   0.4197    0.422   0.4243   0.4266   0.4289   0.4312   0.4335   0.4358   0.4381   0.4404   0.4427    0.445   0.4472   0.4495   0.4518   0.4541   0.4564   0.4587    0.461   0.4633   0.4656   0.4679   0.4702   0.4725   0.4748   0.4771   0.4794   0.4817   0.4839   0.4862   0.4885   0.4908   0.4931   0.4954   0.4977
    S      0.0   0.4842   0.9233     0.31   0.2355   0.4627   0.0499   0.5262   0.2622   0.8337   0.3923    0.161   0.5739   0.2417   0.0534   0.1823   0.1547   0.0277   0.2886   0.2067   0.1819   0.3027   0.1873   0.2154   0.1528   0.3756   0.0776   0.0345   0.0988   0.1539   0.0718   0.2076   0.1529   0.0206   0.1043   0.1981   0.3641   0.1235   0.3058   0.1008   0.6305   0.2312    0.182   0.0801   0.1716    0.242   0.1326   0.0903   0.4554   0.4072   0.2051     0.04   0.1876   0.0362   0.4085   0.4051   0.1037   0.4104   0.1532    0.076   0.1367   0.2035   0.3566    0.199   0.1747   0.3134   0.1315   0.1504   0.0718    0.052   0.0674   0.2678   0.0706      1.0    0.088   0.2606   0.2703   0.2696   0.0678   0.1354   0.0269   0.1512   0.0711   0.0564    0.094   0.0975   0.0353   0.0868   0.0718   0.2615   0.1306   0.0183   0.0331   0.5947   0.1603   0.1053   0.0989   0.2976   0.2385    0.123   0.0515   0.0484   0.1423   0.2747   0.0335   0.3814   0.0682   0.0827   0.1925   0.2855   0.1292   0.2321   0.4886   0.4403   0.0506   0.0975   0.0609   0.0562   0.0499   0.2494   0.0852   0.1794   0.0296   0.2041   0.3638   0.1193   0.0507   0.2185   0.0843   0.0878   0.2909   0.2297   0.1137    0.131   0.1145   0.3043   0.0392   0.1178   0.2632   0.4362    0.222   0.1621   0.0651   0.2094    0.053   0.1988   0.1235   0.0799   0.0098   0.1044   0.0824   0.0333   0.0709   0.2513   0.6569   0.4073   0.0594   0.0654   0.2754   0.6706   0.0435    0.146   0.2678   0.2105   0.1867   0.1155   0.2448   0.2053   0.4234   0.7755   0.1113    0.098    0.225   0.1535   0.2146   0.2897   0.1617   0.1389   0.0335   0.1308   0.2222    0.363   0.0592   0.1073   0.0766   0.4002   0.2225   0.4208   0.0309   0.0678   0.1263   0.4179   0.0578   0.1423   0.0388   0.2208   0.4808   0.0499   0.1753    0.125   0.2487   0.2474   0.1416   0.0377   0.0904   0.0977   0.0113   0.2922   0.1847   0.1931   0.1658   0.5222   0.5077   0.1013   0.1878   0.1071   0.2302   0.5972
  snr   -16.35
    H     5.09
 exon    False

M: alg2
 freq      0.0   0.0023   0.0046   0.0069   0.0092   0.0115   0.0138   0.0161   0.0183   0.0206   0.0229   0.0252   0.0275   0.0298   0.0321   0.0344   0.0367    0.039   0.0413   0.0436   0.0459   0.0482   0.0505   0.0528    0.055   0.0573   0.0596   0.0619   0.0642   0.0665   0.0688   0.0711   0.0734   0.0757    0.078   0.0803   0.0826   0.0849   0.0872   0.0894   0.0917    0.094   0.0963   0.0986   0.1009   0.1032   0.1055   0.1078   0.1101   0.1124   0.1147    0.117   0.1193   0.1216   0.1239   0.1261   0.1284   0.1307    0.133   0.1353   0.1376   0.1399   0.1422   0.1445   0.1468   0.1491   0.1514   0.1537    0.156   0.1583   0.1606   0.1628   0.1651   0.1674   0.1697    0.172   0.1743   0.1766   0.1789   0.1812   0.1835   0.1858   0.1881   0.1904   0.1927    0.195   0.1972   0.1995   0.2018   0.2041   0.2064   0.2087    0.211   0.2133   0.2156   0.2179   0.2202   0.2225   0.2248   0.2271   0.2294   0.2317   0.2339   0.2362   0.2385   0.2408   0.2431   0.2454   0.2477     0.25   0.2523   0.2546   0.2569   0.2592   0.2615   0.2638   0.2661   0.2683   0.2706   0.2729   0.2752   0.2775   0.2798   0.2821   0.2844   0.2867    0.289   0.2913   0.2936   0.2959   0.2982   0.3005   0.3028    0.305   0.3073   0.3096   0.3119   0.3142   0.3165   0.3188   0.3211   0.3234   0.3257    0.328   0.3303   0.3326   0.3349   0.3372   0.3394   0.3417    0.344   0.3463   0.3486   0.3509   0.3532   0.3555   0.3578   0.3601   0.3624   0.3647    0.367   0.3693   0.3716   0.3739   0.3761   0.3784   0.3807    0.383   0.3853   0.3876   0.3899   0.3922   0.3945   0.3968   0.3991   0.4014   0.4037    0.406   0.4083   0.4106   0.4128   0.4151   0.4174   0.4197    0.422   0.4243   0.4266   0.4289   0.4312   0.4335   0.4358   0.4381   0.4404   0.4427    0.445   0.4472   0.4495   0.4518   0.4541   0.4564   0.4587    0.461   0.4633   0.4656   0.4679   0.4702   0.4725   0.4748   0.4771   0.4794   0.4817   0.4839   0.4862   0.4885   0.4908   0.4931   0.4954   0.4977
    S      0.0   0.1596      1.0   0.1628   0.1637   0.4312   0.0027   0.0568   0.2662   0.1109   0.1725   0.0764   0.1309   0.0391   0.1652   0.0689   0.1176   0.0192   0.0055   0.0176   0.0131   0.0147   0.1287   0.0108   0.0165   0.1257   0.0253   0.0091    0.063    0.023   0.0111   0.0289    0.078   0.0146   0.0263   0.0867    0.266   0.0784   0.0346   0.0169    0.045   0.1324   0.0439   0.0061   0.0918   0.1667   0.0187    0.035   0.0657   0.0232   0.0447   0.0111   0.0188   0.0109   0.0338   0.0734   0.0115   0.0402    0.025   0.0848   0.0032   0.0119    0.039     0.04   0.1006   0.0155    0.003   0.0019   0.0035   0.0457   0.1283   0.0591   0.0636   0.0504    0.016   0.0155   0.0018   0.0028   0.0065   0.0115   0.0253   0.0382   0.0287   0.0401   0.0338   0.0158   0.0209   0.0193   0.0333   0.0684   0.0167   0.0153    0.004   0.1055   0.0202   0.0408   0.0109   0.0049   0.0842   0.0274   0.0348   0.0039     0.01   0.0133   0.0259   0.0212   0.0044   0.0334   0.0353   0.0092    0.016   0.0138    0.038   0.0062   0.0038   0.0724   0.0094   0.0026   0.0061   0.0114    0.025   0.0968   0.0352   0.0307   0.0431   0.0274   0.0144   0.0347   0.0362   0.0639   0.0342   0.1258   0.0228   0.0557   0.1033   0.0419   0.0154   0.0073   0.0005   0.0017   0.0367   0.0211   0.0829   0.0535   0.0368   0.0085   0.0138   0.0482    0.009   0.0079   0.0413   0.0122    0.015   0.0589   0.1951   0.1505   0.1558   0.0318   0.2195   0.0098   0.0118    0.119   0.1075   0.0232   0.0104   0.0629   0.0574   0.0063   0.0156   0.1215    0.014   0.0031   0.1849   0.1718   0.0334   0.0271   0.1091    0.053   0.0081   0.0361   0.1629   0.0257   0.0159   0.0708   0.0703   0.0434   0.0546   0.0214   0.0038   0.0556      0.0   0.0335   0.0309   0.0107   0.0617   0.1068   0.0291   0.0796   0.0558   0.0197   0.0936   0.0715   0.0082   0.0115   0.1104   0.1117    0.005   0.0082   0.1519   0.0401   0.1916    0.135   0.1839   0.0091   0.1698   0.0638   0.0509   0.1521
  snr   -10.64
    H     4.78
 exon    False