>data-XVI-cerevisiae-intergenic-100
N: 306
Methods: voss, eiip, qpsk, mem, alg1, alg2

M: voss
 freq      0.0   0.0033   0.0065   0.0098   0.0131   0.0163   0.0196   0.0229   0.0261   0.0294   0.0327   0.0359   0.0392   0.0425   0.0458    0.049   0.0523   0.0556   0.0588   0.0621   0.0654   0.0686   0.0719   0.0752   0.0784   0.0817    0.085   0.0882   0.0915   0.0948    0.098   0.1013   0.1046   0.1078   0.1111   0.1144   0.1176   0.1209   0.1242   0.1275   0.1307    0.134   0.1373   0.1405   0.1438   0.1471   0.1503   0.1536   0.1569   0.1601   0.1634   0.1667   0.1699   0.1732   0.1765   0.1797    0.183   0.1863   0.1895   0.1928   0.1961   0.1993   0.2026   0.2059   0.2092   0.2124   0.2157    0.219   0.2222   0.2255   0.2288    0.232   0.2353   0.2386   0.2418   0.2451   0.2484   0.2516   0.2549   0.2582   0.2614   0.2647    0.268   0.2712   0.2745   0.2778    0.281   0.2843   0.2876   0.2908   0.2941   0.2974   0.3007   0.3039   0.3072   0.3105   0.3137    0.317   0.3203   0.3235   0.3268   0.3301   0.3333   0.3366   0.3399   0.3431   0.3464   0.3497   0.3529   0.3562   0.3595   0.3627    0.366   0.3693   0.3725   0.3758   0.3791   0.3824   0.3856   0.3889   0.3922   0.3954   0.3987    0.402   0.4052   0.4085   0.4118    0.415   0.4183   0.4216   0.4248   0.4281   0.4314   0.4346   0.4379   0.4412   0.4444   0.4477    0.451   0.4542   0.4575   0.4608   0.4641   0.4673   0.4706   0.4739   0.4771   0.4804   0.4837   0.4869   0.4902   0.4935   0.4967
    S      0.0   0.4191   0.1884   0.2004   0.1157   0.0984   0.4196   0.1433   0.0413   0.1013   0.1578   0.1235   0.4417   0.3003   0.2055   0.5418   0.0734   0.0278   0.3122   0.1345   0.1473   0.0695   0.3352   0.2021   0.1767   0.0988   0.2042   0.1212   0.0365   0.0871   0.1422   0.2962   0.1959   0.0948    0.133   0.1675   0.2596   0.2269   0.1019   0.3363    0.111   0.3358   0.0801   0.0916   0.1153   0.1209   0.0378   0.3108   0.1688   0.1633   0.4663   0.4079   0.2222   0.2402   0.1786   0.1488   0.2309   0.1373   0.1597   0.2386   0.2201   0.2727   0.4397   0.1953   0.1299   0.0839   0.0658   0.0774   0.2117   0.3186   0.2972   0.3875   0.2065   0.4235   0.2645   0.1872   0.2301   0.2117   0.2876   0.0403   0.2579   0.3437   0.0601   0.2358   0.2517   0.0436   0.2148   0.1515   0.1834   0.4208    0.099   0.1584   0.4127   0.0792   0.2462   0.1578   0.1104   0.1265   0.2626   0.1927   0.1609   0.1989   0.1467   0.3025   0.3975   0.2361   0.3246   0.0327   0.2978   0.2803   0.0622   0.1022   0.0831   0.1316   0.1342   0.0817   0.1285   0.5179   0.3682   0.1132   0.0416   0.3946   0.1463   0.1306   0.2677   0.3674   0.3546     0.09   0.2027   0.1065   0.3089   0.2623   0.0917   0.0881    0.052   0.0379   0.1294    0.122   0.2056   0.1116   0.1191   0.3497    0.045   0.1302   0.2102   0.3009   0.3903   0.1064   0.2657      1.0   0.2496   0.5514   0.6287
  snr   -14.91
    H     4.83
 exon    False

M: eiip
 freq      0.0   0.0033   0.0065   0.0098   0.0131   0.0163   0.0196   0.0229   0.0261   0.0294   0.0327   0.0359   0.0392   0.0425   0.0458    0.049   0.0523   0.0556   0.0588   0.0621   0.0654   0.0686   0.0719   0.0752   0.0784   0.0817    0.085   0.0882   0.0915   0.0948    0.098   0.1013   0.1046   0.1078   0.1111   0.1144   0.1176   0.1209   0.1242   0.1275   0.1307    0.134   0.1373   0.1405   0.1438   0.1471   0.1503   0.1536   0.1569   0.1601   0.1634   0.1667   0.1699   0.1732   0.1765   0.1797    0.183   0.1863   0.1895   0.1928   0.1961   0.1993   0.2026   0.2059   0.2092   0.2124   0.2157    0.219   0.2222   0.2255   0.2288    0.232   0.2353   0.2386   0.2418   0.2451   0.2484   0.2516   0.2549   0.2582   0.2614   0.2647    0.268   0.2712   0.2745   0.2778    0.281   0.2843   0.2876   0.2908   0.2941   0.2974   0.3007   0.3039   0.3072   0.3105   0.3137    0.317   0.3203   0.3235   0.3268   0.3301   0.3333   0.3366   0.3399   0.3431   0.3464   0.3497   0.3529   0.3562   0.3595   0.3627    0.366   0.3693   0.3725   0.3758   0.3791   0.3824   0.3856   0.3889   0.3922   0.3954   0.3987    0.402   0.4052   0.4085   0.4118    0.415   0.4183   0.4216   0.4248   0.4281   0.4314   0.4346   0.4379   0.4412   0.4444   0.4477    0.451   0.4542   0.4575   0.4608   0.4641   0.4673   0.4706   0.4739   0.4771   0.4804   0.4837   0.4869   0.4902   0.4935   0.4967
    S      0.0      1.0   0.2242   0.5131   0.2593   0.0268   0.4916   0.2481   0.0561   0.1003   0.0532   0.0628   0.4052   0.2059   0.4073   0.6561   0.1053   0.0163   0.1065    0.354   0.4543   0.0447   0.6664   0.2003   0.2489   0.0801   0.1926   0.2467   0.0689   0.0605   0.0738   0.0001   0.2593   0.1088   0.0264   0.2435   0.4774   0.6867    0.107   0.6899   0.2324    0.457    0.105   0.1229    0.227   0.0124   0.0847   0.1327   0.0275   0.0714   0.6479   0.7839   0.5055   0.1944    0.422   0.0165   0.1466   0.1274   0.2462   0.5524    0.328   0.2315   0.4871   0.0127   0.0448    0.022   0.0104   0.0468   0.7506    0.582   0.4559   0.0234    0.694   0.2887    0.277   0.0263   0.1649   0.3814   0.2977   0.0056   0.4106   0.1535   0.0761   0.0541   0.2288   0.0214    0.186   0.1489   0.3177   0.2867   0.0233   0.0481   0.1234   0.1255   0.1008   0.1385   0.1776   0.0084   0.3157   0.5122   0.1129   0.1775   0.1928   0.0119   0.1193   0.5063   0.1443   0.0299   0.2454   0.3544   0.0119   0.2936   0.0159   0.0765   0.0039   0.0692   0.0951   0.7988   0.4283   0.0699   0.0076   0.3039   0.1279   0.1013   0.0494   0.2948   0.2422   0.2236   0.0793   0.1059   0.7943   0.3652   0.2916   0.0931   0.0496   0.0589   0.1219   0.2938   0.0104   0.0944   0.1427   0.0165   0.0033    0.098   0.1299   0.1238   0.0839   0.0778   0.1779   0.1833   0.2551   0.0091   0.4314
  snr   -15.07
    H     4.61
 exon    False

M: qpsk
 freq      0.0   0.0033   0.0065   0.0098   0.0131   0.0163   0.0196   0.0229   0.0261   0.0294   0.0327   0.0359   0.0392   0.0425   0.0458    0.049   0.0523   0.0556   0.0588   0.0621   0.0654   0.0686   0.0719   0.0752   0.0784   0.0817    0.085   0.0882   0.0915   0.0948    0.098   0.1013   0.1046   0.1078   0.1111   0.1144   0.1176   0.1209   0.1242   0.1275   0.1307    0.134   0.1373   0.1405   0.1438   0.1471   0.1503   0.1536   0.1569   0.1601   0.1634   0.1667   0.1699   0.1732   0.1765   0.1797    0.183   0.1863   0.1895   0.1928   0.1961   0.1993   0.2026   0.2059   0.2092   0.2124   0.2157    0.219   0.2222   0.2255   0.2288    0.232   0.2353   0.2386   0.2418   0.2451   0.2484   0.2516   0.2549   0.2582   0.2614   0.2647    0.268   0.2712   0.2745   0.2778    0.281   0.2843   0.2876   0.2908   0.2941   0.2974   0.3007   0.3039   0.3072   0.3105   0.3137    0.317   0.3203   0.3235   0.3268   0.3301   0.3333   0.3366   0.3399   0.3431   0.3464   0.3497   0.3529   0.3562   0.3595   0.3627    0.366   0.3693   0.3725   0.3758   0.3791   0.3824   0.3856   0.3889   0.3922   0.3954   0.3987    0.402   0.4052   0.4085   0.4118    0.415   0.4183   0.4216   0.4248   0.4281   0.4314   0.4346   0.4379   0.4412   0.4444   0.4477    0.451   0.4542   0.4575   0.4608   0.4641   0.4673   0.4706   0.4739   0.4771   0.4804   0.4837   0.4869   0.4902   0.4935   0.4967
    S      0.0    0.467   0.2824   0.2886   0.0357     0.14   0.6837   0.2791   0.0163   0.1125   0.0475   0.1233   0.1724   0.3626   0.1994   0.9833   0.1478   0.0443   0.1629    0.275   0.1784   0.0335   0.3931   0.1149    0.251   0.1882   0.2761    0.248   0.0155   0.1053   0.1924   0.6097   0.2947   0.1978   0.2139   0.2517   0.4795   0.4318   0.1644    0.393   0.2166   0.5282   0.1463   0.1102   0.1209    0.105   0.0779   0.0396   0.1805   0.2609   0.9577   0.6917   0.3493   0.0897   0.3718   0.1304   0.2714   0.1415   0.1581   0.2751   0.4291   0.5473   0.5727    0.364   0.1888   0.1491   0.1184   0.1128   0.3608   0.6454   0.4552   0.5099    0.246   0.8008   0.4647   0.3263    0.445   0.4333    0.446   0.0782   0.4858   0.4818   0.1166   0.3694   0.2757   0.0587   0.0581   0.2456   0.0516   0.6863   0.1204   0.0556   0.5218   0.1526   0.3865   0.1861   0.2031   0.1417   0.3629   0.3497   0.2951   0.3834   0.0553   0.5092   0.7415   0.4682   0.3623   0.0462   0.5081   0.5671   0.1203   0.0833   0.0904   0.1178   0.0597   0.1286   0.2013   0.7058   0.7311   0.1223   0.0371   0.5317   0.1619   0.1058   0.3458   0.6105   0.4192   0.1571   0.2024   0.1685   0.1198   0.1331   0.1758   0.1475   0.0553     0.06   0.2316   0.2414   0.3193    0.161   0.0812   0.5121   0.0597    0.158   0.3519    0.476   0.2299   0.1735   0.2937   0.7624   0.5208   0.4048      1.0
  snr   -16.31
    H     4.77
 exon    False

M: mem
 freq      0.0   0.0033   0.0065   0.0098   0.0131   0.0163   0.0196   0.0229   0.0261   0.0294   0.0327   0.0359   0.0392   0.0425   0.0458    0.049   0.0523   0.0556   0.0588   0.0621   0.0654   0.0686   0.0719   0.0752   0.0784   0.0817    0.085   0.0882   0.0915   0.0948    0.098   0.1013   0.1046   0.1078   0.1111   0.1144   0.1176   0.1209   0.1242   0.1275   0.1307    0.134   0.1373   0.1405   0.1438   0.1471   0.1503   0.1536   0.1569   0.1601   0.1634   0.1667   0.1699   0.1732   0.1765   0.1797    0.183   0.1863   0.1895   0.1928   0.1961   0.1993   0.2026   0.2059   0.2092   0.2124   0.2157    0.219   0.2222   0.2255   0.2288    0.232   0.2353   0.2386   0.2418   0.2451   0.2484   0.2516   0.2549   0.2582   0.2614   0.2647    0.268   0.2712   0.2745   0.2778    0.281   0.2843   0.2876   0.2908   0.2941   0.2974   0.3007   0.3039   0.3072   0.3105   0.3137    0.317   0.3203   0.3235   0.3268   0.3301   0.3333   0.3366   0.3399   0.3431   0.3464   0.3497   0.3529   0.3562   0.3595   0.3627    0.366   0.3693   0.3725   0.3758   0.3791   0.3824   0.3856   0.3889   0.3922   0.3954   0.3987    0.402   0.4052   0.4085   0.4118    0.415   0.4183   0.4216   0.4248   0.4281   0.4314   0.4346   0.4379   0.4412   0.4444   0.4477    0.451   0.4542   0.4575   0.4608   0.4641   0.4673   0.4706   0.4739   0.4771   0.4804   0.4837   0.4869   0.4902   0.4935   0.4967
    S      0.0   0.3392   0.0458   0.2402   0.2698   0.0202   0.0527   0.0606   0.0904   0.0598   0.2412   0.0602   0.7731    0.229   0.2838    0.062    0.021   0.0332   0.3898   0.0104   0.1851    0.134   0.4882   0.2206   0.0581   0.0287   0.1241   0.0318   0.0683   0.0669   0.0504   0.0915   0.1312   0.0039   0.0534   0.1017   0.0867   0.1897   0.0136   0.2264   0.0306    0.193   0.0106   0.1518   0.1767   0.1521   0.0008   0.5138   0.1581   0.0275   0.0006   0.0851   0.1008   0.2923   0.0247    0.171   0.1467   0.0823   0.2477   0.3967   0.0112   0.0639   0.2789   0.0052   0.1229   0.0062   0.0013    0.013   0.1365   0.0995   0.1204   0.0635   0.3062   0.1998   0.0316   0.0064   0.1058   0.0168   0.3732   0.0096    0.069   0.3789   0.0024    0.035   0.3156   0.0096   0.4809   0.0223   0.3075   0.0486   0.0718   0.2375   0.1017   0.0133   0.0392   0.2797   0.0309   0.1078   0.1991   0.1375   0.0035   0.0882   0.2462   0.0119   0.0227    0.186   0.2394   0.0148   0.0241   0.0176   0.0291   0.1401   0.1021   0.1924   0.1839   0.0265   0.0237   0.6961   0.0088   0.0835   0.0594   0.1541   0.1544   0.2605   0.1015    0.058   0.4979   0.0414   0.2719   0.0458   0.6269   0.3428   0.0733   0.0192   0.0468   0.0252   0.0516   0.0983   0.1988    0.069    0.223   0.0576   0.0545    0.064   0.0185   0.0842   0.3371   0.0269   0.2767      1.0   0.0651    0.468   0.2017
  snr    -13.2
    H     4.52
 exon    False

M: alg1
 freq      0.0   0.0033   0.0065   0.0098   0.0131   0.0163   0.0196   0.0229   0.0261   0.0294   0.0327   0.0359   0.0392   0.0425   0.0458    0.049   0.0523   0.0556   0.0588   0.0621   0.0654   0.0686   0.0719   0.0752   0.0784   0.0817    0.085   0.0882   0.0915   0.0948    0.098   0.1013   0.1046   0.1078   0.1111   0.1144   0.1176   0.1209   0.1242   0.1275   0.1307    0.134   0.1373   0.1405   0.1438   0.1471   0.1503   0.1536   0.1569   0.1601   0.1634   0.1667   0.1699   0.1732   0.1765   0.1797    0.183   0.1863   0.1895   0.1928   0.1961   0.1993   0.2026   0.2059   0.2092   0.2124   0.2157    0.219   0.2222   0.2255   0.2288    0.232   0.2353   0.2386   0.2418   0.2451   0.2484   0.2516   0.2549   0.2582   0.2614   0.2647    0.268   0.2712   0.2745   0.2778    0.281   0.2843   0.2876   0.2908   0.2941   0.2974   0.3007   0.3039   0.3072   0.3105   0.3137    0.317   0.3203   0.3235   0.3268   0.3301   0.3333   0.3366   0.3399   0.3431   0.3464   0.3497   0.3529   0.3562   0.3595   0.3627    0.366   0.3693   0.3725   0.3758   0.3791   0.3824   0.3856   0.3889   0.3922   0.3954   0.3987    0.402   0.4052   0.4085   0.4118    0.415   0.4183   0.4216   0.4248   0.4281   0.4314   0.4346   0.4379   0.4412   0.4444   0.4477    0.451   0.4542   0.4575   0.4608   0.4641   0.4673   0.4706   0.4739   0.4771   0.4804   0.4837   0.4869   0.4902   0.4935   0.4967
    S      0.0   0.4474   0.0995   0.1238   0.1472   0.0798   0.1345   0.0167   0.0458    0.084   0.1828   0.1287   0.4961   0.1263   0.1532    0.185   0.0157   0.0091   0.3411   0.0064   0.1181   0.0659   0.1995   0.2401   0.1495   0.0421   0.0819   0.0138   0.0472   0.0366   0.0535   0.0831   0.1091   0.0187   0.0508   0.0515   0.0343   0.0479   0.0206   0.3517   0.0371   0.2068   0.0391   0.0579   0.0978   0.0752   0.0068   0.4059   0.1259   0.1206   0.1282   0.1506   0.1609   0.3292   0.0077   0.1097   0.1604   0.1525    0.144   0.1684   0.0391   0.0344   0.3809   0.1016   0.0764   0.0481   0.0292   0.0446   0.0972   0.0674   0.2194    0.291   0.1688   0.0873   0.0949    0.112   0.0841   0.0153    0.131   0.0134   0.0655   0.1383   0.0084   0.1494   0.1358   0.0192   0.2388   0.0667   0.2607   0.3176   0.0522   0.1741   0.2945   0.0045   0.1014    0.093   0.0105   0.0653   0.1459   0.0625   0.0899   0.0504   0.1941   0.1681   0.2056    0.045   0.1507   0.0161   0.1294   0.0608   0.0119   0.1181   0.0428   0.0842   0.1254   0.0256   0.0394   0.2461   0.0677   0.0709   0.0268   0.2647   0.0829   0.1025   0.2124   0.0831   0.2302    0.038   0.1611   0.0335   0.4084   0.3271    0.019   0.0117   0.0388    0.024   0.0164   0.0221   0.0649   0.0354   0.1135   0.2613   0.0205    0.096   0.0641   0.1987   0.4583   0.0327   0.1318      1.0   0.0492   0.4553   0.2899
  snr    -12.6
    H     4.63
 exon    False

M: alg2
 freq      0.0   0.0033   0.0065   0.0098   0.0131   0.0163   0.0196   0.0229   0.0261   0.0294   0.0327   0.0359   0.0392   0.0425   0.0458    0.049   0.0523   0.0556   0.0588   0.0621   0.0654   0.0686   0.0719   0.0752   0.0784   0.0817    0.085   0.0882   0.0915   0.0948    0.098   0.1013   0.1046   0.1078   0.1111   0.1144   0.1176   0.1209   0.1242   0.1275   0.1307    0.134   0.1373   0.1405   0.1438   0.1471   0.1503   0.1536   0.1569   0.1601   0.1634   0.1667   0.1699   0.1732   0.1765   0.1797    0.183   0.1863   0.1895   0.1928   0.1961   0.1993   0.2026   0.2059   0.2092   0.2124   0.2157    0.219   0.2222   0.2255   0.2288    0.232   0.2353   0.2386   0.2418   0.2451   0.2484   0.2516   0.2549   0.2582   0.2614   0.2647    0.268   0.2712   0.2745   0.2778    0.281   0.2843   0.2876   0.2908   0.2941   0.2974   0.3007   0.3039   0.3072   0.3105   0.3137    0.317   0.3203   0.3235   0.3268   0.3301   0.3333   0.3366   0.3399   0.3431   0.3464   0.3497   0.3529   0.3562   0.3595   0.3627    0.366   0.3693   0.3725   0.3758   0.3791   0.3824   0.3856   0.3889   0.3922   0.3954   0.3987    0.402   0.4052   0.4085   0.4118    0.415   0.4183   0.4216   0.4248   0.4281   0.4314   0.4346   0.4379   0.4412   0.4444   0.4477    0.451   0.4542   0.4575   0.4608   0.4641   0.4673   0.4706   0.4739   0.4771   0.4804   0.4837   0.4869   0.4902   0.4935   0.4967
    S      0.0   0.2198   0.0996   0.0483   0.1087   0.0579   0.2285   0.0243   0.0398   0.0753   0.2009   0.1065   0.4952   0.2255   0.1419   0.1366   0.0103    0.007   0.3618   0.0139   0.0608   0.0704   0.1659   0.2182   0.0805   0.0093   0.1256   0.0046   0.0344   0.0651   0.1086    0.011   0.0675   0.0008   0.0642   0.0796   0.0751   0.0079   0.0596   0.1758   0.0032   0.0938    0.018   0.0375   0.0634   0.1095    0.001   0.4282   0.1328   0.0638   0.0104   0.1464   0.0537   0.2877   0.0152   0.1378   0.1644    0.101   0.0909   0.1067   0.0602   0.0283   0.2353   0.0525   0.0531   0.0242   0.0265   0.0508   0.0265   0.0031   0.1091   0.2963   0.0722   0.0895   0.1109   0.0661   0.0267   0.0349    0.073   0.0082   0.0351   0.1466   0.0185   0.1264   0.1744   0.0351   0.2362   0.0792   0.2031   0.1459   0.0752   0.1977   0.3315   0.0171   0.1402   0.0717   0.0325   0.1012   0.1209   0.0137   0.0358   0.0384    0.155   0.1444   0.0976   0.0042   0.2763   0.0183   0.1363   0.0441    0.007   0.0675   0.0603   0.1061    0.168   0.0397   0.0797   0.2142   0.0807   0.0984    0.035   0.2376   0.1015   0.0933   0.1882   0.1944   0.1951   0.0137   0.1405   0.0459   0.2771    0.276   0.0023    0.042   0.0413   0.0113   0.0375   0.0014   0.0707   0.0602   0.0988   0.2042   0.0224   0.0994   0.1108    0.136   0.4582    0.057    0.201      1.0   0.0072   0.6299   0.3284
  snr   -12.09
    H     4.57
 exon    False