>data-XIV-cerevisiae-intergenic-13
N: 565
Methods: voss, eiip, qpsk, mem, tbpse, snrse

M: voss
 freq      0.0   0.0018   0.0035   0.0053   0.0071   0.0088   0.0106   0.0124   0.0142   0.0159   0.0177   0.0195   0.0212    0.023   0.0248   0.0265   0.0283   0.0301   0.0319   0.0336   0.0354   0.0372   0.0389   0.0407   0.0425   0.0442    0.046   0.0478   0.0496   0.0513   0.0531   0.0549   0.0566   0.0584   0.0602   0.0619   0.0637   0.0655   0.0673    0.069   0.0708   0.0726   0.0743   0.0761   0.0779   0.0796   0.0814   0.0832    0.085   0.0867   0.0885   0.0903    0.092   0.0938   0.0956   0.0973   0.0991   0.1009   0.1027   0.1044   0.1062    0.108   0.1097   0.1115   0.1133    0.115   0.1168   0.1186   0.1204   0.1221   0.1239   0.1257   0.1274   0.1292    0.131   0.1327   0.1345   0.1363   0.1381   0.1398   0.1416   0.1434   0.1451   0.1469   0.1487   0.1504   0.1522    0.154   0.1558   0.1575   0.1593   0.1611   0.1628   0.1646   0.1664   0.1681   0.1699   0.1717   0.1735   0.1752    0.177   0.1788   0.1805   0.1823   0.1841   0.1858   0.1876   0.1894   0.1912   0.1929   0.1947   0.1965   0.1982      0.2   0.2018   0.2035   0.2053   0.2071   0.2088   0.2106   0.2124   0.2142   0.2159   0.2177   0.2195   0.2212    0.223   0.2248   0.2265   0.2283   0.2301   0.2319   0.2336   0.2354   0.2372   0.2389   0.2407   0.2425   0.2442    0.246   0.2478   0.2496   0.2513   0.2531   0.2549   0.2566   0.2584   0.2602   0.2619   0.2637   0.2655   0.2673    0.269   0.2708   0.2726   0.2743   0.2761   0.2779   0.2796   0.2814   0.2832    0.285   0.2867   0.2885   0.2903    0.292   0.2938   0.2956   0.2973   0.2991   0.3009   0.3027   0.3044   0.3062    0.308   0.3097   0.3115   0.3133    0.315   0.3168   0.3186   0.3204   0.3221   0.3239   0.3257   0.3274   0.3292    0.331   0.3327   0.3345   0.3363   0.3381   0.3398   0.3416   0.3434   0.3451   0.3469   0.3487   0.3504   0.3522    0.354   0.3558   0.3575   0.3593   0.3611   0.3628   0.3646   0.3664   0.3681   0.3699   0.3717   0.3735   0.3752    0.377   0.3788   0.3805   0.3823   0.3841   0.3858   0.3876   0.3894   0.3912   0.3929   0.3947   0.3965   0.3982      0.4   0.4018   0.4035   0.4053   0.4071   0.4088   0.4106   0.4124   0.4142   0.4159   0.4177   0.4195   0.4212    0.423   0.4248   0.4265   0.4283   0.4301   0.4319   0.4336   0.4354   0.4372   0.4389   0.4407   0.4425   0.4442    0.446   0.4478   0.4496   0.4513   0.4531   0.4549   0.4566   0.4584   0.4602   0.4619   0.4637   0.4655   0.4673    0.469   0.4708   0.4726   0.4743   0.4761   0.4779   0.4796   0.4814   0.4832    0.485   0.4867   0.4885   0.4903    0.492   0.4938   0.4956   0.4973   0.4991
    S      0.0   0.4887   0.9475      1.0    0.596   0.3278   0.5681   0.3637   0.1765    0.261   0.2615   0.2018   0.1083   0.2734   0.1056   0.3094   0.3441   0.1486   0.4008     0.19   0.1495   0.2016   0.0838   0.2147   0.0523   0.5092    0.565   0.0511    0.359   0.1152   0.3887   0.3475   0.1281   0.1009   0.3745   0.1824   0.3334   0.0849    0.229   0.3296   0.2338   0.6003   0.2368   0.1644   0.2928   0.1632   0.4192   0.2181   0.3172   0.5454   0.0754   0.3938   0.2858   0.1437   0.2934   0.5256   0.0565   0.1954   0.5314   0.0897   0.4131   0.4492   0.1573   0.1383   0.1333   0.1302   0.1662   0.6683   0.5164   0.5763   0.2794   0.4334   0.0868   0.0948   0.1479   0.1725    0.105   0.2429   0.1703   0.3136   0.5136   0.3907   0.0972    0.174   0.3421    0.172   0.1697   0.2581   0.3625   0.2944   0.4034   0.1948     0.53    0.631   0.1052   0.0892   0.3404    0.195   0.4491   0.2595   0.1715   0.1549   0.1404   0.0469   0.2007   0.1156   0.1174   0.1351   0.6087   0.2107    0.313   0.4069   0.3007   0.3311   0.3182   0.5318   0.2491   0.2088   0.1249    0.186    0.279   0.0756   0.4763   0.1108   0.7818   0.5183   0.3526   0.1891   0.1358   0.4278   0.4461   0.3889   0.2946   0.1705   0.0499    0.321   0.3211   0.2522   0.2815   0.1364   0.1453    0.066   0.1003    0.396   0.1711   0.3751    0.055   0.3688   0.4368   0.2323   0.1859   0.3151   0.2333   0.0796   0.0543   0.1823   0.1895   0.3276    0.155   0.6106   0.7437   0.1879   0.2586   0.1648   0.2705   0.3225   0.1266   0.1177   0.1105   0.0708   0.0832   0.4121   0.3686   0.5471   0.4087   0.2046   0.0174   0.4322    0.228   0.1093   0.0646   0.3452   0.3277   0.2258   0.4052   0.0509    0.445   0.1854   0.3966   0.4054   0.2902   0.4001   0.1649   0.0659   0.2315   0.3686   0.0446    0.141    0.257   0.9305   0.3217   0.1451   0.8695   0.1633   0.4017   0.2307   0.1173   0.0856   0.3883   0.4277   0.2384   0.2106   0.3313   0.2575   0.3867   0.4921   0.3549   0.2514    0.338   0.4359   0.2711   0.2214   0.5181   0.4076   0.3249   0.3097   0.6842   0.2553   0.1587   0.3076   0.0813   0.4096   0.2552   0.4697   0.1478   0.4448   0.1718   0.4249   0.4543   0.2855   0.2307   0.1174   0.1913   0.5768   0.0786   0.3397   0.0795   0.0468    0.257     0.07   0.3589   0.2672   0.0964   0.3153     0.23   0.2698   0.2512   0.1688   0.2006    0.177   0.0882   0.5208   0.6241   0.1326   0.9674   0.4665    0.474   0.6323   0.1614   0.3041   0.0617   0.4189   0.2575   0.2219   0.2858   0.1971   0.1058   0.2081   0.4029   0.1006   0.0925   0.3456    0.117
  snr   -18.98
    H     5.46
 exon    False

M: eiip
 freq      0.0   0.0018   0.0035   0.0053   0.0071   0.0088   0.0106   0.0124   0.0142   0.0159   0.0177   0.0195   0.0212    0.023   0.0248   0.0265   0.0283   0.0301   0.0319   0.0336   0.0354   0.0372   0.0389   0.0407   0.0425   0.0442    0.046   0.0478   0.0496   0.0513   0.0531   0.0549   0.0566   0.0584   0.0602   0.0619   0.0637   0.0655   0.0673    0.069   0.0708   0.0726   0.0743   0.0761   0.0779   0.0796   0.0814   0.0832    0.085   0.0867   0.0885   0.0903    0.092   0.0938   0.0956   0.0973   0.0991   0.1009   0.1027   0.1044   0.1062    0.108   0.1097   0.1115   0.1133    0.115   0.1168   0.1186   0.1204   0.1221   0.1239   0.1257   0.1274   0.1292    0.131   0.1327   0.1345   0.1363   0.1381   0.1398   0.1416   0.1434   0.1451   0.1469   0.1487   0.1504   0.1522    0.154   0.1558   0.1575   0.1593   0.1611   0.1628   0.1646   0.1664   0.1681   0.1699   0.1717   0.1735   0.1752    0.177   0.1788   0.1805   0.1823   0.1841   0.1858   0.1876   0.1894   0.1912   0.1929   0.1947   0.1965   0.1982      0.2   0.2018   0.2035   0.2053   0.2071   0.2088   0.2106   0.2124   0.2142   0.2159   0.2177   0.2195   0.2212    0.223   0.2248   0.2265   0.2283   0.2301   0.2319   0.2336   0.2354   0.2372   0.2389   0.2407   0.2425   0.2442    0.246   0.2478   0.2496   0.2513   0.2531   0.2549   0.2566   0.2584   0.2602   0.2619   0.2637   0.2655   0.2673    0.269   0.2708   0.2726   0.2743   0.2761   0.2779   0.2796   0.2814   0.2832    0.285   0.2867   0.2885   0.2903    0.292   0.2938   0.2956   0.2973   0.2991   0.3009   0.3027   0.3044   0.3062    0.308   0.3097   0.3115   0.3133    0.315   0.3168   0.3186   0.3204   0.3221   0.3239   0.3257   0.3274   0.3292    0.331   0.3327   0.3345   0.3363   0.3381   0.3398   0.3416   0.3434   0.3451   0.3469   0.3487   0.3504   0.3522    0.354   0.3558   0.3575   0.3593   0.3611   0.3628   0.3646   0.3664   0.3681   0.3699   0.3717   0.3735   0.3752    0.377   0.3788   0.3805   0.3823   0.3841   0.3858   0.3876   0.3894   0.3912   0.3929   0.3947   0.3965   0.3982      0.4   0.4018   0.4035   0.4053   0.4071   0.4088   0.4106   0.4124   0.4142   0.4159   0.4177   0.4195   0.4212    0.423   0.4248   0.4265   0.4283   0.4301   0.4319   0.4336   0.4354   0.4372   0.4389   0.4407   0.4425   0.4442    0.446   0.4478   0.4496   0.4513   0.4531   0.4549   0.4566   0.4584   0.4602   0.4619   0.4637   0.4655   0.4673    0.469   0.4708   0.4726   0.4743   0.4761   0.4779   0.4796   0.4814   0.4832    0.485   0.4867   0.4885   0.4903    0.492   0.4938   0.4956   0.4973   0.4991
    S      0.0   0.6083   0.0706   0.1402   0.5379   0.7282   0.0491   0.1762   0.1364   0.2004   0.1621   0.1311   0.2091   0.1651   0.2356    0.104   0.1445   0.2733   0.1149   0.0049   0.0197   0.1189    0.011    0.213   0.0395   0.1659   0.5954   0.0424   0.2401   0.0146   0.4827   0.0048   0.1483   0.1103   0.6079   0.1433   0.3094    0.048   0.0445   0.2759   0.0363   0.9125   0.5299   0.0613   0.0535   0.2986   0.1287   0.1279   0.0664   0.3994   0.0254   0.0107   0.0635    0.027    0.102   0.1914   0.0224   0.1013   0.0344   0.0247   0.3449   0.2889   0.3087   0.2222   0.0869   0.1615    0.035   0.0248   0.0557   0.4088   0.4182   0.7975   0.0097   0.0255   0.2183    0.194   0.0375   0.1847   0.2051   0.1982   0.6034   0.0002   0.0988   0.0932    0.034   0.1385   0.0418   0.1764   0.4284   0.1526   0.2275   0.2516   0.2505   0.3288   0.0284   0.0651   0.0471   0.0786   0.6201   0.1089   0.1104   0.1328   0.2581   0.0175   0.0689   0.0659   0.0024   0.0383   0.0157    0.345   0.3365   0.0211   0.0268   0.1046   0.2224   0.0999   0.0067   0.3785   0.0628   0.1841   0.4064   0.0028   0.2451   0.2374   0.1717   0.1736   0.5558    0.122   0.0118   0.1903   0.0916   0.4363   0.2008   0.0629   0.0037   0.0809   0.3653     0.01   0.5056   0.0128   0.0575   0.0174   0.0301   0.5113   0.0713   0.3939   0.0403   0.0126   0.2339   0.1662    0.111   0.5124   0.2958   0.0747   0.0069   0.2502   0.1076   0.0613   0.0157   0.5105   0.0032   0.0746   0.3114   0.2236   0.3308   0.0186   0.0408   0.0482   0.1399   0.1033   0.1496    0.638   0.4433   0.7484   0.0302   0.1654   0.0218   0.1294   0.3341   0.1352   0.0928   0.0586   0.5699   0.2084   0.3035    0.001      1.0   0.2647   0.0093   0.3846   0.6092   0.1393   0.0602   0.0074   0.3963   0.0255   0.0301   0.0236   0.3637   0.0685   0.3311   0.1239   0.0367   0.0051   0.3134   0.2122   0.0774   0.1146   0.4921   0.2005   0.1231    0.036   0.3255   0.3927    0.214   0.4353   0.1267   0.3486   0.0245   0.1499   0.0861   0.1708   0.7175   0.7936   0.3641   0.3066   0.3967   0.3244   0.1652   0.1683   0.0548    0.152   0.5259   0.1317   0.1098   0.2321   0.0343    0.036   0.5622   0.5291   0.1054   0.1946   0.2053   0.5703   0.0169   0.4816   0.0125   0.0059    0.268   0.1432    0.231   0.1272   0.1175    0.594   0.2752   0.4259   0.2969   0.0722   0.0299   0.2018   0.0979   0.9887   0.9453   0.1622   0.8709   0.6721   0.7285    0.111   0.0236   0.3717   0.0427    0.413   0.2953   0.1997    0.392   0.2472   0.0605    0.092   0.0419   0.1968    0.119   0.5655   0.2315
  snr   -17.69
    H     5.21
 exon     True

M: qpsk
 freq      0.0   0.0018   0.0035   0.0053   0.0071   0.0088   0.0106   0.0124   0.0142   0.0159   0.0177   0.0195   0.0212    0.023   0.0248   0.0265   0.0283   0.0301   0.0319   0.0336   0.0354   0.0372   0.0389   0.0407   0.0425   0.0442    0.046   0.0478   0.0496   0.0513   0.0531   0.0549   0.0566   0.0584   0.0602   0.0619   0.0637   0.0655   0.0673    0.069   0.0708   0.0726   0.0743   0.0761   0.0779   0.0796   0.0814   0.0832    0.085   0.0867   0.0885   0.0903    0.092   0.0938   0.0956   0.0973   0.0991   0.1009   0.1027   0.1044   0.1062    0.108   0.1097   0.1115   0.1133    0.115   0.1168   0.1186   0.1204   0.1221   0.1239   0.1257   0.1274   0.1292    0.131   0.1327   0.1345   0.1363   0.1381   0.1398   0.1416   0.1434   0.1451   0.1469   0.1487   0.1504   0.1522    0.154   0.1558   0.1575   0.1593   0.1611   0.1628   0.1646   0.1664   0.1681   0.1699   0.1717   0.1735   0.1752    0.177   0.1788   0.1805   0.1823   0.1841   0.1858   0.1876   0.1894   0.1912   0.1929   0.1947   0.1965   0.1982      0.2   0.2018   0.2035   0.2053   0.2071   0.2088   0.2106   0.2124   0.2142   0.2159   0.2177   0.2195   0.2212    0.223   0.2248   0.2265   0.2283   0.2301   0.2319   0.2336   0.2354   0.2372   0.2389   0.2407   0.2425   0.2442    0.246   0.2478   0.2496   0.2513   0.2531   0.2549   0.2566   0.2584   0.2602   0.2619   0.2637   0.2655   0.2673    0.269   0.2708   0.2726   0.2743   0.2761   0.2779   0.2796   0.2814   0.2832    0.285   0.2867   0.2885   0.2903    0.292   0.2938   0.2956   0.2973   0.2991   0.3009   0.3027   0.3044   0.3062    0.308   0.3097   0.3115   0.3133    0.315   0.3168   0.3186   0.3204   0.3221   0.3239   0.3257   0.3274   0.3292    0.331   0.3327   0.3345   0.3363   0.3381   0.3398   0.3416   0.3434   0.3451   0.3469   0.3487   0.3504   0.3522    0.354   0.3558   0.3575   0.3593   0.3611   0.3628   0.3646   0.3664   0.3681   0.3699   0.3717   0.3735   0.3752    0.377   0.3788   0.3805   0.3823   0.3841   0.3858   0.3876   0.3894   0.3912   0.3929   0.3947   0.3965   0.3982      0.4   0.4018   0.4035   0.4053   0.4071   0.4088   0.4106   0.4124   0.4142   0.4159   0.4177   0.4195   0.4212    0.423   0.4248   0.4265   0.4283   0.4301   0.4319   0.4336   0.4354   0.4372   0.4389   0.4407   0.4425   0.4442    0.446   0.4478   0.4496   0.4513   0.4531   0.4549   0.4566   0.4584   0.4602   0.4619   0.4637   0.4655   0.4673    0.469   0.4708   0.4726   0.4743   0.4761   0.4779   0.4796   0.4814   0.4832    0.485   0.4867   0.4885   0.4903    0.492   0.4938   0.4956   0.4973   0.4991
    S      0.0   0.5462   0.9998   0.6829   0.7374   0.4393   0.3895   0.3789   0.1757   0.1802    0.295   0.2436   0.1439   0.0435   0.0529   0.2309   0.4481   0.1813   0.3158    0.096   0.0533   0.1405    0.029   0.2787   0.0703   0.4527   0.6612   0.0209   0.3196   0.1351   0.2114   0.4446   0.1559     0.02   0.5224   0.0448   0.3616    0.118   0.2821   0.1498   0.1934   0.4297   0.3036   0.2222    0.156   0.2006   0.3356   0.1942   0.3822   0.6536   0.0815   0.4191   0.0601   0.0933   0.2753   0.4794   0.0607   0.2349   0.4805   0.0464   0.4891   0.2748   0.1364   0.1718   0.1696   0.1359   0.1147   0.4792   0.1272   0.5592    0.145   0.3852   0.0877   0.0916   0.0783   0.2391   0.1237   0.0693   0.0571   0.0915   0.6491   0.2818    0.083   0.2228   0.4713   0.0701   0.0792   0.3418   0.0906   0.2664   0.2533   0.1459   0.2736   0.7203   0.0696   0.0792   0.3355   0.0534   0.4099    0.245   0.1452   0.0486   0.1903   0.0123   0.1841   0.1327   0.1525   0.1527   0.2814   0.1753   0.3429   0.3055   0.1856   0.4391   0.2437   0.1848   0.2535   0.2354   0.0274   0.0452   0.3474   0.0653   0.2028   0.1384   0.7059   0.5399   0.4717   0.2273   0.0534   0.2558   0.2095   0.4421   0.3299   0.0324   0.0574   0.2421   0.4034   0.2964   0.3365   0.0814   0.0797   0.0652   0.0203    0.525   0.1978   0.4979   0.0305   0.3555   0.3898   0.1423   0.1046   0.0955   0.2885    0.092   0.0721   0.1657   0.0447    0.449     0.06   0.7412   0.6873    0.193   0.1678   0.1457    0.062    0.218   0.1129   0.1487   0.1466   0.0746   0.1162   0.5098   0.4992   0.6998   0.3859   0.2773   0.0055   0.5052    0.307   0.1108   0.0895   0.4908   0.4516   0.3074   0.4018   0.0593   0.4159   0.1605   0.3989   0.5144   0.1443   0.4383   0.2049   0.0894   0.1863   0.1742   0.0342   0.1072   0.2341      1.0   0.3587   0.1025   0.5145   0.1242   0.1645   0.3032   0.1614   0.0572   0.5078   0.5011   0.3148   0.2891   0.4402   0.2727   0.4567   0.4559   0.1597   0.1937   0.4773   0.5789   0.3691   0.2721   0.6463   0.5604    0.418    0.405   0.7633   0.1634   0.0656   0.3905   0.0856   0.4193   0.2715   0.5552   0.1769   0.4326   0.2384    0.178   0.5405   0.3725   0.2158   0.1666   0.2514   0.4149   0.1103   0.3777   0.0701   0.0468   0.3072   0.0335   0.1239    0.192   0.1084   0.4461   0.1445   0.2611   0.0482   0.1456   0.1801   0.1509   0.0783   0.4763   0.8131   0.0339   0.4325   0.6126   0.6652   0.4855   0.1156   0.3702   0.0733   0.4144   0.1802   0.1256   0.3885   0.2618   0.0985    0.122   0.2891   0.1157   0.0394    0.394   0.1452
  snr   -18.67
    H     5.39
 exon     True

M: mem
 freq      0.0   0.0018   0.0035   0.0053   0.0071   0.0089   0.0106   0.0124   0.0142    0.016   0.0177   0.0195   0.0213    0.023   0.0248   0.0266   0.0284   0.0301   0.0319   0.0337   0.0355   0.0372    0.039   0.0408   0.0426   0.0443   0.0461   0.0479   0.0496   0.0514   0.0532    0.055   0.0567   0.0585   0.0603   0.0621   0.0638   0.0656   0.0674   0.0691   0.0709   0.0727   0.0745   0.0762    0.078   0.0798   0.0816   0.0833   0.0851   0.0869   0.0887   0.0904   0.0922    0.094   0.0957   0.0975   0.0993   0.1011   0.1028   0.1046   0.1064   0.1082   0.1099   0.1117   0.1135   0.1152    0.117   0.1188   0.1206   0.1223   0.1241   0.1259   0.1277   0.1294   0.1312    0.133   0.1348   0.1365   0.1383   0.1401   0.1418   0.1436   0.1454   0.1472   0.1489   0.1507   0.1525   0.1543    0.156   0.1578   0.1596   0.1613   0.1631   0.1649   0.1667   0.1684   0.1702    0.172   0.1738   0.1755   0.1773   0.1791   0.1809   0.1826   0.1844   0.1862   0.1879   0.1897   0.1915   0.1933    0.195   0.1968   0.1986   0.2004   0.2021   0.2039   0.2057   0.2074   0.2092    0.211   0.2128   0.2145   0.2163   0.2181   0.2199   0.2216   0.2234   0.2252    0.227   0.2287   0.2305   0.2323    0.234   0.2358   0.2376   0.2394   0.2411   0.2429   0.2447   0.2465   0.2482     0.25   0.2518   0.2535   0.2553   0.2571   0.2589   0.2606   0.2624   0.2642    0.266   0.2677   0.2695   0.2713    0.273   0.2748   0.2766   0.2784   0.2801   0.2819   0.2837   0.2855   0.2872    0.289   0.2908   0.2926   0.2943   0.2961   0.2979   0.2996   0.3014   0.3032    0.305   0.3067   0.3085   0.3103   0.3121   0.3138   0.3156   0.3174   0.3191   0.3209   0.3227   0.3245   0.3262    0.328   0.3298   0.3316   0.3333   0.3351   0.3369   0.3387   0.3404   0.3422    0.344   0.3457   0.3475   0.3493   0.3511   0.3528   0.3546   0.3564   0.3582   0.3599   0.3617   0.3635   0.3652    0.367   0.3688   0.3706   0.3723   0.3741   0.3759   0.3777   0.3794   0.3812    0.383   0.3848   0.3865   0.3883   0.3901   0.3918   0.3936   0.3954   0.3972   0.3989   0.4007   0.4025   0.4043    0.406   0.4078   0.4096   0.4113   0.4131   0.4149   0.4167   0.4184   0.4202    0.422   0.4238   0.4255   0.4273   0.4291   0.4309   0.4326   0.4344   0.4362   0.4379   0.4397   0.4415   0.4433    0.445   0.4468   0.4486   0.4504   0.4521   0.4539   0.4557   0.4574   0.4592    0.461   0.4628   0.4645   0.4663   0.4681   0.4699   0.4716   0.4734   0.4752    0.477   0.4787   0.4805   0.4823    0.484   0.4858   0.4876   0.4894   0.4911   0.4929   0.4947   0.4965   0.4982
    S      0.0   0.5001   0.8834    0.009    0.919   0.0402   0.3416   0.0791   0.0388   0.2247   0.0105    0.203   0.0124   0.0133   0.0343   0.1163   0.0893   0.1884   0.0889   0.0025   0.0146   0.0757   0.0137   0.2282   0.0085   0.2854   0.9626   0.0276   0.4596   0.0828   0.3176   0.5845   0.1426   0.0531   0.3613   0.0494   0.1939   0.1071   0.2996   0.0551   0.1288   0.3103   0.0514   0.1993   0.1459   0.0113   0.3778   0.1412   0.2712   0.0901   0.0082    0.203   0.0444   0.1535    0.089   0.0426   0.0724   0.0088    0.312   0.0081   0.1851   0.1897     0.08   0.0787   0.0805   0.0624   0.0336   0.2836   0.1023   0.4006   0.1332   0.4389   0.1099   0.0794   0.0934   0.3336   0.1052   0.0538   0.0264   0.1195   0.1014   0.0596   0.0588   0.2633   0.5356   0.0143   0.0953   0.2461    0.085   0.1417   0.3264   0.1077   0.1324   0.9312   0.0053   0.0578   0.1023   0.0264   0.0429   0.0721   0.1462   0.0169   0.2713   0.0212   0.1643   0.1634   0.0642   0.0981   0.1086   0.1797   0.1403   0.0177   0.0643   0.3451   0.4341   0.3002   0.2185   0.0032   0.0363   0.0019   0.1211   0.0069   0.1438    0.034   0.4145   0.1869   0.7382   0.0238   0.0042    0.294   0.3942   0.1138   0.0665   0.0001   0.0255   0.2381   0.1479   0.0504   0.0611    0.155   0.0115   0.1401   0.0149   0.0513    0.195   0.1813   0.1078   0.2637    0.557   0.0539   0.0715   0.0748   0.1391   0.0863   0.0267   0.0761   0.1206   0.3705   0.1277   0.0992   0.3508   0.0576   0.3372   0.0584   0.0566   0.0298   0.0868   0.1335   0.0168   0.0948    0.315   0.0487   0.5266   0.9821   0.0079    0.191   0.1846   0.1694   0.0495   0.1241   0.0441    0.413   0.0276   0.2481   0.1375   0.0264   0.1066   0.0366   0.7279   0.0823   0.2697   0.0428   0.2205   0.0353   0.1038   0.0164   0.0259   0.0743   0.1073   0.8144   0.0474   0.2215   0.2161    0.057   0.0015   0.2108   0.1486   0.0146   0.1333   0.4385   0.1565   0.1369   0.5913   0.1492   0.0136   0.0104   0.1116   0.7524   0.2246   0.1207   0.3032   0.2882   0.1076   0.5918   0.2178   0.0579      1.0   0.1785   0.1111   0.2143   0.3662   0.0699   0.2622    0.388   0.2044   0.1687   0.1117   0.0506   0.6788   0.0839   0.1018   0.0609   0.0137    0.319   0.2896   0.0162   0.1115   0.1267   0.0353   0.2583   0.0219   0.0658   0.0661   0.1473   0.0388   0.0252    0.011    0.216   0.1898   0.0351   0.1863   0.2055    0.192   0.0908   0.4699   0.1182   0.0353   0.0423   0.2003   0.3314   0.0741   0.1691   0.2239    0.034   0.0538    0.008   0.0909   0.0314   0.0077   0.0787   0.0038   0.0574
  snr   -16.67
    H     5.15
 exon    False

M: tbpse
 freq      0.0   0.0018   0.0035   0.0053   0.0071   0.0088   0.0106   0.0124   0.0142   0.0159   0.0177   0.0195   0.0212    0.023   0.0248   0.0265   0.0283   0.0301   0.0319   0.0336   0.0354   0.0372   0.0389   0.0407   0.0425   0.0442    0.046   0.0478   0.0496   0.0513   0.0531   0.0549   0.0566   0.0584   0.0602   0.0619   0.0637   0.0655   0.0673    0.069   0.0708   0.0726   0.0743   0.0761   0.0779   0.0796   0.0814   0.0832    0.085   0.0867   0.0885   0.0903    0.092   0.0938   0.0956   0.0973   0.0991   0.1009   0.1027   0.1044   0.1062    0.108   0.1097   0.1115   0.1133    0.115   0.1168   0.1186   0.1204   0.1221   0.1239   0.1257   0.1274   0.1292    0.131   0.1327   0.1345   0.1363   0.1381   0.1398   0.1416   0.1434   0.1451   0.1469   0.1487   0.1504   0.1522    0.154   0.1558   0.1575   0.1593   0.1611   0.1628   0.1646   0.1664   0.1681   0.1699   0.1717   0.1735   0.1752    0.177   0.1788   0.1805   0.1823   0.1841   0.1858   0.1876   0.1894   0.1912   0.1929   0.1947   0.1965   0.1982      0.2   0.2018   0.2035   0.2053   0.2071   0.2088   0.2106   0.2124   0.2142   0.2159   0.2177   0.2195   0.2212    0.223   0.2248   0.2265   0.2283   0.2301   0.2319   0.2336   0.2354   0.2372   0.2389   0.2407   0.2425   0.2442    0.246   0.2478   0.2496   0.2513   0.2531   0.2549   0.2566   0.2584   0.2602   0.2619   0.2637   0.2655   0.2673    0.269   0.2708   0.2726   0.2743   0.2761   0.2779   0.2796   0.2814   0.2832    0.285   0.2867   0.2885   0.2903    0.292   0.2938   0.2956   0.2973   0.2991   0.3009   0.3027   0.3044   0.3062    0.308   0.3097   0.3115   0.3133    0.315   0.3168   0.3186   0.3204   0.3221   0.3239   0.3257   0.3274   0.3292    0.331   0.3327   0.3345   0.3363   0.3381   0.3398   0.3416   0.3434   0.3451   0.3469   0.3487   0.3504   0.3522    0.354   0.3558   0.3575   0.3593   0.3611   0.3628   0.3646   0.3664   0.3681   0.3699   0.3717   0.3735   0.3752    0.377   0.3788   0.3805   0.3823   0.3841   0.3858   0.3876   0.3894   0.3912   0.3929   0.3947   0.3965   0.3982      0.4   0.4018   0.4035   0.4053   0.4071   0.4088   0.4106   0.4124   0.4142   0.4159   0.4177   0.4195   0.4212    0.423   0.4248   0.4265   0.4283   0.4301   0.4319   0.4336   0.4354   0.4372   0.4389   0.4407   0.4425   0.4442    0.446   0.4478   0.4496   0.4513   0.4531   0.4549   0.4566   0.4584   0.4602   0.4619   0.4637   0.4655   0.4673    0.469   0.4708   0.4726   0.4743   0.4761   0.4779   0.4796   0.4814   0.4832    0.485   0.4867   0.4885   0.4903    0.492   0.4938   0.4956   0.4973   0.4991
    S      0.0   0.2236   0.9504   0.6421   0.4202   0.0374   0.5019   0.2358   0.1316   0.1992   0.1203   0.1059   0.0255   0.1493   0.0187    0.246   0.2915    0.049   0.2167   0.1196   0.0996   0.1493   0.0593   0.1277   0.0362   0.4093   0.4083   0.0334   0.3046   0.1167   0.2101   0.4017   0.0869   0.0483   0.1307   0.1134   0.1473   0.0693   0.2004   0.1502   0.1629   0.3042   0.0246   0.1492   0.2436   0.0387   0.2788   0.1273   0.3296   0.3566   0.0496   0.3902   0.1859   0.1217   0.2354   0.3099   0.0456   0.1347   0.4545   0.0558    0.149   0.3067   0.0345   0.0667   0.1122    0.058   0.0972    0.535   0.3469   0.4327   0.0973    0.155   0.0901   0.0613   0.0689   0.1083   0.0956   0.1574   0.0707   0.2073   0.1596   0.3271   0.0368    0.127   0.3794    0.117   0.1218   0.1578   0.1835    0.269    0.325   0.0843   0.3694   0.4087   0.0887   0.0636   0.2588   0.1343   0.1579   0.1306   0.1126   0.0874   0.0381   0.0328    0.191   0.0635   0.1379   0.1433   0.4422   0.0823   0.0993   0.3082   0.1953   0.3336   0.2564   0.3612   0.2472   0.0876    0.082   0.1051   0.1472   0.0629   0.2831   0.0152   0.7336     0.34   0.1515   0.1685   0.0925   0.3407   0.3597   0.1683   0.1232   0.1134   0.0509   0.2906   0.1074   0.2593   0.0474    0.116   0.0996   0.0663   0.0684   0.2274   0.1069    0.254   0.0394   0.3697   0.3777   0.1783   0.1039   0.1129   0.0993   0.0596   0.0614   0.1075   0.1257   0.3441   0.1063   0.3612   0.7186    0.168   0.1392   0.0929   0.1222   0.2172   0.0685   0.0899   0.0536   0.0389   0.0115    0.173   0.1569   0.3083   0.3734   0.1646   0.0086   0.3348    0.045   0.0721   0.0157   0.3949   0.0734   0.1153   0.1921   0.0546   0.0558   0.0864   0.4095   0.1455   0.0608    0.268   0.1627   0.0767   0.0936   0.2212   0.0366   0.1035   0.0783      1.0   0.2028   0.0847   0.7259   0.1455   0.2125   0.1496   0.0991    0.047   0.0923   0.3623    0.236   0.2212   0.1513   0.1201   0.2591   0.2552   0.2483   0.1151   0.3973   0.3721   0.2973   0.1697   0.1726   0.0771   0.2214   0.1296   0.5171   0.0887    0.077   0.2937   0.0711   0.2572   0.0608   0.3875   0.0968   0.2344   0.1892   0.2735   0.2484   0.0584   0.1163   0.0252   0.0623   0.4003   0.0873   0.1809   0.0782   0.0414   0.1283   0.0164   0.2419   0.2268   0.0467   0.0402   0.0923   0.1033   0.1199     0.15   0.1697   0.0654   0.0589   0.1361   0.1862   0.0663   0.5217   0.1724   0.1915   0.3538   0.0955   0.1863    0.042   0.1523   0.1545   0.1148   0.1096   0.0666    0.064   0.1463   0.2473    0.033   0.0356   0.1728   0.0298
  snr   -16.98
    H     5.36
 exon     True

M: snrse
 freq      0.0   0.0018   0.0035   0.0053   0.0071   0.0088   0.0106   0.0124   0.0142   0.0159   0.0177   0.0195   0.0212    0.023   0.0248   0.0265   0.0283   0.0301   0.0319   0.0336   0.0354   0.0372   0.0389   0.0407   0.0425   0.0442    0.046   0.0478   0.0496   0.0513   0.0531   0.0549   0.0566   0.0584   0.0602   0.0619   0.0637   0.0655   0.0673    0.069   0.0708   0.0726   0.0743   0.0761   0.0779   0.0796   0.0814   0.0832    0.085   0.0867   0.0885   0.0903    0.092   0.0938   0.0956   0.0973   0.0991   0.1009   0.1027   0.1044   0.1062    0.108   0.1097   0.1115   0.1133    0.115   0.1168   0.1186   0.1204   0.1221   0.1239   0.1257   0.1274   0.1292    0.131   0.1327   0.1345   0.1363   0.1381   0.1398   0.1416   0.1434   0.1451   0.1469   0.1487   0.1504   0.1522    0.154   0.1558   0.1575   0.1593   0.1611   0.1628   0.1646   0.1664   0.1681   0.1699   0.1717   0.1735   0.1752    0.177   0.1788   0.1805   0.1823   0.1841   0.1858   0.1876   0.1894   0.1912   0.1929   0.1947   0.1965   0.1982      0.2   0.2018   0.2035   0.2053   0.2071   0.2088   0.2106   0.2124   0.2142   0.2159   0.2177   0.2195   0.2212    0.223   0.2248   0.2265   0.2283   0.2301   0.2319   0.2336   0.2354   0.2372   0.2389   0.2407   0.2425   0.2442    0.246   0.2478   0.2496   0.2513   0.2531   0.2549   0.2566   0.2584   0.2602   0.2619   0.2637   0.2655   0.2673    0.269   0.2708   0.2726   0.2743   0.2761   0.2779   0.2796   0.2814   0.2832    0.285   0.2867   0.2885   0.2903    0.292   0.2938   0.2956   0.2973   0.2991   0.3009   0.3027   0.3044   0.3062    0.308   0.3097   0.3115   0.3133    0.315   0.3168   0.3186   0.3204   0.3221   0.3239   0.3257   0.3274   0.3292    0.331   0.3327   0.3345   0.3363   0.3381   0.3398   0.3416   0.3434   0.3451   0.3469   0.3487   0.3504   0.3522    0.354   0.3558   0.3575   0.3593   0.3611   0.3628   0.3646   0.3664   0.3681   0.3699   0.3717   0.3735   0.3752    0.377   0.3788   0.3805   0.3823   0.3841   0.3858   0.3876   0.3894   0.3912   0.3929   0.3947   0.3965   0.3982      0.4   0.4018   0.4035   0.4053   0.4071   0.4088   0.4106   0.4124   0.4142   0.4159   0.4177   0.4195   0.4212    0.423   0.4248   0.4265   0.4283   0.4301   0.4319   0.4336   0.4354   0.4372   0.4389   0.4407   0.4425   0.4442    0.446   0.4478   0.4496   0.4513   0.4531   0.4549   0.4566   0.4584   0.4602   0.4619   0.4637   0.4655   0.4673    0.469   0.4708   0.4726   0.4743   0.4761   0.4779   0.4796   0.4814   0.4832    0.485   0.4867   0.4885   0.4903    0.492   0.4938   0.4956   0.4973   0.4991
    S      0.0   0.2382   0.8859   0.2752   0.4722   0.0213   0.3966   0.1753   0.0846   0.1988   0.0505   0.0559    0.014   0.0269   0.0096   0.2053   0.2342   0.0684   0.0308   0.0336   0.0407   0.1202   0.0318   0.0897   0.0252   0.3661   0.5107   0.0132   0.3386   0.1109   0.2183   0.3472    0.106   0.0256   0.1489   0.0275   0.1027   0.0636   0.1274   0.0327   0.0425   0.1927   0.0161   0.1134    0.055   0.0168   0.1181   0.0695   0.2368   0.2844   0.0311   0.3519   0.0064   0.0913   0.2037   0.1668   0.0397   0.1033   0.2313   0.0197   0.0334    0.262   0.0186   0.0589   0.1007   0.0514   0.0263   0.3203   0.0439   0.4312   0.0474   0.2269   0.0761   0.0186   0.0722   0.1282    0.064   0.0174   0.0294   0.1384   0.0615   0.2413   0.0068   0.1069    0.337    0.029   0.0814   0.1151   0.1304   0.1214   0.2014   0.0643   0.0769   0.2658   0.0683   0.0317   0.1549   0.0795   0.0697   0.0358   0.0544   0.0376    0.057   0.0021   0.1891   0.0256   0.1021    0.089   0.2281   0.0996   0.0354   0.1943   0.0853    0.337   0.2776    0.151   0.1397   0.0413   0.0056    0.012   0.1174    0.037   0.0804   0.0067   0.6061   0.2172   0.1954   0.1531   0.0418   0.0874   0.2613   0.1492   0.0402   0.0396   0.0307   0.1691    0.053   0.2365   0.0267   0.0293   0.0578     0.05   0.0369   0.1673   0.0496   0.1846   0.0091   0.1835   0.4051   0.1092    0.047   0.0817   0.0591   0.0391   0.0619   0.0885   0.0882   0.2861   0.0423   0.2669   0.6247   0.1277   0.1019    0.112   0.0649   0.1009   0.0119    0.069   0.0334   0.0178   0.0053   0.1961   0.1397   0.3532   0.3255   0.1827   0.0076   0.2124   0.0143   0.0547   0.0071   0.3451   0.0718   0.0894   0.1141   0.0513   0.0233   0.0453   0.3013   0.0543   0.0394   0.1697   0.1136   0.0627   0.1292   0.0244   0.0306   0.0696   0.0519      1.0   0.1674   0.0175   0.5451   0.0651   0.0952   0.1533   0.1001   0.0165   0.0291   0.3342   0.2148   0.1885   0.0864   0.1629   0.1543    0.118   0.1281   0.0755   0.3611   0.2848   0.2512   0.1017   0.0933   0.1226   0.2707   0.0736   0.4914   0.0159   0.0484   0.3286   0.0721   0.1575   0.0254   0.2367   0.0719   0.0571   0.1743   0.0277   0.2968   0.0494   0.0233    0.017   0.0269   0.3854    0.086   0.1609   0.0371   0.0357   0.0887   0.0083   0.1946   0.1968   0.0187   0.0445   0.0357   0.1109   0.0748   0.0939   0.1252   0.0295   0.0418   0.0262   0.1795   0.0323   0.3802   0.1513   0.1387   0.0967   0.0312   0.2326   0.0394   0.0643   0.1756   0.0654   0.0905   0.0305    0.048   0.1134   0.0923   0.0279    0.006   0.0854   0.0183
  snr   -15.44
    H     5.22
 exon     True