>data-XVI-cerevisiae-intergenic-382
N: 337
Methods: voss, eiip, qpsk, mem, tbpse, snrse

M: voss
 freq      0.0    0.003   0.0059   0.0089   0.0119   0.0148   0.0178   0.0208   0.0237   0.0267   0.0297   0.0326   0.0356   0.0386   0.0415   0.0445   0.0475   0.0504   0.0534   0.0564   0.0593   0.0623   0.0653   0.0682   0.0712   0.0742   0.0772   0.0801   0.0831   0.0861    0.089    0.092    0.095   0.0979   0.1009   0.1039   0.1068   0.1098   0.1128   0.1157   0.1187   0.1217   0.1246   0.1276   0.1306   0.1335   0.1365   0.1395   0.1424   0.1454   0.1484   0.1513   0.1543   0.1573   0.1602   0.1632   0.1662   0.1691   0.1721   0.1751    0.178    0.181    0.184   0.1869   0.1899   0.1929   0.1958   0.1988   0.2018   0.2047   0.2077   0.2107   0.2136   0.2166   0.2196   0.2226   0.2255   0.2285   0.2315   0.2344   0.2374   0.2404   0.2433   0.2463   0.2493   0.2522   0.2552   0.2582   0.2611   0.2641   0.2671     0.27    0.273    0.276   0.2789   0.2819   0.2849   0.2878   0.2908   0.2938   0.2967   0.2997   0.3027   0.3056   0.3086   0.3116   0.3145   0.3175   0.3205   0.3234   0.3264   0.3294   0.3323   0.3353   0.3383   0.3412   0.3442   0.3472   0.3501   0.3531   0.3561   0.3591    0.362    0.365    0.368   0.3709   0.3739   0.3769   0.3798   0.3828   0.3858   0.3887   0.3917   0.3947   0.3976   0.4006   0.4036   0.4065   0.4095   0.4125   0.4154   0.4184   0.4214   0.4243   0.4273   0.4303   0.4332   0.4362   0.4392   0.4421   0.4451   0.4481    0.451    0.454    0.457   0.4599   0.4629   0.4659   0.4688   0.4718   0.4748   0.4777   0.4807   0.4837   0.4866   0.4896   0.4926   0.4955   0.4985
    S      0.0   0.4446   0.2012   0.4072   0.9699      1.0   0.8106   0.3943   0.2432   0.5377    0.333   0.5399   0.1853   0.5683   0.6617   0.1612   0.1528   0.3428   0.3722   0.4663   0.8386   0.1724   0.2342     0.28   0.1972   0.1075   0.0969   0.1466   0.0743   0.5813   0.2049   0.1855   0.2371   0.0477   0.2505   0.6783   0.4888   0.2643   0.4231   0.4999   0.2689   0.7978   0.1355   0.1467   0.3591   0.1557   0.4556   0.1158   0.2338    0.459   0.1935   0.2015   0.6144   0.4186   0.2178   0.3936   0.1835   0.5837   0.5569   0.2328   0.3765   0.5485   0.6576    0.335   0.1391   0.1969   0.3022   0.2902   0.5539   0.1574   0.2601   0.2534   0.4776   0.1649   0.5968   0.1376   0.3068    0.476   0.2368    0.073   0.1783   0.1649   0.1987   0.4635   0.2527   0.2126   0.6702   0.1851   0.1941   0.4284   0.2416   0.0944   0.2117    0.222    0.041   0.3381   0.1314   0.1853   0.0826   0.0735    0.247   0.2488   0.1625    0.091   0.6066   0.2377   0.1094   0.2856   0.3937   0.1248   0.0918   0.0925   0.2795   0.1867   0.4182   0.2817   0.2482   0.2236   0.2562   0.3636   0.2999    0.307   0.0967   0.4424   0.2452   0.3083   0.2621   0.6682   0.6655   0.3458   0.2319   0.4974   0.1822   0.7712   0.2083   0.2435   0.4354   0.7868   0.2761    0.363   0.1732   0.4453   0.4792   0.4396    0.336   0.3013   0.5258   0.0515    0.369   0.4099   0.6905   0.2116   0.1224   0.0938   0.4728   0.2263   0.2799   0.2419   0.2798   0.2812   0.1837   0.2805   0.0572   0.1732    0.228   0.2036   0.4335   0.1934    0.578
  snr   -17.24
    H     4.96
 exon    False

M: eiip
 freq      0.0    0.003   0.0059   0.0089   0.0119   0.0148   0.0178   0.0208   0.0237   0.0267   0.0297   0.0326   0.0356   0.0386   0.0415   0.0445   0.0475   0.0504   0.0534   0.0564   0.0593   0.0623   0.0653   0.0682   0.0712   0.0742   0.0772   0.0801   0.0831   0.0861    0.089    0.092    0.095   0.0979   0.1009   0.1039   0.1068   0.1098   0.1128   0.1157   0.1187   0.1217   0.1246   0.1276   0.1306   0.1335   0.1365   0.1395   0.1424   0.1454   0.1484   0.1513   0.1543   0.1573   0.1602   0.1632   0.1662   0.1691   0.1721   0.1751    0.178    0.181    0.184   0.1869   0.1899   0.1929   0.1958   0.1988   0.2018   0.2047   0.2077   0.2107   0.2136   0.2166   0.2196   0.2226   0.2255   0.2285   0.2315   0.2344   0.2374   0.2404   0.2433   0.2463   0.2493   0.2522   0.2552   0.2582   0.2611   0.2641   0.2671     0.27    0.273    0.276   0.2789   0.2819   0.2849   0.2878   0.2908   0.2938   0.2967   0.2997   0.3027   0.3056   0.3086   0.3116   0.3145   0.3175   0.3205   0.3234   0.3264   0.3294   0.3323   0.3353   0.3383   0.3412   0.3442   0.3472   0.3501   0.3531   0.3561   0.3591    0.362    0.365    0.368   0.3709   0.3739   0.3769   0.3798   0.3828   0.3858   0.3887   0.3917   0.3947   0.3976   0.4006   0.4036   0.4065   0.4095   0.4125   0.4154   0.4184   0.4214   0.4243   0.4273   0.4303   0.4332   0.4362   0.4392   0.4421   0.4451   0.4481    0.451    0.454    0.457   0.4599   0.4629   0.4659   0.4688   0.4718   0.4748   0.4777   0.4807   0.4837   0.4866   0.4896   0.4926   0.4955   0.4985
    S      0.0   0.8167   0.0203   0.3619   0.4094   0.1965    0.304   0.2476   0.2052   0.0268   0.3844   0.3011   0.1047   0.7201   0.8441   0.1302   0.0283   0.2782   0.0964   0.2839   0.2782   0.2076    0.278   0.1957     0.14   0.0165   0.0694   0.1898   0.0849   0.2146   0.1258   0.1825   0.1714   0.0403   0.0061   0.1204   0.2276   0.2428   0.3971   0.4238   0.0508   0.4722   0.0755   0.0413    0.434   0.1467   0.0468   0.0158   0.1473   0.0358   0.0939   0.0095     0.04   0.7435   0.0104   0.4959   0.2237   0.1002   0.2528   0.2012   0.1585   0.1278   0.2216   0.0151   0.0415   0.0312   0.0521   0.4346   0.1163   0.1543   0.0605   0.3397   0.2855    0.117   0.0478   0.1352   0.4109    0.631   0.2369   0.0449   0.2538   0.1361    0.003   0.1394   0.2205   0.0844   0.8648   0.0469   0.2469   0.0561   0.2503   0.1041   0.0418    0.036   0.0069   0.0031   0.0108   0.0267   0.0318    0.007   0.0597   0.0639   0.1186   0.1335   0.5605   0.0191   0.0469   0.3752   0.0078   0.0451   0.1204   0.1609   0.1686   0.0653    0.771   0.0766   0.3482   0.1421   0.2271   0.2742   0.1544   0.3859   0.0783   0.2539   0.3922   0.2178   0.1722   0.3315   0.4497   0.1694   0.1032   0.7702   0.0924      1.0   0.2676   0.1978   0.4221   0.4017   0.1293   0.0089   0.0315   0.4298   0.3343   0.0048   0.1149   0.3438   0.1023    0.027   0.0663   0.0295   0.4009   0.0285   0.0154   0.1396   0.4143   0.2718   0.1456   0.0654   0.2051     0.19   0.3416   0.1298   0.0222   0.1179   0.2599   0.0138   0.2082   0.0096   0.8595
  snr   -15.23
    H      4.7
 exon    False

M: qpsk
 freq      0.0    0.003   0.0059   0.0089   0.0119   0.0148   0.0178   0.0208   0.0237   0.0267   0.0297   0.0326   0.0356   0.0386   0.0415   0.0445   0.0475   0.0504   0.0534   0.0564   0.0593   0.0623   0.0653   0.0682   0.0712   0.0742   0.0772   0.0801   0.0831   0.0861    0.089    0.092    0.095   0.0979   0.1009   0.1039   0.1068   0.1098   0.1128   0.1157   0.1187   0.1217   0.1246   0.1276   0.1306   0.1335   0.1365   0.1395   0.1424   0.1454   0.1484   0.1513   0.1543   0.1573   0.1602   0.1632   0.1662   0.1691   0.1721   0.1751    0.178    0.181    0.184   0.1869   0.1899   0.1929   0.1958   0.1988   0.2018   0.2047   0.2077   0.2107   0.2136   0.2166   0.2196   0.2226   0.2255   0.2285   0.2315   0.2344   0.2374   0.2404   0.2433   0.2463   0.2493   0.2522   0.2552   0.2582   0.2611   0.2641   0.2671     0.27    0.273    0.276   0.2789   0.2819   0.2849   0.2878   0.2908   0.2938   0.2967   0.2997   0.3027   0.3056   0.3086   0.3116   0.3145   0.3175   0.3205   0.3234   0.3264   0.3294   0.3323   0.3353   0.3383   0.3412   0.3442   0.3472   0.3501   0.3531   0.3561   0.3591    0.362    0.365    0.368   0.3709   0.3739   0.3769   0.3798   0.3828   0.3858   0.3887   0.3917   0.3947   0.3976   0.4006   0.4036   0.4065   0.4095   0.4125   0.4154   0.4184   0.4214   0.4243   0.4273   0.4303   0.4332   0.4362   0.4392   0.4421   0.4451   0.4481    0.451    0.454    0.457   0.4599   0.4629   0.4659   0.4688   0.4718   0.4748   0.4777   0.4807   0.4837   0.4866   0.4896   0.4926   0.4955   0.4985
    S      0.0   0.3695   0.1963   0.4375      1.0   0.7777   0.6011   0.3209   0.1658   0.2741   0.3488   0.2064   0.0921   0.6528   0.7626   0.1607   0.1087   0.2019   0.3894   0.4725    0.868   0.1438   0.1313    0.303   0.1152   0.1148   0.0549   0.1507   0.0533   0.4327   0.0473   0.1948   0.2602   0.0462   0.2806   0.3526   0.4758   0.2586   0.2783   0.5808   0.3018   0.3903   0.0947   0.1368   0.3782   0.1159   0.3551   0.0972   0.2748   0.2781   0.2096   0.0377   0.5875   0.4629   0.2263    0.404   0.0285   0.2823   0.5417   0.1449   0.0537   0.0914   0.5305   0.1514   0.1022   0.1536   0.2213   0.3033    0.084   0.0814   0.2647   0.1616   0.3237   0.1049   0.3172   0.1444     0.24   0.3207   0.1803   0.0345   0.1925   0.1766   0.0677   0.3188   0.0932    0.221   0.4373   0.1389   0.2064   0.1657   0.0641   0.0704   0.0718    0.182   0.0261   0.3618   0.0874   0.0412   0.0955   0.0555   0.1567   0.2551   0.1178   0.1013    0.627   0.0426   0.1056   0.3229     0.38   0.0211   0.1065   0.0928   0.0785   0.1808   0.4175   0.2355   0.1986   0.1832   0.2292    0.304   0.1871   0.3571    0.031   0.5161   0.2493   0.1943   0.2806   0.6351   0.1994   0.3281   0.0733   0.4535   0.0732   0.8954   0.2012   0.0448   0.1945   0.3405   0.2754   0.4283   0.1337   0.1452   0.5371   0.2875   0.3373   0.2986   0.3302   0.0141   0.4291   0.2327   0.7106   0.1693   0.1098   0.0886   0.4744    0.157   0.2242   0.0978    0.292   0.1002   0.1817   0.2695   0.0261   0.1229   0.1975   0.0772   0.2284   0.0951   0.6321
  snr   -16.14
    H     4.87
 exon    False

M: mem
 freq      0.0    0.003    0.006   0.0089   0.0119   0.0149   0.0179   0.0208   0.0238   0.0268   0.0298   0.0327   0.0357   0.0387   0.0417   0.0446   0.0476   0.0506   0.0536   0.0565   0.0595   0.0625   0.0655   0.0685   0.0714   0.0744   0.0774   0.0804   0.0833   0.0863   0.0893   0.0923   0.0952   0.0982   0.1012   0.1042   0.1071   0.1101   0.1131   0.1161    0.119    0.122    0.125    0.128    0.131   0.1339   0.1369   0.1399   0.1429   0.1458   0.1488   0.1518   0.1548   0.1577   0.1607   0.1637   0.1667   0.1696   0.1726   0.1756   0.1786   0.1815   0.1845   0.1875   0.1905   0.1935   0.1964   0.1994   0.2024   0.2054   0.2083   0.2113   0.2143   0.2173   0.2202   0.2232   0.2262   0.2292   0.2321   0.2351   0.2381   0.2411    0.244    0.247     0.25    0.253    0.256   0.2589   0.2619   0.2649   0.2679   0.2708   0.2738   0.2768   0.2798   0.2827   0.2857   0.2887   0.2917   0.2946   0.2976   0.3006   0.3036   0.3065   0.3095   0.3125   0.3155   0.3185   0.3214   0.3244   0.3274   0.3304   0.3333   0.3363   0.3393   0.3423   0.3452   0.3482   0.3512   0.3542   0.3571   0.3601   0.3631   0.3661    0.369    0.372    0.375    0.378    0.381   0.3839   0.3869   0.3899   0.3929   0.3958   0.3988   0.4018   0.4048   0.4077   0.4107   0.4137   0.4167   0.4196   0.4226   0.4256   0.4286   0.4315   0.4345   0.4375   0.4405   0.4435   0.4464   0.4494   0.4524   0.4554   0.4583   0.4613   0.4643   0.4673   0.4702   0.4732   0.4762   0.4792   0.4821   0.4851   0.4881   0.4911    0.494    0.497
    S      0.0   0.7621   0.1849    0.103   0.7783    0.217   0.0137   0.5951   0.1091   0.1313   0.0056   0.1076   0.0877   0.2006   0.0038   0.1137    0.026   0.2425     0.37   0.8846      1.0   0.3383   0.4112   0.3324   0.0922   0.1799    0.067   0.1975   0.0582   0.6781   0.1384   0.1349   0.0878   0.1057   0.3586   0.0387    0.154   0.0373   0.0382   0.4064   0.1801   0.1225   0.0127   0.1096   0.2044   0.0868    0.071   0.2585   0.2087   0.1492   0.1597   0.0005   0.3896   0.1316    0.242   0.1015   0.2133   0.1293   0.2253   0.0631   0.2337   0.2331   0.0699   0.0278    0.023   0.0443   0.0278   0.0077   0.1126   0.0003   0.1288   0.2372   0.0879    0.259   0.0111    0.028   0.0166   0.5998   0.5717   0.0047   0.0025   0.1724   0.0731   0.2198   0.0463    0.123   0.1322   0.0059   0.0637   0.1198   0.0193   0.0424   0.0263   0.1004   0.0787   0.1642   0.0919   0.0803    0.047   0.0038   0.1318   0.0809   0.1541   0.0229   0.0693   0.0283   0.2042   0.1785    0.053   0.0052   0.0663   0.3123   0.0049   0.1684   0.3498    0.111   0.0156   0.2359   0.1851   0.0105   0.3253   0.0705   0.0122   0.6382   0.0041   0.1928   0.1224   0.0848   0.0807   0.1487    0.024   0.1994   0.0308   0.0197   0.0657    0.275   0.1358   0.0185   0.2121   0.2634   0.2847   0.7227    0.271    0.107   0.3481   0.4887    0.003   0.1584   0.3319   0.2404   0.5525   0.0811   0.0691   0.0709   0.0427   0.6334    0.044   0.0528   0.0811   0.0418   0.2132   0.1498   0.1679   0.3062   0.0564    0.023   0.2058   0.0395
  snr   -14.36
    H     4.64
 exon    False

M: tbpse
 freq      0.0    0.003   0.0059   0.0089   0.0119   0.0148   0.0178   0.0208   0.0237   0.0267   0.0297   0.0326   0.0356   0.0386   0.0415   0.0445   0.0475   0.0504   0.0534   0.0564   0.0593   0.0623   0.0653   0.0682   0.0712   0.0742   0.0772   0.0801   0.0831   0.0861    0.089    0.092    0.095   0.0979   0.1009   0.1039   0.1068   0.1098   0.1128   0.1157   0.1187   0.1217   0.1246   0.1276   0.1306   0.1335   0.1365   0.1395   0.1424   0.1454   0.1484   0.1513   0.1543   0.1573   0.1602   0.1632   0.1662   0.1691   0.1721   0.1751    0.178    0.181    0.184   0.1869   0.1899   0.1929   0.1958   0.1988   0.2018   0.2047   0.2077   0.2107   0.2136   0.2166   0.2196   0.2226   0.2255   0.2285   0.2315   0.2344   0.2374   0.2404   0.2433   0.2463   0.2493   0.2522   0.2552   0.2582   0.2611   0.2641   0.2671     0.27    0.273    0.276   0.2789   0.2819   0.2849   0.2878   0.2908   0.2938   0.2967   0.2997   0.3027   0.3056   0.3086   0.3116   0.3145   0.3175   0.3205   0.3234   0.3264   0.3294   0.3323   0.3353   0.3383   0.3412   0.3442   0.3472   0.3501   0.3531   0.3561   0.3591    0.362    0.365    0.368   0.3709   0.3739   0.3769   0.3798   0.3828   0.3858   0.3887   0.3917   0.3947   0.3976   0.4006   0.4036   0.4065   0.4095   0.4125   0.4154   0.4184   0.4214   0.4243   0.4273   0.4303   0.4332   0.4362   0.4392   0.4421   0.4451   0.4481    0.451    0.454    0.457   0.4599   0.4629   0.4659   0.4688   0.4718   0.4748   0.4777   0.4807   0.4837   0.4866   0.4896   0.4926   0.4955   0.4985
    S      0.0   0.1964    0.085    0.231   0.3533   0.7873   0.7881   0.2379   0.2098   0.6717   0.2149   0.6923   0.2208   0.2371   0.3537   0.0806   0.1424   0.3238   0.1251   0.1107   0.2531   0.0645   0.2034     0.05   0.2147   0.0327   0.1047   0.0389   0.0684   0.4061   0.2861    0.083   0.0968   0.0156   0.0485   0.7901   0.2662   0.1889   0.4447   0.1298   0.1112   0.9162   0.1392     0.09   0.1749   0.1477   0.3787   0.0629   0.0337   0.5209   0.0795   0.3181   0.2798   0.1949   0.0954   0.2147   0.2582   0.6937   0.3216   0.2121   0.5835   0.8355   0.5826   0.4351   0.1368    0.168   0.2659   0.1809   0.8869   0.1805   0.1362   0.2408    0.481   0.1308   0.7215   0.0688    0.274   0.3792   0.1274   0.0677   0.1018   0.0436   0.2742   0.4045   0.3172   0.1325   0.6836   0.1859   0.0955   0.5862   0.3418   0.0704   0.2936   0.1708   0.0446   0.1006   0.1359   0.2828    0.015   0.0608   0.2612   0.1026   0.1386   0.0476   0.4129    0.372   0.0567   0.1092   0.1961   0.1969   0.0257   0.0348   0.4025   0.0905   0.1732   0.2129   0.2136   0.1381   0.1974   0.2619   0.2721   0.1028   0.1326   0.1025   0.1276   0.2944   0.1025   0.5253   0.9264   0.2224   0.3125   0.3731   0.2242   0.3914   0.1379   0.3299   0.5437      1.0   0.1802   0.0476   0.1367   0.5469   0.0259   0.4257   0.1882   0.0984   0.5179   0.0736   0.0426   0.4832   0.2648   0.1628   0.0696   0.0657   0.2624   0.1234   0.2035    0.322   0.1667   0.3755   0.1162   0.1463   0.0702   0.1698   0.1193   0.2759    0.487   0.2466   0.3228
  snr   -16.21
    H     4.83
 exon    False

M: snrse
 freq      0.0    0.003   0.0059   0.0089   0.0119   0.0148   0.0178   0.0208   0.0237   0.0267   0.0297   0.0326   0.0356   0.0386   0.0415   0.0445   0.0475   0.0504   0.0534   0.0564   0.0593   0.0623   0.0653   0.0682   0.0712   0.0742   0.0772   0.0801   0.0831   0.0861    0.089    0.092    0.095   0.0979   0.1009   0.1039   0.1068   0.1098   0.1128   0.1157   0.1187   0.1217   0.1246   0.1276   0.1306   0.1335   0.1365   0.1395   0.1424   0.1454   0.1484   0.1513   0.1543   0.1573   0.1602   0.1632   0.1662   0.1691   0.1721   0.1751    0.178    0.181    0.184   0.1869   0.1899   0.1929   0.1958   0.1988   0.2018   0.2047   0.2077   0.2107   0.2136   0.2166   0.2196   0.2226   0.2255   0.2285   0.2315   0.2344   0.2374   0.2404   0.2433   0.2463   0.2493   0.2522   0.2552   0.2582   0.2611   0.2641   0.2671     0.27    0.273    0.276   0.2789   0.2819   0.2849   0.2878   0.2908   0.2938   0.2967   0.2997   0.3027   0.3056   0.3086   0.3116   0.3145   0.3175   0.3205   0.3234   0.3264   0.3294   0.3323   0.3353   0.3383   0.3412   0.3442   0.3472   0.3501   0.3531   0.3561   0.3591    0.362    0.365    0.368   0.3709   0.3739   0.3769   0.3798   0.3828   0.3858   0.3887   0.3917   0.3947   0.3976   0.4006   0.4036   0.4065   0.4095   0.4125   0.4154   0.4184   0.4214   0.4243   0.4273   0.4303   0.4332   0.4362   0.4392   0.4421   0.4451   0.4481    0.451    0.454    0.457   0.4599   0.4629   0.4659   0.4688   0.4718   0.4748   0.4777   0.4807   0.4837   0.4866   0.4896   0.4926   0.4955   0.4985
    S      0.0    0.009   0.1385   0.0857   0.5146      1.0   0.2202   0.0234   0.1697   0.0437   0.0866    0.438   0.0208    0.027   0.1271   0.0792   0.0583      0.2   0.1949   0.0986   0.3167   0.0194   0.0088   0.0977   0.0218   0.0378   0.0417   0.0237   0.0493   0.1374   0.0489   0.0963   0.1041   0.0098   0.1119   0.5155   0.2317   0.0217   0.1499   0.1445   0.1382   0.6233   0.0148   0.0199    0.133   0.0214   0.2455    0.019   0.0881   0.0411   0.1445   0.0536   0.4643   0.0399   0.1191   0.0051    0.041   0.3774   0.3474   0.1023   0.1987   0.1498   0.1411   0.1051   0.0286   0.0655   0.2088   0.1077   0.3137    0.095   0.0504   0.0951   0.0976   0.0266     0.15   0.0654   0.1522   0.2058   0.0104   0.0112   0.0675   0.0781   0.0604   0.4088   0.1637   0.0521   0.2344   0.0105   0.0852   0.1313   0.1563   0.0489   0.1281   0.1311    0.013   0.2564   0.0225   0.0918   0.0473   0.0453   0.0513   0.2091   0.0076   0.0029   0.0441   0.0592   0.0369   0.0305   0.3792   0.0622   0.0142   0.0131   0.1033   0.1045   0.0122   0.2466   0.1471   0.0285   0.0316   0.1865   0.1027   0.0484   0.0319   0.2185    0.047   0.1741   0.0919   0.0029   0.5034   0.3078   0.0779    0.194   0.0153   0.0222   0.0679   0.0505   0.3111   0.4094   0.1049   0.2625   0.0167    0.044   0.1735   0.3054   0.2823   0.0954   0.4171   0.0125   0.2574   0.0184    0.312   0.0136   0.0345   0.0457   0.0841   0.0129   0.0644   0.0574   0.1081   0.1933   0.0419   0.1244   0.0045   0.1121    0.015   0.0208   0.0236    0.023   0.1223
  snr   -13.04
    H     4.65
 exon    False