>data-XVI-cerevisiae-intergenic-274
N: 362
Methods: voss, eiip, qpsk, mem, alg1, alg2

M: voss
 freq      0.0   0.0028   0.0055   0.0083    0.011   0.0138   0.0166   0.0193   0.0221   0.0249   0.0276   0.0304   0.0331   0.0359   0.0387   0.0414   0.0442    0.047   0.0497   0.0525   0.0552    0.058   0.0608   0.0635   0.0663   0.0691   0.0718   0.0746   0.0773   0.0801   0.0829   0.0856   0.0884   0.0912   0.0939   0.0967   0.0994   0.1022    0.105   0.1077   0.1105   0.1133    0.116   0.1188   0.1215   0.1243   0.1271   0.1298   0.1326   0.1354   0.1381   0.1409   0.1436   0.1464   0.1492   0.1519   0.1547   0.1575   0.1602    0.163   0.1657   0.1685   0.1713    0.174   0.1768   0.1796   0.1823   0.1851   0.1878   0.1906   0.1934   0.1961   0.1989   0.2017   0.2044   0.2072   0.2099   0.2127   0.2155   0.2182    0.221   0.2238   0.2265   0.2293    0.232   0.2348   0.2376   0.2403   0.2431   0.2459   0.2486   0.2514   0.2541   0.2569   0.2597   0.2624   0.2652    0.268   0.2707   0.2735   0.2762    0.279   0.2818   0.2845   0.2873   0.2901   0.2928   0.2956   0.2983   0.3011   0.3039   0.3066   0.3094   0.3122   0.3149   0.3177   0.3204   0.3232    0.326   0.3287   0.3315   0.3343    0.337   0.3398   0.3425   0.3453   0.3481   0.3508   0.3536   0.3564   0.3591   0.3619   0.3646   0.3674   0.3702   0.3729   0.3757   0.3785   0.3812    0.384   0.3867   0.3895   0.3923    0.395   0.3978   0.4006   0.4033   0.4061   0.4088   0.4116   0.4144   0.4171   0.4199   0.4227   0.4254   0.4282   0.4309   0.4337   0.4365   0.4392    0.442   0.4448   0.4475   0.4503    0.453   0.4558   0.4586   0.4613   0.4641   0.4669   0.4696   0.4724   0.4751   0.4779   0.4807   0.4834   0.4862    0.489   0.4917   0.4945   0.4972
    S      0.0      1.0   0.5519   0.2696   0.2098   0.6655   0.2713   0.4261   0.2373   0.2172    0.344   0.6873   0.1541   0.2736    0.367   0.1748   0.3786   0.1638   0.1585   0.2729   0.3336   0.2966   0.2322   0.3004   0.1594   0.2924   0.2115   0.1522   0.1258    0.609   0.3946    0.364   0.1203   0.2378   0.4615   0.1774   0.3362   0.1629    0.028   0.3228   0.2162   0.1492    0.183    0.179   0.1117   0.1159   0.4393   0.4041   0.3377   0.7435   0.5214   0.2151   0.2776   0.3707   0.2257   0.2122   0.1784   0.2507   0.2113   0.3294   0.2217   0.3099   0.0933   0.0485   0.1544   0.1002   0.1097   0.2275    0.147   0.2322   0.1837   0.0942   0.2264   0.4705   0.2641   0.4825    0.128   0.2542   0.2809   0.3772   0.4061   0.2012   0.1665   0.3085   0.4629   0.0978   0.1611   0.1756   0.2381   0.2834   0.1869   0.0723   0.2391   0.1041   0.1364   0.2529   0.2599   0.2507   0.2923   0.1052    0.161   0.2132   0.1943   0.1926    0.203   0.1725   0.2081   0.2737   0.2816   0.1296   0.3045   0.0378   0.1624   0.1156   0.5578   0.1999   0.0675   0.1533   0.2972   0.0702   0.3351   0.1695   0.0221   0.1604   0.1297   0.0612   0.2667   0.2354    0.097   0.0788   0.3375   0.1665   0.1677   0.1275   0.1535   0.3061   0.2967   0.3545   0.2433   0.1503   0.0405   0.1438   0.1264   0.1043   0.1383   0.3135   0.0718   0.3169   0.0933   0.2236   0.0867   0.3326   0.0754   0.1447   0.2235   0.0868   0.3281   0.0798   0.1898    0.298   0.6638    0.439   0.1099   0.3156   0.3016   0.3101   0.0512   0.0598   0.1455   0.1069   0.4008   0.2537   0.3371    0.228    0.079   0.1432   0.2069    0.216   0.0916    0.136   0.0788
  snr   -16.19
    H     5.03
 exon    False

M: eiip
 freq      0.0   0.0028   0.0055   0.0083    0.011   0.0138   0.0166   0.0193   0.0221   0.0249   0.0276   0.0304   0.0331   0.0359   0.0387   0.0414   0.0442    0.047   0.0497   0.0525   0.0552    0.058   0.0608   0.0635   0.0663   0.0691   0.0718   0.0746   0.0773   0.0801   0.0829   0.0856   0.0884   0.0912   0.0939   0.0967   0.0994   0.1022    0.105   0.1077   0.1105   0.1133    0.116   0.1188   0.1215   0.1243   0.1271   0.1298   0.1326   0.1354   0.1381   0.1409   0.1436   0.1464   0.1492   0.1519   0.1547   0.1575   0.1602    0.163   0.1657   0.1685   0.1713    0.174   0.1768   0.1796   0.1823   0.1851   0.1878   0.1906   0.1934   0.1961   0.1989   0.2017   0.2044   0.2072   0.2099   0.2127   0.2155   0.2182    0.221   0.2238   0.2265   0.2293    0.232   0.2348   0.2376   0.2403   0.2431   0.2459   0.2486   0.2514   0.2541   0.2569   0.2597   0.2624   0.2652    0.268   0.2707   0.2735   0.2762    0.279   0.2818   0.2845   0.2873   0.2901   0.2928   0.2956   0.2983   0.3011   0.3039   0.3066   0.3094   0.3122   0.3149   0.3177   0.3204   0.3232    0.326   0.3287   0.3315   0.3343    0.337   0.3398   0.3425   0.3453   0.3481   0.3508   0.3536   0.3564   0.3591   0.3619   0.3646   0.3674   0.3702   0.3729   0.3757   0.3785   0.3812    0.384   0.3867   0.3895   0.3923    0.395   0.3978   0.4006   0.4033   0.4061   0.4088   0.4116   0.4144   0.4171   0.4199   0.4227   0.4254   0.4282   0.4309   0.4337   0.4365   0.4392    0.442   0.4448   0.4475   0.4503    0.453   0.4558   0.4586   0.4613   0.4641   0.4669   0.4696   0.4724   0.4751   0.4779   0.4807   0.4834   0.4862    0.489   0.4917   0.4945   0.4972
    S      0.0   0.3572   0.4624   0.1057   0.4678   0.9598   0.4915    0.627   0.0257   0.0984   0.3156   0.5123   0.1429   0.1125   0.0367   0.1054   0.2245   0.0964   0.2712   0.1513   0.3706   0.0502   0.0228   0.2217   0.1302   0.2547   0.0071    0.153   0.2118   0.1579   0.6517   0.5971   0.0875   0.2616    0.439   0.0136    0.008   0.1383   0.0123   0.3712   0.0394   0.0433   0.3123   0.1698    0.162   0.1467   0.5604   0.2089   0.2675   0.6411   0.0218   0.2459   0.1493   0.2501    0.092   0.3271   0.2062   0.2101   0.1172   0.1742   0.0402   0.5867   0.1593   0.0441   0.3076   0.0048   0.0098   0.1819   0.2834    0.018   0.2354   0.0954   0.0606   0.1652   0.2543      1.0   0.3668   0.1692   0.0094   0.3133   0.1102   0.3577   0.2012   0.1069    0.021   0.0786    0.082   0.0071   0.1803    0.406   0.0329   0.0733   0.6515   0.0992   0.1755    0.217   0.1547   0.4241    0.778   0.0984   0.1477   0.3337   0.2425   0.0326   0.0972   0.0217    0.022   0.3441   0.0759    0.401   0.3642   0.0294   0.1095   0.0355   0.9815   0.5739   0.0492   0.1111   0.3993   0.0402   0.5142   0.2937   0.0143   0.2032   0.0632    0.055   0.1664   0.2013   0.0127   0.0128   0.7768   0.1583   0.4973   0.0055   0.0435   0.6736   0.2257   0.8679   0.5108   0.1291   0.0834    0.148    0.129     0.01   0.0482   0.3821   0.0204   0.2579    0.105   0.3082   0.0906   0.4971   0.1021   0.1244   0.0241   0.0933   0.4422   0.0505   0.2042   0.3517   0.6008   0.3781   0.1604   0.0491   0.3387   0.0174     0.04   0.0662   0.0129   0.0301   0.0838   0.1354   0.4671   0.2414    0.021   0.3865   0.1898    0.179   0.1035   0.0484   0.1735
  snr   -15.87
    H     4.78
 exon    False

M: qpsk
 freq      0.0   0.0028   0.0055   0.0083    0.011   0.0138   0.0166   0.0193   0.0221   0.0249   0.0276   0.0304   0.0331   0.0359   0.0387   0.0414   0.0442    0.047   0.0497   0.0525   0.0552    0.058   0.0608   0.0635   0.0663   0.0691   0.0718   0.0746   0.0773   0.0801   0.0829   0.0856   0.0884   0.0912   0.0939   0.0967   0.0994   0.1022    0.105   0.1077   0.1105   0.1133    0.116   0.1188   0.1215   0.1243   0.1271   0.1298   0.1326   0.1354   0.1381   0.1409   0.1436   0.1464   0.1492   0.1519   0.1547   0.1575   0.1602    0.163   0.1657   0.1685   0.1713    0.174   0.1768   0.1796   0.1823   0.1851   0.1878   0.1906   0.1934   0.1961   0.1989   0.2017   0.2044   0.2072   0.2099   0.2127   0.2155   0.2182    0.221   0.2238   0.2265   0.2293    0.232   0.2348   0.2376   0.2403   0.2431   0.2459   0.2486   0.2514   0.2541   0.2569   0.2597   0.2624   0.2652    0.268   0.2707   0.2735   0.2762    0.279   0.2818   0.2845   0.2873   0.2901   0.2928   0.2956   0.2983   0.3011   0.3039   0.3066   0.3094   0.3122   0.3149   0.3177   0.3204   0.3232    0.326   0.3287   0.3315   0.3343    0.337   0.3398   0.3425   0.3453   0.3481   0.3508   0.3536   0.3564   0.3591   0.3619   0.3646   0.3674   0.3702   0.3729   0.3757   0.3785   0.3812    0.384   0.3867   0.3895   0.3923    0.395   0.3978   0.4006   0.4033   0.4061   0.4088   0.4116   0.4144   0.4171   0.4199   0.4227   0.4254   0.4282   0.4309   0.4337   0.4365   0.4392    0.442   0.4448   0.4475   0.4503    0.453   0.4558   0.4586   0.4613   0.4641   0.4669   0.4696   0.4724   0.4751   0.4779   0.4807   0.4834   0.4862    0.489   0.4917   0.4945   0.4972
    S      0.0      1.0   0.6404   0.1864   0.1974   0.4839   0.2975   0.4225   0.1974   0.1472   0.3925   0.6737   0.1573   0.2738   0.4315   0.1565   0.3124   0.0452   0.1755   0.0738   0.1945   0.2527   0.1039   0.3618   0.1911   0.2278   0.0791   0.1447   0.1362   0.6696   0.2679   0.4008   0.1192   0.2629   0.2598   0.1656   0.1897   0.0886   0.0104   0.3322   0.2291   0.0686   0.1901   0.0325   0.0129    0.066   0.3221   0.3028    0.395   0.7039   0.3183   0.2145   0.0686   0.3765   0.1888   0.2316   0.1946   0.2948   0.1583   0.1974   0.1454    0.286   0.0126   0.0452   0.0478    0.064   0.1024   0.0883   0.0329   0.2777   0.1014   0.1055   0.1764   0.1764   0.2621   0.2852    0.077   0.3006   0.1621   0.2754   0.3302   0.1771   0.1203   0.3658   0.5329   0.1051   0.1611   0.0774   0.2441    0.315   0.2066   0.0777   0.2794   0.0967    0.126   0.1586    0.314   0.2695   0.2528    0.077   0.1262   0.1823    0.213   0.1786   0.1518   0.1612   0.1435   0.0498   0.1854   0.1192   0.2164   0.0305   0.1676   0.1251   0.2974   0.1879   0.0605   0.1647   0.1913   0.0345   0.0316   0.0737   0.0214   0.1746   0.1406   0.0561   0.1502   0.2049   0.0568   0.0783   0.3599   0.0298   0.1088   0.1145   0.1695   0.2722   0.3345   0.1222   0.1223   0.1525   0.0384   0.1464   0.1488   0.0587   0.1642   0.1395   0.0456   0.1992   0.1017   0.2002   0.0735   0.3262   0.0338   0.1423   0.1465   0.0344   0.3944   0.0792   0.2126   0.2382   0.3103   0.1293   0.0486   0.1667   0.3498   0.1539   0.0218   0.0102   0.0728   0.1014   0.1896   0.2783   0.3231   0.0911   0.0787   0.1228   0.0374   0.2003   0.1054   0.0977   0.0632
  snr   -15.22
    H     4.95
 exon    False

M: mem
 freq      0.0   0.0028   0.0055   0.0083    0.011   0.0138   0.0166   0.0193   0.0221   0.0249   0.0276   0.0304   0.0331   0.0359   0.0387   0.0414   0.0442    0.047   0.0497   0.0525   0.0552    0.058   0.0608   0.0635   0.0663   0.0691   0.0718   0.0746   0.0773   0.0801   0.0829   0.0856   0.0884   0.0912   0.0939   0.0967   0.0994   0.1022    0.105   0.1077   0.1105   0.1133    0.116   0.1188   0.1215   0.1243   0.1271   0.1298   0.1326   0.1354   0.1381   0.1409   0.1436   0.1464   0.1492   0.1519   0.1547   0.1575   0.1602    0.163   0.1657   0.1685   0.1713    0.174   0.1768   0.1796   0.1823   0.1851   0.1878   0.1906   0.1934   0.1961   0.1989   0.2017   0.2044   0.2072   0.2099   0.2127   0.2155   0.2182    0.221   0.2238   0.2265   0.2293    0.232   0.2348   0.2376   0.2403   0.2431   0.2459   0.2486   0.2514   0.2541   0.2569   0.2597   0.2624   0.2652    0.268   0.2707   0.2735   0.2762    0.279   0.2818   0.2845   0.2873   0.2901   0.2928   0.2956   0.2983   0.3011   0.3039   0.3066   0.3094   0.3122   0.3149   0.3177   0.3204   0.3232    0.326   0.3287   0.3315   0.3343    0.337   0.3398   0.3425   0.3453   0.3481   0.3508   0.3536   0.3564   0.3591   0.3619   0.3646   0.3674   0.3702   0.3729   0.3757   0.3785   0.3812    0.384   0.3867   0.3895   0.3923    0.395   0.3978   0.4006   0.4033   0.4061   0.4088   0.4116   0.4144   0.4171   0.4199   0.4227   0.4254   0.4282   0.4309   0.4337   0.4365   0.4392    0.442   0.4448   0.4475   0.4503    0.453   0.4558   0.4586   0.4613   0.4641   0.4669   0.4696   0.4724   0.4751   0.4779   0.4807   0.4834   0.4862    0.489   0.4917   0.4945   0.4972
    S      0.0      1.0   0.7645   0.2767   0.1117     0.21   0.3131   0.2697   0.2422    0.179     0.52   0.5147   0.0031   0.1451   0.5812   0.0803   0.1144    0.036   0.0621   0.0686   0.0142   0.1283   0.0777   0.2046   0.1594   0.0672   0.0525   0.1444    0.001   0.5565   0.0146   0.0826   0.2054   0.2112   0.3982   0.2248   0.1492   0.0526   0.0149   0.0343   0.2347   0.0453   0.0291   0.0201   0.0172   0.0306   0.0229   0.0182   0.3697   0.1237   0.2551    0.177   0.1141    0.126   0.1282   0.2773   0.0001   0.1729   0.0736    0.021   0.0733    0.006   0.0212    0.053   0.0013    0.068   0.1224   0.1016   0.0022   0.3142   0.1123   0.0622   0.2053   0.1521    0.144   0.2019   0.0441      0.4   0.1602   0.0122   0.4141   0.1196   0.0084   0.5702   0.6522   0.1085   0.2172   0.0431   0.2307   0.4554   0.1814   0.0049    0.094   0.0351   0.1517   0.1655   0.2203   0.3553   0.0485   0.1079   0.0819   0.1311   0.1936   0.2629   0.0312   0.1883   0.1165   0.0157   0.0228   0.0527   0.0998    0.022    0.053   0.0798    0.438    0.005   0.0643   0.2167   0.2382   0.0237   0.0195   0.0115   0.0125    0.084   0.1688   0.0614   0.1793   0.0342   0.0584   0.1082   0.2764   0.0224   0.0256   0.1321   0.2427   0.0114   0.1817   0.0574   0.1232   0.2001   0.0178   0.0345   0.1326   0.0294   0.1597   0.1048   0.0535   0.1102   0.0876    0.021   0.0474   0.0515   0.0683   0.1569   0.0715   0.0088   0.0783   0.1191   0.0927   0.1224    0.225   0.0726   0.0235   0.0153   0.2045   0.0608   0.0396   0.0146   0.0265   0.0326   0.1735    0.241   0.2466   0.0423   0.0556   0.1443   0.0141   0.2938   0.1553   0.0607   0.0021
  snr   -13.81
    H     4.73
 exon    False

M: alg1
 freq      0.0   0.0028   0.0055   0.0083    0.011   0.0138   0.0166   0.0193   0.0221   0.0249   0.0276   0.0304   0.0331   0.0359   0.0387   0.0414   0.0442    0.047   0.0497   0.0525   0.0552    0.058   0.0608   0.0635   0.0663   0.0691   0.0718   0.0746   0.0773   0.0801   0.0829   0.0856   0.0884   0.0912   0.0939   0.0967   0.0994   0.1022    0.105   0.1077   0.1105   0.1133    0.116   0.1188   0.1215   0.1243   0.1271   0.1298   0.1326   0.1354   0.1381   0.1409   0.1436   0.1464   0.1492   0.1519   0.1547   0.1575   0.1602    0.163   0.1657   0.1685   0.1713    0.174   0.1768   0.1796   0.1823   0.1851   0.1878   0.1906   0.1934   0.1961   0.1989   0.2017   0.2044   0.2072   0.2099   0.2127   0.2155   0.2182    0.221   0.2238   0.2265   0.2293    0.232   0.2348   0.2376   0.2403   0.2431   0.2459   0.2486   0.2514   0.2541   0.2569   0.2597   0.2624   0.2652    0.268   0.2707   0.2735   0.2762    0.279   0.2818   0.2845   0.2873   0.2901   0.2928   0.2956   0.2983   0.3011   0.3039   0.3066   0.3094   0.3122   0.3149   0.3177   0.3204   0.3232    0.326   0.3287   0.3315   0.3343    0.337   0.3398   0.3425   0.3453   0.3481   0.3508   0.3536   0.3564   0.3591   0.3619   0.3646   0.3674   0.3702   0.3729   0.3757   0.3785   0.3812    0.384   0.3867   0.3895   0.3923    0.395   0.3978   0.4006   0.4033   0.4061   0.4088   0.4116   0.4144   0.4171   0.4199   0.4227   0.4254   0.4282   0.4309   0.4337   0.4365   0.4392    0.442   0.4448   0.4475   0.4503    0.453   0.4558   0.4586   0.4613   0.4641   0.4669   0.4696   0.4724   0.4751   0.4779   0.4807   0.4834   0.4862    0.489   0.4917   0.4945   0.4972
    S      0.0   0.2809   0.0495   0.3221    0.201   0.7119   0.1237   0.1965    0.242   0.1974   0.0543   0.2117   0.0195   0.1229   0.0797   0.1393   0.1933   0.3744    0.105   0.6038   0.4588   0.1209   0.3448   0.0178   0.0136   0.1983   0.3197      0.1   0.0494   0.1023   0.5725   0.0975   0.0566   0.1386   0.6733   0.0892    0.332   0.2036   0.0487   0.0887   0.0779   0.2224   0.1649   0.4458   0.3057   0.1906   0.4307   0.2489   0.1061   0.1698   0.6054   0.0822   0.5679    0.132   0.1351   0.0884   0.0073   0.0051   0.1559   0.3886   0.1938   0.3145   0.2511   0.0243   0.4076   0.1147   0.0727   0.4544   0.4111   0.0379   0.3427   0.0495   0.1941   0.9049   0.2673   0.7908   0.2596   0.0379   0.3897   0.2954   0.2654   0.1568   0.1769   0.0285   0.1526   0.0202   0.0819   0.2392   0.0611   0.0953   0.0547   0.0117   0.1098   0.0573   0.1088   0.3033   0.0298   0.1101   0.3641   0.1037   0.2065   0.2851   0.0442   0.0921   0.1184   0.1277   0.1828   0.7418   0.2113   0.1627   0.5042   0.0336   0.0273    0.029   0.9555   0.2575   0.0717   0.0503   0.4867   0.1167   0.9657   0.3743   0.0058    0.016   0.0486   0.0382    0.313     0.14   0.0935    0.043   0.2545   0.3839   0.3335   0.1069   0.0418   0.3342   0.0264   0.9083   0.4928   0.1022   0.0317   0.0195   0.0409   0.0985   0.0305   0.6468   0.0851   0.5034   0.0167   0.1749   0.0794   0.1679   0.1352   0.0597   0.2091   0.1917   0.0661   0.0444   0.0227    0.353      1.0   0.8804   0.2152   0.3145   0.1224   0.3921   0.0887    0.153   0.1835    0.022   0.5833   0.1477   0.1624   0.4909   0.0384   0.1761   0.5435   0.1328   0.0188   0.1433   0.1209
  snr   -15.88
    H     4.79
 exon    False

M: alg2
 freq      0.0   0.0028   0.0055   0.0083    0.011   0.0138   0.0166   0.0193   0.0221   0.0249   0.0276   0.0304   0.0331   0.0359   0.0387   0.0414   0.0442    0.047   0.0497   0.0525   0.0552    0.058   0.0608   0.0635   0.0663   0.0691   0.0718   0.0746   0.0773   0.0801   0.0829   0.0856   0.0884   0.0912   0.0939   0.0967   0.0994   0.1022    0.105   0.1077   0.1105   0.1133    0.116   0.1188   0.1215   0.1243   0.1271   0.1298   0.1326   0.1354   0.1381   0.1409   0.1436   0.1464   0.1492   0.1519   0.1547   0.1575   0.1602    0.163   0.1657   0.1685   0.1713    0.174   0.1768   0.1796   0.1823   0.1851   0.1878   0.1906   0.1934   0.1961   0.1989   0.2017   0.2044   0.2072   0.2099   0.2127   0.2155   0.2182    0.221   0.2238   0.2265   0.2293    0.232   0.2348   0.2376   0.2403   0.2431   0.2459   0.2486   0.2514   0.2541   0.2569   0.2597   0.2624   0.2652    0.268   0.2707   0.2735   0.2762    0.279   0.2818   0.2845   0.2873   0.2901   0.2928   0.2956   0.2983   0.3011   0.3039   0.3066   0.3094   0.3122   0.3149   0.3177   0.3204   0.3232    0.326   0.3287   0.3315   0.3343    0.337   0.3398   0.3425   0.3453   0.3481   0.3508   0.3536   0.3564   0.3591   0.3619   0.3646   0.3674   0.3702   0.3729   0.3757   0.3785   0.3812    0.384   0.3867   0.3895   0.3923    0.395   0.3978   0.4006   0.4033   0.4061   0.4088   0.4116   0.4144   0.4171   0.4199   0.4227   0.4254   0.4282   0.4309   0.4337   0.4365   0.4392    0.442   0.4448   0.4475   0.4503    0.453   0.4558   0.4586   0.4613   0.4641   0.4669   0.4696   0.4724   0.4751   0.4779   0.4807   0.4834   0.4862    0.489   0.4917   0.4945   0.4972
    S      0.0   0.7173   0.3855   0.0724   0.0767   0.5682   0.1667   0.4277   0.0786   0.1119    0.188   0.7677    0.177   0.1277   0.0316   0.0546   0.4785   0.0453   0.0635   0.1173    0.266   0.1834   0.1986   0.1253   0.0798   0.2555   0.1519   0.1075   0.1031    0.278   0.2338    0.381   0.0008   0.0294     0.16   0.0449   0.1926   0.1073   0.0126   0.2784   0.0876   0.0703   0.0511    0.062   0.0114    0.066   0.3735   0.4928   0.0953      1.0   0.4233   0.1238   0.0877   0.2737   0.2422   0.1197    0.202   0.1558   0.1302   0.2771   0.2545   0.1692   0.0087   0.0193    0.006   0.0435   0.0542   0.0328   0.0054     0.01    0.003   0.0142   0.1627    0.171   0.0069   0.1658   0.0123    0.103   0.1729   0.4046    0.076   0.1438   0.1466   0.0324   0.0159   0.0892    0.081   0.1237   0.2227   0.0999     0.04   0.0655   0.1871   0.0574   0.0687   0.0677   0.0758   0.0987   0.1456   0.0461   0.0604   0.0105   0.1123    0.025   0.2214   0.0193   0.0923   0.0322   0.3532   0.0554   0.0429   0.0319   0.1536   0.0407   0.0452    0.076   0.0099   0.0878   0.0059   0.0442   0.0344   0.0244   0.0243   0.1833   0.0626   0.0462    0.118   0.1705   0.0452   0.0052   0.1408   0.0544   0.0297   0.0347   0.0576   0.1917   0.1578   0.0159   0.0443   0.0301   0.0232   0.1845    0.035   0.0747   0.0215   0.0231   0.0472   0.1267   0.0951   0.1393   0.0216   0.3434   0.0042   0.1131   0.1965   0.0194   0.1772   0.0232   0.1303   0.0555   0.3012   0.2606   0.0515   0.3261   0.1059   0.2845   0.0095   0.0103   0.1412     0.08   0.1688   0.0041   0.2503   0.0357   0.0253   0.0336    0.043   0.0157   0.0271   0.1004   0.0186
  snr   -13.43
    H     4.72
 exon    False