>data-XV-cerevisiae-intergenic-35
N: 315
Methods: voss, eiip, qpsk, mem, tbpse, snrse

M: voss
 freq      0.0   0.0032   0.0063   0.0095   0.0127   0.0159    0.019   0.0222   0.0254   0.0286   0.0317   0.0349   0.0381   0.0413   0.0444   0.0476   0.0508    0.054   0.0571   0.0603   0.0635   0.0667   0.0698    0.073   0.0762   0.0794   0.0825   0.0857   0.0889   0.0921   0.0952   0.0984   0.1016   0.1048   0.1079   0.1111   0.1143   0.1175   0.1206   0.1238    0.127   0.1302   0.1333   0.1365   0.1397   0.1429    0.146   0.1492   0.1524   0.1556   0.1587   0.1619   0.1651   0.1683   0.1714   0.1746   0.1778    0.181   0.1841   0.1873   0.1905   0.1937   0.1968      0.2   0.2032   0.2063   0.2095   0.2127   0.2159    0.219   0.2222   0.2254   0.2286   0.2317   0.2349   0.2381   0.2413   0.2444   0.2476   0.2508    0.254   0.2571   0.2603   0.2635   0.2667   0.2698    0.273   0.2762   0.2794   0.2825   0.2857   0.2889   0.2921   0.2952   0.2984   0.3016   0.3048   0.3079   0.3111   0.3143   0.3175   0.3206   0.3238    0.327   0.3302   0.3333   0.3365   0.3397   0.3429    0.346   0.3492   0.3524   0.3556   0.3587   0.3619   0.3651   0.3683   0.3714   0.3746   0.3778    0.381   0.3841   0.3873   0.3905   0.3937   0.3968      0.4   0.4032   0.4063   0.4095   0.4127   0.4159    0.419   0.4222   0.4254   0.4286   0.4317   0.4349   0.4381   0.4413   0.4444   0.4476   0.4508    0.454   0.4571   0.4603   0.4635   0.4667   0.4698    0.473   0.4762   0.4794   0.4825   0.4857   0.4889   0.4921   0.4952   0.4984
    S      0.0   0.5677   0.2439   0.8196   0.6546   0.1688   0.1264   0.6385   0.5826   0.2067   0.3666   0.3716   0.2185   0.4536   0.5248   0.0857   0.4836   0.7074   0.3479   0.4134   0.1599   0.6195   0.7073   0.9924   0.2701      1.0   0.5386   0.2482   0.1034   0.6634   0.2356   0.5333   0.4176   0.3994    0.163   0.3148   0.5298    0.599   0.3469   0.2743   0.5825   0.2501   0.3599    0.266   0.6339   0.3626   0.3846   0.4443   0.6842    0.344   0.3277    0.107   0.1327   0.5163   0.2359   0.8992   0.2132   0.4547   0.2035   0.1313   0.9901   0.2845   0.2758   0.0934   0.1956   0.6553   0.0856   0.3734   0.4364   0.1383   0.1245   0.4611   0.2148   0.6033   0.2086   0.2026   0.4894   0.3106   0.3873   0.5782   0.2116   0.0983   0.3166    0.208   0.1447   0.2012   0.3045   0.3713   0.3356   0.3647   0.0489   0.6288   0.1966    0.064   0.2451    0.349   0.4495   0.3177   0.4997   0.0643   0.4886   0.9087   0.5947   0.6266   0.1889   0.3271   0.1142   0.4869   0.9422   0.2084   0.6573   0.5311   0.1043   0.1518   0.1144   0.2385    0.772    0.374   0.1415   0.6444   0.2723   0.4481   0.4424   0.1387   0.6212   0.7299   0.2688   0.3071   0.1608   0.2231   0.4885   0.2074   0.0353   0.1773   0.5382   0.1425   0.2884   0.5526   0.2675   0.5957   0.4768   0.1578   0.5332   0.5672   0.7968    0.424   0.3726   0.5014   0.0761   0.2136    0.258   0.2635   0.4743   0.8942   0.7772   0.4923   0.3046   0.2732
  snr   -17.75
    H     4.89
 exon    False

M: eiip
 freq      0.0   0.0032   0.0063   0.0095   0.0127   0.0159    0.019   0.0222   0.0254   0.0286   0.0317   0.0349   0.0381   0.0413   0.0444   0.0476   0.0508    0.054   0.0571   0.0603   0.0635   0.0667   0.0698    0.073   0.0762   0.0794   0.0825   0.0857   0.0889   0.0921   0.0952   0.0984   0.1016   0.1048   0.1079   0.1111   0.1143   0.1175   0.1206   0.1238    0.127   0.1302   0.1333   0.1365   0.1397   0.1429    0.146   0.1492   0.1524   0.1556   0.1587   0.1619   0.1651   0.1683   0.1714   0.1746   0.1778    0.181   0.1841   0.1873   0.1905   0.1937   0.1968      0.2   0.2032   0.2063   0.2095   0.2127   0.2159    0.219   0.2222   0.2254   0.2286   0.2317   0.2349   0.2381   0.2413   0.2444   0.2476   0.2508    0.254   0.2571   0.2603   0.2635   0.2667   0.2698    0.273   0.2762   0.2794   0.2825   0.2857   0.2889   0.2921   0.2952   0.2984   0.3016   0.3048   0.3079   0.3111   0.3143   0.3175   0.3206   0.3238    0.327   0.3302   0.3333   0.3365   0.3397   0.3429    0.346   0.3492   0.3524   0.3556   0.3587   0.3619   0.3651   0.3683   0.3714   0.3746   0.3778    0.381   0.3841   0.3873   0.3905   0.3937   0.3968      0.4   0.4032   0.4063   0.4095   0.4127   0.4159    0.419   0.4222   0.4254   0.4286   0.4317   0.4349   0.4381   0.4413   0.4444   0.4476   0.4508    0.454   0.4571   0.4603   0.4635   0.4667   0.4698    0.473   0.4762   0.4794   0.4825   0.4857   0.4889   0.4921   0.4952   0.4984
    S      0.0   0.1185   0.0635   0.2726   0.8856   0.0348   0.0249   0.0415   0.0376   0.0471   0.1731   0.2707   0.1181   0.1117   0.5636   0.0247   0.1618   0.4856   0.1029   0.1867   0.0857   0.6129   0.8164   0.7974   0.0142   0.0266   0.3198   0.1577   0.1174   0.2741    0.046   0.5383   0.1457   0.3389     0.02   0.5062   0.1775   0.4482   0.4105   0.1232   0.0194   0.4168    0.268   0.0861   0.1423   0.1208   0.1446    0.239   0.1346   0.0617    0.266   0.0574   0.0131    0.009   0.1026   0.5288   0.0686   0.0435   0.2191   0.0677   0.4994    0.489   0.3041   0.1043   0.1774   0.5269   0.0497   0.3989   0.1227   0.2153     0.15   0.3729   0.0558   0.1174   0.1091   0.1127   0.2565   0.3801   0.1853   0.0236   0.2972   0.0418   0.1675   0.1521   0.0551   0.0477   0.1898   0.0992   0.0567    0.043   0.0264   0.3408   0.0218   0.0328   0.2435   0.3395   0.0363   0.1283   0.2704    0.078   0.2258   0.6659   0.8227   0.3987   0.2237   0.4042   0.1021   0.6492      1.0   0.2074   0.1454   0.6338   0.1121   0.1128   0.0049   0.3396   0.0753   0.1324     0.16    0.278   0.1463   0.7548   0.1458   0.1364   0.0321   0.7313   0.3583   0.1653   0.1429   0.2085   0.1248   0.0428    0.003   0.0322   0.0509    0.159   0.3926   0.4471   0.2729   0.1949    0.176   0.1885    0.168   0.9105   0.2983   0.2702   0.1457   0.0123    0.093   0.0047   0.0885   0.0034   0.1639    0.353   0.8092   0.2849   0.2465   0.0223
  snr   -15.38
    H     4.66
 exon     True

M: qpsk
 freq      0.0   0.0032   0.0063   0.0095   0.0127   0.0159    0.019   0.0222   0.0254   0.0286   0.0317   0.0349   0.0381   0.0413   0.0444   0.0476   0.0508    0.054   0.0571   0.0603   0.0635   0.0667   0.0698    0.073   0.0762   0.0794   0.0825   0.0857   0.0889   0.0921   0.0952   0.0984   0.1016   0.1048   0.1079   0.1111   0.1143   0.1175   0.1206   0.1238    0.127   0.1302   0.1333   0.1365   0.1397   0.1429    0.146   0.1492   0.1524   0.1556   0.1587   0.1619   0.1651   0.1683   0.1714   0.1746   0.1778    0.181   0.1841   0.1873   0.1905   0.1937   0.1968      0.2   0.2032   0.2063   0.2095   0.2127   0.2159    0.219   0.2222   0.2254   0.2286   0.2317   0.2349   0.2381   0.2413   0.2444   0.2476   0.2508    0.254   0.2571   0.2603   0.2635   0.2667   0.2698    0.273   0.2762   0.2794   0.2825   0.2857   0.2889   0.2921   0.2952   0.2984   0.3016   0.3048   0.3079   0.3111   0.3143   0.3175   0.3206   0.3238    0.327   0.3302   0.3333   0.3365   0.3397   0.3429    0.346   0.3492   0.3524   0.3556   0.3587   0.3619   0.3651   0.3683   0.3714   0.3746   0.3778    0.381   0.3841   0.3873   0.3905   0.3937   0.3968      0.4   0.4032   0.4063   0.4095   0.4127   0.4159    0.419   0.4222   0.4254   0.4286   0.4317   0.4349   0.4381   0.4413   0.4444   0.4476   0.4508    0.454   0.4571   0.4603   0.4635   0.4667   0.4698    0.473   0.4762   0.4794   0.4825   0.4857   0.4889   0.4921   0.4952   0.4984
    S      0.0   0.3282   0.0674   0.6513   0.6475   0.1451    0.076   0.5776   0.3721   0.2029   0.3093   0.1692   0.2177   0.4593   0.5266   0.0653   0.5111   0.6118   0.3112   0.3951   0.1293   0.4946    0.739   0.7723   0.1951   0.5672   0.5512   0.1113   0.0292   0.6424   0.1469   0.2738   0.2147   0.3245   0.1084   0.1467   0.3831   0.3582   0.3372   0.0751    0.505   0.2157    0.298   0.0779   0.4555   0.1897   0.3982   0.2732   0.3589   0.2573   0.1611   0.0884   0.0546   0.5003   0.2484   0.8108   0.1557   0.2099   0.0929   0.0889   0.2905   0.1165   0.1781   0.0659   0.1599    0.389   0.0713   0.2889   0.1776   0.0413   0.1292   0.1945   0.0709   0.2445   0.1889   0.1455   0.4922   0.2814   0.2585   0.2478    0.102   0.0526   0.0676   0.0651   0.1331   0.1097   0.2793   0.3024   0.2198   0.2116   0.0503   0.4315   0.1665   0.0571   0.2369   0.1378    0.302    0.155    0.524   0.0248    0.401   0.6819   0.4409   0.2695   0.1034   0.2853   0.0366   0.4587      1.0   0.1773   0.0712   0.4866   0.0531   0.1227   0.0939   0.1712   0.3397   0.3084   0.0871   0.4884   0.2497    0.385   0.0796   0.1334   0.4062   0.5288   0.1695   0.1456   0.0654   0.1803   0.4123   0.2133   0.0179   0.1556   0.3738   0.0417   0.2497   0.4419   0.2677   0.4127   0.2858   0.1544   0.4206   0.5096   0.3158   0.3175    0.139   0.2779   0.0758   0.0694   0.2273    0.268   0.1012   0.2552   0.8258   0.4983   0.3075   0.2173
  snr   -16.19
    H     4.82
 exon     True

M: mem
 freq      0.0   0.0032   0.0064   0.0096   0.0127   0.0159   0.0191   0.0223   0.0255   0.0287   0.0318    0.035   0.0382   0.0414   0.0446   0.0478    0.051   0.0541   0.0573   0.0605   0.0637   0.0669   0.0701   0.0732   0.0764   0.0796   0.0828    0.086   0.0892   0.0924   0.0955   0.0987   0.1019   0.1051   0.1083   0.1115   0.1146   0.1178    0.121   0.1242   0.1274   0.1306   0.1338   0.1369   0.1401   0.1433   0.1465   0.1497   0.1529   0.1561   0.1592   0.1624   0.1656   0.1688    0.172   0.1752   0.1783   0.1815   0.1847   0.1879   0.1911   0.1943   0.1975   0.2006   0.2038    0.207   0.2102   0.2134   0.2166   0.2197   0.2229   0.2261   0.2293   0.2325   0.2357   0.2389    0.242   0.2452   0.2484   0.2516   0.2548    0.258   0.2611   0.2643   0.2675   0.2707   0.2739   0.2771   0.2803   0.2834   0.2866   0.2898    0.293   0.2962   0.2994   0.3025   0.3057   0.3089   0.3121   0.3153   0.3185   0.3217   0.3248    0.328   0.3312   0.3344   0.3376   0.3408   0.3439   0.3471   0.3503   0.3535   0.3567   0.3599   0.3631   0.3662   0.3694   0.3726   0.3758    0.379   0.3822   0.3854   0.3885   0.3917   0.3949   0.3981   0.4013   0.4045   0.4076   0.4108    0.414   0.4172   0.4204   0.4236   0.4268   0.4299   0.4331   0.4363   0.4395   0.4427   0.4459    0.449   0.4522   0.4554   0.4586   0.4618    0.465   0.4682   0.4713   0.4745   0.4777   0.4809   0.4841   0.4873   0.4904   0.4936   0.4968
    S      0.0   0.2953   0.1976   0.0144   0.4783   0.0004   0.0582   0.1086   0.0517    0.046   0.0875   0.3446   0.0627   0.1108   0.1932   0.0111   0.0614   0.1191   0.0554   0.0202   0.0536   0.5685   0.3995   0.5077   0.0602   0.1056   0.1146   0.2341   0.0988   0.1771   0.0306   0.6005   0.0932    0.277   0.0107   0.6674   0.0732   0.3499   0.1779   0.2521   0.0001   0.2186   0.2476   0.3212   0.2263   0.1803   0.0617   0.1346   0.1277   0.0852   0.1927    0.068   0.0488   0.0094   0.0108   0.1512   0.0834   0.0657   0.2523   0.1055   0.9382   0.4713   0.1061     0.04   0.1409   0.4841   0.0155   0.3418   0.4683   0.1823   0.2197     0.29   0.1017   0.3909   0.0524   0.0977   0.1202   0.0883   0.2175   0.0624   0.2041   0.0425   0.2171   0.4127   0.0478   0.0211    0.196    0.008   0.2785   0.0161   0.0818   0.2109   0.0086   0.0954   0.0306   0.3553   0.2349   0.0993   0.1006   0.1279    0.068   0.1901    0.362   0.8082   0.4376   0.2699   0.1458   0.6561   0.0298   0.2099   0.5265   0.4144   0.0098   0.0608   0.0167   0.3376   0.7764   0.0314   0.1124   0.3498   0.1562   0.0691   0.4779   0.0016   0.1845    0.697   0.4235   0.1166   0.0744   0.0809   0.1244   0.0301   0.0004   0.1295   0.0169   0.1741    0.401   0.2648    0.123    0.283   0.1512   0.1483   0.4607   0.3838   0.2018      1.0     0.06   0.0089   0.0161   0.0117   0.0037   0.1594   0.0625   0.6174   0.2428   0.0776   0.3066
  snr   -14.76
    H     4.62
 exon    False

M: tbpse
 freq      0.0   0.0032   0.0063   0.0095   0.0127   0.0159    0.019   0.0222   0.0254   0.0286   0.0317   0.0349   0.0381   0.0413   0.0444   0.0476   0.0508    0.054   0.0571   0.0603   0.0635   0.0667   0.0698    0.073   0.0762   0.0794   0.0825   0.0857   0.0889   0.0921   0.0952   0.0984   0.1016   0.1048   0.1079   0.1111   0.1143   0.1175   0.1206   0.1238    0.127   0.1302   0.1333   0.1365   0.1397   0.1429    0.146   0.1492   0.1524   0.1556   0.1587   0.1619   0.1651   0.1683   0.1714   0.1746   0.1778    0.181   0.1841   0.1873   0.1905   0.1937   0.1968      0.2   0.2032   0.2063   0.2095   0.2127   0.2159    0.219   0.2222   0.2254   0.2286   0.2317   0.2349   0.2381   0.2413   0.2444   0.2476   0.2508    0.254   0.2571   0.2603   0.2635   0.2667   0.2698    0.273   0.2762   0.2794   0.2825   0.2857   0.2889   0.2921   0.2952   0.2984   0.3016   0.3048   0.3079   0.3111   0.3143   0.3175   0.3206   0.3238    0.327   0.3302   0.3333   0.3365   0.3397   0.3429    0.346   0.3492   0.3524   0.3556   0.3587   0.3619   0.3651   0.3683   0.3714   0.3746   0.3778    0.381   0.3841   0.3873   0.3905   0.3937   0.3968      0.4   0.4032   0.4063   0.4095   0.4127   0.4159    0.419   0.4222   0.4254   0.4286   0.4317   0.4349   0.4381   0.4413   0.4444   0.4476   0.4508    0.454   0.4571   0.4603   0.4635   0.4667   0.4698    0.473   0.4762   0.4794   0.4825   0.4857   0.4889   0.4921   0.4952   0.4984
    S      0.0   0.1682   0.0653   0.4692   0.5017   0.0551     0.04     0.13   0.1856   0.0125   0.1747    0.255   0.0394   0.1204   0.6378   0.0761   0.0613   0.7956   0.0692   0.4536   0.1153   0.3525   0.8279   0.4499   0.0952   0.3236   0.3764   0.0857   0.0509   0.4516   0.1366   0.4304   0.2324   0.2665   0.1089   0.2595   0.0778   0.5024   0.3845   0.1114   0.1678   0.2748   0.2382   0.1047   0.1497   0.2274   0.3586   0.1651   0.4923   0.1195   0.2493   0.0605   0.0789   0.1761    0.036   0.6114   0.1776   0.1991   0.0551   0.0603    0.523   0.2021    0.266   0.0467   0.0708   0.3477   0.0766   0.2834   0.1008   0.0828   0.1514   0.3051   0.0531   0.3793   0.0431   0.1215   0.4697   0.2647   0.1041   0.2449   0.1626   0.0465    0.163   0.0976   0.0968   0.0905   0.0562   0.1102   0.1318   0.1352   0.0118   0.3363   0.0377   0.0436   0.2934   0.1387   0.1383   0.0729   0.1526   0.0337   0.4457   0.7734   0.3833   0.3111   0.1662   0.3914   0.0697    0.617   0.9706   0.0941   0.2381   0.5523   0.0517   0.0479   0.0279   0.2324   0.1906   0.0728   0.1341   0.2972   0.3072   0.4392   0.1635   0.0722   0.3168    0.478   0.0856   0.2238   0.0951   0.1765   0.1848   0.0585   0.0077    0.013   0.3432    0.053   0.3168   0.2639   0.2043   0.2763   0.3884   0.1579   0.0947   0.5752   0.3054   0.3033   0.0849   0.1148   0.0641   0.0726   0.2241   0.0345   0.2214   0.3803      1.0    0.506   0.2553   0.0461
  snr   -15.37
    H     4.74
 exon    False

M: snrse
 freq      0.0   0.0032   0.0063   0.0095   0.0127   0.0159    0.019   0.0222   0.0254   0.0286   0.0317   0.0349   0.0381   0.0413   0.0444   0.0476   0.0508    0.054   0.0571   0.0603   0.0635   0.0667   0.0698    0.073   0.0762   0.0794   0.0825   0.0857   0.0889   0.0921   0.0952   0.0984   0.1016   0.1048   0.1079   0.1111   0.1143   0.1175   0.1206   0.1238    0.127   0.1302   0.1333   0.1365   0.1397   0.1429    0.146   0.1492   0.1524   0.1556   0.1587   0.1619   0.1651   0.1683   0.1714   0.1746   0.1778    0.181   0.1841   0.1873   0.1905   0.1937   0.1968      0.2   0.2032   0.2063   0.2095   0.2127   0.2159    0.219   0.2222   0.2254   0.2286   0.2317   0.2349   0.2381   0.2413   0.2444   0.2476   0.2508    0.254   0.2571   0.2603   0.2635   0.2667   0.2698    0.273   0.2762   0.2794   0.2825   0.2857   0.2889   0.2921   0.2952   0.2984   0.3016   0.3048   0.3079   0.3111   0.3143   0.3175   0.3206   0.3238    0.327   0.3302   0.3333   0.3365   0.3397   0.3429    0.346   0.3492   0.3524   0.3556   0.3587   0.3619   0.3651   0.3683   0.3714   0.3746   0.3778    0.381   0.3841   0.3873   0.3905   0.3937   0.3968      0.4   0.4032   0.4063   0.4095   0.4127   0.4159    0.419   0.4222   0.4254   0.4286   0.4317   0.4349   0.4381   0.4413   0.4444   0.4476   0.4508    0.454   0.4571   0.4603   0.4635   0.4667   0.4698    0.473   0.4762   0.4794   0.4825   0.4857   0.4889   0.4921   0.4952   0.4984
    S      0.0   0.1367   0.0306   0.1901   0.2821   0.0148   0.0343   0.2264   0.0136   0.0465   0.1294    0.168   0.0142   0.2152   0.5163   0.0697    0.101   0.6182    0.006   0.4567    0.107   0.3333   0.7233   0.1264   0.1056   0.0162   0.3344   0.0262    0.017   0.5016    0.111   0.2611   0.0825    0.184   0.1129    0.181   0.0104   0.3154    0.317   0.0313   0.2041   0.2159   0.2588    0.053   0.1783   0.1351   0.4238   0.0288   0.3055   0.0807   0.1943   0.0693   0.0354   0.2828   0.0043   0.3884   0.1315   0.1865   0.0161   0.0542   0.2409   0.1106   0.1904   0.0152   0.0281   0.1149   0.0426    0.275   0.0509   0.0387   0.1139    0.147   0.0018   0.2191   0.0251   0.1257   0.4573   0.2045   0.0235   0.0577   0.0986   0.0163   0.0762   0.0486   0.0752   0.0818   0.0014    0.012   0.1047   0.0525   0.0015   0.3652   0.0009   0.0519   0.2179   0.0473   0.1699   0.0063   0.1185   0.0195   0.2846   0.4346   0.2357    0.227   0.1185   0.3174   0.0359   0.5309   0.7487    0.025   0.0605   0.5509    0.034   0.0105   0.0178   0.1886   0.0726   0.0707   0.0976   0.3571   0.2741   0.2603   0.0191   0.0617   0.2378    0.451   0.0185   0.1427    0.039   0.1739   0.0988   0.1031   0.0028   0.0226   0.3236   0.0114   0.2992   0.1217    0.109   0.1967   0.2609   0.0964    0.005   0.4528   0.1856   0.3336   0.0578   0.0442   0.0534   0.0052    0.242   0.0787   0.0898   0.0751      1.0    0.493   0.1772   0.0578
  snr    -13.9
    H      4.6
 exon    False