>data-XVI-cerevisiae-intergenic-135
N: 294
Methods: voss, eiip, qpsk, mem, tbpse, snrse

M: voss
 freq      0.0   0.0034   0.0068   0.0102   0.0136    0.017   0.0204   0.0238   0.0272   0.0306    0.034   0.0374   0.0408   0.0442   0.0476    0.051   0.0544   0.0578   0.0612   0.0646    0.068   0.0714   0.0748   0.0782   0.0816    0.085   0.0884   0.0918   0.0952   0.0986    0.102   0.1054   0.1088   0.1122   0.1156    0.119   0.1224   0.1259   0.1293   0.1327   0.1361   0.1395   0.1429   0.1463   0.1497   0.1531   0.1565   0.1599   0.1633   0.1667   0.1701   0.1735   0.1769   0.1803   0.1837   0.1871   0.1905   0.1939   0.1973   0.2007   0.2041   0.2075   0.2109   0.2143   0.2177   0.2211   0.2245   0.2279   0.2313   0.2347   0.2381   0.2415   0.2449   0.2483   0.2517   0.2551   0.2585   0.2619   0.2653   0.2687   0.2721   0.2755   0.2789   0.2823   0.2857   0.2891   0.2925   0.2959   0.2993   0.3027   0.3061   0.3095   0.3129   0.3163   0.3197   0.3231   0.3265   0.3299   0.3333   0.3367   0.3401   0.3435   0.3469   0.3503   0.3537   0.3571   0.3605   0.3639   0.3673   0.3707   0.3741   0.3776    0.381   0.3844   0.3878   0.3912   0.3946    0.398   0.4014   0.4048   0.4082   0.4116    0.415   0.4184   0.4218   0.4252   0.4286    0.432   0.4354   0.4388   0.4422   0.4456    0.449   0.4524   0.4558   0.4592   0.4626    0.466   0.4694   0.4728   0.4762   0.4796    0.483   0.4864   0.4898   0.4932   0.4966
    S      0.0   0.1747   0.8389   0.1017   0.3558   0.4844   0.3791    0.268   0.0915   0.0861   0.1658   0.2534   0.3546   0.4199   0.1227   0.2899   0.2079   0.3676    0.037   0.3494   0.2316     0.48   0.0524   0.1371   0.0941   0.1348   0.0831   0.0632   0.0834   0.1244   0.0943   0.3339   0.2083   0.0922   0.2043   0.1406   0.2592   0.1002   0.2723   0.1585   0.2908   0.1176   0.3181   0.6108   0.0862   0.5926   0.2509    0.035   0.1142   0.4197   0.0621   0.0802   0.2766   0.0955   0.0489   0.0278   0.4502   0.2408   0.1483   0.3046   0.1458    0.461   0.1863   0.0848   0.1041   0.1555   0.1607    0.205   0.3947   0.1782   0.1854   0.2931   0.0841   0.1199   0.1481   0.0725   0.5105   0.0966   0.3571   0.1591    0.266    0.077   0.0454   0.1393   0.1797   0.1156   0.3827   0.0574   0.1311   0.0872   0.1408   0.0987   0.0295   0.0289   0.1424   0.1329   0.1564   0.1815   0.1819   0.1632   0.0644   0.1305   0.2327    0.226   0.1822   0.1437    0.209   0.0612   0.3104   0.0936   0.1792   0.1334   0.2063   0.2588   0.1282   0.1126   0.3642   0.0417   0.2616   0.2423    0.178    0.299   0.0562    0.238   0.2006   0.0805   0.1968   0.0652   0.3152   0.2246    0.255   0.0786   0.1822   0.1121   0.2284   0.5694   0.1205    0.164   0.2059   0.1808   0.1343   0.0992      1.0   0.1453   0.4707   0.5452   0.3433
  snr   -14.68
    H     4.76
 exon    False

M: eiip
 freq      0.0   0.0034   0.0068   0.0102   0.0136    0.017   0.0204   0.0238   0.0272   0.0306    0.034   0.0374   0.0408   0.0442   0.0476    0.051   0.0544   0.0578   0.0612   0.0646    0.068   0.0714   0.0748   0.0782   0.0816    0.085   0.0884   0.0918   0.0952   0.0986    0.102   0.1054   0.1088   0.1122   0.1156    0.119   0.1224   0.1259   0.1293   0.1327   0.1361   0.1395   0.1429   0.1463   0.1497   0.1531   0.1565   0.1599   0.1633   0.1667   0.1701   0.1735   0.1769   0.1803   0.1837   0.1871   0.1905   0.1939   0.1973   0.2007   0.2041   0.2075   0.2109   0.2143   0.2177   0.2211   0.2245   0.2279   0.2313   0.2347   0.2381   0.2415   0.2449   0.2483   0.2517   0.2551   0.2585   0.2619   0.2653   0.2687   0.2721   0.2755   0.2789   0.2823   0.2857   0.2891   0.2925   0.2959   0.2993   0.3027   0.3061   0.3095   0.3129   0.3163   0.3197   0.3231   0.3265   0.3299   0.3333   0.3367   0.3401   0.3435   0.3469   0.3503   0.3537   0.3571   0.3605   0.3639   0.3673   0.3707   0.3741   0.3776    0.381   0.3844   0.3878   0.3912   0.3946    0.398   0.4014   0.4048   0.4082   0.4116    0.415   0.4184   0.4218   0.4252   0.4286    0.432   0.4354   0.4388   0.4422   0.4456    0.449   0.4524   0.4558   0.4592   0.4626    0.466   0.4694   0.4728   0.4762   0.4796    0.483   0.4864   0.4898   0.4932   0.4966
    S      0.0   0.1969   0.2852    0.073   0.0611   0.5286   0.0603   0.6527   0.0421   0.1863   0.1181   0.0811   0.6985   0.0092   0.1742   0.5588    0.003   0.1964   0.0499   0.5986   0.1854    0.359   0.0265   0.0234   0.0056   0.2725   0.1053     0.12   0.0326   0.0204   0.1813   0.0577   0.0809   0.0167   0.1159    0.071   0.1625   0.0299   0.3126   0.1352   0.2869    0.083   0.3762   0.0341   0.1862    0.415   0.1503    0.028   0.1023   0.8362   0.1201   0.1376   0.0168   0.0236   0.1338   0.0022      1.0    0.219   0.3217   0.0387   0.0672   0.4984   0.1193    0.004   0.0444   0.0566   0.0419    0.153   0.1333   0.0663   0.1532   0.1324    0.036   0.0486   0.1914   0.0736   0.6456   0.0017    0.057    0.219   0.1095   0.1248   0.0406   0.0187   0.1382   0.1956   0.2663   0.0167   0.0285   0.0756   0.0978   0.1473   0.0331   0.0396   0.1856   0.1507   0.1833   0.4446   0.1589   0.3106   0.0467   0.2203   0.0227    0.226   0.3241   0.1231   0.1736   0.0279   0.3943   0.0095   0.3273   0.0714   0.1312   0.0126    0.114   0.1411   0.4912   0.0093   0.2357   0.0186   0.0526   0.1427   0.0263   0.0042   0.0886   0.1076   0.0419   0.0175   0.1959   0.2348   0.1132   0.0748   0.0256   0.0005    0.106     0.45   0.0129   0.0535   0.5708   0.0401   0.0549   0.1116   0.1878    0.046     0.65   0.1652   0.3923
  snr   -13.62
    H      4.5
 exon    False

M: qpsk
 freq      0.0   0.0034   0.0068   0.0102   0.0136    0.017   0.0204   0.0238   0.0272   0.0306    0.034   0.0374   0.0408   0.0442   0.0476    0.051   0.0544   0.0578   0.0612   0.0646    0.068   0.0714   0.0748   0.0782   0.0816    0.085   0.0884   0.0918   0.0952   0.0986    0.102   0.1054   0.1088   0.1122   0.1156    0.119   0.1224   0.1259   0.1293   0.1327   0.1361   0.1395   0.1429   0.1463   0.1497   0.1531   0.1565   0.1599   0.1633   0.1667   0.1701   0.1735   0.1769   0.1803   0.1837   0.1871   0.1905   0.1939   0.1973   0.2007   0.2041   0.2075   0.2109   0.2143   0.2177   0.2211   0.2245   0.2279   0.2313   0.2347   0.2381   0.2415   0.2449   0.2483   0.2517   0.2551   0.2585   0.2619   0.2653   0.2687   0.2721   0.2755   0.2789   0.2823   0.2857   0.2891   0.2925   0.2959   0.2993   0.3027   0.3061   0.3095   0.3129   0.3163   0.3197   0.3231   0.3265   0.3299   0.3333   0.3367   0.3401   0.3435   0.3469   0.3503   0.3537   0.3571   0.3605   0.3639   0.3673   0.3707   0.3741   0.3776    0.381   0.3844   0.3878   0.3912   0.3946    0.398   0.4014   0.4048   0.4082   0.4116    0.415   0.4184   0.4218   0.4252   0.4286    0.432   0.4354   0.4388   0.4422   0.4456    0.449   0.4524   0.4558   0.4592   0.4626    0.466   0.4694   0.4728   0.4762   0.4796    0.483   0.4864   0.4898   0.4932   0.4966
    S      0.0   0.1157      1.0   0.1448   0.3726   0.8625   0.3582   0.2053   0.1453   0.1232   0.1279   0.2843   0.3972   0.5329   0.2072    0.449   0.1885   0.6512   0.0183   0.4837   0.2886   0.3859   0.0606   0.2119   0.1665   0.2444   0.1019    0.108   0.0933   0.1763   0.0896   0.1977   0.2934   0.1115   0.2808   0.0284   0.4853    0.147   0.2945   0.2376   0.1546    0.031   0.5812   0.3907   0.1269   0.5106   0.3947   0.0625   0.1985   0.4447   0.0349   0.0706   0.4649   0.1698   0.0515   0.0444   0.2211   0.1582   0.2503   0.5026   0.2085   0.4024   0.1618     0.15   0.1577   0.2888   0.1743    0.157   0.4906   0.1685   0.3101   0.3259    0.144   0.2191   0.0976    0.123   0.4676   0.1577   0.6007   0.2865   0.4615   0.0823   0.0634   0.1471   0.1153   0.1907   0.6234   0.0801   0.1967   0.0786   0.2565   0.1367   0.0314    0.035    0.245     0.23   0.2374   0.2935   0.2346   0.2918   0.0999   0.2408   0.3894   0.2066   0.1177   0.2334   0.3764   0.0223   0.5394   0.1189   0.2765   0.2463   0.1574   0.1292   0.1552   0.2011   0.6769    0.076    0.303   0.4263    0.324   0.2198   0.0639   0.3895   0.2984   0.1112   0.3394   0.0669   0.0847   0.3658    0.077   0.0856   0.3184   0.1506   0.2949   0.7465   0.1551   0.2579   0.2118   0.1732   0.2211   0.1579   0.5667   0.1705   0.8486   0.2109   0.5508
  snr   -15.58
    H     4.75
 exon    False

M: mem
 freq      0.0   0.0034   0.0068   0.0102   0.0136    0.017   0.0204   0.0238   0.0272   0.0306    0.034   0.0374   0.0408   0.0442   0.0476    0.051   0.0544   0.0578   0.0612   0.0646    0.068   0.0714   0.0748   0.0782   0.0816    0.085   0.0884   0.0918   0.0952   0.0986    0.102   0.1054   0.1088   0.1122   0.1156    0.119   0.1224   0.1259   0.1293   0.1327   0.1361   0.1395   0.1429   0.1463   0.1497   0.1531   0.1565   0.1599   0.1633   0.1667   0.1701   0.1735   0.1769   0.1803   0.1837   0.1871   0.1905   0.1939   0.1973   0.2007   0.2041   0.2075   0.2109   0.2143   0.2177   0.2211   0.2245   0.2279   0.2313   0.2347   0.2381   0.2415   0.2449   0.2483   0.2517   0.2551   0.2585   0.2619   0.2653   0.2687   0.2721   0.2755   0.2789   0.2823   0.2857   0.2891   0.2925   0.2959   0.2993   0.3027   0.3061   0.3095   0.3129   0.3163   0.3197   0.3231   0.3265   0.3299   0.3333   0.3367   0.3401   0.3435   0.3469   0.3503   0.3537   0.3571   0.3605   0.3639   0.3673   0.3707   0.3741   0.3776    0.381   0.3844   0.3878   0.3912   0.3946    0.398   0.4014   0.4048   0.4082   0.4116    0.415   0.4184   0.4218   0.4252   0.4286    0.432   0.4354   0.4388   0.4422   0.4456    0.449   0.4524   0.4558   0.4592   0.4626    0.466   0.4694   0.4728   0.4762   0.4796    0.483   0.4864   0.4898   0.4932   0.4966
    S      0.0   0.2754   0.0592   0.0166   0.1155   0.2779   0.0678   0.5336   0.0247   0.1682   0.3199   0.2191   0.6063   0.0253   0.0514   0.2914   0.0436   0.3161   0.0621   0.6059   0.1181   0.6082   0.0735   0.0488   0.0098   0.0522   0.1625   0.1221   0.0579   0.0211   0.2103   0.1996   0.0833   0.0038   0.1218   0.2014   0.0071   0.0149   0.2792   0.0632   0.6467   0.2518   0.1563   0.2612   0.0906   0.3907   0.0711    0.006   0.0002   0.5667   0.1167   0.1281   0.0813   0.0283   0.1274   0.0119      1.0   0.5579   0.1296   0.0064    0.034   0.9138   0.0987   0.0227   0.0125   0.0507   0.0102   0.2784   0.0338   0.0538    0.037   0.0443   0.0131   0.0525   0.2459   0.0219   0.8881   0.0018   0.0106   0.0531   0.0112   0.0794   0.0174   0.0325   0.2246   0.0455   0.2934   0.0233   0.1043   0.1756   0.1163   0.0982   0.0765   0.0341   0.0297   0.0325   0.0563   0.1764   0.1174   0.1462   0.0093   0.0834   0.1762   0.2985   0.4632   0.0249   0.0176   0.0806   0.0789   0.1148   0.1362   0.0272   0.2384   0.2568   0.0926   0.0234   0.0207   0.0191   0.1746   0.0372   0.0239   0.2934   0.0847   0.0158    0.015   0.0384   0.0346   0.0145   0.4111    0.031   0.2869   0.0427   0.1445   0.0124   0.1342   0.2244   0.0393   0.0539   0.4394   0.2874   0.0208   0.1186   0.5808   0.2523    0.102   0.5492   0.0509
  snr   -13.35
    H      4.4
 exon    False

M: tbpse
 freq      0.0   0.0034   0.0068   0.0102   0.0136    0.017   0.0204   0.0238   0.0272   0.0306    0.034   0.0374   0.0408   0.0442   0.0476    0.051   0.0544   0.0578   0.0612   0.0646    0.068   0.0714   0.0748   0.0782   0.0816    0.085   0.0884   0.0918   0.0952   0.0986    0.102   0.1054   0.1088   0.1122   0.1156    0.119   0.1224   0.1259   0.1293   0.1327   0.1361   0.1395   0.1429   0.1463   0.1497   0.1531   0.1565   0.1599   0.1633   0.1667   0.1701   0.1735   0.1769   0.1803   0.1837   0.1871   0.1905   0.1939   0.1973   0.2007   0.2041   0.2075   0.2109   0.2143   0.2177   0.2211   0.2245   0.2279   0.2313   0.2347   0.2381   0.2415   0.2449   0.2483   0.2517   0.2551   0.2585   0.2619   0.2653   0.2687   0.2721   0.2755   0.2789   0.2823   0.2857   0.2891   0.2925   0.2959   0.2993   0.3027   0.3061   0.3095   0.3129   0.3163   0.3197   0.3231   0.3265   0.3299   0.3333   0.3367   0.3401   0.3435   0.3469   0.3503   0.3537   0.3571   0.3605   0.3639   0.3673   0.3707   0.3741   0.3776    0.381   0.3844   0.3878   0.3912   0.3946    0.398   0.4014   0.4048   0.4082   0.4116    0.415   0.4184   0.4218   0.4252   0.4286    0.432   0.4354   0.4388   0.4422   0.4456    0.449   0.4524   0.4558   0.4592   0.4626    0.466   0.4694   0.4728   0.4762   0.4796    0.483   0.4864   0.4898   0.4932   0.4966
    S      0.0   0.0785      1.0   0.1097    0.339   0.1487   0.4377   0.0801   0.1168    0.049   0.0806   0.0732   0.2874   0.4832    0.124   0.2747   0.2481   0.3023   0.0243   0.3012   0.1908   0.2847   0.0085   0.0747   0.0601   0.0296   0.0266   0.0531   0.0509   0.0752   0.0588   0.3102    0.203    0.115   0.1862   0.0988    0.001   0.0421   0.2241   0.1349   0.1524   0.0524   0.0649   0.7124   0.0476   0.5792    0.215   0.0218    0.036   0.1072   0.0227   0.0599   0.0928   0.0427   0.0264   0.0119   0.1366      0.1   0.1109    0.182   0.0805   0.1686   0.1716   0.0553   0.0363   0.0287   0.2004   0.1323   0.3747   0.1974   0.1131   0.3045    0.007     0.12   0.0783      0.1   0.3371   0.0686   0.1979   0.1568    0.151   0.0221   0.0154   0.1529    0.081   0.0592   0.3174    0.015   0.0408   0.0186   0.0635    0.046   0.0096   0.0065   0.0059   0.0343   0.1868   0.0789   0.2208   0.1811   0.0141    0.166   0.0816   0.1345   0.0853   0.1954    0.005   0.0527   0.1848   0.0143    0.047   0.0684   0.1232   0.1876   0.0832   0.0732   0.0932   0.0359   0.2822   0.1997   0.0035   0.2066   0.0332   0.2096    0.212   0.0175    0.169    0.081    0.222   0.2469   0.2204   0.0457    0.077   0.1074   0.1081    0.675   0.0813   0.0375   0.0851   0.0539   0.0432   0.0967   0.9703   0.0295   0.4086   0.5179   0.3947
  snr   -13.16
    H     4.54
 exon    False

M: snrse
 freq      0.0   0.0034   0.0068   0.0102   0.0136    0.017   0.0204   0.0238   0.0272   0.0306    0.034   0.0374   0.0408   0.0442   0.0476    0.051   0.0544   0.0578   0.0612   0.0646    0.068   0.0714   0.0748   0.0782   0.0816    0.085   0.0884   0.0918   0.0952   0.0986    0.102   0.1054   0.1088   0.1122   0.1156    0.119   0.1224   0.1259   0.1293   0.1327   0.1361   0.1395   0.1429   0.1463   0.1497   0.1531   0.1565   0.1599   0.1633   0.1667   0.1701   0.1735   0.1769   0.1803   0.1837   0.1871   0.1905   0.1939   0.1973   0.2007   0.2041   0.2075   0.2109   0.2143   0.2177   0.2211   0.2245   0.2279   0.2313   0.2347   0.2381   0.2415   0.2449   0.2483   0.2517   0.2551   0.2585   0.2619   0.2653   0.2687   0.2721   0.2755   0.2789   0.2823   0.2857   0.2891   0.2925   0.2959   0.2993   0.3027   0.3061   0.3095   0.3129   0.3163   0.3197   0.3231   0.3265   0.3299   0.3333   0.3367   0.3401   0.3435   0.3469   0.3503   0.3537   0.3571   0.3605   0.3639   0.3673   0.3707   0.3741   0.3776    0.381   0.3844   0.3878   0.3912   0.3946    0.398   0.4014   0.4048   0.4082   0.4116    0.415   0.4184   0.4218   0.4252   0.4286    0.432   0.4354   0.4388   0.4422   0.4456    0.449   0.4524   0.4558   0.4592   0.4626    0.466   0.4694   0.4728   0.4762   0.4796    0.483   0.4864   0.4898   0.4932   0.4966
    S      0.0   0.1005   0.3989   0.0292   0.2782     0.09   0.2238   0.1824   0.0345   0.0087   0.0836   0.1116   0.1339    0.273   0.0144   0.0469   0.1566   0.0667   0.0314   0.0923    0.067   0.2162   0.0107   0.0286   0.0309   0.0168   0.0218   0.0004   0.0243   0.0412   0.0336   0.3016   0.0661   0.0605    0.107   0.1358   0.0263   0.0537    0.102   0.0745   0.1553   0.0871   0.0304   0.5224   0.0167   0.4594   0.1127   0.0043   0.0091   0.2606     0.05   0.0432   0.0779   0.0268   0.0162   0.0091   0.3678   0.1169   0.0284   0.1206   0.0848   0.1488   0.1375   0.0258   0.0294   0.0113   0.0916   0.1491   0.2488   0.1329   0.0186   0.1546   0.0041   0.0287   0.1157   0.0187   0.2915    0.046   0.1257   0.0256   0.0686   0.0525    0.026   0.1076   0.1214   0.0305   0.0547   0.0212    0.013   0.0305    0.014   0.0173    0.005   0.0142    0.042   0.0393   0.0402   0.0424   0.0815   0.0195   0.0318   0.0127   0.0229   0.0891   0.1041   0.0424   0.0348   0.0534   0.0777   0.0118   0.0337   0.0212   0.1601   0.1813   0.0811   0.0218   0.0179   0.0096   0.1097   0.0839   0.0107   0.1581   0.0186   0.1094   0.0995   0.0417   0.0595   0.0465   0.3269   0.0645    0.257   0.0571   0.0167   0.0686   0.0439   0.2977   0.0721   0.0577   0.0878   0.0583   0.0142   0.0151      1.0   0.0209   0.0507    0.513   0.0697
  snr   -11.09
    H     4.44
 exon    False