>data-XV-cerevisiae-intergenic-102
N: 259
Methods: voss, eiip, qpsk, mem, tbpse, snrse

M: voss
 freq      0.0   0.0039   0.0077   0.0116   0.0154   0.0193   0.0232    0.027   0.0309   0.0347   0.0386   0.0425   0.0463   0.0502   0.0541   0.0579   0.0618   0.0656   0.0695   0.0734   0.0772   0.0811   0.0849   0.0888   0.0927   0.0965   0.1004   0.1042   0.1081    0.112   0.1158   0.1197   0.1236   0.1274   0.1313   0.1351    0.139   0.1429   0.1467   0.1506   0.1544   0.1583   0.1622    0.166   0.1699   0.1737   0.1776   0.1815   0.1853   0.1892   0.1931   0.1969   0.2008   0.2046   0.2085   0.2124   0.2162   0.2201   0.2239   0.2278   0.2317   0.2355   0.2394   0.2432   0.2471    0.251   0.2548   0.2587   0.2625   0.2664   0.2703   0.2741    0.278   0.2819   0.2857   0.2896   0.2934   0.2973   0.3012    0.305   0.3089   0.3127   0.3166   0.3205   0.3243   0.3282    0.332   0.3359   0.3398   0.3436   0.3475   0.3514   0.3552   0.3591   0.3629   0.3668   0.3707   0.3745   0.3784   0.3822   0.3861     0.39   0.3938   0.3977   0.4015   0.4054   0.4093   0.4131    0.417   0.4208   0.4247   0.4286   0.4324   0.4363   0.4402    0.444   0.4479   0.4517   0.4556   0.4595   0.4633   0.4672    0.471   0.4749   0.4788   0.4826   0.4865   0.4903   0.4942   0.4981
    S      0.0      1.0   0.1702   0.4222   0.1951   0.2373   0.0341   0.0789   0.1019   0.1484   0.1016   0.0394   0.0732   0.0466    0.086   0.1034   0.0787   0.0492   0.0745   0.0601   0.0208   0.0681   0.2207   0.0912   0.0573   0.0276   0.1077   0.0707   0.1264   0.0353   0.0253   0.0935   0.0558   0.0154   0.1109   0.0694   0.0826   0.0922   0.0348   0.0713   0.1263    0.107   0.0538   0.0691   0.0763   0.0762   0.0775   0.0732   0.1177   0.0794   0.0718   0.1553   0.0507   0.0864   0.0756   0.1242   0.0676   0.0903   0.1733   0.1054    0.044   0.1356   0.0126   0.1595   0.1443   0.0507   0.0271   0.1487   0.0921   0.0446   0.0063   0.2135    0.104   0.0173    0.064   0.0597   0.0715   0.0745   0.0536   0.1728   0.1233   0.1198   0.0405   0.1228    0.068   0.0916   0.0929   0.1815   0.1049   0.0941    0.078   0.0248   0.0915   0.0503   0.1323   0.0403   0.0119    0.083   0.0429   0.1324   0.1237   0.0321   0.0477   0.1154   0.0998   0.0441   0.0747   0.0737   0.1424   0.0527   0.0555   0.1246    0.041   0.1586   0.0787   0.0925   0.0415   0.1206   0.0431   0.1315   0.0891   0.0316   0.0258    0.156   0.1015   0.1497   0.0927   0.0743   0.1249   0.0313
  snr   -10.58
    H     4.59
 exon    False

M: eiip
 freq      0.0   0.0039   0.0077   0.0116   0.0154   0.0193   0.0232    0.027   0.0309   0.0347   0.0386   0.0425   0.0463   0.0502   0.0541   0.0579   0.0618   0.0656   0.0695   0.0734   0.0772   0.0811   0.0849   0.0888   0.0927   0.0965   0.1004   0.1042   0.1081    0.112   0.1158   0.1197   0.1236   0.1274   0.1313   0.1351    0.139   0.1429   0.1467   0.1506   0.1544   0.1583   0.1622    0.166   0.1699   0.1737   0.1776   0.1815   0.1853   0.1892   0.1931   0.1969   0.2008   0.2046   0.2085   0.2124   0.2162   0.2201   0.2239   0.2278   0.2317   0.2355   0.2394   0.2432   0.2471    0.251   0.2548   0.2587   0.2625   0.2664   0.2703   0.2741    0.278   0.2819   0.2857   0.2896   0.2934   0.2973   0.3012    0.305   0.3089   0.3127   0.3166   0.3205   0.3243   0.3282    0.332   0.3359   0.3398   0.3436   0.3475   0.3514   0.3552   0.3591   0.3629   0.3668   0.3707   0.3745   0.3784   0.3822   0.3861     0.39   0.3938   0.3977   0.4015   0.4054   0.4093   0.4131    0.417   0.4208   0.4247   0.4286   0.4324   0.4363   0.4402    0.444   0.4479   0.4517   0.4556   0.4595   0.4633   0.4672    0.471   0.4749   0.4788   0.4826   0.4865   0.4903   0.4942   0.4981
    S      0.0      1.0   0.1931    0.546   0.4216   0.1032   0.1165   0.2049   0.0279   0.0654   0.1828   0.0703   0.2763   0.1807   0.2568   0.2239   0.5386   0.0543   0.3134   0.1995   0.0557    0.245   0.4843   0.0186   0.3281   0.1032   0.0546   0.0195   0.1777   0.2375   0.1399   0.1215   0.1706   0.0771   0.0869   0.0416   0.1071    0.061   0.1458   0.2437   0.0754   0.1646   0.3508   0.2779   0.3584   0.4385   0.1617   0.3214   0.2254   0.3307   0.1547   0.2239    0.108   0.6323   0.3036    0.548   0.3073   0.4659   0.5704   0.3269   0.2226   0.0931   0.0352    0.436   0.5227   0.2978   0.0542   0.3332    0.758   0.1866   0.0537   0.3093   0.2274    0.118   0.3952   0.0972    0.527   0.1085   0.0398   0.2495   0.0415   0.1189   0.2689   0.2929   0.2319   0.3791   0.0733   0.4761   0.0755   0.0993   0.0949   0.0134   0.2592    0.156    0.335   0.2825   0.0241   0.4086   0.3262   0.1509   0.3834   0.0665   0.2099   0.0175   0.2913   0.0951   0.0068   0.4114   0.1904   0.0123   0.0593   0.1905   0.0024   0.7885   0.1196   0.0035   0.2443   0.6324   0.0618   0.0542   0.1913   0.1318   0.0707   0.3821   0.1807   0.2778   0.1457   0.1219    0.019   0.1414
  snr   -14.46
    H     4.56
 exon    False

M: qpsk
 freq      0.0   0.0039   0.0077   0.0116   0.0154   0.0193   0.0232    0.027   0.0309   0.0347   0.0386   0.0425   0.0463   0.0502   0.0541   0.0579   0.0618   0.0656   0.0695   0.0734   0.0772   0.0811   0.0849   0.0888   0.0927   0.0965   0.1004   0.1042   0.1081    0.112   0.1158   0.1197   0.1236   0.1274   0.1313   0.1351    0.139   0.1429   0.1467   0.1506   0.1544   0.1583   0.1622    0.166   0.1699   0.1737   0.1776   0.1815   0.1853   0.1892   0.1931   0.1969   0.2008   0.2046   0.2085   0.2124   0.2162   0.2201   0.2239   0.2278   0.2317   0.2355   0.2394   0.2432   0.2471    0.251   0.2548   0.2587   0.2625   0.2664   0.2703   0.2741    0.278   0.2819   0.2857   0.2896   0.2934   0.2973   0.3012    0.305   0.3089   0.3127   0.3166   0.3205   0.3243   0.3282    0.332   0.3359   0.3398   0.3436   0.3475   0.3514   0.3552   0.3591   0.3629   0.3668   0.3707   0.3745   0.3784   0.3822   0.3861     0.39   0.3938   0.3977   0.4015   0.4054   0.4093   0.4131    0.417   0.4208   0.4247   0.4286   0.4324   0.4363   0.4402    0.444   0.4479   0.4517   0.4556   0.4595   0.4633   0.4672    0.471   0.4749   0.4788   0.4826   0.4865   0.4903   0.4942   0.4981
    S      0.0      1.0   0.2084   0.4101   0.2673   0.2167   0.0328     0.09   0.0562    0.098   0.0391   0.0316   0.0947   0.0359    0.085   0.0687   0.0516   0.0211   0.1012   0.0882   0.0098   0.0927   0.2464   0.0538   0.0835   0.0387   0.0307   0.0803   0.0863   0.0294   0.0354    0.038   0.0669   0.0074   0.1169   0.1039   0.1251   0.0759   0.0412   0.0924   0.0865   0.0478   0.0264   0.0439   0.1074   0.1029   0.1017   0.0824   0.0229   0.1197   0.0955     0.01   0.0733   0.0941   0.1118   0.1823   0.0694   0.1322   0.1812    0.108     0.04   0.0469   0.0171   0.1049   0.0413   0.0728   0.0303   0.1308   0.1342   0.0504   0.0087   0.2687   0.0778   0.0163     0.08   0.0038   0.0293   0.0763   0.0699   0.1806   0.0894   0.1164   0.0509     0.11   0.0837   0.1308   0.1403   0.2132   0.1247   0.0705   0.0779   0.0357   0.1268   0.0707   0.1499    0.022   0.0119   0.1176   0.0638   0.1097   0.1779   0.0151   0.0599   0.1245   0.0677   0.0654   0.0624   0.0606   0.1566   0.0411   0.0335   0.1857   0.0492   0.0719   0.1139   0.0574   0.0376   0.1402    0.037   0.1301   0.0321   0.0455   0.0148   0.1816   0.0436   0.1546   0.1118    0.044   0.1224    0.036
  snr   -10.46
    H     4.53
 exon    False

M: mem
 freq      0.0   0.0039   0.0078   0.0116   0.0155   0.0194   0.0233   0.0271    0.031   0.0349   0.0388   0.0426   0.0465   0.0504   0.0543   0.0581    0.062   0.0659   0.0698   0.0736   0.0775   0.0814   0.0853   0.0891    0.093   0.0969   0.1008   0.1047   0.1085   0.1124   0.1163   0.1202    0.124   0.1279   0.1318   0.1357   0.1395   0.1434   0.1473   0.1512    0.155   0.1589   0.1628   0.1667   0.1705   0.1744   0.1783   0.1822    0.186   0.1899   0.1938   0.1977   0.2016   0.2054   0.2093   0.2132   0.2171   0.2209   0.2248   0.2287   0.2326   0.2364   0.2403   0.2442   0.2481   0.2519   0.2558   0.2597   0.2636   0.2674   0.2713   0.2752   0.2791   0.2829   0.2868   0.2907   0.2946   0.2984   0.3023   0.3062   0.3101    0.314   0.3178   0.3217   0.3256   0.3295   0.3333   0.3372   0.3411    0.345   0.3488   0.3527   0.3566   0.3605   0.3643   0.3682   0.3721    0.376   0.3798   0.3837   0.3876   0.3915   0.3953   0.3992   0.4031    0.407   0.4109   0.4147   0.4186   0.4225   0.4264   0.4302   0.4341    0.438   0.4419   0.4457   0.4496   0.4535   0.4574   0.4612   0.4651    0.469   0.4729   0.4767   0.4806   0.4845   0.4884   0.4922   0.4961
    S      0.0   0.1957   0.2472   0.4205   0.9269   0.0365   0.0056     0.41   0.4688    0.028   0.1024   0.0007   0.1111   0.2357   0.2626   0.1581   0.1477   0.1035   0.0117   0.1672     0.07   0.1432   0.0149   0.0611   0.0056   0.0131   0.1121   0.1108   0.4247   0.2931   0.0436   0.0728   0.4531    0.031   0.1797   0.1842   0.4222   0.0029   0.0831   0.4022   0.0343   0.1504   0.0834   0.0628   0.0362   0.0813   0.1514    0.386     0.14   0.2103   0.0472   0.4033   0.3718   0.0695    0.126   0.0968   0.0474   0.1177      1.0   0.0167   0.0602   0.7571   0.0572   0.5832   0.4396    0.257   0.0816   0.2549   0.1709   0.0633   0.0399   0.4486   0.0537    0.009   0.0303   0.4104    0.149    0.182   0.1014   0.2561   0.3157   0.4644   0.3081   0.1191   0.1549   0.0155   0.3779   0.1356   0.1595   0.1024   0.0179   0.1296   0.0332   0.0191     0.01   0.1854   0.0034   0.2269   0.0407    0.121   0.0289   0.1707   0.0492    0.243   0.2088   0.0804   0.0431   0.5178   0.2209   0.2211   0.1783   0.0508   0.7538   0.2024    0.108   0.2062   0.0305   0.1318   0.0446   0.0883   0.1529    0.075   0.1886   0.1203   0.2648    0.054   0.0237   0.5048   0.2253
  snr   -13.49
    H     4.42
 exon    False

M: tbpse
 freq      0.0   0.0039   0.0077   0.0116   0.0154   0.0193   0.0232    0.027   0.0309   0.0347   0.0386   0.0425   0.0463   0.0502   0.0541   0.0579   0.0618   0.0656   0.0695   0.0734   0.0772   0.0811   0.0849   0.0888   0.0927   0.0965   0.1004   0.1042   0.1081    0.112   0.1158   0.1197   0.1236   0.1274   0.1313   0.1351    0.139   0.1429   0.1467   0.1506   0.1544   0.1583   0.1622    0.166   0.1699   0.1737   0.1776   0.1815   0.1853   0.1892   0.1931   0.1969   0.2008   0.2046   0.2085   0.2124   0.2162   0.2201   0.2239   0.2278   0.2317   0.2355   0.2394   0.2432   0.2471    0.251   0.2548   0.2587   0.2625   0.2664   0.2703   0.2741    0.278   0.2819   0.2857   0.2896   0.2934   0.2973   0.3012    0.305   0.3089   0.3127   0.3166   0.3205   0.3243   0.3282    0.332   0.3359   0.3398   0.3436   0.3475   0.3514   0.3552   0.3591   0.3629   0.3668   0.3707   0.3745   0.3784   0.3822   0.3861     0.39   0.3938   0.3977   0.4015   0.4054   0.4093   0.4131    0.417   0.4208   0.4247   0.4286   0.4324   0.4363   0.4402    0.444   0.4479   0.4517   0.4556   0.4595   0.4633   0.4672    0.471   0.4749   0.4788   0.4826   0.4865   0.4903   0.4942   0.4981
    S      0.0      1.0   0.2943   0.2963    0.436    0.367   0.0404   0.1033   0.0231   0.1391   0.0669    0.058   0.0219   0.0387   0.1388   0.0263   0.0091   0.0271   0.0174   0.0824   0.0154   0.0888   0.1504   0.0685   0.0326   0.0374   0.0636    0.157   0.0292   0.0321   0.0182    0.085   0.1076   0.0086   0.0875   0.1619   0.2207   0.1066   0.0432   0.1361   0.1529   0.0958   0.0144    0.062   0.0217   0.0263   0.0623   0.1231   0.0585   0.0964   0.1306   0.0156   0.0595   0.0581   0.1186   0.1627   0.0794   0.0726   0.2857   0.0199   0.0458   0.0317   0.0265    0.117   0.0538    0.078   0.0134   0.0506   0.0635   0.0254   0.0022     0.16   0.1184   0.0082   0.0292   0.0111   0.0154   0.1418   0.0973    0.032   0.0829    0.171   0.0403   0.1423   0.1269   0.0466   0.2398   0.1011    0.158   0.0588   0.0663    0.054   0.0812   0.0389   0.0943   0.0174   0.0081   0.0426   0.0419   0.2143   0.0707   0.0239   0.0611   0.1442   0.0999   0.0547   0.0494   0.0798   0.1456   0.0329   0.0287   0.1925   0.0638   0.0886   0.1563   0.0724   0.0274   0.0611   0.0316    0.259   0.0065   0.0172    0.008   0.1339   0.0904   0.2359   0.1317   0.0141   0.0932   0.0145
  snr   -10.41
    H     4.43
 exon    False

M: snrse
 freq      0.0   0.0039   0.0077   0.0116   0.0154   0.0193   0.0232    0.027   0.0309   0.0347   0.0386   0.0425   0.0463   0.0502   0.0541   0.0579   0.0618   0.0656   0.0695   0.0734   0.0772   0.0811   0.0849   0.0888   0.0927   0.0965   0.1004   0.1042   0.1081    0.112   0.1158   0.1197   0.1236   0.1274   0.1313   0.1351    0.139   0.1429   0.1467   0.1506   0.1544   0.1583   0.1622    0.166   0.1699   0.1737   0.1776   0.1815   0.1853   0.1892   0.1931   0.1969   0.2008   0.2046   0.2085   0.2124   0.2162   0.2201   0.2239   0.2278   0.2317   0.2355   0.2394   0.2432   0.2471    0.251   0.2548   0.2587   0.2625   0.2664   0.2703   0.2741    0.278   0.2819   0.2857   0.2896   0.2934   0.2973   0.3012    0.305   0.3089   0.3127   0.3166   0.3205   0.3243   0.3282    0.332   0.3359   0.3398   0.3436   0.3475   0.3514   0.3552   0.3591   0.3629   0.3668   0.3707   0.3745   0.3784   0.3822   0.3861     0.39   0.3938   0.3977   0.4015   0.4054   0.4093   0.4131    0.417   0.4208   0.4247   0.4286   0.4324   0.4363   0.4402    0.444   0.4479   0.4517   0.4556   0.4595   0.4633   0.4672    0.471   0.4749   0.4788   0.4826   0.4865   0.4903   0.4942   0.4981
    S      0.0      1.0   0.1328   0.3934   0.0301   0.1642   0.0112   0.0225   0.0542   0.1331   0.0619   0.0136   0.0342   0.0179   0.0358   0.0796   0.0173   0.0366   0.0571   0.0287   0.0047    0.054   0.1919   0.0843   0.0085   0.0234   0.0801   0.0315    0.058   0.0013   0.0176   0.0506   0.0069   0.0021   0.0723   0.0077   0.0249   0.0707    0.025   0.0235   0.0975   0.0636   0.0077   0.0126   0.0499   0.0205   0.0445   0.0117   0.0593   0.0384   0.0568    0.088   0.0137   0.0378   0.0504   0.0539   0.0164   0.0378   0.0728   0.0555   0.0027   0.0766   0.0055    0.021   0.0521   0.0276   0.0225   0.1119   0.0368   0.0341   0.0011   0.1056    0.069   0.0029   0.0395    0.033   0.0022   0.0323   0.0306   0.1316   0.1269   0.0074   0.0044   0.0801    0.032   0.0459   0.0292   0.1782   0.0534   0.0845     0.08    0.008   0.0419   0.0282   0.1127   0.0051   0.0117   0.0255   0.0254   0.0664   0.0427   0.0111   0.0028   0.0534   0.0311   0.0114    0.024   0.0055    0.118   0.0434   0.0385   0.0059   0.0034   0.0272    0.017   0.0678   0.0098     0.02   0.0402   0.0639   0.0407   0.0186    0.012   0.0781   0.0438   0.0224    0.086   0.0556   0.0364    0.011
  snr    -7.77
    H     4.23
 exon    False