>data-XV-cerevisiae-intergenic-262
N: 646
Methods: voss, eiip, qpsk, mem, alg1, alg2

M: voss
 freq      0.0   0.0015   0.0031   0.0046   0.0062   0.0077   0.0093   0.0108   0.0124   0.0139   0.0155    0.017   0.0186   0.0201   0.0217   0.0232   0.0248   0.0263   0.0279   0.0294    0.031   0.0325   0.0341   0.0356   0.0372   0.0387   0.0402   0.0418   0.0433   0.0449   0.0464    0.048   0.0495   0.0511   0.0526   0.0542   0.0557   0.0573   0.0588   0.0604   0.0619   0.0635    0.065   0.0666   0.0681   0.0697   0.0712   0.0728   0.0743   0.0759   0.0774   0.0789   0.0805    0.082   0.0836   0.0851   0.0867   0.0882   0.0898   0.0913   0.0929   0.0944    0.096   0.0975   0.0991   0.1006   0.1022   0.1037   0.1053   0.1068   0.1084   0.1099   0.1115    0.113   0.1146   0.1161   0.1176   0.1192   0.1207   0.1223   0.1238   0.1254   0.1269   0.1285     0.13   0.1316   0.1331   0.1347   0.1362   0.1378   0.1393   0.1409   0.1424    0.144   0.1455   0.1471   0.1486   0.1502   0.1517   0.1533   0.1548   0.1563   0.1579   0.1594    0.161   0.1625   0.1641   0.1656   0.1672   0.1687   0.1703   0.1718   0.1734   0.1749   0.1765    0.178   0.1796   0.1811   0.1827   0.1842   0.1858   0.1873   0.1889   0.1904    0.192   0.1935    0.195   0.1966   0.1981   0.1997   0.2012   0.2028   0.2043   0.2059   0.2074    0.209   0.2105   0.2121   0.2136   0.2152   0.2167   0.2183   0.2198   0.2214   0.2229   0.2245    0.226   0.2276   0.2291   0.2307   0.2322   0.2337   0.2353   0.2368   0.2384   0.2399   0.2415    0.243   0.2446   0.2461   0.2477   0.2492   0.2508   0.2523   0.2539   0.2554    0.257   0.2585   0.2601   0.2616   0.2632   0.2647   0.2663   0.2678   0.2693   0.2709   0.2724    0.274   0.2755   0.2771   0.2786   0.2802   0.2817   0.2833   0.2848   0.2864   0.2879   0.2895    0.291   0.2926   0.2941   0.2957   0.2972   0.2988   0.3003   0.3019   0.3034    0.305   0.3065    0.308   0.3096   0.3111   0.3127   0.3142   0.3158   0.3173   0.3189   0.3204    0.322   0.3235   0.3251   0.3266   0.3282   0.3297   0.3313   0.3328   0.3344   0.3359   0.3375    0.339   0.3406   0.3421   0.3437   0.3452   0.3467   0.3483   0.3498   0.3514   0.3529   0.3545    0.356   0.3576   0.3591   0.3607   0.3622   0.3638   0.3653   0.3669   0.3684     0.37   0.3715   0.3731   0.3746   0.3762   0.3777   0.3793   0.3808   0.3824   0.3839   0.3854    0.387   0.3885   0.3901   0.3916   0.3932   0.3947   0.3963   0.3978   0.3994   0.4009   0.4025    0.404   0.4056   0.4071   0.4087   0.4102   0.4118   0.4133   0.4149   0.4164    0.418   0.4195   0.4211   0.4226   0.4241   0.4257   0.4272   0.4288   0.4303   0.4319   0.4334    0.435   0.4365   0.4381   0.4396   0.4412   0.4427   0.4443   0.4458   0.4474   0.4489   0.4505    0.452   0.4536   0.4551   0.4567   0.4582   0.4598   0.4613   0.4628   0.4644   0.4659   0.4675    0.469   0.4706   0.4721   0.4737   0.4752   0.4768   0.4783   0.4799   0.4814    0.483   0.4845   0.4861   0.4876   0.4892   0.4907   0.4923   0.4938   0.4954   0.4969   0.4985
    S      0.0   0.1537   0.1514      1.0   0.1296   0.1157   0.0509   0.1931   0.0944   0.1308   0.0793   0.1837   0.1078   0.0676   0.0574   0.0876   0.1551   0.1204   0.1669   0.0359   0.1654   0.0435   0.1482   0.1422   0.0353   0.1457   0.0751   0.1385   0.0778    0.073   0.1031   0.0211   0.2982   0.1563   0.1645   0.0878   0.0905   0.1843   0.0723   0.0134   0.2367   0.1827   0.1647    0.231    0.175   0.2464   0.1718   0.2803   0.1988    0.258   0.2282    0.137   0.0785   0.0943   0.2695   0.0567   0.1331   0.1833   0.1352   0.0748    0.075   0.1865   0.0484   0.0432   0.0988    0.139   0.1716   0.1201   0.1079   0.0575   0.0783   0.1029    0.062   0.1998   0.0577   0.0799    0.152   0.0934   0.0933   0.1363   0.0532   0.0684   0.0892   0.1414   0.1846   0.1075   0.1101   0.1658   0.1196   0.0946   0.1135   0.3108   0.0921   0.1325   0.0428   0.1343   0.1443   0.1831   0.1418   0.1961   0.0613   0.1737   0.0846   0.0768   0.0908   0.2015   0.2673   0.0453   0.0179     0.11   0.0544   0.0977   0.0443   0.2342    0.084   0.1178   0.0801   0.0745   0.1141   0.1092   0.1087   0.0939   0.1019   0.0313   0.1219    0.103   0.1794   0.0076   0.0615   0.1484   0.0748   0.1615   0.2441    0.149   0.1095   0.0072   0.1066   0.0538   0.0806   0.1286   0.0433   0.0951   0.0851   0.0336   0.1541    0.103   0.0161   0.0524   0.0801   0.1066   0.1182   0.0817   0.0998   0.0403   0.1591   0.0879   0.1639   0.1931   0.1204   0.0126   0.2189   0.1228   0.1935   0.0572   0.0103   0.0698   0.1086   0.0873   0.0554    0.154   0.0146   0.0514   0.0736    0.107   0.1046   0.0765   0.0545   0.0704   0.0798   0.1465   0.1263   0.0916   0.0287    0.194   0.1249    0.083   0.1862   0.1878   0.0888    0.102   0.0224   0.0947   0.1465   0.1503   0.0795   0.1167    0.121   0.0467   0.0241   0.0602   0.1852     0.07   0.0605    0.094   0.0959   0.0556   0.0284   0.1948   0.0969   0.0525   0.1009   0.0783   0.2124   0.0134   0.1943   0.0859   0.0446   0.0372   0.0679   0.0736   0.1323   0.1209   0.0542   0.0699   0.0335   0.1092    0.139   0.0988   0.0668   0.0734   0.0782   0.0616   0.1698   0.3773   0.1205   0.0733   0.2023    0.234   0.0591   0.2321   0.0863   0.0803   0.0165   0.1459    0.231   0.0918     0.09   0.1957   0.1083   0.1005   0.1087   0.2588   0.2032   0.1174   0.0322   0.2454   0.0645    0.094   0.0691   0.0779   0.1391   0.0846   0.0608   0.1011    0.166   0.0214   0.0455     0.07   0.0542   0.0648   0.1079   0.0402   0.1555   0.0748   0.2497   0.2621   0.0968   0.0929   0.2216   0.0732    0.275   0.0117   0.0361   0.0491   0.0847   0.1216   0.0421    0.128   0.1116   0.0214   0.1181   0.2063   0.3826   0.1286    0.112   0.0747   0.0707   0.1997   0.1584    0.093    0.094   0.1181   0.0566   0.0593   0.0619   0.0469    0.332   0.1415   0.0848   0.0608   0.1265   0.1061   0.1904   0.0908   0.1153   0.0941   0.1293   0.0976   0.1474   0.2325   0.1779   0.0824   0.0445
  snr   -15.64
    H     5.59
 exon    False

M: eiip
 freq      0.0   0.0015   0.0031   0.0046   0.0062   0.0077   0.0093   0.0108   0.0124   0.0139   0.0155    0.017   0.0186   0.0201   0.0217   0.0232   0.0248   0.0263   0.0279   0.0294    0.031   0.0325   0.0341   0.0356   0.0372   0.0387   0.0402   0.0418   0.0433   0.0449   0.0464    0.048   0.0495   0.0511   0.0526   0.0542   0.0557   0.0573   0.0588   0.0604   0.0619   0.0635    0.065   0.0666   0.0681   0.0697   0.0712   0.0728   0.0743   0.0759   0.0774   0.0789   0.0805    0.082   0.0836   0.0851   0.0867   0.0882   0.0898   0.0913   0.0929   0.0944    0.096   0.0975   0.0991   0.1006   0.1022   0.1037   0.1053   0.1068   0.1084   0.1099   0.1115    0.113   0.1146   0.1161   0.1176   0.1192   0.1207   0.1223   0.1238   0.1254   0.1269   0.1285     0.13   0.1316   0.1331   0.1347   0.1362   0.1378   0.1393   0.1409   0.1424    0.144   0.1455   0.1471   0.1486   0.1502   0.1517   0.1533   0.1548   0.1563   0.1579   0.1594    0.161   0.1625   0.1641   0.1656   0.1672   0.1687   0.1703   0.1718   0.1734   0.1749   0.1765    0.178   0.1796   0.1811   0.1827   0.1842   0.1858   0.1873   0.1889   0.1904    0.192   0.1935    0.195   0.1966   0.1981   0.1997   0.2012   0.2028   0.2043   0.2059   0.2074    0.209   0.2105   0.2121   0.2136   0.2152   0.2167   0.2183   0.2198   0.2214   0.2229   0.2245    0.226   0.2276   0.2291   0.2307   0.2322   0.2337   0.2353   0.2368   0.2384   0.2399   0.2415    0.243   0.2446   0.2461   0.2477   0.2492   0.2508   0.2523   0.2539   0.2554    0.257   0.2585   0.2601   0.2616   0.2632   0.2647   0.2663   0.2678   0.2693   0.2709   0.2724    0.274   0.2755   0.2771   0.2786   0.2802   0.2817   0.2833   0.2848   0.2864   0.2879   0.2895    0.291   0.2926   0.2941   0.2957   0.2972   0.2988   0.3003   0.3019   0.3034    0.305   0.3065    0.308   0.3096   0.3111   0.3127   0.3142   0.3158   0.3173   0.3189   0.3204    0.322   0.3235   0.3251   0.3266   0.3282   0.3297   0.3313   0.3328   0.3344   0.3359   0.3375    0.339   0.3406   0.3421   0.3437   0.3452   0.3467   0.3483   0.3498   0.3514   0.3529   0.3545    0.356   0.3576   0.3591   0.3607   0.3622   0.3638   0.3653   0.3669   0.3684     0.37   0.3715   0.3731   0.3746   0.3762   0.3777   0.3793   0.3808   0.3824   0.3839   0.3854    0.387   0.3885   0.3901   0.3916   0.3932   0.3947   0.3963   0.3978   0.3994   0.4009   0.4025    0.404   0.4056   0.4071   0.4087   0.4102   0.4118   0.4133   0.4149   0.4164    0.418   0.4195   0.4211   0.4226   0.4241   0.4257   0.4272   0.4288   0.4303   0.4319   0.4334    0.435   0.4365   0.4381   0.4396   0.4412   0.4427   0.4443   0.4458   0.4474   0.4489   0.4505    0.452   0.4536   0.4551   0.4567   0.4582   0.4598   0.4613   0.4628   0.4644   0.4659   0.4675    0.469   0.4706   0.4721   0.4737   0.4752   0.4768   0.4783   0.4799   0.4814    0.483   0.4845   0.4861   0.4876   0.4892   0.4907   0.4923   0.4938   0.4954   0.4969   0.4985
    S      0.0    0.325   0.0911   0.1454   0.2943   0.0796   0.0081   0.2709   0.0484   0.0365   0.0546   0.0705   0.1769   0.0007    0.059   0.0033   0.1086   0.2414   0.1116   0.1056   0.1221   0.0627   0.0486   0.0023   0.0001   0.1698   0.1786   0.4662     0.19   0.1726    0.105   0.0323    0.122   0.0057   0.2916   0.0819   0.1408   0.3729    0.132   0.0371    0.355   0.2362   0.0863   0.6278   0.0876   0.6328   0.0247   0.0395   0.2034   0.1799   0.1437   0.2166   0.3141    0.031   0.2345   0.0621   0.4345   0.0555   0.3837   0.0076   0.0352   0.1581   0.0831    0.023   0.2418   0.1707   0.0792   0.3028   0.1232   0.0102     0.31   0.0727   0.0016   0.3279   0.2356   0.0147    0.078   0.0601   0.0921   0.2994   0.0833   0.1109   0.2327   0.0951   0.1211   0.0614   0.0684    0.436   0.2141   0.1971    0.209   0.0846   0.1035   0.0126   0.0498   0.3329   0.2022   0.1989   0.2721   0.3641   0.0683   0.2742   0.2132   0.0362   0.2706   0.0749    0.046   0.1154   0.0523   0.0082   0.0052   0.0494   0.0759   0.1198   0.0509   0.1178   0.0464   0.1065   0.0523   0.2617   0.1734   0.0202    0.058   0.0053   0.0778   0.0882    0.562   0.0093   0.0286   0.1688   0.3035   0.1579   0.2104    0.228   0.2123   0.0159   0.0086   0.1351   0.0287    0.025   0.0958   0.0407   0.0102   0.0093   0.0411   0.0146   0.0058   0.0332   0.1295   0.0024   0.1041   0.0104   0.0046   0.0158   0.0107    0.087   0.1224   0.1743   0.1674   0.0126   0.1436   0.0189   0.0597   0.1515   0.0013   0.0255   0.1475   0.0338   0.0795   0.0984   0.0422    0.151   0.0327   0.1557   0.1696   0.0096   0.0687   0.0346   0.1461   0.0898   0.1094   0.0687   0.0686   0.1672   0.3776   0.0396   0.0182   0.2197   0.1299   0.0374   0.0031   0.3193   0.1066   0.1068   0.1922   0.2857   0.4357   0.1516   0.0214    0.008   0.1253   0.0708   0.0162    0.138   0.0564   0.1098   0.0261    0.323   0.1196    0.033   0.1088   0.1219    0.235   0.0151   0.0398   0.0019   0.0779   0.1088   0.0438   0.1383   0.0594   0.1815   0.0354   0.0827   0.0433   0.0291   0.0023   0.1833   0.0901   0.2105   0.1578   0.1182   0.0238      1.0   0.1238   0.2313   0.6961   0.3811   0.1295   0.5564   0.2489    0.267   0.0001   0.0006   0.5295   0.1299   0.2115   0.0605   0.1458   0.3657   0.0271   0.2364   0.6466   0.0829   0.0446    0.012   0.0632   0.2606   0.0277   0.1228   0.0355   0.1223   0.0917   0.0578   0.0137   0.0604   0.0231   0.0184    0.017   0.2304    0.059   0.0648    0.319   0.2932   0.0318   0.4051   0.3115   0.0172   0.3551   0.0892   0.0856   0.0514   0.1209   0.1179    0.096   0.0914   0.0764   0.1013   0.1525    0.011   0.0054   0.2543    0.025    0.172   0.0196   0.2118   0.2398   0.5596   0.2643   0.0195   0.1132   0.1425    0.072   0.1178    0.012   0.0955   0.1365   0.3976   0.1047   0.0497   0.1035   0.0876   0.1214   0.2032    0.035    0.099   0.2988   0.2439   0.2949   0.1929   0.1753   0.2474   0.0863
  snr   -16.35
    H     5.36
 exon    False

M: qpsk
 freq      0.0   0.0015   0.0031   0.0046   0.0062   0.0077   0.0093   0.0108   0.0124   0.0139   0.0155    0.017   0.0186   0.0201   0.0217   0.0232   0.0248   0.0263   0.0279   0.0294    0.031   0.0325   0.0341   0.0356   0.0372   0.0387   0.0402   0.0418   0.0433   0.0449   0.0464    0.048   0.0495   0.0511   0.0526   0.0542   0.0557   0.0573   0.0588   0.0604   0.0619   0.0635    0.065   0.0666   0.0681   0.0697   0.0712   0.0728   0.0743   0.0759   0.0774   0.0789   0.0805    0.082   0.0836   0.0851   0.0867   0.0882   0.0898   0.0913   0.0929   0.0944    0.096   0.0975   0.0991   0.1006   0.1022   0.1037   0.1053   0.1068   0.1084   0.1099   0.1115    0.113   0.1146   0.1161   0.1176   0.1192   0.1207   0.1223   0.1238   0.1254   0.1269   0.1285     0.13   0.1316   0.1331   0.1347   0.1362   0.1378   0.1393   0.1409   0.1424    0.144   0.1455   0.1471   0.1486   0.1502   0.1517   0.1533   0.1548   0.1563   0.1579   0.1594    0.161   0.1625   0.1641   0.1656   0.1672   0.1687   0.1703   0.1718   0.1734   0.1749   0.1765    0.178   0.1796   0.1811   0.1827   0.1842   0.1858   0.1873   0.1889   0.1904    0.192   0.1935    0.195   0.1966   0.1981   0.1997   0.2012   0.2028   0.2043   0.2059   0.2074    0.209   0.2105   0.2121   0.2136   0.2152   0.2167   0.2183   0.2198   0.2214   0.2229   0.2245    0.226   0.2276   0.2291   0.2307   0.2322   0.2337   0.2353   0.2368   0.2384   0.2399   0.2415    0.243   0.2446   0.2461   0.2477   0.2492   0.2508   0.2523   0.2539   0.2554    0.257   0.2585   0.2601   0.2616   0.2632   0.2647   0.2663   0.2678   0.2693   0.2709   0.2724    0.274   0.2755   0.2771   0.2786   0.2802   0.2817   0.2833   0.2848   0.2864   0.2879   0.2895    0.291   0.2926   0.2941   0.2957   0.2972   0.2988   0.3003   0.3019   0.3034    0.305   0.3065    0.308   0.3096   0.3111   0.3127   0.3142   0.3158   0.3173   0.3189   0.3204    0.322   0.3235   0.3251   0.3266   0.3282   0.3297   0.3313   0.3328   0.3344   0.3359   0.3375    0.339   0.3406   0.3421   0.3437   0.3452   0.3467   0.3483   0.3498   0.3514   0.3529   0.3545    0.356   0.3576   0.3591   0.3607   0.3622   0.3638   0.3653   0.3669   0.3684     0.37   0.3715   0.3731   0.3746   0.3762   0.3777   0.3793   0.3808   0.3824   0.3839   0.3854    0.387   0.3885   0.3901   0.3916   0.3932   0.3947   0.3963   0.3978   0.3994   0.4009   0.4025    0.404   0.4056   0.4071   0.4087   0.4102   0.4118   0.4133   0.4149   0.4164    0.418   0.4195   0.4211   0.4226   0.4241   0.4257   0.4272   0.4288   0.4303   0.4319   0.4334    0.435   0.4365   0.4381   0.4396   0.4412   0.4427   0.4443   0.4458   0.4474   0.4489   0.4505    0.452   0.4536   0.4551   0.4567   0.4582   0.4598   0.4613   0.4628   0.4644   0.4659   0.4675    0.469   0.4706   0.4721   0.4737   0.4752   0.4768   0.4783   0.4799   0.4814    0.483   0.4845   0.4861   0.4876   0.4892   0.4907   0.4923   0.4938   0.4954   0.4969   0.4985
    S      0.0    0.274   0.3073      1.0    0.131   0.1795   0.0705   0.3838   0.1624   0.0289   0.1258   0.2838   0.1381   0.0535   0.0472   0.0997   0.2389    0.186   0.2573   0.0588   0.2173   0.0821   0.2416   0.1646   0.0554   0.1948   0.0281   0.2386   0.1299   0.1238   0.1781   0.0286   0.5585   0.1943   0.2125   0.1807   0.1358   0.3571   0.1343   0.0219   0.0977   0.1207   0.2486   0.4162   0.2284   0.5187   0.2623   0.5368   0.1421   0.1794    0.224   0.1067    0.132   0.1881   0.5741   0.0833   0.2633   0.2618   0.1048   0.0583   0.0675   0.3989   0.0202   0.0657   0.1814   0.1981   0.1693   0.1899   0.1993   0.0417   0.1541   0.1729   0.1213   0.4191   0.1027   0.1618   0.2386   0.1237   0.1556   0.1104    0.072   0.0924   0.1434   0.1613   0.3298   0.2297   0.2038   0.2768   0.2187   0.1758   0.1694   0.2917   0.0576   0.1317   0.0641   0.1908   0.1987   0.1783   0.2097    0.399   0.0662   0.2529   0.1338   0.1037   0.0846   0.3758   0.3101   0.0926   0.0232    0.126   0.0576   0.1116   0.0853   0.4764   0.1667   0.2196   0.1231   0.1019   0.2173   0.0181   0.1448   0.1082   0.1489   0.0397   0.1197   0.1194   0.1511   0.0122   0.1082   0.2779   0.1196   0.3179   0.1183   0.0535   0.1897    0.007   0.2208   0.1025   0.0862   0.1138   0.0782   0.1202   0.0899   0.0499   0.1078   0.1324   0.0285   0.1006   0.0976   0.1518   0.2169   0.1006   0.1264    0.086   0.2042   0.0085   0.2121   0.3246   0.0664   0.0137   0.2972   0.1208   0.1749    0.085   0.0162   0.0639   0.1687   0.0244   0.0906   0.2691   0.0309   0.1102   0.0788   0.1205   0.0855   0.0516   0.1013    0.148   0.1576    0.202   0.2169   0.0604   0.0487   0.0953   0.2657   0.1245   0.2642   0.3323   0.1459   0.1768   0.0344   0.1753   0.2639   0.2235   0.1683   0.1836   0.2052   0.0548   0.0352   0.0811   0.2419   0.1236   0.0953   0.0526   0.1521   0.0816   0.0577   0.2823   0.1978   0.0812   0.0601   0.1093   0.0462   0.0007   0.2906   0.0913   0.0282   0.0257   0.1369   0.1404   0.1479   0.2344   0.0887   0.1195    0.019   0.2253    0.133    0.203   0.0542   0.1293   0.1196   0.0695   0.3603   0.5619   0.1787   0.1497   0.3096   0.2076   0.0744   0.3831    0.076   0.1592   0.0216   0.3058   0.4273   0.1045   0.1874   0.3279   0.1107    0.199   0.2111   0.3807   0.0974   0.1969   0.0247   0.1635   0.0385   0.1384    0.139   0.1451   0.1862   0.1215   0.1146   0.0121   0.2121   0.0246     0.03   0.0787   0.0707   0.1265    0.085   0.0806   0.2458   0.1043   0.5045   0.4477   0.1366   0.1415   0.4462   0.1152   0.4859    0.018   0.0747   0.0928   0.1813   0.2599   0.0445   0.2543   0.1984   0.0359   0.1341   0.3289   0.3018   0.2674   0.1537   0.1474   0.1193   0.1952   0.2337    0.096   0.0323   0.0598   0.1119   0.1097   0.1294   0.0978   0.6617   0.2011   0.1182    0.125   0.1589   0.2142   0.2903   0.1838   0.2029   0.1864   0.1475   0.0953   0.1498   0.2863   0.2101   0.1543   0.0313
  snr   -17.18
    H     5.54
 exon    False

M: mem
 freq      0.0   0.0015   0.0031   0.0046   0.0062   0.0077   0.0093   0.0108   0.0124   0.0139   0.0155    0.017   0.0186   0.0201   0.0217   0.0232   0.0248   0.0263   0.0279   0.0294    0.031   0.0325   0.0341   0.0356   0.0372   0.0387   0.0402   0.0418   0.0433   0.0449   0.0464    0.048   0.0495   0.0511   0.0526   0.0542   0.0557   0.0573   0.0588   0.0604   0.0619   0.0635    0.065   0.0666   0.0681   0.0697   0.0712   0.0728   0.0743   0.0759   0.0774   0.0789   0.0805    0.082   0.0836   0.0851   0.0867   0.0882   0.0898   0.0913   0.0929   0.0944    0.096   0.0975   0.0991   0.1006   0.1022   0.1037   0.1053   0.1068   0.1084   0.1099   0.1115    0.113   0.1146   0.1161   0.1176   0.1192   0.1207   0.1223   0.1238   0.1254   0.1269   0.1285     0.13   0.1316   0.1331   0.1347   0.1362   0.1378   0.1393   0.1409   0.1424    0.144   0.1455   0.1471   0.1486   0.1502   0.1517   0.1533   0.1548   0.1563   0.1579   0.1594    0.161   0.1625   0.1641   0.1656   0.1672   0.1687   0.1703   0.1718   0.1734   0.1749   0.1765    0.178   0.1796   0.1811   0.1827   0.1842   0.1858   0.1873   0.1889   0.1904    0.192   0.1935    0.195   0.1966   0.1981   0.1997   0.2012   0.2028   0.2043   0.2059   0.2074    0.209   0.2105   0.2121   0.2136   0.2152   0.2167   0.2183   0.2198   0.2214   0.2229   0.2245    0.226   0.2276   0.2291   0.2307   0.2322   0.2337   0.2353   0.2368   0.2384   0.2399   0.2415    0.243   0.2446   0.2461   0.2477   0.2492   0.2508   0.2523   0.2539   0.2554    0.257   0.2585   0.2601   0.2616   0.2632   0.2647   0.2663   0.2678   0.2693   0.2709   0.2724    0.274   0.2755   0.2771   0.2786   0.2802   0.2817   0.2833   0.2848   0.2864   0.2879   0.2895    0.291   0.2926   0.2941   0.2957   0.2972   0.2988   0.3003   0.3019   0.3034    0.305   0.3065    0.308   0.3096   0.3111   0.3127   0.3142   0.3158   0.3173   0.3189   0.3204    0.322   0.3235   0.3251   0.3266   0.3282   0.3297   0.3313   0.3328   0.3344   0.3359   0.3375    0.339   0.3406   0.3421   0.3437   0.3452   0.3467   0.3483   0.3498   0.3514   0.3529   0.3545    0.356   0.3576   0.3591   0.3607   0.3622   0.3638   0.3653   0.3669   0.3684     0.37   0.3715   0.3731   0.3746   0.3762   0.3777   0.3793   0.3808   0.3824   0.3839   0.3854    0.387   0.3885   0.3901   0.3916   0.3932   0.3947   0.3963   0.3978   0.3994   0.4009   0.4025    0.404   0.4056   0.4071   0.4087   0.4102   0.4118   0.4133   0.4149   0.4164    0.418   0.4195   0.4211   0.4226   0.4241   0.4257   0.4272   0.4288   0.4303   0.4319   0.4334    0.435   0.4365   0.4381   0.4396   0.4412   0.4427   0.4443   0.4458   0.4474   0.4489   0.4505    0.452   0.4536   0.4551   0.4567   0.4582   0.4598   0.4613   0.4628   0.4644   0.4659   0.4675    0.469   0.4706   0.4721   0.4737   0.4752   0.4768   0.4783   0.4799   0.4814    0.483   0.4845   0.4861   0.4876   0.4892   0.4907   0.4923   0.4938   0.4954   0.4969   0.4985
    S      0.0   0.1346    0.558   0.4858   0.0961    0.345    0.051   0.1931   0.2352   0.0021   0.0209    0.527   0.0991   0.0583   0.0599   0.0616   0.2376   0.2701   0.5499   0.0258    0.256   0.0672   0.2192   0.1784   0.1121   0.3493    0.018    0.051   0.1562   0.0169   0.0223   0.0096   0.6591   0.3451     0.08   0.2857   0.1584   0.0411   0.0082   0.0178   0.0706   0.0934   0.2549   0.4606   0.3749   0.0981   0.4586    0.963   0.0607   0.0942   0.1421   0.1726   0.0569   0.3334   0.8922   0.1148   0.0456   0.4926    0.009   0.0462    0.093   0.6679   0.0243   0.1242   0.1353   0.0283    0.352   0.1205   0.2156   0.0631   0.0027   0.3471   0.2301   0.4627   0.0027    0.328   0.2907   0.0277   0.0728   0.0802   0.0499    0.136    0.166   0.0192   0.1923   0.4571   0.3532   0.1776   0.3277   0.1431   0.2399   0.4799    0.127   0.0589   0.0706   0.0875   0.0271   0.1388    0.265   0.1651    0.017   0.3839   0.1516   0.0777   0.0606   0.6988   0.5333   0.0212   0.0026   0.0492   0.1268   0.0091   0.0148   0.9579   0.2946   0.3055   0.1815   0.1159   0.4183   0.0002   0.1249   0.0634   0.1863   0.0747   0.0906   0.2057   0.0391   0.0021   0.1589   0.3821   0.0222   0.5472   0.1183   0.0968   0.2772   0.0079   0.3909   0.0321   0.1522   0.0572   0.0192   0.2686   0.0177   0.0798   0.0243   0.2101   0.0463   0.1404   0.0215   0.2341   0.3679   0.1244   0.1695   0.1768   0.1684   0.0286     0.23   0.6217   0.1622   0.0185   0.0572   0.0156   0.3654    0.031   0.0321   0.1471   0.1955   0.0324   0.0879   0.5147   0.0114   0.0424   0.0867   0.2276   0.1565   0.0193   0.1656   0.3011   0.0822   0.0484   0.2867   0.1522   0.0629   0.2068   0.1391   0.0988   0.3325    0.013   0.1972   0.3818   0.0313   0.0412   0.1886   0.0137   0.0817   0.1142   0.0765   0.0246   0.0349    0.132   0.4351    0.097   0.1243   0.0811   0.1885   0.0064   0.0988   0.2652    0.213   0.0123   0.0827   0.1427   0.0071    0.002   0.5072   0.0723   0.0542    0.008   0.2249   0.2006   0.0869   0.3241   0.0959   0.0212   0.0302   0.4351   0.2014   0.2118   0.0861   0.0917   0.1881   0.0983   0.7399   0.5412   0.2505   0.0915   0.1796   0.1834   0.0528   0.3542   0.0756   0.0799    0.027   0.6331   0.2282   0.0437   0.0517   0.2654   0.1744   0.0118   0.3241   0.0731   0.0109    0.395   0.0389    0.024   0.0672   0.0058   0.2531   0.0028   0.0536   0.2019   0.0522   0.0343   0.3096   0.0261   0.0194   0.1333   0.1032   0.0046   0.0695    0.079    0.154     0.05   0.7808     0.58   0.0872   0.1449   0.1378   0.1512   0.7735   0.0026   0.0338   0.0206   0.2463   0.4677   0.0489   0.4026   0.3222   0.0597   0.2116    0.006   0.0713   0.3368   0.1155   0.0606   0.0242    0.078   0.3531   0.0402   0.0464   0.0818   0.0354   0.0219   0.2222   0.0805      1.0   0.2206   0.0082   0.1212   0.1395   0.3934   0.5901    0.246   0.4427   0.2307   0.1271   0.0771     0.12   0.4797   0.1172    0.123   0.0016
  snr   -17.49
    H     5.31
 exon    False

M: alg1
 freq      0.0   0.0015   0.0031   0.0046   0.0062   0.0077   0.0093   0.0108   0.0124   0.0139   0.0155    0.017   0.0186   0.0201   0.0217   0.0232   0.0248   0.0263   0.0279   0.0294    0.031   0.0325   0.0341   0.0356   0.0372   0.0387   0.0402   0.0418   0.0433   0.0449   0.0464    0.048   0.0495   0.0511   0.0526   0.0542   0.0557   0.0573   0.0588   0.0604   0.0619   0.0635    0.065   0.0666   0.0681   0.0697   0.0712   0.0728   0.0743   0.0759   0.0774   0.0789   0.0805    0.082   0.0836   0.0851   0.0867   0.0882   0.0898   0.0913   0.0929   0.0944    0.096   0.0975   0.0991   0.1006   0.1022   0.1037   0.1053   0.1068   0.1084   0.1099   0.1115    0.113   0.1146   0.1161   0.1176   0.1192   0.1207   0.1223   0.1238   0.1254   0.1269   0.1285     0.13   0.1316   0.1331   0.1347   0.1362   0.1378   0.1393   0.1409   0.1424    0.144   0.1455   0.1471   0.1486   0.1502   0.1517   0.1533   0.1548   0.1563   0.1579   0.1594    0.161   0.1625   0.1641   0.1656   0.1672   0.1687   0.1703   0.1718   0.1734   0.1749   0.1765    0.178   0.1796   0.1811   0.1827   0.1842   0.1858   0.1873   0.1889   0.1904    0.192   0.1935    0.195   0.1966   0.1981   0.1997   0.2012   0.2028   0.2043   0.2059   0.2074    0.209   0.2105   0.2121   0.2136   0.2152   0.2167   0.2183   0.2198   0.2214   0.2229   0.2245    0.226   0.2276   0.2291   0.2307   0.2322   0.2337   0.2353   0.2368   0.2384   0.2399   0.2415    0.243   0.2446   0.2461   0.2477   0.2492   0.2508   0.2523   0.2539   0.2554    0.257   0.2585   0.2601   0.2616   0.2632   0.2647   0.2663   0.2678   0.2693   0.2709   0.2724    0.274   0.2755   0.2771   0.2786   0.2802   0.2817   0.2833   0.2848   0.2864   0.2879   0.2895    0.291   0.2926   0.2941   0.2957   0.2972   0.2988   0.3003   0.3019   0.3034    0.305   0.3065    0.308   0.3096   0.3111   0.3127   0.3142   0.3158   0.3173   0.3189   0.3204    0.322   0.3235   0.3251   0.3266   0.3282   0.3297   0.3313   0.3328   0.3344   0.3359   0.3375    0.339   0.3406   0.3421   0.3437   0.3452   0.3467   0.3483   0.3498   0.3514   0.3529   0.3545    0.356   0.3576   0.3591   0.3607   0.3622   0.3638   0.3653   0.3669   0.3684     0.37   0.3715   0.3731   0.3746   0.3762   0.3777   0.3793   0.3808   0.3824   0.3839   0.3854    0.387   0.3885   0.3901   0.3916   0.3932   0.3947   0.3963   0.3978   0.3994   0.4009   0.4025    0.404   0.4056   0.4071   0.4087   0.4102   0.4118   0.4133   0.4149   0.4164    0.418   0.4195   0.4211   0.4226   0.4241   0.4257   0.4272   0.4288   0.4303   0.4319   0.4334    0.435   0.4365   0.4381   0.4396   0.4412   0.4427   0.4443   0.4458   0.4474   0.4489   0.4505    0.452   0.4536   0.4551   0.4567   0.4582   0.4598   0.4613   0.4628   0.4644   0.4659   0.4675    0.469   0.4706   0.4721   0.4737   0.4752   0.4768   0.4783   0.4799   0.4814    0.483   0.4845   0.4861   0.4876   0.4892   0.4907   0.4923   0.4938   0.4954   0.4969   0.4985
    S      0.0   0.0753   0.0661      1.0   0.0207   0.0761    0.057   0.1496   0.0652   0.1214   0.0765   0.1471   0.0803   0.0544   0.0481   0.1057   0.1371   0.0047   0.0132   0.0114    0.152   0.0284   0.1299   0.1356   0.0136   0.1094   0.0242   0.0212   0.0025   0.0412   0.0918   0.0083   0.2241   0.0408   0.1144   0.0352   0.0307   0.0863   0.0433   0.0022   0.1288   0.1398   0.1683    0.028   0.0978   0.0744   0.1565   0.2031   0.1696   0.2634   0.2397   0.0248   0.0033   0.0245   0.1072    0.044    0.039   0.1426   0.0573   0.0434    0.024   0.0579   0.0293   0.0057   0.0241   0.0909   0.0622   0.0546   0.0308   0.0386   0.0095   0.0091   0.0442   0.0153   0.0049   0.0196   0.1133   0.0906   0.0449   0.0334   0.0263    0.036   0.0055   0.1358   0.1713   0.0172   0.0307   0.0297   0.0324   0.0276    0.063   0.2822   0.0235    0.148    0.014   0.0306   0.0908   0.0639   0.0184    0.088   0.0523   0.1099   0.0058    0.033   0.0382   0.0196   0.2094   0.0182   0.0049   0.1287   0.0098   0.0758   0.0244   0.0185   0.0145   0.0215    0.073   0.0503     0.07   0.0483   0.0266   0.0795   0.0407   0.0222   0.0569   0.0323   0.0649   0.0043   0.0354   0.0098   0.0018   0.0037   0.2426   0.0397   0.0161   0.0044   0.0646   0.0174   0.0608   0.1492   0.0241    0.013   0.0869   0.0279    0.151   0.0865   0.0133   0.0146    0.038   0.1014   0.0044    0.082   0.0812   0.0106   0.1849   0.0473   0.0765   0.1149    0.013   0.0111   0.1841   0.1066   0.0366    0.016   0.0059   0.0264   0.0768   0.0667   0.0196   0.0128   0.0031   0.0069   0.0449   0.0009    0.032   0.0569   0.0269   0.0236   0.0311   0.1008   0.0841    0.028   0.0029   0.1081   0.0069   0.0481   0.1224    0.157    0.003   0.0241   0.0253   0.0115   0.1315   0.1258   0.0315   0.0287   0.0223   0.0092   0.0089   0.0508   0.1677   0.0333   0.0602     0.07   0.0174   0.0272   0.0038   0.0872     0.06   0.0527   0.0786   0.0542   0.1435    0.008   0.0214   0.1039   0.0112   0.0153   0.0099    0.013   0.1414   0.0207   0.0271   0.0499   0.0126    0.037   0.0516   0.0049   0.0554    0.011   0.0171   0.0397   0.0726   0.0063   0.0526   0.0071   0.0132   0.0685   0.0084   0.0836   0.0228    0.012   0.0175   0.0544   0.1193    0.046   0.0274   0.2091    0.084   0.0168   0.0864   0.2411   0.0485   0.0368   0.0153     0.21   0.0465   0.0411    0.028   0.0548   0.1517   0.0008   0.0374   0.0589   0.0707   0.0068   0.0452   0.0205   0.0355   0.0138   0.0788   0.0029   0.0411   0.0085   0.2047   0.0095   0.0005   0.1009   0.1576   0.0203   0.1804   0.0003   0.0032   0.0249   0.0303   0.0288   0.0169   0.0046   0.0118   0.0014   0.0374   0.1567   0.4098   0.0593   0.1002   0.0092   0.0092   0.0422   0.0086   0.0631   0.0389   0.1038   0.0477   0.0389    0.034   0.0082   0.1987   0.0174   0.0703   0.0441   0.0406   0.0156   0.0158   0.0107    0.017   0.0426     0.06    0.024   0.0816   0.1178   0.0742   0.0017   0.0276
  snr   -12.71
    H     5.27
 exon    False

M: alg2
 freq      0.0   0.0015   0.0031   0.0046   0.0062   0.0077   0.0093   0.0108   0.0124   0.0139   0.0155    0.017   0.0186   0.0201   0.0217   0.0232   0.0248   0.0263   0.0279   0.0294    0.031   0.0325   0.0341   0.0356   0.0372   0.0387   0.0402   0.0418   0.0433   0.0449   0.0464    0.048   0.0495   0.0511   0.0526   0.0542   0.0557   0.0573   0.0588   0.0604   0.0619   0.0635    0.065   0.0666   0.0681   0.0697   0.0712   0.0728   0.0743   0.0759   0.0774   0.0789   0.0805    0.082   0.0836   0.0851   0.0867   0.0882   0.0898   0.0913   0.0929   0.0944    0.096   0.0975   0.0991   0.1006   0.1022   0.1037   0.1053   0.1068   0.1084   0.1099   0.1115    0.113   0.1146   0.1161   0.1176   0.1192   0.1207   0.1223   0.1238   0.1254   0.1269   0.1285     0.13   0.1316   0.1331   0.1347   0.1362   0.1378   0.1393   0.1409   0.1424    0.144   0.1455   0.1471   0.1486   0.1502   0.1517   0.1533   0.1548   0.1563   0.1579   0.1594    0.161   0.1625   0.1641   0.1656   0.1672   0.1687   0.1703   0.1718   0.1734   0.1749   0.1765    0.178   0.1796   0.1811   0.1827   0.1842   0.1858   0.1873   0.1889   0.1904    0.192   0.1935    0.195   0.1966   0.1981   0.1997   0.2012   0.2028   0.2043   0.2059   0.2074    0.209   0.2105   0.2121   0.2136   0.2152   0.2167   0.2183   0.2198   0.2214   0.2229   0.2245    0.226   0.2276   0.2291   0.2307   0.2322   0.2337   0.2353   0.2368   0.2384   0.2399   0.2415    0.243   0.2446   0.2461   0.2477   0.2492   0.2508   0.2523   0.2539   0.2554    0.257   0.2585   0.2601   0.2616   0.2632   0.2647   0.2663   0.2678   0.2693   0.2709   0.2724    0.274   0.2755   0.2771   0.2786   0.2802   0.2817   0.2833   0.2848   0.2864   0.2879   0.2895    0.291   0.2926   0.2941   0.2957   0.2972   0.2988   0.3003   0.3019   0.3034    0.305   0.3065    0.308   0.3096   0.3111   0.3127   0.3142   0.3158   0.3173   0.3189   0.3204    0.322   0.3235   0.3251   0.3266   0.3282   0.3297   0.3313   0.3328   0.3344   0.3359   0.3375    0.339   0.3406   0.3421   0.3437   0.3452   0.3467   0.3483   0.3498   0.3514   0.3529   0.3545    0.356   0.3576   0.3591   0.3607   0.3622   0.3638   0.3653   0.3669   0.3684     0.37   0.3715   0.3731   0.3746   0.3762   0.3777   0.3793   0.3808   0.3824   0.3839   0.3854    0.387   0.3885   0.3901   0.3916   0.3932   0.3947   0.3963   0.3978   0.3994   0.4009   0.4025    0.404   0.4056   0.4071   0.4087   0.4102   0.4118   0.4133   0.4149   0.4164    0.418   0.4195   0.4211   0.4226   0.4241   0.4257   0.4272   0.4288   0.4303   0.4319   0.4334    0.435   0.4365   0.4381   0.4396   0.4412   0.4427   0.4443   0.4458   0.4474   0.4489   0.4505    0.452   0.4536   0.4551   0.4567   0.4582   0.4598   0.4613   0.4628   0.4644   0.4659   0.4675    0.469   0.4706   0.4721   0.4737   0.4752   0.4768   0.4783   0.4799   0.4814    0.483   0.4845   0.4861   0.4876   0.4892   0.4907   0.4923   0.4938   0.4954   0.4969   0.4985
    S      0.0   0.0585   0.0103      1.0   0.0507   0.0378   0.0414   0.0765   0.0324   0.1551   0.0634   0.0755   0.0616   0.0657   0.0443   0.0839   0.0933   0.0092   0.0208   0.0096   0.0994   0.0124   0.0911   0.1204    0.013   0.0614   0.0456   0.0285   0.0055   0.0304   0.0721   0.0132   0.1302    0.095   0.1005   0.0119   0.0363   0.0829   0.0373   0.0007   0.1872   0.1431   0.1027   0.0056   0.0993   0.0722   0.0873   0.0779   0.1736   0.2507   0.2023   0.0632   0.0027    0.016   0.0147   0.0263   0.0152   0.0896   0.0708   0.0741   0.0568   0.0099   0.0357   0.0151   0.0056   0.0979   0.1038     0.03   0.0298   0.0521   0.0024   0.0075   0.0143   0.0321   0.0019   0.0025   0.0858   0.0787   0.0597    0.073   0.0241   0.0217   0.0091   0.1305   0.1102   0.0007   0.0122   0.0438   0.0157   0.0103   0.0323   0.2433   0.0572   0.1354   0.0158   0.0395   0.0971   0.1289   0.0176   0.0655   0.0505   0.0584   0.0038    0.058   0.0368   0.0361   0.1745   0.0102   0.0062   0.1092   0.0318   0.0935   0.0227   0.0079   0.0136   0.0218   0.0387   0.0373   0.0226    0.079   0.0445    0.086   0.0586   0.0177   0.1006   0.0538   0.0796   0.0052   0.0251   0.0299   0.0012   0.0143   0.2353   0.1041   0.0045   0.0035   0.0176   0.0174   0.0553   0.1315   0.0179   0.0371   0.0882   0.0183   0.1652   0.0646   0.0062   0.0147   0.0508   0.0664   0.0166    0.061   0.0733   0.0003   0.1366   0.0837   0.1067   0.0475   0.0629   0.0084   0.1892   0.1294   0.1247   0.0152   0.0041   0.0413   0.0406   0.0937   0.0161   0.0317   0.0023   0.0072   0.0583   0.0271   0.0517   0.0828    0.009   0.0021   0.0295   0.1234   0.0514   0.0576   0.0014   0.1509   0.0119   0.0557   0.1229   0.1301   0.0215   0.0128   0.0162   0.0161   0.0764   0.1278   0.0085   0.0222   0.0152   0.0103    0.012   0.0376   0.0977   0.0313   0.0354   0.0706   0.0479   0.0324   0.0006   0.0636     0.02   0.0431   0.0838   0.0328   0.2103   0.0131   0.0897   0.0821    0.023   0.0184   0.0116   0.0072   0.1179   0.0202    0.025   0.0471   0.0221   0.0025   0.1124   0.0161   0.0444   0.0012   0.0118   0.0271   0.0093   0.0299   0.0544   0.0044   0.0269   0.1436   0.0209   0.0589   0.0305   0.0024   0.0124   0.0072    0.065   0.0584   0.0282   0.1287   0.0604   0.0131   0.0315   0.1965   0.0958   0.0173   0.0184   0.2786   0.0495   0.0381   0.0116   0.0461   0.1278   0.0152   0.0288    0.105   0.1093   0.0065   0.0447   0.0456   0.0312   0.0099   0.0938   0.0098   0.0636   0.0079   0.0695   0.0505    0.009   0.0644   0.0967   0.0179   0.0872   0.0005   0.0012   0.0145   0.0057   0.0018   0.0174   0.0238   0.0021   0.0073   0.0833   0.1508   0.4249   0.0163   0.0896   0.0117   0.0142   0.0848   0.0172   0.0901   0.0762   0.1009   0.0283    0.025   0.0083   0.0065   0.0901   0.0227   0.0633   0.0198   0.0823   0.0089   0.0507   0.0009   0.0182   0.0133    0.059   0.0333   0.0841   0.1008   0.1276   0.0021   0.0325
  snr   -12.36
    H     5.27
 exon    False