>data-XV-cerevisiae-intergenic-365
N: 277
Methods: voss, eiip, qpsk, mem, alg1, alg2

M: voss
 freq      0.0   0.0036   0.0072   0.0108   0.0144   0.0181   0.0217   0.0253   0.0289   0.0325   0.0361   0.0397   0.0433   0.0469   0.0505   0.0542   0.0578   0.0614    0.065   0.0686   0.0722   0.0758   0.0794    0.083   0.0866   0.0903   0.0939   0.0975   0.1011   0.1047   0.1083   0.1119   0.1155   0.1191   0.1227   0.1264     0.13   0.1336   0.1372   0.1408   0.1444    0.148   0.1516   0.1552   0.1588   0.1625   0.1661   0.1697   0.1733   0.1769   0.1805   0.1841   0.1877   0.1913   0.1949   0.1986   0.2022   0.2058   0.2094    0.213   0.2166   0.2202   0.2238   0.2274    0.231   0.2347   0.2383   0.2419   0.2455   0.2491   0.2527   0.2563   0.2599   0.2635   0.2671   0.2708   0.2744    0.278   0.2816   0.2852   0.2888   0.2924    0.296   0.2996   0.3032   0.3069   0.3105   0.3141   0.3177   0.3213   0.3249   0.3285   0.3321   0.3357   0.3394    0.343   0.3466   0.3502   0.3538   0.3574    0.361   0.3646   0.3682   0.3718   0.3755   0.3791   0.3827   0.3863   0.3899   0.3935   0.3971   0.4007   0.4043   0.4079   0.4116   0.4152   0.4188   0.4224    0.426   0.4296   0.4332   0.4368   0.4404    0.444   0.4477   0.4513   0.4549   0.4585   0.4621   0.4657   0.4693   0.4729   0.4765   0.4801   0.4838   0.4874    0.491   0.4946   0.4982
    S      0.0   0.3892   0.0653   0.6502   0.6117   0.2568   0.1231   0.4096   0.2371   0.3987   0.5691   0.0478    0.227   0.3876   0.0439   0.3235   0.4528   0.4362   0.2237   0.1872   0.2627   0.3278   0.0543   0.5259   0.3825   0.2343   0.5903   0.2459   0.1304      1.0    0.202   0.2755   0.1647   0.0751    0.588   0.2307   0.1957   0.2296   0.5711   0.1057   0.2162   0.1497   0.1839   0.4334   0.4757   0.1117   0.3877   0.5043   0.1806   0.1602    0.173   0.2549   0.2212   0.0648   0.3183   0.1424   0.1341   0.0609   0.3476   0.2588   0.7335   0.4851   0.1021   0.0838   0.3842   0.1836   0.0381   0.2802   0.4953   0.1776   0.2615   0.2013   0.4569    0.054   0.3442   0.4345   0.0891   0.3196   0.1752    0.325   0.2557   0.4247   0.0446   0.5493   0.1504   0.5843   0.3654   0.6282   0.0289   0.1659   0.1874   0.4131   0.1458   0.3738   0.3735   0.1415   0.1132   0.4825   0.3477   0.8693   0.2403   0.6083   0.6279   0.3877   0.2201   0.0418   0.3198   0.3523   0.0945   0.2453   0.1659   0.0474   0.3735   0.2735   0.4031   0.2748   0.4364   0.7661    0.138   0.3836   0.2694   0.1746   0.2392   0.2107   0.1531    0.166   0.4187   0.2956   0.4238    0.111   0.2049   0.4833   0.2911   0.4693   0.0827    0.191   0.5613    0.228   0.2626
  snr   -16.03
    H     4.74
 exon    False

M: eiip
 freq      0.0   0.0036   0.0072   0.0108   0.0144   0.0181   0.0217   0.0253   0.0289   0.0325   0.0361   0.0397   0.0433   0.0469   0.0505   0.0542   0.0578   0.0614    0.065   0.0686   0.0722   0.0758   0.0794    0.083   0.0866   0.0903   0.0939   0.0975   0.1011   0.1047   0.1083   0.1119   0.1155   0.1191   0.1227   0.1264     0.13   0.1336   0.1372   0.1408   0.1444    0.148   0.1516   0.1552   0.1588   0.1625   0.1661   0.1697   0.1733   0.1769   0.1805   0.1841   0.1877   0.1913   0.1949   0.1986   0.2022   0.2058   0.2094    0.213   0.2166   0.2202   0.2238   0.2274    0.231   0.2347   0.2383   0.2419   0.2455   0.2491   0.2527   0.2563   0.2599   0.2635   0.2671   0.2708   0.2744    0.278   0.2816   0.2852   0.2888   0.2924    0.296   0.2996   0.3032   0.3069   0.3105   0.3141   0.3177   0.3213   0.3249   0.3285   0.3321   0.3357   0.3394    0.343   0.3466   0.3502   0.3538   0.3574    0.361   0.3646   0.3682   0.3718   0.3755   0.3791   0.3827   0.3863   0.3899   0.3935   0.3971   0.4007   0.4043   0.4079   0.4116   0.4152   0.4188   0.4224    0.426   0.4296   0.4332   0.4368   0.4404    0.444   0.4477   0.4513   0.4549   0.4585   0.4621   0.4657   0.4693   0.4729   0.4765   0.4801   0.4838   0.4874    0.491   0.4946   0.4982
    S      0.0   0.1602   0.0872   0.0607   0.2726   0.0181   0.0663   0.3285   0.0486   0.1425   0.2328   0.0522   0.1918   0.1241    0.035   0.1747    0.254   0.0814   0.0251   0.0768   0.0132   0.0697   0.0008   0.0678   0.3415   0.2213   0.0064   0.0647   0.1339   0.3235   0.0591    0.044   0.0232   0.0698   0.2798   0.1042   0.0864     0.04   0.2043   0.0268   0.1531   0.0775   0.1417   0.1172    0.212    0.116   0.0717   0.0907   0.1947   0.1267    0.094   0.0802   0.1535   0.0818    0.203   0.0609    0.111   0.0255    0.049   0.2043   0.0205   0.1142   0.0361   0.0637   0.3701   0.0411   0.0033   0.2049   0.1173    0.149   0.1009   0.1155   0.1686   0.0498   0.1181   0.2051   0.0295    0.226   0.0928   0.0468   0.2603   0.0082   0.0088   0.0069   0.0971   0.1566   0.1394   0.0448   0.0146   0.1121   0.1445   0.0832   0.0836   0.1359     0.04   0.0411   0.0291   0.2839   0.0214   0.2953   0.1362   0.4459   0.0794   0.1837   0.0205   0.0161   0.0253   0.1161   0.1037   0.1531   0.0249   0.0539   0.3211   0.1192   0.2819   0.1388   0.3259      1.0   0.0703   0.1221   0.1603   0.1033   0.2053   0.0903   0.0068   0.0311   0.0757   0.0291   0.1233   0.0401   0.0893   0.1385   0.0702   0.0163   0.0273   0.2309   0.4963   0.0805   0.0332
  snr   -12.05
    H     4.56
 exon    False

M: qpsk
 freq      0.0   0.0036   0.0072   0.0108   0.0144   0.0181   0.0217   0.0253   0.0289   0.0325   0.0361   0.0397   0.0433   0.0469   0.0505   0.0542   0.0578   0.0614    0.065   0.0686   0.0722   0.0758   0.0794    0.083   0.0866   0.0903   0.0939   0.0975   0.1011   0.1047   0.1083   0.1119   0.1155   0.1191   0.1227   0.1264     0.13   0.1336   0.1372   0.1408   0.1444    0.148   0.1516   0.1552   0.1588   0.1625   0.1661   0.1697   0.1733   0.1769   0.1805   0.1841   0.1877   0.1913   0.1949   0.1986   0.2022   0.2058   0.2094    0.213   0.2166   0.2202   0.2238   0.2274    0.231   0.2347   0.2383   0.2419   0.2455   0.2491   0.2527   0.2563   0.2599   0.2635   0.2671   0.2708   0.2744    0.278   0.2816   0.2852   0.2888   0.2924    0.296   0.2996   0.3032   0.3069   0.3105   0.3141   0.3177   0.3213   0.3249   0.3285   0.3321   0.3357   0.3394    0.343   0.3466   0.3502   0.3538   0.3574    0.361   0.3646   0.3682   0.3718   0.3755   0.3791   0.3827   0.3863   0.3899   0.3935   0.3971   0.4007   0.4043   0.4079   0.4116   0.4152   0.4188   0.4224    0.426   0.4296   0.4332   0.4368   0.4404    0.444   0.4477   0.4513   0.4549   0.4585   0.4621   0.4657   0.4693   0.4729   0.4765   0.4801   0.4838   0.4874    0.491   0.4946   0.4982
    S      0.0   0.4869   0.0709   0.3675   0.6995   0.2505   0.0862   0.4787     0.15   0.4138   0.7338   0.0434   0.2908    0.137   0.0261   0.2192   0.4561   0.5555   0.2263   0.2215   0.3039   0.3493   0.0238   0.5668   0.3499   0.1645   0.2415   0.2566   0.1223   0.6959   0.0893   0.1946   0.1186   0.0912   0.6907   0.1599   0.1003   0.2692     0.26   0.1063   0.1288   0.1196   0.0564   0.1465   0.1467   0.0641   0.2535   0.1833   0.1403    0.053   0.0959   0.2226   0.2178   0.0696   0.3933   0.1825   0.1654   0.0548   0.2724   0.2971   0.6042   0.2332   0.0806   0.0811   0.4947   0.1029   0.0437   0.3591   0.4595   0.0977   0.2568   0.1028   0.4508   0.0579   0.3514   0.2552   0.0847   0.3833   0.1908   0.2523   0.2415   0.4687   0.0439   0.1956    0.143   0.5252   0.3821   0.4602   0.0245   0.1618   0.2138   0.2262   0.1482    0.467   0.3044   0.0969   0.1355   0.5691   0.2579      1.0   0.1251   0.1858   0.4117   0.4224   0.0973   0.0497    0.089   0.3253   0.0571   0.1171   0.0662   0.0527   0.2472   0.3303   0.3962   0.1444   0.5397   0.8988   0.1529   0.1031   0.2777   0.2193   0.1265   0.2225   0.1435   0.1404   0.2822   0.2946   0.2647   0.0943   0.2183   0.1852   0.3577   0.3262    0.049   0.1724   0.6357   0.2823   0.1346
  snr   -15.26
    H     4.68
 exon    False

M: mem
 freq      0.0   0.0036   0.0072   0.0109   0.0145   0.0181   0.0217   0.0254    0.029   0.0326   0.0362   0.0399   0.0435   0.0471   0.0507   0.0543    0.058   0.0616   0.0652   0.0688   0.0725   0.0761   0.0797   0.0833    0.087   0.0906   0.0942   0.0978   0.1014   0.1051   0.1087   0.1123   0.1159   0.1196   0.1232   0.1268   0.1304   0.1341   0.1377   0.1413   0.1449   0.1486   0.1522   0.1558   0.1594    0.163   0.1667   0.1703   0.1739   0.1775   0.1812   0.1848   0.1884    0.192   0.1957   0.1993   0.2029   0.2065   0.2101   0.2138   0.2174    0.221   0.2246   0.2283   0.2319   0.2355   0.2391   0.2428   0.2464     0.25   0.2536   0.2572   0.2609   0.2645   0.2681   0.2717   0.2754    0.279   0.2826   0.2862   0.2899   0.2935   0.2971   0.3007   0.3043    0.308   0.3116   0.3152   0.3188   0.3225   0.3261   0.3297   0.3333    0.337   0.3406   0.3442   0.3478   0.3514   0.3551   0.3587   0.3623   0.3659   0.3696   0.3732   0.3768   0.3804   0.3841   0.3877   0.3913   0.3949   0.3986   0.4022   0.4058   0.4094    0.413   0.4167   0.4203   0.4239   0.4275   0.4312   0.4348   0.4384    0.442   0.4457   0.4493   0.4529   0.4565   0.4601   0.4638   0.4674    0.471   0.4746   0.4783   0.4819   0.4855   0.4891   0.4928   0.4964
    S      0.0    0.434   0.0551   0.3321   0.8423   0.1385   0.0568   0.1545   0.0005   0.4022   0.7213   0.0171   0.2087   0.0965   0.0118   0.3206   0.0188     0.34   0.2008   0.1063   0.2276   0.2814   0.0046   0.4048   0.3572   0.2074   0.2585   0.0927    0.053   0.8359   0.0371    0.166   0.0475   0.0317   0.4046    0.164   0.0352   0.0241   0.0005   0.1057     0.15    0.153   0.1868   0.0133   0.0294   0.1268   0.2452   0.0424   0.0405   0.0809   0.0578   0.1196   0.1724   0.2276   0.1588   0.0335   0.1378   0.0984   0.1604   0.5353   0.2538   0.1988   0.0103   0.1659   0.5017   0.2638   0.1439   0.0767   0.5312    0.035   0.0168   0.0908   0.1935   0.0503   0.1474   0.4843   0.0216   0.1894   0.0529   0.2132   0.2115    0.003   0.0414    0.161   0.0369   0.3845    0.044   0.3633   0.0075   0.4439   0.1857   0.0261   0.1526   0.2738   0.0246    0.029   0.1052   0.5581    0.008   0.0308   0.0794   0.1818   0.0866   0.3303   0.0057   0.0257   0.0644      0.0   0.1029   0.0477   0.0285   0.3209    0.346   0.0131   0.0986   0.0228      1.0   0.2672   0.0336   0.0588   0.1214   0.5143   0.0254   0.1856   0.0126   0.0756   0.0237   0.0781     0.34   0.0062   0.0337   0.1821   0.1262   0.1262   0.1799   0.3167   0.1965   0.1919
  snr   -13.53
    H     4.45
 exon    False

M: alg1
 freq      0.0   0.0036   0.0072   0.0108   0.0144   0.0181   0.0217   0.0253   0.0289   0.0325   0.0361   0.0397   0.0433   0.0469   0.0505   0.0542   0.0578   0.0614    0.065   0.0686   0.0722   0.0758   0.0794    0.083   0.0866   0.0903   0.0939   0.0975   0.1011   0.1047   0.1083   0.1119   0.1155   0.1191   0.1227   0.1264     0.13   0.1336   0.1372   0.1408   0.1444    0.148   0.1516   0.1552   0.1588   0.1625   0.1661   0.1697   0.1733   0.1769   0.1805   0.1841   0.1877   0.1913   0.1949   0.1986   0.2022   0.2058   0.2094    0.213   0.2166   0.2202   0.2238   0.2274    0.231   0.2347   0.2383   0.2419   0.2455   0.2491   0.2527   0.2563   0.2599   0.2635   0.2671   0.2708   0.2744    0.278   0.2816   0.2852   0.2888   0.2924    0.296   0.2996   0.3032   0.3069   0.3105   0.3141   0.3177   0.3213   0.3249   0.3285   0.3321   0.3357   0.3394    0.343   0.3466   0.3502   0.3538   0.3574    0.361   0.3646   0.3682   0.3718   0.3755   0.3791   0.3827   0.3863   0.3899   0.3935   0.3971   0.4007   0.4043   0.4079   0.4116   0.4152   0.4188   0.4224    0.426   0.4296   0.4332   0.4368   0.4404    0.444   0.4477   0.4513   0.4549   0.4585   0.4621   0.4657   0.4693   0.4729   0.4765   0.4801   0.4838   0.4874    0.491   0.4946   0.4982
    S      0.0   0.3829   0.0312   0.6425   0.7764   0.1656   0.0424   0.1153   0.0483   0.4507   0.5304   0.0139   0.1674   0.1126   0.0115   0.2658   0.0499   0.2658   0.1549    0.147   0.2075   0.2893   0.0339   0.4463    0.338   0.1476   0.4905   0.1746   0.0344      1.0   0.0976   0.2063   0.0892   0.0625   0.3969    0.134   0.0666   0.0446   0.1796   0.0958   0.0815    0.141   0.0435   0.2323   0.1688   0.0407   0.3919   0.2203   0.0355   0.0347   0.1022   0.2234   0.1158   0.0559   0.1631   0.0119   0.1474   0.0596   0.3562   0.2527   0.6601   0.3027   0.0172   0.0551   0.3996   0.0839   0.0197   0.2099   0.5513   0.0397   0.0376   0.1293   0.3426   0.0439   0.2785   0.2903   0.0426   0.1444    0.014   0.2648   0.1793   0.0189    0.016   0.4138   0.0416   0.2892   0.2939   0.4515   0.0029   0.1597   0.0403   0.3676   0.1678   0.3123   0.0738   0.0284   0.0239   0.4074   0.3372   0.1546   0.1056   0.1393   0.2672   0.4175   0.0987   0.0321   0.2012   0.0515   0.0207    0.108   0.0288   0.0242   0.1806   0.3007   0.2528   0.0709   0.4349   0.5034   0.0226    0.169    0.273   0.2176   0.0528    0.072   0.0214   0.0787   0.1872   0.1063   0.3629   0.0819   0.0151   0.2328   0.0315   0.4913   0.0369   0.1047   0.2936   0.2053    0.145
  snr   -13.97
    H     4.55
 exon    False

M: alg2
 freq      0.0   0.0036   0.0072   0.0108   0.0144   0.0181   0.0217   0.0253   0.0289   0.0325   0.0361   0.0397   0.0433   0.0469   0.0505   0.0542   0.0578   0.0614    0.065   0.0686   0.0722   0.0758   0.0794    0.083   0.0866   0.0903   0.0939   0.0975   0.1011   0.1047   0.1083   0.1119   0.1155   0.1191   0.1227   0.1264     0.13   0.1336   0.1372   0.1408   0.1444    0.148   0.1516   0.1552   0.1588   0.1625   0.1661   0.1697   0.1733   0.1769   0.1805   0.1841   0.1877   0.1913   0.1949   0.1986   0.2022   0.2058   0.2094    0.213   0.2166   0.2202   0.2238   0.2274    0.231   0.2347   0.2383   0.2419   0.2455   0.2491   0.2527   0.2563   0.2599   0.2635   0.2671   0.2708   0.2744    0.278   0.2816   0.2852   0.2888   0.2924    0.296   0.2996   0.3032   0.3069   0.3105   0.3141   0.3177   0.3213   0.3249   0.3285   0.3321   0.3357   0.3394    0.343   0.3466   0.3502   0.3538   0.3574    0.361   0.3646   0.3682   0.3718   0.3755   0.3791   0.3827   0.3863   0.3899   0.3935   0.3971   0.4007   0.4043   0.4079   0.4116   0.4152   0.4188   0.4224    0.426   0.4296   0.4332   0.4368   0.4404    0.444   0.4477   0.4513   0.4549   0.4585   0.4621   0.4657   0.4693   0.4729   0.4765   0.4801   0.4838   0.4874    0.491   0.4946   0.4982
    S      0.0   0.1113   0.0326     0.04   0.0252   0.1644   0.0535    0.401   0.1704   0.0908   0.1628   0.0278   0.1604   0.1287   0.0204   0.0054   0.4558   0.2988   0.1233   0.1216   0.1219   0.1374   0.0217    0.237   0.0304   0.0288   0.0858   0.1417    0.082   0.0323   0.0442   0.1308   0.1122   0.0379   0.3426   0.0544   0.0625   0.2478   0.2181   0.0354   0.0528   0.0011   0.0273   0.0417   0.0814   0.0112    0.015   0.2058    0.099   0.0317   0.0138   0.1067   0.0915   0.0042   0.2766   0.1974   0.0041   0.0086   0.0552    0.062   0.1773   0.0644   0.0753   0.0254   0.1044   0.0871   0.0266   0.1777   0.0168   0.0746   0.2544   0.0275    0.284   0.0047   0.2198   0.0813   0.0524    0.306    0.193   0.1625    0.027   0.5819   0.0326   0.0589   0.0959   0.3131   0.1328   0.2419   0.0257   0.0381   0.1842   0.0467   0.0012   0.1906   0.3134   0.1007   0.1468   0.3121    0.033      1.0   0.0875   0.1236    0.306   0.1321   0.1121    0.023   0.0275   0.3168   0.0333   0.0362   0.1007   0.0235   0.0419   0.0386   0.1975   0.1129   0.1847   0.3244   0.1494   0.0463   0.0785   0.0042    0.085   0.2139   0.1574   0.1404   0.2039   0.2316   0.0234   0.0423   0.2305   0.0826   0.3556   0.0119   0.0272   0.0536   0.3212   0.0771   0.0679
  snr   -12.12
    H      4.5
 exon    False