>data-XVI-cerevisiae-intergenic-150
N: 239
Methods: voss, eiip, qpsk, mem, alg1, alg2

M: voss
 freq      0.0   0.0042   0.0084   0.0126   0.0167   0.0209   0.0251   0.0293   0.0335   0.0377   0.0418    0.046   0.0502   0.0544   0.0586   0.0628   0.0669   0.0711   0.0753   0.0795   0.0837   0.0879   0.0921   0.0962   0.1004   0.1046   0.1088    0.113   0.1172   0.1213   0.1255   0.1297   0.1339   0.1381   0.1423   0.1464   0.1506   0.1548    0.159   0.1632   0.1674   0.1715   0.1757   0.1799   0.1841   0.1883   0.1925   0.1967   0.2008    0.205   0.2092   0.2134   0.2176   0.2218   0.2259   0.2301   0.2343   0.2385   0.2427   0.2469    0.251   0.2552   0.2594   0.2636   0.2678    0.272   0.2762   0.2803   0.2845   0.2887   0.2929   0.2971   0.3013   0.3054   0.3096   0.3138    0.318   0.3222   0.3264   0.3305   0.3347   0.3389   0.3431   0.3473   0.3515   0.3556   0.3598    0.364   0.3682   0.3724   0.3766   0.3808   0.3849   0.3891   0.3933   0.3975   0.4017   0.4059     0.41   0.4142   0.4184   0.4226   0.4268    0.431   0.4351   0.4393   0.4435   0.4477   0.4519   0.4561   0.4603   0.4644   0.4686   0.4728    0.477   0.4812   0.4854   0.4895   0.4937   0.4979
    S      0.0   0.4682   0.3108   0.8499   0.7806   0.8452   0.4543   0.2702      1.0   0.2251   0.0946   0.2968     0.16   0.3511   0.3616   0.2459   0.4931    0.282   0.2599   0.4359    0.284   0.2457   0.3425   0.1128   0.2357   0.3132   0.2212   0.2717   0.3911   0.5811   0.2931    0.405   0.6457   0.2058   0.0781   0.1049   0.2407   0.1196   0.5486   0.1183   0.5801   0.5144   0.3694   0.2947    0.056    0.224   0.4198   0.0396    0.088   0.3454   0.1574   0.3051   0.2282   0.1811   0.7501   0.4164   0.8387   0.9058   0.1526   0.1915   0.2128   0.2138   0.6644   0.1799   0.1779    0.124   0.2111   0.1213   0.2467    0.142   0.3063   0.4672   0.9358   0.1979   0.2441   0.0933   0.3238   0.2276   0.3896   0.2679   0.4924   0.1951    0.135   0.2576   0.1689    0.406    0.273   0.3232   0.2305   0.3934   0.6635   0.3804   0.0957    0.727    0.283   0.0727   0.2811   0.6749   0.4886   0.1636   0.2547   0.1829   0.9265   0.4466   0.2025   0.2253   0.2711   0.5059   0.1814   0.2444   0.3119   0.4141   0.1893   0.6547   0.2622   0.1481   0.0965   0.3882   0.0876   0.2494
  snr   -15.88
    H     4.59
 exon    False

M: eiip
 freq      0.0   0.0042   0.0084   0.0126   0.0167   0.0209   0.0251   0.0293   0.0335   0.0377   0.0418    0.046   0.0502   0.0544   0.0586   0.0628   0.0669   0.0711   0.0753   0.0795   0.0837   0.0879   0.0921   0.0962   0.1004   0.1046   0.1088    0.113   0.1172   0.1213   0.1255   0.1297   0.1339   0.1381   0.1423   0.1464   0.1506   0.1548    0.159   0.1632   0.1674   0.1715   0.1757   0.1799   0.1841   0.1883   0.1925   0.1967   0.2008    0.205   0.2092   0.2134   0.2176   0.2218   0.2259   0.2301   0.2343   0.2385   0.2427   0.2469    0.251   0.2552   0.2594   0.2636   0.2678    0.272   0.2762   0.2803   0.2845   0.2887   0.2929   0.2971   0.3013   0.3054   0.3096   0.3138    0.318   0.3222   0.3264   0.3305   0.3347   0.3389   0.3431   0.3473   0.3515   0.3556   0.3598    0.364   0.3682   0.3724   0.3766   0.3808   0.3849   0.3891   0.3933   0.3975   0.4017   0.4059     0.41   0.4142   0.4184   0.4226   0.4268    0.431   0.4351   0.4393   0.4435   0.4477   0.4519   0.4561   0.4603   0.4644   0.4686   0.4728    0.477   0.4812   0.4854   0.4895   0.4937   0.4979
    S      0.0   0.3424   0.0129   0.0215   0.9972   0.3797   0.1984   0.0164   0.1557   0.2748   0.0937   0.1029   0.1543    0.022   0.1361   0.1184   0.0557   0.0117   0.2302   0.3862   0.3957   0.0035   0.1835   0.0043   0.0153   0.1404   0.1055   0.1107   0.1478   0.2517   0.1462   0.1005   0.1028   0.2291   0.0366    0.009   0.1355   0.0175   0.6562   0.1465   0.1128   0.1927   0.5336     0.05   0.0314   0.0782    0.302   0.0399   0.1009   0.5079   0.1262   0.0418   0.1339   0.1775   0.0448   0.0586   0.1909      1.0   0.0868   0.2639   0.0439   0.2287   0.4193   0.0951   0.1767   0.1798   0.0045   0.1252   0.2866   0.1625   0.0649   0.2307   0.4735   0.0082   0.0656   0.0512   0.2631   0.3967   0.4117   0.4617   0.3967   0.1404   0.0538   0.1103    0.124   0.3713    0.236   0.3835   0.1126   0.5683   0.1718   0.2422    0.046   0.2932   0.1874   0.0511    0.083   0.3264   0.6337   0.1341   0.2325   0.1659   0.3274   0.3868    0.161   0.1242   0.0863   0.4818     0.06   0.0446   0.1513   0.0545     0.13   0.0998   0.1083   0.2431   0.1048   0.3124   0.1161   0.1787
  snr   -13.45
    H     4.42
 exon    False

M: qpsk
 freq      0.0   0.0042   0.0084   0.0126   0.0167   0.0209   0.0251   0.0293   0.0335   0.0377   0.0418    0.046   0.0502   0.0544   0.0586   0.0628   0.0669   0.0711   0.0753   0.0795   0.0837   0.0879   0.0921   0.0962   0.1004   0.1046   0.1088    0.113   0.1172   0.1213   0.1255   0.1297   0.1339   0.1381   0.1423   0.1464   0.1506   0.1548    0.159   0.1632   0.1674   0.1715   0.1757   0.1799   0.1841   0.1883   0.1925   0.1967   0.2008    0.205   0.2092   0.2134   0.2176   0.2218   0.2259   0.2301   0.2343   0.2385   0.2427   0.2469    0.251   0.2552   0.2594   0.2636   0.2678    0.272   0.2762   0.2803   0.2845   0.2887   0.2929   0.2971   0.3013   0.3054   0.3096   0.3138    0.318   0.3222   0.3264   0.3305   0.3347   0.3389   0.3431   0.3473   0.3515   0.3556   0.3598    0.364   0.3682   0.3724   0.3766   0.3808   0.3849   0.3891   0.3933   0.3975   0.4017   0.4059     0.41   0.4142   0.4184   0.4226   0.4268    0.431   0.4351   0.4393   0.4435   0.4477   0.4519   0.4561   0.4603   0.4644   0.4686   0.4728    0.477   0.4812   0.4854   0.4895   0.4937   0.4979
    S      0.0   0.4968   0.2172   0.8118      1.0   0.9947   0.4214    0.069   0.6158   0.2014   0.1112   0.2199   0.1812    0.113   0.4453    0.236   0.5064   0.1903   0.2545   0.5384    0.052    0.176   0.4281   0.1125   0.2746   0.1948     0.21   0.2331   0.1134   0.5887   0.3623   0.2556    0.458   0.1882   0.0564   0.0832   0.1212   0.0956    0.509   0.1168   0.3463   0.6209   0.4248    0.034   0.0574   0.0508   0.5171   0.0218   0.0896   0.2032   0.0258   0.3232   0.2441    0.109    0.366   0.2275   0.8011   0.4502   0.1548   0.1049   0.2005   0.2637   0.3359   0.0857   0.2228   0.1242   0.1497   0.1482   0.3094   0.1825   0.2951   0.5923   0.8645    0.086   0.1448   0.1058   0.2867   0.2334   0.4888   0.3519   0.5942   0.1517   0.1058   0.0515   0.0572   0.1658   0.3121   0.1765   0.1714   0.4538    0.733   0.4385    0.069   0.9246   0.2846    0.079   0.3627   0.8381   0.6371    0.199   0.1826   0.1156   0.8093   0.3812   0.1903   0.2738   0.2806   0.2898   0.0549   0.1625    0.015   0.4718   0.0854   0.4833   0.1329   0.1434   0.1148   0.1985   0.0774   0.1004
  snr   -15.22
    H      4.5
 exon    False

M: mem
 freq      0.0   0.0042   0.0084   0.0126   0.0168    0.021   0.0252   0.0294   0.0336   0.0378    0.042   0.0462   0.0504   0.0546   0.0588    0.063   0.0672   0.0714   0.0756   0.0798    0.084   0.0882   0.0924   0.0966   0.1008    0.105   0.1092   0.1134   0.1176   0.1218   0.1261   0.1303   0.1345   0.1387   0.1429   0.1471   0.1513   0.1555   0.1597   0.1639   0.1681   0.1723   0.1765   0.1807   0.1849   0.1891   0.1933   0.1975   0.2017   0.2059   0.2101   0.2143   0.2185   0.2227   0.2269   0.2311   0.2353   0.2395   0.2437   0.2479   0.2521   0.2563   0.2605   0.2647   0.2689   0.2731   0.2773   0.2815   0.2857   0.2899   0.2941   0.2983   0.3025   0.3067   0.3109   0.3151   0.3193   0.3235   0.3277   0.3319   0.3361   0.3403   0.3445   0.3487   0.3529   0.3571   0.3613   0.3655   0.3697   0.3739   0.3782   0.3824   0.3866   0.3908    0.395   0.3992   0.4034   0.4076   0.4118    0.416   0.4202   0.4244   0.4286   0.4328    0.437   0.4412   0.4454   0.4496   0.4538    0.458   0.4622   0.4664   0.4706   0.4748    0.479   0.4832   0.4874   0.4916   0.4958
    S      0.0   0.1923   0.1167   0.6841   0.1508   0.8659   0.0831    0.013   0.3595    0.066    0.001   0.0765   0.0044   0.0145   0.4365   0.1202   0.2581   0.0784   0.2348   0.3278   0.0677   0.0577   0.1031   0.1141   0.1735   0.0071   0.0003   0.2419   0.0937   0.5435   0.0445   0.0425   0.2559   0.0632   0.0076   0.1059   0.0549   0.1881   0.3084   0.0722   0.1995   0.1543   0.4338   0.0456   0.0141   0.0531   0.2159   0.0193   0.0464   0.2172   0.0085   0.1605   0.1605   0.0184   0.0976   0.1278   0.3905   0.2524   0.2227    0.048   0.1088   0.0785   0.3495   0.0399   0.3555   0.0029   0.0548   0.0047   0.4886   0.0334   0.0099   0.2684   0.2095   0.0018   0.0494    0.261   0.0256   0.1938   0.0726   0.0766   0.3152   0.0223   0.0535    0.114   0.0084   0.0927   0.0598   0.0277   0.2572   0.5403   0.2502    0.267   0.1257      1.0    0.035   0.0185   0.2091    0.001   0.0129   0.0118   0.1351    0.245   0.0468    0.167   0.0784   0.0184   0.0732   0.0303   0.0728   0.0525   0.1161   0.3048     0.13   0.0049   0.1441    0.052   0.0516   0.0184   0.0109
  snr   -12.14
    H     4.25
 exon    False

M: alg1
 freq      0.0   0.0042   0.0084   0.0126   0.0167   0.0209   0.0251   0.0293   0.0335   0.0377   0.0418    0.046   0.0502   0.0544   0.0586   0.0628   0.0669   0.0711   0.0753   0.0795   0.0837   0.0879   0.0921   0.0962   0.1004   0.1046   0.1088    0.113   0.1172   0.1213   0.1255   0.1297   0.1339   0.1381   0.1423   0.1464   0.1506   0.1548    0.159   0.1632   0.1674   0.1715   0.1757   0.1799   0.1841   0.1883   0.1925   0.1967   0.2008    0.205   0.2092   0.2134   0.2176   0.2218   0.2259   0.2301   0.2343   0.2385   0.2427   0.2469    0.251   0.2552   0.2594   0.2636   0.2678    0.272   0.2762   0.2803   0.2845   0.2887   0.2929   0.2971   0.3013   0.3054   0.3096   0.3138    0.318   0.3222   0.3264   0.3305   0.3347   0.3389   0.3431   0.3473   0.3515   0.3556   0.3598    0.364   0.3682   0.3724   0.3766   0.3808   0.3849   0.3891   0.3933   0.3975   0.4017   0.4059     0.41   0.4142   0.4184   0.4226   0.4268    0.431   0.4351   0.4393   0.4435   0.4477   0.4519   0.4561   0.4603   0.4644   0.4686   0.4728    0.477   0.4812   0.4854   0.4895   0.4937   0.4979
    S      0.0   0.6309   0.0385   0.2695   0.8071   0.7394   0.0341   0.0616   0.3823   0.2172   0.0754   0.2094   0.1396   0.0666   0.1249   0.2584   0.0306   0.1347   0.2769   0.5648   0.0685   0.0979   0.2842   0.0395   0.0524   0.1899   0.1458   0.0773   0.0391   0.5922   0.1772   0.0347   0.4215   0.0871   0.0195   0.0152   0.0105   0.0653   0.5223   0.1331   0.0959   0.3717   0.4897   0.0352   0.0363   0.0065   0.4524   0.0082   0.0742   0.2187   0.0132   0.1521   0.0475   0.1226   0.3849   0.0871   0.5447   0.4478   0.0329   0.1251   0.0011   0.2281   0.4008   0.0211   0.1659   0.0913   0.0584   0.1865   0.2161   0.1866     0.23   0.3563   0.2843   0.0669   0.1037     0.03   0.3101   0.2256    0.508   0.4595   0.6333   0.0521   0.0834   0.0662   0.0656   0.1261   0.2172   0.1743   0.0165   0.4201   0.3441   0.4305   0.0039     0.44   0.1607   0.0206   0.0504   0.1695   0.5424   0.1227    0.205   0.1252      1.0   0.3969   0.0643   0.1767   0.0752   0.1278   0.0034   0.0794   0.0077   0.1019   0.0136   0.1772   0.0625   0.1236   0.0764   0.0389   0.0516   0.0682
  snr   -13.45
    H     4.34
 exon    False

M: alg2
 freq      0.0   0.0042   0.0084   0.0126   0.0167   0.0209   0.0251   0.0293   0.0335   0.0377   0.0418    0.046   0.0502   0.0544   0.0586   0.0628   0.0669   0.0711   0.0753   0.0795   0.0837   0.0879   0.0921   0.0962   0.1004   0.1046   0.1088    0.113   0.1172   0.1213   0.1255   0.1297   0.1339   0.1381   0.1423   0.1464   0.1506   0.1548    0.159   0.1632   0.1674   0.1715   0.1757   0.1799   0.1841   0.1883   0.1925   0.1967   0.2008    0.205   0.2092   0.2134   0.2176   0.2218   0.2259   0.2301   0.2343   0.2385   0.2427   0.2469    0.251   0.2552   0.2594   0.2636   0.2678    0.272   0.2762   0.2803   0.2845   0.2887   0.2929   0.2971   0.3013   0.3054   0.3096   0.3138    0.318   0.3222   0.3264   0.3305   0.3347   0.3389   0.3431   0.3473   0.3515   0.3556   0.3598    0.364   0.3682   0.3724   0.3766   0.3808   0.3849   0.3891   0.3933   0.3975   0.4017   0.4059     0.41   0.4142   0.4184   0.4226   0.4268    0.431   0.4351   0.4393   0.4435   0.4477   0.4519   0.4561   0.4603   0.4644   0.4686   0.4728    0.477   0.4812   0.4854   0.4895   0.4937   0.4979
    S      0.0    0.319   0.0843   0.0473      1.0   0.0545   0.3104   0.0256   0.1679   0.1992   0.1221   0.1578   0.1866   0.0528   0.0155   0.0878   0.1758   0.0605   0.0644    0.236   0.0822   0.1294   0.2791   0.0152   0.0335   0.1851   0.2111   0.0072   0.0498   0.1058   0.2995   0.1648   0.0462   0.1407   0.0445   0.0098   0.0319   0.0039   0.1476   0.1067   0.0208   0.3366   0.1418   0.0031   0.0541   0.0157   0.2597   0.0048   0.0676   0.1468   0.0071   0.0021   0.1358   0.1041   0.0548   0.0191   0.4998   0.3436   0.0366   0.0526   0.1024   0.1844   0.1489   0.0748   0.0897     0.01   0.0197   0.1084   0.0153    0.172   0.1257   0.2763   0.5974   0.0662   0.0908   0.0199   0.1335   0.1764   0.4995   0.2498   0.3839   0.1172    0.089   0.0322   0.0299   0.0945   0.2544   0.2144   0.0655    0.264     0.01   0.0716   0.0382   0.1824   0.0049    0.074   0.2622   0.7208     0.71   0.2055   0.1357   0.0377   0.4988   0.3173   0.0744   0.2548   0.2076   0.3371   0.0252   0.0014   0.0094   0.0377   0.0269   0.3731   0.0976   0.0295   0.0892   0.1895   0.0939   0.1091
  snr   -12.23
    H     4.31
 exon    False