>data-XIV-cerevisiae-intergenic-12
N: 391
Methods: voss, eiip, qpsk, mem, tbpse, snrse

M: voss
 freq      0.0   0.0026   0.0051   0.0077   0.0102   0.0128   0.0153   0.0179   0.0205    0.023   0.0256   0.0281   0.0307   0.0332   0.0358   0.0384   0.0409   0.0435    0.046   0.0486   0.0512   0.0537   0.0563   0.0588   0.0614   0.0639   0.0665   0.0691   0.0716   0.0742   0.0767   0.0793   0.0818   0.0844    0.087   0.0895   0.0921   0.0946   0.0972   0.0997   0.1023   0.1049   0.1074     0.11   0.1125   0.1151   0.1176   0.1202   0.1228   0.1253   0.1279   0.1304    0.133   0.1355   0.1381   0.1407   0.1432   0.1458   0.1483   0.1509   0.1535    0.156   0.1586   0.1611   0.1637   0.1662   0.1688   0.1714   0.1739   0.1765    0.179   0.1816   0.1841   0.1867   0.1893   0.1918   0.1944   0.1969   0.1995    0.202   0.2046   0.2072   0.2097   0.2123   0.2148   0.2174   0.2199   0.2225   0.2251   0.2276   0.2302   0.2327   0.2353   0.2379   0.2404    0.243   0.2455   0.2481   0.2506   0.2532   0.2558   0.2583   0.2609   0.2634    0.266   0.2685   0.2711   0.2737   0.2762   0.2788   0.2813   0.2839   0.2864    0.289   0.2916   0.2941   0.2967   0.2992   0.3018   0.3043   0.3069   0.3095    0.312   0.3146   0.3171   0.3197   0.3223   0.3248   0.3274   0.3299   0.3325    0.335   0.3376   0.3402   0.3427   0.3453   0.3478   0.3504   0.3529   0.3555   0.3581   0.3606   0.3632   0.3657   0.3683   0.3708   0.3734    0.376   0.3785   0.3811   0.3836   0.3862   0.3887   0.3913   0.3939   0.3964    0.399   0.4015   0.4041   0.4066   0.4092   0.4118   0.4143   0.4169   0.4194    0.422   0.4246   0.4271   0.4297   0.4322   0.4348   0.4373   0.4399   0.4425    0.445   0.4476   0.4501   0.4527   0.4552   0.4578   0.4604   0.4629   0.4655    0.468   0.4706   0.4731   0.4757   0.4783   0.4808   0.4834   0.4859   0.4885    0.491   0.4936   0.4962   0.4987
    S      0.0   0.7231   0.5569   0.3893   0.6416   0.2874   0.2533   0.0608   0.9838   0.2184   0.3882   0.9235   0.6047   0.5211    0.522   0.1585    0.237   0.0582   0.3842   0.4802    0.187   0.0799   0.2765   0.3723   0.4162   0.3336   0.4402   0.3061   0.2931   0.3138   0.6247   0.3899   0.3027   0.4675   0.3125   0.0791      1.0   0.5789   0.4789   0.3387   0.1485   0.2561    0.785   0.7621   0.3826   0.5615   0.1313   0.3014   0.3699   0.3527   0.1764   0.3894   0.6118   0.3323    0.274   0.1911   0.1624   0.4884   0.5407   0.4356   0.2484   0.4457   0.5309    0.665   0.5822   0.0733   0.5196   0.2226   0.6011   0.1841   0.3858    0.195   0.1717   0.2863    0.325   0.2925   0.1112    0.192   0.3606   0.3371    0.627   0.1971   0.2876   0.2547   0.1882   0.3364   0.4791   0.2663   0.4452   0.5789   0.2914   0.1584   0.2293   0.2456   0.2174   0.2779   0.2071   0.4811   0.2549   0.2585    0.305   0.4484    0.096   0.2501   0.1751   0.1203   0.6237   0.2037   0.2869   0.2431    0.083   0.2664   0.1326   0.3643   0.3174   0.3507   0.2413   0.2082   0.1249   0.2773   0.1653   0.3852    0.406   0.1219   0.2938   0.5742   0.1611   0.4871   0.7486   0.5105   0.1343   0.1652   0.5978   0.1631   0.6128   0.2078   0.2977   0.0578    0.195   0.1115   0.4419   0.3951    0.387   0.3794   0.3893     0.15   0.1198   0.0916   0.4654   0.0722   0.1305   0.1267   0.4264   0.2409   0.1431   0.2964   0.4618    0.703   0.2486   0.2035   0.2425    0.213    0.203   0.4655   0.3531   0.2811   0.1466   0.1184   0.2167   0.4736   0.1432   0.3361   0.0848   0.7139   0.5408   0.1315   0.1755    0.135     0.16   0.6605   0.3176   0.5271   0.1391   0.2076   0.1049   0.1632   0.2614   0.2328   0.1352   0.5377   0.7567   0.2365   0.4362   0.2746   0.2039   0.5095
  snr   -18.05
    H     5.12
 exon    False

M: eiip
 freq      0.0   0.0026   0.0051   0.0077   0.0102   0.0128   0.0153   0.0179   0.0205    0.023   0.0256   0.0281   0.0307   0.0332   0.0358   0.0384   0.0409   0.0435    0.046   0.0486   0.0512   0.0537   0.0563   0.0588   0.0614   0.0639   0.0665   0.0691   0.0716   0.0742   0.0767   0.0793   0.0818   0.0844    0.087   0.0895   0.0921   0.0946   0.0972   0.0997   0.1023   0.1049   0.1074     0.11   0.1125   0.1151   0.1176   0.1202   0.1228   0.1253   0.1279   0.1304    0.133   0.1355   0.1381   0.1407   0.1432   0.1458   0.1483   0.1509   0.1535    0.156   0.1586   0.1611   0.1637   0.1662   0.1688   0.1714   0.1739   0.1765    0.179   0.1816   0.1841   0.1867   0.1893   0.1918   0.1944   0.1969   0.1995    0.202   0.2046   0.2072   0.2097   0.2123   0.2148   0.2174   0.2199   0.2225   0.2251   0.2276   0.2302   0.2327   0.2353   0.2379   0.2404    0.243   0.2455   0.2481   0.2506   0.2532   0.2558   0.2583   0.2609   0.2634    0.266   0.2685   0.2711   0.2737   0.2762   0.2788   0.2813   0.2839   0.2864    0.289   0.2916   0.2941   0.2967   0.2992   0.3018   0.3043   0.3069   0.3095    0.312   0.3146   0.3171   0.3197   0.3223   0.3248   0.3274   0.3299   0.3325    0.335   0.3376   0.3402   0.3427   0.3453   0.3478   0.3504   0.3529   0.3555   0.3581   0.3606   0.3632   0.3657   0.3683   0.3708   0.3734    0.376   0.3785   0.3811   0.3836   0.3862   0.3887   0.3913   0.3939   0.3964    0.399   0.4015   0.4041   0.4066   0.4092   0.4118   0.4143   0.4169   0.4194    0.422   0.4246   0.4271   0.4297   0.4322   0.4348   0.4373   0.4399   0.4425    0.445   0.4476   0.4501   0.4527   0.4552   0.4578   0.4604   0.4629   0.4655    0.468   0.4706   0.4731   0.4757   0.4783   0.4808   0.4834   0.4859   0.4885    0.491   0.4936   0.4962   0.4987
    S      0.0   0.1429   0.1966   0.1282   0.0048   0.1491   0.1163    0.026   0.3213   0.0774   0.0647   0.1744   0.1761   0.2117   0.1826   0.0785   0.1861   0.0412   0.2966   0.1365   0.1109   0.0687   0.0849   0.1928   0.1185   0.0837   0.3405   0.0024   0.1147   0.0498   0.3674   0.0869   0.0339   0.0145   0.0562   0.0252   0.1257   0.1772   0.0806   0.0588   0.0245    0.186   0.0002    0.226    0.561   0.1201   0.0322   0.0072    0.263   0.2613   0.0823   0.0768   0.1679   0.0559   0.0931   0.1207   0.0504   0.1593   0.0518   0.0538   0.0278   0.3065   0.2007   0.2043   0.1441   0.0394   0.2028   0.0166   0.0023   0.0682   0.0082   0.0547   0.1402   0.0993   0.2434   0.1234   0.0845   0.2399   0.0402   0.0902   0.3692   0.2786     0.03   0.0352    0.031     0.28   0.0469   0.1403   0.4743   0.0511   0.1473   0.1311   0.0882   0.0384   0.0543   0.1347   0.0336   0.0416   0.2628   0.1729   0.1793   0.0158    0.039   0.1251   0.0257   0.0818   0.0202   0.1577   0.2052   0.0152   0.0734   0.1109   0.0115    0.032   0.0272   0.1957   0.1153   0.0192   0.0512   0.1622   0.0472   0.0847   0.1608   0.0664   0.0713   0.3108   0.1013   0.0962      1.0   0.0618    0.122   0.1387   0.2099   0.1006   0.1778   0.1482   0.0643   0.0135   0.1202   0.0695   0.0904   0.1994   0.1544   0.3085   0.1675   0.0262   0.0611   0.0629   0.1752   0.0508   0.0741   0.1185   0.0241   0.1815   0.0352   0.0584   0.2832   0.0869   0.2328   0.0055   0.0118   0.1086   0.1689   0.0152   0.1386   0.1161    0.037   0.0571   0.0916   0.1274   0.0861   0.0851   0.0261   0.2934   0.6536   0.0317   0.0263   0.0699   0.0193   0.4151    0.138    0.195   0.0008   0.0799   0.0486    0.069   0.1099   0.0327    0.069   0.0182   0.4814   0.0407   0.4602   0.0531   0.0464   0.0346
  snr   -13.68
    H     4.89
 exon     True

M: qpsk
 freq      0.0   0.0026   0.0051   0.0077   0.0102   0.0128   0.0153   0.0179   0.0205    0.023   0.0256   0.0281   0.0307   0.0332   0.0358   0.0384   0.0409   0.0435    0.046   0.0486   0.0512   0.0537   0.0563   0.0588   0.0614   0.0639   0.0665   0.0691   0.0716   0.0742   0.0767   0.0793   0.0818   0.0844    0.087   0.0895   0.0921   0.0946   0.0972   0.0997   0.1023   0.1049   0.1074     0.11   0.1125   0.1151   0.1176   0.1202   0.1228   0.1253   0.1279   0.1304    0.133   0.1355   0.1381   0.1407   0.1432   0.1458   0.1483   0.1509   0.1535    0.156   0.1586   0.1611   0.1637   0.1662   0.1688   0.1714   0.1739   0.1765    0.179   0.1816   0.1841   0.1867   0.1893   0.1918   0.1944   0.1969   0.1995    0.202   0.2046   0.2072   0.2097   0.2123   0.2148   0.2174   0.2199   0.2225   0.2251   0.2276   0.2302   0.2327   0.2353   0.2379   0.2404    0.243   0.2455   0.2481   0.2506   0.2532   0.2558   0.2583   0.2609   0.2634    0.266   0.2685   0.2711   0.2737   0.2762   0.2788   0.2813   0.2839   0.2864    0.289   0.2916   0.2941   0.2967   0.2992   0.3018   0.3043   0.3069   0.3095    0.312   0.3146   0.3171   0.3197   0.3223   0.3248   0.3274   0.3299   0.3325    0.335   0.3376   0.3402   0.3427   0.3453   0.3478   0.3504   0.3529   0.3555   0.3581   0.3606   0.3632   0.3657   0.3683   0.3708   0.3734    0.376   0.3785   0.3811   0.3836   0.3862   0.3887   0.3913   0.3939   0.3964    0.399   0.4015   0.4041   0.4066   0.4092   0.4118   0.4143   0.4169   0.4194    0.422   0.4246   0.4271   0.4297   0.4322   0.4348   0.4373   0.4399   0.4425    0.445   0.4476   0.4501   0.4527   0.4552   0.4578   0.4604   0.4629   0.4655    0.468   0.4706   0.4731   0.4757   0.4783   0.4808   0.4834   0.4859   0.4885    0.491   0.4936   0.4962   0.4987
    S      0.0    0.474   0.4654   0.3263   0.2126   0.3133   0.1677    0.069   0.7732   0.2878   0.4172   0.5876   0.6528   0.5998   0.6576   0.2064   0.1869   0.0615   0.4923   0.4865   0.1066   0.0481   0.3041   0.3178   0.4074   0.3274    0.413   0.1782   0.2125    0.302   0.6303   0.1839   0.4101   0.4529   0.3224   0.0655   0.8607   0.5762   0.1896   0.2578   0.1616   0.3424   0.7429      1.0   0.3989   0.6386   0.0519   0.3987   0.4159   0.4448   0.1451   0.2801   0.5572   0.2517   0.3012   0.1649   0.0545   0.6253   0.5359   0.3517   0.2481   0.1211   0.2091   0.2455   0.6015    0.038   0.4404   0.1867   0.2755   0.1176   0.2096   0.1721   0.0828   0.3118   0.2019   0.3329    0.085   0.1281   0.3594   0.3119   0.7962   0.2217   0.2798   0.0598    0.142   0.4313   0.4054   0.3572   0.5817   0.4286   0.1296   0.2102   0.2762   0.3259   0.2595   0.0818   0.0875   0.5469   0.2914   0.3488   0.3009   0.6059   0.0399   0.2864   0.1992   0.1541   0.3994   0.2472   0.3721   0.2464   0.0648   0.1196   0.1047   0.2995   0.0852   0.3105   0.2029   0.2127   0.0726   0.3759   0.0811   0.4224   0.2688   0.1374   0.3265   0.7842    0.151   0.1095   0.8429   0.6582   0.0738   0.1377    0.097   0.1957   0.8116   0.1427   0.3389    0.063   0.0681   0.0669   0.1605   0.3187   0.2808   0.4821   0.2268   0.0826   0.1639   0.1025   0.2624   0.0829   0.1658    0.082   0.5021   0.1659   0.1334   0.2718   0.3661   0.1093    0.296   0.1637   0.1744   0.2685   0.2715   0.2181   0.3734   0.3222   0.1984   0.0693   0.1932   0.2145   0.1459   0.2741   0.0814   0.7837   0.7083   0.1237   0.2374   0.0889   0.1534   0.6157   0.0888   0.0611   0.1711   0.1014   0.0366   0.1764   0.2948   0.2432   0.1023   0.4183   0.8086   0.0767   0.4212   0.1351   0.1336   0.6259
  snr   -17.49
    H     5.05
 exon    False

M: mem
 freq      0.0   0.0026   0.0051   0.0077   0.0103   0.0128   0.0154   0.0179   0.0205   0.0231   0.0256   0.0282   0.0308   0.0333   0.0359   0.0385    0.041   0.0436   0.0462   0.0487   0.0513   0.0538   0.0564    0.059   0.0615   0.0641   0.0667   0.0692   0.0718   0.0744   0.0769   0.0795   0.0821   0.0846   0.0872   0.0897   0.0923   0.0949   0.0974      0.1   0.1026   0.1051   0.1077   0.1103   0.1128   0.1154   0.1179   0.1205   0.1231   0.1256   0.1282   0.1308   0.1333   0.1359   0.1385    0.141   0.1436   0.1462   0.1487   0.1513   0.1538   0.1564    0.159   0.1615   0.1641   0.1667   0.1692   0.1718   0.1744   0.1769   0.1795   0.1821   0.1846   0.1872   0.1897   0.1923   0.1949   0.1974      0.2   0.2026   0.2051   0.2077   0.2103   0.2128   0.2154   0.2179   0.2205   0.2231   0.2256   0.2282   0.2308   0.2333   0.2359   0.2385    0.241   0.2436   0.2462   0.2487   0.2513   0.2538   0.2564    0.259   0.2615   0.2641   0.2667   0.2692   0.2718   0.2744   0.2769   0.2795   0.2821   0.2846   0.2872   0.2897   0.2923   0.2949   0.2974      0.3   0.3026   0.3051   0.3077   0.3103   0.3128   0.3154   0.3179   0.3205   0.3231   0.3256   0.3282   0.3308   0.3333   0.3359   0.3385    0.341   0.3436   0.3462   0.3487   0.3513   0.3538   0.3564    0.359   0.3615   0.3641   0.3667   0.3692   0.3718   0.3744   0.3769   0.3795   0.3821   0.3846   0.3872   0.3897   0.3923   0.3949   0.3974      0.4   0.4026   0.4051   0.4077   0.4103   0.4128   0.4154   0.4179   0.4205   0.4231   0.4256   0.4282   0.4308   0.4333   0.4359   0.4385    0.441   0.4436   0.4462   0.4487   0.4513   0.4538   0.4564    0.459   0.4615   0.4641   0.4667   0.4692   0.4718   0.4744   0.4769   0.4795   0.4821   0.4846   0.4872   0.4897   0.4923   0.4949   0.4974
    S      0.0    0.442   0.3113   0.3847   0.2461   0.3557    0.232   0.0172   0.6652   0.0186   0.0134   0.2487   0.1782   0.0319   0.0811    0.028   0.3368    0.065    0.274   0.0456   0.1855   0.1829   0.1224   0.1909   0.1016   0.2681   0.6475    0.118   0.2573   0.0093   0.7508   0.1543   0.0624   0.0213   0.0011   0.0445   0.3145   0.0821   0.3711   0.3091   0.0329   0.1091   0.2756   0.4299    0.912   0.1432   0.0736     0.04   0.1396   0.1733   0.1549   0.3216   0.1111   0.0025   0.0036      0.1   0.1995   0.4919   0.1429   0.0152   0.1117   0.8808   0.3166   0.7231   0.0524   0.1697   0.0603   0.0068   0.0665   0.1425   0.0628     0.14   0.1419   0.0619   0.5861   0.0913   0.0585   0.4995   0.0627   0.0446   0.1269   0.3308    0.065   0.3524   0.1019   0.0992   0.0015   0.2012   0.4369   0.5511   0.1861    0.118   0.0446   0.0004   0.0298   0.5047   0.0799   0.1627   0.1579   0.2565   0.2327    0.053   0.0269   0.1767   0.1613   0.1726   0.1414    0.423    0.171   0.0382   0.0341   0.3541   0.0893    0.068   0.1354   0.6072    0.095   0.0115   0.0249   0.2557   0.0697   0.2145   0.1247   0.1559   0.0151     0.71   0.2601   0.6047   0.6697   0.0763   0.2066   0.4717   0.3726   0.0071   0.2888   0.3165   0.0227   0.1138   0.1066   0.1171   0.4703   0.7945   0.0835   0.0532   0.2714   0.1156   0.1116   0.0945   0.6505   0.0662   0.0732     0.03   0.0964   0.1438   0.0007   0.1366    0.708   0.4732   0.2151   0.0288   0.0435   0.0053   0.0806   0.2986   0.3315   0.0469   0.0018   0.3959   0.0955   0.3879   0.0345   0.0781   0.0151   0.3884   0.3729   0.1331   0.3921   0.0828   0.6408   0.0518   0.1208   0.3113   0.0167   0.0667    0.107    0.353   0.0484   0.0779   0.2309   0.1719   0.8852   0.0445      1.0   0.1358   0.0671
  snr   -15.96
    H     4.83
 exon    False

M: tbpse
 freq      0.0   0.0026   0.0051   0.0077   0.0102   0.0128   0.0153   0.0179   0.0205    0.023   0.0256   0.0281   0.0307   0.0332   0.0358   0.0384   0.0409   0.0435    0.046   0.0486   0.0512   0.0537   0.0563   0.0588   0.0614   0.0639   0.0665   0.0691   0.0716   0.0742   0.0767   0.0793   0.0818   0.0844    0.087   0.0895   0.0921   0.0946   0.0972   0.0997   0.1023   0.1049   0.1074     0.11   0.1125   0.1151   0.1176   0.1202   0.1228   0.1253   0.1279   0.1304    0.133   0.1355   0.1381   0.1407   0.1432   0.1458   0.1483   0.1509   0.1535    0.156   0.1586   0.1611   0.1637   0.1662   0.1688   0.1714   0.1739   0.1765    0.179   0.1816   0.1841   0.1867   0.1893   0.1918   0.1944   0.1969   0.1995    0.202   0.2046   0.2072   0.2097   0.2123   0.2148   0.2174   0.2199   0.2225   0.2251   0.2276   0.2302   0.2327   0.2353   0.2379   0.2404    0.243   0.2455   0.2481   0.2506   0.2532   0.2558   0.2583   0.2609   0.2634    0.266   0.2685   0.2711   0.2737   0.2762   0.2788   0.2813   0.2839   0.2864    0.289   0.2916   0.2941   0.2967   0.2992   0.3018   0.3043   0.3069   0.3095    0.312   0.3146   0.3171   0.3197   0.3223   0.3248   0.3274   0.3299   0.3325    0.335   0.3376   0.3402   0.3427   0.3453   0.3478   0.3504   0.3529   0.3555   0.3581   0.3606   0.3632   0.3657   0.3683   0.3708   0.3734    0.376   0.3785   0.3811   0.3836   0.3862   0.3887   0.3913   0.3939   0.3964    0.399   0.4015   0.4041   0.4066   0.4092   0.4118   0.4143   0.4169   0.4194    0.422   0.4246   0.4271   0.4297   0.4322   0.4348   0.4373   0.4399   0.4425    0.445   0.4476   0.4501   0.4527   0.4552   0.4578   0.4604   0.4629   0.4655    0.468   0.4706   0.4731   0.4757   0.4783   0.4808   0.4834   0.4859   0.4885    0.491   0.4936   0.4962   0.4987
    S      0.0   0.2295    0.132   0.0539   0.3367     0.06   0.3965   0.0172   0.1984   0.1364    0.258   0.3636   0.3296   0.1057   0.4888   0.0744   0.1892   0.0223   0.2649   0.1208   0.2938    0.123     0.03   0.2092   0.0877   0.2366   0.1743   0.0478    0.081   0.0831   0.2402   0.3136   0.1488    0.373   0.0761   0.0191   0.0674   0.2861   0.5564   0.0355    0.074   0.2622   0.0513   0.1106    0.544   0.2446    0.089   0.1289   0.1644   0.0989    0.074   0.1009   0.0818   0.0956   0.0533   0.2529   0.1074   0.1356   0.2359   0.0748   0.2688   0.6008   0.3705   0.6035   0.2147   0.1045   0.3333   0.0252   0.2579   0.3414   0.2381   0.1082    0.269   0.0581   0.1971   0.0347   0.1279   0.3914   0.0554   0.0385   0.1598   0.1996   0.0707   0.2079   0.0354   0.0862   0.0693   0.0324   0.1852   0.2038   0.1785    0.093   0.1436   0.1845    0.058   0.2533   0.0868   0.0666    0.475   0.2983   0.1269   0.1196    0.133   0.0928   0.0752   0.0079   0.1372   0.0495    0.057   0.0181   0.1383   0.1697   0.0743   0.1623   0.2326   0.1491   0.0612   0.0551   0.1005   0.1564   0.0974    0.076   0.8676   0.0589   0.0516   0.1404   0.1199   0.4907   0.8397   0.2685   0.3393   0.0926      1.0   0.0201   0.2471   0.3761   0.0842   0.0532   0.1793   0.0943   0.2724   0.3191   0.3255   0.2078   0.3566   0.0943   0.1171   0.0222   0.2008   0.0879   0.0916   0.1895   0.1006   0.1784   0.0162   0.5262   0.2557    0.678   0.0756   0.0121   0.0215   0.2521   0.0783   0.1182   0.2231   0.1297   0.0705   0.0682   0.0671   0.1972   0.2104   0.2142   0.1263   0.0749   0.2956   0.0228   0.0828    0.266   0.0268   0.2003   0.2692   0.7193   0.0735   0.1882   0.1049   0.1783   0.0826   0.1214   0.0668   0.0706   0.2673   0.2342   0.8441    0.346   0.0736   0.4667
  snr   -15.51
    H     4.95
 exon     True

M: snrse
 freq      0.0   0.0026   0.0051   0.0077   0.0102   0.0128   0.0153   0.0179   0.0205    0.023   0.0256   0.0281   0.0307   0.0332   0.0358   0.0384   0.0409   0.0435    0.046   0.0486   0.0512   0.0537   0.0563   0.0588   0.0614   0.0639   0.0665   0.0691   0.0716   0.0742   0.0767   0.0793   0.0818   0.0844    0.087   0.0895   0.0921   0.0946   0.0972   0.0997   0.1023   0.1049   0.1074     0.11   0.1125   0.1151   0.1176   0.1202   0.1228   0.1253   0.1279   0.1304    0.133   0.1355   0.1381   0.1407   0.1432   0.1458   0.1483   0.1509   0.1535    0.156   0.1586   0.1611   0.1637   0.1662   0.1688   0.1714   0.1739   0.1765    0.179   0.1816   0.1841   0.1867   0.1893   0.1918   0.1944   0.1969   0.1995    0.202   0.2046   0.2072   0.2097   0.2123   0.2148   0.2174   0.2199   0.2225   0.2251   0.2276   0.2302   0.2327   0.2353   0.2379   0.2404    0.243   0.2455   0.2481   0.2506   0.2532   0.2558   0.2583   0.2609   0.2634    0.266   0.2685   0.2711   0.2737   0.2762   0.2788   0.2813   0.2839   0.2864    0.289   0.2916   0.2941   0.2967   0.2992   0.3018   0.3043   0.3069   0.3095    0.312   0.3146   0.3171   0.3197   0.3223   0.3248   0.3274   0.3299   0.3325    0.335   0.3376   0.3402   0.3427   0.3453   0.3478   0.3504   0.3529   0.3555   0.3581   0.3606   0.3632   0.3657   0.3683   0.3708   0.3734    0.376   0.3785   0.3811   0.3836   0.3862   0.3887   0.3913   0.3939   0.3964    0.399   0.4015   0.4041   0.4066   0.4092   0.4118   0.4143   0.4169   0.4194    0.422   0.4246   0.4271   0.4297   0.4322   0.4348   0.4373   0.4399   0.4425    0.445   0.4476   0.4501   0.4527   0.4552   0.4578   0.4604   0.4629   0.4655    0.468   0.4706   0.4731   0.4757   0.4783   0.4808   0.4834   0.4859   0.4885    0.491   0.4936   0.4962   0.4987
    S      0.0   0.1397   0.2131   0.1941   0.0006   0.2271   0.0793   0.0232   0.4086   0.0635   0.0534   0.1776   0.3037   0.1875   0.1344   0.0855   0.1809   0.0544   0.3295   0.1122    0.073   0.0624   0.1562   0.1754   0.1035   0.1131   0.4095   0.0086   0.1428   0.0888   0.5143   0.0667   0.0944   0.0356   0.0456   0.0259   0.1688   0.1302    0.037    0.093   0.0474   0.1335   0.0363   0.4018   0.5166   0.2518   0.0342   0.0181   0.2683   0.2759   0.1087      0.1   0.2088   0.0821   0.0788   0.0824   0.0492   0.2428    0.135   0.0795   0.0284   0.2601   0.2027   0.1523   0.1286   0.0373    0.165   0.0142   0.0148   0.0394   0.0355    0.071    0.116   0.0854   0.2834   0.1388   0.0692   0.1945   0.1056   0.1123   0.4421   0.2851   0.0716    0.032   0.0371   0.3102   0.0583   0.2263   0.5468   0.0317   0.1657    0.117   0.1328   0.0238   0.0436   0.1354   0.0425   0.0518    0.183   0.1297   0.1819   0.1046   0.0279   0.1897   0.0674   0.1224   0.0563   0.2169   0.2385    0.031   0.0641   0.1226   0.0102    0.078    0.026   0.2358   0.1554    0.016   0.0544   0.1718   0.0438   0.1755   0.0826   0.0626    0.065   0.4514   0.1012   0.0803      1.0   0.1659   0.0775   0.1571   0.1306   0.1323   0.2726    0.103   0.1283    0.013   0.1196   0.0786   0.0773   0.1848   0.1178   0.2793   0.1409   0.0169   0.0385   0.0882   0.2022   0.0394   0.0582   0.1003   0.0143   0.1867   0.0439    0.022   0.2991   0.0521   0.2831   0.0113   0.0164   0.0629   0.1721   0.0203   0.1048   0.1016   0.0596    0.066   0.0915   0.1541   0.0564   0.1135   0.0115     0.34   0.7257   0.0276   0.0589   0.0483   0.0434    0.509   0.1401   0.1455   0.0108   0.0655   0.0498   0.0733   0.0952    0.062    0.069   0.0492   0.5779   0.0221   0.3659   0.0277   0.0445   0.0228
  snr   -14.06
    H     4.89
 exon     True