>data-XV-cerevisiae-intergenic-374
N: 421
Methods: voss, eiip, qpsk, mem, tbpse, snrse

M: voss
 freq      0.0   0.0024   0.0048   0.0071   0.0095   0.0119   0.0143   0.0166    0.019   0.0214   0.0238   0.0261   0.0285   0.0309   0.0333   0.0356    0.038   0.0404   0.0428   0.0451   0.0475   0.0499   0.0523   0.0546    0.057   0.0594   0.0618   0.0641   0.0665   0.0689   0.0713   0.0736    0.076   0.0784   0.0808   0.0831   0.0855   0.0879   0.0903   0.0926    0.095   0.0974   0.0998   0.1021   0.1045   0.1069   0.1093   0.1116    0.114   0.1164   0.1188   0.1211   0.1235   0.1259   0.1283   0.1306    0.133   0.1354   0.1378   0.1401   0.1425   0.1449   0.1473   0.1496    0.152   0.1544   0.1568   0.1591   0.1615   0.1639   0.1663   0.1686    0.171   0.1734   0.1758   0.1781   0.1805   0.1829   0.1853   0.1876     0.19   0.1924   0.1948   0.1971   0.1995   0.2019   0.2043   0.2067    0.209   0.2114   0.2138   0.2162   0.2185   0.2209   0.2233   0.2257    0.228   0.2304   0.2328   0.2352   0.2375   0.2399   0.2423   0.2447    0.247   0.2494   0.2518   0.2542   0.2565   0.2589   0.2613   0.2637    0.266   0.2684   0.2708   0.2732   0.2755   0.2779   0.2803   0.2827    0.285   0.2874   0.2898   0.2922   0.2945   0.2969   0.2993   0.3017    0.304   0.3064   0.3088   0.3112   0.3135   0.3159   0.3183   0.3207    0.323   0.3254   0.3278   0.3302   0.3325   0.3349   0.3373   0.3397    0.342   0.3444   0.3468   0.3492   0.3515   0.3539   0.3563   0.3587    0.361   0.3634   0.3658   0.3682   0.3705   0.3729   0.3753   0.3777     0.38   0.3824   0.3848   0.3872   0.3895   0.3919   0.3943   0.3967    0.399   0.4014   0.4038   0.4062   0.4086   0.4109   0.4133   0.4157   0.4181   0.4204   0.4228   0.4252   0.4276   0.4299   0.4323   0.4347   0.4371   0.4394   0.4418   0.4442   0.4466   0.4489   0.4513   0.4537   0.4561   0.4584   0.4608   0.4632   0.4656   0.4679   0.4703   0.4727   0.4751   0.4774   0.4798   0.4822   0.4846   0.4869   0.4893   0.4917   0.4941   0.4964   0.4988
    S      0.0   0.5475      1.0   0.8675   0.2651   0.4576   0.2323   0.6154   0.2272   0.0691   0.3046    0.219   0.5558   0.1428   0.1076   0.1301   0.4535   0.1313   0.5992   0.6304   0.1252   0.1686   0.1744   0.1044   0.4355   0.1289    0.133   0.0716   0.1193   0.1007   0.2705   0.2682    0.224   0.3294   0.3457   0.2352   0.1089   0.0933   0.1321   0.2421   0.2496   0.1375   0.1983   0.0434    0.123    0.123   0.1265   0.0851   0.2852   0.0579   0.1033   0.1356   0.0417   0.1255   0.0678   0.1135   0.2861      0.2   0.1185   0.1537   0.0294   0.1577   0.0609   0.0711   0.5068   0.4352   0.0948   0.2433   0.2492   0.1164   0.3553    0.305   0.1164   0.1379   0.1876    0.081   0.1857   0.0765   0.1183   0.0652   0.0974     0.09   0.0892   0.2241   0.1942   0.1023   0.2074    0.158   0.3097   0.1269     0.45   0.3014    0.112   0.0713   0.1663   0.3725   0.0871   0.1208    0.186   0.1381   0.0944   0.1409   0.1848   0.0291   0.3447   0.1364   0.2217    0.656   0.2617   0.1932    0.114   0.1786    0.119   0.0419     0.36   0.1041   0.1398   0.1823   0.2437   0.0385   0.2184   0.1853   0.2927   0.5449   0.1702   0.3874   0.4195    0.172   0.3118   0.1092   0.0951   0.0607   0.1196   0.1241   0.1959   0.0441   0.1084   0.0988   0.4499   0.2392   0.1208   0.0318   0.1411   0.1351   0.2537   0.1445   0.1191   0.3679   0.0274   0.1235   0.0477   0.0737   0.0769   0.0766   0.0669   0.1104   0.0905   0.2509   0.1443   0.1261     0.32   0.2423   0.2363   0.2539    0.108   0.1043   0.3532   0.2463    0.083   0.0425    0.167   0.0567   0.3776   0.2129   0.2625     0.17   0.0787   0.2035   0.3151   0.1134   0.0632   0.2066   0.0982   0.0782   0.2166    0.117   0.0752   0.1503   0.0978   0.3476   0.0699   0.1078   0.1009   0.4318   0.0578   0.2085   0.0689   0.1826   0.0649   0.1749   0.2303   0.1404   0.0753   0.0578   0.1113   0.2088   0.2927    0.406   0.0904   0.2812   0.1227
  snr   -16.01
    H     5.11
 exon    False

M: eiip
 freq      0.0   0.0024   0.0048   0.0071   0.0095   0.0119   0.0143   0.0166    0.019   0.0214   0.0238   0.0261   0.0285   0.0309   0.0333   0.0356    0.038   0.0404   0.0428   0.0451   0.0475   0.0499   0.0523   0.0546    0.057   0.0594   0.0618   0.0641   0.0665   0.0689   0.0713   0.0736    0.076   0.0784   0.0808   0.0831   0.0855   0.0879   0.0903   0.0926    0.095   0.0974   0.0998   0.1021   0.1045   0.1069   0.1093   0.1116    0.114   0.1164   0.1188   0.1211   0.1235   0.1259   0.1283   0.1306    0.133   0.1354   0.1378   0.1401   0.1425   0.1449   0.1473   0.1496    0.152   0.1544   0.1568   0.1591   0.1615   0.1639   0.1663   0.1686    0.171   0.1734   0.1758   0.1781   0.1805   0.1829   0.1853   0.1876     0.19   0.1924   0.1948   0.1971   0.1995   0.2019   0.2043   0.2067    0.209   0.2114   0.2138   0.2162   0.2185   0.2209   0.2233   0.2257    0.228   0.2304   0.2328   0.2352   0.2375   0.2399   0.2423   0.2447    0.247   0.2494   0.2518   0.2542   0.2565   0.2589   0.2613   0.2637    0.266   0.2684   0.2708   0.2732   0.2755   0.2779   0.2803   0.2827    0.285   0.2874   0.2898   0.2922   0.2945   0.2969   0.2993   0.3017    0.304   0.3064   0.3088   0.3112   0.3135   0.3159   0.3183   0.3207    0.323   0.3254   0.3278   0.3302   0.3325   0.3349   0.3373   0.3397    0.342   0.3444   0.3468   0.3492   0.3515   0.3539   0.3563   0.3587    0.361   0.3634   0.3658   0.3682   0.3705   0.3729   0.3753   0.3777     0.38   0.3824   0.3848   0.3872   0.3895   0.3919   0.3943   0.3967    0.399   0.4014   0.4038   0.4062   0.4086   0.4109   0.4133   0.4157   0.4181   0.4204   0.4228   0.4252   0.4276   0.4299   0.4323   0.4347   0.4371   0.4394   0.4418   0.4442   0.4466   0.4489   0.4513   0.4537   0.4561   0.4584   0.4608   0.4632   0.4656   0.4679   0.4703   0.4727   0.4751   0.4774   0.4798   0.4822   0.4846   0.4869   0.4893   0.4917   0.4941   0.4964   0.4988
    S      0.0   0.0265   0.2592   0.3487   0.3732   0.0019   0.0119   0.2924   0.5085   0.0886   0.8787   0.1457   0.6455   0.1377    0.269   0.0143   0.7345   0.0818   0.0998   0.0061   0.1405   0.2372   0.0966   0.0249   0.7787    0.141   0.1259   0.1164   0.0875   0.0158   0.1099   0.0328   0.0045   0.3434   0.1239   0.3787   0.0913   0.1851   0.0764   0.0152   0.5618   0.1279   0.3957   0.1193   0.1869   0.1073   0.0494   0.1105   0.0025    0.094   0.1937   0.1193   0.0723   0.0071   0.0774   0.0581   0.1259   0.3017    0.355   0.0568   0.0594   0.1141   0.0478   0.0165    0.908   0.6287   0.0777   0.0834   0.2786   0.0005   0.3361   0.2863   0.2744   0.2067   0.4253   0.1787   0.2057   0.0221   0.1109   0.0974    0.196   0.1707   0.1023   0.1681   0.1102   0.1487   0.1155   0.1668   0.4004   0.0404   0.1536   0.1902   0.0849   0.1747   0.0229   0.4808   0.0412   0.2788   0.0892   0.0555   0.0674   0.1547   0.0751   0.0004   0.0553   0.1191   0.1204   0.1905   0.2163   0.2102   0.1884   0.1632   0.0499   0.1175      1.0   0.1152   0.0556   0.2078   0.2711   0.0158   0.2398   0.0921   0.4954   0.1001   0.0928   0.0688   0.4037   0.2075      0.2    0.058   0.0425   0.0083   0.1415   0.0125   0.0055   0.0892   0.0233    0.025   0.0788   0.5991   0.0373   0.0232   0.2441   0.2668   0.4753   0.1134   0.0364   0.0678    0.038   0.0107   0.0358   0.0731   0.0516   0.1645   0.0082   0.1922   0.0662   0.3246   0.1628    0.012   0.5574   0.0793   0.4712   0.6552   0.1922   0.2192   0.3613   0.2263   0.0332   0.0047   0.1957   0.0614   0.1134    0.164   0.3164   0.0505   0.0197   0.2306   0.0073   0.0805   0.1023   0.2791   0.0637   0.0854   0.1971   0.1972   0.1648   0.1616   0.0273   0.2121   0.0414   0.0479   0.1265   0.0556   0.0433   0.0709   0.0561   0.2122   0.1475   0.0485   0.3891    0.053   0.0816   0.0394   0.1846   0.5054   0.0719   0.0594   0.0261   0.4405   0.0676
  snr   -15.42
    H     4.91
 exon    False

M: qpsk
 freq      0.0   0.0024   0.0048   0.0071   0.0095   0.0119   0.0143   0.0166    0.019   0.0214   0.0238   0.0261   0.0285   0.0309   0.0333   0.0356    0.038   0.0404   0.0428   0.0451   0.0475   0.0499   0.0523   0.0546    0.057   0.0594   0.0618   0.0641   0.0665   0.0689   0.0713   0.0736    0.076   0.0784   0.0808   0.0831   0.0855   0.0879   0.0903   0.0926    0.095   0.0974   0.0998   0.1021   0.1045   0.1069   0.1093   0.1116    0.114   0.1164   0.1188   0.1211   0.1235   0.1259   0.1283   0.1306    0.133   0.1354   0.1378   0.1401   0.1425   0.1449   0.1473   0.1496    0.152   0.1544   0.1568   0.1591   0.1615   0.1639   0.1663   0.1686    0.171   0.1734   0.1758   0.1781   0.1805   0.1829   0.1853   0.1876     0.19   0.1924   0.1948   0.1971   0.1995   0.2019   0.2043   0.2067    0.209   0.2114   0.2138   0.2162   0.2185   0.2209   0.2233   0.2257    0.228   0.2304   0.2328   0.2352   0.2375   0.2399   0.2423   0.2447    0.247   0.2494   0.2518   0.2542   0.2565   0.2589   0.2613   0.2637    0.266   0.2684   0.2708   0.2732   0.2755   0.2779   0.2803   0.2827    0.285   0.2874   0.2898   0.2922   0.2945   0.2969   0.2993   0.3017    0.304   0.3064   0.3088   0.3112   0.3135   0.3159   0.3183   0.3207    0.323   0.3254   0.3278   0.3302   0.3325   0.3349   0.3373   0.3397    0.342   0.3444   0.3468   0.3492   0.3515   0.3539   0.3563   0.3587    0.361   0.3634   0.3658   0.3682   0.3705   0.3729   0.3753   0.3777     0.38   0.3824   0.3848   0.3872   0.3895   0.3919   0.3943   0.3967    0.399   0.4014   0.4038   0.4062   0.4086   0.4109   0.4133   0.4157   0.4181   0.4204   0.4228   0.4252   0.4276   0.4299   0.4323   0.4347   0.4371   0.4394   0.4418   0.4442   0.4466   0.4489   0.4513   0.4537   0.4561   0.4584   0.4608   0.4632   0.4656   0.4679   0.4703   0.4727   0.4751   0.4774   0.4798   0.4822   0.4846   0.4869   0.4893   0.4917   0.4941   0.4964   0.4988
    S      0.0    0.541   0.9201   0.9408    0.143   0.4449   0.2224      1.0   0.1877   0.0924   0.5218    0.133   0.8906   0.2243    0.115   0.1844   0.7892    0.108   0.6429   0.5276   0.1907   0.2761   0.2336   0.1871   0.5451   0.1989   0.1395   0.0322   0.1986   0.1107    0.315   0.2944   0.2634    0.495   0.2231   0.2984   0.1567   0.0665   0.0623   0.2665   0.2682   0.1108   0.2605   0.0729   0.0651   0.1646   0.1642   0.0925   0.1673   0.0881    0.082   0.1116   0.0743   0.0739   0.1132   0.0658   0.0382   0.2142   0.1544   0.0836   0.0495   0.2651    0.107    0.108   0.6774   0.5695    0.112   0.0953   0.1887   0.0829   0.4626   0.2938   0.1929   0.1091   0.1583   0.0966   0.3219   0.0855   0.1437   0.0624   0.0455   0.1131   0.1219   0.3203   0.2653   0.0501   0.2535    0.148    0.435     0.13   0.3526   0.4297   0.0601   0.1142   0.1564   0.3096   0.1019   0.1933   0.3202   0.1649   0.1372   0.1421   0.0167    0.043   0.4706   0.1554   0.1279    0.705   0.3815   0.2478    0.183   0.0441   0.1893   0.0522   0.5542   0.1102   0.2311      0.3   0.2561   0.0624   0.3356   0.2563   0.5006   0.4165   0.2434   0.3275   0.7537   0.2151   0.5553   0.1687   0.1011    0.053   0.1012   0.2229   0.2133    0.077   0.1791   0.1742   0.7872   0.4236   0.1481   0.0364   0.2452   0.0739   0.3521   0.0556   0.1641   0.2662   0.0436   0.2209   0.0771   0.0854   0.0835   0.1217   0.1151   0.0316   0.1114   0.2169   0.2395   0.0941   0.4199   0.1938   0.2586   0.2081   0.1871   0.1676   0.5522   0.2769   0.1073   0.0717   0.2463    0.066   0.3515   0.2951   0.3799   0.2979   0.1025    0.201   0.4871   0.1219   0.0859    0.198   0.1356   0.1077   0.3741   0.1888   0.0722   0.1638   0.1475   0.6074   0.0523   0.1063   0.1086   0.3416   0.0882   0.1505   0.0705   0.3131   0.0607    0.264   0.4066   0.1513   0.0348   0.0708   0.0328   0.3098   0.4617   0.3202   0.0444   0.4409   0.1744
  snr   -16.75
    H     5.07
 exon    False

M: mem
 freq      0.0   0.0024   0.0048   0.0071   0.0095   0.0119   0.0143   0.0167    0.019   0.0214   0.0238   0.0262   0.0286    0.031   0.0333   0.0357   0.0381   0.0405   0.0429   0.0452   0.0476     0.05   0.0524   0.0548   0.0571   0.0595   0.0619   0.0643   0.0667    0.069   0.0714   0.0738   0.0762   0.0786    0.081   0.0833   0.0857   0.0881   0.0905   0.0929   0.0952   0.0976      0.1   0.1024   0.1048   0.1071   0.1095   0.1119   0.1143   0.1167    0.119   0.1214   0.1238   0.1262   0.1286    0.131   0.1333   0.1357   0.1381   0.1405   0.1429   0.1452   0.1476     0.15   0.1524   0.1548   0.1571   0.1595   0.1619   0.1643   0.1667    0.169   0.1714   0.1738   0.1762   0.1786    0.181   0.1833   0.1857   0.1881   0.1905   0.1929   0.1952   0.1976      0.2   0.2024   0.2048   0.2071   0.2095   0.2119   0.2143   0.2167    0.219   0.2214   0.2238   0.2262   0.2286    0.231   0.2333   0.2357   0.2381   0.2405   0.2429   0.2452   0.2476     0.25   0.2524   0.2548   0.2571   0.2595   0.2619   0.2643   0.2667    0.269   0.2714   0.2738   0.2762   0.2786    0.281   0.2833   0.2857   0.2881   0.2905   0.2929   0.2952   0.2976      0.3   0.3024   0.3048   0.3071   0.3095   0.3119   0.3143   0.3167    0.319   0.3214   0.3238   0.3262   0.3286    0.331   0.3333   0.3357   0.3381   0.3405   0.3429   0.3452   0.3476     0.35   0.3524   0.3548   0.3571   0.3595   0.3619   0.3643   0.3667    0.369   0.3714   0.3738   0.3762   0.3786    0.381   0.3833   0.3857   0.3881   0.3905   0.3929   0.3952   0.3976      0.4   0.4024   0.4048   0.4071   0.4095   0.4119   0.4143   0.4167    0.419   0.4214   0.4238   0.4262   0.4286    0.431   0.4333   0.4357   0.4381   0.4405   0.4429   0.4452   0.4476     0.45   0.4524   0.4548   0.4571   0.4595   0.4619   0.4643   0.4667    0.469   0.4714   0.4738   0.4762   0.4786    0.481   0.4833   0.4857   0.4881   0.4905   0.4929   0.4952   0.4976
    S      0.0   0.3905      1.0   0.6107   0.0785   0.3569   0.1721   0.3766   0.0049   0.0067   0.1092   0.1548    0.357   0.0685   0.0132   0.0238   0.2578   0.0424   0.6281   0.4887   0.0998   0.1575   0.0162   0.0012   0.0039   0.0121   0.0133   0.0196   0.0025   0.0406   0.1073   0.1358   0.1828   0.1778    0.229   0.0636   0.1066   0.0155   0.0615    0.139     0.06   0.0837   0.0954   0.0023   0.0391   0.0108   0.0844   0.0147   0.2528   0.0363   0.0078   0.0514   0.0013   0.0715   0.0775   0.0418    0.143   0.0093   0.0185   0.1092   0.0276   0.0075   0.0005   0.0451    0.206   0.3442   0.1108   0.0733   0.0686   0.0706   0.0588   0.1786   0.0861   0.0328    0.054   0.0067   0.0287   0.0877   0.0254   0.0089   0.0391   0.0027     0.01   0.1282   0.0394    0.064   0.1041   0.0692   0.0727   0.1493    0.104   0.1891   0.1505   0.0118    0.075   0.1402   0.0623   0.0141    0.026   0.0276   0.0206   0.0012   0.0979   0.0419   0.1133   0.1242    0.076   0.3236   0.0912   0.0153    0.084   0.0487   0.0343   0.0015   0.1184   0.1203   0.0742   0.0246   0.0499   0.0257   0.0904    0.079   0.0097   0.4544   0.4414   0.1586   0.2308   0.0084   0.1046   0.0208   0.0111   0.1194   0.0055   0.0011   0.1101   0.0032   0.0113    0.018   0.1232   0.0993   0.0489    0.084   0.0624    0.004   0.0626   0.1461   0.0598   0.2409   0.0261   0.0145   0.0086   0.0152   0.0592   0.0153   0.0087   0.0515   0.0553   0.0183    0.134   0.0025   0.0726   0.1874   0.0164   0.0278    0.058   0.3327   0.0267   0.2283    0.027   0.0035   0.0124   0.1845   0.1471    0.132   0.1372   0.0469   0.0088   0.0398     0.08   0.0192   0.0273   0.0047   0.0064   0.0275   0.1403   0.0294   0.0392   0.1402   0.0113   0.1114   0.0088   0.0397   0.1945   0.2988   0.1125   0.0683   0.0315   0.0991   0.0469   0.1006   0.1018    0.007   0.0191    0.047   0.0351    0.015   0.2291    0.076   0.0514   0.0136
  snr   -12.69
    H     4.76
 exon    False

M: tbpse
 freq      0.0   0.0024   0.0048   0.0071   0.0095   0.0119   0.0143   0.0166    0.019   0.0214   0.0238   0.0261   0.0285   0.0309   0.0333   0.0356    0.038   0.0404   0.0428   0.0451   0.0475   0.0499   0.0523   0.0546    0.057   0.0594   0.0618   0.0641   0.0665   0.0689   0.0713   0.0736    0.076   0.0784   0.0808   0.0831   0.0855   0.0879   0.0903   0.0926    0.095   0.0974   0.0998   0.1021   0.1045   0.1069   0.1093   0.1116    0.114   0.1164   0.1188   0.1211   0.1235   0.1259   0.1283   0.1306    0.133   0.1354   0.1378   0.1401   0.1425   0.1449   0.1473   0.1496    0.152   0.1544   0.1568   0.1591   0.1615   0.1639   0.1663   0.1686    0.171   0.1734   0.1758   0.1781   0.1805   0.1829   0.1853   0.1876     0.19   0.1924   0.1948   0.1971   0.1995   0.2019   0.2043   0.2067    0.209   0.2114   0.2138   0.2162   0.2185   0.2209   0.2233   0.2257    0.228   0.2304   0.2328   0.2352   0.2375   0.2399   0.2423   0.2447    0.247   0.2494   0.2518   0.2542   0.2565   0.2589   0.2613   0.2637    0.266   0.2684   0.2708   0.2732   0.2755   0.2779   0.2803   0.2827    0.285   0.2874   0.2898   0.2922   0.2945   0.2969   0.2993   0.3017    0.304   0.3064   0.3088   0.3112   0.3135   0.3159   0.3183   0.3207    0.323   0.3254   0.3278   0.3302   0.3325   0.3349   0.3373   0.3397    0.342   0.3444   0.3468   0.3492   0.3515   0.3539   0.3563   0.3587    0.361   0.3634   0.3658   0.3682   0.3705   0.3729   0.3753   0.3777     0.38   0.3824   0.3848   0.3872   0.3895   0.3919   0.3943   0.3967    0.399   0.4014   0.4038   0.4062   0.4086   0.4109   0.4133   0.4157   0.4181   0.4204   0.4228   0.4252   0.4276   0.4299   0.4323   0.4347   0.4371   0.4394   0.4418   0.4442   0.4466   0.4489   0.4513   0.4537   0.4561   0.4584   0.4608   0.4632   0.4656   0.4679   0.4703   0.4727   0.4751   0.4774   0.4798   0.4822   0.4846   0.4869   0.4893   0.4917   0.4941   0.4964   0.4988
    S      0.0   0.2191   0.6553    0.223   0.0653   0.2177   0.3997   0.5386   0.0464   0.1845   0.0475   0.2619   0.2092   0.1129   0.1482   0.1301   0.1586   0.0652     0.15   0.2125   0.0254   0.0227   0.1298   0.2649   0.1046   0.3098   0.1777   0.0573   0.1768   0.1113   0.1278   0.4199   0.1163    0.127   0.6565   0.1511   0.1138   0.0784   0.1833   0.1239   0.1108   0.2024   0.2233   0.0037   0.0666    0.151   0.0378   0.1277   0.1143   0.0191   0.1379   0.3178   0.0384   0.2797   0.0302   0.2949   0.4051   0.0459   0.0444   0.1929   0.0247    0.456   0.1051   0.1951   0.0718   0.1591   0.0372   0.1235   0.1013   0.1973   0.2151   0.4206   0.0491   0.1219   0.0597   0.0069   0.4039    0.037   0.1032   0.0308   0.0956   0.1219   0.0422   0.1778   0.1314   0.1984   0.2236   0.0661   0.4121   0.2877    0.988   0.2722    0.098   0.0081   0.2864   0.2353   0.0879   0.1015   0.3021   0.3499   0.2938    0.057   0.2796   0.0553   0.9075   0.0688    0.114      1.0   0.2327   0.3179   0.2564   0.1712   0.1342   0.0376   0.2888   0.0557   0.2075   0.0675   0.1435   0.0759   0.2247   0.1061   0.2152   0.3038   0.0785   0.2986   0.5917   0.0797   0.5146   0.3655   0.0915   0.0201   0.0399   0.2834   0.0856   0.0169   0.2527   0.1925   0.8906    0.022   0.4211   0.0136   0.0179   0.0812    0.251   0.2359   0.0852   0.3175   0.0181   0.2744    0.069   0.0569   0.0989   0.0126   0.2066   0.1862   0.0573   0.0586   0.2043   0.1329   0.4563   0.4459    0.175   0.2438   0.0438   0.0105   0.1783   0.1225   0.0542   0.0731   0.1364   0.0718   0.1445   0.4452   0.3808   0.3213   0.1176   0.2144   0.4467   0.1549   0.0872   0.5475   0.1202   0.0983   0.2044    0.124   0.0202   0.0256   0.0768   0.4728   0.0931   0.2216   0.0906   0.3443   0.1339    0.353   0.1738   0.0942   0.0187   0.1536   0.1431    0.294   0.1431   0.0586   0.1109   0.0155   0.3757   0.2187   0.2185   0.1809    0.392
  snr   -15.89
    H     5.01
 exon    False

M: snrse
 freq      0.0   0.0024   0.0048   0.0071   0.0095   0.0119   0.0143   0.0166    0.019   0.0214   0.0238   0.0261   0.0285   0.0309   0.0333   0.0356    0.038   0.0404   0.0428   0.0451   0.0475   0.0499   0.0523   0.0546    0.057   0.0594   0.0618   0.0641   0.0665   0.0689   0.0713   0.0736    0.076   0.0784   0.0808   0.0831   0.0855   0.0879   0.0903   0.0926    0.095   0.0974   0.0998   0.1021   0.1045   0.1069   0.1093   0.1116    0.114   0.1164   0.1188   0.1211   0.1235   0.1259   0.1283   0.1306    0.133   0.1354   0.1378   0.1401   0.1425   0.1449   0.1473   0.1496    0.152   0.1544   0.1568   0.1591   0.1615   0.1639   0.1663   0.1686    0.171   0.1734   0.1758   0.1781   0.1805   0.1829   0.1853   0.1876     0.19   0.1924   0.1948   0.1971   0.1995   0.2019   0.2043   0.2067    0.209   0.2114   0.2138   0.2162   0.2185   0.2209   0.2233   0.2257    0.228   0.2304   0.2328   0.2352   0.2375   0.2399   0.2423   0.2447    0.247   0.2494   0.2518   0.2542   0.2565   0.2589   0.2613   0.2637    0.266   0.2684   0.2708   0.2732   0.2755   0.2779   0.2803   0.2827    0.285   0.2874   0.2898   0.2922   0.2945   0.2969   0.2993   0.3017    0.304   0.3064   0.3088   0.3112   0.3135   0.3159   0.3183   0.3207    0.323   0.3254   0.3278   0.3302   0.3325   0.3349   0.3373   0.3397    0.342   0.3444   0.3468   0.3492   0.3515   0.3539   0.3563   0.3587    0.361   0.3634   0.3658   0.3682   0.3705   0.3729   0.3753   0.3777     0.38   0.3824   0.3848   0.3872   0.3895   0.3919   0.3943   0.3967    0.399   0.4014   0.4038   0.4062   0.4086   0.4109   0.4133   0.4157   0.4181   0.4204   0.4228   0.4252   0.4276   0.4299   0.4323   0.4347   0.4371   0.4394   0.4418   0.4442   0.4466   0.4489   0.4513   0.4537   0.4561   0.4584   0.4608   0.4632   0.4656   0.4679   0.4703   0.4727   0.4751   0.4774   0.4798   0.4822   0.4846   0.4869   0.4893   0.4917   0.4941   0.4964   0.4988
    S      0.0   0.1833      1.0   0.3005   0.0481   0.1848    0.221   0.0938   0.0045   0.0229   0.0721   0.1873   0.3136    0.014   0.0213   0.0008   0.2306   0.0327   0.3457    0.288   0.0819   0.1073   0.0021   0.0282    0.032   0.0459   0.0382   0.0202   0.0309   0.0385   0.0262   0.1749     0.04   0.2314   0.3407   0.0122   0.0971   0.0316   0.0929   0.0363   0.0623   0.0981   0.0242   0.0119   0.0416   0.0184   0.0524    0.035    0.179   0.0406   0.0291   0.0538   0.0123   0.1382    0.033   0.0767   0.2162   0.0043   0.0108   0.1437   0.0027   0.0247   0.0237   0.0438   0.1782   0.1291   0.0367   0.1044   0.0497   0.1132   0.0201   0.2528   0.0519   0.0271   0.0361   0.0088   0.0245    0.061   0.0037   0.0021   0.0218   0.0433   0.0328   0.1688   0.0198   0.0344    0.198   0.1042   0.1709    0.131   0.3365   0.2465     0.07   0.0196   0.1947     0.16   0.0814   0.0077   0.0175   0.1079   0.0189   0.0161   0.1472   0.0077    0.272   0.0372   0.1505   0.4567   0.1179   0.0362   0.0044   0.0928   0.0208   0.0065   0.0504   0.0524   0.0183   0.1052   0.0249   0.0159   0.0127   0.1065   0.1597   0.3777   0.0549   0.3986   0.0599   0.0544    0.058   0.0317   0.0108   0.0412   0.0368    0.007   0.0461    0.018    0.064   0.0004   0.0217   0.1039   0.0637   0.0021    0.074   0.0296   0.1438   0.0754   0.0107   0.3524   0.0053   0.0214   0.0242   0.0017   0.0667   0.0225    0.024   0.0356   0.0049   0.0556   0.0031   0.0611   0.0873    0.245   0.1005    0.011   0.0637   0.0532   0.1927   0.1615   0.0063   0.0053   0.0221   0.0272   0.3117   0.1411   0.1249   0.0406   0.0352   0.0128   0.0174   0.0123   0.0144   0.0806   0.0012   0.0071   0.0779   0.0363   0.0191   0.0701   0.0148   0.1004   0.0568     0.04    0.025   0.4428   0.0302   0.2096    0.051   0.0561   0.0033   0.0226   0.1278   0.0569   0.0507   0.0016   0.0325   0.0615     0.01   0.1413   0.0734   0.0481   0.0531
  snr   -12.25
    H     4.77
 exon    False