>data-XIV-cerevisiae-intergenic-40
N: 379
Methods: voss, eiip, qpsk, mem, alg1, alg2

M: voss
 freq      0.0   0.0026   0.0053   0.0079   0.0106   0.0132   0.0158   0.0185   0.0211   0.0237   0.0264    0.029   0.0317   0.0343   0.0369   0.0396   0.0422   0.0449   0.0475   0.0501   0.0528   0.0554    0.058   0.0607   0.0633    0.066   0.0686   0.0712   0.0739   0.0765   0.0792   0.0818   0.0844   0.0871   0.0897   0.0923    0.095   0.0976   0.1003   0.1029   0.1055   0.1082   0.1108   0.1135   0.1161   0.1187   0.1214    0.124   0.1266   0.1293   0.1319   0.1346   0.1372   0.1398   0.1425   0.1451   0.1478   0.1504    0.153   0.1557   0.1583   0.1609   0.1636   0.1662   0.1689   0.1715   0.1741   0.1768   0.1794   0.1821   0.1847   0.1873     0.19   0.1926   0.1953   0.1979   0.2005   0.2032   0.2058   0.2084   0.2111   0.2137   0.2164    0.219   0.2216   0.2243   0.2269   0.2296   0.2322   0.2348   0.2375   0.2401   0.2427   0.2454    0.248   0.2507   0.2533   0.2559   0.2586   0.2612   0.2639   0.2665   0.2691   0.2718   0.2744    0.277   0.2797   0.2823    0.285   0.2876   0.2902   0.2929   0.2955   0.2982   0.3008   0.3034   0.3061   0.3087   0.3113    0.314   0.3166   0.3193   0.3219   0.3245   0.3272   0.3298   0.3325   0.3351   0.3377   0.3404    0.343   0.3456   0.3483   0.3509   0.3536   0.3562   0.3588   0.3615   0.3641   0.3668   0.3694    0.372   0.3747   0.3773   0.3799   0.3826   0.3852   0.3879   0.3905   0.3931   0.3958   0.3984   0.4011   0.4037   0.4063    0.409   0.4116   0.4142   0.4169   0.4195   0.4222   0.4248   0.4274   0.4301   0.4327   0.4354    0.438   0.4406   0.4433   0.4459   0.4485   0.4512   0.4538   0.4565   0.4591   0.4617   0.4644    0.467   0.4697   0.4723   0.4749   0.4776   0.4802   0.4828   0.4855   0.4881   0.4908   0.4934    0.496   0.4987
    S      0.0   0.3223      1.0   0.3514   0.4511   0.2294   0.0995   0.4218   0.6536   0.4862   0.2211    0.517   0.0755    0.145   0.5623   0.2139   0.6642    0.415   0.2399   0.4045   0.1517   0.1779   0.4311   0.2704   0.1207   0.1083    0.495   0.2348    0.609   0.1736   0.1105   0.3613   0.3852   0.6885   0.1404   0.0428   0.4349   0.2616   0.1475   0.3093   0.2214   0.5341   0.3575   0.0908    0.243   0.1431   0.4964   0.2371   0.0523   0.3636     0.17    0.563   0.5009   0.0671   0.4251   0.2745   0.2612   0.1815   0.1701    0.417   0.0684   0.0912   0.0416   0.9201   0.0852   0.3073   0.0755   0.3111   0.1933   0.1033   0.1367   0.3927   0.4757   0.1929   0.3963   0.2034   0.4832   0.2418   0.2437   0.1506    0.262    0.332   0.1226   0.3791   0.4329   0.1635   0.4039   0.2017   0.2941   0.3389   0.2517   0.2554   0.2235   0.2415   0.2697   0.2913   0.3351   0.1248   0.2466    0.183   0.5235   0.5284   0.4459   0.4728    0.317   0.0692   0.4281   0.4252   0.0912   0.2139   0.0648   0.2833   0.4669   0.4127    0.565   0.2953   0.2315   0.4103   0.2945   0.2472   0.3437   0.6002   0.6789   0.3434   0.2471   0.0324   0.3968   0.0697   0.1974    0.402   0.2292   0.1276   0.4955   0.1581   0.4187   0.4561   0.6523   0.2457   0.1697   0.2046    0.303    0.417   0.2188   0.2384   0.2398   0.4634    0.136   0.2547   0.3395   0.4056   0.1986   0.3648   0.2315   0.2908   0.2952   0.2856   0.2911   0.4038   0.2768   0.0702   0.4075   0.3091   0.2377   0.2578   0.3597   0.1945   0.3538   0.3317   0.0321   0.6394   0.3524   0.5811   0.1685   0.3037   0.4293   0.4425   0.3452   0.4667   0.1369   0.2403   0.3898    0.141   0.0629   0.1834   0.4202    0.327   0.1964   0.4323   0.1333   0.3414
  snr   -17.53
    H      5.1
 exon    False

M: eiip
 freq      0.0   0.0026   0.0053   0.0079   0.0106   0.0132   0.0158   0.0185   0.0211   0.0237   0.0264    0.029   0.0317   0.0343   0.0369   0.0396   0.0422   0.0449   0.0475   0.0501   0.0528   0.0554    0.058   0.0607   0.0633    0.066   0.0686   0.0712   0.0739   0.0765   0.0792   0.0818   0.0844   0.0871   0.0897   0.0923    0.095   0.0976   0.1003   0.1029   0.1055   0.1082   0.1108   0.1135   0.1161   0.1187   0.1214    0.124   0.1266   0.1293   0.1319   0.1346   0.1372   0.1398   0.1425   0.1451   0.1478   0.1504    0.153   0.1557   0.1583   0.1609   0.1636   0.1662   0.1689   0.1715   0.1741   0.1768   0.1794   0.1821   0.1847   0.1873     0.19   0.1926   0.1953   0.1979   0.2005   0.2032   0.2058   0.2084   0.2111   0.2137   0.2164    0.219   0.2216   0.2243   0.2269   0.2296   0.2322   0.2348   0.2375   0.2401   0.2427   0.2454    0.248   0.2507   0.2533   0.2559   0.2586   0.2612   0.2639   0.2665   0.2691   0.2718   0.2744    0.277   0.2797   0.2823    0.285   0.2876   0.2902   0.2929   0.2955   0.2982   0.3008   0.3034   0.3061   0.3087   0.3113    0.314   0.3166   0.3193   0.3219   0.3245   0.3272   0.3298   0.3325   0.3351   0.3377   0.3404    0.343   0.3456   0.3483   0.3509   0.3536   0.3562   0.3588   0.3615   0.3641   0.3668   0.3694    0.372   0.3747   0.3773   0.3799   0.3826   0.3852   0.3879   0.3905   0.3931   0.3958   0.3984   0.4011   0.4037   0.4063    0.409   0.4116   0.4142   0.4169   0.4195   0.4222   0.4248   0.4274   0.4301   0.4327   0.4354    0.438   0.4406   0.4433   0.4459   0.4485   0.4512   0.4538   0.4565   0.4591   0.4617   0.4644    0.467   0.4697   0.4723   0.4749   0.4776   0.4802   0.4828   0.4855   0.4881   0.4908   0.4934    0.496   0.4987
    S      0.0   0.1383   0.4102   0.1617   0.1194   0.2413   0.0297   0.0164     0.52   0.3232   0.2238   0.0424   0.1291   0.1029   0.1284   0.0196   0.1399    0.564   0.0892   0.3601   0.0064   0.1407   0.8658   0.1422   0.0656   0.1728    0.141   0.2369   0.4201   0.0301   0.1701   0.1585   0.1237   0.1286    0.041   0.0975   0.5439   0.5571   0.0455   0.1967   0.1044   0.2429   0.3735   0.1501   0.3535   0.1022   0.2674   0.0976   0.0096   0.0659   0.0213   0.9665   0.7558   0.0633   0.4262   0.4656   0.1891   0.0245   0.1063   0.0498   0.0039   0.0188   0.0374   0.7138   0.0861   0.1224   0.0052   0.2509   0.0505   0.0609   0.2186   0.1079   0.7071   0.2307   0.1291   0.1458      0.5   0.3446   0.0021   0.0722   0.0222   0.5253   0.0369   0.1707   0.0638   0.2031   0.0499   0.0269   0.2772   0.1945   0.2811   0.2744   0.2057    0.258    0.329   0.2091   0.5105   0.0143   0.1726   0.0603    0.187   0.5189   0.0585   0.1633   0.2094   0.0018   0.7277   0.0632   0.0275   0.0836   0.0203   0.0586      1.0   0.1181   0.1609   0.1597    0.112   0.8049   0.0591   0.0183   0.0957   0.5209   0.7506   0.2854   0.0848   0.0038   0.3586   0.0823   0.0276   0.4383    0.011   0.0177   0.5875   0.1077   0.0031   0.5462   0.4005   0.0266   0.0485   0.3074   0.4257     0.44   0.1367   0.5603   0.2002   0.2299   0.1423   0.1766   0.0864   0.0977   0.2044   0.0075   0.0156   0.4074   0.2466   0.0799   0.1786    0.354   0.3694   0.0238   0.3082   0.0493   0.0344   0.0471   0.3643   0.2161   0.1261   0.7202   0.0123   0.4956   0.6115    0.112   0.3316   0.0026   0.1449   0.2785   0.2944   0.1944   0.1378   0.1326   0.0498   0.1597   0.0427   0.3016   0.5105   0.7139   0.2439   0.0329   0.1164   0.0177
  snr   -16.02
    H     4.81
 exon    False

M: qpsk
 freq      0.0   0.0026   0.0053   0.0079   0.0106   0.0132   0.0158   0.0185   0.0211   0.0237   0.0264    0.029   0.0317   0.0343   0.0369   0.0396   0.0422   0.0449   0.0475   0.0501   0.0528   0.0554    0.058   0.0607   0.0633    0.066   0.0686   0.0712   0.0739   0.0765   0.0792   0.0818   0.0844   0.0871   0.0897   0.0923    0.095   0.0976   0.1003   0.1029   0.1055   0.1082   0.1108   0.1135   0.1161   0.1187   0.1214    0.124   0.1266   0.1293   0.1319   0.1346   0.1372   0.1398   0.1425   0.1451   0.1478   0.1504    0.153   0.1557   0.1583   0.1609   0.1636   0.1662   0.1689   0.1715   0.1741   0.1768   0.1794   0.1821   0.1847   0.1873     0.19   0.1926   0.1953   0.1979   0.2005   0.2032   0.2058   0.2084   0.2111   0.2137   0.2164    0.219   0.2216   0.2243   0.2269   0.2296   0.2322   0.2348   0.2375   0.2401   0.2427   0.2454    0.248   0.2507   0.2533   0.2559   0.2586   0.2612   0.2639   0.2665   0.2691   0.2718   0.2744    0.277   0.2797   0.2823    0.285   0.2876   0.2902   0.2929   0.2955   0.2982   0.3008   0.3034   0.3061   0.3087   0.3113    0.314   0.3166   0.3193   0.3219   0.3245   0.3272   0.3298   0.3325   0.3351   0.3377   0.3404    0.343   0.3456   0.3483   0.3509   0.3536   0.3562   0.3588   0.3615   0.3641   0.3668   0.3694    0.372   0.3747   0.3773   0.3799   0.3826   0.3852   0.3879   0.3905   0.3931   0.3958   0.3984   0.4011   0.4037   0.4063    0.409   0.4116   0.4142   0.4169   0.4195   0.4222   0.4248   0.4274   0.4301   0.4327   0.4354    0.438   0.4406   0.4433   0.4459   0.4485   0.4512   0.4538   0.4565   0.4591   0.4617   0.4644    0.467   0.4697   0.4723   0.4749   0.4776   0.4802   0.4828   0.4855   0.4881   0.4908   0.4934    0.496   0.4987
    S      0.0   0.2979      1.0    0.308   0.2875   0.2061   0.0822   0.2406   0.6601   0.3224   0.2516   0.2777   0.0676   0.1064   0.5285   0.1881    0.431   0.4496   0.1355   0.1736   0.0976   0.1251   0.2316    0.117   0.0941   0.0915   0.1307   0.2692   0.5543   0.0213   0.1094   0.3005   0.2215   0.7422   0.1197   0.0364   0.2478   0.1752   0.1326   0.2904   0.1887   0.5488   0.3766     0.05   0.0377   0.1565   0.4596   0.2444   0.0408    0.195   0.0362   0.3711   0.5692   0.0488   0.0322   0.2052   0.2406   0.1803   0.0409   0.4041   0.0723   0.0293   0.0189   0.7602   0.0912   0.2223   0.0642   0.2533   0.1552   0.0556   0.1071   0.1726   0.1767   0.0941   0.2503   0.2127   0.4591    0.106   0.1312   0.0242   0.2803   0.3778   0.1097   0.2437   0.4115    0.188   0.4006   0.0799    0.262   0.3091   0.2648   0.0845     0.18   0.0666   0.3112    0.226   0.1462   0.1099    0.162   0.1364   0.3051   0.6062   0.4813    0.351   0.3391   0.0737   0.4337   0.4695   0.0664   0.1792   0.0515   0.1563   0.4814   0.2474   0.3992   0.1818   0.1967   0.4581   0.0481   0.2114   0.3336   0.4934   0.7282   0.2912   0.2442   0.0135   0.1635   0.0311   0.1761   0.2161    0.131   0.1237   0.4131   0.0938   0.2082     0.51   0.5861     0.14   0.0764   0.1206   0.2069   0.3402   0.1947   0.1957   0.2585   0.4496   0.0203   0.1262   0.1093   0.3512    0.073    0.307   0.1162   0.1405   0.1041   0.2958   0.1481   0.1803   0.2119   0.0362   0.2319   0.2011   0.1605   0.1696   0.2181    0.139   0.2774    0.258   0.0309   0.3125     0.35   0.3585   0.1526   0.1154    0.366   0.3919   0.2927   0.5358   0.0416   0.2539   0.0841   0.1094   0.0413   0.1099   0.4652   0.3418    0.104   0.4269   0.0915   0.2914
  snr   -16.33
    H      5.0
 exon    False

M: mem
 freq      0.0   0.0026   0.0053   0.0079   0.0106   0.0132   0.0159   0.0185   0.0212   0.0238   0.0265   0.0291   0.0317   0.0344    0.037   0.0397   0.0423    0.045   0.0476   0.0503   0.0529   0.0556   0.0582   0.0608   0.0635   0.0661   0.0688   0.0714   0.0741   0.0767   0.0794    0.082   0.0847   0.0873   0.0899   0.0926   0.0952   0.0979   0.1005   0.1032   0.1058   0.1085   0.1111   0.1138   0.1164    0.119   0.1217   0.1243    0.127   0.1296   0.1323   0.1349   0.1376   0.1402   0.1429   0.1455   0.1481   0.1508   0.1534   0.1561   0.1587   0.1614    0.164   0.1667   0.1693    0.172   0.1746   0.1772   0.1799   0.1825   0.1852   0.1878   0.1905   0.1931   0.1958   0.1984   0.2011   0.2037   0.2063    0.209   0.2116   0.2143   0.2169   0.2196   0.2222   0.2249   0.2275   0.2302   0.2328   0.2354   0.2381   0.2407   0.2434    0.246   0.2487   0.2513    0.254   0.2566   0.2593   0.2619   0.2646   0.2672   0.2698   0.2725   0.2751   0.2778   0.2804   0.2831   0.2857   0.2884    0.291   0.2937   0.2963   0.2989   0.3016   0.3042   0.3069   0.3095   0.3122   0.3148   0.3175   0.3201   0.3228   0.3254    0.328   0.3307   0.3333    0.336   0.3386   0.3413   0.3439   0.3466   0.3492   0.3519   0.3545   0.3571   0.3598   0.3624   0.3651   0.3677   0.3704    0.373   0.3757   0.3783    0.381   0.3836   0.3862   0.3889   0.3915   0.3942   0.3968   0.3995   0.4021   0.4048   0.4074   0.4101   0.4127   0.4153    0.418   0.4206   0.4233   0.4259   0.4286   0.4312   0.4339   0.4365   0.4392   0.4418   0.4444   0.4471   0.4497   0.4524    0.455   0.4577   0.4603    0.463   0.4656   0.4683   0.4709   0.4735   0.4762   0.4788   0.4815   0.4841   0.4868   0.4894   0.4921   0.4947   0.4974
    S      0.0    0.005    0.088   0.0525   0.0167   0.1495   0.0648   0.0514   0.1012   0.2286   0.1965   0.0629   0.0368    0.011   0.3891   0.0487   0.1244   0.0176   0.0801   0.0455   0.1252   0.0941   0.0137   0.0822   0.1242   0.0065   0.1807   0.0089   0.5121   0.0166    0.019   0.2204   0.0322   0.5664   0.0588   0.0014   0.0166   0.0434   0.0697   0.2848   0.0013    0.456   0.2296   0.0102   0.0085   0.2102   0.0923   0.0795   0.1196   0.0266   0.0535   0.0152   0.1264   0.0427   0.0038   0.0099   0.1709   0.1077    0.029   0.1285   0.0593   0.0244   0.0347    0.681    0.082   0.2127   0.1748   0.2131   0.1769   0.0366   0.1131   0.0411    0.126   0.0331   0.0493   0.0241   0.0525   0.0539   0.1344   0.0211   0.3021   0.0644   0.0823   0.3941   0.3689    0.006   0.1468   0.0677   0.0195    0.226   0.1105   0.0171   0.1316   0.0175   0.0721   0.1211   0.0647   0.0238     0.23   0.0402   0.0767   0.2256      1.0   0.0318   0.1277   0.1322   0.0229   0.4896   0.0663   0.1036   0.0842    0.157   0.1251   0.1357   0.1561   0.0173   0.2102    0.075   0.0545   0.2248   0.4226   0.3832   0.0132   0.0442   0.2008   0.0274   0.1679   0.0802   0.2353    0.162    0.082   0.1217   0.2494   0.1495   0.0102   0.0261   0.5778   0.1175   0.0572   0.1295   0.0144   0.4276    0.093   0.0591   0.4279   0.1872   0.0077   0.0845    0.445   0.1631   0.0839   0.1752   0.0162    0.182   0.0023    0.287   0.1681   0.0168   0.0509   0.2388   0.0028   0.0204   0.1873   0.2113   0.0541   0.0852   0.0426   0.0248   0.1229   0.1305     0.26   0.1168   0.0099    0.145   0.5904    0.095   0.5428   0.2488   0.0402   0.0516   0.0478   0.0061   0.0423   0.0544   0.0328    0.179   0.5914   0.1595   0.0553
  snr   -13.82
    H     4.75
 exon    False

M: alg1
 freq      0.0   0.0026   0.0053   0.0079   0.0106   0.0132   0.0158   0.0185   0.0211   0.0237   0.0264    0.029   0.0317   0.0343   0.0369   0.0396   0.0422   0.0449   0.0475   0.0501   0.0528   0.0554    0.058   0.0607   0.0633    0.066   0.0686   0.0712   0.0739   0.0765   0.0792   0.0818   0.0844   0.0871   0.0897   0.0923    0.095   0.0976   0.1003   0.1029   0.1055   0.1082   0.1108   0.1135   0.1161   0.1187   0.1214    0.124   0.1266   0.1293   0.1319   0.1346   0.1372   0.1398   0.1425   0.1451   0.1478   0.1504    0.153   0.1557   0.1583   0.1609   0.1636   0.1662   0.1689   0.1715   0.1741   0.1768   0.1794   0.1821   0.1847   0.1873     0.19   0.1926   0.1953   0.1979   0.2005   0.2032   0.2058   0.2084   0.2111   0.2137   0.2164    0.219   0.2216   0.2243   0.2269   0.2296   0.2322   0.2348   0.2375   0.2401   0.2427   0.2454    0.248   0.2507   0.2533   0.2559   0.2586   0.2612   0.2639   0.2665   0.2691   0.2718   0.2744    0.277   0.2797   0.2823    0.285   0.2876   0.2902   0.2929   0.2955   0.2982   0.3008   0.3034   0.3061   0.3087   0.3113    0.314   0.3166   0.3193   0.3219   0.3245   0.3272   0.3298   0.3325   0.3351   0.3377   0.3404    0.343   0.3456   0.3483   0.3509   0.3536   0.3562   0.3588   0.3615   0.3641   0.3668   0.3694    0.372   0.3747   0.3773   0.3799   0.3826   0.3852   0.3879   0.3905   0.3931   0.3958   0.3984   0.4011   0.4037   0.4063    0.409   0.4116   0.4142   0.4169   0.4195   0.4222   0.4248   0.4274   0.4301   0.4327   0.4354    0.438   0.4406   0.4433   0.4459   0.4485   0.4512   0.4538   0.4565   0.4591   0.4617   0.4644    0.467   0.4697   0.4723   0.4749   0.4776   0.4802   0.4828   0.4855   0.4881   0.4908   0.4934    0.496   0.4987
    S      0.0   0.0425   0.3152   0.0524   0.2161   0.3868   0.0373   0.1871   0.3004   0.3897   0.0518   0.3471    0.077   0.1086   0.4724   0.0573   0.2738   0.0668   0.2197    0.406   0.2109   0.1563   0.7514   0.3757   0.1838   0.0858   0.7309   0.1376   0.7942   0.2776   0.0478   0.1932   0.3941   0.3623   0.1137   0.0644   0.4674   0.4345   0.1681   0.3375   0.0377   0.3411   0.0487    0.105   0.4836   0.0643   0.2649   0.1306   0.0756   0.2158    0.245   0.8056   0.2316   0.0395   0.7873   0.2927    0.238    0.121   0.2415   0.2527   0.0446   0.1477   0.1074   0.7121   0.1259   0.4244   0.0924   0.5043   0.0965   0.1188   0.1513   0.3036   0.9987   0.2148     0.16    0.046   0.6015   0.3287   0.2956   0.3759   0.4012   0.0225   0.0817   0.3681   0.6421   0.1162   0.1516   0.1553   0.1424   0.1228   0.0655   0.5157   0.2285   0.2955   0.1543   0.1336   0.4049   0.0429   0.3097   0.0586   0.4254   0.3193   0.6148   0.3551      0.1    0.041   0.3238   0.4336   0.0789   0.2561   0.0728   0.2299   0.2099   0.1719    0.173   0.2024   0.3931   0.2011   0.4788   0.2164   0.2078    0.573   0.8291   0.3356   0.4676   0.0215      1.0   0.0829   0.2465   0.4301   0.2611   0.0627   0.2134   0.1231   0.4797   0.0753   0.6659   0.4794   0.1092   0.2141    0.561   0.3198   0.2125   0.2178   0.2402   0.2276   0.2782   0.2301   0.7717   0.6629   0.3407   0.2331   0.1085   0.4358   0.6575   0.2079   0.2152   0.5277   0.3918   0.0705   0.4507   0.2927   0.2324   0.2635    0.753   0.2703    0.251   0.3782   0.0137   0.5903   0.1395   0.6921   0.0873   0.2458   0.2776   0.7148   0.6254   0.2617   0.3309   0.0854   0.4785   0.0902   0.0536   0.1777   0.0472   0.1551   0.2956    0.428   0.1362   0.2031
  snr   -17.22
    H     4.99
 exon     True

M: alg2
 freq      0.0   0.0026   0.0053   0.0079   0.0106   0.0132   0.0158   0.0185   0.0211   0.0237   0.0264    0.029   0.0317   0.0343   0.0369   0.0396   0.0422   0.0449   0.0475   0.0501   0.0528   0.0554    0.058   0.0607   0.0633    0.066   0.0686   0.0712   0.0739   0.0765   0.0792   0.0818   0.0844   0.0871   0.0897   0.0923    0.095   0.0976   0.1003   0.1029   0.1055   0.1082   0.1108   0.1135   0.1161   0.1187   0.1214    0.124   0.1266   0.1293   0.1319   0.1346   0.1372   0.1398   0.1425   0.1451   0.1478   0.1504    0.153   0.1557   0.1583   0.1609   0.1636   0.1662   0.1689   0.1715   0.1741   0.1768   0.1794   0.1821   0.1847   0.1873     0.19   0.1926   0.1953   0.1979   0.2005   0.2032   0.2058   0.2084   0.2111   0.2137   0.2164    0.219   0.2216   0.2243   0.2269   0.2296   0.2322   0.2348   0.2375   0.2401   0.2427   0.2454    0.248   0.2507   0.2533   0.2559   0.2586   0.2612   0.2639   0.2665   0.2691   0.2718   0.2744    0.277   0.2797   0.2823    0.285   0.2876   0.2902   0.2929   0.2955   0.2982   0.3008   0.3034   0.3061   0.3087   0.3113    0.314   0.3166   0.3193   0.3219   0.3245   0.3272   0.3298   0.3325   0.3351   0.3377   0.3404    0.343   0.3456   0.3483   0.3509   0.3536   0.3562   0.3588   0.3615   0.3641   0.3668   0.3694    0.372   0.3747   0.3773   0.3799   0.3826   0.3852   0.3879   0.3905   0.3931   0.3958   0.3984   0.4011   0.4037   0.4063    0.409   0.4116   0.4142   0.4169   0.4195   0.4222   0.4248   0.4274   0.4301   0.4327   0.4354    0.438   0.4406   0.4433   0.4459   0.4485   0.4512   0.4538   0.4565   0.4591   0.4617   0.4644    0.467   0.4697   0.4723   0.4749   0.4776   0.4802   0.4828   0.4855   0.4881   0.4908   0.4934    0.496   0.4987
    S      0.0   0.3099      1.0   0.2495   0.2989    0.128   0.0327   0.2379   0.6143   0.0947   0.0375   0.2908   0.0286    0.108   0.2233   0.1785   0.3944   0.3598   0.0441   0.1149   0.0092    0.002   0.1442   0.0689   0.0087   0.0709   0.0329   0.2646   0.2183   0.0201   0.0832   0.0667   0.2216   0.2294   0.1055   0.0281   0.1921   0.0869   0.1054   0.1418   0.1542   0.1136   0.1128   0.0036   0.0067   0.0028   0.3675   0.2035   0.0014   0.1572   0.0298   0.2768   0.3356   0.0145   0.0108    0.104   0.0214   0.1261   0.0432   0.2863   0.0255   0.0034   0.0118   0.0098   0.0649   0.0612   0.0039   0.0572   0.0627   0.0407   0.0163   0.0901   0.0617    0.068   0.1765   0.2149   0.4344   0.0345   0.0646   0.0021   0.1074   0.2112   0.0332   0.0731   0.0521   0.1812   0.3344   0.0658   0.2117   0.2138   0.0162   0.0435   0.0336   0.0115   0.2549   0.0275   0.0225   0.0706   0.0302   0.1009   0.1913   0.4304   0.1667   0.0986   0.0902   0.0338   0.3384   0.0428   0.0392   0.0036   0.0034   0.1232   0.1365   0.1974   0.3225    0.043   0.1022   0.2609   0.0426    0.094   0.0586   0.2324   0.6594   0.1174    0.113   0.0125   0.0815   0.0111   0.0217   0.1254   0.0287   0.0482   0.1277   0.0252   0.1186   0.3703   0.2412   0.0209   0.0544   0.0704   0.0733   0.0578   0.0126     0.06   0.0658   0.0448   0.0059    0.075   0.0036   0.0371   0.0403   0.1848   0.1272   0.0814   0.0762   0.1048    0.129   0.0264   0.1947    0.028   0.0672   0.1102   0.0951   0.0305   0.1848   0.1256   0.2042   0.1396   0.0175   0.0987   0.1278   0.2626   0.0165   0.1099   0.0637    0.081   0.2417   0.0512   0.0323   0.2085   0.0993   0.0672   0.0199   0.0039   0.2902   0.1219   0.0075   0.1247   0.0028   0.1351
  snr   -13.36
    H     4.79
 exon    False