>data-XVI-cerevisiae-intergenic-195
N: 383
Methods: voss, eiip, qpsk, mem, tbpse, snrse

M: voss
 freq      0.0   0.0026   0.0052   0.0078   0.0104   0.0131   0.0157   0.0183   0.0209   0.0235   0.0261   0.0287   0.0313   0.0339   0.0366   0.0392   0.0418   0.0444    0.047   0.0496   0.0522   0.0548   0.0574   0.0601   0.0627   0.0653   0.0679   0.0705   0.0731   0.0757   0.0783   0.0809   0.0836   0.0862   0.0888   0.0914    0.094   0.0966   0.0992   0.1018   0.1044    0.107   0.1097   0.1123   0.1149   0.1175   0.1201   0.1227   0.1253   0.1279   0.1305   0.1332   0.1358   0.1384    0.141   0.1436   0.1462   0.1488   0.1514    0.154   0.1567   0.1593   0.1619   0.1645   0.1671   0.1697   0.1723   0.1749   0.1775   0.1802   0.1828   0.1854    0.188   0.1906   0.1932   0.1958   0.1984    0.201   0.2037   0.2063   0.2089   0.2115   0.2141   0.2167   0.2193   0.2219   0.2245   0.2272   0.2298   0.2324    0.235   0.2376   0.2402   0.2428   0.2454    0.248   0.2507   0.2533   0.2559   0.2585   0.2611   0.2637   0.2663   0.2689   0.2715   0.2742   0.2768   0.2794    0.282   0.2846   0.2872   0.2898   0.2924    0.295   0.2977   0.3003   0.3029   0.3055   0.3081   0.3107   0.3133   0.3159   0.3185   0.3211   0.3238   0.3264    0.329   0.3316   0.3342   0.3368   0.3394    0.342   0.3446   0.3473   0.3499   0.3525   0.3551   0.3577   0.3603   0.3629   0.3655   0.3681   0.3708   0.3734    0.376   0.3786   0.3812   0.3838   0.3864    0.389   0.3916   0.3943   0.3969   0.3995   0.4021   0.4047   0.4073   0.4099   0.4125   0.4151   0.4178   0.4204    0.423   0.4256   0.4282   0.4308   0.4334    0.436   0.4386   0.4413   0.4439   0.4465   0.4491   0.4517   0.4543   0.4569   0.4595   0.4621   0.4648   0.4674     0.47   0.4726   0.4752   0.4778   0.4804    0.483   0.4856   0.4883   0.4909   0.4935   0.4961   0.4987
    S      0.0   0.6409   0.9199   0.1668   0.6864    0.239   0.2643   0.0526   0.0929   0.1566   0.7762    0.301   0.4824   0.1784   0.0389   0.0954    0.346   0.0761   0.1216   0.0815   0.1991   0.1323   0.5949   0.2442   0.0495   0.0805   0.5195   0.1233   0.0765   0.2482   0.1103   0.4832   0.1688   0.4044    0.209   0.3289   0.2404   0.2439   0.2669   0.0272    0.199    0.054   0.3623   0.0859    0.164   0.1774   0.2057   0.1499   0.0919   0.3378   0.2252   0.0852   0.5077   0.5002   0.1867   0.4775   0.0906   0.2349   0.1845   0.3894   0.2574   0.3213   0.1866    0.139   0.2447   0.3591   0.3094   0.1854   0.2017   0.3157   0.3059   0.2548   0.1538   0.2676   0.6031   0.3064   0.2463    0.114   0.1046   0.2584   0.1015   0.4206     0.24   0.2291   0.3909   0.0537    0.242   0.0684   0.1062   0.2358   0.1766   0.3492   0.1311   0.4019   0.4113   0.1631    0.146    0.729   0.3266   0.2684   0.6064    0.164   0.3638   0.1894   0.2478   0.2857   0.3124   0.6112   0.3862   0.0677   0.6246   0.1399     0.17   0.3575    0.299   0.1204   0.5849   0.2141    0.492   0.2069   0.3256   0.2134   0.1434   0.5071   0.0808   0.2713   0.1658   0.3381   0.1301   0.7456   0.1273   0.0696   0.5222   0.2613    0.368   0.1382   0.2032   0.2165   0.3412   0.1845   0.2685   0.1818      1.0   0.3757   0.3004   0.1676   0.0934   0.3115   0.2061   0.2332   0.0998   0.1129   0.0392   0.5083   0.2166   0.1049   0.5142   0.0946   0.1569   0.2329   0.0569   0.0739   0.0564   0.0952   0.1244   0.2446   0.1688   0.4698   0.2202   0.3509   0.1408   0.1272   0.3338   0.1483   0.1722   0.1519   0.3403   0.2376   0.0511   0.1236   0.2202   0.3251   0.2521   0.1376   0.4655   0.1163   0.2576   0.0983   0.1449   0.1731    0.186   0.0525
  snr   -16.78
    H     5.05
 exon    False

M: eiip
 freq      0.0   0.0026   0.0052   0.0078   0.0104   0.0131   0.0157   0.0183   0.0209   0.0235   0.0261   0.0287   0.0313   0.0339   0.0366   0.0392   0.0418   0.0444    0.047   0.0496   0.0522   0.0548   0.0574   0.0601   0.0627   0.0653   0.0679   0.0705   0.0731   0.0757   0.0783   0.0809   0.0836   0.0862   0.0888   0.0914    0.094   0.0966   0.0992   0.1018   0.1044    0.107   0.1097   0.1123   0.1149   0.1175   0.1201   0.1227   0.1253   0.1279   0.1305   0.1332   0.1358   0.1384    0.141   0.1436   0.1462   0.1488   0.1514    0.154   0.1567   0.1593   0.1619   0.1645   0.1671   0.1697   0.1723   0.1749   0.1775   0.1802   0.1828   0.1854    0.188   0.1906   0.1932   0.1958   0.1984    0.201   0.2037   0.2063   0.2089   0.2115   0.2141   0.2167   0.2193   0.2219   0.2245   0.2272   0.2298   0.2324    0.235   0.2376   0.2402   0.2428   0.2454    0.248   0.2507   0.2533   0.2559   0.2585   0.2611   0.2637   0.2663   0.2689   0.2715   0.2742   0.2768   0.2794    0.282   0.2846   0.2872   0.2898   0.2924    0.295   0.2977   0.3003   0.3029   0.3055   0.3081   0.3107   0.3133   0.3159   0.3185   0.3211   0.3238   0.3264    0.329   0.3316   0.3342   0.3368   0.3394    0.342   0.3446   0.3473   0.3499   0.3525   0.3551   0.3577   0.3603   0.3629   0.3655   0.3681   0.3708   0.3734    0.376   0.3786   0.3812   0.3838   0.3864    0.389   0.3916   0.3943   0.3969   0.3995   0.4021   0.4047   0.4073   0.4099   0.4125   0.4151   0.4178   0.4204    0.423   0.4256   0.4282   0.4308   0.4334    0.436   0.4386   0.4413   0.4439   0.4465   0.4491   0.4517   0.4543   0.4569   0.4595   0.4621   0.4648   0.4674     0.47   0.4726   0.4752   0.4778   0.4804    0.483   0.4856   0.4883   0.4909   0.4935   0.4961   0.4987
    S      0.0   0.7494   0.6285   0.1739   0.5714   0.1939   0.0979   0.0368   0.0954   0.0721    0.331   0.1549   0.1264   0.0507   0.0525   0.1729   0.1142   0.0107   0.0955   0.0281   0.0239   0.0258   0.0022   0.3081    0.063   0.0019   0.4959   0.0723   0.0059   0.3458   0.1164   0.0103   0.2276   0.2809   0.2243   0.1516   0.2471   0.3475   0.2968   0.0034   0.0709    0.011   0.0861    0.069   0.2417     0.15   0.1132   0.1432   0.0031   0.1239    0.038   0.0057   0.6461   0.4557   0.1041   0.5898   0.1137   0.1796   0.3327   0.0622    0.208   0.3747   0.1863   0.0337   0.0554   0.1689   0.3258   0.1943   0.2657   0.0529   0.1811   0.1401   0.0964   0.2084   0.3133    0.312   0.0104   0.1791   0.1547   0.0693   0.1976   0.1987   0.0443   0.0843   0.2017   0.0125   0.1115   0.0212   0.0098   0.0147   0.0307   0.1593   0.0566   0.0935   0.1288   0.1831   0.0218   0.0092   0.3477    0.191   0.5654   0.2052   0.2368   0.0028   0.0679   0.0729   0.2318   0.5581   0.3138   0.1284    0.871   0.2284   0.0081   0.0395   0.1271   0.1313      1.0   0.1433   0.1052   0.1948   0.4196   0.1173   0.1207   0.1253   0.0062   0.0898   0.1498   0.1464   0.0337   0.0377   0.0608   0.0971   0.1998   0.0403   0.1038   0.2034   0.0773   0.1585   0.0038   0.2917   0.0716   0.2089   0.0779   0.2086   0.1593     0.25   0.1237   0.1515   0.0814   0.2131   0.0959   0.0323   0.0445    0.618    0.184   0.0195   0.2191   0.0569   0.2076   0.1053   0.0062   0.0451   0.0949   0.0001    0.019   0.1192    0.201   0.4868   0.0582    0.124   0.2464   0.0522   0.0497   0.1031   0.1162   0.0121   0.1081   0.0034   0.0499   0.0674   0.0275   0.0243   0.0515   0.2313    0.276   0.0796   0.1258   0.1732   0.0201   0.2834   0.0828   0.0145
  snr   -14.68
    H     4.83
 exon    False

M: qpsk
 freq      0.0   0.0026   0.0052   0.0078   0.0104   0.0131   0.0157   0.0183   0.0209   0.0235   0.0261   0.0287   0.0313   0.0339   0.0366   0.0392   0.0418   0.0444    0.047   0.0496   0.0522   0.0548   0.0574   0.0601   0.0627   0.0653   0.0679   0.0705   0.0731   0.0757   0.0783   0.0809   0.0836   0.0862   0.0888   0.0914    0.094   0.0966   0.0992   0.1018   0.1044    0.107   0.1097   0.1123   0.1149   0.1175   0.1201   0.1227   0.1253   0.1279   0.1305   0.1332   0.1358   0.1384    0.141   0.1436   0.1462   0.1488   0.1514    0.154   0.1567   0.1593   0.1619   0.1645   0.1671   0.1697   0.1723   0.1749   0.1775   0.1802   0.1828   0.1854    0.188   0.1906   0.1932   0.1958   0.1984    0.201   0.2037   0.2063   0.2089   0.2115   0.2141   0.2167   0.2193   0.2219   0.2245   0.2272   0.2298   0.2324    0.235   0.2376   0.2402   0.2428   0.2454    0.248   0.2507   0.2533   0.2559   0.2585   0.2611   0.2637   0.2663   0.2689   0.2715   0.2742   0.2768   0.2794    0.282   0.2846   0.2872   0.2898   0.2924    0.295   0.2977   0.3003   0.3029   0.3055   0.3081   0.3107   0.3133   0.3159   0.3185   0.3211   0.3238   0.3264    0.329   0.3316   0.3342   0.3368   0.3394    0.342   0.3446   0.3473   0.3499   0.3525   0.3551   0.3577   0.3603   0.3629   0.3655   0.3681   0.3708   0.3734    0.376   0.3786   0.3812   0.3838   0.3864    0.389   0.3916   0.3943   0.3969   0.3995   0.4021   0.4047   0.4073   0.4099   0.4125   0.4151   0.4178   0.4204    0.423   0.4256   0.4282   0.4308   0.4334    0.436   0.4386   0.4413   0.4439   0.4465   0.4491   0.4517   0.4543   0.4569   0.4595   0.4621   0.4648   0.4674     0.47   0.4726   0.4752   0.4778   0.4804    0.483   0.4856   0.4883   0.4909   0.4935   0.4961   0.4987
    S      0.0   0.7212      1.0   0.1919    0.568   0.2221   0.2027   0.0102   0.0979   0.1339   0.6015    0.288   0.1478   0.1939   0.0224   0.0813   0.3254   0.0412   0.1326   0.0912   0.2227   0.0672   0.2223   0.1164   0.0183    0.046   0.5647   0.0773   0.0754   0.2784    0.122   0.4525   0.0915   0.3229   0.1221   0.2285   0.1533   0.1304    0.233    0.016   0.2206   0.0487   0.2384   0.0313   0.1216   0.0384   0.2163   0.1341   0.0958   0.2299    0.252   0.0844   0.5773   0.5409   0.0663   0.0705   0.0392   0.1276    0.211   0.3585   0.2151   0.2422   0.1779   0.0898   0.2121   0.2841   0.2697   0.1626   0.2247   0.2364   0.3406   0.1996   0.1496   0.2895   0.6372   0.2985   0.2532   0.1121   0.0208    0.197   0.0909   0.4313   0.2007   0.2535    0.093   0.0197   0.2683   0.0232   0.0582   0.0635   0.0954   0.3278   0.0642   0.1358   0.2885    0.078   0.0919   0.3649   0.3611   0.2055   0.1237   0.1854   0.3369   0.1989   0.2066   0.3062   0.0551   0.6345   0.2529   0.0488   0.3047    0.131   0.0835   0.2805   0.2919   0.1128   0.1757   0.2314   0.2038   0.0134   0.1075   0.1634    0.139   0.5413   0.0374   0.2901   0.0871   0.3279   0.1458   0.5114   0.0646   0.0744   0.4238   0.2966   0.2317   0.0818   0.1619   0.0706   0.1305    0.138   0.2465   0.1289   0.8052   0.3191   0.0424    0.069   0.0853   0.1202   0.0927   0.2504   0.1062   0.0528   0.0323   0.5821   0.2041   0.0989    0.156   0.0816   0.1567   0.0808   0.0296   0.0622   0.0613   0.1015   0.0308   0.1741   0.1332   0.5274    0.146   0.3198   0.0651   0.1355   0.2511   0.1548   0.1972   0.1377   0.2981   0.1375   0.0449   0.0899   0.2532   0.2432   0.2037   0.0726   0.4286   0.1159   0.2512   0.1047   0.1256   0.1899   0.0778   0.0399
  snr   -15.63
    H     4.97
 exon    False

M: mem
 freq      0.0   0.0026   0.0052   0.0079   0.0105   0.0131   0.0157   0.0183   0.0209   0.0236   0.0262   0.0288   0.0314    0.034   0.0366   0.0393   0.0419   0.0445   0.0471   0.0497   0.0524    0.055   0.0576   0.0602   0.0628   0.0654   0.0681   0.0707   0.0733   0.0759   0.0785   0.0812   0.0838   0.0864    0.089   0.0916   0.0942   0.0969   0.0995   0.1021   0.1047   0.1073   0.1099   0.1126   0.1152   0.1178   0.1204    0.123   0.1257   0.1283   0.1309   0.1335   0.1361   0.1387   0.1414    0.144   0.1466   0.1492   0.1518   0.1545   0.1571   0.1597   0.1623   0.1649   0.1675   0.1702   0.1728   0.1754    0.178   0.1806   0.1832   0.1859   0.1885   0.1911   0.1937   0.1963    0.199   0.2016   0.2042   0.2068   0.2094    0.212   0.2147   0.2173   0.2199   0.2225   0.2251   0.2277   0.2304    0.233   0.2356   0.2382   0.2408   0.2435   0.2461   0.2487   0.2513   0.2539   0.2565   0.2592   0.2618   0.2644    0.267   0.2696   0.2723   0.2749   0.2775   0.2801   0.2827   0.2853    0.288   0.2906   0.2932   0.2958   0.2984    0.301   0.3037   0.3063   0.3089   0.3115   0.3141   0.3168   0.3194    0.322   0.3246   0.3272   0.3298   0.3325   0.3351   0.3377   0.3403   0.3429   0.3455   0.3482   0.3508   0.3534    0.356   0.3586   0.3613   0.3639   0.3665   0.3691   0.3717   0.3743    0.377   0.3796   0.3822   0.3848   0.3874   0.3901   0.3927   0.3953   0.3979   0.4005   0.4031   0.4058   0.4084    0.411   0.4136   0.4162   0.4188   0.4215   0.4241   0.4267   0.4293   0.4319   0.4346   0.4372   0.4398   0.4424    0.445   0.4476   0.4503   0.4529   0.4555   0.4581   0.4607   0.4634    0.466   0.4686   0.4712   0.4738   0.4764   0.4791   0.4817   0.4843   0.4869   0.4895   0.4921   0.4948   0.4974
    S      0.0   0.0206   0.8427   0.0146   0.2542    0.218   0.1656   0.0185   0.1018   0.2041    0.194   0.2525   0.1312   0.1894   0.0409   0.0001   0.2676   0.0238     0.07   0.0827   0.2504   0.0658   0.0788   0.0621    0.003   0.0366   0.2506   0.0387   0.0877   0.0909   0.0938    0.615   0.0623   0.2822   0.0389    0.013   0.0541   0.0211     0.32   0.0089   0.3243   0.0407   0.3363   0.0556   0.0369   0.0879   0.1575   0.0876   0.1868   0.1322   0.2373   0.0952   0.2766   0.1768   0.0207   0.0063   0.0307   0.0576   0.0435   0.1059   0.1107   0.3409   0.0944   0.0974   0.0436   0.3346    0.003   0.2466   0.1139   0.1636   0.3061   0.1286   0.2432    0.065   0.7405   0.2344   0.1892   0.0199   0.0106   0.0572   0.0086   0.4153   0.1646    0.149   0.1124   0.0072   0.1906   0.0101   0.0132   0.0663   0.0112   0.0597   0.1337   0.0799   0.0193   0.0382   0.0802   0.3482   0.0137    0.046   0.0576   0.0249   0.1236   0.3813   0.1001   0.1184   0.0319   0.3032   0.1903   0.0194   0.1394    0.056   0.0559   0.3526    0.101   0.0547   0.0299   0.0042    0.304   0.0353   0.0166    0.194   0.0517   0.5849   0.2412   0.0636   0.0066    0.114   0.2239   0.3404   0.1348   0.0593   0.0289   0.4186   0.1245   0.0186   0.0002   0.0448   0.0134   0.1961    0.121   0.1335      1.0   0.0136   0.0992   0.0353   0.1191   0.0123   0.0722   0.0138    0.129   0.0442   0.3798    0.129   0.0433   0.1048   0.0702      0.0   0.2552   0.0135   0.0498   0.0088   0.0182   0.2103   0.1815   0.1372   0.2489   0.1773   0.0302   0.2013   0.0608   0.0028   0.3777   0.0007   0.6147   0.2472   0.0122   0.0111   0.0195   0.2025   0.4213   0.0279   0.1224   0.0771   0.3234   0.0636   0.0808   0.0068   0.1957   0.0424   0.0033
  snr   -13.96
    H     4.74
 exon    False

M: tbpse
 freq      0.0   0.0026   0.0052   0.0078   0.0104   0.0131   0.0157   0.0183   0.0209   0.0235   0.0261   0.0287   0.0313   0.0339   0.0366   0.0392   0.0418   0.0444    0.047   0.0496   0.0522   0.0548   0.0574   0.0601   0.0627   0.0653   0.0679   0.0705   0.0731   0.0757   0.0783   0.0809   0.0836   0.0862   0.0888   0.0914    0.094   0.0966   0.0992   0.1018   0.1044    0.107   0.1097   0.1123   0.1149   0.1175   0.1201   0.1227   0.1253   0.1279   0.1305   0.1332   0.1358   0.1384    0.141   0.1436   0.1462   0.1488   0.1514    0.154   0.1567   0.1593   0.1619   0.1645   0.1671   0.1697   0.1723   0.1749   0.1775   0.1802   0.1828   0.1854    0.188   0.1906   0.1932   0.1958   0.1984    0.201   0.2037   0.2063   0.2089   0.2115   0.2141   0.2167   0.2193   0.2219   0.2245   0.2272   0.2298   0.2324    0.235   0.2376   0.2402   0.2428   0.2454    0.248   0.2507   0.2533   0.2559   0.2585   0.2611   0.2637   0.2663   0.2689   0.2715   0.2742   0.2768   0.2794    0.282   0.2846   0.2872   0.2898   0.2924    0.295   0.2977   0.3003   0.3029   0.3055   0.3081   0.3107   0.3133   0.3159   0.3185   0.3211   0.3238   0.3264    0.329   0.3316   0.3342   0.3368   0.3394    0.342   0.3446   0.3473   0.3499   0.3525   0.3551   0.3577   0.3603   0.3629   0.3655   0.3681   0.3708   0.3734    0.376   0.3786   0.3812   0.3838   0.3864    0.389   0.3916   0.3943   0.3969   0.3995   0.4021   0.4047   0.4073   0.4099   0.4125   0.4151   0.4178   0.4204    0.423   0.4256   0.4282   0.4308   0.4334    0.436   0.4386   0.4413   0.4439   0.4465   0.4491   0.4517   0.4543   0.4569   0.4595   0.4621   0.4648   0.4674     0.47   0.4726   0.4752   0.4778   0.4804    0.483   0.4856   0.4883   0.4909   0.4935   0.4961   0.4987
    S      0.0   0.7506   0.7474   0.2126   0.7733   0.1517   0.3132   0.0284   0.0531   0.0773   0.8618   0.3712   0.4131   0.2315   0.0102   0.0789   0.3422   0.0668    0.108   0.1008   0.2169   0.1322   0.5367   0.1239   0.0274   0.0807   0.4496   0.0864   0.0782   0.2562   0.0875   0.5547   0.1131   0.2608   0.1755   0.3255   0.1309   0.1965   0.0574   0.0273   0.1445   0.0501    0.227   0.0616   0.1348   0.0379   0.2574   0.1788    0.088   0.3059   0.1829   0.0905   0.4481   0.6059   0.1602   0.1988   0.0342   0.1656   0.1236   0.4339    0.239   0.0505    0.165   0.1295   0.2876   0.2378   0.3047   0.0481     0.16   0.3249   0.2449   0.2081   0.0971   0.3401   0.6088   0.3779   0.2346   0.1275   0.0162    0.262   0.0844   0.4124   0.2031    0.285   0.3242   0.0297    0.326   0.0522   0.0953   0.2093   0.1738   0.4055   0.0838   0.2992   0.4182   0.0551   0.1537   0.6827   0.4164   0.2765    0.385   0.1605   0.3097   0.2107   0.2701   0.3567   0.2036   0.7072   0.1702    0.047   0.2361   0.0908   0.1472    0.301   0.3624   0.1147   0.1799   0.2761   0.4834   0.0911   0.2057    0.246   0.1776   0.5066   0.0792   0.2377   0.1388   0.4159   0.1538   0.7555    0.086   0.0296   0.5838   0.3249   0.2079    0.111   0.2303   0.1748   0.3086   0.0537    0.206   0.1626      1.0   0.4498   0.1829   0.0921   0.0427   0.2202   0.1455   0.2627   0.1017   0.0628   0.0092   0.3033    0.249   0.1202   0.2944   0.0941   0.0565   0.1503   0.0583   0.0836   0.0312   0.0973   0.0993   0.1543   0.0705   0.4006   0.1037   0.3775   0.0613   0.1392   0.3243   0.1752   0.1312   0.1745   0.3981   0.2235   0.0572   0.0418   0.1809   0.2634   0.1892   0.0797   0.5369   0.1409   0.2676   0.0998   0.1534   0.1674   0.1796   0.0548
  snr   -16.22
    H     4.98
 exon    False

M: snrse
 freq      0.0   0.0026   0.0052   0.0078   0.0104   0.0131   0.0157   0.0183   0.0209   0.0235   0.0261   0.0287   0.0313   0.0339   0.0366   0.0392   0.0418   0.0444    0.047   0.0496   0.0522   0.0548   0.0574   0.0601   0.0627   0.0653   0.0679   0.0705   0.0731   0.0757   0.0783   0.0809   0.0836   0.0862   0.0888   0.0914    0.094   0.0966   0.0992   0.1018   0.1044    0.107   0.1097   0.1123   0.1149   0.1175   0.1201   0.1227   0.1253   0.1279   0.1305   0.1332   0.1358   0.1384    0.141   0.1436   0.1462   0.1488   0.1514    0.154   0.1567   0.1593   0.1619   0.1645   0.1671   0.1697   0.1723   0.1749   0.1775   0.1802   0.1828   0.1854    0.188   0.1906   0.1932   0.1958   0.1984    0.201   0.2037   0.2063   0.2089   0.2115   0.2141   0.2167   0.2193   0.2219   0.2245   0.2272   0.2298   0.2324    0.235   0.2376   0.2402   0.2428   0.2454    0.248   0.2507   0.2533   0.2559   0.2585   0.2611   0.2637   0.2663   0.2689   0.2715   0.2742   0.2768   0.2794    0.282   0.2846   0.2872   0.2898   0.2924    0.295   0.2977   0.3003   0.3029   0.3055   0.3081   0.3107   0.3133   0.3159   0.3185   0.3211   0.3238   0.3264    0.329   0.3316   0.3342   0.3368   0.3394    0.342   0.3446   0.3473   0.3499   0.3525   0.3551   0.3577   0.3603   0.3629   0.3655   0.3681   0.3708   0.3734    0.376   0.3786   0.3812   0.3838   0.3864    0.389   0.3916   0.3943   0.3969   0.3995   0.4021   0.4047   0.4073   0.4099   0.4125   0.4151   0.4178   0.4204    0.423   0.4256   0.4282   0.4308   0.4334    0.436   0.4386   0.4413   0.4439   0.4465   0.4491   0.4517   0.4543   0.4569   0.4595   0.4621   0.4648   0.4674     0.47   0.4726   0.4752   0.4778   0.4804    0.483   0.4856   0.4883   0.4909   0.4935   0.4961   0.4987
    S      0.0   0.2779      1.0   0.0373   0.2304   0.2102   0.0795   0.0044   0.0713   0.0573   0.4304   0.0709   0.1329    0.017   0.0145   0.0127   0.3339   0.0522   0.1241   0.0033   0.1253   0.0703    0.264   0.0103   0.0058   0.0617   0.5309   0.0529   0.0594   0.0617   0.0698   0.3194   0.0477    0.313   0.0043   0.1205   0.0972   0.0178   0.1432   0.0092   0.1658   0.0123    0.144   0.0273   0.0253   0.0235   0.0274   0.0251   0.0432   0.1904   0.1138    0.071   0.3204   0.1591   0.0384   0.0141   0.0153   0.0821   0.1377   0.0143   0.0059   0.1559   0.0619   0.0075   0.0433   0.2425   0.1656   0.0905   0.1795   0.2884   0.1754   0.2169   0.1099   0.0652   0.3629   0.0106   0.0457   0.0051   0.0062   0.0427   0.0186   0.3202   0.1678   0.0027   0.0994   0.0063   0.0198   0.0185   0.0571   0.1159    0.072     0.04   0.0124   0.0671   0.2897   0.0626   0.1024   0.2523   0.0535   0.0413   0.0644   0.1078   0.3331    0.058     0.19    0.004    0.033   0.0388    0.221   0.0077   0.1978   0.0434   0.0424   0.1561   0.1195   0.0285   0.0285   0.0321   0.2119   0.0115   0.0096   0.0465   0.0107   0.4534   0.0406   0.2751   0.0606   0.1302    0.059   0.6239   0.0462   0.0568   0.2673   0.0102   0.1401   0.0168   0.0647   0.0456   0.1458   0.0643   0.1702   0.0688   0.8514   0.0802   0.0752   0.0063   0.0718   0.1271   0.0959   0.1297    0.079   0.0375   0.0195   0.4161   0.0805   0.0093   0.1289   0.0742   0.1047    0.014   0.0297   0.0233   0.0433   0.0331   0.0359   0.1648   0.1112   0.2013   0.0209   0.0298   0.0219   0.0868   0.2561   0.0715    0.104   0.0607   0.1836   0.0832   0.0095   0.0302    0.123   0.1496   0.1523   0.0203   0.2231   0.0467   0.0206   0.0184   0.1207   0.0801   0.0494   0.0441
  snr   -13.03
    H     4.73
 exon    False