>data-XIV-cerevisiae-intergenic-125
N: 219
Methods: voss, eiip, qpsk, mem, tbpse, snrse

M: voss
 freq      0.0   0.0046   0.0091   0.0137   0.0183   0.0228   0.0274    0.032   0.0365   0.0411   0.0457   0.0502   0.0548   0.0594   0.0639   0.0685   0.0731   0.0776   0.0822   0.0868   0.0913   0.0959   0.1005    0.105   0.1096   0.1142   0.1187   0.1233   0.1279   0.1324    0.137   0.1416   0.1461   0.1507   0.1553   0.1598   0.1644   0.1689   0.1735   0.1781   0.1826   0.1872   0.1918   0.1963   0.2009   0.2055     0.21   0.2146   0.2192   0.2237   0.2283   0.2329   0.2374    0.242   0.2466   0.2511   0.2557   0.2603   0.2648   0.2694    0.274   0.2785   0.2831   0.2877   0.2922   0.2968   0.3014   0.3059   0.3105   0.3151   0.3196   0.3242   0.3288   0.3333   0.3379   0.3425    0.347   0.3516   0.3562   0.3607   0.3653   0.3699   0.3744    0.379   0.3836   0.3881   0.3927   0.3973   0.4018   0.4064    0.411   0.4155   0.4201   0.4247   0.4292   0.4338   0.4384   0.4429   0.4475   0.4521   0.4566   0.4612   0.4658   0.4703   0.4749   0.4795    0.484   0.4886   0.4932   0.4977
    S      0.0      1.0   0.4097   0.2324   0.5473    0.448    0.365   0.2001   0.5094   0.2517   0.1498   0.1304   0.4021   0.1735   0.1585   0.4079   0.3106   0.0545   0.4674   0.1508   0.2877   0.3321   0.2912   0.1763   0.1405   0.1801   0.0775   0.4715    0.392   0.4383   0.3685   0.1784   0.1543   0.1222   0.3572   0.4139   0.3329   0.4015   0.1843    0.095   0.1053   0.1653   0.2468   0.1238   0.2307    0.115   0.2594   0.1919   0.1817   0.0954   0.2415   0.3002    0.243    0.225   0.2649   0.1847   0.2692   0.3292   0.0738   0.4794   0.1414   0.2424   0.4758    0.153    0.033   0.5029   0.2397   0.2054    0.139    0.097   0.1968   0.1201   0.1373   0.1162   0.2626   0.4258   0.2206    0.303   0.2909   0.3273   0.0394   0.1822   0.5192   0.5152   0.2345   0.2486   0.2156   0.2418    0.393   0.6282   0.2331   0.1951   0.0971   0.2726   0.1694   0.2097   0.5383   0.1647   0.3772   0.1049    0.186   0.1118    0.244   0.2907   0.1784   0.2762   0.3509   0.2615   0.0968   0.3008
  snr   -14.41
    H     4.55
 exon    False

M: eiip
 freq      0.0   0.0046   0.0091   0.0137   0.0183   0.0228   0.0274    0.032   0.0365   0.0411   0.0457   0.0502   0.0548   0.0594   0.0639   0.0685   0.0731   0.0776   0.0822   0.0868   0.0913   0.0959   0.1005    0.105   0.1096   0.1142   0.1187   0.1233   0.1279   0.1324    0.137   0.1416   0.1461   0.1507   0.1553   0.1598   0.1644   0.1689   0.1735   0.1781   0.1826   0.1872   0.1918   0.1963   0.2009   0.2055     0.21   0.2146   0.2192   0.2237   0.2283   0.2329   0.2374    0.242   0.2466   0.2511   0.2557   0.2603   0.2648   0.2694    0.274   0.2785   0.2831   0.2877   0.2922   0.2968   0.3014   0.3059   0.3105   0.3151   0.3196   0.3242   0.3288   0.3333   0.3379   0.3425    0.347   0.3516   0.3562   0.3607   0.3653   0.3699   0.3744    0.379   0.3836   0.3881   0.3927   0.3973   0.4018   0.4064    0.411   0.4155   0.4201   0.4247   0.4292   0.4338   0.4384   0.4429   0.4475   0.4521   0.4566   0.4612   0.4658   0.4703   0.4749   0.4795    0.484   0.4886   0.4932   0.4977
    S      0.0   0.0548   0.8468   0.0608   0.2448   0.0271   0.0462   0.0103   0.1447   0.0635   0.0859   0.3653   0.5168   0.2565   0.0828   0.5775   0.0067    0.087   0.3723   0.1507   0.5807   0.0236   0.1725   0.4266    0.241   0.1223   0.1546   0.3491   0.0401   0.0422    0.531   0.4385    0.138   0.0049   0.4488   0.1192   0.0238   0.0606   0.1086   0.0875   0.0638   0.0207   0.1885    0.127   0.0784    0.009   0.2573   0.1439   0.1365   0.0325   0.1323   0.2736   0.0849   0.5121   0.4655   0.2939   0.2799   0.2148   0.1814   0.5019   0.1444   0.0341   0.4329   0.1294   0.0154    0.361   0.0621    0.066    0.129    0.127    0.129   0.1024   0.2809   0.0485   0.6342   0.5227   0.0673   0.0084   0.0803   0.4029   0.0298   0.3238   0.3031   0.3509   0.0928    0.301    0.149   0.3591   0.0116    0.348   0.1336   0.0603   0.0819   0.4809   0.1284   0.1601    0.224   0.0165      1.0   0.0949   0.1534   0.2475   0.1495   0.2812   0.0802    0.217   0.2922    0.366   0.1029   0.4959
  snr   -13.41
    H     4.33
 exon    False

M: qpsk
 freq      0.0   0.0046   0.0091   0.0137   0.0183   0.0228   0.0274    0.032   0.0365   0.0411   0.0457   0.0502   0.0548   0.0594   0.0639   0.0685   0.0731   0.0776   0.0822   0.0868   0.0913   0.0959   0.1005    0.105   0.1096   0.1142   0.1187   0.1233   0.1279   0.1324    0.137   0.1416   0.1461   0.1507   0.1553   0.1598   0.1644   0.1689   0.1735   0.1781   0.1826   0.1872   0.1918   0.1963   0.2009   0.2055     0.21   0.2146   0.2192   0.2237   0.2283   0.2329   0.2374    0.242   0.2466   0.2511   0.2557   0.2603   0.2648   0.2694    0.274   0.2785   0.2831   0.2877   0.2922   0.2968   0.3014   0.3059   0.3105   0.3151   0.3196   0.3242   0.3288   0.3333   0.3379   0.3425    0.347   0.3516   0.3562   0.3607   0.3653   0.3699   0.3744    0.379   0.3836   0.3881   0.3927   0.3973   0.4018   0.4064    0.411   0.4155   0.4201   0.4247   0.4292   0.4338   0.4384   0.4429   0.4475   0.4521   0.4566   0.4612   0.4658   0.4703   0.4749   0.4795    0.484   0.4886   0.4932   0.4977
    S      0.0      1.0   0.5656   0.3134   0.4046    0.498    0.087   0.1884   0.6036   0.3111   0.1571   0.1571   0.1872   0.0675   0.1705   0.6457   0.2086   0.0498     0.32   0.2123   0.3858   0.1527   0.3665   0.2202   0.1973   0.0773   0.1211   0.6814   0.2358   0.5388   0.5815   0.2345   0.2297   0.1334   0.5389   0.5108   0.1782   0.3054   0.2368   0.1248   0.0697   0.1241   0.2898   0.1441   0.0903   0.0541   0.1353   0.2462   0.2491   0.0749   0.3788   0.2936   0.1947   0.3431   0.2345   0.2953   0.1834   0.2721   0.0526   0.7309   0.1759   0.2189   0.2244   0.1172   0.0138   0.5186   0.2449   0.1003   0.1857    0.155   0.0227   0.1764   0.1222   0.1544   0.2398   0.6186   0.3208   0.2418   0.4391   0.4851   0.0602   0.2564   0.7536   0.0951   0.3089   0.3598   0.3301   0.3463   0.4458   0.7521   0.2571   0.1217   0.0542   0.4126   0.0625   0.0589   0.7101   0.2155   0.5522   0.0786    0.104   0.1214   0.2847   0.3747   0.2054   0.4287   0.1093   0.3672   0.0278    0.232
  snr   -14.61
    H     4.46
 exon    False

M: mem
 freq      0.0   0.0046   0.0092   0.0138   0.0183   0.0229   0.0275   0.0321   0.0367   0.0413   0.0459   0.0505    0.055   0.0596   0.0642   0.0688   0.0734    0.078   0.0826   0.0872   0.0917   0.0963   0.1009   0.1055   0.1101   0.1147   0.1193   0.1239   0.1284    0.133   0.1376   0.1422   0.1468   0.1514    0.156   0.1606   0.1651   0.1697   0.1743   0.1789   0.1835   0.1881   0.1927   0.1972   0.2018   0.2064    0.211   0.2156   0.2202   0.2248   0.2294   0.2339   0.2385   0.2431   0.2477   0.2523   0.2569   0.2615   0.2661   0.2706   0.2752   0.2798   0.2844    0.289   0.2936   0.2982   0.3028   0.3073   0.3119   0.3165   0.3211   0.3257   0.3303   0.3349   0.3394    0.344   0.3486   0.3532   0.3578   0.3624    0.367   0.3716   0.3761   0.3807   0.3853   0.3899   0.3945   0.3991   0.4037   0.4083   0.4128   0.4174    0.422   0.4266   0.4312   0.4358   0.4404    0.445   0.4495   0.4541   0.4587   0.4633   0.4679   0.4725   0.4771   0.4817   0.4862   0.4908   0.4954
    S      0.0   0.6496   0.4663   0.1803   0.4807   0.5734    0.003   0.1289   0.5412   0.1891   0.1415   0.1386   0.3622   0.0872   0.0051    0.079   0.0881   0.0303   0.2223   0.0492   0.3973   0.0714   0.3349   0.0828    0.136   0.1297   0.0266   0.4751   0.0272   0.6289    0.121   0.1629   0.0532   0.2262   0.2939   0.3872   0.0138   0.1011   0.3529   0.0537   0.0159   0.0165   0.0551   0.0192   0.0874   0.0089   0.1707   0.0908   0.1385   0.0746   0.7431    0.036   0.1525   0.0274   0.3904   0.0067   0.0126    0.265   0.2542   0.2767   0.2345   0.0997   0.2144   0.0426   0.0692   0.1708   0.0302   0.0364   0.1194   0.0334   0.0097   0.1973   0.1025   0.0327   0.3081   0.1693   0.1486   0.0659      1.0   0.0342   0.1091   0.4713   0.0025   0.0154   0.0624   0.0751   0.0704   0.5592   0.4163   0.1214   0.0252   0.0068   0.1047   0.1402   0.0536   0.0987    0.639   0.0024   0.1406   0.0691   0.1016   0.0534   0.0975   0.1519   0.0385   0.4116   0.0527   0.0288   0.0035
  snr   -12.45
    H     4.18
 exon    False

M: tbpse
 freq      0.0   0.0046   0.0091   0.0137   0.0183   0.0228   0.0274    0.032   0.0365   0.0411   0.0457   0.0502   0.0548   0.0594   0.0639   0.0685   0.0731   0.0776   0.0822   0.0868   0.0913   0.0959   0.1005    0.105   0.1096   0.1142   0.1187   0.1233   0.1279   0.1324    0.137   0.1416   0.1461   0.1507   0.1553   0.1598   0.1644   0.1689   0.1735   0.1781   0.1826   0.1872   0.1918   0.1963   0.2009   0.2055     0.21   0.2146   0.2192   0.2237   0.2283   0.2329   0.2374    0.242   0.2466   0.2511   0.2557   0.2603   0.2648   0.2694    0.274   0.2785   0.2831   0.2877   0.2922   0.2968   0.3014   0.3059   0.3105   0.3151   0.3196   0.3242   0.3288   0.3333   0.3379   0.3425    0.347   0.3516   0.3562   0.3607   0.3653   0.3699   0.3744    0.379   0.3836   0.3881   0.3927   0.3973   0.4018   0.4064    0.411   0.4155   0.4201   0.4247   0.4292   0.4338   0.4384   0.4429   0.4475   0.4521   0.4566   0.4612   0.4658   0.4703   0.4749   0.4795    0.484   0.4886   0.4932   0.4977
    S      0.0      1.0   0.3394   0.1813   0.4178   0.3772   0.2925   0.1802   0.4601   0.2392   0.0968   0.0659   0.1581   0.0712   0.1976   0.2759   0.3316   0.0297   0.3913   0.1829   0.2215   0.2903   0.3127   0.1019   0.1363   0.1174   0.0485   0.3774   0.4104   0.3596   0.3291   0.1283   0.1121   0.1055   0.4306   0.4144   0.3376    0.467   0.1529   0.1239   0.0834   0.1766   0.3141   0.0681   0.1953   0.0946   0.1304    0.094   0.1756   0.0665   0.2436   0.3065    0.182   0.1628   0.1476   0.1123    0.197   0.2064   0.0159   0.5679   0.1275   0.2665   0.2735   0.1021   0.0186   0.4994   0.2556   0.1728   0.1193   0.0709   0.0963   0.1041   0.0608    0.135   0.0897   0.2355   0.2127   0.3287   0.3171   0.2437   0.0331   0.1858   0.3377   0.2417   0.2259   0.2135   0.2254    0.201   0.3729   0.5263   0.2051   0.1839   0.0518   0.2763   0.0735   0.0943   0.5072   0.1317   0.2374   0.0618   0.1467   0.0599    0.321   0.2626   0.1538   0.1905   0.1594   0.2164   0.0449   0.1034
  snr   -13.54
    H     4.49
 exon    False

M: snrse
 freq      0.0   0.0046   0.0091   0.0137   0.0183   0.0228   0.0274    0.032   0.0365   0.0411   0.0457   0.0502   0.0548   0.0594   0.0639   0.0685   0.0731   0.0776   0.0822   0.0868   0.0913   0.0959   0.1005    0.105   0.1096   0.1142   0.1187   0.1233   0.1279   0.1324    0.137   0.1416   0.1461   0.1507   0.1553   0.1598   0.1644   0.1689   0.1735   0.1781   0.1826   0.1872   0.1918   0.1963   0.2009   0.2055     0.21   0.2146   0.2192   0.2237   0.2283   0.2329   0.2374    0.242   0.2466   0.2511   0.2557   0.2603   0.2648   0.2694    0.274   0.2785   0.2831   0.2877   0.2922   0.2968   0.3014   0.3059   0.3105   0.3151   0.3196   0.3242   0.3288   0.3333   0.3379   0.3425    0.347   0.3516   0.3562   0.3607   0.3653   0.3699   0.3744    0.379   0.3836   0.3881   0.3927   0.3973   0.4018   0.4064    0.411   0.4155   0.4201   0.4247   0.4292   0.4338   0.4384   0.4429   0.4475   0.4521   0.4566   0.4612   0.4658   0.4703   0.4749   0.4795    0.484   0.4886   0.4932   0.4977
    S      0.0      1.0   0.0386   0.1087   0.4716   0.3363   0.2708    0.092   0.4249   0.0802   0.1008   0.0043   0.1432   0.0687   0.1896    0.336   0.3012   0.0261   0.2173   0.1407   0.0032   0.3332   0.0815   0.0864   0.0398   0.1093    0.047    0.255   0.4656     0.37   0.2665    0.049   0.0887   0.0631   0.1141   0.2819   0.3877   0.3203   0.0497   0.0923   0.0694   0.1947   0.2211   0.0782   0.2087   0.1256   0.1539   0.0437   0.0727   0.0131   0.0441   0.1931   0.2015   0.1162   0.0479    0.145   0.1773   0.2699   0.0099   0.2798    0.021    0.294   0.3693    0.072   0.0083   0.4941   0.3179   0.2014    0.028   0.0818   0.1364   0.0179   0.0069   0.0798   0.0019   0.2874    0.071   0.1668   0.0975    0.076   0.0397   0.0702   0.3287   0.3135   0.2025   0.0683   0.0495   0.0431   0.3492   0.6974   0.2035   0.2147   0.0177   0.0835   0.0516    0.073   0.4353   0.0872   0.1766   0.0439   0.1451   0.0356    0.219    0.321   0.1322   0.1339    0.186   0.2288   0.0384   0.1117
  snr   -12.42
    H     4.33
 exon    False