>data-XVI-cerevisiae-intergenic-165
N: 400
Methods: voss, eiip, qpsk, mem, alg1, alg2

M: voss
 freq      0.0   0.0025    0.005   0.0075     0.01   0.0125    0.015   0.0175     0.02   0.0225    0.025   0.0275     0.03   0.0325    0.035   0.0375     0.04   0.0425    0.045   0.0475     0.05   0.0525    0.055   0.0575     0.06   0.0625    0.065   0.0675     0.07   0.0725    0.075   0.0775     0.08   0.0825    0.085   0.0875     0.09   0.0925    0.095   0.0975      0.1   0.1025    0.105   0.1075     0.11   0.1125    0.115   0.1175     0.12   0.1225    0.125   0.1275     0.13   0.1325    0.135   0.1375     0.14   0.1425    0.145   0.1475     0.15   0.1525    0.155   0.1575     0.16   0.1625    0.165   0.1675     0.17   0.1725    0.175   0.1775     0.18   0.1825    0.185   0.1875     0.19   0.1925    0.195   0.1975      0.2   0.2025    0.205   0.2075     0.21   0.2125    0.215   0.2175     0.22   0.2225    0.225   0.2275     0.23   0.2325    0.235   0.2375     0.24   0.2425    0.245   0.2475     0.25   0.2525    0.255   0.2575     0.26   0.2625    0.265   0.2675     0.27   0.2725    0.275   0.2775     0.28   0.2825    0.285   0.2875     0.29   0.2925    0.295   0.2975      0.3   0.3025    0.305   0.3075     0.31   0.3125    0.315   0.3175     0.32   0.3225    0.325   0.3275     0.33   0.3325    0.335   0.3375     0.34   0.3425    0.345   0.3475     0.35   0.3525    0.355   0.3575     0.36   0.3625    0.365   0.3675     0.37   0.3725    0.375   0.3775     0.38   0.3825    0.385   0.3875     0.39   0.3925    0.395   0.3975      0.4   0.4025    0.405   0.4075     0.41   0.4125    0.415   0.4175     0.42   0.4225    0.425   0.4275     0.43   0.4325    0.435   0.4375     0.44   0.4425    0.445   0.4475     0.45   0.4525    0.455   0.4575     0.46   0.4625    0.465   0.4675     0.47   0.4725    0.475   0.4775     0.48   0.4825    0.485   0.4875     0.49   0.4925    0.495   0.4975
    S      0.0   0.6927   0.3803   0.1123   0.5897   0.2673    0.554   0.4042   0.5869   0.0819      1.0   0.2019   0.4148   0.3457   0.2898   0.2153   0.5344    0.056   0.3104   0.3481   0.3234    0.424   0.1662   0.3411   0.2679   0.5381   0.2243   0.2598   0.2121   0.3946   0.0791   0.2716   0.2995   0.2384   0.1081   0.1269   0.3736   0.2498   0.1244   0.2466   0.0395   0.2765    0.267   0.2597   0.1327   0.2436   0.2826   0.1717   0.7401   0.1002   0.3573   0.2893   0.1633   0.1058   0.4221   0.3652   0.1342   0.5275   0.3376   0.1581   0.1018   0.2027   0.0628   0.1396   0.0842   0.1896   0.0167   0.4089   0.1256   0.0344   0.0647   0.1596   0.0948   0.4512    0.116   0.0447   0.4275   0.2524   0.0987   0.1231   0.3878   0.1963   0.1466   0.2105   0.2561   0.1709    0.446   0.1175   0.3482   0.1009   0.0601    0.099   0.1089   0.1532   0.7311    0.914   0.2133   0.1104   0.1451   0.5506   0.4711   0.2677   0.3681   0.3833   0.2876   0.3368   0.0123   0.1113   0.3757   0.2381   0.1508   0.3578   0.1755   0.2738    0.179   0.0686   0.3742    0.053   0.1749    0.141   0.1157    0.082   0.3461   0.1194   0.2495   0.3503   0.2041   0.1029   0.1811   0.2644   0.2006   0.0833   0.2034   0.2556    0.102   0.0706   0.1462    0.209   0.1767   0.2015   0.2985   0.6502   0.4378   0.8292   0.1222   0.0991    0.197    0.436   0.2409   0.2623   0.1271   0.3703    0.095   0.4538   0.2473   0.3309   0.3706   0.3644   0.2279    0.144   0.0663   0.2248   0.1043   0.7262   0.3794   0.1508     0.11   0.2342    0.143   0.8142    0.113   0.2638   0.2071   0.1465   0.1316   0.2476   0.1482   0.2606   0.3526   0.1532   0.2715   0.0571   0.4335   0.1437   0.1571   0.2416    0.242   0.1051   0.1288   0.3142    0.042   0.1216   0.5101   0.6703   0.5727   0.0991    0.106   0.8136   0.4432   0.0366
  snr   -17.07
    H     5.08
 exon    False

M: eiip
 freq      0.0   0.0025    0.005   0.0075     0.01   0.0125    0.015   0.0175     0.02   0.0225    0.025   0.0275     0.03   0.0325    0.035   0.0375     0.04   0.0425    0.045   0.0475     0.05   0.0525    0.055   0.0575     0.06   0.0625    0.065   0.0675     0.07   0.0725    0.075   0.0775     0.08   0.0825    0.085   0.0875     0.09   0.0925    0.095   0.0975      0.1   0.1025    0.105   0.1075     0.11   0.1125    0.115   0.1175     0.12   0.1225    0.125   0.1275     0.13   0.1325    0.135   0.1375     0.14   0.1425    0.145   0.1475     0.15   0.1525    0.155   0.1575     0.16   0.1625    0.165   0.1675     0.17   0.1725    0.175   0.1775     0.18   0.1825    0.185   0.1875     0.19   0.1925    0.195   0.1975      0.2   0.2025    0.205   0.2075     0.21   0.2125    0.215   0.2175     0.22   0.2225    0.225   0.2275     0.23   0.2325    0.235   0.2375     0.24   0.2425    0.245   0.2475     0.25   0.2525    0.255   0.2575     0.26   0.2625    0.265   0.2675     0.27   0.2725    0.275   0.2775     0.28   0.2825    0.285   0.2875     0.29   0.2925    0.295   0.2975      0.3   0.3025    0.305   0.3075     0.31   0.3125    0.315   0.3175     0.32   0.3225    0.325   0.3275     0.33   0.3325    0.335   0.3375     0.34   0.3425    0.345   0.3475     0.35   0.3525    0.355   0.3575     0.36   0.3625    0.365   0.3675     0.37   0.3725    0.375   0.3775     0.38   0.3825    0.385   0.3875     0.39   0.3925    0.395   0.3975      0.4   0.4025    0.405   0.4075     0.41   0.4125    0.415   0.4175     0.42   0.4225    0.425   0.4275     0.43   0.4325    0.435   0.4375     0.44   0.4425    0.445   0.4475     0.45   0.4525    0.455   0.4575     0.46   0.4625    0.465   0.4675     0.47   0.4725    0.475   0.4775     0.48   0.4825    0.485   0.4875     0.49   0.4925    0.495   0.4975
    S      0.0   0.0783   0.0794   0.0039   0.1711    0.039   0.6296   0.0507   0.4882   0.0664   0.3114   0.0152   0.1473   0.0183   0.4206   0.0036   0.3012   0.0443   0.1248   0.1645   0.0265   0.0959   0.0262   0.0539   0.0581   0.1268    0.059    0.007   0.0873   0.2168   0.1227   0.0012   0.0312   0.1917   0.1436   0.1415   0.2683   0.0006   0.0039   0.0555   0.0246   0.0075   0.2086   0.0725   0.0342   0.1571   0.1711    0.073   0.0606     0.07   0.1612   0.0461   0.0835   0.0543   0.0467   0.3585   0.0533   0.0445   0.0271   0.1793    0.166   0.1003   0.0126    0.112   0.1546   0.1576   0.0082   0.0167   0.1231   0.0672   0.0361    0.081   0.0204   0.0203   0.0016   0.0276   0.2154   0.0533    0.131   0.1037    0.256   0.0665   0.0413   0.0074   0.0104   0.1762   0.1052   0.0481   0.0787   0.0049    0.012    0.052   0.0289   0.0159      1.0    0.117   0.2001   0.0401   0.1112   0.0711   0.3275   0.2476   0.1556   0.0202   0.1585   0.0215   0.0028   0.0653   0.3195    0.047   0.1177    0.273   0.0273    0.372   0.0608   0.1077   0.2136    0.017   0.0669   0.0849   0.0134   0.0575   0.0665    0.081   0.1882   0.1095   0.1797   0.0188   0.1821   0.2349   0.1959   0.0045   0.0032   0.0072   0.0121   0.0159   0.0955   0.1768   0.0311   0.0886   0.3764   0.4125   0.2314   0.1476   0.0648   0.0026   0.1733   0.3419   0.0115   0.0591    0.105   0.2232   0.0402   0.0092   0.0418   0.2874   0.0223   0.0882   0.0672   0.0803   0.0203   0.1121   0.0106   0.3356   0.2761   0.0255   0.1082   0.0602   0.1448   0.0028   0.0336   0.0389   0.2007   0.0105   0.0718   0.2308   0.2088    0.194   0.0392   0.0088   0.0166   0.0428    0.207   0.0184   0.2896   0.0614   0.0795   0.0315   0.0182   0.0977   0.0035   0.0389   0.1353   0.0309   0.0653   0.1042   0.0204   0.0604   0.0033   0.0456
  snr   -13.14
    H     4.81
 exon    False

M: qpsk
 freq      0.0   0.0025    0.005   0.0075     0.01   0.0125    0.015   0.0175     0.02   0.0225    0.025   0.0275     0.03   0.0325    0.035   0.0375     0.04   0.0425    0.045   0.0475     0.05   0.0525    0.055   0.0575     0.06   0.0625    0.065   0.0675     0.07   0.0725    0.075   0.0775     0.08   0.0825    0.085   0.0875     0.09   0.0925    0.095   0.0975      0.1   0.1025    0.105   0.1075     0.11   0.1125    0.115   0.1175     0.12   0.1225    0.125   0.1275     0.13   0.1325    0.135   0.1375     0.14   0.1425    0.145   0.1475     0.15   0.1525    0.155   0.1575     0.16   0.1625    0.165   0.1675     0.17   0.1725    0.175   0.1775     0.18   0.1825    0.185   0.1875     0.19   0.1925    0.195   0.1975      0.2   0.2025    0.205   0.2075     0.21   0.2125    0.215   0.2175     0.22   0.2225    0.225   0.2275     0.23   0.2325    0.235   0.2375     0.24   0.2425    0.245   0.2475     0.25   0.2525    0.255   0.2575     0.26   0.2625    0.265   0.2675     0.27   0.2725    0.275   0.2775     0.28   0.2825    0.285   0.2875     0.29   0.2925    0.295   0.2975      0.3   0.3025    0.305   0.3075     0.31   0.3125    0.315   0.3175     0.32   0.3225    0.325   0.3275     0.33   0.3325    0.335   0.3375     0.34   0.3425    0.345   0.3475     0.35   0.3525    0.355   0.3575     0.36   0.3625    0.365   0.3675     0.37   0.3725    0.375   0.3775     0.38   0.3825    0.385   0.3875     0.39   0.3925    0.395   0.3975      0.4   0.4025    0.405   0.4075     0.41   0.4125    0.415   0.4175     0.42   0.4225    0.425   0.4275     0.43   0.4325    0.435   0.4375     0.44   0.4425    0.445   0.4475     0.45   0.4525    0.455   0.4575     0.46   0.4625    0.465   0.4675     0.47   0.4725    0.475   0.4775     0.48   0.4825    0.485   0.4875     0.49   0.4925    0.495   0.4975
    S      0.0   0.4915   0.4554   0.1131   0.5989   0.2173    0.717   0.4065   0.5663   0.0869      1.0    0.159   0.4297    0.333   0.3895   0.1414   0.3965   0.0449   0.1136   0.3071   0.1456   0.3814   0.1165   0.3396   0.1592   0.4207   0.0133   0.1476   0.1834   0.5303   0.0688   0.2418   0.2804   0.3069    0.138   0.1515   0.3844   0.0994   0.1013   0.1995   0.0414   0.1694   0.3124   0.1668   0.1699   0.2895   0.2199   0.0862   0.4299   0.0723   0.4437   0.1547   0.1989   0.0675   0.2159   0.4331   0.0806   0.5414   0.2343   0.1713   0.1305   0.2088   0.0315   0.0046     0.09   0.1092    0.014   0.1226   0.0485    0.036    0.078   0.2008   0.1024   0.4888   0.1487   0.0478   0.1007   0.3397   0.0796   0.0346   0.1675   0.0874   0.1053   0.1428   0.1778   0.2178   0.3121   0.1158   0.3542   0.0906   0.0624   0.1306   0.0796   0.1089   0.9063   0.7149   0.1088   0.1205   0.0544   0.3394   0.5105   0.3468   0.4517   0.2134   0.2356   0.4085   0.0034   0.0897    0.413    0.109   0.1221   0.4357   0.2116   0.0865   0.0853   0.0316   0.4714   0.0605   0.1406     0.12   0.1334   0.0248   0.4679   0.1395   0.0482    0.294   0.0889   0.0837   0.2455   0.2911   0.0996   0.0859   0.1606   0.1113   0.1015   0.0907   0.1563   0.2318   0.1931   0.2596   0.3818   0.7082   0.3829   0.7992   0.0757   0.0664   0.2355   0.5362   0.3224   0.1279   0.0218   0.3067    0.065   0.3681   0.2904   0.4268   0.2765   0.4409   0.1988   0.0333    0.064   0.2608   0.0765   0.4485   0.3453   0.1634   0.1388   0.0915    0.146    0.655   0.0215   0.3392   0.0283   0.1068   0.1562   0.1684   0.1009   0.3435   0.2951   0.0753   0.3553   0.0387   0.1229   0.0975   0.1853   0.1741   0.2772   0.0916   0.1309   0.3106   0.0495   0.1087   0.5101   0.6886   0.6787   0.0875   0.1121   0.4582   0.2192   0.0475
  snr   -16.47
    H      5.0
 exon    False

M: mem
 freq      0.0   0.0025    0.005   0.0075     0.01   0.0125    0.015   0.0175     0.02   0.0225    0.025   0.0275     0.03   0.0325    0.035   0.0375     0.04   0.0425    0.045   0.0475     0.05   0.0525    0.055   0.0575     0.06   0.0625    0.065   0.0675     0.07   0.0725    0.075   0.0775     0.08   0.0825    0.085   0.0875     0.09   0.0925    0.095   0.0975      0.1   0.1025    0.105   0.1075     0.11   0.1125    0.115   0.1175     0.12   0.1225    0.125   0.1275     0.13   0.1325    0.135   0.1375     0.14   0.1425    0.145   0.1475     0.15   0.1525    0.155   0.1575     0.16   0.1625    0.165   0.1675     0.17   0.1725    0.175   0.1775     0.18   0.1825    0.185   0.1875     0.19   0.1925    0.195   0.1975      0.2   0.2025    0.205   0.2075     0.21   0.2125    0.215   0.2175     0.22   0.2225    0.225   0.2275     0.23   0.2325    0.235   0.2375     0.24   0.2425    0.245   0.2475     0.25   0.2525    0.255   0.2575     0.26   0.2625    0.265   0.2675     0.27   0.2725    0.275   0.2775     0.28   0.2825    0.285   0.2875     0.29   0.2925    0.295   0.2975      0.3   0.3025    0.305   0.3075     0.31   0.3125    0.315   0.3175     0.32   0.3225    0.325   0.3275     0.33   0.3325    0.335   0.3375     0.34   0.3425    0.345   0.3475     0.35   0.3525    0.355   0.3575     0.36   0.3625    0.365   0.3675     0.37   0.3725    0.375   0.3775     0.38   0.3825    0.385   0.3875     0.39   0.3925    0.395   0.3975      0.4   0.4025    0.405   0.4075     0.41   0.4125    0.415   0.4175     0.42   0.4225    0.425   0.4275     0.43   0.4325    0.435   0.4375     0.44   0.4425    0.445   0.4475     0.45   0.4525    0.455   0.4575     0.46   0.4625    0.465   0.4675     0.47   0.4725    0.475   0.4775     0.48   0.4825    0.485   0.4875     0.49   0.4925    0.495   0.4975
    S      0.0   0.1058   0.5351   0.0761   0.1148   0.1375   0.7958   0.1886   0.5655   0.0396   0.6503   0.0384   0.0932    0.363   0.0585   0.1359    0.523    0.019   0.0822   0.2317   0.0276   0.1163   0.0596   0.2982   0.1646    0.599   0.0037   0.1501   0.1061   0.2389   0.0312   0.2276    0.306   0.0156   0.0225   0.0492   0.2514   0.0158   0.0949   0.1776   0.0284   0.1473    0.004   0.1449   0.2631   0.1662   0.0952   0.0538   0.1755   0.0322   0.2787   0.2124   0.1393   0.1016   0.0073   0.0041   0.0214   0.6271    0.027   0.1847   0.0008   0.0452   0.0477   0.0027   0.0601    0.013   0.0224    0.036   0.0116   0.0151    0.117   0.2188   0.1058   0.6293   0.2018   0.0697   0.0542    0.447   0.0676   0.0274   0.0835   0.1089   0.1448   0.1528   0.0403   0.0946   0.0859    0.039   0.3312   0.0672   0.0624   0.1958   0.0728   0.0262     0.05   0.7278   0.0083   0.0584   0.0797   0.4654   0.2505   0.1106   0.4439   0.2042    0.187   0.4725   0.0023    0.155   0.3314   0.0029   0.1532   0.1755   0.2967   0.0157   0.0069   0.0379   0.4029   0.0588   0.0774   0.0376   0.1916   0.0346   0.5998   0.0127   0.1182   0.3149   0.0042   0.0454   0.0651   0.0379   0.0409   0.1152   0.1633   0.0777    0.113   0.0642   0.0661    0.043   0.1072   0.2602   0.0889   0.2452   0.3336      1.0   0.0606   0.0643   0.2528   0.5929   0.4105   0.0249   0.0485   0.1556   0.0415   0.3924   0.3188   0.1629   0.2557   0.2562   0.0751   0.0055   0.0583   0.1962   0.0677   0.1384   0.2322   0.1604   0.1158   0.0914   0.0509   0.7479   0.0124   0.4192   0.0298   0.1248   0.0353   0.0712   0.0523   0.2352   0.2106   0.0269   0.4609   0.0148   0.0144   0.0166   0.1258   0.0268   0.2008   0.0178   0.1673   0.1933   0.0585   0.0044   0.1321   0.7868   0.7505   0.0634    0.108   0.1881   0.0682   0.0129
  snr   -15.01
    H     4.79
 exon    False

M: alg1
 freq      0.0   0.0025    0.005   0.0075     0.01   0.0125    0.015   0.0175     0.02   0.0225    0.025   0.0275     0.03   0.0325    0.035   0.0375     0.04   0.0425    0.045   0.0475     0.05   0.0525    0.055   0.0575     0.06   0.0625    0.065   0.0675     0.07   0.0725    0.075   0.0775     0.08   0.0825    0.085   0.0875     0.09   0.0925    0.095   0.0975      0.1   0.1025    0.105   0.1075     0.11   0.1125    0.115   0.1175     0.12   0.1225    0.125   0.1275     0.13   0.1325    0.135   0.1375     0.14   0.1425    0.145   0.1475     0.15   0.1525    0.155   0.1575     0.16   0.1625    0.165   0.1675     0.17   0.1725    0.175   0.1775     0.18   0.1825    0.185   0.1875     0.19   0.1925    0.195   0.1975      0.2   0.2025    0.205   0.2075     0.21   0.2125    0.215   0.2175     0.22   0.2225    0.225   0.2275     0.23   0.2325    0.235   0.2375     0.24   0.2425    0.245   0.2475     0.25   0.2525    0.255   0.2575     0.26   0.2625    0.265   0.2675     0.27   0.2725    0.275   0.2775     0.28   0.2825    0.285   0.2875     0.29   0.2925    0.295   0.2975      0.3   0.3025    0.305   0.3075     0.31   0.3125    0.315   0.3175     0.32   0.3225    0.325   0.3275     0.33   0.3325    0.335   0.3375     0.34   0.3425    0.345   0.3475     0.35   0.3525    0.355   0.3575     0.36   0.3625    0.365   0.3675     0.37   0.3725    0.375   0.3775     0.38   0.3825    0.385   0.3875     0.39   0.3925    0.395   0.3975      0.4   0.4025    0.405   0.4075     0.41   0.4125    0.415   0.4175     0.42   0.4225    0.425   0.4275     0.43   0.4325    0.435   0.4375     0.44   0.4425    0.445   0.4475     0.45   0.4525    0.455   0.4575     0.46   0.4625    0.465   0.4675     0.47   0.4725    0.475   0.4775     0.48   0.4825    0.485   0.4875     0.49   0.4925    0.495   0.4975
    S      0.0   0.9931   0.0922   0.1713   0.7728   0.3361   0.0581   0.5587   0.2698   0.0084   0.7339   0.3477   0.5268   0.1562   0.0945   0.1762   0.5949   0.0608   0.4526   0.0841   0.4646   0.4944   0.1691   0.1836   0.2325   0.4502   0.3451   0.2428   0.2012   0.2741   0.0095   0.3607   0.1006   0.2167     0.04   0.0155   0.3139   0.4772   0.1403   0.3647    0.016   0.2456   0.2516   0.2247   0.0583   0.1345   0.3728   0.2711   0.9608   0.0582   0.2641    0.387   0.0723   0.1458   0.6789   0.2995   0.1855   0.1433   0.5818   0.0612   0.0214   0.2028   0.1074   0.1627   0.0051   0.2017   0.0137   0.6612   0.0696   0.0012   0.0213    0.025   0.0144   0.0956    0.022   0.0338   0.3717   0.0928   0.0285   0.1322      0.4   0.1912   0.1132   0.3613   0.4654   0.0747   0.5364   0.1025   0.1214   0.1252   0.0278   0.0237   0.0463   0.2122   0.3612   0.6702   0.1982   0.0962   0.1413   0.7937   0.0931   0.1845   0.0758   0.4278   0.0981   0.1604   0.0202   0.1207   0.0634   0.3757   0.0964   0.2188   0.0843   0.1588   0.2271   0.0462   0.2428   0.0159   0.1118   0.1668    0.048   0.1179   0.0968   0.1288   0.3567   0.1653   0.1889   0.0965   0.0799   0.1549   0.1423    0.077   0.1428   0.4676   0.0199   0.0607    0.086   0.1106   0.2331   0.0463   0.1068   0.5208   0.3455   0.2574   0.0556   0.1102   0.0228   0.1299   0.0671   0.3506    0.174    0.407   0.1027   0.3924   0.1569   0.0906   0.2937   0.3344    0.221   0.1472   0.0201   0.2193   0.0711   0.9455   0.3319   0.0479   0.0495   0.1907   0.0604   0.4471    0.141   0.0515   0.2439   0.1049   0.1159   0.2726   0.0773   0.1469   0.3038   0.2367   0.0785   0.0678   0.4863   0.2409   0.0048   0.3824   0.1727   0.1225    0.036   0.3255   0.0064   0.1812   0.6433   0.4227   0.2433   0.0748   0.0317      1.0   0.8476   0.0101
  snr   -16.32
    H     4.91
 exon    False

M: alg2
 freq      0.0   0.0025    0.005   0.0075     0.01   0.0125    0.015   0.0175     0.02   0.0225    0.025   0.0275     0.03   0.0325    0.035   0.0375     0.04   0.0425    0.045   0.0475     0.05   0.0525    0.055   0.0575     0.06   0.0625    0.065   0.0675     0.07   0.0725    0.075   0.0775     0.08   0.0825    0.085   0.0875     0.09   0.0925    0.095   0.0975      0.1   0.1025    0.105   0.1075     0.11   0.1125    0.115   0.1175     0.12   0.1225    0.125   0.1275     0.13   0.1325    0.135   0.1375     0.14   0.1425    0.145   0.1475     0.15   0.1525    0.155   0.1575     0.16   0.1625    0.165   0.1675     0.17   0.1725    0.175   0.1775     0.18   0.1825    0.185   0.1875     0.19   0.1925    0.195   0.1975      0.2   0.2025    0.205   0.2075     0.21   0.2125    0.215   0.2175     0.22   0.2225    0.225   0.2275     0.23   0.2325    0.235   0.2375     0.24   0.2425    0.245   0.2475     0.25   0.2525    0.255   0.2575     0.26   0.2625    0.265   0.2675     0.27   0.2725    0.275   0.2775     0.28   0.2825    0.285   0.2875     0.29   0.2925    0.295   0.2975      0.3   0.3025    0.305   0.3075     0.31   0.3125    0.315   0.3175     0.32   0.3225    0.325   0.3275     0.33   0.3325    0.335   0.3375     0.34   0.3425    0.345   0.3475     0.35   0.3525    0.355   0.3575     0.36   0.3625    0.365   0.3675     0.37   0.3725    0.375   0.3775     0.38   0.3825    0.385   0.3875     0.39   0.3925    0.395   0.3975      0.4   0.4025    0.405   0.4075     0.41   0.4125    0.415   0.4175     0.42   0.4225    0.425   0.4275     0.43   0.4325    0.435   0.4375     0.44   0.4425    0.445   0.4475     0.45   0.4525    0.455   0.4575     0.46   0.4625    0.465   0.4675     0.47   0.4725    0.475   0.4775     0.48   0.4825    0.485   0.4875     0.49   0.4925    0.495   0.4975
    S      0.0   0.2841   0.0537   0.0561   0.4634   0.0867   0.2748    0.241   0.2287   0.0724   0.3811   0.1091   0.3188   0.0355   0.4041   0.0097   0.0992   0.0356   0.0601   0.1604   0.0759   0.2443    0.045    0.123   0.0226   0.0111   0.0075   0.0116   0.1225   0.3811    0.074   0.0735   0.0418   0.2994    0.136    0.144    0.219   0.0563   0.0215   0.0777   0.0207   0.0266   0.3051   0.0426   0.0003   0.1534   0.1763   0.0603   0.1664   0.0631   0.2371   0.0121   0.0945   0.0154   0.1488   0.4438   0.0571   0.0609   0.1628   0.0898   0.1562   0.1483   0.0035   0.0292   0.0825    0.117   0.0008   0.0469    0.068   0.0399   0.0057   0.0494   0.0292   0.0166   0.0058   0.0084   0.0848   0.0387   0.0658   0.0363   0.1625   0.0128   0.0132   0.0367   0.1176   0.1556   0.1768   0.0763   0.1294    0.038   0.0105   0.0075   0.0285   0.0607      1.0   0.0833   0.1323   0.0673   0.0301   0.0335   0.3921   0.2896   0.1394   0.0217   0.1139   0.0855   0.0013   0.0078   0.2182    0.079   0.0509   0.2932    0.007   0.1699   0.0701   0.0358   0.2378   0.0233   0.0762    0.091   0.0024   0.0172   0.0581   0.1266   0.0247   0.0555   0.1187   0.0428   0.2201   0.2813   0.1032   0.0085   0.0125   0.0405   0.0196   0.0482   0.1034   0.2232   0.1161   0.0973    0.352    0.474   0.1422   0.0603   0.0388   0.0091   0.0862   0.1603   0.0408   0.0768   0.0188   0.1962   0.0306    0.038   0.0561   0.3641   0.0647    0.263   0.1316   0.0381   0.0211   0.1389   0.0145   0.3193    0.197    0.044   0.0786   0.0229    0.122   0.0293   0.0095   0.0409   0.0604   0.0034   0.1299   0.1623   0.1175   0.2024   0.0827   0.0387   0.0406   0.0326   0.1237   0.0659   0.1578   0.1395   0.1148   0.0636   0.0069   0.1436   0.0079    0.091   0.3759   0.0743   0.1704   0.0601   0.0374   0.1937   0.1224   0.0463
  snr   -13.22
    H     4.84
 exon    False