>data-XVI-cerevisiae-intergenic-381
N: 255
Methods: voss, eiip, qpsk, mem, tbpse, snrse

M: voss
 freq      0.0   0.0039   0.0078   0.0118   0.0157   0.0196   0.0235   0.0275   0.0314   0.0353   0.0392   0.0431   0.0471    0.051   0.0549   0.0588   0.0627   0.0667   0.0706   0.0745   0.0784   0.0824   0.0863   0.0902   0.0941    0.098    0.102   0.1059   0.1098   0.1137   0.1176   0.1216   0.1255   0.1294   0.1333   0.1373   0.1412   0.1451    0.149   0.1529   0.1569   0.1608   0.1647   0.1686   0.1725   0.1765   0.1804   0.1843   0.1882   0.1922   0.1961      0.2   0.2039   0.2078   0.2118   0.2157   0.2196   0.2235   0.2275   0.2314   0.2353   0.2392   0.2431   0.2471    0.251   0.2549   0.2588   0.2627   0.2667   0.2706   0.2745   0.2784   0.2824   0.2863   0.2902   0.2941    0.298    0.302   0.3059   0.3098   0.3137   0.3176   0.3216   0.3255   0.3294   0.3333   0.3373   0.3412   0.3451    0.349   0.3529   0.3569   0.3608   0.3647   0.3686   0.3725   0.3765   0.3804   0.3843   0.3882   0.3922   0.3961      0.4   0.4039   0.4078   0.4118   0.4157   0.4196   0.4235   0.4275   0.4314   0.4353   0.4392   0.4431   0.4471    0.451   0.4549   0.4588   0.4627   0.4667   0.4706   0.4745   0.4784   0.4824   0.4863   0.4902   0.4941    0.498
    S      0.0   0.4952   0.3908   0.3038   0.6562   0.3403   0.1707   0.1099   0.3158   0.1451   0.3214   0.2043   0.2756   0.7201   0.0914   0.1926   0.2144   0.2272    0.168   0.3126   0.0907   0.1104   0.3116   0.1621   0.0826   0.0582   0.2465    0.578   0.2113    0.784   0.5514   0.1152   0.1473   0.0669   0.2796   0.6589   0.5178   0.2555   0.0862   0.1595   0.7955   0.1074   0.5348   0.2564    0.546   0.3611   0.1505   0.1644   0.1831   0.1768   0.1858    0.079   0.4359   0.1729   0.1848   0.3512   0.2254   0.6333   0.3493   0.1173   0.3061    0.257   0.1951   0.5071   0.2974   0.0568   0.3247   0.3509   0.4524   0.0335   0.0629   0.1527   0.0395   0.2784   0.1028   0.0857   0.0865    0.156   0.1994     0.47   0.4042   0.2364   0.3734   0.2531   0.1438   0.3238   0.1855   0.4529   0.1227   0.0938   0.5797   0.2104   0.3341      1.0   0.2546   0.3641   0.2673   0.2907   0.1298   0.1951   0.2199   0.6897   0.2618   0.2199   0.4477   0.4011   0.1365   0.4883    0.203   0.3059   0.2296   0.1703   0.1156   0.1792   0.1475   0.2961   0.5616   0.1273   0.1265   0.1896   0.6063   0.1017   0.0428    0.185   0.2099     0.09    0.172   0.0542
  snr   -15.28
    H     4.64
 exon    False

M: eiip
 freq      0.0   0.0039   0.0078   0.0118   0.0157   0.0196   0.0235   0.0275   0.0314   0.0353   0.0392   0.0431   0.0471    0.051   0.0549   0.0588   0.0627   0.0667   0.0706   0.0745   0.0784   0.0824   0.0863   0.0902   0.0941    0.098    0.102   0.1059   0.1098   0.1137   0.1176   0.1216   0.1255   0.1294   0.1333   0.1373   0.1412   0.1451    0.149   0.1529   0.1569   0.1608   0.1647   0.1686   0.1725   0.1765   0.1804   0.1843   0.1882   0.1922   0.1961      0.2   0.2039   0.2078   0.2118   0.2157   0.2196   0.2235   0.2275   0.2314   0.2353   0.2392   0.2431   0.2471    0.251   0.2549   0.2588   0.2627   0.2667   0.2706   0.2745   0.2784   0.2824   0.2863   0.2902   0.2941    0.298    0.302   0.3059   0.3098   0.3137   0.3176   0.3216   0.3255   0.3294   0.3333   0.3373   0.3412   0.3451    0.349   0.3529   0.3569   0.3608   0.3647   0.3686   0.3725   0.3765   0.3804   0.3843   0.3882   0.3922   0.3961      0.4   0.4039   0.4078   0.4118   0.4157   0.4196   0.4235   0.4275   0.4314   0.4353   0.4392   0.4431   0.4471    0.451   0.4549   0.4588   0.4627   0.4667   0.4706   0.4745   0.4784   0.4824   0.4863   0.4902   0.4941    0.498
    S      0.0   0.0704   0.1462   0.4721    0.323    0.199   0.1147   0.1316   0.5605   0.0505   0.0604   0.1837   0.2192   0.2761   0.0897   0.3301   0.2846   0.1032   0.0283   0.0195   0.1608   0.0702   0.2089   0.1462   0.1226   0.0442    0.074   0.1863   0.5223    0.357   0.1946   0.1312   0.2874    0.092   0.0212    0.551   0.0871   0.1057    0.201   0.0885      1.0   0.1549   0.1135   0.2248   0.4757   0.0225   0.0006   0.1144   0.0205   0.2232   0.0879     0.01   0.3801   0.0278   0.1581   0.3387   0.3123   0.6844   0.6818   0.0501   0.2074    0.302    0.147   0.1419   0.2237   0.1354   0.3491   0.2401   0.4396     0.05    0.011    0.035   0.0549   0.4279   0.0118   0.1883   0.1623   0.0047   0.0221    0.226   0.1487   0.3792   0.1762     0.17   0.0273   0.0581   0.3041   0.2068   0.0357   0.0554   0.3401   0.0011   0.0029    0.796    0.086   0.6713   0.5339   0.1081   0.0192   0.4832   0.0163   0.6255   0.1919   0.1545   0.6259   0.5381   0.2681   0.4335   0.0457   0.0201   0.6937    0.189   0.2045   0.2069   0.1892     0.07   0.5361   0.1262   0.1449   0.1485   0.3704   0.0719   0.0721   0.0273   0.1349   0.1189   0.0967   0.0004
  snr    -14.1
    H     4.45
 exon    False

M: qpsk
 freq      0.0   0.0039   0.0078   0.0118   0.0157   0.0196   0.0235   0.0275   0.0314   0.0353   0.0392   0.0431   0.0471    0.051   0.0549   0.0588   0.0627   0.0667   0.0706   0.0745   0.0784   0.0824   0.0863   0.0902   0.0941    0.098    0.102   0.1059   0.1098   0.1137   0.1176   0.1216   0.1255   0.1294   0.1333   0.1373   0.1412   0.1451    0.149   0.1529   0.1569   0.1608   0.1647   0.1686   0.1725   0.1765   0.1804   0.1843   0.1882   0.1922   0.1961      0.2   0.2039   0.2078   0.2118   0.2157   0.2196   0.2235   0.2275   0.2314   0.2353   0.2392   0.2431   0.2471    0.251   0.2549   0.2588   0.2627   0.2667   0.2706   0.2745   0.2784   0.2824   0.2863   0.2902   0.2941    0.298    0.302   0.3059   0.3098   0.3137   0.3176   0.3216   0.3255   0.3294   0.3333   0.3373   0.3412   0.3451    0.349   0.3529   0.3569   0.3608   0.3647   0.3686   0.3725   0.3765   0.3804   0.3843   0.3882   0.3922   0.3961      0.4   0.4039   0.4078   0.4118   0.4157   0.4196   0.4235   0.4275   0.4314   0.4353   0.4392   0.4431   0.4471    0.451   0.4549   0.4588   0.4627   0.4667   0.4706   0.4745   0.4784   0.4824   0.4863   0.4902   0.4941    0.498
    S      0.0   0.2781   0.2247   0.2623   0.6476   0.3249   0.0689   0.1391      0.3    0.053    0.255   0.2492   0.2088   0.5524   0.0376   0.2501   0.2902   0.2563   0.1647    0.242   0.1118   0.0479    0.111   0.1803   0.0759   0.0641   0.2169   0.2506    0.257   0.6809   0.4778   0.1393   0.1438   0.0436   0.3668   0.1884   0.1704   0.3494   0.1066   0.0715      1.0   0.1377   0.2498   0.1387   0.5889   0.2423   0.0704   0.1835   0.1186   0.1778   0.2214   0.0694   0.5525   0.1193    0.093   0.4708   0.2651   0.6889   0.3551   0.1094   0.1442   0.2134   0.2153    0.416   0.2088   0.0718    0.126   0.2129   0.5748   0.0164   0.0334   0.0649   0.0402   0.1846   0.0443   0.0479   0.1172   0.1549   0.2202   0.4708   0.4197   0.1454   0.4096   0.2548   0.0736   0.1819   0.1436   0.6015     0.16   0.0766    0.639   0.2217   0.1473   0.8901   0.1992    0.432   0.2874   0.2116   0.1178   0.2247   0.2753   0.8182   0.1167   0.1786   0.2157   0.5005   0.1584   0.4749   0.1336   0.1067   0.1919   0.0799   0.1403   0.0474   0.1872   0.2318   0.7352   0.0899   0.1086   0.2277   0.5575   0.1094     0.04   0.1211   0.2255   0.0561   0.1726   0.0459
  snr   -14.69
    H     4.57
 exon    False

M: mem
 freq      0.0   0.0039   0.0079   0.0118   0.0157   0.0197   0.0236   0.0276   0.0315   0.0354   0.0394   0.0433   0.0472   0.0512   0.0551   0.0591    0.063   0.0669   0.0709   0.0748   0.0787   0.0827   0.0866   0.0906   0.0945   0.0984   0.1024   0.1063   0.1102   0.1142   0.1181    0.122    0.126   0.1299   0.1339   0.1378   0.1417   0.1457   0.1496   0.1535   0.1575   0.1614   0.1654   0.1693   0.1732   0.1772   0.1811    0.185    0.189   0.1929   0.1969   0.2008   0.2047   0.2087   0.2126   0.2165   0.2205   0.2244   0.2283   0.2323   0.2362   0.2402   0.2441    0.248    0.252   0.2559   0.2598   0.2638   0.2677   0.2717   0.2756   0.2795   0.2835   0.2874   0.2913   0.2953   0.2992   0.3031   0.3071    0.311    0.315   0.3189   0.3228   0.3268   0.3307   0.3346   0.3386   0.3425   0.3465   0.3504   0.3543   0.3583   0.3622   0.3661   0.3701    0.374    0.378   0.3819   0.3858   0.3898   0.3937   0.3976   0.4016   0.4055   0.4094   0.4134   0.4173   0.4213   0.4252   0.4291   0.4331    0.437   0.4409   0.4449   0.4488   0.4528   0.4567   0.4606   0.4646   0.4685   0.4724   0.4764   0.4803   0.4843   0.4882   0.4921   0.4961
    S      0.0   0.1967   0.0418   0.1203   0.6724   0.4622   0.0942   0.1551   0.0413   0.0912   0.3393   0.0499   0.0021   0.7384   0.0265   0.1295   0.1375   0.0961   0.1696   0.1206   0.0852   0.0555   0.0105   0.2094   0.0251    0.018   0.2846    0.067   0.2527      1.0   0.3066   0.1164   0.1016   0.0182   0.0168   0.0227   0.0741   0.0759   0.0548   0.0541   0.8449    0.083   0.4277   0.0988   0.4605   0.1898   0.0861   0.1248   0.0367   0.2007   0.1232   0.0137   0.2227   0.1447   0.0882   0.6907   0.2392   0.1934   0.3522   0.0948   0.0139   0.0144   0.1479   0.0635   0.1401   0.0436   0.0644   0.1605   0.2788   0.0191   0.0192   0.0994   0.0219   0.0264    0.173   0.0051   0.0692   0.0095   0.0676   0.0192   0.0061   0.0176   0.2308    0.091   0.1826   0.0362   0.0046   0.1082   0.0129   0.1527   0.3355   0.0474   0.3615   0.0028   0.1886   0.4211   0.2181   0.1582   0.1999   0.0398   0.1205   0.6476   0.0343   0.0168   0.4212   0.2627   0.6796   0.0287   0.0709     0.36   0.0025   0.0773   0.0178   0.0966   0.2123   0.0325   0.2427   0.0796   0.2022   0.0116    0.202   0.0507   0.0963   0.1312   0.0725   0.0419   0.0171
  snr   -12.73
    H     4.31
 exon    False

M: tbpse
 freq      0.0   0.0039   0.0078   0.0118   0.0157   0.0196   0.0235   0.0275   0.0314   0.0353   0.0392   0.0431   0.0471    0.051   0.0549   0.0588   0.0627   0.0667   0.0706   0.0745   0.0784   0.0824   0.0863   0.0902   0.0941    0.098    0.102   0.1059   0.1098   0.1137   0.1176   0.1216   0.1255   0.1294   0.1333   0.1373   0.1412   0.1451    0.149   0.1529   0.1569   0.1608   0.1647   0.1686   0.1725   0.1765   0.1804   0.1843   0.1882   0.1922   0.1961      0.2   0.2039   0.2078   0.2118   0.2157   0.2196   0.2235   0.2275   0.2314   0.2353   0.2392   0.2431   0.2471    0.251   0.2549   0.2588   0.2627   0.2667   0.2706   0.2745   0.2784   0.2824   0.2863   0.2902   0.2941    0.298    0.302   0.3059   0.3098   0.3137   0.3176   0.3216   0.3255   0.3294   0.3333   0.3373   0.3412   0.3451    0.349   0.3529   0.3569   0.3608   0.3647   0.3686   0.3725   0.3765   0.3804   0.3843   0.3882   0.3922   0.3961      0.4   0.4039   0.4078   0.4118   0.4157   0.4196   0.4235   0.4275   0.4314   0.4353   0.4392   0.4431   0.4471    0.451   0.4549   0.4588   0.4627   0.4667   0.4706   0.4745   0.4784   0.4824   0.4863   0.4902   0.4941    0.498
    S      0.0   0.4056    0.503   0.2051   0.6482   0.1911   0.1678   0.0139   0.0776   0.1204   0.2895   0.1697   0.1686   0.6074   0.0847   0.0755   0.1489   0.2503   0.0946   0.3549   0.0502   0.0701   0.3497   0.1313   0.0516   0.0333   0.1077   0.7838   0.0178   0.6887   0.6513   0.0928   0.0274   0.0406   0.1613   0.7923   0.6736   0.0964   0.0057   0.1931   0.4244   0.0149   0.6372   0.2778   0.2633    0.223   0.1197   0.0368   0.2542   0.0455   0.0276   0.0731   0.3395   0.1673    0.191   0.0833   0.1197   0.3573   0.1855   0.0989   0.3159   0.2037   0.1197   0.6218   0.3035   0.0016   0.3025   0.3165   0.1109   0.0259   0.0714   0.1262   0.0139   0.2232   0.0928   0.0471   0.0095   0.1821   0.1733   0.4216   0.3489   0.1602   0.3831   0.1235   0.0846   0.4079   0.1151   0.1514   0.0489   0.0801   0.5456   0.1968   0.3855      1.0   0.2189   0.0748   0.0918   0.3343   0.1207   0.0397   0.1026   0.5521   0.3111   0.2071   0.3665   0.1762   0.0617   0.4212   0.1877   0.3638   0.0412   0.1608   0.0526   0.1793   0.1043   0.3805   0.4765   0.1193   0.0908   0.0598   0.5452   0.0716   0.0115   0.2251   0.1603   0.0643   0.1588   0.0735
  snr   -14.29
    H     4.49
 exon    False

M: snrse
 freq      0.0   0.0039   0.0078   0.0118   0.0157   0.0196   0.0235   0.0275   0.0314   0.0353   0.0392   0.0431   0.0471    0.051   0.0549   0.0588   0.0627   0.0667   0.0706   0.0745   0.0784   0.0824   0.0863   0.0902   0.0941    0.098    0.102   0.1059   0.1098   0.1137   0.1176   0.1216   0.1255   0.1294   0.1333   0.1373   0.1412   0.1451    0.149   0.1529   0.1569   0.1608   0.1647   0.1686   0.1725   0.1765   0.1804   0.1843   0.1882   0.1922   0.1961      0.2   0.2039   0.2078   0.2118   0.2157   0.2196   0.2235   0.2275   0.2314   0.2353   0.2392   0.2431   0.2471    0.251   0.2549   0.2588   0.2627   0.2667   0.2706   0.2745   0.2784   0.2824   0.2863   0.2902   0.2941    0.298    0.302   0.3059   0.3098   0.3137   0.3176   0.3216   0.3255   0.3294   0.3333   0.3373   0.3412   0.3451    0.349   0.3529   0.3569   0.3608   0.3647   0.3686   0.3725   0.3765   0.3804   0.3843   0.3882   0.3922   0.3961      0.4   0.4039   0.4078   0.4118   0.4157   0.4196   0.4235   0.4275   0.4314   0.4353   0.4392   0.4431   0.4471    0.451   0.4549   0.4588   0.4627   0.4667   0.4706   0.4745   0.4784   0.4824   0.4863   0.4902   0.4941    0.498
    S      0.0   0.1859   0.0847   0.0991   0.7404    0.415   0.0956   0.1195   0.0584   0.0825   0.3052   0.1076   0.0149   0.6767   0.0321    0.121   0.1897   0.1706   0.1264   0.1544   0.0932   0.0356   0.0273   0.2067   0.0142     0.01   0.1891   0.1811   0.1506   0.9554   0.5154   0.1079   0.0722   0.0398   0.0263   0.0327   0.1847   0.0538   0.0613   0.0214      1.0   0.0526   0.3972   0.0098   0.3035   0.1837   0.0989   0.0893   0.0686   0.1415   0.0756   0.0496   0.3554   0.0904   0.0899   0.2923   0.2891   0.0823    0.228   0.0446   0.0975   0.0745   0.1719   0.1718   0.2237   0.0463    0.013    0.221   0.2967   0.0014   0.0376   0.0577   0.0053   0.0509   0.0815   0.0263   0.1005   0.0268   0.0603   0.0582   0.0034   0.0097   0.1457   0.1733   0.0767   0.1167   0.0174   0.0894   0.0067   0.0326   0.5775   0.0549   0.2123   0.3006     0.29   0.1593   0.1797   0.2642   0.0236   0.1688   0.0069   0.7982   0.0814   0.0083   0.1397   0.5557   0.1175   0.4704   0.2142   0.1569   0.0998   0.0008   0.1305   0.0344   0.1648   0.1992    0.476   0.0207   0.0684   0.1945   0.2372   0.0095   0.0074   0.1425    0.049   0.0321   0.0315   0.0204
  snr   -12.76
    H     4.33
 exon    False