>YNL046W
N: 519
Methods: voss, eiip, qpsk, mem, tbpse, snrse

M: voss
 freq      0.0   0.0019   0.0039   0.0058   0.0077   0.0096   0.0116   0.0135   0.0154   0.0173   0.0193   0.0212   0.0231    0.025    0.027   0.0289   0.0308   0.0328   0.0347   0.0366   0.0385   0.0405   0.0424   0.0443   0.0462   0.0482   0.0501    0.052   0.0539   0.0559   0.0578   0.0597   0.0617   0.0636   0.0655   0.0674   0.0694   0.0713   0.0732   0.0751   0.0771    0.079   0.0809   0.0829   0.0848   0.0867   0.0886   0.0906   0.0925   0.0944   0.0963   0.0983   0.1002   0.1021    0.104    0.106   0.1079   0.1098   0.1118   0.1137   0.1156   0.1175   0.1195   0.1214   0.1233   0.1252   0.1272   0.1291    0.131   0.1329   0.1349   0.1368   0.1387   0.1407   0.1426   0.1445   0.1464   0.1484   0.1503   0.1522   0.1541   0.1561    0.158   0.1599   0.1618   0.1638   0.1657   0.1676   0.1696   0.1715   0.1734   0.1753   0.1773   0.1792   0.1811    0.183    0.185   0.1869   0.1888   0.1908   0.1927   0.1946   0.1965   0.1985   0.2004   0.2023   0.2042   0.2062   0.2081     0.21   0.2119   0.2139   0.2158   0.2177   0.2197   0.2216   0.2235   0.2254   0.2274   0.2293   0.2312   0.2331   0.2351    0.237   0.2389   0.2408   0.2428   0.2447   0.2466   0.2486   0.2505   0.2524   0.2543   0.2563   0.2582   0.2601    0.262    0.264   0.2659   0.2678   0.2697   0.2717   0.2736   0.2755   0.2775   0.2794   0.2813   0.2832   0.2852   0.2871    0.289   0.2909   0.2929   0.2948   0.2967   0.2987   0.3006   0.3025   0.3044   0.3064   0.3083   0.3102   0.3121   0.3141    0.316   0.3179   0.3198   0.3218   0.3237   0.3256   0.3276   0.3295   0.3314   0.3333   0.3353   0.3372   0.3391    0.341    0.343   0.3449   0.3468   0.3487   0.3507   0.3526   0.3545   0.3565   0.3584   0.3603   0.3622   0.3642   0.3661    0.368   0.3699   0.3719   0.3738   0.3757   0.3776   0.3796   0.3815   0.3834   0.3854   0.3873   0.3892   0.3911   0.3931    0.395   0.3969   0.3988   0.4008   0.4027   0.4046   0.4066   0.4085   0.4104   0.4123   0.4143   0.4162   0.4181     0.42    0.422   0.4239   0.4258   0.4277   0.4297   0.4316   0.4335   0.4355   0.4374   0.4393   0.4412   0.4432   0.4451    0.447   0.4489   0.4509   0.4528   0.4547   0.4566   0.4586   0.4605   0.4624   0.4644   0.4663   0.4682   0.4701   0.4721    0.474   0.4759   0.4778   0.4798   0.4817   0.4836   0.4855   0.4875   0.4894   0.4913   0.4933   0.4952   0.4971    0.499
    S      0.0   0.7856   0.3696      1.0   0.3223   0.1115   0.1823   0.2473   0.3109   0.1655   0.0699   0.1175   0.0617   0.5355    0.267   0.1646    0.321   0.7953    0.159    0.466   0.0914   0.1814   0.4679   0.1954   0.3748   0.3022   0.3028   0.4358   0.0635   0.1315   0.3003    0.108   0.0928   0.1122   0.2452   0.2295   0.6048   0.1123   0.5506   0.2357    0.132   0.3902   0.3978   0.5579   0.4859   0.2065     0.11   0.2468   0.8301   0.2254   0.1075   0.1388   0.2659   0.0797   0.3185   0.1366   0.3778   0.3183   0.1283   0.2337   0.1757   0.4315    0.047    0.283   0.3497   0.3062   0.2299   0.2914   0.7075   0.2222   0.2016   0.1955   0.1958   0.0869   0.3151    0.135   0.4742   0.5239   0.4779   0.3391   0.2023   0.2511   0.2173   0.1509   0.1593   0.3833   0.3871   0.2414   0.1546   0.4159   0.2672   0.0798   0.1163   0.1295   0.3549   0.1934   0.0487    0.176   0.1598     0.14   0.5597   0.4119   0.1619   0.1927     0.26   0.1358   0.1983   0.1442   0.2482   0.1864   0.1992   0.0614   0.1604   0.2452   0.1273   0.3011   0.4482   0.1544    0.517    0.172   0.0907   0.1646   0.2975   0.2049    0.534   0.2021   0.3966   0.2976   0.4743   0.0344   0.2458   0.2439   0.4637    0.585   0.1401   0.1037   0.1689   0.2488   0.2561   0.2683   0.2407   0.1783   0.0461   0.5489   0.4179   0.4109   0.2243    0.632   0.1188    0.251   0.6286    0.022   0.1868   0.2588   0.2144   0.1916   0.5251   0.2879   0.2305   0.1737   0.0968   0.2538   0.0617   0.2022   0.1858   0.1845   0.1628    0.528   0.3652   0.2293   0.1652   0.1967   0.1322   0.5453   0.6548   0.1221   0.4587   0.2264   0.1221    0.507   0.2717   0.4968   0.1959   0.3082   0.2586   0.1843   0.3678   0.0503   0.6743   0.1609   0.2772   0.1807   0.3103   0.1307   0.5605   0.2346   0.3144   0.2576   0.3769   0.2763   0.2309   0.2351   0.3837    0.106   0.2164   0.0403   0.2149   0.3682   0.0867   0.1444   0.2744   0.2215   0.2757   0.1459   0.2989   0.0462   0.2536   0.1745   0.6106   0.3053   0.1562   0.1873   0.2165   0.1555   0.1082   0.0776   0.4388   0.0604   0.2134    0.073   0.0677   0.1225   0.4653   0.5239   0.6511    0.364   0.5291   0.1925   0.2789    0.101    0.202   0.2872   0.1661   0.0904   0.2834   0.1321   0.2771    0.151   0.2624    0.149   0.2998   0.3489   0.2603   0.2588   0.0757   0.2371   0.2327   0.3271   0.1715   0.2307
  snr   -18.32
    H     5.38
 exon    False

M: eiip
 freq      0.0   0.0019   0.0039   0.0058   0.0077   0.0096   0.0116   0.0135   0.0154   0.0173   0.0193   0.0212   0.0231    0.025    0.027   0.0289   0.0308   0.0328   0.0347   0.0366   0.0385   0.0405   0.0424   0.0443   0.0462   0.0482   0.0501    0.052   0.0539   0.0559   0.0578   0.0597   0.0617   0.0636   0.0655   0.0674   0.0694   0.0713   0.0732   0.0751   0.0771    0.079   0.0809   0.0829   0.0848   0.0867   0.0886   0.0906   0.0925   0.0944   0.0963   0.0983   0.1002   0.1021    0.104    0.106   0.1079   0.1098   0.1118   0.1137   0.1156   0.1175   0.1195   0.1214   0.1233   0.1252   0.1272   0.1291    0.131   0.1329   0.1349   0.1368   0.1387   0.1407   0.1426   0.1445   0.1464   0.1484   0.1503   0.1522   0.1541   0.1561    0.158   0.1599   0.1618   0.1638   0.1657   0.1676   0.1696   0.1715   0.1734   0.1753   0.1773   0.1792   0.1811    0.183    0.185   0.1869   0.1888   0.1908   0.1927   0.1946   0.1965   0.1985   0.2004   0.2023   0.2042   0.2062   0.2081     0.21   0.2119   0.2139   0.2158   0.2177   0.2197   0.2216   0.2235   0.2254   0.2274   0.2293   0.2312   0.2331   0.2351    0.237   0.2389   0.2408   0.2428   0.2447   0.2466   0.2486   0.2505   0.2524   0.2543   0.2563   0.2582   0.2601    0.262    0.264   0.2659   0.2678   0.2697   0.2717   0.2736   0.2755   0.2775   0.2794   0.2813   0.2832   0.2852   0.2871    0.289   0.2909   0.2929   0.2948   0.2967   0.2987   0.3006   0.3025   0.3044   0.3064   0.3083   0.3102   0.3121   0.3141    0.316   0.3179   0.3198   0.3218   0.3237   0.3256   0.3276   0.3295   0.3314   0.3333   0.3353   0.3372   0.3391    0.341    0.343   0.3449   0.3468   0.3487   0.3507   0.3526   0.3545   0.3565   0.3584   0.3603   0.3622   0.3642   0.3661    0.368   0.3699   0.3719   0.3738   0.3757   0.3776   0.3796   0.3815   0.3834   0.3854   0.3873   0.3892   0.3911   0.3931    0.395   0.3969   0.3988   0.4008   0.4027   0.4046   0.4066   0.4085   0.4104   0.4123   0.4143   0.4162   0.4181     0.42    0.422   0.4239   0.4258   0.4277   0.4297   0.4316   0.4335   0.4355   0.4374   0.4393   0.4412   0.4432   0.4451    0.447   0.4489   0.4509   0.4528   0.4547   0.4566   0.4586   0.4605   0.4624   0.4644   0.4663   0.4682   0.4701   0.4721    0.474   0.4759   0.4778   0.4798   0.4817   0.4836   0.4855   0.4875   0.4894   0.4913   0.4933   0.4952   0.4971    0.499
    S      0.0   0.1834   0.0874   0.0569   0.1893   0.0233   0.0167   0.0144   0.0629   0.0932   0.0554   0.0567   0.0713   0.1984   0.2388   0.0768   0.3266   0.0129   0.0982     0.06   0.0054   0.0097    0.115   0.0987   0.3665    0.421   0.1892   0.5086   0.0047   0.0452   0.0721   0.0139   0.0189    0.076   0.3193   0.1986   0.1045   0.0378   0.5724   0.2649   0.0616   0.4733   0.2622   0.8431   0.1892   0.1923   0.0196   0.1546      1.0   0.1618     0.01   0.1055   0.3115   0.0003   0.4204   0.0909    0.075   0.0391    0.101   0.0004   0.0581   0.4393   0.0102   0.1459   0.2203   0.0455   0.0025   0.1013   0.1216   0.2137   0.2115   0.0838   0.0316   0.0401   0.0757   0.0794   0.0169   0.4406   0.1404   0.1801   0.0981   0.2558    0.015   0.0343   0.1956    0.327   0.0075    0.012   0.0374   0.0004   0.3248   0.0306   0.0819   0.0323     0.09   0.0575   0.0076   0.2347    0.053   0.1103   0.4672   0.0038   0.1302   0.0387   0.0416   0.1122   0.2589   0.0721   0.0178   0.0233   0.0042   0.0431     0.06   0.2974   0.0618   0.1552   0.2104   0.0332   0.3907   0.0042   0.0068   0.0592   0.2783    0.245   0.1015   0.0791   0.2184   0.1034   0.4416   0.0182    0.148   0.0445   0.1118   0.1543   0.0683    0.062    0.247   0.1268   0.0553   0.0429   0.2373   0.0774    0.056   0.4831   0.1223   0.0878   0.0379   0.0235   0.0115   0.1202    0.631   0.0322   0.1626    0.206   0.2728   0.2704   0.3887   0.1288    0.067   0.0317    0.012   0.1087   0.0082   0.1384   0.0938   0.2313    0.014    0.232   0.2255   0.3585   0.1454   0.0016   0.1096   0.3347    0.159   0.0011   0.0733   0.1613   0.0413   0.0411   0.0673   0.1395   0.1596   0.0317   0.0752    0.173   0.0508   0.0386   0.3325   0.1129   0.0692   0.1227   0.1074   0.1605   0.0053   0.0633   0.2124   0.0179   0.1612   0.1379   0.1079   0.0399   0.1463   0.0226   0.1873   0.0401   0.0067    0.054   0.0011   0.0218   0.2584   0.0375   0.0472   0.0587   0.1691   0.0414   0.0105   0.2219   0.1815   0.0131   0.0854   0.0419   0.2578   0.0021   0.0147   0.0267   0.3675   0.0507   0.0346   0.0747   0.0569   0.0164   0.1238   0.5934   0.2554   0.0753   0.0102   0.1876   0.0576     0.05   0.1838   0.0682   0.1568   0.0288   0.0482   0.0753   0.0557   0.0153   0.2916   0.0258   0.0306   0.0023   0.1946   0.2996   0.0572   0.0973   0.1009    0.163   0.1387   0.0743
  snr   -15.17
    H     5.09
 exon    False

M: qpsk
 freq      0.0   0.0019   0.0039   0.0058   0.0077   0.0096   0.0116   0.0135   0.0154   0.0173   0.0193   0.0212   0.0231    0.025    0.027   0.0289   0.0308   0.0328   0.0347   0.0366   0.0385   0.0405   0.0424   0.0443   0.0462   0.0482   0.0501    0.052   0.0539   0.0559   0.0578   0.0597   0.0617   0.0636   0.0655   0.0674   0.0694   0.0713   0.0732   0.0751   0.0771    0.079   0.0809   0.0829   0.0848   0.0867   0.0886   0.0906   0.0925   0.0944   0.0963   0.0983   0.1002   0.1021    0.104    0.106   0.1079   0.1098   0.1118   0.1137   0.1156   0.1175   0.1195   0.1214   0.1233   0.1252   0.1272   0.1291    0.131   0.1329   0.1349   0.1368   0.1387   0.1407   0.1426   0.1445   0.1464   0.1484   0.1503   0.1522   0.1541   0.1561    0.158   0.1599   0.1618   0.1638   0.1657   0.1676   0.1696   0.1715   0.1734   0.1753   0.1773   0.1792   0.1811    0.183    0.185   0.1869   0.1888   0.1908   0.1927   0.1946   0.1965   0.1985   0.2004   0.2023   0.2042   0.2062   0.2081     0.21   0.2119   0.2139   0.2158   0.2177   0.2197   0.2216   0.2235   0.2254   0.2274   0.2293   0.2312   0.2331   0.2351    0.237   0.2389   0.2408   0.2428   0.2447   0.2466   0.2486   0.2505   0.2524   0.2543   0.2563   0.2582   0.2601    0.262    0.264   0.2659   0.2678   0.2697   0.2717   0.2736   0.2755   0.2775   0.2794   0.2813   0.2832   0.2852   0.2871    0.289   0.2909   0.2929   0.2948   0.2967   0.2987   0.3006   0.3025   0.3044   0.3064   0.3083   0.3102   0.3121   0.3141    0.316   0.3179   0.3198   0.3218   0.3237   0.3256   0.3276   0.3295   0.3314   0.3333   0.3353   0.3372   0.3391    0.341    0.343   0.3449   0.3468   0.3487   0.3507   0.3526   0.3545   0.3565   0.3584   0.3603   0.3622   0.3642   0.3661    0.368   0.3699   0.3719   0.3738   0.3757   0.3776   0.3796   0.3815   0.3834   0.3854   0.3873   0.3892   0.3911   0.3931    0.395   0.3969   0.3988   0.4008   0.4027   0.4046   0.4066   0.4085   0.4104   0.4123   0.4143   0.4162   0.4181     0.42    0.422   0.4239   0.4258   0.4277   0.4297   0.4316   0.4335   0.4355   0.4374   0.4393   0.4412   0.4432   0.4451    0.447   0.4489   0.4509   0.4528   0.4547   0.4566   0.4586   0.4605   0.4624   0.4644   0.4663   0.4682   0.4701   0.4721    0.474   0.4759   0.4778   0.4798   0.4817   0.4836   0.4855   0.4875   0.4894   0.4913   0.4933   0.4952   0.4971    0.499
    S      0.0   0.8737    0.404   0.5887   0.2519   0.1187   0.1437   0.1294   0.3324   0.1842   0.0648   0.1046   0.0787   0.2887   0.2704   0.1032   0.1043   0.2003   0.2031   0.3568   0.1042   0.1313    0.462   0.1572   0.1392    0.365   0.3678   0.2762   0.0388   0.0405   0.2226   0.0799   0.0298   0.1369   0.2811   0.2932   0.3612   0.1126   0.6402   0.2732   0.1421   0.4566   0.4883   0.6087   0.5887   0.2167   0.1341   0.0498      1.0   0.2058   0.0802   0.1763   0.1506   0.0506   0.4054   0.1296   0.0506   0.3202   0.1463   0.2166   0.1666   0.5276   0.0095   0.1938   0.1011    0.154   0.2794   0.1426   0.4372   0.1202   0.2086   0.1947   0.1326   0.1011   0.3256   0.1552   0.1613   0.3785   0.6068    0.435   0.2112   0.2579   0.0994   0.1898    0.192   0.3627   0.1841   0.2922   0.1457   0.3111   0.2799   0.0661    0.028     0.13   0.3643   0.1931   0.0151    0.135   0.2078   0.1771   0.2245   0.1516   0.1968    0.205   0.2818   0.0429   0.1644   0.0757    0.193   0.0864   0.2575   0.0701   0.0931   0.2453   0.0963   0.2893   0.0719   0.1873   0.1607   0.2164   0.0293   0.1644   0.2059   0.2117   0.4878   0.0201    0.454   0.3579   0.1715   0.0127   0.2299   0.0885   0.6017   0.6128   0.1718   0.0409   0.1018   0.3088   0.2422   0.1454    0.265   0.2227   0.0386   0.6871   0.4183   0.0781   0.2449   0.1799   0.1287   0.0399   0.3454   0.0225   0.1712   0.3059   0.2489   0.2032   0.6666   0.2532   0.1672   0.1766    0.095   0.0755   0.0601   0.2448   0.1348   0.1822   0.0922   0.4377   0.3267   0.2313   0.1545   0.1259   0.0405   0.6463   0.6622   0.1009   0.5043   0.2543   0.1423   0.5142   0.2296   0.3584   0.1469   0.2658   0.1732   0.2261   0.3328   0.0543   0.7669   0.1629   0.2753    0.186   0.2872   0.1462   0.7218   0.1165   0.2962   0.1605   0.4319   0.2781   0.1494   0.2064    0.426   0.0446   0.2716   0.0309   0.2349   0.4602   0.0745   0.1678   0.2539   0.2192    0.238   0.0628   0.2759   0.0516   0.1036   0.1003   0.5833   0.3635   0.1864   0.1619   0.1695   0.1227   0.0328   0.0401   0.4854   0.0732   0.1771   0.0798   0.0276   0.1455     0.58    0.359   0.5438   0.2448    0.285   0.1967   0.2393   0.0718   0.1854   0.2055   0.1607   0.0716   0.2684     0.08   0.3176   0.1788   0.2396   0.1443   0.1437    0.436    0.334   0.3035   0.0904    0.265   0.2707   0.1987   0.0958   0.2946
  snr    -17.7
    H     5.32
 exon    False

M: mem
 freq      0.0   0.0019   0.0039   0.0058   0.0077   0.0097   0.0116   0.0135   0.0154   0.0174   0.0193   0.0212   0.0232   0.0251    0.027    0.029   0.0309   0.0328   0.0347   0.0367   0.0386   0.0405   0.0425   0.0444   0.0463   0.0483   0.0502   0.0521   0.0541    0.056   0.0579   0.0598   0.0618   0.0637   0.0656   0.0676   0.0695   0.0714   0.0734   0.0753   0.0772   0.0792   0.0811    0.083   0.0849   0.0869   0.0888   0.0907   0.0927   0.0946   0.0965   0.0985   0.1004   0.1023   0.1042   0.1062   0.1081     0.11    0.112   0.1139   0.1158   0.1178   0.1197   0.1216   0.1236   0.1255   0.1274   0.1293   0.1313   0.1332   0.1351   0.1371    0.139   0.1409   0.1429   0.1448   0.1467   0.1486   0.1506   0.1525   0.1544   0.1564   0.1583   0.1602   0.1622   0.1641    0.166    0.168   0.1699   0.1718   0.1737   0.1757   0.1776   0.1795   0.1815   0.1834   0.1853   0.1873   0.1892   0.1911   0.1931    0.195   0.1969   0.1988   0.2008   0.2027   0.2046   0.2066   0.2085   0.2104   0.2124   0.2143   0.2162   0.2181   0.2201    0.222   0.2239   0.2259   0.2278   0.2297   0.2317   0.2336   0.2355   0.2375   0.2394   0.2413   0.2432   0.2452   0.2471    0.249    0.251   0.2529   0.2548   0.2568   0.2587   0.2606   0.2625   0.2645   0.2664   0.2683   0.2703   0.2722   0.2741   0.2761    0.278   0.2799   0.2819   0.2838   0.2857   0.2876   0.2896   0.2915   0.2934   0.2954   0.2973   0.2992   0.3012   0.3031    0.305   0.3069   0.3089   0.3108   0.3127   0.3147   0.3166   0.3185   0.3205   0.3224   0.3243   0.3263   0.3282   0.3301    0.332    0.334   0.3359   0.3378   0.3398   0.3417   0.3436   0.3456   0.3475   0.3494   0.3514   0.3533   0.3552   0.3571   0.3591    0.361   0.3629   0.3649   0.3668   0.3687   0.3707   0.3726   0.3745   0.3764   0.3784   0.3803   0.3822   0.3842   0.3861    0.388     0.39   0.3919   0.3938   0.3958   0.3977   0.3996   0.4015   0.4035   0.4054   0.4073   0.4093   0.4112   0.4131   0.4151    0.417   0.4189   0.4208   0.4228   0.4247   0.4266   0.4286   0.4305   0.4324   0.4344   0.4363   0.4382   0.4402   0.4421    0.444   0.4459   0.4479   0.4498   0.4517   0.4537   0.4556   0.4575   0.4595   0.4614   0.4633   0.4653   0.4672   0.4691    0.471    0.473   0.4749   0.4768   0.4788   0.4807   0.4826   0.4846   0.4865   0.4884   0.4903   0.4923   0.4942   0.4961   0.4981
    S      0.0   0.3466   0.1929   0.8211   0.1017   0.0256   0.1521    0.196   0.0658   0.0971   0.0064   0.0227   0.0108   0.3276   0.0415   0.0848   0.1922      1.0   0.0272   0.2673   0.0101    0.142   0.1601   0.1196    0.238   0.0101   0.0129   0.1771   0.0619   0.1581   0.0916   0.0718   0.0822   0.0027   0.0051   0.0137   0.4019   0.0293   0.0587      0.0   0.0912   0.0574   0.1571    0.008   0.1777   0.0305   0.0564   0.1422   0.1127   0.0579   0.0881   0.0117   0.0688   0.0579   0.0229   0.0727   0.4215   0.1355    0.146   0.0445   0.0839   0.0169   0.0687   0.0846     0.16   0.2168   0.0299   0.1947    0.587   0.0337   0.0074   0.1155   0.1042   0.0078   0.1372     0.02   0.4412   0.1442   0.0877   0.0445   0.0438   0.0461   0.1849   0.0154   0.0107   0.0766   0.3744   0.0295   0.1279    0.385   0.0096   0.0227   0.0976   0.0462   0.0735   0.0789   0.0526   0.0282   0.0016   0.0336    0.366   0.4399   0.0622    0.085   0.0371   0.0638   0.0404   0.1022   0.2199   0.1096   0.0107   0.0221   0.0538    0.017   0.0276   0.1383   0.3082   0.0205   0.3512   0.0345   0.2471   0.0035   0.0494   0.0782   0.1807   0.1528   0.1829    0.104   0.2513   0.0144    0.086   0.3994   0.1421   0.0955    0.009   0.1308   0.0764   0.0085   0.0097   0.2693    0.008   0.0506   0.0149   0.1781   0.1558   0.3282   0.1826   0.7029   0.1483   0.0402   0.2082   0.0268   0.0405   0.0467   0.0043   0.0069   0.1357    0.002   0.1959   0.0548   0.0139   0.1894   0.0175   0.0691   0.1528    0.152   0.0062    0.044   0.2136   0.0218   0.0065   0.1845   0.0108    0.334   0.1694     0.09   0.1525   0.0907   0.0868   0.2141   0.1883   0.0604   0.1174   0.3569   0.0224   0.0248   0.1275   0.0286    0.046   0.1366   0.0431   0.1263   0.0603   0.0172   0.1138    0.057   0.1322   0.3799   0.1499   0.0035   0.0729   0.1086   0.1561   0.0561   0.0572   0.0157   0.0345    0.014   0.0605   0.0253   0.0253   0.2249   0.0158   0.0384   0.1599   0.1338   0.0399   0.0107   0.2273   0.1756   0.1137   0.1022   0.0003   0.2483   0.0397   0.0388   0.0448   0.0162   0.0195   0.0021   0.0508   0.0345   0.0764   0.3578   0.3572   0.5247   0.1137   0.0772   0.1612   0.1252   0.3733   0.0058   0.0332   0.0471   0.0826   0.0066   0.1548   0.0252    0.075   0.1803   0.1323   0.0029   0.0981   0.0575   0.0228   0.1219   0.0133   0.2082   0.0201
  snr   -14.61
    H     5.05
 exon    False

M: tbpse
 freq      0.0   0.0019   0.0039   0.0058   0.0077   0.0096   0.0116   0.0135   0.0154   0.0173   0.0193   0.0212   0.0231    0.025    0.027   0.0289   0.0308   0.0328   0.0347   0.0366   0.0385   0.0405   0.0424   0.0443   0.0462   0.0482   0.0501    0.052   0.0539   0.0559   0.0578   0.0597   0.0617   0.0636   0.0655   0.0674   0.0694   0.0713   0.0732   0.0751   0.0771    0.079   0.0809   0.0829   0.0848   0.0867   0.0886   0.0906   0.0925   0.0944   0.0963   0.0983   0.1002   0.1021    0.104    0.106   0.1079   0.1098   0.1118   0.1137   0.1156   0.1175   0.1195   0.1214   0.1233   0.1252   0.1272   0.1291    0.131   0.1329   0.1349   0.1368   0.1387   0.1407   0.1426   0.1445   0.1464   0.1484   0.1503   0.1522   0.1541   0.1561    0.158   0.1599   0.1618   0.1638   0.1657   0.1676   0.1696   0.1715   0.1734   0.1753   0.1773   0.1792   0.1811    0.183    0.185   0.1869   0.1888   0.1908   0.1927   0.1946   0.1965   0.1985   0.2004   0.2023   0.2042   0.2062   0.2081     0.21   0.2119   0.2139   0.2158   0.2177   0.2197   0.2216   0.2235   0.2254   0.2274   0.2293   0.2312   0.2331   0.2351    0.237   0.2389   0.2408   0.2428   0.2447   0.2466   0.2486   0.2505   0.2524   0.2543   0.2563   0.2582   0.2601    0.262    0.264   0.2659   0.2678   0.2697   0.2717   0.2736   0.2755   0.2775   0.2794   0.2813   0.2832   0.2852   0.2871    0.289   0.2909   0.2929   0.2948   0.2967   0.2987   0.3006   0.3025   0.3044   0.3064   0.3083   0.3102   0.3121   0.3141    0.316   0.3179   0.3198   0.3218   0.3237   0.3256   0.3276   0.3295   0.3314   0.3333   0.3353   0.3372   0.3391    0.341    0.343   0.3449   0.3468   0.3487   0.3507   0.3526   0.3545   0.3565   0.3584   0.3603   0.3622   0.3642   0.3661    0.368   0.3699   0.3719   0.3738   0.3757   0.3776   0.3796   0.3815   0.3834   0.3854   0.3873   0.3892   0.3911   0.3931    0.395   0.3969   0.3988   0.4008   0.4027   0.4046   0.4066   0.4085   0.4104   0.4123   0.4143   0.4162   0.4181     0.42    0.422   0.4239   0.4258   0.4277   0.4297   0.4316   0.4335   0.4355   0.4374   0.4393   0.4412   0.4432   0.4451    0.447   0.4489   0.4509   0.4528   0.4547   0.4566   0.4586   0.4605   0.4624   0.4644   0.4663   0.4682   0.4701   0.4721    0.474   0.4759   0.4778   0.4798   0.4817   0.4836   0.4855   0.4875   0.4894   0.4913   0.4933   0.4952   0.4971    0.499
    S      0.0   0.9224   0.4077    0.776   0.1593   0.0579   0.2029   0.0996   0.1575   0.2239    0.047   0.0325   0.0787   0.3906   0.2114   0.1236   0.1309   0.5079   0.1902   0.3974   0.0401   0.1176   0.4817   0.1506   0.1755   0.3518   0.2518   0.2756   0.0547   0.0426    0.084   0.1027   0.0096    0.084   0.2434   0.2409   0.5027   0.0523   0.6268   0.1984   0.1766   0.4469   0.5216   0.5457   0.4767   0.1685   0.0936   0.1019      1.0   0.1855   0.0459   0.1746   0.1667    0.038   0.4108   0.1214   0.1378   0.1705   0.1658   0.2187   0.2136   0.4422   0.0122    0.207   0.1114   0.2116   0.1707   0.1206   0.2953   0.1458   0.1673    0.228   0.1052   0.0466    0.255   0.1437   0.1861   0.3565   0.4683   0.3269   0.1775   0.2321   0.1685   0.1156   0.1724    0.382   0.2015   0.1446   0.1668   0.4052   0.2807   0.0833   0.0533   0.1302   0.2321   0.0917   0.0216    0.123   0.1433   0.1717   0.3268   0.3084   0.1771   0.1442   0.1828   0.0523    0.108   0.1138   0.1387   0.1357   0.1317   0.0583   0.1143   0.2488   0.0996   0.1675   0.1969   0.1601   0.2733     0.12    0.057   0.1526   0.1905   0.1997   0.5885   0.0856   0.4922   0.3077    0.061   0.0067   0.2889   0.1778   0.3974   0.5621    0.144   0.0418   0.0919    0.213   0.0829    0.207   0.2122   0.2066   0.0414    0.627    0.424   0.2133   0.1461   0.2268   0.0768   0.0908   0.3139    0.021   0.1982   0.2463    0.228    0.174   0.5539   0.0976   0.2429   0.1617   0.0756   0.1079   0.0425   0.2317   0.0376   0.1822   0.0913   0.1446   0.3219    0.207   0.1037   0.0748   0.0144   0.6603   0.5691   0.0575   0.3262    0.284   0.1518   0.4118   0.0808   0.1641   0.1664   0.2453   0.0625   0.1899   0.1898   0.0344   0.6167   0.1331   0.2219   0.1448    0.221   0.1336   0.4188   0.1802   0.2617   0.2365   0.4171   0.3075   0.0594   0.2031   0.3258   0.0138   0.2391    0.035   0.1087   0.2733   0.0641   0.1248   0.2736   0.1706   0.1268    0.052   0.1916    0.057   0.1849   0.0803   0.2429   0.2838   0.1261   0.0664   0.1599   0.0748   0.0224   0.0541   0.5553   0.0594   0.0818   0.0713   0.0356   0.1307   0.4634   0.3861   0.7299   0.2502   0.4252   0.1917   0.2871   0.0818   0.1204   0.2706   0.1611   0.0358   0.1179   0.0807   0.2282   0.1398   0.1414   0.1505   0.2594   0.2264   0.3122   0.2996   0.0831    0.138   0.2856   0.0807   0.1174   0.1835
  snr   -17.22
    H      5.3
 exon    False

M: snrse
 freq      0.0   0.0019   0.0039   0.0058   0.0077   0.0096   0.0116   0.0135   0.0154   0.0173   0.0193   0.0212   0.0231    0.025    0.027   0.0289   0.0308   0.0328   0.0347   0.0366   0.0385   0.0405   0.0424   0.0443   0.0462   0.0482   0.0501    0.052   0.0539   0.0559   0.0578   0.0597   0.0617   0.0636   0.0655   0.0674   0.0694   0.0713   0.0732   0.0751   0.0771    0.079   0.0809   0.0829   0.0848   0.0867   0.0886   0.0906   0.0925   0.0944   0.0963   0.0983   0.1002   0.1021    0.104    0.106   0.1079   0.1098   0.1118   0.1137   0.1156   0.1175   0.1195   0.1214   0.1233   0.1252   0.1272   0.1291    0.131   0.1329   0.1349   0.1368   0.1387   0.1407   0.1426   0.1445   0.1464   0.1484   0.1503   0.1522   0.1541   0.1561    0.158   0.1599   0.1618   0.1638   0.1657   0.1676   0.1696   0.1715   0.1734   0.1753   0.1773   0.1792   0.1811    0.183    0.185   0.1869   0.1888   0.1908   0.1927   0.1946   0.1965   0.1985   0.2004   0.2023   0.2042   0.2062   0.2081     0.21   0.2119   0.2139   0.2158   0.2177   0.2197   0.2216   0.2235   0.2254   0.2274   0.2293   0.2312   0.2331   0.2351    0.237   0.2389   0.2408   0.2428   0.2447   0.2466   0.2486   0.2505   0.2524   0.2543   0.2563   0.2582   0.2601    0.262    0.264   0.2659   0.2678   0.2697   0.2717   0.2736   0.2755   0.2775   0.2794   0.2813   0.2832   0.2852   0.2871    0.289   0.2909   0.2929   0.2948   0.2967   0.2987   0.3006   0.3025   0.3044   0.3064   0.3083   0.3102   0.3121   0.3141    0.316   0.3179   0.3198   0.3218   0.3237   0.3256   0.3276   0.3295   0.3314   0.3333   0.3353   0.3372   0.3391    0.341    0.343   0.3449   0.3468   0.3487   0.3507   0.3526   0.3545   0.3565   0.3584   0.3603   0.3622   0.3642   0.3661    0.368   0.3699   0.3719   0.3738   0.3757   0.3776   0.3796   0.3815   0.3834   0.3854   0.3873   0.3892   0.3911   0.3931    0.395   0.3969   0.3988   0.4008   0.4027   0.4046   0.4066   0.4085   0.4104   0.4123   0.4143   0.4162   0.4181     0.42    0.422   0.4239   0.4258   0.4277   0.4297   0.4316   0.4335   0.4355   0.4374   0.4393   0.4412   0.4432   0.4451    0.447   0.4489   0.4509   0.4528   0.4547   0.4566   0.4586   0.4605   0.4624   0.4644   0.4663   0.4682   0.4701   0.4721    0.474   0.4759   0.4778   0.4798   0.4817   0.4836   0.4855   0.4875   0.4894   0.4913   0.4933   0.4952   0.4971    0.499
    S      0.0   0.3142   0.1171   0.0059   0.1895   0.0181   0.0401   0.0194   0.0959   0.1092   0.0402   0.0621   0.0667   0.0827   0.1917   0.0327   0.2244   0.0047   0.1028   0.0364   0.0123   0.0082   0.0978   0.1043   0.2727   0.3804   0.2279   0.4044    0.007   0.0372   0.0705   0.0115   0.0149   0.0859   0.2918   0.2194    0.031   0.0382   0.4907    0.276   0.0791   0.4444   0.3286   0.7692   0.1517   0.1677   0.0296   0.1033      1.0   0.1073   0.0064   0.0993   0.2156   0.0014   0.3783   0.0995   0.0315   0.0402   0.1047   0.0098   0.0744    0.404   0.0054   0.1374   0.1571   0.0349   0.0106   0.0753   0.0753   0.1466   0.2057   0.1095   0.0267   0.0508    0.068   0.0633   0.0138   0.3388   0.1406   0.1433     0.12   0.1756   0.0007   0.0261   0.1896   0.3127   0.0159   0.0102    0.041   0.0155   0.2554    0.028   0.0451   0.0504   0.1329   0.0743   0.0065   0.1954   0.0324   0.0998    0.271   0.0058   0.1291    0.016   0.0286   0.0711   0.2349   0.0526   0.0261   0.0301   0.0133   0.0265   0.0458    0.226   0.0297   0.1313   0.1225   0.0584   0.2535   0.0055   0.0046   0.0373   0.1869   0.1765   0.1716   0.0378   0.2329   0.0965   0.3612   0.0129   0.1588   0.0387   0.0814   0.0984   0.0522   0.0527   0.1947   0.1499   0.0704   0.0566   0.2092   0.1128    0.047    0.409   0.0933   0.0445   0.0314   0.0124   0.0131   0.0809   0.4558   0.0274   0.1576   0.2352   0.2254   0.2466   0.4611   0.1363   0.0815   0.0455   0.0087   0.0542   0.0148   0.1134   0.0923   0.2121   0.0057    0.238   0.1933   0.3162   0.1252    0.004   0.0852   0.3299   0.2441   0.0028   0.0689   0.1729    0.063   0.0971   0.0835   0.1089   0.1471    0.041   0.0608   0.1936   0.0434   0.0398   0.1734   0.1275   0.0278   0.0965   0.1287   0.1568   0.0117    0.049   0.1205   0.0372   0.1829   0.1507   0.1064   0.0303   0.1375   0.0175   0.1786   0.0301   0.0069    0.077   0.0012   0.0132   0.2035   0.0566   0.0402    0.034   0.1115   0.0435   0.0008   0.1842   0.2037   0.0337   0.0733   0.0396   0.2205   0.0081   0.0092   0.0122   0.3828   0.0381   0.0261   0.0759   0.0362   0.0353   0.1357   0.4625   0.2729   0.0683   0.0403   0.1858   0.0729   0.0467   0.1808   0.0919   0.1099   0.0206   0.0432   0.0466   0.0825   0.0258   0.2858    0.024   0.0274   0.0213   0.1726   0.2402   0.0499   0.1121   0.1181    0.133   0.0862   0.0567
  snr   -14.68
    H      5.1
 exon    False