>YNL138W-A
N: 258
Methods: voss, eiip, qpsk, mem, tbpse, snrse

M: voss
 freq      0.0   0.0039   0.0078   0.0116   0.0155   0.0194   0.0233   0.0271    0.031   0.0349   0.0388   0.0426   0.0465   0.0504   0.0543   0.0581    0.062   0.0659   0.0698   0.0736   0.0775   0.0814   0.0853   0.0891    0.093   0.0969   0.1008   0.1047   0.1085   0.1124   0.1163   0.1202    0.124   0.1279   0.1318   0.1357   0.1395   0.1434   0.1473   0.1512    0.155   0.1589   0.1628   0.1667   0.1705   0.1744   0.1783   0.1822    0.186   0.1899   0.1938   0.1977   0.2016   0.2054   0.2093   0.2132   0.2171   0.2209   0.2248   0.2287   0.2326   0.2364   0.2403   0.2442   0.2481   0.2519   0.2558   0.2597   0.2636   0.2674   0.2713   0.2752   0.2791   0.2829   0.2868   0.2907   0.2946   0.2984   0.3023   0.3062   0.3101    0.314   0.3178   0.3217   0.3256   0.3295   0.3333   0.3372   0.3411    0.345   0.3488   0.3527   0.3566   0.3605   0.3643   0.3682   0.3721    0.376   0.3798   0.3837   0.3876   0.3915   0.3953   0.3992   0.4031    0.407   0.4109   0.4147   0.4186   0.4225   0.4264   0.4302   0.4341    0.438   0.4419   0.4457   0.4496   0.4535   0.4574   0.4612   0.4651    0.469   0.4729   0.4767   0.4806   0.4845   0.4884   0.4922   0.4961
    S      0.0   0.7105   0.1167   0.6555     0.28   0.0797   0.2509   0.2425    0.353    0.216    0.156   0.0288   0.1554   0.5396   0.3777   0.1657   0.2845   0.1293   0.0876   0.2201   0.1416   0.2149   0.2345    0.267   0.1934   0.1788   0.2927   0.4563   0.2648   0.1999    0.269    0.255   0.2206   0.2274   0.5156    0.269   0.0589   0.3885   0.3968   0.3447   0.0642    0.113   0.3667   0.2599   0.2168   0.2446    0.337   0.1321   0.1183   0.1432    0.302   0.9694   0.1567     0.25   0.1227   0.2367   0.0576   0.2953   0.4938   0.0845   0.1623   0.2049   0.1537   0.2404   0.1916   0.3117   0.1755   0.1986   0.2382   0.3783   0.1048   0.0887   0.2761   0.0369   0.0795   0.2235   0.1396   0.0884     0.16   0.3713   0.0353    0.151    0.324   0.4742   0.3239   0.3963   0.2315   0.3295   0.3572   0.5243   0.3917   0.1653   0.2096   0.3539   0.1198   0.1204   0.2746   0.4625   0.4104   0.7851    0.511   0.3729   0.1797   0.4634   0.3358   0.1432   0.3344   0.1328   0.2942   0.4486   0.1236   0.3495   0.3764   0.2018   0.1037    0.471   0.9042   0.4151   0.4637   0.1645   0.1173   0.0239   0.2565   0.3067      1.0   0.1352   0.0807   0.1628   0.1728
  snr   -15.28
    H     4.66
 exon    False

M: eiip
 freq      0.0   0.0039   0.0078   0.0116   0.0155   0.0194   0.0233   0.0271    0.031   0.0349   0.0388   0.0426   0.0465   0.0504   0.0543   0.0581    0.062   0.0659   0.0698   0.0736   0.0775   0.0814   0.0853   0.0891    0.093   0.0969   0.1008   0.1047   0.1085   0.1124   0.1163   0.1202    0.124   0.1279   0.1318   0.1357   0.1395   0.1434   0.1473   0.1512    0.155   0.1589   0.1628   0.1667   0.1705   0.1744   0.1783   0.1822    0.186   0.1899   0.1938   0.1977   0.2016   0.2054   0.2093   0.2132   0.2171   0.2209   0.2248   0.2287   0.2326   0.2364   0.2403   0.2442   0.2481   0.2519   0.2558   0.2597   0.2636   0.2674   0.2713   0.2752   0.2791   0.2829   0.2868   0.2907   0.2946   0.2984   0.3023   0.3062   0.3101    0.314   0.3178   0.3217   0.3256   0.3295   0.3333   0.3372   0.3411    0.345   0.3488   0.3527   0.3566   0.3605   0.3643   0.3682   0.3721    0.376   0.3798   0.3837   0.3876   0.3915   0.3953   0.3992   0.4031    0.407   0.4109   0.4147   0.4186   0.4225   0.4264   0.4302   0.4341    0.438   0.4419   0.4457   0.4496   0.4535   0.4574   0.4612   0.4651    0.469   0.4729   0.4767   0.4806   0.4845   0.4884   0.4922   0.4961
    S      0.0   0.3905   0.0713      1.0    0.014   0.0998   0.0764   0.3495   0.2567   0.0195   0.0552   0.0421   0.1543   0.4667    0.062   0.1096    0.057     0.12   0.0369   0.0234   0.1141   0.0022   0.1168   0.1355   0.0223   0.0507   0.1909   0.4279   0.2176   0.1093   0.1613   0.1702   0.1388   0.3307   0.6995   0.1515   0.0151   0.2583   0.2138   0.1766   0.0746   0.0857   0.0642     0.02   0.0645   0.0225   0.0249   0.0245   0.1611    0.016    0.039   0.0235   0.1219   0.2335   0.0987    0.061   0.0303   0.0255   0.1282   0.0328   0.1929   0.0711   0.0403   0.1601   0.1743     0.18   0.1606   0.0844   0.0554   0.3957   0.0341   0.0708   0.1379   0.0126   0.0424   0.1978   0.1262   0.0705   0.1876   0.1551   0.0097   0.1838   0.2904   0.3995   0.2012   0.4927   0.1453   0.4913   0.4675   0.1614    0.662   0.0593   0.1076   0.0629   0.1636   0.1268    0.002   0.0761   0.0471   0.0341    0.593   0.0486    0.023   0.5893   0.3568   0.0336   0.1245   0.1345   0.0652   0.3924   0.1157   0.0915   0.0755   0.2338   0.1214   0.2542    0.332   0.3924   0.6676    0.049    0.079   0.0222   0.2684   0.0775   0.0991   0.2116    0.083   0.0001   0.0004
  snr   -12.95
    H     4.41
 exon    False

M: qpsk
 freq      0.0   0.0039   0.0078   0.0116   0.0155   0.0194   0.0233   0.0271    0.031   0.0349   0.0388   0.0426   0.0465   0.0504   0.0543   0.0581    0.062   0.0659   0.0698   0.0736   0.0775   0.0814   0.0853   0.0891    0.093   0.0969   0.1008   0.1047   0.1085   0.1124   0.1163   0.1202    0.124   0.1279   0.1318   0.1357   0.1395   0.1434   0.1473   0.1512    0.155   0.1589   0.1628   0.1667   0.1705   0.1744   0.1783   0.1822    0.186   0.1899   0.1938   0.1977   0.2016   0.2054   0.2093   0.2132   0.2171   0.2209   0.2248   0.2287   0.2326   0.2364   0.2403   0.2442   0.2481   0.2519   0.2558   0.2597   0.2636   0.2674   0.2713   0.2752   0.2791   0.2829   0.2868   0.2907   0.2946   0.2984   0.3023   0.3062   0.3101    0.314   0.3178   0.3217   0.3256   0.3295   0.3333   0.3372   0.3411    0.345   0.3488   0.3527   0.3566   0.3605   0.3643   0.3682   0.3721    0.376   0.3798   0.3837   0.3876   0.3915   0.3953   0.3992   0.4031    0.407   0.4109   0.4147   0.4186   0.4225   0.4264   0.4302   0.4341    0.438   0.4419   0.4457   0.4496   0.4535   0.4574   0.4612   0.4651    0.469   0.4729   0.4767   0.4806   0.4845   0.4884   0.4922   0.4961
    S      0.0   0.8204   0.0624   0.5702   0.2846   0.0507   0.1141   0.1604   0.0454   0.2199   0.1516   0.0322   0.1473   0.6192    0.372   0.1825   0.2741   0.1273   0.1054    0.162   0.1512   0.2078   0.2422   0.1329   0.0801   0.1602   0.2984   0.3733   0.2725    0.025    0.272   0.2725   0.2085   0.2209   0.2292   0.2971   0.0287   0.2948   0.1424   0.4019   0.0636   0.0365   0.1334   0.1879   0.2438   0.0956   0.1205   0.1232   0.1243    0.131   0.1654   0.2443   0.1629    0.269   0.1238   0.2339    0.055   0.2292   0.5532   0.0743   0.0782   0.1323   0.1384   0.2031    0.221   0.1161   0.2065   0.2341   0.1979   0.0673   0.1146   0.0556   0.3281   0.0289   0.0663    0.227   0.0996   0.1034   0.1579   0.2915   0.0357   0.1779   0.1907   0.0372   0.2733   0.3676   0.2562   0.2923    0.246   0.0812   0.4004   0.1729   0.1791   0.2677   0.1065   0.1397   0.1801   0.5078   0.2618   0.8252   0.2134   0.3701   0.1572   0.2603   0.3531   0.1638   0.3302   0.0426   0.3171   0.4606   0.0411   0.3146   0.2809   0.1148   0.0922   0.2057   0.6508   0.4777   0.4858   0.1779   0.1124    0.015   0.1482   0.2092      1.0   0.1341   0.0657   0.1864   0.0521
  snr   -14.26
    H     4.61
 exon    False

M: mem
 freq      0.0   0.0039   0.0078   0.0116   0.0155   0.0194   0.0233   0.0271    0.031   0.0349   0.0388   0.0426   0.0465   0.0504   0.0543   0.0581    0.062   0.0659   0.0698   0.0736   0.0775   0.0814   0.0853   0.0891    0.093   0.0969   0.1008   0.1047   0.1085   0.1124   0.1163   0.1202    0.124   0.1279   0.1318   0.1357   0.1395   0.1434   0.1473   0.1512    0.155   0.1589   0.1628   0.1667   0.1705   0.1744   0.1783   0.1822    0.186   0.1899   0.1938   0.1977   0.2016   0.2054   0.2093   0.2132   0.2171   0.2209   0.2248   0.2287   0.2326   0.2364   0.2403   0.2442   0.2481   0.2519   0.2558   0.2597   0.2636   0.2674   0.2713   0.2752   0.2791   0.2829   0.2868   0.2907   0.2946   0.2984   0.3023   0.3062   0.3101    0.314   0.3178   0.3217   0.3256   0.3295   0.3333   0.3372   0.3411    0.345   0.3488   0.3527   0.3566   0.3605   0.3643   0.3682   0.3721    0.376   0.3798   0.3837   0.3876   0.3915   0.3953   0.3992   0.4031    0.407   0.4109   0.4147   0.4186   0.4225   0.4264   0.4302   0.4341    0.438   0.4419   0.4457   0.4496   0.4535   0.4574   0.4612   0.4651    0.469   0.4729   0.4767   0.4806   0.4845   0.4884   0.4922   0.4961
    S      0.0   0.0154   0.0877   0.1089   0.0247   0.0382   0.1881   0.0609   0.3553   0.0506   0.0998   0.0006   0.0374   0.0553   0.0877   0.0264   0.1629   0.0212   0.0168   0.2137    0.004   0.0613   0.0682   0.1436   0.1352    0.026   0.1318   0.1071   0.0167   0.1867   0.0882   0.0438   0.0206   0.0487   0.2858    0.041     0.03    0.176   0.3542   0.0086     0.02   0.0987   0.4145   0.1464   0.0469   0.2411   0.2645   0.0328   0.0062   0.1012   0.3061      1.0    0.017   0.0076   0.0353   0.0562   0.0295   0.0744   0.2147    0.053   0.0852   0.1905   0.0846   0.1123   0.0119   0.2996   0.0381   0.0404   0.0943    0.336   0.0246   0.0242   0.0821   0.0242   0.0357   0.0812   0.0484   0.0034   0.0274   0.1758   0.0035   0.0199   0.2122   0.4248   0.2084    0.022    0.006   0.0171   0.1085   0.6473   0.0069   0.0003   0.0716   0.2875   0.0251   0.0126   0.1778   0.0927   0.1137   0.0077   0.2045   0.2001    0.146   0.1245   0.0021   0.0116   0.0082    0.072   0.1122   0.0709   0.0822   0.0368   0.0957    0.134   0.0263   0.2808    0.322   0.0003   0.0275   0.0907   0.0457   0.0113   0.1661   0.0933   0.2734    0.006   0.0188   0.0064   0.2072
  snr   -11.13
    H      4.3
 exon    False

M: tbpse
 freq      0.0   0.0039   0.0078   0.0116   0.0155   0.0194   0.0233   0.0271    0.031   0.0349   0.0388   0.0426   0.0465   0.0504   0.0543   0.0581    0.062   0.0659   0.0698   0.0736   0.0775   0.0814   0.0853   0.0891    0.093   0.0969   0.1008   0.1047   0.1085   0.1124   0.1163   0.1202    0.124   0.1279   0.1318   0.1357   0.1395   0.1434   0.1473   0.1512    0.155   0.1589   0.1628   0.1667   0.1705   0.1744   0.1783   0.1822    0.186   0.1899   0.1938   0.1977   0.2016   0.2054   0.2093   0.2132   0.2171   0.2209   0.2248   0.2287   0.2326   0.2364   0.2403   0.2442   0.2481   0.2519   0.2558   0.2597   0.2636   0.2674   0.2713   0.2752   0.2791   0.2829   0.2868   0.2907   0.2946   0.2984   0.3023   0.3062   0.3101    0.314   0.3178   0.3217   0.3256   0.3295   0.3333   0.3372   0.3411    0.345   0.3488   0.3527   0.3566   0.3605   0.3643   0.3682   0.3721    0.376   0.3798   0.3837   0.3876   0.3915   0.3953   0.3992   0.4031    0.407   0.4109   0.4147   0.4186   0.4225   0.4264   0.4302   0.4341    0.438   0.4419   0.4457   0.4496   0.4535   0.4574   0.4612   0.4651    0.469   0.4729   0.4767   0.4806   0.4845   0.4884   0.4922   0.4961
    S      0.0   0.2543   0.0262   0.3905   0.3643   0.0557    0.145    0.261   0.1057   0.2905   0.1197   0.0227   0.0742   0.1157   0.3523   0.2046   0.1927   0.0465   0.1403   0.1294   0.1307   0.1975     0.05   0.1182   0.0842   0.1563   0.1224   0.5088      0.3   0.0677   0.3444   0.0674   0.1721   0.1533   0.3131   0.1124   0.0329   0.1819   0.1964   0.4417   0.0448    0.056   0.1239   0.0938   0.3302   0.0958   0.0938   0.1791   0.1112   0.1111   0.0425    0.073   0.2494    0.148   0.1565   0.1968   0.0152   0.1893   0.6512   0.0174   0.1203   0.1098   0.0543   0.0765   0.0882   0.1057   0.1389   0.3038   0.1647   0.1348    0.061   0.0969   0.3911   0.0087   0.0949   0.1118   0.1684   0.1197   0.0436   0.0721   0.0218   0.0861   0.2066   0.2112   0.1559   0.5014   0.3627   0.4283     0.21   0.0855     0.37   0.2579   0.0435   0.1873   0.0468   0.1446   0.1398   0.6838   0.3962      1.0   0.5183   0.3104   0.1387   0.5311   0.5077   0.1034   0.5404   0.1057   0.2169   0.1085   0.0735   0.5061   0.4524   0.0407   0.0302   0.3864   0.5022   0.2655   0.5408    0.177   0.0209    0.011   0.1394    0.245   0.9177    0.121   0.0698   0.2056   0.0022
  snr   -13.95
    H     4.52
 exon    False

M: snrse
 freq      0.0   0.0039   0.0078   0.0116   0.0155   0.0194   0.0233   0.0271    0.031   0.0349   0.0388   0.0426   0.0465   0.0504   0.0543   0.0581    0.062   0.0659   0.0698   0.0736   0.0775   0.0814   0.0853   0.0891    0.093   0.0969   0.1008   0.1047   0.1085   0.1124   0.1163   0.1202    0.124   0.1279   0.1318   0.1357   0.1395   0.1434   0.1473   0.1512    0.155   0.1589   0.1628   0.1667   0.1705   0.1744   0.1783   0.1822    0.186   0.1899   0.1938   0.1977   0.2016   0.2054   0.2093   0.2132   0.2171   0.2209   0.2248   0.2287   0.2326   0.2364   0.2403   0.2442   0.2481   0.2519   0.2558   0.2597   0.2636   0.2674   0.2713   0.2752   0.2791   0.2829   0.2868   0.2907   0.2946   0.2984   0.3023   0.3062   0.3101    0.314   0.3178   0.3217   0.3256   0.3295   0.3333   0.3372   0.3411    0.345   0.3488   0.3527   0.3566   0.3605   0.3643   0.3682   0.3721    0.376   0.3798   0.3837   0.3876   0.3915   0.3953   0.3992   0.4031    0.407   0.4109   0.4147   0.4186   0.4225   0.4264   0.4302   0.4341    0.438   0.4419   0.4457   0.4496   0.4535   0.4574   0.4612   0.4651    0.469   0.4729   0.4767   0.4806   0.4845   0.4884   0.4922   0.4961
    S      0.0   0.1413   0.0524    0.015   0.0378   0.0138   0.1797   0.0213   0.2415   0.0341    0.074   0.0014    0.005   0.1558   0.1333   0.0414   0.0659   0.0412   0.0128   0.1712   0.0212   0.0553   0.1293   0.1377   0.1329   0.0558   0.1475    0.031   0.0014   0.1388   0.0462   0.0595    0.048   0.0433   0.1104   0.0251   0.0353   0.0796   0.2074   0.0127   0.0226   0.0664   0.2873   0.1911   0.0223   0.2047   0.2909   0.0269   0.0015   0.0449   0.3071      1.0   0.0126   0.0317   0.0329   0.0271    0.038   0.1336   0.1663   0.0707   0.0359   0.1451   0.0856   0.1547   0.0033   0.1584   0.0546   0.0354   0.0626   0.1767   0.0123   0.0158   0.0759    0.031   0.0266   0.0478   0.0322   0.0062    0.024   0.1935   0.0075   0.0514   0.1608   0.2773   0.2207   0.0021   0.0017    0.004   0.0734    0.458   0.0105   0.0052   0.1099    0.145    0.021   0.0143   0.1893   0.0414   0.1598   0.0694   0.1173   0.0705   0.0922   0.0591    0.003   0.0092   0.0107   0.0478   0.0559   0.1329   0.0455    0.039   0.1034   0.0469   0.0248   0.1895   0.4765   0.0354   0.0441   0.0793   0.0596   0.0113    0.067   0.1355    0.354   0.0008   0.0049   0.0067   0.1919
  snr   -10.35
    H     4.29
 exon    False