>YNL162W
N: 321
Methods: voss, eiip, qpsk, mem, tbpse, snrse

M: voss
 freq      0.0   0.0031   0.0062   0.0093   0.0125   0.0156   0.0187   0.0218   0.0249    0.028   0.0312   0.0343   0.0374   0.0405   0.0436   0.0467   0.0498    0.053   0.0561   0.0592   0.0623   0.0654   0.0685   0.0717   0.0748   0.0779    0.081   0.0841   0.0872   0.0903   0.0935   0.0966   0.0997   0.1028   0.1059    0.109   0.1121   0.1153   0.1184   0.1215   0.1246   0.1277   0.1308    0.134   0.1371   0.1402   0.1433   0.1464   0.1495   0.1526   0.1558   0.1589    0.162   0.1651   0.1682   0.1713   0.1745   0.1776   0.1807   0.1838   0.1869     0.19   0.1931   0.1963   0.1994   0.2025   0.2056   0.2087   0.2118    0.215   0.2181   0.2212   0.2243   0.2274   0.2305   0.2336   0.2368   0.2399    0.243   0.2461   0.2492   0.2523   0.2555   0.2586   0.2617   0.2648   0.2679    0.271   0.2741   0.2773   0.2804   0.2835   0.2866   0.2897   0.2928    0.296   0.2991   0.3022   0.3053   0.3084   0.3115   0.3146   0.3178   0.3209    0.324   0.3271   0.3302   0.3333   0.3364   0.3396   0.3427   0.3458   0.3489    0.352   0.3551   0.3583   0.3614   0.3645   0.3676   0.3707   0.3738   0.3769   0.3801   0.3832   0.3863   0.3894   0.3925   0.3956   0.3988   0.4019    0.405   0.4081   0.4112   0.4143   0.4174   0.4206   0.4237   0.4268   0.4299    0.433   0.4361   0.4393   0.4424   0.4455   0.4486   0.4517   0.4548   0.4579   0.4611   0.4642   0.4673   0.4704   0.4735   0.4766   0.4798   0.4829    0.486   0.4891   0.4922   0.4953   0.4984
    S      0.0   0.1772    0.072   0.1776   0.2666   0.1933   0.9531   0.1144   0.1258    0.637   0.1435   0.1693   0.4007   0.5027   0.5586   0.3433   0.5434   0.6854   0.1909   0.1404   0.6496   0.1123    0.172   0.1407   0.1777   0.3735   0.0564   0.1012    0.348   0.1654   0.2272    0.373    0.601    0.585   0.1919   0.3573   0.1535   0.5103   0.4265   0.2189   0.6579      1.0   0.4064   0.2905   0.4737   0.1719    0.442   0.0946   0.1697   0.3628   0.2256   0.6487   0.6356   0.2634   0.2785   0.5616   0.4774   0.3366    0.362   0.7815    0.368   0.2356   0.1885   0.1655   0.3172   0.3391   0.5881   0.2899   0.6776   0.4499   0.9478   0.3567   0.2855   0.4358   0.2431    0.413   0.3253   0.1484    0.246    0.603   0.1451   0.1244   0.3766   0.2976   0.2237   0.3788   0.0988   0.3162   0.1637    0.435    0.563   0.0756   0.3122   0.3297    0.281   0.2563   0.1417    0.359   0.3299   0.1008   0.0683   0.2857   0.1437   0.4333   0.4701   0.2771   0.2234    0.724    0.342   0.2914   0.2742   0.3316     0.16   0.1239   0.4443   0.0999   0.2077   0.1063   0.1262   0.1504   0.1039   0.3608   0.3183   0.1657   0.3156   0.2849   0.0833   0.0626   0.4001   0.4996   0.0499   0.1835    0.516   0.2484   0.4494   0.5663   0.3429      0.2   0.2043   0.3568   0.2071   0.4006   0.2873   0.2603   0.1807   0.3595   0.5764   0.1342   0.1428   0.3833   0.1853   0.1867   0.2134   0.1843   0.2594   0.1799   0.2573   0.2021   0.0469   0.2451   0.0787
  snr   -16.89
    H     4.91
 exon    False

M: eiip
 freq      0.0   0.0031   0.0062   0.0093   0.0125   0.0156   0.0187   0.0218   0.0249    0.028   0.0312   0.0343   0.0374   0.0405   0.0436   0.0467   0.0498    0.053   0.0561   0.0592   0.0623   0.0654   0.0685   0.0717   0.0748   0.0779    0.081   0.0841   0.0872   0.0903   0.0935   0.0966   0.0997   0.1028   0.1059    0.109   0.1121   0.1153   0.1184   0.1215   0.1246   0.1277   0.1308    0.134   0.1371   0.1402   0.1433   0.1464   0.1495   0.1526   0.1558   0.1589    0.162   0.1651   0.1682   0.1713   0.1745   0.1776   0.1807   0.1838   0.1869     0.19   0.1931   0.1963   0.1994   0.2025   0.2056   0.2087   0.2118    0.215   0.2181   0.2212   0.2243   0.2274   0.2305   0.2336   0.2368   0.2399    0.243   0.2461   0.2492   0.2523   0.2555   0.2586   0.2617   0.2648   0.2679    0.271   0.2741   0.2773   0.2804   0.2835   0.2866   0.2897   0.2928    0.296   0.2991   0.3022   0.3053   0.3084   0.3115   0.3146   0.3178   0.3209    0.324   0.3271   0.3302   0.3333   0.3364   0.3396   0.3427   0.3458   0.3489    0.352   0.3551   0.3583   0.3614   0.3645   0.3676   0.3707   0.3738   0.3769   0.3801   0.3832   0.3863   0.3894   0.3925   0.3956   0.3988   0.4019    0.405   0.4081   0.4112   0.4143   0.4174   0.4206   0.4237   0.4268   0.4299    0.433   0.4361   0.4393   0.4424   0.4455   0.4486   0.4517   0.4548   0.4579   0.4611   0.4642   0.4673   0.4704   0.4735   0.4766   0.4798   0.4829    0.486   0.4891   0.4922   0.4953   0.4984
    S      0.0   0.1814   0.1081   0.0095   0.5256   0.2411   0.0782   0.0093   0.1534   0.2465   0.1426   0.1955   0.4381   0.0104   0.3076   0.6524   0.2949   0.5689   0.4234   0.0232   0.9623    0.053   0.0376   0.0186   0.0697   0.0436   0.0481   0.1722   0.5472   0.0623   0.0327   0.3228   0.1548   0.2354   0.2071   0.2493   0.2867   0.1306   0.3693   0.0209   0.6604    0.172   0.0931   0.2479   0.0897   0.2419   0.0043    0.044   0.1269   0.4944    0.402   0.6978   0.4922   0.1699   0.5846    0.493   0.7231   0.1613   0.4317   0.0735   0.9162   0.0402   0.2583   0.0174   0.7256   0.4093    0.461   0.7719   0.3453   0.8197   0.9581   0.2063   0.2407   0.1883   0.0382    0.499   0.5214   0.3064   0.6796   0.9732   0.1084   0.1187   0.1135   0.6089   0.5344   0.0501   0.0283   0.3809   0.0617   0.8998      1.0   0.1053   0.4024   0.0222   0.1161   0.4911   0.0131    0.423    0.164   0.0569   0.0157   0.0163   0.3393   0.0609   0.7077   0.0662   0.0805   0.0249      0.4    0.182   0.4764   0.4397   0.1935   0.0522   0.6541   0.1662    0.107   0.0065   0.3298   0.1594   0.0899   0.1967   0.8109   0.3008   0.4242     0.37   0.1021   0.0224   0.0934   0.4951   0.0916   0.0433   0.1543   0.0883   0.1631   0.6828    0.326   0.2421   0.4159   0.6225    0.431   0.6777   0.0028   0.4298   0.2219   0.6077   0.3664   0.3403   0.0705   0.9025    0.015   0.1174   0.0926    0.111   0.0774   0.4084   0.2821   0.1293   0.0171   0.3002   0.0831
  snr   -16.53
    H     4.69
 exon    False

M: qpsk
 freq      0.0   0.0031   0.0062   0.0093   0.0125   0.0156   0.0187   0.0218   0.0249    0.028   0.0312   0.0343   0.0374   0.0405   0.0436   0.0467   0.0498    0.053   0.0561   0.0592   0.0623   0.0654   0.0685   0.0717   0.0748   0.0779    0.081   0.0841   0.0872   0.0903   0.0935   0.0966   0.0997   0.1028   0.1059    0.109   0.1121   0.1153   0.1184   0.1215   0.1246   0.1277   0.1308    0.134   0.1371   0.1402   0.1433   0.1464   0.1495   0.1526   0.1558   0.1589    0.162   0.1651   0.1682   0.1713   0.1745   0.1776   0.1807   0.1838   0.1869     0.19   0.1931   0.1963   0.1994   0.2025   0.2056   0.2087   0.2118    0.215   0.2181   0.2212   0.2243   0.2274   0.2305   0.2336   0.2368   0.2399    0.243   0.2461   0.2492   0.2523   0.2555   0.2586   0.2617   0.2648   0.2679    0.271   0.2741   0.2773   0.2804   0.2835   0.2866   0.2897   0.2928    0.296   0.2991   0.3022   0.3053   0.3084   0.3115   0.3146   0.3178   0.3209    0.324   0.3271   0.3302   0.3333   0.3364   0.3396   0.3427   0.3458   0.3489    0.352   0.3551   0.3583   0.3614   0.3645   0.3676   0.3707   0.3738   0.3769   0.3801   0.3832   0.3863   0.3894   0.3925   0.3956   0.3988   0.4019    0.405   0.4081   0.4112   0.4143   0.4174   0.4206   0.4237   0.4268   0.4299    0.433   0.4361   0.4393   0.4424   0.4455   0.4486   0.4517   0.4548   0.4579   0.4611   0.4642   0.4673   0.4704   0.4735   0.4766   0.4798   0.4829    0.486   0.4891   0.4922   0.4953   0.4984
    S      0.0   0.1508   0.0169   0.0681   0.1817   0.0589    0.341   0.0761   0.0214   0.4552   0.1289   0.1816   0.0363    0.236   0.3195    0.331   0.5082   0.0981    0.173   0.0528   0.3735   0.1007   0.1928   0.0911   0.1174   0.1668   0.0578   0.0634   0.3923   0.1337    0.223    0.125   0.5663   0.5391   0.1335   0.1145   0.0584   0.1253   0.4149   0.1159   0.7051   0.2428   0.0677   0.3242   0.3494    0.191   0.4817   0.0652   0.1824   0.3116   0.0787    0.385   0.4701   0.2072   0.2239    0.484   0.5385   0.3208   0.4025   0.7789   0.3984    0.256   0.1433   0.1893    0.352   0.3491   0.5257   0.2582   0.3776   0.3005      1.0   0.1093   0.2131   0.4963    0.243   0.0931   0.0976   0.1706    0.198   0.3872   0.1467   0.0552   0.4067    0.128   0.1407   0.3907   0.0923   0.2747   0.0253   0.3238    0.491   0.0663   0.3183   0.2916   0.3004   0.2796   0.1437   0.3179   0.1866   0.0334    0.053   0.1214   0.1455   0.4942   0.3175   0.2147   0.1708   0.5015   0.3542   0.2729   0.2652   0.3287   0.0128   0.0943    0.378   0.1085   0.1334   0.0431   0.0953   0.0904   0.0554   0.3807   0.2897   0.1436   0.3337   0.2422   0.0907   0.0327   0.4422   0.3876    0.017   0.2007   0.4491   0.2289    0.497   0.2195   0.0717   0.2262   0.1974   0.3575   0.2194   0.4455   0.1502    0.268   0.1015     0.41   0.5723   0.0931   0.1257   0.3822   0.1988   0.1162   0.2048    0.133   0.2606   0.1544   0.1758   0.0587   0.0356   0.2148   0.0786
  snr   -15.73
    H     4.84
 exon    False

M: mem
 freq      0.0   0.0031   0.0062   0.0094   0.0125   0.0156   0.0188   0.0219    0.025   0.0281   0.0312   0.0344   0.0375   0.0406   0.0438   0.0469     0.05   0.0531   0.0562   0.0594   0.0625   0.0656   0.0688   0.0719    0.075   0.0781   0.0812   0.0844   0.0875   0.0906   0.0938   0.0969      0.1   0.1031   0.1062   0.1094   0.1125   0.1156   0.1188   0.1219    0.125   0.1281   0.1312   0.1344   0.1375   0.1406   0.1438   0.1469     0.15   0.1531   0.1562   0.1594   0.1625   0.1656   0.1688   0.1719    0.175   0.1781   0.1813   0.1844   0.1875   0.1906   0.1938   0.1969      0.2   0.2031   0.2062   0.2094   0.2125   0.2156   0.2188   0.2219    0.225   0.2281   0.2312   0.2344   0.2375   0.2406   0.2438   0.2469     0.25   0.2531   0.2563   0.2594   0.2625   0.2656   0.2688   0.2719    0.275   0.2781   0.2812   0.2844   0.2875   0.2906   0.2938   0.2969      0.3   0.3031   0.3062   0.3094   0.3125   0.3156   0.3188   0.3219    0.325   0.3281   0.3313   0.3344   0.3375   0.3406   0.3438   0.3469     0.35   0.3531   0.3562   0.3594   0.3625   0.3656   0.3688   0.3719    0.375   0.3781   0.3813   0.3844   0.3875   0.3906   0.3938   0.3969      0.4   0.4031   0.4062   0.4094   0.4125   0.4156   0.4188   0.4219    0.425   0.4281   0.4312   0.4344   0.4375   0.4406   0.4438   0.4469     0.45   0.4531   0.4562   0.4594   0.4625   0.4656   0.4688   0.4719    0.475   0.4781   0.4812   0.4844   0.4875   0.4906   0.4938   0.4969
    S      0.0   0.0161    0.073   0.0241   0.0046   0.0651   0.6506   0.0647   0.0583   0.1357   0.0568    0.076   0.1307    0.136   0.3217   0.1917   0.1125   0.6389    0.039   0.0818   0.1383   0.0106   0.1641   0.0643   0.0176   0.1701   0.0317   0.0677   0.1653   0.0482   0.1712   0.1117   0.9822   0.9986   0.0626   0.0048    0.145    0.092   0.2442   0.0065   0.0169   0.3619   0.1804   0.2469    0.173   0.2129   0.3483   0.0074   0.0664   0.3219   0.0879   0.7879   0.0883   0.2865   0.0478      1.0   0.0432   0.2477   0.2855   0.7746   0.6271    0.021   0.1727    0.185   0.0916   0.5443   0.2796   0.3233   0.1743   0.9688    0.583   0.1871    0.075    0.493    0.441   0.0626   0.0021   0.1966   0.0305   0.3974   0.0709   0.0464   0.5538   0.1055   0.0909   0.2898   0.0321   0.0835   0.1843   0.2438   0.5462   0.0618   0.0179   0.4759   0.0225   0.1027   0.1265   0.9825   0.0012   0.0505   0.0494   0.0016   0.3859    0.157    0.374    0.934   0.1346   0.2519   0.1551   0.1985   0.1651   0.2401    0.103   0.0248   0.0029   0.0462   0.0536   0.1814   0.0405   0.0617   0.1376   0.5066   0.1714   0.4245   0.0065   0.0027   0.0216   0.0491   0.5714   0.5482   0.1051   0.1265   0.4563   0.0921   0.7376   0.3605   0.1822   0.0658   0.0333   0.5236   0.3365   0.3698   0.1738    0.036   0.1243   0.2495   0.0313   0.2103   0.0778   0.4286   0.0752   0.2922   0.1354   0.0278   0.1842   0.3677   0.0277   0.1968   0.1456   0.0038
  snr   -15.22
    H     4.58
 exon    False

M: tbpse
 freq      0.0   0.0031   0.0062   0.0093   0.0125   0.0156   0.0187   0.0218   0.0249    0.028   0.0312   0.0343   0.0374   0.0405   0.0436   0.0467   0.0498    0.053   0.0561   0.0592   0.0623   0.0654   0.0685   0.0717   0.0748   0.0779    0.081   0.0841   0.0872   0.0903   0.0935   0.0966   0.0997   0.1028   0.1059    0.109   0.1121   0.1153   0.1184   0.1215   0.1246   0.1277   0.1308    0.134   0.1371   0.1402   0.1433   0.1464   0.1495   0.1526   0.1558   0.1589    0.162   0.1651   0.1682   0.1713   0.1745   0.1776   0.1807   0.1838   0.1869     0.19   0.1931   0.1963   0.1994   0.2025   0.2056   0.2087   0.2118    0.215   0.2181   0.2212   0.2243   0.2274   0.2305   0.2336   0.2368   0.2399    0.243   0.2461   0.2492   0.2523   0.2555   0.2586   0.2617   0.2648   0.2679    0.271   0.2741   0.2773   0.2804   0.2835   0.2866   0.2897   0.2928    0.296   0.2991   0.3022   0.3053   0.3084   0.3115   0.3146   0.3178   0.3209    0.324   0.3271   0.3302   0.3333   0.3364   0.3396   0.3427   0.3458   0.3489    0.352   0.3551   0.3583   0.3614   0.3645   0.3676   0.3707   0.3738   0.3769   0.3801   0.3832   0.3863   0.3894   0.3925   0.3956   0.3988   0.4019    0.405   0.4081   0.4112   0.4143   0.4174   0.4206   0.4237   0.4268   0.4299    0.433   0.4361   0.4393   0.4424   0.4455   0.4486   0.4517   0.4548   0.4579   0.4611   0.4642   0.4673   0.4704   0.4735   0.4766   0.4798   0.4829    0.486   0.4891   0.4922   0.4953   0.4984
    S      0.0   0.0826   0.0376    0.049    0.013   0.0335      1.0   0.0406   0.0347   0.4489   0.1088    0.109   0.1596   0.4666   0.4879   0.0673   0.4956   0.5272   0.0533   0.0653   0.2345    0.075   0.1404   0.1077   0.1496   0.2016   0.0329   0.0451   0.1144   0.0458   0.0075   0.0882    0.529   0.4871   0.1228    0.068   0.0248   0.3787   0.2175   0.0233   0.5037   0.9145   0.3321   0.1658   0.4502   0.0223   0.1649   0.0733   0.1304   0.0177   0.0214   0.3985   0.1411   0.1887   0.0779   0.3497   0.2693   0.0206   0.0747   0.4863   0.0068   0.2274   0.0356   0.0926   0.0394   0.0054   0.4921   0.0182   0.4684    0.137   0.5451   0.1608   0.2352   0.0694   0.2494    0.046   0.0202    0.014   0.0075   0.0962   0.0533   0.0985   0.0219   0.0903   0.0049   0.3321   0.0172   0.0176   0.1284   0.1442   0.1317   0.0188   0.1073    0.187   0.0148   0.0253   0.0495   0.1796   0.2454    0.034   0.0665   0.0875   0.0034   0.3144   0.1863   0.2256    0.061   0.8393   0.1085   0.2189   0.1005    0.007   0.0356   0.0874   0.1383   0.0127   0.1137    0.109   0.0059   0.1079   0.0345    0.179   0.0235   0.0478   0.0759   0.1258   0.0499   0.0387   0.2862   0.2985   0.0129   0.0299   0.0675   0.2191   0.1661   0.3829   0.0551   0.1324   0.0124   0.0714   0.0091   0.0607   0.0629   0.0484   0.0455   0.1733   0.4393   0.0194   0.1172   0.0269   0.0306   0.0707   0.0216   0.1144    0.076   0.0215   0.1075   0.1098   0.0374   0.0041   0.0132
  snr   -13.58
    H     4.54
 exon    False

M: snrse
 freq      0.0   0.0031   0.0062   0.0093   0.0125   0.0156   0.0187   0.0218   0.0249    0.028   0.0312   0.0343   0.0374   0.0405   0.0436   0.0467   0.0498    0.053   0.0561   0.0592   0.0623   0.0654   0.0685   0.0717   0.0748   0.0779    0.081   0.0841   0.0872   0.0903   0.0935   0.0966   0.0997   0.1028   0.1059    0.109   0.1121   0.1153   0.1184   0.1215   0.1246   0.1277   0.1308    0.134   0.1371   0.1402   0.1433   0.1464   0.1495   0.1526   0.1558   0.1589    0.162   0.1651   0.1682   0.1713   0.1745   0.1776   0.1807   0.1838   0.1869     0.19   0.1931   0.1963   0.1994   0.2025   0.2056   0.2087   0.2118    0.215   0.2181   0.2212   0.2243   0.2274   0.2305   0.2336   0.2368   0.2399    0.243   0.2461   0.2492   0.2523   0.2555   0.2586   0.2617   0.2648   0.2679    0.271   0.2741   0.2773   0.2804   0.2835   0.2866   0.2897   0.2928    0.296   0.2991   0.3022   0.3053   0.3084   0.3115   0.3146   0.3178   0.3209    0.324   0.3271   0.3302   0.3333   0.3364   0.3396   0.3427   0.3458   0.3489    0.352   0.3551   0.3583   0.3614   0.3645   0.3676   0.3707   0.3738   0.3769   0.3801   0.3832   0.3863   0.3894   0.3925   0.3956   0.3988   0.4019    0.405   0.4081   0.4112   0.4143   0.4174   0.4206   0.4237   0.4268   0.4299    0.433   0.4361   0.4393   0.4424   0.4455   0.4486   0.4517   0.4548   0.4579   0.4611   0.4642   0.4673   0.4704   0.4735   0.4766   0.4798   0.4829    0.486   0.4891   0.4922   0.4953   0.4984
    S      0.0   0.0502   0.0534   0.1177   0.0464   0.1096   0.9289    0.058   0.0852   0.3684   0.0557   0.0377   0.3228   0.4534   0.3872   0.0705   0.2854   0.6441   0.0318   0.0993   0.2677   0.0523   0.0418   0.1006   0.1288   0.2549   0.0116   0.0446   0.0189   0.0568    0.028   0.2105    0.241   0.2209   0.1076   0.2057   0.0725   0.4639   0.0788   0.0986   0.2118      1.0   0.4094   0.0409   0.3297   0.0232    0.046   0.0651    0.053   0.0711   0.1046   0.3502   0.2778   0.1162   0.0786   0.1914   0.0782   0.0711   0.0225   0.1885    0.002    0.077   0.0544    0.019   0.0032   0.0242   0.2622   0.0316   0.4279   0.1594   0.1697   0.2494    0.159    0.014   0.1051   0.2354   0.1502    0.008   0.0226   0.2205   0.0426   0.0888   0.0238   0.1459   0.0448   0.1372   0.0088   0.0743   0.1624   0.1436   0.1448   0.0084    0.055   0.1247   0.0201   0.0155   0.0195   0.1057   0.2451   0.0698   0.0387   0.2008   0.0056   0.0807   0.1687   0.1385   0.1015   0.5374    0.099   0.1136   0.0726   0.0263   0.1165   0.0545   0.1177   0.0059   0.1294   0.1006   0.0158   0.0931   0.0529   0.0611   0.0354   0.0378   0.0701   0.1059   0.0237   0.0457    0.089   0.1934   0.0282   0.0137   0.1369   0.1025   0.0209   0.4032   0.2208   0.0398   0.0252   0.0422   0.0084   0.0225   0.1594   0.0499   0.0912   0.0466   0.1676   0.0331   0.0772   0.0273   0.0115   0.0832    0.044   0.0898    0.021     0.03   0.0913   0.1665   0.0231   0.0341   0.0172
  snr   -12.78
    H     4.59
 exon    False