>YNL184C
N: 327
Methods: voss, eiip, qpsk, mem, alg1, alg2

M: voss
 freq      0.0   0.0031   0.0061   0.0092   0.0122   0.0153   0.0183   0.0214   0.0245   0.0275   0.0306   0.0336   0.0367   0.0398   0.0428   0.0459   0.0489    0.052    0.055   0.0581   0.0612   0.0642   0.0673   0.0703   0.0734   0.0765   0.0795   0.0826   0.0856   0.0887   0.0917   0.0948   0.0979   0.1009    0.104    0.107   0.1101   0.1131   0.1162   0.1193   0.1223   0.1254   0.1284   0.1315   0.1346   0.1376   0.1407   0.1437   0.1468   0.1498   0.1529    0.156    0.159   0.1621   0.1651   0.1682   0.1713   0.1743   0.1774   0.1804   0.1835   0.1865   0.1896   0.1927   0.1957   0.1988   0.2018   0.2049    0.208    0.211   0.2141   0.2171   0.2202   0.2232   0.2263   0.2294   0.2324   0.2355   0.2385   0.2416   0.2446   0.2477   0.2508   0.2538   0.2569   0.2599    0.263   0.2661   0.2691   0.2722   0.2752   0.2783   0.2813   0.2844   0.2875   0.2905   0.2936   0.2966   0.2997   0.3028   0.3058   0.3089   0.3119    0.315    0.318   0.3211   0.3242   0.3272   0.3303   0.3333   0.3364   0.3394   0.3425   0.3456   0.3486   0.3517   0.3547   0.3578   0.3609   0.3639    0.367     0.37   0.3731   0.3761   0.3792   0.3823   0.3853   0.3884   0.3914   0.3945   0.3976   0.4006   0.4037   0.4067   0.4098   0.4128   0.4159    0.419    0.422   0.4251   0.4281   0.4312   0.4343   0.4373   0.4404   0.4434   0.4465   0.4495   0.4526   0.4557   0.4587   0.4618   0.4648   0.4679   0.4709    0.474   0.4771   0.4801   0.4832   0.4862   0.4893   0.4924   0.4954   0.4985
    S      0.0   0.4975   0.8897   0.7532   0.4712   0.4575   0.1271   0.4145   0.4227   0.3141   0.3963   0.1156   0.2912   0.3347   0.3784   0.1171   0.1706   0.1091   0.1683    0.209     0.32   0.3198   0.5093   0.2503    0.088   0.0629   0.8197   0.5851   0.3586   0.1584   0.4743    0.279   0.2073   0.0451   0.6884   0.7666   0.4678   0.2443   0.2025   0.4277   0.4078   0.2323   0.4004   0.2452   0.1958   0.1721   0.1797    0.797   0.3819   0.2311   0.3055   0.2171   0.1357   0.0504   0.1714   0.3149   0.5912   0.2954   0.3553   0.1446   0.1094   0.0671   0.4418   0.3956   0.2063   0.6037   0.3579   0.5507   0.2302   0.4329   0.1235   0.4721   0.2618   0.3327   0.2038   0.1871   0.4727   0.1022   0.1364   0.0705   0.3215   0.3533   0.3534   0.1629   0.0775   0.1526   0.3364   0.5634   0.0487   0.2813   0.1367   0.2258   0.1529   0.1715   0.1247   0.3949   0.4211   0.1018   0.3446   0.3121   0.0911   0.0907   0.1084   0.5449    0.154   0.3981    0.164   0.6182   0.4421      1.0   0.6234   0.3216   0.2749   0.2394   0.5353    0.292    0.065   0.5829   0.0672   0.1267   0.3012   0.1927   0.1882   0.2629   0.1663   0.2016   0.5933   0.3694   0.0298   0.2241    0.234   0.1791   0.1729   0.3289   0.4233   0.2786   0.4516   0.3278   0.2814   0.1541   0.0903   0.3539   0.3694    0.156   0.2599   0.4501   0.3179   0.2441   0.2963   0.1664   0.0827   0.0466   0.1888   0.1967   0.2376   0.1493   0.4513   0.2165   0.4304   0.2651   0.3509   0.1344   0.1409   0.3128
  snr   -16.77
    H     4.92
 exon     True

M: eiip
 freq      0.0   0.0031   0.0061   0.0092   0.0122   0.0153   0.0183   0.0214   0.0245   0.0275   0.0306   0.0336   0.0367   0.0398   0.0428   0.0459   0.0489    0.052    0.055   0.0581   0.0612   0.0642   0.0673   0.0703   0.0734   0.0765   0.0795   0.0826   0.0856   0.0887   0.0917   0.0948   0.0979   0.1009    0.104    0.107   0.1101   0.1131   0.1162   0.1193   0.1223   0.1254   0.1284   0.1315   0.1346   0.1376   0.1407   0.1437   0.1468   0.1498   0.1529    0.156    0.159   0.1621   0.1651   0.1682   0.1713   0.1743   0.1774   0.1804   0.1835   0.1865   0.1896   0.1927   0.1957   0.1988   0.2018   0.2049    0.208    0.211   0.2141   0.2171   0.2202   0.2232   0.2263   0.2294   0.2324   0.2355   0.2385   0.2416   0.2446   0.2477   0.2508   0.2538   0.2569   0.2599    0.263   0.2661   0.2691   0.2722   0.2752   0.2783   0.2813   0.2844   0.2875   0.2905   0.2936   0.2966   0.2997   0.3028   0.3058   0.3089   0.3119    0.315    0.318   0.3211   0.3242   0.3272   0.3303   0.3333   0.3364   0.3394   0.3425   0.3456   0.3486   0.3517   0.3547   0.3578   0.3609   0.3639    0.367     0.37   0.3731   0.3761   0.3792   0.3823   0.3853   0.3884   0.3914   0.3945   0.3976   0.4006   0.4037   0.4067   0.4098   0.4128   0.4159    0.419    0.422   0.4251   0.4281   0.4312   0.4343   0.4373   0.4404   0.4434   0.4465   0.4495   0.4526   0.4557   0.4587   0.4618   0.4648   0.4679   0.4709    0.474   0.4771   0.4801   0.4832   0.4862   0.4893   0.4924   0.4954   0.4985
    S      0.0   0.4319   0.3024   0.1158   0.0608    0.071   0.0975    0.209   0.0209   0.5025   0.6254   0.1053   0.2455   0.4193   0.4457   0.1553   0.0082   0.1783   0.0124   0.3512   0.0083   0.4787   0.5153   0.3178   0.0097   0.0525    0.223   0.2163    0.396   0.0432   0.6925   0.2323   0.3647   0.0104   0.9443   0.2269   0.0044    0.213   0.0317   0.1629   0.2163   0.2991   0.3407   0.0985   0.0193   0.0116   0.1303    0.006   0.1449   0.2784   0.1938   0.0148   0.0617   0.0336   0.1062   0.1347   0.1614   0.3043   0.2738   0.0546   0.0546   0.0646    0.225   0.3547   0.0049   0.0677   0.1929   0.4048   0.4326   0.1193   0.0506   0.0829   0.0104   0.4407    0.029   0.2355   0.0782   0.0759   0.0361   0.0035   0.4625    0.096   0.1067   0.1605   0.0008   0.1844   0.1118   0.4207   0.0675   0.3952   0.1938   0.0205   0.0268   0.0447   0.0377   0.1017    0.216   0.0572   0.1963   0.4243   0.0832   0.1756   0.0522   0.8389   0.1031   0.1116   0.0207    0.317   0.4105      1.0   0.0853   0.1359   0.0806   0.2063   0.2461   0.2229   0.0033   0.0735   0.0077   0.1699   0.0812   0.1518   0.1405   0.4333    0.167   0.0812   0.2497   0.0568   0.0397   0.2901    0.239   0.1645   0.0611   0.1702   0.1303   0.0657   0.0968   0.1754   0.1929     0.27   0.1012   0.1308   0.1641   0.0347   0.2985   0.6769   0.0031   0.2761   0.0576   0.3094    0.051   0.0809   0.2007   0.2308   0.1051   0.0737   0.1152   0.2118     0.51   0.3909   0.1143   0.2276   0.0796    0.108
  snr   -14.75
    H      4.7
 exon     True

M: qpsk
 freq      0.0   0.0031   0.0061   0.0092   0.0122   0.0153   0.0183   0.0214   0.0245   0.0275   0.0306   0.0336   0.0367   0.0398   0.0428   0.0459   0.0489    0.052    0.055   0.0581   0.0612   0.0642   0.0673   0.0703   0.0734   0.0765   0.0795   0.0826   0.0856   0.0887   0.0917   0.0948   0.0979   0.1009    0.104    0.107   0.1101   0.1131   0.1162   0.1193   0.1223   0.1254   0.1284   0.1315   0.1346   0.1376   0.1407   0.1437   0.1468   0.1498   0.1529    0.156    0.159   0.1621   0.1651   0.1682   0.1713   0.1743   0.1774   0.1804   0.1835   0.1865   0.1896   0.1927   0.1957   0.1988   0.2018   0.2049    0.208    0.211   0.2141   0.2171   0.2202   0.2232   0.2263   0.2294   0.2324   0.2355   0.2385   0.2416   0.2446   0.2477   0.2508   0.2538   0.2569   0.2599    0.263   0.2661   0.2691   0.2722   0.2752   0.2783   0.2813   0.2844   0.2875   0.2905   0.2936   0.2966   0.2997   0.3028   0.3058   0.3089   0.3119    0.315    0.318   0.3211   0.3242   0.3272   0.3303   0.3333   0.3364   0.3394   0.3425   0.3456   0.3486   0.3517   0.3547   0.3578   0.3609   0.3639    0.367     0.37   0.3731   0.3761   0.3792   0.3823   0.3853   0.3884   0.3914   0.3945   0.3976   0.4006   0.4037   0.4067   0.4098   0.4128   0.4159    0.419    0.422   0.4251   0.4281   0.4312   0.4343   0.4373   0.4404   0.4434   0.4465   0.4495   0.4526   0.4557   0.4587   0.4618   0.4648   0.4679   0.4709    0.474   0.4771   0.4801   0.4832   0.4862   0.4893   0.4924   0.4954   0.4985
    S      0.0    0.656   0.8192   0.8723   0.4117   0.5265   0.1413   0.1397   0.3194   0.3306   0.5282   0.1131   0.3312   0.4434   0.3984   0.1163   0.1918   0.0792   0.1428   0.1661   0.3045   0.2249   0.5279    0.321   0.1117   0.0707   0.9189   0.1189   0.1324   0.1995    0.185   0.1436   0.2045   0.0272   0.7295      1.0   0.3975   0.3087   0.1987   0.4385   0.2738   0.1424    0.299    0.238   0.1928   0.2262   0.0853    0.787   0.2908   0.3103   0.0696   0.2096   0.1297    0.031   0.0647    0.138   0.2071   0.3088   0.3763   0.1453   0.1001   0.0863   0.5738   0.2253    0.217   0.3009   0.4658   0.2894   0.2286   0.3626   0.0195   0.1988   0.3487   0.3943   0.2033   0.2355   0.5104   0.1215   0.0868   0.0774   0.3255   0.4643    0.088   0.0631   0.0628   0.1832   0.2565   0.4112   0.0425   0.3585   0.1171   0.2983   0.1779   0.1968   0.0977   0.5319   0.2324   0.0735   0.1786   0.3329   0.1116   0.0914   0.0644   0.6142   0.0485   0.4685   0.1518   0.8397   0.5373   0.5013   0.6835   0.3526    0.218   0.0592   0.6317   0.2145    0.047    0.265   0.0861   0.0722   0.3712    0.251   0.2017   0.3243   0.2205   0.0696   0.7982   0.4936   0.0372   0.1283   0.1737   0.1419    0.051   0.3301   0.1027    0.252   0.3406   0.4101    0.267   0.1785   0.0928   0.1193   0.4855   0.1876   0.1829   0.5754    0.301   0.1728   0.1059    0.171   0.0473   0.0581   0.0778   0.2308   0.0331   0.1241   0.5537   0.2866   0.5609   0.2358   0.1675   0.1434   0.1617   0.2028
  snr   -16.32
    H     4.84
 exon    False

M: mem
 freq      0.0   0.0031   0.0061   0.0092   0.0123   0.0153   0.0184   0.0215   0.0245   0.0276   0.0307   0.0337   0.0368   0.0399   0.0429    0.046   0.0491   0.0521   0.0552   0.0583   0.0613   0.0644   0.0675   0.0706   0.0736   0.0767   0.0798   0.0828   0.0859    0.089    0.092   0.0951   0.0982   0.1012   0.1043   0.1074   0.1104   0.1135   0.1166   0.1196   0.1227   0.1258   0.1288   0.1319    0.135    0.138   0.1411   0.1442   0.1472   0.1503   0.1534   0.1564   0.1595   0.1626   0.1656   0.1687   0.1718   0.1748   0.1779    0.181    0.184   0.1871   0.1902   0.1933   0.1963   0.1994   0.2025   0.2055   0.2086   0.2117   0.2147   0.2178   0.2209   0.2239    0.227   0.2301   0.2331   0.2362   0.2393   0.2423   0.2454   0.2485   0.2515   0.2546   0.2577   0.2607   0.2638   0.2669   0.2699    0.273   0.2761   0.2791   0.2822   0.2853   0.2883   0.2914   0.2945   0.2975   0.3006   0.3037   0.3067   0.3098   0.3129    0.316    0.319   0.3221   0.3252   0.3282   0.3313   0.3344   0.3374   0.3405   0.3436   0.3466   0.3497   0.3528   0.3558   0.3589    0.362    0.365   0.3681   0.3712   0.3742   0.3773   0.3804   0.3834   0.3865   0.3896   0.3926   0.3957   0.3988   0.4018   0.4049    0.408    0.411   0.4141   0.4172   0.4202   0.4233   0.4264   0.4294   0.4325   0.4356   0.4387   0.4417   0.4448   0.4479   0.4509    0.454   0.4571   0.4601   0.4632   0.4663   0.4693   0.4724   0.4755   0.4785   0.4816   0.4847   0.4877   0.4908   0.4939   0.4969
    S      0.0   0.0274   0.8119   0.6954    0.052   0.4487   0.0597   0.0575   0.4255   0.0301     0.09    0.013   0.1579   0.1862   0.2538   0.0284   0.1751    0.009   0.0742   0.0058   0.1641   0.0626   0.2729   0.0409    0.025   0.0178   0.2326   0.4571   0.0739   0.1702   0.0973   0.0194   0.0133   0.0323   0.0709   0.3845   0.5451   0.1172    0.243   0.3823   0.1614   0.0488   0.3276   0.0315   0.2076   0.0798   0.0347   0.8629   0.0728   0.0236   0.2723    0.094   0.0711   0.0257   0.0921    0.131   0.5312   0.0127   0.2313   0.0022   0.0805    0.006   0.0058   0.1164   0.2753   0.1165   0.0141   0.0778   0.0002    0.044   0.0031    0.315   0.0982   0.1544   0.1942   0.0051   0.4713   0.0266   0.1405   0.0524   0.0995   0.0606   0.1429   0.0065   0.0411   0.0787   0.1442   0.2841   0.0011   0.1072    0.016   0.0735   0.1797   0.0911   0.0023   0.1918    0.252   0.0613   0.2138   0.0504   0.0145   0.0239   0.0507   0.0031   0.0195    0.357   0.0844   0.1049      1.0   0.0464   0.3193   0.4942   0.0569   0.0272   0.2602   0.0736   0.0252   0.1614   0.0318   0.0313   0.0108   0.0382   0.1145   0.0419   0.1459   0.3192   0.1512     0.14   0.0113    0.092   0.0283    0.006   0.1504   0.1184   0.6251   0.1148   0.1227   0.2947   0.0815   0.0116   0.0436   0.1752   0.0954   0.2275   0.0108   0.2089   0.0528   0.1037   0.1192   0.0339   0.0152   0.0073   0.0553   0.0551   0.0956   0.0709   0.2303    0.026   0.0612   0.1866   0.0894   0.0232   0.0733
  snr   -13.32
    H     4.54
 exon     True

M: alg1
 freq      0.0   0.0031   0.0061   0.0092   0.0122   0.0153   0.0183   0.0214   0.0245   0.0275   0.0306   0.0336   0.0367   0.0398   0.0428   0.0459   0.0489    0.052    0.055   0.0581   0.0612   0.0642   0.0673   0.0703   0.0734   0.0765   0.0795   0.0826   0.0856   0.0887   0.0917   0.0948   0.0979   0.1009    0.104    0.107   0.1101   0.1131   0.1162   0.1193   0.1223   0.1254   0.1284   0.1315   0.1346   0.1376   0.1407   0.1437   0.1468   0.1498   0.1529    0.156    0.159   0.1621   0.1651   0.1682   0.1713   0.1743   0.1774   0.1804   0.1835   0.1865   0.1896   0.1927   0.1957   0.1988   0.2018   0.2049    0.208    0.211   0.2141   0.2171   0.2202   0.2232   0.2263   0.2294   0.2324   0.2355   0.2385   0.2416   0.2446   0.2477   0.2508   0.2538   0.2569   0.2599    0.263   0.2661   0.2691   0.2722   0.2752   0.2783   0.2813   0.2844   0.2875   0.2905   0.2936   0.2966   0.2997   0.3028   0.3058   0.3089   0.3119    0.315    0.318   0.3211   0.3242   0.3272   0.3303   0.3333   0.3364   0.3394   0.3425   0.3456   0.3486   0.3517   0.3547   0.3578   0.3609   0.3639    0.367     0.37   0.3731   0.3761   0.3792   0.3823   0.3853   0.3884   0.3914   0.3945   0.3976   0.4006   0.4037   0.4067   0.4098   0.4128   0.4159    0.419    0.422   0.4251   0.4281   0.4312   0.4343   0.4373   0.4404   0.4434   0.4465   0.4495   0.4526   0.4557   0.4587   0.4618   0.4648   0.4679   0.4709    0.474   0.4771   0.4801   0.4832   0.4862   0.4893   0.4924   0.4954   0.4985
    S      0.0    0.052   0.5036   0.4269   0.2195   0.2673   0.0445   0.3524   0.2852   0.1776   0.1496   0.0787   0.1333   0.1525   0.2712   0.0564   0.0831   0.0848   0.0814    0.178   0.1496   0.2444   0.3953    0.065   0.0257   0.0393   0.2386   0.5845   0.3605   0.0885   0.4851   0.2564   0.1536   0.0342    0.435    0.305   0.3271   0.1445   0.1276   0.2014   0.2781   0.2224   0.3204   0.0789   0.1154   0.0557   0.1399   0.4589   0.2788   0.0359   0.3225    0.138    0.069   0.0353   0.1562   0.2734   0.5253   0.1537   0.1727   0.0451   0.0479   0.0207   0.0118   0.3102   0.0879   0.3989   0.0327    0.407   0.1437   0.1815     0.12   0.4159   0.0427   0.2257   0.1126   0.0837   0.3025   0.0328   0.0815   0.0169   0.2654   0.1096   0.3064   0.1568   0.0548   0.1144   0.2035   0.4028   0.0295   0.1468      0.1   0.0382   0.0582   0.0475   0.0695   0.1049   0.3775   0.0553    0.285   0.2483   0.0287   0.0689   0.0746   0.2215   0.1483   0.2125   0.0683   0.1319    0.267      1.0   0.2838   0.1364   0.1218   0.2557   0.3445   0.1966   0.0431     0.38   0.0087   0.1061   0.0386   0.0574    0.136   0.1176   0.0571   0.1934    0.315    0.069    0.018   0.2245   0.1634     0.11   0.1569   0.1703    0.417   0.2002   0.2539   0.0943   0.1831   0.0994   0.0376    0.341   0.1726   0.0489   0.1852   0.2802   0.0978   0.2282   0.2535   0.1016   0.0684   0.0234   0.1824   0.0578   0.2512   0.0641   0.1102   0.1068   0.1395   0.1661   0.2738   0.0785    0.026   0.2283
  snr   -14.48
    H     4.82
 exon     True

M: alg2
 freq      0.0   0.0031   0.0061   0.0092   0.0122   0.0153   0.0183   0.0214   0.0245   0.0275   0.0306   0.0336   0.0367   0.0398   0.0428   0.0459   0.0489    0.052    0.055   0.0581   0.0612   0.0642   0.0673   0.0703   0.0734   0.0765   0.0795   0.0826   0.0856   0.0887   0.0917   0.0948   0.0979   0.1009    0.104    0.107   0.1101   0.1131   0.1162   0.1193   0.1223   0.1254   0.1284   0.1315   0.1346   0.1376   0.1407   0.1437   0.1468   0.1498   0.1529    0.156    0.159   0.1621   0.1651   0.1682   0.1713   0.1743   0.1774   0.1804   0.1835   0.1865   0.1896   0.1927   0.1957   0.1988   0.2018   0.2049    0.208    0.211   0.2141   0.2171   0.2202   0.2232   0.2263   0.2294   0.2324   0.2355   0.2385   0.2416   0.2446   0.2477   0.2508   0.2538   0.2569   0.2599    0.263   0.2661   0.2691   0.2722   0.2752   0.2783   0.2813   0.2844   0.2875   0.2905   0.2936   0.2966   0.2997   0.3028   0.3058   0.3089   0.3119    0.315    0.318   0.3211   0.3242   0.3272   0.3303   0.3333   0.3364   0.3394   0.3425   0.3456   0.3486   0.3517   0.3547   0.3578   0.3609   0.3639    0.367     0.37   0.3731   0.3761   0.3792   0.3823   0.3853   0.3884   0.3914   0.3945   0.3976   0.4006   0.4037   0.4067   0.4098   0.4128   0.4159    0.419    0.422   0.4251   0.4281   0.4312   0.4343   0.4373   0.4404   0.4434   0.4465   0.4495   0.4526   0.4557   0.4587   0.4618   0.4648   0.4679   0.4709    0.474   0.4771   0.4801   0.4832   0.4862   0.4893   0.4924   0.4954   0.4985
    S      0.0   0.0435   0.2898   0.1795   0.3318   0.1099   0.0173   0.4772   0.2075    0.136   0.0278   0.0885   0.0452   0.0122   0.1502   0.0514   0.0583    0.087   0.1016   0.1796   0.1357   0.2609   0.2829   0.0344   0.0299   0.0317   0.2813   0.6278   0.4426    0.042   0.5403    0.324   0.1339   0.0317   0.4042   0.2522   0.2044    0.025   0.0611   0.1136   0.2895   0.2198   0.2446   0.0792   0.0652   0.0499   0.1811   0.3248   0.2899   0.0172   0.3654   0.0857   0.0309   0.0347   0.1818   0.2694   0.5736   0.1476   0.0666   0.0754   0.0373   0.0108    0.048   0.3578    0.082    0.522   0.0542   0.4627   0.1239    0.235   0.1482   0.4079   0.0591   0.1351    0.084   0.0247   0.1338   0.0403   0.0775   0.0281   0.2239   0.1031   0.3934   0.1957   0.0383   0.0738   0.2555   0.3955   0.0314   0.0863   0.1048   0.0636   0.0454   0.0552   0.0927   0.1041   0.3381   0.0741   0.3273   0.1681   0.0032   0.0525   0.0862   0.1998   0.1995    0.086   0.0722   0.1038   0.0849      1.0   0.1667   0.0684   0.1395   0.3086   0.1656   0.2605   0.0376   0.4826   0.0148   0.1183   0.0883   0.0515   0.0962   0.0539   0.0379   0.1893   0.1447   0.0856   0.0118    0.223   0.1936   0.1019   0.1803   0.1964    0.428   0.1217   0.1962   0.0657   0.1155   0.0674   0.0354   0.3315   0.1105   0.0405   0.1967   0.1276    0.187   0.2392   0.2572   0.0857   0.0913   0.0115    0.229    0.051   0.2884   0.0834   0.1115   0.0565   0.0821   0.1496   0.2699   0.0589   0.0325   0.2874
  snr   -14.05
    H     4.75
 exon     True