>YNL213C
N: 645
Methods: voss, eiip, qpsk, mem, tbpse, snrse

M: voss
 freq      0.0   0.0016   0.0031   0.0047   0.0062   0.0078   0.0093   0.0109   0.0124    0.014   0.0155   0.0171   0.0186   0.0202   0.0217   0.0233   0.0248   0.0264   0.0279   0.0295    0.031   0.0326   0.0341   0.0357   0.0372   0.0388   0.0403   0.0419   0.0434    0.045   0.0465   0.0481   0.0496   0.0512   0.0527   0.0543   0.0558   0.0574   0.0589   0.0605    0.062   0.0636   0.0651   0.0667   0.0682   0.0698   0.0713   0.0729   0.0744    0.076   0.0775   0.0791   0.0806   0.0822   0.0837   0.0853   0.0868   0.0884   0.0899   0.0915    0.093   0.0946   0.0961   0.0977   0.0992   0.1008   0.1023   0.1039   0.1054    0.107   0.1085   0.1101   0.1116   0.1132   0.1147   0.1163   0.1178   0.1194   0.1209   0.1225    0.124   0.1256   0.1271   0.1287   0.1302   0.1318   0.1333   0.1349   0.1364    0.138   0.1395   0.1411   0.1426   0.1442   0.1457   0.1473   0.1488   0.1504   0.1519   0.1535    0.155   0.1566   0.1581   0.1597   0.1612   0.1628   0.1643   0.1659   0.1674    0.169   0.1705   0.1721   0.1736   0.1752   0.1767   0.1783   0.1798   0.1814   0.1829   0.1845    0.186   0.1876   0.1891   0.1907   0.1922   0.1938   0.1953   0.1969   0.1984      0.2   0.2016   0.2031   0.2047   0.2062   0.2078   0.2093   0.2109   0.2124    0.214   0.2155   0.2171   0.2186   0.2202   0.2217   0.2233   0.2248   0.2264   0.2279   0.2295    0.231   0.2326   0.2341   0.2357   0.2372   0.2388   0.2403   0.2419   0.2434    0.245   0.2465   0.2481   0.2496   0.2512   0.2527   0.2543   0.2558   0.2574   0.2589   0.2605    0.262   0.2636   0.2651   0.2667   0.2682   0.2698   0.2713   0.2729   0.2744    0.276   0.2775   0.2791   0.2806   0.2822   0.2837   0.2853   0.2868   0.2884   0.2899   0.2915    0.293   0.2946   0.2961   0.2977   0.2992   0.3008   0.3023   0.3039   0.3054    0.307   0.3085   0.3101   0.3116   0.3132   0.3147   0.3163   0.3178   0.3194   0.3209   0.3225    0.324   0.3256   0.3271   0.3287   0.3302   0.3318   0.3333   0.3349   0.3364    0.338   0.3395   0.3411   0.3426   0.3442   0.3457   0.3473   0.3488   0.3504   0.3519   0.3535    0.355   0.3566   0.3581   0.3597   0.3612   0.3628   0.3643   0.3659   0.3674    0.369   0.3705   0.3721   0.3736   0.3752   0.3767   0.3783   0.3798   0.3814   0.3829   0.3845    0.386   0.3876   0.3891   0.3907   0.3922   0.3938   0.3953   0.3969   0.3984      0.4   0.4016   0.4031   0.4047   0.4062   0.4078   0.4093   0.4109   0.4124    0.414   0.4155   0.4171   0.4186   0.4202   0.4217   0.4233   0.4248   0.4264   0.4279   0.4295    0.431   0.4326   0.4341   0.4357   0.4372   0.4388   0.4403   0.4419   0.4434    0.445   0.4465   0.4481   0.4496   0.4512   0.4527   0.4543   0.4558   0.4574   0.4589   0.4605    0.462   0.4636   0.4651   0.4667   0.4682   0.4698   0.4713   0.4729   0.4744    0.476   0.4775   0.4791   0.4806   0.4822   0.4837   0.4853   0.4868   0.4884   0.4899   0.4915    0.493   0.4946   0.4961   0.4977   0.4992
    S      0.0    0.171   0.5073   0.6687   0.5736   0.1077   0.1177   0.2482   0.0755   0.2174   0.1949   0.3189   0.0736    0.345   0.1759   0.2303   0.3554   0.2122   0.2976   0.1843   0.0891   0.2206   0.5175   0.1647   0.0745   0.1382   0.1034   0.3046   0.4256   0.1422   0.4899   0.7225   0.0492   0.2256   0.1633    0.441   0.3502   0.3112   0.1022   0.0891   0.4815   0.1475   0.3931    0.142   0.2243   0.0741   0.2214    0.071   0.1832   0.3415   0.1183   0.3622   0.5612   0.0944   0.2471   0.0383   0.2755   0.1547   0.5165   0.2175   0.1124   0.2644   0.1887   0.0737   0.1517   0.2488    0.169   0.0782   0.0639   0.0308   0.0983   0.4612   0.5128   0.1932   0.1792   0.0821   0.1353    0.052   0.0952   0.2804      1.0   0.1236   0.7506   0.1606   0.0756   0.2759   0.2926   0.1324   0.2695   0.1719   0.1311    0.147    0.055   0.1791   0.2536   0.0218   0.2075   0.2455    0.152   0.1594   0.0614   0.3219   0.2955    0.159   0.1427    0.274   0.2225   0.2374   0.1451   0.4754   0.1529   0.4053   0.0698   0.1082   0.0906   0.3316   0.1865   0.3126   0.4301   0.1085   0.2397   0.1871   0.1392   0.2924   0.1435   0.2023   0.1299    0.175   0.3876   0.2279   0.1407   0.3359   0.3525   0.2918   0.4424   0.2521   0.1535   0.1675   0.4075   0.2361    0.101   0.1979   0.1279   0.1778   0.2073   0.3503    0.125   0.2501   0.2696   0.0667   0.2074    0.322   0.4457   0.2381   0.3239   0.1532   0.4728   0.1134   0.2609   0.1547   0.2474    0.225    0.074   0.1725   0.2026   0.3366   0.1099   0.1955   0.0597   0.1303   0.0839   0.3686   0.3264   0.1126   0.2764   0.3311   0.2791   0.0603   0.1635   0.1013   0.1856   0.1761   0.5234   0.1625   0.2927   0.2525   0.3102   0.0202   0.1725   0.2569   0.1107   0.3008   0.1169   0.2166   0.1711   0.0834   0.1213   0.2163   0.2069   0.3774   0.1095   0.2864   0.1609    0.259   0.1274   0.5388   0.1777   0.0809   0.2065   0.1421   0.1473   0.2065   0.5384   0.0119   0.2713   0.1854   0.0704   0.2431   0.1829   0.1048   0.2316   0.3213   0.1993   0.3108    0.212   0.0272   0.1915   0.1614   0.1987    0.174   0.2436   0.1664   0.2481   0.4881   0.0771    0.252   0.2667   0.3188   0.3965   0.1647   0.3736   0.1502   0.0436   0.3782   0.1192   0.4737    0.299   0.0873   0.2487   0.1456   0.1468    0.066   0.1173   0.2592   0.1523   0.0789    0.113   0.1467   0.3125   0.2096   0.0524    0.325   0.1222   0.4448   0.1921   0.0628   0.1295   0.0534   0.1693   0.1765   0.3987   0.1127   0.1456   0.0831   0.4635   0.4967   0.2473   0.4288   0.0756   0.2235   0.0611   0.0982   0.0935   0.1278   0.0288     0.18   0.2021    0.317   0.1018   0.0896   0.3817   0.1554   0.0598   0.1113   0.1359   0.1178   0.1814   0.0571    0.347   0.2528   0.1775   0.2479   0.1298   0.1996   0.1929   0.1449   0.4151   0.3082   0.0397   0.1277   0.2553   0.0613   0.1857   0.1329    0.129    0.175   0.1106   0.1202   0.2798   0.1661     0.09   0.1646   0.0408
  snr   -18.36
    H     5.59
 exon    False

M: eiip
 freq      0.0   0.0016   0.0031   0.0047   0.0062   0.0078   0.0093   0.0109   0.0124    0.014   0.0155   0.0171   0.0186   0.0202   0.0217   0.0233   0.0248   0.0264   0.0279   0.0295    0.031   0.0326   0.0341   0.0357   0.0372   0.0388   0.0403   0.0419   0.0434    0.045   0.0465   0.0481   0.0496   0.0512   0.0527   0.0543   0.0558   0.0574   0.0589   0.0605    0.062   0.0636   0.0651   0.0667   0.0682   0.0698   0.0713   0.0729   0.0744    0.076   0.0775   0.0791   0.0806   0.0822   0.0837   0.0853   0.0868   0.0884   0.0899   0.0915    0.093   0.0946   0.0961   0.0977   0.0992   0.1008   0.1023   0.1039   0.1054    0.107   0.1085   0.1101   0.1116   0.1132   0.1147   0.1163   0.1178   0.1194   0.1209   0.1225    0.124   0.1256   0.1271   0.1287   0.1302   0.1318   0.1333   0.1349   0.1364    0.138   0.1395   0.1411   0.1426   0.1442   0.1457   0.1473   0.1488   0.1504   0.1519   0.1535    0.155   0.1566   0.1581   0.1597   0.1612   0.1628   0.1643   0.1659   0.1674    0.169   0.1705   0.1721   0.1736   0.1752   0.1767   0.1783   0.1798   0.1814   0.1829   0.1845    0.186   0.1876   0.1891   0.1907   0.1922   0.1938   0.1953   0.1969   0.1984      0.2   0.2016   0.2031   0.2047   0.2062   0.2078   0.2093   0.2109   0.2124    0.214   0.2155   0.2171   0.2186   0.2202   0.2217   0.2233   0.2248   0.2264   0.2279   0.2295    0.231   0.2326   0.2341   0.2357   0.2372   0.2388   0.2403   0.2419   0.2434    0.245   0.2465   0.2481   0.2496   0.2512   0.2527   0.2543   0.2558   0.2574   0.2589   0.2605    0.262   0.2636   0.2651   0.2667   0.2682   0.2698   0.2713   0.2729   0.2744    0.276   0.2775   0.2791   0.2806   0.2822   0.2837   0.2853   0.2868   0.2884   0.2899   0.2915    0.293   0.2946   0.2961   0.2977   0.2992   0.3008   0.3023   0.3039   0.3054    0.307   0.3085   0.3101   0.3116   0.3132   0.3147   0.3163   0.3178   0.3194   0.3209   0.3225    0.324   0.3256   0.3271   0.3287   0.3302   0.3318   0.3333   0.3349   0.3364    0.338   0.3395   0.3411   0.3426   0.3442   0.3457   0.3473   0.3488   0.3504   0.3519   0.3535    0.355   0.3566   0.3581   0.3597   0.3612   0.3628   0.3643   0.3659   0.3674    0.369   0.3705   0.3721   0.3736   0.3752   0.3767   0.3783   0.3798   0.3814   0.3829   0.3845    0.386   0.3876   0.3891   0.3907   0.3922   0.3938   0.3953   0.3969   0.3984      0.4   0.4016   0.4031   0.4047   0.4062   0.4078   0.4093   0.4109   0.4124    0.414   0.4155   0.4171   0.4186   0.4202   0.4217   0.4233   0.4248   0.4264   0.4279   0.4295    0.431   0.4326   0.4341   0.4357   0.4372   0.4388   0.4403   0.4419   0.4434    0.445   0.4465   0.4481   0.4496   0.4512   0.4527   0.4543   0.4558   0.4574   0.4589   0.4605    0.462   0.4636   0.4651   0.4667   0.4682   0.4698   0.4713   0.4729   0.4744    0.476   0.4775   0.4791   0.4806   0.4822   0.4837   0.4853   0.4868   0.4884   0.4899   0.4915    0.493   0.4946   0.4961   0.4977   0.4992
    S      0.0   0.4193   0.4467   0.4596   0.1167    0.074   0.0174   0.2546   0.0209   0.1085   0.0244   0.1222   0.0502   0.0745   0.4543   0.3856      1.0   0.4619   0.0831   0.4726   0.1051   0.1688   0.4328   0.4347   0.0427   0.2023   0.2493   0.1093    0.227   0.1402   0.1773   0.7948   0.0635   0.0934   0.0019   0.0383   0.1755   0.2833   0.1209   0.1377   0.0862   0.1301   0.0202    0.074   0.2587    0.087   0.2943   0.0839    0.098   0.2584   0.0409   0.2598   0.8122   0.1772   0.0198   0.0614   0.2493   0.1496   0.2785   0.1297   0.1098   0.0991   0.1591   0.0469   0.2053   0.5201   0.2117   0.0937   0.1232   0.0544   0.0435   0.4637   0.1916   0.4525   0.1167   0.1901   0.2512   0.0475    0.001   0.0056   0.3582   0.0854    0.052   0.0546     0.13   0.1855   0.2891    0.109   0.0837   0.2449   0.2548    0.152   0.0213   0.1244   0.0465   0.0285   0.5725   0.3643   0.0465   0.2019   0.0985   0.2546   0.1541   0.0035   0.0348    0.376   0.2436   0.1198   0.0146   0.7874   0.2562   0.1074   0.1918   0.0183   0.1288   0.3107   0.1436   0.0227   0.2891   0.0009   0.0615   0.1002   0.2403   0.1244   0.1638   0.1995   0.0856   0.3963   0.0492   0.1956   0.0492   0.0953   0.1516   0.0315   0.5249   0.6785   0.3418   0.0456   0.4162   0.2177   0.0651   0.4606   0.0097   0.1698   0.0866   0.2712   0.0468   0.1377   0.3653   0.0058   0.3503   0.8085   0.1204   0.2227   0.0367   0.0111    0.137   0.1292   0.1153   0.1009   0.3408   0.0637   0.1495   0.2391   0.2509    0.904   0.0826   0.1322   0.0263   0.1652   0.1414    0.394   0.0618   0.0005    0.116   0.4483   0.2247   0.0916   0.2849   0.1094   0.1555   0.1769   0.2125   0.2295   0.4423   0.1475   0.3238   0.0569   0.3925     0.67   0.0054   0.1097   0.0473    0.464   0.0757    0.015   0.2707   0.2151   0.0473    0.351   0.0006   0.3566   0.3729    0.199   0.0946    0.986   0.2293   0.1576   0.3194   0.0442   0.1483   0.4144   0.0733   0.0186   0.6303   0.1343   0.0044   0.4233   0.3393   0.2516   0.2252   0.1022   0.2296   0.1544    0.178   0.0024   0.0219   0.0399   0.1197   0.3746   0.2156   0.1687   0.1857   0.3626   0.0782   0.1454   0.0757   0.2032   0.1369   0.2626   0.1109   0.2702   0.0223   0.4141   0.0083   0.1561   0.4837    0.133   0.0037   0.0412   0.2234   0.0149   0.0804   0.0069   0.1999    0.103   0.0058   0.1195   0.4683   0.1423   0.0713   0.3552   0.2357   0.1143   0.4274   0.0627   0.1675   0.1062   0.0868   0.1387   0.4331   0.0951   0.1324    0.245   0.8209   0.1474   0.2553   0.2761   0.0265   0.1316   0.0524   0.1892   0.0579   0.0546   0.0565   0.0203   0.4039   0.2388   0.0317    0.134   0.3892   0.2405   0.0567   0.1824   0.0189   0.0966   0.0534   0.0654   0.3348   0.3567   0.1072   0.1565   0.2003   0.0552    0.272   0.2606   0.1165   0.3051   0.0219   0.1784   0.2762   0.0367   0.5265   0.1617   0.3886   0.2716   0.0209   0.0482   0.3518   0.1211     0.01   0.0884   0.0617
  snr   -17.87
    H     5.41
 exon    False

M: qpsk
 freq      0.0   0.0016   0.0031   0.0047   0.0062   0.0078   0.0093   0.0109   0.0124    0.014   0.0155   0.0171   0.0186   0.0202   0.0217   0.0233   0.0248   0.0264   0.0279   0.0295    0.031   0.0326   0.0341   0.0357   0.0372   0.0388   0.0403   0.0419   0.0434    0.045   0.0465   0.0481   0.0496   0.0512   0.0527   0.0543   0.0558   0.0574   0.0589   0.0605    0.062   0.0636   0.0651   0.0667   0.0682   0.0698   0.0713   0.0729   0.0744    0.076   0.0775   0.0791   0.0806   0.0822   0.0837   0.0853   0.0868   0.0884   0.0899   0.0915    0.093   0.0946   0.0961   0.0977   0.0992   0.1008   0.1023   0.1039   0.1054    0.107   0.1085   0.1101   0.1116   0.1132   0.1147   0.1163   0.1178   0.1194   0.1209   0.1225    0.124   0.1256   0.1271   0.1287   0.1302   0.1318   0.1333   0.1349   0.1364    0.138   0.1395   0.1411   0.1426   0.1442   0.1457   0.1473   0.1488   0.1504   0.1519   0.1535    0.155   0.1566   0.1581   0.1597   0.1612   0.1628   0.1643   0.1659   0.1674    0.169   0.1705   0.1721   0.1736   0.1752   0.1767   0.1783   0.1798   0.1814   0.1829   0.1845    0.186   0.1876   0.1891   0.1907   0.1922   0.1938   0.1953   0.1969   0.1984      0.2   0.2016   0.2031   0.2047   0.2062   0.2078   0.2093   0.2109   0.2124    0.214   0.2155   0.2171   0.2186   0.2202   0.2217   0.2233   0.2248   0.2264   0.2279   0.2295    0.231   0.2326   0.2341   0.2357   0.2372   0.2388   0.2403   0.2419   0.2434    0.245   0.2465   0.2481   0.2496   0.2512   0.2527   0.2543   0.2558   0.2574   0.2589   0.2605    0.262   0.2636   0.2651   0.2667   0.2682   0.2698   0.2713   0.2729   0.2744    0.276   0.2775   0.2791   0.2806   0.2822   0.2837   0.2853   0.2868   0.2884   0.2899   0.2915    0.293   0.2946   0.2961   0.2977   0.2992   0.3008   0.3023   0.3039   0.3054    0.307   0.3085   0.3101   0.3116   0.3132   0.3147   0.3163   0.3178   0.3194   0.3209   0.3225    0.324   0.3256   0.3271   0.3287   0.3302   0.3318   0.3333   0.3349   0.3364    0.338   0.3395   0.3411   0.3426   0.3442   0.3457   0.3473   0.3488   0.3504   0.3519   0.3535    0.355   0.3566   0.3581   0.3597   0.3612   0.3628   0.3643   0.3659   0.3674    0.369   0.3705   0.3721   0.3736   0.3752   0.3767   0.3783   0.3798   0.3814   0.3829   0.3845    0.386   0.3876   0.3891   0.3907   0.3922   0.3938   0.3953   0.3969   0.3984      0.4   0.4016   0.4031   0.4047   0.4062   0.4078   0.4093   0.4109   0.4124    0.414   0.4155   0.4171   0.4186   0.4202   0.4217   0.4233   0.4248   0.4264   0.4279   0.4295    0.431   0.4326   0.4341   0.4357   0.4372   0.4388   0.4403   0.4419   0.4434    0.445   0.4465   0.4481   0.4496   0.4512   0.4527   0.4543   0.4558   0.4574   0.4589   0.4605    0.462   0.4636   0.4651   0.4667   0.4682   0.4698   0.4713   0.4729   0.4744    0.476   0.4775   0.4791   0.4806   0.4822   0.4837   0.4853   0.4868   0.4884   0.4899   0.4915    0.493   0.4946   0.4961   0.4977   0.4992
    S      0.0   0.2659   0.6373   0.9172   0.5474   0.1348    0.159   0.3021   0.1059   0.1535   0.1876   0.4391   0.0727   0.3487   0.1787   0.2242   0.2863   0.3412   0.4404   0.2093   0.1121   0.0816   0.8459   0.2476   0.1003   0.0564   0.1443   0.1906   0.5888   0.1348   0.5061   0.4273    0.049    0.213    0.227   0.5043   0.3906   0.4687   0.1148   0.0146   0.5187   0.2297   0.5319   0.1342   0.0844   0.1142   0.2466   0.0755   0.1018   0.1014   0.0925   0.4308   0.4371   0.1251   0.1838   0.0529   0.4461   0.2259   0.5684   0.3417   0.1651   0.3933   0.2604   0.0991   0.2456   0.1554   0.2383   0.1173   0.0521   0.0479   0.1203   0.2762   0.3957   0.2475   0.2129   0.1223   0.2198   0.0199   0.0696   0.1869     0.67   0.0954      1.0   0.1648   0.1233   0.2191    0.273   0.1694   0.2018   0.2783   0.1775   0.1953    0.057   0.2085   0.1788   0.0161    0.139   0.1757   0.2304   0.2105   0.0629   0.4249   0.4032   0.1619   0.0823   0.0623   0.2129   0.3635   0.2307   0.1715   0.1212   0.4292    0.101    0.084   0.0849   0.4659   0.2684   0.3918   0.5067   0.0611   0.2963   0.2874   0.1983   0.2307   0.0963   0.0859   0.0773   0.2534    0.511   0.3193   0.0401   0.4455   0.4198   0.4334   0.2665    0.382   0.0733   0.2028   0.3527   0.1423   0.0601   0.2605    0.087   0.0671   0.2024   0.4579   0.0734    0.173   0.4008   0.0875   0.1897    0.292   0.5581   0.3599   0.1881   0.1517    0.406   0.1717   0.4105   0.2106   0.2684   0.1938   0.0977    0.223   0.2685   0.3494    0.168   0.2728   0.0948     0.08    0.099   0.5827   0.3763   0.0867   0.4224   0.4431   0.0987   0.0952    0.071   0.1302   0.2645    0.024   0.8144   0.1379   0.3734   0.1188   0.4468   0.0279    0.198   0.2054   0.1532   0.4569   0.1609   0.2267   0.2542   0.0788   0.1839   0.2439   0.1995   0.5544   0.0573   0.4562   0.2266    0.116   0.1609   0.2497    0.037   0.0606   0.2881   0.1843   0.2145   0.3236   0.8098   0.0123    0.401   0.1216   0.0869   0.3371   0.0766   0.0707   0.3454   0.4852   0.1839   0.1952   0.1427    0.042   0.2658   0.2555   0.2334   0.1194   0.2111   0.2639   0.2501   0.7859   0.1079   0.3722   0.1824   0.4223   0.3693   0.1763   0.1091   0.1849   0.0504   0.4093   0.1675   0.6272   0.3713   0.1102   0.2857   0.1115   0.2138   0.0148   0.1381   0.2886   0.1499   0.0491   0.1318   0.1655   0.1453   0.2968   0.0422    0.279   0.0809   0.5075   0.1068   0.0969   0.1933   0.0697   0.2122   0.0828   0.4404   0.1842   0.1836   0.0967   0.5447   0.4396   0.1488   0.1821   0.0711   0.1449   0.0672   0.1429   0.1303   0.0364   0.0336   0.2484     0.33   0.5132    0.115   0.0878   0.5508   0.1315   0.0936   0.0985   0.0999   0.1473   0.2087   0.0386   0.4919   0.3838   0.2893    0.175   0.1623   0.1192   0.1424   0.1902   0.5655   0.4429   0.0628   0.2002   0.2583   0.0462    0.261   0.1345   0.1299   0.0388   0.1705   0.1642   0.4057   0.1337   0.0931   0.2128   0.0323
  snr    -18.7
    H     5.54
 exon    False

M: mem
 freq      0.0   0.0016   0.0031   0.0047   0.0062   0.0078   0.0093   0.0109   0.0124    0.014   0.0155   0.0171   0.0186   0.0202   0.0217   0.0233   0.0248   0.0264    0.028   0.0295   0.0311   0.0326   0.0342   0.0357   0.0373   0.0388   0.0404   0.0419   0.0435    0.045   0.0466   0.0481   0.0497   0.0512   0.0528   0.0543   0.0559   0.0575    0.059   0.0606   0.0621   0.0637   0.0652   0.0668   0.0683   0.0699   0.0714    0.073   0.0745   0.0761   0.0776   0.0792   0.0807   0.0823   0.0839   0.0854    0.087   0.0885   0.0901   0.0916   0.0932   0.0947   0.0963   0.0978   0.0994   0.1009   0.1025    0.104   0.1056   0.1071   0.1087   0.1102   0.1118   0.1134   0.1149   0.1165    0.118   0.1196   0.1211   0.1227   0.1242   0.1258   0.1273   0.1289   0.1304    0.132   0.1335   0.1351   0.1366   0.1382   0.1398   0.1413   0.1429   0.1444    0.146   0.1475   0.1491   0.1506   0.1522   0.1537   0.1553   0.1568   0.1584   0.1599   0.1615    0.163   0.1646   0.1661   0.1677   0.1693   0.1708   0.1724   0.1739   0.1755    0.177   0.1786   0.1801   0.1817   0.1832   0.1848   0.1863   0.1879   0.1894    0.191   0.1925   0.1941   0.1957   0.1972   0.1988   0.2003   0.2019   0.2034    0.205   0.2065   0.2081   0.2096   0.2112   0.2127   0.2143   0.2158   0.2174   0.2189   0.2205    0.222   0.2236   0.2252   0.2267   0.2283   0.2298   0.2314   0.2329   0.2345    0.236   0.2376   0.2391   0.2407   0.2422   0.2438   0.2453   0.2469   0.2484     0.25   0.2516   0.2531   0.2547   0.2562   0.2578   0.2593   0.2609   0.2624    0.264   0.2655   0.2671   0.2686   0.2702   0.2717   0.2733   0.2748   0.2764    0.278   0.2795   0.2811   0.2826   0.2842   0.2857   0.2873   0.2888   0.2904   0.2919   0.2935    0.295   0.2966   0.2981   0.2997   0.3012   0.3028   0.3043   0.3059   0.3075    0.309   0.3106   0.3121   0.3137   0.3152   0.3168   0.3183   0.3199   0.3214    0.323   0.3245   0.3261   0.3276   0.3292   0.3307   0.3323   0.3339   0.3354    0.337   0.3385   0.3401   0.3416   0.3432   0.3447   0.3463   0.3478   0.3494   0.3509   0.3525    0.354   0.3556   0.3571   0.3587   0.3602   0.3618   0.3634   0.3649   0.3665    0.368   0.3696   0.3711   0.3727   0.3742   0.3758   0.3773   0.3789   0.3804    0.382   0.3835   0.3851   0.3866   0.3882   0.3898   0.3913   0.3929   0.3944    0.396   0.3975   0.3991   0.4006   0.4022   0.4037   0.4053   0.4068   0.4084   0.4099   0.4115    0.413   0.4146   0.4161   0.4177   0.4193   0.4208   0.4224   0.4239   0.4255    0.427   0.4286   0.4301   0.4317   0.4332   0.4348   0.4363   0.4379   0.4394    0.441   0.4425   0.4441   0.4457   0.4472   0.4488   0.4503   0.4519   0.4534    0.455   0.4565   0.4581   0.4596   0.4612   0.4627   0.4643   0.4658   0.4674   0.4689   0.4705    0.472   0.4736   0.4752   0.4767   0.4783   0.4798   0.4814   0.4829   0.4845    0.486   0.4876   0.4891   0.4907   0.4922   0.4938   0.4953   0.4969   0.4984
    S      0.0   0.0519   0.4453   0.0202   0.1147   0.0215   0.0334   0.2275   0.0158     0.17   0.0328   0.1244   0.0267   0.0435   0.1374   0.2236   0.4631   0.0143   0.0091   0.1604   0.0407   0.2864   0.0804   0.0544   0.0589   0.2729   0.0591   0.1463   0.0017   0.0823    0.171   0.6442   0.0356    0.061   0.0063    0.156    0.202   0.0431   0.1389   0.1884    0.479   0.0341   0.0555   0.0683   0.4157     0.03   0.2711   0.0324   0.1958   0.3314   0.1266   0.5311   0.6486   0.0508   0.3437   0.0022   0.1431    0.001   0.1428   0.0707   0.0032   0.0243   0.0546   0.0049   0.0891   0.2535   0.0032   0.0239   0.0377   0.0219     0.03   0.3815   0.7933   0.1571   0.0611   0.0229   0.0072   0.0693   0.0783   0.2468   0.4841   0.1388   0.4539   0.0445   0.0757   0.0459   0.1436   0.2316   0.1308    0.047   0.1924   0.0125   0.0482   0.0883   0.1836   0.0771   0.2764   0.1163    0.173   0.0881   0.0484   0.1216   0.0055   0.0924   0.1382   0.3537   0.1331   0.0004   0.2165   0.5637   0.3476   0.0699    0.015    0.153   0.1308   0.0189   0.1388     0.02    0.069   0.0575    0.059   0.0634   0.0209   0.5068   0.2525   0.1728   0.1699   0.0505   0.0025   0.0655   0.1258   0.3823    0.174    0.166   0.6158   0.1043   0.5125   0.0724   0.2422   0.3535   0.1205   0.2578   0.0316   0.3208   0.0397   0.5965   0.0215   0.2006   0.1723   0.1712   0.3176   0.2394   0.1339   0.0089   0.3273   0.1119   0.1762   0.0006    0.019    0.013   0.4719   0.0924   0.0242   0.2143   0.2053   0.6686   0.0105   0.0671   0.0733   0.1851   0.0343   0.0892     0.03   0.1453   0.1273   0.0147   0.1965   0.0274   0.3745    0.043   0.2222   0.1603   0.3318   0.3034   0.1546   0.1683   0.0014    0.012   0.1954   0.1962   0.1023   0.0898   0.0722   0.1019   0.0056    0.105   0.0013   0.2709   0.0353     0.13   0.1067   0.0282    0.127    0.327   0.0811   0.7464   0.1037   0.0767   0.0516   0.0056   0.0101   0.0246   0.1147   0.0653    0.234   0.0286   0.0465   0.1401   0.4349   0.0388   0.0398   0.0009   0.0158   0.3433    0.037   0.0186    0.239   0.0018   0.0109   0.3451   0.0681   0.0303   0.1104   0.1201   0.0634   0.2515   0.0018   0.2789   0.1331   0.0099   0.4838   0.0138   0.0906   0.1786   0.0395   0.0846   0.1073   0.2214   0.1123    0.041   0.0015   0.1824   0.0101   0.1695   0.2988   0.0014   0.0191    0.031   0.3677   0.1363   0.0137   0.5021   0.0559      1.0   0.0113   0.0273    0.043   0.1521   0.2716   0.0394   0.3186    0.181   0.0641   0.1781   0.1096   0.4227   0.0279   0.3355   0.0514   0.0405   0.0233   0.0252   0.0009   0.1019   0.0058   0.0891   0.0097   0.1731   0.0187   0.1673   0.0092   0.1074   0.0918   0.0204   0.0502    0.095   0.1192   0.0823   0.1284   0.0654   0.1525   0.4171   0.1921   0.0581   0.2625   0.0059   0.0168   0.2823   0.1536   0.1483   0.0224   0.0131   0.2815   0.0033   0.2581   0.1898   0.0271   0.0642   0.1926   0.1966   0.0024   0.1318
  snr   -16.54
    H     5.28
 exon    False

M: tbpse
 freq      0.0   0.0016   0.0031   0.0047   0.0062   0.0078   0.0093   0.0109   0.0124    0.014   0.0155   0.0171   0.0186   0.0202   0.0217   0.0233   0.0248   0.0264   0.0279   0.0295    0.031   0.0326   0.0341   0.0357   0.0372   0.0388   0.0403   0.0419   0.0434    0.045   0.0465   0.0481   0.0496   0.0512   0.0527   0.0543   0.0558   0.0574   0.0589   0.0605    0.062   0.0636   0.0651   0.0667   0.0682   0.0698   0.0713   0.0729   0.0744    0.076   0.0775   0.0791   0.0806   0.0822   0.0837   0.0853   0.0868   0.0884   0.0899   0.0915    0.093   0.0946   0.0961   0.0977   0.0992   0.1008   0.1023   0.1039   0.1054    0.107   0.1085   0.1101   0.1116   0.1132   0.1147   0.1163   0.1178   0.1194   0.1209   0.1225    0.124   0.1256   0.1271   0.1287   0.1302   0.1318   0.1333   0.1349   0.1364    0.138   0.1395   0.1411   0.1426   0.1442   0.1457   0.1473   0.1488   0.1504   0.1519   0.1535    0.155   0.1566   0.1581   0.1597   0.1612   0.1628   0.1643   0.1659   0.1674    0.169   0.1705   0.1721   0.1736   0.1752   0.1767   0.1783   0.1798   0.1814   0.1829   0.1845    0.186   0.1876   0.1891   0.1907   0.1922   0.1938   0.1953   0.1969   0.1984      0.2   0.2016   0.2031   0.2047   0.2062   0.2078   0.2093   0.2109   0.2124    0.214   0.2155   0.2171   0.2186   0.2202   0.2217   0.2233   0.2248   0.2264   0.2279   0.2295    0.231   0.2326   0.2341   0.2357   0.2372   0.2388   0.2403   0.2419   0.2434    0.245   0.2465   0.2481   0.2496   0.2512   0.2527   0.2543   0.2558   0.2574   0.2589   0.2605    0.262   0.2636   0.2651   0.2667   0.2682   0.2698   0.2713   0.2729   0.2744    0.276   0.2775   0.2791   0.2806   0.2822   0.2837   0.2853   0.2868   0.2884   0.2899   0.2915    0.293   0.2946   0.2961   0.2977   0.2992   0.3008   0.3023   0.3039   0.3054    0.307   0.3085   0.3101   0.3116   0.3132   0.3147   0.3163   0.3178   0.3194   0.3209   0.3225    0.324   0.3256   0.3271   0.3287   0.3302   0.3318   0.3333   0.3349   0.3364    0.338   0.3395   0.3411   0.3426   0.3442   0.3457   0.3473   0.3488   0.3504   0.3519   0.3535    0.355   0.3566   0.3581   0.3597   0.3612   0.3628   0.3643   0.3659   0.3674    0.369   0.3705   0.3721   0.3736   0.3752   0.3767   0.3783   0.3798   0.3814   0.3829   0.3845    0.386   0.3876   0.3891   0.3907   0.3922   0.3938   0.3953   0.3969   0.3984      0.4   0.4016   0.4031   0.4047   0.4062   0.4078   0.4093   0.4109   0.4124    0.414   0.4155   0.4171   0.4186   0.4202   0.4217   0.4233   0.4248   0.4264   0.4279   0.4295    0.431   0.4326   0.4341   0.4357   0.4372   0.4388   0.4403   0.4419   0.4434    0.445   0.4465   0.4481   0.4496   0.4512   0.4527   0.4543   0.4558   0.4574   0.4589   0.4605    0.462   0.4636   0.4651   0.4667   0.4682   0.4698   0.4713   0.4729   0.4744    0.476   0.4775   0.4791   0.4806   0.4822   0.4837   0.4853   0.4868   0.4884   0.4899   0.4915    0.493   0.4946   0.4961   0.4977   0.4992
    S      0.0   0.0677   0.2527   0.5444   0.5247   0.0535   0.0793    0.092   0.0328   0.1998   0.1917   0.1941   0.0665   0.3171   0.0844   0.1136   0.1731   0.0665   0.1337   0.0607   0.0467   0.1915   0.0789   0.0473   0.0084     0.07   0.0273   0.3187   0.3417   0.1021    0.427   0.5945   0.0289   0.2122   0.1101   0.3373   0.1851   0.1111   0.0356   0.0654   0.2192   0.0223   0.2871   0.1211   0.1335   0.0266   0.1018   0.0497    0.156    0.357   0.0505   0.0916    0.397   0.0248   0.1248   0.0148   0.0965   0.1083   0.3773    0.137    0.066   0.1814   0.1027   0.0357   0.0569   0.1727   0.1077   0.0469   0.0418   0.0058   0.0651   0.4204   0.1784   0.0511   0.0989    0.024    0.042   0.0516   0.0568   0.2722      1.0   0.0828   0.3613   0.1226   0.0305   0.2339   0.2283   0.0357   0.2508   0.0436   0.0268   0.0718   0.0262   0.1252    0.243   0.0143   0.0962   0.1648   0.0153   0.0854   0.0121   0.0883   0.2002   0.1132   0.1383   0.2432   0.1822   0.1139   0.0232   0.3145   0.0361    0.348   0.0198   0.0848    0.017    0.207   0.0847   0.2582   0.2714   0.1225   0.1462   0.1183   0.0649   0.0943   0.0568     0.19   0.1157   0.0445   0.2796   0.0926   0.0852   0.0941   0.1129   0.0803   0.3731   0.0759   0.0973    0.147   0.1355   0.1293    0.091   0.0604   0.1325    0.068   0.1777   0.1469   0.1225    0.102   0.0935   0.0125   0.0721   0.1575   0.2508     0.06   0.2449   0.1383   0.4191   0.0612   0.0863   0.0804   0.1247   0.0896   0.0241   0.0369   0.0327   0.1327   0.0209   0.1246   0.0309    0.056    0.024   0.1297   0.2758   0.0678   0.0134   0.2022     0.26   0.0095   0.0735   0.0546   0.0678   0.1697   0.0969   0.0436   0.0958   0.2367    0.186   0.0071   0.0811   0.1406   0.0089   0.1496   0.0866   0.1211   0.0672   0.0775   0.0328   0.0351   0.1625   0.0497   0.1043     0.06   0.0745   0.2638   0.1061   0.4263   0.1377   0.0549   0.1264    0.089    0.051   0.0547   0.2832    0.005   0.0828   0.1797    0.064   0.0697   0.1297   0.0505   0.0947   0.1527    0.153   0.3161   0.1754   0.0106   0.0367   0.0226   0.0993   0.1064    0.146   0.0384   0.1476   0.0706   0.0243   0.1742   0.2384   0.0236   0.2885   0.0989   0.4196   0.0881   0.0286   0.2028   0.0743   0.1732   0.1433   0.0476   0.0578   0.1474   0.0311   0.0442   0.0998   0.2357   0.0548   0.0256     0.03   0.0856   0.1812   0.0826   0.0401   0.1862    0.085   0.1368   0.1088   0.0276   0.0503   0.0265   0.0196   0.1749    0.235   0.0335   0.1148   0.0304   0.2252   0.4784   0.1121   0.4327   0.0396   0.1526   0.0357    0.024   0.0483   0.1374   0.0171    0.085   0.0573   0.1254   0.0618   0.0548   0.1515   0.1078   0.0132   0.0491   0.0695   0.0337    0.143   0.0259   0.2161   0.0414   0.0382   0.1174   0.0385   0.0627   0.1361   0.0643   0.2509   0.1142   0.0055    0.036   0.1835    0.049   0.0548   0.0457   0.0502   0.0951   0.0357   0.0946   0.0585   0.0287   0.0852   0.0788   0.0128
  snr   -15.86
    H     5.44
 exon    False

M: snrse
 freq      0.0   0.0016   0.0031   0.0047   0.0062   0.0078   0.0093   0.0109   0.0124    0.014   0.0155   0.0171   0.0186   0.0202   0.0217   0.0233   0.0248   0.0264   0.0279   0.0295    0.031   0.0326   0.0341   0.0357   0.0372   0.0388   0.0403   0.0419   0.0434    0.045   0.0465   0.0481   0.0496   0.0512   0.0527   0.0543   0.0558   0.0574   0.0589   0.0605    0.062   0.0636   0.0651   0.0667   0.0682   0.0698   0.0713   0.0729   0.0744    0.076   0.0775   0.0791   0.0806   0.0822   0.0837   0.0853   0.0868   0.0884   0.0899   0.0915    0.093   0.0946   0.0961   0.0977   0.0992   0.1008   0.1023   0.1039   0.1054    0.107   0.1085   0.1101   0.1116   0.1132   0.1147   0.1163   0.1178   0.1194   0.1209   0.1225    0.124   0.1256   0.1271   0.1287   0.1302   0.1318   0.1333   0.1349   0.1364    0.138   0.1395   0.1411   0.1426   0.1442   0.1457   0.1473   0.1488   0.1504   0.1519   0.1535    0.155   0.1566   0.1581   0.1597   0.1612   0.1628   0.1643   0.1659   0.1674    0.169   0.1705   0.1721   0.1736   0.1752   0.1767   0.1783   0.1798   0.1814   0.1829   0.1845    0.186   0.1876   0.1891   0.1907   0.1922   0.1938   0.1953   0.1969   0.1984      0.2   0.2016   0.2031   0.2047   0.2062   0.2078   0.2093   0.2109   0.2124    0.214   0.2155   0.2171   0.2186   0.2202   0.2217   0.2233   0.2248   0.2264   0.2279   0.2295    0.231   0.2326   0.2341   0.2357   0.2372   0.2388   0.2403   0.2419   0.2434    0.245   0.2465   0.2481   0.2496   0.2512   0.2527   0.2543   0.2558   0.2574   0.2589   0.2605    0.262   0.2636   0.2651   0.2667   0.2682   0.2698   0.2713   0.2729   0.2744    0.276   0.2775   0.2791   0.2806   0.2822   0.2837   0.2853   0.2868   0.2884   0.2899   0.2915    0.293   0.2946   0.2961   0.2977   0.2992   0.3008   0.3023   0.3039   0.3054    0.307   0.3085   0.3101   0.3116   0.3132   0.3147   0.3163   0.3178   0.3194   0.3209   0.3225    0.324   0.3256   0.3271   0.3287   0.3302   0.3318   0.3333   0.3349   0.3364    0.338   0.3395   0.3411   0.3426   0.3442   0.3457   0.3473   0.3488   0.3504   0.3519   0.3535    0.355   0.3566   0.3581   0.3597   0.3612   0.3628   0.3643   0.3659   0.3674    0.369   0.3705   0.3721   0.3736   0.3752   0.3767   0.3783   0.3798   0.3814   0.3829   0.3845    0.386   0.3876   0.3891   0.3907   0.3922   0.3938   0.3953   0.3969   0.3984      0.4   0.4016   0.4031   0.4047   0.4062   0.4078   0.4093   0.4109   0.4124    0.414   0.4155   0.4171   0.4186   0.4202   0.4217   0.4233   0.4248   0.4264   0.4279   0.4295    0.431   0.4326   0.4341   0.4357   0.4372   0.4388   0.4403   0.4419   0.4434    0.445   0.4465   0.4481   0.4496   0.4512   0.4527   0.4543   0.4558   0.4574   0.4589   0.4605    0.462   0.4636   0.4651   0.4667   0.4682   0.4698   0.4713   0.4729   0.4744    0.476   0.4775   0.4791   0.4806   0.4822   0.4837   0.4853   0.4868   0.4884   0.4899   0.4915    0.493   0.4946   0.4961   0.4977   0.4992
    S      0.0   0.0575   0.1831   0.5789   0.4341   0.0249   0.0742   0.1146   0.0326   0.1973   0.1959   0.1956   0.0613   0.2302   0.0263   0.0339   0.0296   0.0675   0.0601   0.0076   0.0198   0.1714   0.0487   0.0138   0.0154   0.0354   0.0028   0.2338   0.3446   0.0937   0.4462   0.3156   0.0174   0.2276   0.0796   0.3263   0.0969   0.1462   0.0354   0.0376   0.1982   0.0006   0.2487    0.097   0.0966   0.0263   0.0542   0.0425   0.1322   0.2452   0.0624   0.0656   0.3344   0.0056    0.131   0.0176   0.0721   0.1144   0.4842   0.1292   0.0792   0.1739   0.0592   0.0472   0.0515   0.0616   0.1236   0.0518   0.0172   0.0018   0.0407   0.3317   0.2384   0.0044   0.1314   0.0051   0.0476   0.0344   0.0695   0.2965      1.0   0.0905    0.356   0.0803   0.0276   0.1373   0.2272   0.0353   0.2442   0.0238   0.0071   0.0993   0.0373   0.1593   0.2057   0.0091   0.0149   0.0805   0.0067   0.1045   0.0026     0.08   0.1588   0.0983    0.124   0.1463   0.1353   0.0875   0.0076   0.1978   0.0105   0.3108   0.0038   0.0922   0.0048   0.2543   0.0738   0.2051   0.1264   0.1177   0.1526   0.1105   0.0381   0.1008   0.0365   0.1359   0.1132   0.0268   0.2051   0.1337   0.0838   0.0637   0.1001   0.0511   0.2857   0.0385   0.0355   0.1349   0.0683   0.1288   0.0595   0.0106    0.141   0.0504   0.1779   0.1228   0.1006   0.0815    0.043   0.0111   0.0159   0.0477   0.2076   0.0187   0.2715   0.1407   0.3161   0.0737    0.054   0.0342   0.0534   0.0817   0.0148   0.0164   0.0122   0.0442   0.0302   0.0932   0.0278   0.0459   0.0066   0.1511   0.2729   0.0816   0.0307   0.2041   0.1798   0.0043   0.0308   0.0505   0.0517    0.116   0.0205   0.0143   0.0675   0.1827   0.2143   0.0033   0.0255   0.0251   0.0075    0.102   0.0901   0.0514   0.0221   0.0851   0.0178   0.0354   0.1167   0.0724   0.1125   0.0786   0.0535     0.18   0.1124   0.1827   0.0899    0.017    0.131   0.0959   0.0156   0.0354   0.2452   0.0041   0.0326   0.1521   0.0579   0.0595   0.0711   0.0125   0.0418   0.1291   0.0793   0.2543   0.1314    0.006   0.0216   0.0167   0.1364   0.0328    0.119   0.0405   0.1622   0.0316   0.0157   0.1713   0.2459   0.0272    0.205   0.0344   0.3507   0.0633   0.0353   0.0728   0.0566   0.1507   0.0423   0.0424   0.0656   0.1071   0.0155   0.0469   0.0908   0.1849   0.0421   0.0173   0.0291   0.0881   0.1192   0.0233   0.0326   0.1975   0.0488   0.0941     0.04    0.019   0.0589   0.0248   0.0091   0.1141   0.1401   0.0232   0.1148   0.0066   0.0374   0.3443    0.077   0.3132   0.0547   0.1032   0.0291   0.0191   0.0253   0.1088   0.0119   0.0702   0.0624   0.1123   0.0745   0.0438   0.1996   0.0381    0.009   0.0191   0.0699   0.0276   0.1581   0.0145   0.2454    0.017   0.0217   0.0981   0.0393   0.0764   0.0891   0.0209   0.1694   0.0807   0.0043   0.0498   0.0937    0.054   0.0089   0.0154   0.0057   0.0529   0.0163   0.0964   0.0732   0.0247   0.0851    0.033    0.004
  snr   -14.83
    H     5.34
 exon    False