>YNL300W
N: 309
Methods: voss, eiip, qpsk, mem, alg1, alg2

M: voss
 freq      0.0   0.0032   0.0065   0.0097   0.0129   0.0162   0.0194   0.0227   0.0259   0.0291   0.0324   0.0356   0.0388   0.0421   0.0453   0.0485   0.0518    0.055   0.0583   0.0615   0.0647    0.068   0.0712   0.0744   0.0777   0.0809   0.0841   0.0874   0.0906   0.0939   0.0971   0.1003   0.1036   0.1068     0.11   0.1133   0.1165   0.1197    0.123   0.1262   0.1294   0.1327   0.1359   0.1392   0.1424   0.1456   0.1489   0.1521   0.1553   0.1586   0.1618    0.165   0.1683   0.1715   0.1748    0.178   0.1812   0.1845   0.1877   0.1909   0.1942   0.1974   0.2006   0.2039   0.2071   0.2104   0.2136   0.2168   0.2201   0.2233   0.2265   0.2298    0.233   0.2362   0.2395   0.2427    0.246   0.2492   0.2524   0.2557   0.2589   0.2621   0.2654   0.2686   0.2718   0.2751   0.2783   0.2816   0.2848    0.288   0.2913   0.2945   0.2977    0.301   0.3042   0.3074   0.3107   0.3139   0.3172   0.3204   0.3236   0.3269   0.3301   0.3333   0.3366   0.3398    0.343   0.3463   0.3495   0.3528    0.356   0.3592   0.3625   0.3657   0.3689   0.3722   0.3754   0.3786   0.3819   0.3851   0.3883   0.3916   0.3948   0.3981   0.4013   0.4045   0.4078    0.411   0.4142   0.4175   0.4207   0.4239   0.4272   0.4304   0.4337   0.4369   0.4401   0.4434   0.4466   0.4498   0.4531   0.4563   0.4595   0.4628    0.466   0.4693   0.4725   0.4757    0.479   0.4822   0.4854   0.4887   0.4919   0.4951   0.4984
    S      0.0   0.2452   0.1086   0.1004    0.026   0.0561   0.0547   0.0571   0.1445   0.0362   0.0487   0.0922   0.0895   0.0889   0.1073   0.0138   0.0746   0.0486   0.0189   0.1719   0.0681   0.0975   0.0246   0.0522   0.0777    0.018   0.0524   0.0338   0.0216   0.0725    0.102   0.0654   0.0537   0.1003   0.0706   0.0935   0.0405   0.0626   0.0624   0.0344   0.0616   0.0252   0.0613   0.0802   0.0842   0.0464   0.0237    0.087   0.0396   0.0737    0.064   0.1149   0.0628   0.0749   0.0681    0.038   0.0869   0.0397   0.0884   0.0441   0.0948   0.0354   0.0526   0.0233   0.1502   0.0753   0.0398   0.0591    0.074   0.0503   0.0842   0.0577   0.0214   0.0795   0.2435    0.024   0.1149   0.1121   0.0389   0.0346   0.0396   0.0401   0.0842   0.0406   0.1165   0.0879   0.0289   0.0507   0.0143    0.132   0.0443    0.053   0.0185   0.0556   0.0335   0.0354   0.0168   0.0868   0.0342   0.0491   0.0602   0.0717   0.0995      1.0   0.1095   0.0749   0.0736   0.0138   0.0724   0.0523   0.1373   0.0689   0.0123   0.0421   0.0222   0.0897   0.0299    0.037   0.0118   0.0802   0.0806   0.1164   0.0903   0.0192   0.2851   0.0282   0.0746   0.0777   0.0334   0.0822   0.1131   0.0597   0.0701   0.0426   0.0377    0.114   0.1741   0.0673   0.0817   0.0222   0.0416   0.0628     0.15   0.0512   0.0058   0.1146    0.065   0.0801   0.0732   0.0656   0.0446   0.0712   0.0337   0.0581   0.0608
  snr   -10.17
    H     4.73
 exon     True

M: eiip
 freq      0.0   0.0032   0.0065   0.0097   0.0129   0.0162   0.0194   0.0227   0.0259   0.0291   0.0324   0.0356   0.0388   0.0421   0.0453   0.0485   0.0518    0.055   0.0583   0.0615   0.0647    0.068   0.0712   0.0744   0.0777   0.0809   0.0841   0.0874   0.0906   0.0939   0.0971   0.1003   0.1036   0.1068     0.11   0.1133   0.1165   0.1197    0.123   0.1262   0.1294   0.1327   0.1359   0.1392   0.1424   0.1456   0.1489   0.1521   0.1553   0.1586   0.1618    0.165   0.1683   0.1715   0.1748    0.178   0.1812   0.1845   0.1877   0.1909   0.1942   0.1974   0.2006   0.2039   0.2071   0.2104   0.2136   0.2168   0.2201   0.2233   0.2265   0.2298    0.233   0.2362   0.2395   0.2427    0.246   0.2492   0.2524   0.2557   0.2589   0.2621   0.2654   0.2686   0.2718   0.2751   0.2783   0.2816   0.2848    0.288   0.2913   0.2945   0.2977    0.301   0.3042   0.3074   0.3107   0.3139   0.3172   0.3204   0.3236   0.3269   0.3301   0.3333   0.3366   0.3398    0.343   0.3463   0.3495   0.3528    0.356   0.3592   0.3625   0.3657   0.3689   0.3722   0.3754   0.3786   0.3819   0.3851   0.3883   0.3916   0.3948   0.3981   0.4013   0.4045   0.4078    0.411   0.4142   0.4175   0.4207   0.4239   0.4272   0.4304   0.4337   0.4369   0.4401   0.4434   0.4466   0.4498   0.4531   0.4563   0.4595   0.4628    0.466   0.4693   0.4725   0.4757    0.479   0.4822   0.4854   0.4887   0.4919   0.4951   0.4984
    S      0.0   0.2122   0.1938   0.0852   0.0346   0.0019   0.0341   0.0282   0.0743   0.0388   0.0163   0.0104   0.0168   0.0612   0.1242    0.001    0.044   0.0394    0.023   0.1035   0.1638   0.0105    0.027   0.0366   0.1188   0.0138   0.0588   0.0037   0.0444   0.0146   0.0747   0.0571   0.0381   0.0432   0.0307   0.0852   0.0308   0.1034   0.0272   0.0036    0.013   0.0195   0.0152    0.025   0.0105   0.0298   0.0138   0.0477   0.0831   0.1601    0.018   0.0681   0.0053   0.0194   0.0224   0.0241   0.0297   0.0216   0.0721   0.0421   0.0161   0.0507    0.007   0.0446   0.0262   0.0758   0.0102   0.0124   0.0534   0.0013   0.0421   0.0014   0.0174   0.0406   0.0134   0.0264   0.0941   0.0405   0.0083   0.0414   0.0111   0.0424   0.0454   0.0076   0.0335   0.0721   0.0125   0.0228   0.0219   0.0076    0.032   0.0306   0.0175   0.0084   0.0011   0.0246   0.0029   0.1202   0.0036   0.0005   0.1469   0.0542   0.0582      1.0   0.1473   0.1307   0.0503   0.0194   0.0189   0.0752   0.2728   0.0491   0.0005   0.0707   0.0128   0.0153   0.0222   0.0049   0.0187   0.0583   0.0775    0.016   0.0088   0.0209   0.1886   0.0024   0.0417   0.0323   0.0114   0.0426   0.0423   0.0349   0.0132   0.0031   0.0749   0.0142   0.0318   0.0914   0.0049   0.0001   0.0097   0.0656   0.0208   0.0108   0.0055   0.0299   0.0286   0.0445   0.0563    0.044   0.0921    0.082   0.0154   0.0372   0.0341
  snr    -8.17
    H     4.38
 exon     True

M: qpsk
 freq      0.0   0.0032   0.0065   0.0097   0.0129   0.0162   0.0194   0.0227   0.0259   0.0291   0.0324   0.0356   0.0388   0.0421   0.0453   0.0485   0.0518    0.055   0.0583   0.0615   0.0647    0.068   0.0712   0.0744   0.0777   0.0809   0.0841   0.0874   0.0906   0.0939   0.0971   0.1003   0.1036   0.1068     0.11   0.1133   0.1165   0.1197    0.123   0.1262   0.1294   0.1327   0.1359   0.1392   0.1424   0.1456   0.1489   0.1521   0.1553   0.1586   0.1618    0.165   0.1683   0.1715   0.1748    0.178   0.1812   0.1845   0.1877   0.1909   0.1942   0.1974   0.2006   0.2039   0.2071   0.2104   0.2136   0.2168   0.2201   0.2233   0.2265   0.2298    0.233   0.2362   0.2395   0.2427    0.246   0.2492   0.2524   0.2557   0.2589   0.2621   0.2654   0.2686   0.2718   0.2751   0.2783   0.2816   0.2848    0.288   0.2913   0.2945   0.2977    0.301   0.3042   0.3074   0.3107   0.3139   0.3172   0.3204   0.3236   0.3269   0.3301   0.3333   0.3366   0.3398    0.343   0.3463   0.3495   0.3528    0.356   0.3592   0.3625   0.3657   0.3689   0.3722   0.3754   0.3786   0.3819   0.3851   0.3883   0.3916   0.3948   0.3981   0.4013   0.4045   0.4078    0.411   0.4142   0.4175   0.4207   0.4239   0.4272   0.4304   0.4337   0.4369   0.4401   0.4434   0.4466   0.4498   0.4531   0.4563   0.4595   0.4628    0.466   0.4693   0.4725   0.4757    0.479   0.4822   0.4854   0.4887   0.4919   0.4951   0.4984
    S      0.0    0.053    0.085   0.0459    0.023   0.0347   0.0162    0.021   0.0994   0.0302   0.0374   0.0986   0.0586   0.0806   0.0917   0.0097   0.0076   0.0191   0.0136   0.1235   0.0439    0.089    0.026   0.0359   0.0607   0.0138    0.033   0.0224   0.0212   0.0229    0.033    0.067   0.0547   0.0642   0.0732   0.0136   0.0222   0.0582   0.0545   0.0067   0.0578   0.0109   0.0396   0.0384    0.061   0.0313   0.0168   0.0608   0.0222   0.0677   0.0427   0.1015   0.0372   0.0308    0.019   0.0373   0.0891   0.0353   0.0178   0.0239   0.0575   0.0289   0.0369   0.0231   0.1068   0.0392   0.0261   0.0534   0.0645   0.0244   0.0623   0.0357   0.0177   0.0253   0.1744    0.023   0.1046   0.0767   0.0317   0.0343   0.0282   0.0267   0.0301   0.0302   0.1273    0.061    0.026   0.0515   0.0078   0.1158   0.0468   0.0506   0.0047   0.0323   0.0154   0.0302   0.0075   0.0896    0.016   0.0261   0.0554   0.0515   0.0989      1.0   0.0192   0.0735   0.0392   0.0116    0.065   0.0293    0.149   0.0288   0.0109   0.0326   0.0011   0.0382   0.0312    0.013   0.0107     0.04   0.0773   0.1042   0.0921   0.0039   0.2046   0.0307   0.0706   0.0379    0.036   0.0888   0.0893   0.0118   0.0188   0.0415   0.0389   0.0376   0.1397    0.069   0.0606    0.007   0.0245   0.0662   0.0989   0.0246   0.0054   0.0814   0.0562   0.0418   0.0648   0.0519   0.0295   0.0694   0.0363   0.0628    0.065
  snr    -8.64
    H     4.59
 exon     True

M: mem
 freq      0.0   0.0032   0.0065   0.0097    0.013   0.0162   0.0195   0.0227    0.026   0.0292   0.0325   0.0357    0.039   0.0422   0.0455   0.0487   0.0519   0.0552   0.0584   0.0617   0.0649   0.0682   0.0714   0.0747   0.0779   0.0812   0.0844   0.0877   0.0909   0.0942   0.0974   0.1006   0.1039   0.1071   0.1104   0.1136   0.1169   0.1201   0.1234   0.1266   0.1299   0.1331   0.1364   0.1396   0.1429   0.1461   0.1494   0.1526   0.1558   0.1591   0.1623   0.1656   0.1688   0.1721   0.1753   0.1786   0.1818   0.1851   0.1883   0.1916   0.1948   0.1981   0.2013   0.2045   0.2078    0.211   0.2143   0.2175   0.2208    0.224   0.2273   0.2305   0.2338    0.237   0.2403   0.2435   0.2468     0.25   0.2532   0.2565   0.2597    0.263   0.2662   0.2695   0.2727    0.276   0.2792   0.2825   0.2857    0.289   0.2922   0.2955   0.2987   0.3019   0.3052   0.3084   0.3117   0.3149   0.3182   0.3214   0.3247   0.3279   0.3312   0.3344   0.3377   0.3409   0.3442   0.3474   0.3506   0.3539   0.3571   0.3604   0.3636   0.3669   0.3701   0.3734   0.3766   0.3799   0.3831   0.3864   0.3896   0.3929   0.3961   0.3994   0.4026   0.4058   0.4091   0.4123   0.4156   0.4188   0.4221   0.4253   0.4286   0.4318   0.4351   0.4383   0.4416   0.4448   0.4481   0.4513   0.4545   0.4578    0.461   0.4643   0.4675   0.4708    0.474   0.4773   0.4805   0.4838    0.487   0.4903   0.4935   0.4968
    S      0.0   0.7104   0.3631   0.2767   0.0929   0.0004   0.1489   0.1196   0.1046   0.0839   0.0194   0.0007   0.0297   0.2255    0.218   0.0038   0.1491   0.0856    0.056    0.094   0.3618   0.0006   0.0278   0.0415   0.1809   0.0175   0.1688    0.014   0.0706   0.0259   0.2406   0.0294   0.1563   0.0798    0.137   0.2928   0.0149   0.2004   0.0326   0.0179   0.0151   0.0401   0.0022   0.0875   0.0669   0.1469   0.0072   0.0958   0.2183   0.2976   0.0721   0.1359   0.0108   0.0392   0.0938   0.1625   0.0629   0.0559   0.0881   0.0763   0.0004   0.1407   0.0195   0.0265   0.0144    0.184   0.0059   0.0876   0.1563   0.0137   0.1332   0.0124   0.0098   0.0526    0.176   0.0224      0.2   0.0545   0.0105    0.056   0.0754   0.0163   0.2598   0.0221   0.2184   0.1824   0.0539   0.0822   0.0013   0.0248   0.0299   0.0207   0.0455   0.0114    0.001   0.0219   0.0106   0.2269   0.0672   0.0613    0.255   0.5192   0.0762   0.4836      1.0   0.0021   0.0135   0.0251   0.0197   0.0089   0.5744   0.0384   0.0063    0.301   0.0396    0.017   0.0347   0.0322   0.0007   0.2832   0.1083   0.0559   0.1438   0.0233   0.5017   0.1522   0.0788   0.0044   0.0172   0.0051   0.1664   0.0106   0.0243   0.0782   0.0548   0.0335   0.0754   0.0664   0.0343   0.0072   0.0593   0.0528   0.0182   0.0513   0.0092   0.0671   0.0476   0.1946   0.0206   0.0869   0.3248   0.0068   0.0523    0.041
  snr   -11.73
    H      4.4
 exon     True

M: alg1
 freq      0.0   0.0032   0.0065   0.0097   0.0129   0.0162   0.0194   0.0227   0.0259   0.0291   0.0324   0.0356   0.0388   0.0421   0.0453   0.0485   0.0518    0.055   0.0583   0.0615   0.0647    0.068   0.0712   0.0744   0.0777   0.0809   0.0841   0.0874   0.0906   0.0939   0.0971   0.1003   0.1036   0.1068     0.11   0.1133   0.1165   0.1197    0.123   0.1262   0.1294   0.1327   0.1359   0.1392   0.1424   0.1456   0.1489   0.1521   0.1553   0.1586   0.1618    0.165   0.1683   0.1715   0.1748    0.178   0.1812   0.1845   0.1877   0.1909   0.1942   0.1974   0.2006   0.2039   0.2071   0.2104   0.2136   0.2168   0.2201   0.2233   0.2265   0.2298    0.233   0.2362   0.2395   0.2427    0.246   0.2492   0.2524   0.2557   0.2589   0.2621   0.2654   0.2686   0.2718   0.2751   0.2783   0.2816   0.2848    0.288   0.2913   0.2945   0.2977    0.301   0.3042   0.3074   0.3107   0.3139   0.3172   0.3204   0.3236   0.3269   0.3301   0.3333   0.3366   0.3398    0.343   0.3463   0.3495   0.3528    0.356   0.3592   0.3625   0.3657   0.3689   0.3722   0.3754   0.3786   0.3819   0.3851   0.3883   0.3916   0.3948   0.3981   0.4013   0.4045   0.4078    0.411   0.4142   0.4175   0.4207   0.4239   0.4272   0.4304   0.4337   0.4369   0.4401   0.4434   0.4466   0.4498   0.4531   0.4563   0.4595   0.4628    0.466   0.4693   0.4725   0.4757    0.479   0.4822   0.4854   0.4887   0.4919   0.4951   0.4984
    S      0.0   0.0251   0.0339   0.0139   0.0023   0.0135   0.0012     0.01   0.1062   0.0073   0.0265   0.0763   0.0407   0.0109   0.0971   0.0043   0.0092   0.0168   0.0166   0.1359   0.0297    0.067   0.0127   0.0303   0.0737   0.0141   0.0063   0.0115    0.011   0.0193   0.0379   0.0362   0.0065   0.0186   0.0168   0.0319    0.015   0.0248   0.0384   0.0023   0.0324   0.0035   0.0073   0.0177    0.016    0.004   0.0089   0.0362   0.0067   0.0408   0.0265   0.0295   0.0164   0.0243   0.0067    0.009   0.0335   0.0317    0.016    0.008   0.0194   0.0141   0.0255   0.0065   0.0338   0.0027   0.0148   0.0142   0.0105   0.0053   0.0157   0.0106   0.0112   0.0137   0.1078   0.0229   0.0141    0.026   0.0084   0.0085   0.0168   0.0258    0.004   0.0106   0.0317   0.0191   0.0033   0.0096   0.0093    0.051   0.0198    0.025   0.0077   0.0216    0.009   0.0096    0.006   0.0206   0.0029   0.0108   0.0241    0.045   0.0176      1.0   0.0207   0.0471   0.0191   0.0078   0.0445   0.0335   0.0425   0.0404   0.0073   0.0017   0.0045   0.0181   0.0074   0.0049   0.0099   0.0195    0.048   0.0356   0.0409   0.0039   0.0964   0.0166   0.0185    0.008    0.019   0.0791   0.0155    0.004   0.0115   0.0239    0.029   0.0215   0.0544   0.0655   0.0337    0.002   0.0235   0.0257   0.0346   0.0066   0.0017   0.0285   0.0148   0.0359   0.0158   0.0452   0.0265   0.0226    0.027   0.0547   0.0276
  snr    -5.63
    H      4.2
 exon     True

M: alg2
 freq      0.0   0.0032   0.0065   0.0097   0.0129   0.0162   0.0194   0.0227   0.0259   0.0291   0.0324   0.0356   0.0388   0.0421   0.0453   0.0485   0.0518    0.055   0.0583   0.0615   0.0647    0.068   0.0712   0.0744   0.0777   0.0809   0.0841   0.0874   0.0906   0.0939   0.0971   0.1003   0.1036   0.1068     0.11   0.1133   0.1165   0.1197    0.123   0.1262   0.1294   0.1327   0.1359   0.1392   0.1424   0.1456   0.1489   0.1521   0.1553   0.1586   0.1618    0.165   0.1683   0.1715   0.1748    0.178   0.1812   0.1845   0.1877   0.1909   0.1942   0.1974   0.2006   0.2039   0.2071   0.2104   0.2136   0.2168   0.2201   0.2233   0.2265   0.2298    0.233   0.2362   0.2395   0.2427    0.246   0.2492   0.2524   0.2557   0.2589   0.2621   0.2654   0.2686   0.2718   0.2751   0.2783   0.2816   0.2848    0.288   0.2913   0.2945   0.2977    0.301   0.3042   0.3074   0.3107   0.3139   0.3172   0.3204   0.3236   0.3269   0.3301   0.3333   0.3366   0.3398    0.343   0.3463   0.3495   0.3528    0.356   0.3592   0.3625   0.3657   0.3689   0.3722   0.3754   0.3786   0.3819   0.3851   0.3883   0.3916   0.3948   0.3981   0.4013   0.4045   0.4078    0.411   0.4142   0.4175   0.4207   0.4239   0.4272   0.4304   0.4337   0.4369   0.4401   0.4434   0.4466   0.4498   0.4531   0.4563   0.4595   0.4628    0.466   0.4693   0.4725   0.4757    0.479   0.4822   0.4854   0.4887   0.4919   0.4951   0.4984
    S      0.0   0.0354   0.0479   0.0086   0.0021   0.0075   0.0016    0.006   0.0803   0.0124   0.0306   0.0586   0.0464   0.0052   0.0919   0.0042   0.0074   0.0165    0.016   0.1181   0.0396   0.0447    0.016   0.0338   0.0747   0.0116   0.0081   0.0127   0.0145   0.0104   0.0323   0.0475   0.0018   0.0092   0.0072   0.0259   0.0155   0.0283   0.0442    0.002   0.0295   0.0025    0.013   0.0223   0.0085   0.0013   0.0129   0.0489   0.0108    0.054   0.0345   0.0152   0.0084   0.0132   0.0107   0.0063   0.0208   0.0285   0.0155   0.0129   0.0298   0.0178   0.0221   0.0103   0.0285   0.0037   0.0168   0.0058   0.0084   0.0037   0.0069    0.006   0.0115   0.0117   0.0946   0.0243   0.0257   0.0441   0.0029   0.0116   0.0095   0.0237    0.003   0.0052   0.0118   0.0179   0.0033   0.0068   0.0096   0.0278   0.0177   0.0301   0.0061   0.0168   0.0047   0.0165   0.0053    0.027   0.0047   0.0097   0.0366   0.0372    0.007      1.0   0.0225   0.0562   0.0136   0.0091     0.05   0.0363   0.0734   0.0303    0.006   0.0036    0.003   0.0196   0.0046    0.008   0.0115    0.027   0.0425   0.0249   0.0292    0.004   0.0605   0.0111   0.0155    0.008   0.0144   0.0792   0.0224   0.0062   0.0121   0.0152   0.0373   0.0153   0.0589   0.0727   0.0357   0.0035   0.0155     0.03   0.0219   0.0118   0.0029    0.042     0.02   0.0243   0.0085   0.0487   0.0323   0.0378   0.0245   0.0563   0.0235
  snr    -5.46
    H     4.17
 exon     True