>YNR032C-A
N: 222
Methods: voss, eiip, qpsk, mem, alg1, alg2

M: voss
 freq      0.0   0.0045    0.009   0.0135    0.018   0.0225    0.027   0.0315    0.036   0.0405    0.045   0.0495   0.0541   0.0586   0.0631   0.0676   0.0721   0.0766   0.0811   0.0856   0.0901   0.0946   0.0991   0.1036   0.1081   0.1126   0.1171   0.1216   0.1261   0.1306   0.1351   0.1396   0.1441   0.1486   0.1532   0.1577   0.1622   0.1667   0.1712   0.1757   0.1802   0.1847   0.1892   0.1937   0.1982   0.2027   0.2072   0.2117   0.2162   0.2207   0.2252   0.2297   0.2342   0.2387   0.2432   0.2477   0.2523   0.2568   0.2613   0.2658   0.2703   0.2748   0.2793   0.2838   0.2883   0.2928   0.2973   0.3018   0.3063   0.3108   0.3153   0.3198   0.3243   0.3288   0.3333   0.3378   0.3423   0.3468   0.3514   0.3559   0.3604   0.3649   0.3694   0.3739   0.3784   0.3829   0.3874   0.3919   0.3964   0.4009   0.4054   0.4099   0.4144   0.4189   0.4234   0.4279   0.4324   0.4369   0.4414   0.4459   0.4505    0.455   0.4595    0.464   0.4685    0.473   0.4775    0.482   0.4865    0.491   0.4955
    S      0.0   0.0987   0.1108   0.4654   0.2469   0.3809   0.4736     0.21   0.4291   0.1786   0.2988   0.3115   0.7201    0.538   0.2465   0.1692   0.2451   0.0985      1.0   0.1472   0.2975   0.2213   0.4249   0.3383   0.1099   0.3951   0.3389   0.3314    0.144   0.1616   0.2377   0.3033   0.2688   0.1162   0.4439   0.1728   0.2013   0.4006   0.2247   0.0872   0.2306   0.1437   0.2503   0.3388   0.2733   0.2532   0.4392   0.1529   0.5493   0.4893   0.1324   0.3465   0.2264   0.2115    0.133   0.2429   0.2172   0.4392   0.3226   0.5045    0.212   0.4108   0.2576   0.0612   0.0613      0.2   0.1471   0.1822   0.1769   0.4666   0.4616   0.1171    0.327   0.3138   0.8465   0.2426   0.4703   0.1097   0.1736   0.1625     0.39   0.0741   0.4407   0.0605   0.1729    0.476    0.262   0.1428   0.4231   0.2313   0.5052   0.2927   0.0859   0.2246   0.2794   0.3529   0.1533   0.0439   0.2312   0.0338   0.3435   0.1711   0.5403   0.4119   0.3807   0.1784   0.1736   0.5976   0.0555   0.2797   0.3677
  snr   -14.81
    H     4.54
 exon    False

M: eiip
 freq      0.0   0.0045    0.009   0.0135    0.018   0.0225    0.027   0.0315    0.036   0.0405    0.045   0.0495   0.0541   0.0586   0.0631   0.0676   0.0721   0.0766   0.0811   0.0856   0.0901   0.0946   0.0991   0.1036   0.1081   0.1126   0.1171   0.1216   0.1261   0.1306   0.1351   0.1396   0.1441   0.1486   0.1532   0.1577   0.1622   0.1667   0.1712   0.1757   0.1802   0.1847   0.1892   0.1937   0.1982   0.2027   0.2072   0.2117   0.2162   0.2207   0.2252   0.2297   0.2342   0.2387   0.2432   0.2477   0.2523   0.2568   0.2613   0.2658   0.2703   0.2748   0.2793   0.2838   0.2883   0.2928   0.2973   0.3018   0.3063   0.3108   0.3153   0.3198   0.3243   0.3288   0.3333   0.3378   0.3423   0.3468   0.3514   0.3559   0.3604   0.3649   0.3694   0.3739   0.3784   0.3829   0.3874   0.3919   0.3964   0.4009   0.4054   0.4099   0.4144   0.4189   0.4234   0.4279   0.4324   0.4369   0.4414   0.4459   0.4505    0.455   0.4595    0.464   0.4685    0.473   0.4775    0.482   0.4865    0.491   0.4955
    S      0.0   0.1209   0.1842   0.2457   0.2484   0.4808   0.2463   0.4394   0.0629   0.0076   0.1927   0.1027   0.0486   0.2145   0.3383   0.0539    0.166    0.174   0.3349   0.1168   0.3786   0.1256   0.0186   0.1376     0.09   0.0278   0.0428   0.4359   0.0604   0.0913    0.132   0.1138   0.5425    0.032   0.0842   0.1587   0.1416   0.4057   0.0213   0.0396   0.0341   0.1091   0.1165   0.0129   0.2741   0.1826   0.5637   0.2178   0.2391   0.2947   0.1777   0.2675   0.0965   0.2101   0.1656   0.1042   0.1947   0.0121   0.1777   0.0204   0.2332   0.4538   0.3226   0.0849   0.0341   0.2598   0.0993   0.1199   0.2338   0.6921   0.5707   0.1735   0.3159   0.3789      1.0   0.1007   0.7425   0.0589   0.1647   0.1754   0.6134   0.0137   0.5186   0.0509   0.3477   0.0532    0.234   0.2814   0.4845    0.205    0.052   0.4885   0.1527   0.0324   0.2655   0.1594   0.2152   0.0544   0.0385   0.0312   0.2366   0.0693    0.789   0.0427   0.2355   0.1426   0.1549   0.4513   0.0325   0.2426   0.3123
  snr   -13.53
    H     4.36
 exon     True

M: qpsk
 freq      0.0   0.0045    0.009   0.0135    0.018   0.0225    0.027   0.0315    0.036   0.0405    0.045   0.0495   0.0541   0.0586   0.0631   0.0676   0.0721   0.0766   0.0811   0.0856   0.0901   0.0946   0.0991   0.1036   0.1081   0.1126   0.1171   0.1216   0.1261   0.1306   0.1351   0.1396   0.1441   0.1486   0.1532   0.1577   0.1622   0.1667   0.1712   0.1757   0.1802   0.1847   0.1892   0.1937   0.1982   0.2027   0.2072   0.2117   0.2162   0.2207   0.2252   0.2297   0.2342   0.2387   0.2432   0.2477   0.2523   0.2568   0.2613   0.2658   0.2703   0.2748   0.2793   0.2838   0.2883   0.2928   0.2973   0.3018   0.3063   0.3108   0.3153   0.3198   0.3243   0.3288   0.3333   0.3378   0.3423   0.3468   0.3514   0.3559   0.3604   0.3649   0.3694   0.3739   0.3784   0.3829   0.3874   0.3919   0.3964   0.4009   0.4054   0.4099   0.4144   0.4189   0.4234   0.4279   0.4324   0.4369   0.4414   0.4459   0.4505    0.455   0.4595    0.464   0.4685    0.473   0.4775    0.482   0.4865    0.491   0.4955
    S      0.0   0.0262   0.1259   0.0874   0.2287   0.0978   0.2925   0.1569   0.2509   0.0612   0.2954   0.1227   0.5499   0.6022   0.1084   0.0681   0.2817   0.1135   0.8752    0.139   0.1938   0.1195   0.1945    0.358   0.1289   0.2982   0.2744   0.2944   0.1202   0.1829   0.1937   0.2707   0.1961   0.1366   0.2247   0.1812   0.2066   0.0803    0.145   0.0698   0.2368   0.1691   0.1806   0.2751   0.2964   0.2405   0.0913   0.1875   0.3362   0.4303   0.1574   0.2163   0.0792   0.1544     0.08   0.2914   0.2273   0.3886   0.3342   0.4654   0.1179   0.4077    0.145   0.0465   0.0601   0.2193   0.1246   0.1754   0.1183   0.5627   0.4528   0.0272    0.371   0.1453      1.0   0.1485   0.2909   0.0318   0.1701   0.1742    0.465   0.0462   0.4567   0.0314   0.2055   0.3807   0.3027   0.1442   0.2271   0.2353   0.4973   0.2594    0.088   0.1642   0.3113   0.3537    0.146   0.0531   0.1125   0.0217    0.297   0.0959   0.4363   0.2496   0.4178   0.2161   0.1565   0.6913   0.0378   0.1328   0.4264
  snr   -13.92
    H     4.47
 exon     True

M: mem
 freq      0.0   0.0045    0.009   0.0135    0.018   0.0225    0.027   0.0315    0.036   0.0405    0.045   0.0495   0.0541   0.0586   0.0631   0.0676   0.0721   0.0766   0.0811   0.0856   0.0901   0.0946   0.0991   0.1036   0.1081   0.1126   0.1171   0.1216   0.1261   0.1306   0.1351   0.1396   0.1441   0.1486   0.1532   0.1577   0.1622   0.1667   0.1712   0.1757   0.1802   0.1847   0.1892   0.1937   0.1982   0.2027   0.2072   0.2117   0.2162   0.2207   0.2252   0.2297   0.2342   0.2387   0.2432   0.2477   0.2523   0.2568   0.2613   0.2658   0.2703   0.2748   0.2793   0.2838   0.2883   0.2928   0.2973   0.3018   0.3063   0.3108   0.3153   0.3198   0.3243   0.3288   0.3333   0.3378   0.3423   0.3468   0.3514   0.3559   0.3604   0.3649   0.3694   0.3739   0.3784   0.3829   0.3874   0.3919   0.3964   0.4009   0.4054   0.4099   0.4144   0.4189   0.4234   0.4279   0.4324   0.4369   0.4414   0.4459   0.4505    0.455   0.4595    0.464   0.4685    0.473   0.4775    0.482   0.4865    0.491   0.4955
    S      0.0   0.0333   0.0482   0.3417   0.0282   0.1063   0.3731   0.0008   0.1982   0.1679   0.1971   0.2559   0.7822   0.4997   0.0707    0.083   0.1592   0.0311      1.0   0.0566   0.1461    0.137   0.5039   0.0213   0.0827    0.437   0.4219   0.1423   0.0172    0.095   0.1198   0.0714    0.015    0.007    0.381   0.0635   0.2163    0.228   0.2015   0.0387   0.1284   0.0514   0.0616   0.3792   0.1421   0.2412   0.0866   0.1073   0.3961   0.5111   0.0214   0.0214   0.1867   0.0729   0.0142   0.0459   0.0311   0.4313   0.3275   0.2446   0.1041   0.2991   0.0652   0.0033   0.0581   0.0061   0.0565   0.2017   0.0374   0.1871   0.1895   0.0289    0.301   0.1177   0.0769   0.1051   0.0723   0.1026   0.1161   0.0467   0.2462   0.0631   0.0719   0.0278   0.0544   0.5995   0.1772   0.0223   0.1923   0.0125   0.2964   0.0063   0.0216   0.1778   0.2316   0.4223   0.0067   0.0356   0.2231   0.0018   0.1706   0.0833   0.1081   0.2731   0.1974   0.0139   0.1069   0.5925    0.049   0.0462   0.0681
  snr   -12.32
    H     4.24
 exon    False

M: alg1
 freq      0.0   0.0045    0.009   0.0135    0.018   0.0225    0.027   0.0315    0.036   0.0405    0.045   0.0495   0.0541   0.0586   0.0631   0.0676   0.0721   0.0766   0.0811   0.0856   0.0901   0.0946   0.0991   0.1036   0.1081   0.1126   0.1171   0.1216   0.1261   0.1306   0.1351   0.1396   0.1441   0.1486   0.1532   0.1577   0.1622   0.1667   0.1712   0.1757   0.1802   0.1847   0.1892   0.1937   0.1982   0.2027   0.2072   0.2117   0.2162   0.2207   0.2252   0.2297   0.2342   0.2387   0.2432   0.2477   0.2523   0.2568   0.2613   0.2658   0.2703   0.2748   0.2793   0.2838   0.2883   0.2928   0.2973   0.3018   0.3063   0.3108   0.3153   0.3198   0.3243   0.3288   0.3333   0.3378   0.3423   0.3468   0.3514   0.3559   0.3604   0.3649   0.3694   0.3739   0.3784   0.3829   0.3874   0.3919   0.3964   0.4009   0.4054   0.4099   0.4144   0.4189   0.4234   0.4279   0.4324   0.4369   0.4414   0.4459   0.4505    0.455   0.4595    0.464   0.4685    0.473   0.4775    0.482   0.4865    0.491   0.4955
    S      0.0   0.0182   0.0547   0.0545   0.0277   0.1464   0.2153   0.1821   0.0669   0.0167   0.1943   0.0687   0.1026   0.0892   0.1737   0.0482   0.0685   0.0504   0.4438   0.1336    0.187   0.1145   0.0307   0.1146   0.0338    0.082   0.0336   0.2427   0.0515   0.0372   0.1812   0.2325   0.1894   0.1105   0.1608   0.1583   0.0385   0.1281   0.0829    0.066   0.1074   0.0905   0.1443   0.0558   0.0347   0.0364   0.0494    0.097   0.2933   0.0857   0.1134   0.0134    0.077   0.0131   0.0241   0.1215   0.2164   0.1226   0.0804   0.2252   0.1086   0.2684   0.2028   0.0167   0.0319   0.2405   0.0083   0.0334   0.1605    0.416   0.4182   0.0486   0.1678   0.1789      1.0   0.1155   0.3917   0.0207   0.1178   0.1555    0.208   0.0311   0.3991   0.0423   0.1311   0.0705   0.0522   0.0559   0.2742   0.2445   0.2849    0.213    0.024   0.1047   0.1863   0.0703   0.1582   0.0193   0.0495    0.012   0.2572   0.0815   0.5123   0.1662   0.3236   0.2089   0.1304   0.1542   0.0131   0.0903   0.3687
  snr   -11.61
    H     4.35
 exon     True

M: alg2
 freq      0.0   0.0045    0.009   0.0135    0.018   0.0225    0.027   0.0315    0.036   0.0405    0.045   0.0495   0.0541   0.0586   0.0631   0.0676   0.0721   0.0766   0.0811   0.0856   0.0901   0.0946   0.0991   0.1036   0.1081   0.1126   0.1171   0.1216   0.1261   0.1306   0.1351   0.1396   0.1441   0.1486   0.1532   0.1577   0.1622   0.1667   0.1712   0.1757   0.1802   0.1847   0.1892   0.1937   0.1982   0.2027   0.2072   0.2117   0.2162   0.2207   0.2252   0.2297   0.2342   0.2387   0.2432   0.2477   0.2523   0.2568   0.2613   0.2658   0.2703   0.2748   0.2793   0.2838   0.2883   0.2928   0.2973   0.3018   0.3063   0.3108   0.3153   0.3198   0.3243   0.3288   0.3333   0.3378   0.3423   0.3468   0.3514   0.3559   0.3604   0.3649   0.3694   0.3739   0.3784   0.3829   0.3874   0.3919   0.3964   0.4009   0.4054   0.4099   0.4144   0.4189   0.4234   0.4279   0.4324   0.4369   0.4414   0.4459   0.4505    0.455   0.4595    0.464   0.4685    0.473   0.4775    0.482   0.4865    0.491   0.4955
    S      0.0   0.0094   0.0382   0.0541   0.0263   0.1069   0.1942   0.1399   0.1215   0.0315   0.1903   0.0655   0.1083   0.0778   0.1412   0.0639   0.0612   0.0342   0.4758    0.138   0.1551   0.1067   0.0402   0.1581    0.027   0.0806   0.0271   0.2186    0.073   0.0417   0.1833   0.2717   0.1387   0.1341   0.1716   0.1648   0.0241   0.0876   0.1001   0.0684   0.1375   0.0982   0.1655   0.0632   0.0196   0.0175   0.0122   0.0778   0.3083   0.0518   0.1086   0.0349   0.0758   0.0061   0.0163   0.1514   0.2189   0.1373   0.0725   0.2867   0.0857   0.2379   0.1796   0.0132   0.0318   0.2349   0.0119   0.0201   0.1433    0.378    0.391   0.0317   0.1464   0.1427      1.0    0.127     0.33   0.0151   0.1148   0.1578   0.1478   0.0314   0.3802   0.0386   0.0978   0.0633   0.0338   0.0289   0.2285   0.2528     0.32   0.1832   0.0096   0.1229   0.1763   0.0531   0.1508   0.0139   0.0661   0.0131   0.2511   0.0887   0.4524   0.2224   0.3573   0.2238   0.1257   0.1141   0.0128   0.0949   0.3805
  snr   -11.44
    H     4.32
 exon     True