>YNR046W
N: 408
Methods: voss, eiip, qpsk, mem, tbpse, snrse

M: voss
 freq      0.0   0.0025   0.0049   0.0074   0.0098   0.0123   0.0147   0.0172   0.0196   0.0221   0.0245    0.027   0.0294   0.0319   0.0343   0.0368   0.0392   0.0417   0.0441   0.0466    0.049   0.0515   0.0539   0.0564   0.0588   0.0613   0.0637   0.0662   0.0686   0.0711   0.0735    0.076   0.0784   0.0809   0.0833   0.0858   0.0882   0.0907   0.0931   0.0956    0.098   0.1005   0.1029   0.1054   0.1078   0.1103   0.1127   0.1152   0.1176   0.1201   0.1225    0.125   0.1275   0.1299   0.1324   0.1348   0.1373   0.1397   0.1422   0.1446   0.1471   0.1495    0.152   0.1544   0.1569   0.1593   0.1618   0.1642   0.1667   0.1691   0.1716    0.174   0.1765   0.1789   0.1814   0.1838   0.1863   0.1887   0.1912   0.1936   0.1961   0.1985    0.201   0.2034   0.2059   0.2083   0.2108   0.2132   0.2157   0.2181   0.2206    0.223   0.2255   0.2279   0.2304   0.2328   0.2353   0.2377   0.2402   0.2426   0.2451   0.2475     0.25   0.2525   0.2549   0.2574   0.2598   0.2623   0.2647   0.2672   0.2696   0.2721   0.2745    0.277   0.2794   0.2819   0.2843   0.2868   0.2892   0.2917   0.2941   0.2966    0.299   0.3015   0.3039   0.3064   0.3088   0.3113   0.3137   0.3162   0.3186   0.3211   0.3235    0.326   0.3284   0.3309   0.3333   0.3358   0.3382   0.3407   0.3431   0.3456    0.348   0.3505   0.3529   0.3554   0.3578   0.3603   0.3627   0.3652   0.3676   0.3701   0.3725    0.375   0.3775   0.3799   0.3824   0.3848   0.3873   0.3897   0.3922   0.3946   0.3971   0.3995    0.402   0.4044   0.4069   0.4093   0.4118   0.4142   0.4167   0.4191   0.4216    0.424   0.4265   0.4289   0.4314   0.4338   0.4363   0.4387   0.4412   0.4436   0.4461   0.4485    0.451   0.4534   0.4559   0.4583   0.4608   0.4632   0.4657   0.4681   0.4706    0.473   0.4755   0.4779   0.4804   0.4828   0.4853   0.4877   0.4902   0.4926   0.4951   0.4975
    S      0.0   0.1141   0.2924   0.1754   0.0959   0.3603   0.2291   0.1093   0.1991   0.1032   0.1954   0.0962   0.1237   0.0829   0.1762   0.1683    0.111   0.2592   0.0926   0.0655   0.2805   0.1658   0.1041    0.148   0.2235   0.0874   0.1325   0.0817   0.3988   0.0648    0.221   0.2306   0.1425   0.1703   0.2551   0.3127   0.1064   0.0834   0.2229   0.1458    0.254   0.0656   0.4298    0.066   0.3428   0.1036   0.2304   0.0986   0.2621   0.0983   0.3315   0.2229   0.1442   0.3862   0.1015   0.2606   0.2344   0.2771   0.0935   0.2863   0.1638   0.2325   0.1186   0.0777   0.1746   0.2302     0.13   0.2062   0.3646   0.1035   0.5504   0.1328    0.093   0.2133   0.1099   0.0939   0.1532   0.0894   0.1212   0.4396   0.2219   0.2662   0.0867   0.0744   0.1488   0.1347   0.1792   0.2008   0.2129   0.2886   0.3836   0.2358    0.495   0.1971   0.1604   0.2962   0.2088   0.3526   0.3007   0.2897   0.1666   0.4517   0.3197   0.5124   0.1589   0.1215   0.3435   0.2398   0.5546   0.1779   0.1344   0.1707   0.2417    0.205   0.4465   0.1316   0.1214   0.2376   0.2162   0.1694   0.1858    0.164   0.1688   0.2871   0.4177    0.272   0.1114   0.2207     0.09   0.2504   0.2529   0.0935   0.4597   0.4056   0.2474   0.2068      1.0   0.3625   0.0883   0.1123   0.2211   0.2005   0.2275    0.072   0.3273   0.0815   0.1897   0.1426   0.0604   0.2305   0.1528   0.3394   0.4539   0.1575   0.1079   0.0819   0.2007    0.067   0.4097   0.0526   0.2292   0.0969   0.1074   0.4607   0.1206   0.1264   0.1403   0.0181   0.1181   0.1957   0.4358   0.1904   0.0455   0.3552   0.2538   0.1834   0.1859   0.0769   0.4035   0.1463   0.0269   0.1019   0.0929   0.1097   0.1421   0.1454   0.0667   0.1501   0.3339   0.0364   0.1469    0.082   0.2313   0.1099   0.1227   0.2093   0.0665   0.2204    0.203   0.0657   0.2261   0.1498   0.0737   0.1003
  snr    -16.0
    H     5.14
 exon     True

M: eiip
 freq      0.0   0.0025   0.0049   0.0074   0.0098   0.0123   0.0147   0.0172   0.0196   0.0221   0.0245    0.027   0.0294   0.0319   0.0343   0.0368   0.0392   0.0417   0.0441   0.0466    0.049   0.0515   0.0539   0.0564   0.0588   0.0613   0.0637   0.0662   0.0686   0.0711   0.0735    0.076   0.0784   0.0809   0.0833   0.0858   0.0882   0.0907   0.0931   0.0956    0.098   0.1005   0.1029   0.1054   0.1078   0.1103   0.1127   0.1152   0.1176   0.1201   0.1225    0.125   0.1275   0.1299   0.1324   0.1348   0.1373   0.1397   0.1422   0.1446   0.1471   0.1495    0.152   0.1544   0.1569   0.1593   0.1618   0.1642   0.1667   0.1691   0.1716    0.174   0.1765   0.1789   0.1814   0.1838   0.1863   0.1887   0.1912   0.1936   0.1961   0.1985    0.201   0.2034   0.2059   0.2083   0.2108   0.2132   0.2157   0.2181   0.2206    0.223   0.2255   0.2279   0.2304   0.2328   0.2353   0.2377   0.2402   0.2426   0.2451   0.2475     0.25   0.2525   0.2549   0.2574   0.2598   0.2623   0.2647   0.2672   0.2696   0.2721   0.2745    0.277   0.2794   0.2819   0.2843   0.2868   0.2892   0.2917   0.2941   0.2966    0.299   0.3015   0.3039   0.3064   0.3088   0.3113   0.3137   0.3162   0.3186   0.3211   0.3235    0.326   0.3284   0.3309   0.3333   0.3358   0.3382   0.3407   0.3431   0.3456    0.348   0.3505   0.3529   0.3554   0.3578   0.3603   0.3627   0.3652   0.3676   0.3701   0.3725    0.375   0.3775   0.3799   0.3824   0.3848   0.3873   0.3897   0.3922   0.3946   0.3971   0.3995    0.402   0.4044   0.4069   0.4093   0.4118   0.4142   0.4167   0.4191   0.4216    0.424   0.4265   0.4289   0.4314   0.4338   0.4363   0.4387   0.4412   0.4436   0.4461   0.4485    0.451   0.4534   0.4559   0.4583   0.4608   0.4632   0.4657   0.4681   0.4706    0.473   0.4755   0.4779   0.4804   0.4828   0.4853   0.4877   0.4902   0.4926   0.4951   0.4975
    S      0.0   0.0353   0.3924   0.2738   0.0475   0.8007   0.5379   0.2274   0.1326   0.0153   0.2866    0.185   0.0252   0.0547   0.1452    0.063   0.0738    0.309   0.0235    0.093   0.3741   0.1328    0.093   0.0453   0.2397   0.1419   0.0174   0.0636   0.0526   0.0387   0.0955   0.2173   0.2451   0.2295   0.0286   0.1789   0.1216   0.0063   0.4749   0.0913   0.0058   0.0998   0.1884   0.0332   0.3077   0.0304   0.2527   0.0105   0.1179   0.0251      1.0   0.0286   0.3174   0.1368   0.1052   0.3475   0.1098   0.1129   0.0163   0.0968   0.0252   0.1877   0.1234   0.1836   0.1304    0.286   0.0172   0.3146   0.4371   0.0254   0.2194   0.0634   0.0671   0.1692   0.2242   0.0662   0.2044   0.0612   0.1068   0.0224   0.2646   0.5319   0.0716   0.0374   0.0481    0.021   0.0568    0.175   0.1976    0.247   0.2673   0.3555   0.1568   0.2414   0.0135   0.5864   0.0882   0.2701   0.0497    0.129   0.2992   0.0055   0.2938   0.2446   0.1266   0.0561    0.074    0.142    0.102   0.0521    0.003   0.0173   0.0907   0.1944    0.101   0.0155   0.0867   0.4174    0.099   0.3844   0.4798    0.214   0.2032   0.0127   0.7927   0.3129   0.3371    0.159   0.1743   0.4107   0.5161   0.1222   0.0478    0.721   0.0348   0.0784   0.9006   0.7686   0.0177   0.0679   0.4216   0.0912   0.1179   0.0543   0.2743   0.1239   0.0843   0.0992   0.0388   0.2104   0.2301   0.5979   0.2823   0.2678   0.0351   0.0799   0.1419   0.0919   0.4453   0.1197    0.097   0.0471   0.0745   0.2125   0.0801   0.0528   0.0624   0.0235   0.0647   0.3884   0.1499   0.3536   0.0574   0.7275     0.31   0.2319   0.3288   0.1537   0.3125   0.0792   0.0146   0.0725   0.0985   0.1357   0.0248   0.1086   0.0966   0.3092   0.1342   0.1046   0.2008   0.0059      0.0   0.0307   0.0939   0.4537   0.0688   0.0652   0.3862   0.0101   0.0279   0.0077   0.0271    0.022
  snr   -15.44
    H     4.88
 exon    False

M: qpsk
 freq      0.0   0.0025   0.0049   0.0074   0.0098   0.0123   0.0147   0.0172   0.0196   0.0221   0.0245    0.027   0.0294   0.0319   0.0343   0.0368   0.0392   0.0417   0.0441   0.0466    0.049   0.0515   0.0539   0.0564   0.0588   0.0613   0.0637   0.0662   0.0686   0.0711   0.0735    0.076   0.0784   0.0809   0.0833   0.0858   0.0882   0.0907   0.0931   0.0956    0.098   0.1005   0.1029   0.1054   0.1078   0.1103   0.1127   0.1152   0.1176   0.1201   0.1225    0.125   0.1275   0.1299   0.1324   0.1348   0.1373   0.1397   0.1422   0.1446   0.1471   0.1495    0.152   0.1544   0.1569   0.1593   0.1618   0.1642   0.1667   0.1691   0.1716    0.174   0.1765   0.1789   0.1814   0.1838   0.1863   0.1887   0.1912   0.1936   0.1961   0.1985    0.201   0.2034   0.2059   0.2083   0.2108   0.2132   0.2157   0.2181   0.2206    0.223   0.2255   0.2279   0.2304   0.2328   0.2353   0.2377   0.2402   0.2426   0.2451   0.2475     0.25   0.2525   0.2549   0.2574   0.2598   0.2623   0.2647   0.2672   0.2696   0.2721   0.2745    0.277   0.2794   0.2819   0.2843   0.2868   0.2892   0.2917   0.2941   0.2966    0.299   0.3015   0.3039   0.3064   0.3088   0.3113   0.3137   0.3162   0.3186   0.3211   0.3235    0.326   0.3284   0.3309   0.3333   0.3358   0.3382   0.3407   0.3431   0.3456    0.348   0.3505   0.3529   0.3554   0.3578   0.3603   0.3627   0.3652   0.3676   0.3701   0.3725    0.375   0.3775   0.3799   0.3824   0.3848   0.3873   0.3897   0.3922   0.3946   0.3971   0.3995    0.402   0.4044   0.4069   0.4093   0.4118   0.4142   0.4167   0.4191   0.4216    0.424   0.4265   0.4289   0.4314   0.4338   0.4363   0.4387   0.4412   0.4436   0.4461   0.4485    0.451   0.4534   0.4559   0.4583   0.4608   0.4632   0.4657   0.4681   0.4706    0.473   0.4755   0.4779   0.4804   0.4828   0.4853   0.4877   0.4902   0.4926   0.4951   0.4975
    S      0.0   0.1101   0.1843    0.125   0.0979   0.2902   0.1592   0.1047    0.138   0.1072   0.1727   0.0707    0.075   0.0655   0.1732   0.1399   0.0961   0.2132   0.0945   0.0608   0.3111   0.1473   0.0734   0.0674   0.1468   0.0861   0.0237   0.0627   0.2432   0.0454   0.1509   0.1882   0.1139   0.1145    0.234   0.2315   0.0859   0.0449   0.0508   0.0699   0.1798   0.0728   0.3974   0.0419   0.0699   0.0519   0.1718   0.0963   0.2277   0.0399    0.281   0.1354   0.0922   0.2866   0.1067   0.1907   0.0821   0.1494   0.0963    0.156   0.1123   0.2045   0.1003   0.0597   0.1936   0.2088   0.0404   0.2172   0.4007   0.0774   0.3376   0.1308   0.0814   0.2228   0.0254   0.0895   0.1485   0.0286   0.0937   0.3588   0.2361   0.2006   0.0779   0.0487   0.0835   0.0473   0.1706   0.1665   0.0958   0.1466   0.1469   0.2288   0.2828   0.1677    0.152   0.0941   0.0955   0.1482   0.1575   0.1971   0.1604   0.1194   0.1242   0.1206   0.1464   0.0627    0.363   0.2514   0.4534   0.0617    0.056   0.0922   0.2596     0.05   0.2015    0.087   0.1045   0.2394   0.1221   0.1823   0.1019   0.1431     0.08   0.2769   0.3636    0.196   0.0829   0.2203   0.0953    0.242   0.2085   0.1042   0.4824   0.4471   0.2716   0.2195      1.0   0.1241   0.0549   0.0832   0.2477   0.1674   0.1637   0.0463   0.3215   0.0885   0.0905   0.1081   0.0606   0.1335   0.1608   0.2852   0.4387   0.0534   0.0629   0.0536   0.2017   0.0535   0.4397   0.0571   0.2241   0.0768   0.0881   0.4048    0.133   0.0819   0.1488   0.0197   0.0709   0.1536   0.3757   0.2093   0.0351   0.3703   0.1668   0.1275   0.1795   0.0855   0.3662   0.0413   0.0248   0.1132   0.0191   0.0728   0.0867   0.1006    0.035   0.1401    0.138   0.0359   0.0965    0.088   0.1701   0.0865   0.1181   0.1745   0.0052   0.1701   0.0825    0.016   0.2136   0.1327   0.0458   0.0459
  snr   -14.75
    H     5.08
 exon     True

M: mem
 freq      0.0   0.0025   0.0049   0.0074   0.0098   0.0123   0.0147   0.0172   0.0196   0.0221   0.0245    0.027   0.0294   0.0319   0.0343   0.0368   0.0392   0.0417   0.0441   0.0466    0.049   0.0515   0.0539   0.0564   0.0588   0.0613   0.0637   0.0662   0.0686   0.0711   0.0735    0.076   0.0784   0.0809   0.0833   0.0858   0.0882   0.0907   0.0931   0.0956    0.098   0.1005   0.1029   0.1054   0.1078   0.1103   0.1127   0.1152   0.1176   0.1201   0.1225    0.125   0.1275   0.1299   0.1324   0.1348   0.1373   0.1397   0.1422   0.1446   0.1471   0.1495    0.152   0.1544   0.1569   0.1593   0.1618   0.1642   0.1667   0.1691   0.1716    0.174   0.1765   0.1789   0.1814   0.1838   0.1863   0.1887   0.1912   0.1936   0.1961   0.1985    0.201   0.2034   0.2059   0.2083   0.2108   0.2132   0.2157   0.2181   0.2206    0.223   0.2255   0.2279   0.2304   0.2328   0.2353   0.2377   0.2402   0.2426   0.2451   0.2475     0.25   0.2525   0.2549   0.2574   0.2598   0.2623   0.2647   0.2672   0.2696   0.2721   0.2745    0.277   0.2794   0.2819   0.2843   0.2868   0.2892   0.2917   0.2941   0.2966    0.299   0.3015   0.3039   0.3064   0.3088   0.3113   0.3137   0.3162   0.3186   0.3211   0.3235    0.326   0.3284   0.3309   0.3333   0.3358   0.3382   0.3407   0.3431   0.3456    0.348   0.3505   0.3529   0.3554   0.3578   0.3603   0.3627   0.3652   0.3676   0.3701   0.3725    0.375   0.3775   0.3799   0.3824   0.3848   0.3873   0.3897   0.3922   0.3946   0.3971   0.3995    0.402   0.4044   0.4069   0.4093   0.4118   0.4142   0.4167   0.4191   0.4216    0.424   0.4265   0.4289   0.4314   0.4338   0.4363   0.4387   0.4412   0.4436   0.4461   0.4485    0.451   0.4534   0.4559   0.4583   0.4608   0.4632   0.4657   0.4681   0.4706    0.473   0.4755   0.4779   0.4804   0.4828   0.4853   0.4877   0.4902   0.4926   0.4951   0.4975
    S      0.0   0.0703    0.014   0.2616   0.1077   0.2697   0.1541    0.185   0.1261   0.0145    0.044   0.0574   0.0886   0.1562   0.2465   0.0176   0.0374    0.427   0.0193   0.0364   0.1342   0.2843    0.029   0.0261   0.0221   0.0896   0.0793   0.0865   0.1854   0.0181   0.1144   0.1111   0.2157   0.0626   0.0585     0.41   0.0787   0.0154   0.0202   0.0269   0.0528   0.0674   0.0318   0.0626   0.1363   0.0355   0.1287   0.0937   0.2547   0.0211   0.3479   0.1454   0.1171   0.0643   0.0519   0.3745   0.0245   0.1341   0.0304   0.3582   0.1028   0.2257   0.1878   0.0385   0.0448   0.2814   0.0445   0.1968   0.6335   0.0018   0.0143   0.0988   0.0308   0.2347   0.0249   0.0009   0.3284   0.0124   0.0559   0.4698   0.3208   0.1566    0.158   0.0968   0.0017   0.0878   0.0686   0.0961   0.2038   0.0121   0.3098     0.06   0.1942   0.1573   0.1254   0.0137    0.011   0.2938   0.2855   0.4467   0.2919   0.3736   0.0105   0.0938   0.1279   0.0728   0.0239   0.2021   0.6942   0.0094   0.1652   0.1735   0.0611    0.043   0.2259   0.0984   0.1022   0.3123   0.0447   0.3549    0.144   0.1105   0.1624   0.0162     0.44   0.1655   0.1204   0.0484   0.0735   0.2882   0.0824   0.0504   0.0822   0.6019   0.0208   0.2299      1.0   0.1264   0.1089    0.168   0.2493   0.0646   0.1719   0.0311   0.0218   0.0807   0.0336   0.1891    0.067   0.0267   0.0828   0.2982   0.6816   0.0241   0.0439   0.0115    0.153   0.0026   0.5023   0.0953   0.2607   0.1806   0.0784   0.3582   0.1928   0.1036   0.1699   0.0183   0.0166   0.1684   0.4807   0.3638    0.014   0.7204   0.2194   0.1864    0.308   0.1457   0.0297    0.028   0.0328   0.0126   0.0167   0.0006   0.0098   0.2331   0.0253   0.2635   0.1134   0.0617    0.115   0.0365   0.0308   0.0219   0.2528    0.178   0.0037   0.0629   0.0655   0.0545   0.0004    0.057   0.0874   0.1082
  snr   -14.52
    H     4.85
 exon     True

M: tbpse
 freq      0.0   0.0025   0.0049   0.0074   0.0098   0.0123   0.0147   0.0172   0.0196   0.0221   0.0245    0.027   0.0294   0.0319   0.0343   0.0368   0.0392   0.0417   0.0441   0.0466    0.049   0.0515   0.0539   0.0564   0.0588   0.0613   0.0637   0.0662   0.0686   0.0711   0.0735    0.076   0.0784   0.0809   0.0833   0.0858   0.0882   0.0907   0.0931   0.0956    0.098   0.1005   0.1029   0.1054   0.1078   0.1103   0.1127   0.1152   0.1176   0.1201   0.1225    0.125   0.1275   0.1299   0.1324   0.1348   0.1373   0.1397   0.1422   0.1446   0.1471   0.1495    0.152   0.1544   0.1569   0.1593   0.1618   0.1642   0.1667   0.1691   0.1716    0.174   0.1765   0.1789   0.1814   0.1838   0.1863   0.1887   0.1912   0.1936   0.1961   0.1985    0.201   0.2034   0.2059   0.2083   0.2108   0.2132   0.2157   0.2181   0.2206    0.223   0.2255   0.2279   0.2304   0.2328   0.2353   0.2377   0.2402   0.2426   0.2451   0.2475     0.25   0.2525   0.2549   0.2574   0.2598   0.2623   0.2647   0.2672   0.2696   0.2721   0.2745    0.277   0.2794   0.2819   0.2843   0.2868   0.2892   0.2917   0.2941   0.2966    0.299   0.3015   0.3039   0.3064   0.3088   0.3113   0.3137   0.3162   0.3186   0.3211   0.3235    0.326   0.3284   0.3309   0.3333   0.3358   0.3382   0.3407   0.3431   0.3456    0.348   0.3505   0.3529   0.3554   0.3578   0.3603   0.3627   0.3652   0.3676   0.3701   0.3725    0.375   0.3775   0.3799   0.3824   0.3848   0.3873   0.3897   0.3922   0.3946   0.3971   0.3995    0.402   0.4044   0.4069   0.4093   0.4118   0.4142   0.4167   0.4191   0.4216    0.424   0.4265   0.4289   0.4314   0.4338   0.4363   0.4387   0.4412   0.4436   0.4461   0.4485    0.451   0.4534   0.4559   0.4583   0.4608   0.4632   0.4657   0.4681   0.4706    0.473   0.4755   0.4779   0.4804   0.4828   0.4853   0.4877   0.4902   0.4926   0.4951   0.4975
    S      0.0   0.0963   0.1963   0.0718   0.1025   0.2209   0.1003   0.0448   0.0457   0.1053   0.1195   0.0636   0.0079   0.0579   0.1104   0.1509   0.0905   0.0979   0.0321    0.022   0.1262   0.0479   0.0547   0.0284   0.1732   0.0696    0.039   0.0224    0.047   0.0338   0.1619    0.063   0.0984   0.1241   0.2067   0.0446    0.032   0.0139   0.0801   0.1086   0.0999   0.0203   0.2335   0.0573   0.1369   0.0784   0.1898   0.1154   0.2755   0.0104   0.1505   0.0585   0.0653   0.1555   0.0835   0.1823    0.023   0.0202   0.0818   0.0608   0.0377    0.205   0.0283    0.039   0.1232   0.1678   0.0098   0.0689   0.3118   0.0432   0.1795   0.0513   0.0504   0.2202   0.0359    0.073   0.1096   0.0526   0.0544    0.462   0.0866   0.1767    0.028   0.0491   0.0395   0.0923   0.0461   0.0472    0.048   0.1891   0.1676   0.1484   0.4403    0.168   0.1844   0.1376   0.0353   0.1513   0.2442   0.2198   0.0785   0.0753   0.0941   0.1562   0.1243   0.0921   0.3331   0.2556   0.3714    0.017   0.0431    0.117   0.2245    0.114   0.0267   0.0046   0.1006    0.202   0.1713   0.1173   0.0686   0.1324     0.08   0.1237   0.1589   0.2253   0.0496   0.1915   0.0468   0.2023   0.1428   0.0483   0.4821   0.2157    0.237   0.2001      1.0   0.1533   0.0125   0.0939   0.0776   0.0967   0.1914   0.0553   0.2531   0.0241   0.0618   0.1258   0.0284   0.1106   0.0957   0.2518   0.3413   0.0737   0.0174   0.0537   0.1942   0.0483   0.4076   0.0355   0.1538   0.0686   0.0288   0.0771   0.1372   0.1001    0.139   0.0046   0.0458   0.1365   0.1561    0.133   0.0357   0.2705   0.1029   0.0392   0.1202   0.0342   0.2141   0.0685   0.0113   0.0681   0.0468   0.0817   0.0482   0.0426   0.0164   0.0675   0.0219   0.0205   0.0436   0.0772   0.0436    0.063   0.1096   0.1029     0.01   0.1619   0.0558   0.0219   0.1196   0.0786   0.0555   0.0639
  snr   -13.44
    H     4.99
 exon     True

M: snrse
 freq      0.0   0.0025   0.0049   0.0074   0.0098   0.0123   0.0147   0.0172   0.0196   0.0221   0.0245    0.027   0.0294   0.0319   0.0343   0.0368   0.0392   0.0417   0.0441   0.0466    0.049   0.0515   0.0539   0.0564   0.0588   0.0613   0.0637   0.0662   0.0686   0.0711   0.0735    0.076   0.0784   0.0809   0.0833   0.0858   0.0882   0.0907   0.0931   0.0956    0.098   0.1005   0.1029   0.1054   0.1078   0.1103   0.1127   0.1152   0.1176   0.1201   0.1225    0.125   0.1275   0.1299   0.1324   0.1348   0.1373   0.1397   0.1422   0.1446   0.1471   0.1495    0.152   0.1544   0.1569   0.1593   0.1618   0.1642   0.1667   0.1691   0.1716    0.174   0.1765   0.1789   0.1814   0.1838   0.1863   0.1887   0.1912   0.1936   0.1961   0.1985    0.201   0.2034   0.2059   0.2083   0.2108   0.2132   0.2157   0.2181   0.2206    0.223   0.2255   0.2279   0.2304   0.2328   0.2353   0.2377   0.2402   0.2426   0.2451   0.2475     0.25   0.2525   0.2549   0.2574   0.2598   0.2623   0.2647   0.2672   0.2696   0.2721   0.2745    0.277   0.2794   0.2819   0.2843   0.2868   0.2892   0.2917   0.2941   0.2966    0.299   0.3015   0.3039   0.3064   0.3088   0.3113   0.3137   0.3162   0.3186   0.3211   0.3235    0.326   0.3284   0.3309   0.3333   0.3358   0.3382   0.3407   0.3431   0.3456    0.348   0.3505   0.3529   0.3554   0.3578   0.3603   0.3627   0.3652   0.3676   0.3701   0.3725    0.375   0.3775   0.3799   0.3824   0.3848   0.3873   0.3897   0.3922   0.3946   0.3971   0.3995    0.402   0.4044   0.4069   0.4093   0.4118   0.4142   0.4167   0.4191   0.4216    0.424   0.4265   0.4289   0.4314   0.4338   0.4363   0.4387   0.4412   0.4436   0.4461   0.4485    0.451   0.4534   0.4559   0.4583   0.4608   0.4632   0.4657   0.4681   0.4706    0.473   0.4755   0.4779   0.4804   0.4828   0.4853   0.4877   0.4902   0.4926   0.4951   0.4975
    S      0.0   0.1101   0.0543   0.0865   0.1217   0.1112   0.0664   0.0401   0.0106   0.0793   0.0236   0.0332    0.003    0.076   0.1095   0.0994   0.0864   0.1056   0.0115   0.0026   0.0118   0.0602   0.0658   0.0327   0.0881   0.0765   0.0355   0.0279   0.0168   0.0399   0.1701   0.0338   0.1196   0.0907   0.1933   0.0494   0.0281   0.0091   0.0039    0.061   0.0876   0.0022   0.1713   0.0551   0.1015   0.0568    0.129   0.1208   0.2798    0.012    0.056   0.0708   0.0712     0.17   0.0617   0.2177   0.0216   0.0088    0.086   0.0922   0.0247   0.2471   0.0354   0.0099   0.0689   0.1457   0.0114    0.009   0.4027   0.0282   0.2005   0.0431   0.0512   0.2304   0.0074    0.033   0.1504   0.0284   0.0615   0.4801    0.083   0.1008   0.0373   0.0509   0.0423   0.0796   0.0108   0.0121   0.0421   0.0834   0.1877   0.0419   0.3237    0.178   0.1806   0.0086   0.0198   0.1772   0.2444   0.2681   0.0773   0.0935   0.0267   0.1135   0.1549   0.0849   0.2315   0.2703   0.4438   0.0142    0.057   0.1301   0.1859   0.0557   0.0059   0.0018   0.1215   0.2328   0.1079   0.1474   0.0412   0.1336    0.066   0.0859   0.0534   0.1667   0.0328   0.1333   0.0147   0.1839   0.0139   0.0135   0.3769   0.1741   0.1759   0.2332      1.0   0.0531   0.0182   0.1113   0.0133   0.0443   0.2055   0.0507   0.1258   0.0028   0.0675    0.144   0.0248   0.0986    0.038   0.2698   0.3786   0.0329   0.0194   0.0384   0.2212   0.0131   0.5188   0.0419   0.1561   0.0888   0.0278   0.0171    0.172   0.1082   0.1664   0.0003   0.0532   0.1021   0.1704   0.1704   0.0228   0.3484   0.1322   0.0349   0.1595   0.0363   0.0907    0.045   0.0108   0.0285   0.0204   0.0279   0.0359   0.0577   0.0009   0.0681   0.0158   0.0217   0.0114   0.0705   0.0282   0.0679   0.1456   0.0329   0.0037   0.1573   0.0088   0.0219   0.0844   0.0629   0.0566   0.0654
  snr   -12.78
    H     4.84
 exon     True