>YNR034W-A
N: 297
Methods: voss, eiip, qpsk, mem, alg1, alg2

M: voss
 freq      0.0   0.0034   0.0067   0.0101   0.0135   0.0168   0.0202   0.0236   0.0269   0.0303   0.0337    0.037   0.0404   0.0438   0.0471   0.0505   0.0539   0.0572   0.0606    0.064   0.0673   0.0707   0.0741   0.0774   0.0808   0.0842   0.0875   0.0909   0.0943   0.0976    0.101   0.1044   0.1077   0.1111   0.1145   0.1178   0.1212   0.1246   0.1279   0.1313   0.1347    0.138   0.1414   0.1448   0.1481   0.1515   0.1549   0.1582   0.1616    0.165   0.1684   0.1717   0.1751   0.1785   0.1818   0.1852   0.1886   0.1919   0.1953   0.1987    0.202   0.2054   0.2088   0.2121   0.2155   0.2189   0.2222   0.2256    0.229   0.2323   0.2357   0.2391   0.2424   0.2458   0.2492   0.2525   0.2559   0.2593   0.2626    0.266   0.2694   0.2727   0.2761   0.2795   0.2828   0.2862   0.2896   0.2929   0.2963   0.2997    0.303   0.3064   0.3098   0.3131   0.3165   0.3199   0.3232   0.3266     0.33   0.3333   0.3367   0.3401   0.3434   0.3468   0.3502   0.3535   0.3569   0.3603   0.3636    0.367   0.3704   0.3737   0.3771   0.3805   0.3838   0.3872   0.3906   0.3939   0.3973   0.4007    0.404   0.4074   0.4108   0.4141   0.4175   0.4209   0.4242   0.4276    0.431   0.4343   0.4377   0.4411   0.4444   0.4478   0.4512   0.4545   0.4579   0.4613   0.4646    0.468   0.4714   0.4747   0.4781   0.4815   0.4848   0.4882   0.4916   0.4949   0.4983
    S      0.0   0.0799   0.1997   0.1499   0.2355   0.7586   0.2333   0.3101      1.0   0.3507   0.1433    0.017    0.302   0.0451   0.1305   0.3404   0.2171   0.5728   0.3515   0.6355   0.3009   0.5479   0.1095   0.1651   0.1353   0.1815   0.4452   0.0731   0.4089   0.2565   0.0301   0.1237   0.6941   0.4773   0.1529   0.1386   0.1907   0.0329   0.7797   0.0717   0.2039   0.1472   0.0747    0.212   0.2088   0.1337   0.5814   0.1951    0.196   0.4611   0.1364   0.2651   0.4138   0.8239    0.135   0.3613   0.0846   0.2536   0.1337   0.3144   0.2197   0.4094   0.1186   0.4093   0.2139   0.4245   0.2235   0.2514    0.365   0.6879   0.5833    0.345   0.4883    0.089   0.0849   0.4688   0.5585   0.2708   0.3731   0.6378   0.1571   0.2314   0.3291   0.1715   0.1875   0.4658   0.4622   0.1239   0.3723   0.3607   0.1535   0.5585   0.2468   0.3517   0.1649   0.3221   0.2069   0.0513   0.2042    0.789   0.5747   0.3189   0.2637   0.1805   0.3374   0.1738   0.2335   0.4197   0.2149   0.4936   0.3768   0.2639   0.2152   0.2555   0.2276   0.1106   0.2728   0.2807   0.3797   0.3524   0.3182   0.7105   0.2532   0.1763   0.3412   0.2248    0.359   0.1067   0.3689   0.1163    0.161   0.3754     0.14   0.1422   0.5268   0.1332   0.3584   0.1261   0.3787   0.2875   0.1551    0.211    0.477   0.0715   0.1611   0.1608   0.1479   0.2699   0.2296
  snr   -16.26
    H     4.81
 exon    False

M: eiip
 freq      0.0   0.0034   0.0067   0.0101   0.0135   0.0168   0.0202   0.0236   0.0269   0.0303   0.0337    0.037   0.0404   0.0438   0.0471   0.0505   0.0539   0.0572   0.0606    0.064   0.0673   0.0707   0.0741   0.0774   0.0808   0.0842   0.0875   0.0909   0.0943   0.0976    0.101   0.1044   0.1077   0.1111   0.1145   0.1178   0.1212   0.1246   0.1279   0.1313   0.1347    0.138   0.1414   0.1448   0.1481   0.1515   0.1549   0.1582   0.1616    0.165   0.1684   0.1717   0.1751   0.1785   0.1818   0.1852   0.1886   0.1919   0.1953   0.1987    0.202   0.2054   0.2088   0.2121   0.2155   0.2189   0.2222   0.2256    0.229   0.2323   0.2357   0.2391   0.2424   0.2458   0.2492   0.2525   0.2559   0.2593   0.2626    0.266   0.2694   0.2727   0.2761   0.2795   0.2828   0.2862   0.2896   0.2929   0.2963   0.2997    0.303   0.3064   0.3098   0.3131   0.3165   0.3199   0.3232   0.3266     0.33   0.3333   0.3367   0.3401   0.3434   0.3468   0.3502   0.3535   0.3569   0.3603   0.3636    0.367   0.3704   0.3737   0.3771   0.3805   0.3838   0.3872   0.3906   0.3939   0.3973   0.4007    0.404   0.4074   0.4108   0.4141   0.4175   0.4209   0.4242   0.4276    0.431   0.4343   0.4377   0.4411   0.4444   0.4478   0.4512   0.4545   0.4579   0.4613   0.4646    0.468   0.4714   0.4747   0.4781   0.4815   0.4848   0.4882   0.4916   0.4949   0.4983
    S      0.0    0.004   0.0553   0.1186   0.0479   0.3911   0.0638   0.2102   0.1458   0.1103   0.0325   0.0192   0.1115   0.0127   0.1272   0.3623   0.0677   0.4625   0.2061   0.5002   0.0099   0.1006   0.0671    0.021   0.0801   0.1273   0.1128   0.0637   0.1445   0.0012   0.0321   0.0997   0.1902   0.0926   0.0667   0.0608   0.0633   0.0248    0.041     0.07   0.1188   0.1193   0.0487   0.2395   0.1405   0.0234    0.141   0.0134   0.0638   0.0888   0.0557   0.2282   0.1529   0.1512   0.0267    0.249   0.0229   0.0245   0.0823   0.0393   0.1599   0.1889   0.1107    0.431   0.1139   0.2022   0.0879   0.1287   0.1243   0.0589   0.4424   0.2743   0.0089   0.0215    0.019   0.3187   0.0267    0.012   0.0064     0.03   0.1006   0.0975   0.2435   0.0102   0.1784   0.1712   0.2074   0.0061      0.1   0.2995   0.0967   0.0109   0.1988   0.0633   0.0738   0.1449   0.0501   0.0088   0.1083      1.0    0.004   0.0498   0.1147   0.0884    0.161   0.1559   0.2181   0.0807   0.0025   0.0662   0.4059   0.1543   0.1619   0.1267   0.1952   0.0739   0.1449   0.1513   0.2458   0.0176   0.0231   0.3876   0.0106   0.0727   0.1926   0.0574   0.1893   0.0346   0.0088   0.1004   0.0504   0.1282   0.0131   0.0194   0.1033   0.0235   0.1849   0.0402   0.2561    0.044   0.0993   0.2394   0.0434   0.0473   0.0212   0.0008   0.0611   0.0746   0.1129
  snr   -12.24
    H     4.58
 exon     True

M: qpsk
 freq      0.0   0.0034   0.0067   0.0101   0.0135   0.0168   0.0202   0.0236   0.0269   0.0303   0.0337    0.037   0.0404   0.0438   0.0471   0.0505   0.0539   0.0572   0.0606    0.064   0.0673   0.0707   0.0741   0.0774   0.0808   0.0842   0.0875   0.0909   0.0943   0.0976    0.101   0.1044   0.1077   0.1111   0.1145   0.1178   0.1212   0.1246   0.1279   0.1313   0.1347    0.138   0.1414   0.1448   0.1481   0.1515   0.1549   0.1582   0.1616    0.165   0.1684   0.1717   0.1751   0.1785   0.1818   0.1852   0.1886   0.1919   0.1953   0.1987    0.202   0.2054   0.2088   0.2121   0.2155   0.2189   0.2222   0.2256    0.229   0.2323   0.2357   0.2391   0.2424   0.2458   0.2492   0.2525   0.2559   0.2593   0.2626    0.266   0.2694   0.2727   0.2761   0.2795   0.2828   0.2862   0.2896   0.2929   0.2963   0.2997    0.303   0.3064   0.3098   0.3131   0.3165   0.3199   0.3232   0.3266     0.33   0.3333   0.3367   0.3401   0.3434   0.3468   0.3502   0.3535   0.3569   0.3603   0.3636    0.367   0.3704   0.3737   0.3771   0.3805   0.3838   0.3872   0.3906   0.3939   0.3973   0.4007    0.404   0.4074   0.4108   0.4141   0.4175   0.4209   0.4242   0.4276    0.431   0.4343   0.4377   0.4411   0.4444   0.4478   0.4512   0.4545   0.4579   0.4613   0.4646    0.468   0.4714   0.4747   0.4781   0.4815   0.4848   0.4882   0.4916   0.4949   0.4983
    S      0.0   0.0819   0.1889   0.0905   0.2967     0.63   0.3167   0.3825   0.6652   0.2821   0.2154   0.0108    0.407   0.0016   0.1327   0.4768   0.2854   0.7696   0.4317   0.1483   0.1458   0.8281   0.0453    0.237   0.1883   0.1101   0.5685   0.1074   0.2122   0.1952   0.0426   0.1726      1.0   0.6418   0.1814   0.1805   0.2646   0.0349   0.8131   0.0594   0.2299   0.1969   0.1056   0.1556   0.2972   0.1136   0.4729   0.1913   0.0714   0.4795   0.1653   0.3234   0.6218   0.0419   0.1288   0.3727   0.0922   0.3559     0.14   0.2313   0.3198   0.3401    0.152   0.3017   0.2859    0.505   0.2561   0.3768   0.3245   0.6157   0.8592   0.3486   0.3542   0.0827   0.0461   0.6233   0.3826   0.1568   0.4258   0.4547   0.1913   0.1589   0.4829   0.1285   0.2335   0.2553    0.401   0.1114   0.2094   0.3633   0.1175   0.8428   0.3629   0.4733   0.1937   0.3719   0.2508   0.0382   0.2289   0.9516   0.4883   0.3435   0.3246   0.1285   0.3788    0.148   0.3177   0.1577   0.2816   0.1161   0.5072   0.2932    0.142   0.3607   0.1896   0.1443   0.0786   0.2351    0.437    0.468   0.3234   0.9256   0.3499   0.2348    0.512   0.2587    0.476   0.0557   0.4537   0.1689   0.1375   0.4369   0.1884   0.2031   0.2437   0.1984   0.3281   0.1891   0.2772   0.1666   0.2309    0.307   0.1142   0.0641   0.2118   0.1321   0.1339   0.3525   0.0952
  snr   -16.29
    H     4.78
 exon    False

M: mem
 freq      0.0   0.0034   0.0068   0.0101   0.0135   0.0169   0.0203   0.0236    0.027   0.0304   0.0338   0.0372   0.0405   0.0439   0.0473   0.0507   0.0541   0.0574   0.0608   0.0642   0.0676   0.0709   0.0743   0.0777   0.0811   0.0845   0.0878   0.0912   0.0946    0.098   0.1014   0.1047   0.1081   0.1115   0.1149   0.1182   0.1216    0.125   0.1284   0.1318   0.1351   0.1385   0.1419   0.1453   0.1486    0.152   0.1554   0.1588   0.1622   0.1655   0.1689   0.1723   0.1757   0.1791   0.1824   0.1858   0.1892   0.1926   0.1959   0.1993   0.2027   0.2061   0.2095   0.2128   0.2162   0.2196    0.223   0.2264   0.2297   0.2331   0.2365   0.2399   0.2432   0.2466     0.25   0.2534   0.2568   0.2601   0.2635   0.2669   0.2703   0.2736    0.277   0.2804   0.2838   0.2872   0.2905   0.2939   0.2973   0.3007   0.3041   0.3074   0.3108   0.3142   0.3176   0.3209   0.3243   0.3277   0.3311   0.3345   0.3378   0.3412   0.3446    0.348   0.3514   0.3547   0.3581   0.3615   0.3649   0.3682   0.3716    0.375   0.3784   0.3818   0.3851   0.3885   0.3919   0.3953   0.3986    0.402   0.4054   0.4088   0.4122   0.4155   0.4189   0.4223   0.4257   0.4291   0.4324   0.4358   0.4392   0.4426   0.4459   0.4493   0.4527   0.4561   0.4595   0.4628   0.4662   0.4696    0.473   0.4764   0.4797   0.4831   0.4865   0.4899   0.4932   0.4966
    S      0.0   0.0647   0.1289   0.0176   0.0463   0.1848   0.2429   0.1879    0.625   0.2578   0.1166    0.009   0.3197    0.003   0.0691   0.1153   0.1713    0.656   0.3007   0.0004   0.1956   0.2673   0.0131   0.0738   0.1651   0.0082   0.1707   0.0169   0.0385   0.1659   0.0273   0.1356   0.7947   0.3407   0.1394   0.1354   0.0479   0.0238   0.2439   0.0112   0.1669    0.198   0.0283   0.0145   0.2811   0.0776    0.206   0.0169    0.015   0.2253   0.1017   0.0074   0.1032   0.0403    0.039   0.0209   0.0409   0.0362   0.0346   0.2326   0.2854   0.0076   0.0214   0.0374   0.1337   0.2935   0.1961   0.0263   0.0829   0.1593      1.0   0.1981   0.3684   0.2653    0.124   0.3445   0.3126   0.1176   0.1533   0.0172   0.0731   0.0446    0.253   0.1904   0.2155   0.0622   0.1739   0.0199    0.101   0.0646   0.0157   0.6855   0.1013    0.018   0.0044   0.0457   0.1587   0.0093   0.6612   0.0511   0.3241   0.3776   0.3905   0.0762   0.0036   0.0618   0.0714   0.0007   0.0606   0.0352   0.2236   0.0055   0.0052    0.005   0.0351   0.0065   0.0095   0.0315   0.0649   0.1332   0.0281   0.2647   0.0878   0.5114   0.0239    0.423    0.326   0.1168   0.1092   0.1506   0.0235   0.4738   0.0182   0.0127   0.1087   0.0924   0.0981   0.0058   0.0524   0.2238   0.0311    0.332   0.0789   0.0393   0.0444   0.0727   0.0938   0.0222
  snr   -13.07
    H     4.45
 exon    False

M: alg1
 freq      0.0   0.0034   0.0067   0.0101   0.0135   0.0168   0.0202   0.0236   0.0269   0.0303   0.0337    0.037   0.0404   0.0438   0.0471   0.0505   0.0539   0.0572   0.0606    0.064   0.0673   0.0707   0.0741   0.0774   0.0808   0.0842   0.0875   0.0909   0.0943   0.0976    0.101   0.1044   0.1077   0.1111   0.1145   0.1178   0.1212   0.1246   0.1279   0.1313   0.1347    0.138   0.1414   0.1448   0.1481   0.1515   0.1549   0.1582   0.1616    0.165   0.1684   0.1717   0.1751   0.1785   0.1818   0.1852   0.1886   0.1919   0.1953   0.1987    0.202   0.2054   0.2088   0.2121   0.2155   0.2189   0.2222   0.2256    0.229   0.2323   0.2357   0.2391   0.2424   0.2458   0.2492   0.2525   0.2559   0.2593   0.2626    0.266   0.2694   0.2727   0.2761   0.2795   0.2828   0.2862   0.2896   0.2929   0.2963   0.2997    0.303   0.3064   0.3098   0.3131   0.3165   0.3199   0.3232   0.3266     0.33   0.3333   0.3367   0.3401   0.3434   0.3468   0.3502   0.3535   0.3569   0.3603   0.3636    0.367   0.3704   0.3737   0.3771   0.3805   0.3838   0.3872   0.3906   0.3939   0.3973   0.4007    0.404   0.4074   0.4108   0.4141   0.4175   0.4209   0.4242   0.4276    0.431   0.4343   0.4377   0.4411   0.4444   0.4478   0.4512   0.4545   0.4579   0.4613   0.4646    0.468   0.4714   0.4747   0.4781   0.4815   0.4848   0.4882   0.4916   0.4949   0.4983
    S      0.0   0.0058   0.0547   0.0766   0.0327   0.1943   0.1033   0.1997   0.1555   0.1621    0.052   0.0178    0.174   0.0106   0.1265   0.2979   0.1058     0.54   0.2663   0.3391   0.0136   0.1143   0.0398   0.0334   0.0957   0.0762   0.0526   0.0503   0.0705    0.009   0.0348   0.0901   0.3247   0.2058   0.0849   0.0599   0.0375   0.0302   0.0898    0.055    0.162   0.1376   0.0283   0.2116   0.1969   0.0363    0.048    0.039   0.0451   0.1008   0.0645   0.1291   0.0724   0.0892   0.0415     0.13   0.0173   0.0283   0.0768   0.0315   0.2112   0.1162   0.0736   0.3476   0.1215   0.2463   0.0682   0.0847   0.0905    0.018   0.5322      0.3   0.0159   0.0155   0.0144    0.407   0.0104   0.0192   0.0227   0.0344    0.091   0.1314   0.2305   0.0224   0.1278   0.1527   0.2211   0.0018   0.1379   0.1804   0.0944   0.0812    0.162   0.0097   0.0303    0.068   0.0233   0.0012   0.1563      1.0   0.0251   0.0539   0.1486   0.0601   0.1043   0.1506   0.1613   0.0565    0.006   0.0707   0.3555   0.1019   0.1026   0.0704   0.1135   0.0626    0.078   0.1194   0.1124   0.0055   0.0574   0.3645   0.0037   0.1115   0.2484    0.091   0.2681   0.0156   0.0501   0.0825   0.0238   0.1938    0.037   0.0107   0.0561   0.0583   0.1161   0.0256   0.1318   0.0607   0.1237   0.2376   0.0309   0.0595   0.0282   0.0061   0.0766   0.0643   0.0866
  snr   -11.91
    H     4.56
 exon     True

M: alg2
 freq      0.0   0.0034   0.0067   0.0101   0.0135   0.0168   0.0202   0.0236   0.0269   0.0303   0.0337    0.037   0.0404   0.0438   0.0471   0.0505   0.0539   0.0572   0.0606    0.064   0.0673   0.0707   0.0741   0.0774   0.0808   0.0842   0.0875   0.0909   0.0943   0.0976    0.101   0.1044   0.1077   0.1111   0.1145   0.1178   0.1212   0.1246   0.1279   0.1313   0.1347    0.138   0.1414   0.1448   0.1481   0.1515   0.1549   0.1582   0.1616    0.165   0.1684   0.1717   0.1751   0.1785   0.1818   0.1852   0.1886   0.1919   0.1953   0.1987    0.202   0.2054   0.2088   0.2121   0.2155   0.2189   0.2222   0.2256    0.229   0.2323   0.2357   0.2391   0.2424   0.2458   0.2492   0.2525   0.2559   0.2593   0.2626    0.266   0.2694   0.2727   0.2761   0.2795   0.2828   0.2862   0.2896   0.2929   0.2963   0.2997    0.303   0.3064   0.3098   0.3131   0.3165   0.3199   0.3232   0.3266     0.33   0.3333   0.3367   0.3401   0.3434   0.3468   0.3502   0.3535   0.3569   0.3603   0.3636    0.367   0.3704   0.3737   0.3771   0.3805   0.3838   0.3872   0.3906   0.3939   0.3973   0.4007    0.404   0.4074   0.4108   0.4141   0.4175   0.4209   0.4242   0.4276    0.431   0.4343   0.4377   0.4411   0.4444   0.4478   0.4512   0.4545   0.4579   0.4613   0.4646    0.468   0.4714   0.4747   0.4781   0.4815   0.4848   0.4882   0.4916   0.4949   0.4983
    S      0.0   0.0058   0.0547   0.0766   0.0327   0.1943   0.1033   0.1997   0.1555   0.1621    0.052   0.0178    0.174   0.0106   0.1265   0.2979   0.1058     0.54   0.2663   0.3391   0.0136   0.1143   0.0398   0.0334   0.0957   0.0762   0.0526   0.0503   0.0705    0.009   0.0348   0.0901   0.3247   0.2058   0.0849   0.0599   0.0375   0.0302   0.0898    0.055    0.162   0.1376   0.0283   0.2116   0.1969   0.0363    0.048    0.039   0.0451   0.1008   0.0645   0.1291   0.0724   0.0892   0.0415     0.13   0.0173   0.0283   0.0768   0.0315   0.2112   0.1162   0.0736   0.3476   0.1215   0.2463   0.0682   0.0847   0.0905    0.018   0.5322      0.3   0.0159   0.0155   0.0144    0.407   0.0104   0.0192   0.0227   0.0344    0.091   0.1314   0.2305   0.0224   0.1278   0.1527   0.2211   0.0018   0.1379   0.1804   0.0944   0.0812    0.162   0.0097   0.0303    0.068   0.0233   0.0012   0.1563      1.0   0.0251   0.0539   0.1486   0.0601   0.1043   0.1506   0.1613   0.0565    0.006   0.0707   0.3555   0.1019   0.1026   0.0704   0.1135   0.0626    0.078   0.1194   0.1124   0.0055   0.0574   0.3645   0.0037   0.1115   0.2484    0.091   0.2681   0.0156   0.0501   0.0825   0.0238   0.1938    0.037   0.0107   0.0561   0.0583   0.1161   0.0256   0.1318   0.0607   0.1237   0.2376   0.0309   0.0595   0.0282   0.0061   0.0766   0.0643   0.0866
  snr   -11.91
    H     4.56
 exon     True