>YOL008W
N: 624
Methods: voss, eiip, qpsk, mem, tbpse, snrse

M: voss
 freq      0.0   0.0016   0.0032   0.0048   0.0064    0.008   0.0096   0.0112   0.0128   0.0144    0.016   0.0176   0.0192   0.0208   0.0224    0.024   0.0256   0.0272   0.0288   0.0304   0.0321   0.0337   0.0353   0.0369   0.0385   0.0401   0.0417   0.0433   0.0449   0.0465   0.0481   0.0497   0.0513   0.0529   0.0545   0.0561   0.0577   0.0593   0.0609   0.0625   0.0641   0.0657   0.0673   0.0689   0.0705   0.0721   0.0737   0.0753   0.0769   0.0785   0.0801   0.0817   0.0833   0.0849   0.0865   0.0881   0.0897   0.0913   0.0929   0.0946   0.0962   0.0978   0.0994    0.101   0.1026   0.1042   0.1058   0.1074    0.109   0.1106   0.1122   0.1138   0.1154    0.117   0.1186   0.1202   0.1218   0.1234    0.125   0.1266   0.1282   0.1298   0.1314    0.133   0.1346   0.1362   0.1378   0.1394    0.141   0.1426   0.1442   0.1458   0.1474    0.149   0.1506   0.1522   0.1538   0.1554   0.1571   0.1587   0.1603   0.1619   0.1635   0.1651   0.1667   0.1683   0.1699   0.1715   0.1731   0.1747   0.1763   0.1779   0.1795   0.1811   0.1827   0.1843   0.1859   0.1875   0.1891   0.1907   0.1923   0.1939   0.1955   0.1971   0.1987   0.2003   0.2019   0.2035   0.2051   0.2067   0.2083   0.2099   0.2115   0.2131   0.2147   0.2163   0.2179   0.2196   0.2212   0.2228   0.2244    0.226   0.2276   0.2292   0.2308   0.2324    0.234   0.2356   0.2372   0.2388   0.2404    0.242   0.2436   0.2452   0.2468   0.2484     0.25   0.2516   0.2532   0.2548   0.2564    0.258   0.2596   0.2612   0.2628   0.2644    0.266   0.2676   0.2692   0.2708   0.2724    0.274   0.2756   0.2772   0.2788   0.2804   0.2821   0.2837   0.2853   0.2869   0.2885   0.2901   0.2917   0.2933   0.2949   0.2965   0.2981   0.2997   0.3013   0.3029   0.3045   0.3061   0.3077   0.3093   0.3109   0.3125   0.3141   0.3157   0.3173   0.3189   0.3205   0.3221   0.3237   0.3253   0.3269   0.3285   0.3301   0.3317   0.3333   0.3349   0.3365   0.3381   0.3397   0.3413   0.3429   0.3446   0.3462   0.3478   0.3494    0.351   0.3526   0.3542   0.3558   0.3574    0.359   0.3606   0.3622   0.3638   0.3654    0.367   0.3686   0.3702   0.3718   0.3734    0.375   0.3766   0.3782   0.3798   0.3814    0.383   0.3846   0.3862   0.3878   0.3894    0.391   0.3926   0.3942   0.3958   0.3974    0.399   0.4006   0.4022   0.4038   0.4054   0.4071   0.4087   0.4103   0.4119   0.4135   0.4151   0.4167   0.4183   0.4199   0.4215   0.4231   0.4247   0.4263   0.4279   0.4295   0.4311   0.4327   0.4343   0.4359   0.4375   0.4391   0.4407   0.4423   0.4439   0.4455   0.4471   0.4487   0.4503   0.4519   0.4535   0.4551   0.4567   0.4583   0.4599   0.4615   0.4631   0.4647   0.4663   0.4679   0.4696   0.4712   0.4728   0.4744    0.476   0.4776   0.4792   0.4808   0.4824    0.484   0.4856   0.4872   0.4888   0.4904    0.492   0.4936   0.4952   0.4968   0.4984
    S      0.0   0.1611   0.0744   0.1104    0.214   0.4453   0.2457   0.2874   0.2427   0.0471    0.337   0.3394   0.1393   0.2804   0.8078   0.1852   0.0938   0.3684   0.0809   0.2563   0.2377   0.2513   0.4048   0.4571   0.2001   0.0808   0.2347   0.2033   0.1862   0.3047   0.5692    0.318   0.3732   0.2709   0.4064   0.4834   0.3215     0.23   0.3189   0.1549   0.4475    0.112   0.5862   0.2835   0.3911   0.4958    0.106   0.0967   0.0413    0.224   0.4422      1.0   0.2019   0.2402   0.4453   0.2904   0.3703   0.2067   0.3061    0.104   0.4849   0.1637   0.1967   0.2581   0.1445   0.4727   0.2685   0.0402   0.5219   0.5117   0.2893   0.1269   0.1148   0.0513   0.1523   0.5043   0.2108   0.3212   0.3067    0.251   0.2189   0.1964   0.1185   0.0653   0.2904   0.1124   0.2412   0.5982   0.3083   0.2668   0.1171   0.7959   0.3621   0.1214    0.218   0.1742   0.3268   0.1973   0.2293   0.1961   0.1126   0.2194   0.4446   0.3228   0.3053   0.0736   0.6265   0.1477   0.3617   0.3515   0.1593   0.1595   0.2499   0.2637   0.1231   0.0915   0.3024   0.4928   0.2136   0.1725   0.3661   0.1506   0.1175   0.1468   0.5198   0.5247   0.2319   0.2652    0.152   0.8027   0.0717   0.5071   0.2346   0.1774    0.163   0.1948   0.4523   0.1547   0.2368   0.1647   0.1266    0.048    0.117   0.2214   0.3404   0.2313   0.1374   0.3232   0.1664   0.1087    0.093   0.2214   0.2755   0.0963   0.2126   0.3425   0.3015   0.2592   0.2987    0.259   0.0134   0.1084   0.3053   0.0773   0.1536   0.0225   0.2644   0.2869   0.1417   0.1432   0.0967   0.2532   0.3962   0.1564   0.1872   0.3323   0.1041   0.1591   0.1569   0.2837   0.0649   0.2938   0.1462   0.1484   0.2685   0.1818   0.0896   0.4458   0.1978   0.0246   0.1481   0.3126   0.1552   0.2568   0.4442   0.2752   0.2482   0.1043   0.1814   0.0869   0.1703   0.2385   0.1098   0.3723   0.1017   0.2489   0.1765   0.5192   0.7456   0.6182   0.2558   0.4426   0.2888   0.4543   0.1169   0.4637   0.1926   0.3501   0.1443   0.3561   0.2302   0.1363   0.3991    0.183    0.112   0.2728   0.1355   0.1295   0.1128   0.1203   0.1672   0.3169   0.1383   0.0463   0.2001   0.2932   0.1256   0.1658    0.084   0.0515   0.0763   0.2628   0.2977   0.1967   0.1882   0.4921   0.1422   0.3719   0.4449   0.5139   0.4492   0.2654    0.163   0.1093   0.0265   0.0989   0.2128   0.1817   0.1298   0.2428   0.3552   0.3387   0.1838   0.4118   0.5315   0.1751   0.2505   0.4693   0.0496   0.3886    0.232   0.2039   0.3856   0.1434    0.257   0.1895   0.1778   0.3099    0.112   0.3876   0.1804   0.2041   0.1166   0.1546   0.3803   0.2459    0.286   0.3041   0.1852   0.1913   0.2723   0.3201   0.2372   0.3048   0.2842   0.2244   0.2798   0.0581    0.282   0.0646   0.1147   0.2041   0.3817   0.2351   0.2263   0.0769   0.0332   0.5852   0.4835   0.1928   0.1097   0.1593
  snr   -18.86
    H     5.57
 exon    False

M: eiip
 freq      0.0   0.0016   0.0032   0.0048   0.0064    0.008   0.0096   0.0112   0.0128   0.0144    0.016   0.0176   0.0192   0.0208   0.0224    0.024   0.0256   0.0272   0.0288   0.0304   0.0321   0.0337   0.0353   0.0369   0.0385   0.0401   0.0417   0.0433   0.0449   0.0465   0.0481   0.0497   0.0513   0.0529   0.0545   0.0561   0.0577   0.0593   0.0609   0.0625   0.0641   0.0657   0.0673   0.0689   0.0705   0.0721   0.0737   0.0753   0.0769   0.0785   0.0801   0.0817   0.0833   0.0849   0.0865   0.0881   0.0897   0.0913   0.0929   0.0946   0.0962   0.0978   0.0994    0.101   0.1026   0.1042   0.1058   0.1074    0.109   0.1106   0.1122   0.1138   0.1154    0.117   0.1186   0.1202   0.1218   0.1234    0.125   0.1266   0.1282   0.1298   0.1314    0.133   0.1346   0.1362   0.1378   0.1394    0.141   0.1426   0.1442   0.1458   0.1474    0.149   0.1506   0.1522   0.1538   0.1554   0.1571   0.1587   0.1603   0.1619   0.1635   0.1651   0.1667   0.1683   0.1699   0.1715   0.1731   0.1747   0.1763   0.1779   0.1795   0.1811   0.1827   0.1843   0.1859   0.1875   0.1891   0.1907   0.1923   0.1939   0.1955   0.1971   0.1987   0.2003   0.2019   0.2035   0.2051   0.2067   0.2083   0.2099   0.2115   0.2131   0.2147   0.2163   0.2179   0.2196   0.2212   0.2228   0.2244    0.226   0.2276   0.2292   0.2308   0.2324    0.234   0.2356   0.2372   0.2388   0.2404    0.242   0.2436   0.2452   0.2468   0.2484     0.25   0.2516   0.2532   0.2548   0.2564    0.258   0.2596   0.2612   0.2628   0.2644    0.266   0.2676   0.2692   0.2708   0.2724    0.274   0.2756   0.2772   0.2788   0.2804   0.2821   0.2837   0.2853   0.2869   0.2885   0.2901   0.2917   0.2933   0.2949   0.2965   0.2981   0.2997   0.3013   0.3029   0.3045   0.3061   0.3077   0.3093   0.3109   0.3125   0.3141   0.3157   0.3173   0.3189   0.3205   0.3221   0.3237   0.3253   0.3269   0.3285   0.3301   0.3317   0.3333   0.3349   0.3365   0.3381   0.3397   0.3413   0.3429   0.3446   0.3462   0.3478   0.3494    0.351   0.3526   0.3542   0.3558   0.3574    0.359   0.3606   0.3622   0.3638   0.3654    0.367   0.3686   0.3702   0.3718   0.3734    0.375   0.3766   0.3782   0.3798   0.3814    0.383   0.3846   0.3862   0.3878   0.3894    0.391   0.3926   0.3942   0.3958   0.3974    0.399   0.4006   0.4022   0.4038   0.4054   0.4071   0.4087   0.4103   0.4119   0.4135   0.4151   0.4167   0.4183   0.4199   0.4215   0.4231   0.4247   0.4263   0.4279   0.4295   0.4311   0.4327   0.4343   0.4359   0.4375   0.4391   0.4407   0.4423   0.4439   0.4455   0.4471   0.4487   0.4503   0.4519   0.4535   0.4551   0.4567   0.4583   0.4599   0.4615   0.4631   0.4647   0.4663   0.4679   0.4696   0.4712   0.4728   0.4744    0.476   0.4776   0.4792   0.4808   0.4824    0.484   0.4856   0.4872   0.4888   0.4904    0.492   0.4936   0.4952   0.4968   0.4984
    S      0.0    0.155   0.0557   0.0896   0.0236   0.1245   0.0788   0.1374   0.1203   0.0759   0.0969   0.0804   0.0579   0.1159   0.7462   0.1799   0.1949    0.017   0.0917   0.0726   0.0676   0.1121   0.0066   0.7997   0.2794   0.0309   0.0198   0.1258   0.0521   0.2705   0.3723   0.3759   0.0707   0.1365   0.1063   0.2441   0.4269    0.027   0.4527    0.216    0.144   0.0432   0.3361   0.1416   0.2156   0.1704    0.093   0.0705   0.0471   0.1397   0.0187   0.1801   0.0506   0.2347    0.156   0.0756   0.4404   0.4168   0.0992   0.1118   0.5515   0.1465   0.2104   0.1367   0.1393   0.0551   0.0474   0.0067   0.2491   0.5347    0.046   0.1576   0.2294   0.0442   0.1817   0.2481   0.3047    0.083   0.2545   0.0789   0.1735   0.0959    0.031    0.008   0.1388   0.0143   0.0315   0.4722   0.4283   0.0078   0.0183   0.0842   0.3675   0.0372   0.3529   0.0111   0.2311   0.0396   0.1198   0.0563   0.0445   0.3849   0.2842   0.3267   0.2335   0.0706   0.8566    0.073   0.0056   0.4337   0.1706   0.1151   0.2035   0.1049   0.0276   0.0333   0.0468   0.2978   0.0238   0.2209   0.6546   0.1358   0.0402   0.2019   0.3426   0.2453   0.0095    0.157    0.175   0.7828    0.091     0.16    0.068   0.1954   0.2426   0.1046   0.4027   0.0875   0.2829   0.1861   0.1502    0.028   0.0006   0.0322   0.1631    0.289   0.0461   0.1316   0.1325   0.0194   0.0442   0.0826   0.0997   0.0357    0.106   0.0846   0.0111   0.0355   0.0805   0.3986   0.0012    0.081   0.0208   0.0443   0.0679   0.0297   0.1807   0.3528   0.0001   0.2206   0.1417   0.3276   0.2878    0.038   0.0577   0.1793   0.0784   0.0048   0.1771   0.1328   0.0666   0.1453   0.1328   0.0966   0.4804   0.0622   0.1108   0.3239   0.0887   0.0331   0.0305   0.0156    0.005   0.0591   0.5187    0.096   0.0145   0.0389   0.0803   0.0038   0.1556   0.2301   0.1475   0.7143   0.0514   0.0277   0.2351    0.151      1.0   0.5221   0.3732   0.6562   0.1764   0.1687    0.006   0.3367   0.1031   0.6107   0.1452   0.1148   0.1706   0.0191   0.1639   0.0311   0.1114   0.2333   0.0815   0.0971   0.0706   0.0031   0.1562   0.6693   0.0079   0.0653   0.0121   0.2609   0.0895   0.0813   0.0847   0.0091   0.0947    0.447   0.2659    0.094   0.3556   0.3521   0.1177   0.1467   0.0754   0.4047    0.435   0.0508   0.0064   0.0773   0.0323    0.021   0.0785   0.0693   0.0151   0.4045   0.5592   0.6143   0.2225   0.3764   0.4073    0.084    0.159   0.2331   0.0882   0.5275   0.1238   0.1861   0.5656   0.0881   0.0086   0.0172    0.018   0.2093   0.1232   0.2433   0.0168   0.1572   0.0342     0.12   0.0432   0.2008   0.1048   0.0155   0.1471   0.0862   0.0452   0.1857   0.5189   0.1186   0.2039   0.0027   0.2191   0.0353   0.2583   0.0052   0.0035   0.3815   0.0856     0.04   0.1526   0.0526   0.0016     0.09   0.4241   0.2441   0.1257   0.0301
  snr   -17.12
    H     5.31
 exon     True

M: qpsk
 freq      0.0   0.0016   0.0032   0.0048   0.0064    0.008   0.0096   0.0112   0.0128   0.0144    0.016   0.0176   0.0192   0.0208   0.0224    0.024   0.0256   0.0272   0.0288   0.0304   0.0321   0.0337   0.0353   0.0369   0.0385   0.0401   0.0417   0.0433   0.0449   0.0465   0.0481   0.0497   0.0513   0.0529   0.0545   0.0561   0.0577   0.0593   0.0609   0.0625   0.0641   0.0657   0.0673   0.0689   0.0705   0.0721   0.0737   0.0753   0.0769   0.0785   0.0801   0.0817   0.0833   0.0849   0.0865   0.0881   0.0897   0.0913   0.0929   0.0946   0.0962   0.0978   0.0994    0.101   0.1026   0.1042   0.1058   0.1074    0.109   0.1106   0.1122   0.1138   0.1154    0.117   0.1186   0.1202   0.1218   0.1234    0.125   0.1266   0.1282   0.1298   0.1314    0.133   0.1346   0.1362   0.1378   0.1394    0.141   0.1426   0.1442   0.1458   0.1474    0.149   0.1506   0.1522   0.1538   0.1554   0.1571   0.1587   0.1603   0.1619   0.1635   0.1651   0.1667   0.1683   0.1699   0.1715   0.1731   0.1747   0.1763   0.1779   0.1795   0.1811   0.1827   0.1843   0.1859   0.1875   0.1891   0.1907   0.1923   0.1939   0.1955   0.1971   0.1987   0.2003   0.2019   0.2035   0.2051   0.2067   0.2083   0.2099   0.2115   0.2131   0.2147   0.2163   0.2179   0.2196   0.2212   0.2228   0.2244    0.226   0.2276   0.2292   0.2308   0.2324    0.234   0.2356   0.2372   0.2388   0.2404    0.242   0.2436   0.2452   0.2468   0.2484     0.25   0.2516   0.2532   0.2548   0.2564    0.258   0.2596   0.2612   0.2628   0.2644    0.266   0.2676   0.2692   0.2708   0.2724    0.274   0.2756   0.2772   0.2788   0.2804   0.2821   0.2837   0.2853   0.2869   0.2885   0.2901   0.2917   0.2933   0.2949   0.2965   0.2981   0.2997   0.3013   0.3029   0.3045   0.3061   0.3077   0.3093   0.3109   0.3125   0.3141   0.3157   0.3173   0.3189   0.3205   0.3221   0.3237   0.3253   0.3269   0.3285   0.3301   0.3317   0.3333   0.3349   0.3365   0.3381   0.3397   0.3413   0.3429   0.3446   0.3462   0.3478   0.3494    0.351   0.3526   0.3542   0.3558   0.3574    0.359   0.3606   0.3622   0.3638   0.3654    0.367   0.3686   0.3702   0.3718   0.3734    0.375   0.3766   0.3782   0.3798   0.3814    0.383   0.3846   0.3862   0.3878   0.3894    0.391   0.3926   0.3942   0.3958   0.3974    0.399   0.4006   0.4022   0.4038   0.4054   0.4071   0.4087   0.4103   0.4119   0.4135   0.4151   0.4167   0.4183   0.4199   0.4215   0.4231   0.4247   0.4263   0.4279   0.4295   0.4311   0.4327   0.4343   0.4359   0.4375   0.4391   0.4407   0.4423   0.4439   0.4455   0.4471   0.4487   0.4503   0.4519   0.4535   0.4551   0.4567   0.4583   0.4599   0.4615   0.4631   0.4647   0.4663   0.4679   0.4696   0.4712   0.4728   0.4744    0.476   0.4776   0.4792   0.4808   0.4824    0.484   0.4856   0.4872   0.4888   0.4904    0.492   0.4936   0.4952   0.4968   0.4984
    S      0.0   0.1617   0.0367   0.0698   0.1626   0.4532   0.1409   0.2974   0.1401   0.0438   0.2896   0.2698   0.0466   0.0886   0.1686   0.2307   0.1047   0.1334   0.1013   0.1803    0.083   0.1744   0.3502   0.3826    0.211   0.0545   0.1605   0.1209   0.0732   0.3363    0.626   0.3892   0.4126   0.1884   0.4252   0.4908   0.0418   0.2663    0.326   0.1677   0.5588   0.0588   0.5695   0.2141     0.37    0.503   0.0328   0.0754   0.0482   0.1903   0.1565   0.7309   0.1983   0.1626   0.1257   0.2737   0.4147   0.1316   0.1648   0.1196   0.3805   0.2048    0.231   0.2566   0.0974   0.4943   0.2826   0.0437   0.4739   0.2206   0.1639   0.1566    0.098   0.0104   0.1903   0.4128   0.2667   0.2602   0.3487   0.1569   0.1983   0.2086   0.1069   0.0811   0.3657   0.0301   0.1439   0.6859   0.3748   0.1952   0.1027   0.6685   0.3873   0.1091   0.1233   0.1454   0.3159   0.1046   0.2478   0.1893   0.1182   0.2142   0.5359   0.3554   0.0485   0.0704   0.6094    0.119   0.2628   0.2907   0.1682   0.1865   0.2094   0.1874   0.1133   0.0937   0.2967    0.231   0.2508   0.1808   0.4059   0.0713   0.1116   0.1821   0.6547   0.5343   0.2285   0.1423   0.1134      1.0   0.0521   0.3519   0.0229   0.2083   0.1471   0.1908   0.0411   0.1201   0.0865   0.1741   0.1426   0.0364   0.0717   0.0665   0.2323   0.2076   0.1278    0.272   0.1643   0.1034   0.0158   0.1357    0.283   0.1155   0.2101    0.222   0.1925   0.3171   0.1035   0.2998   0.0077   0.1301   0.1449   0.0728   0.1189     0.01   0.1847   0.3527    0.167   0.1455   0.1144   0.2875   0.3485   0.1898   0.0846   0.3377   0.0468   0.1007   0.1937    0.319   0.0747   0.3349   0.0186    0.066   0.1935   0.1717   0.1046   0.5334   0.2502   0.0283   0.1209   0.2557   0.1307   0.0264   0.4481   0.0753   0.0507   0.1287    0.131   0.0711   0.0778   0.1041    0.097   0.4525   0.1139   0.1345   0.0944   0.4725   0.8324   0.6211   0.1078   0.3887   0.0239   0.3072   0.0933   0.5429   0.2175   0.2427    0.139   0.3707   0.2687   0.1344   0.4381   0.1373   0.0716   0.1433   0.0422    0.117   0.1425   0.1105   0.1974   0.2813    0.098    0.052   0.0862   0.2858   0.0747   0.0543    0.075   0.0379   0.0786   0.3022    0.326   0.2237   0.2243   0.1739   0.1121   0.1881   0.4505    0.363   0.4438   0.1707   0.1489   0.1176   0.0185   0.0771   0.1183   0.0144   0.1093   0.2937   0.1119   0.3457   0.0809   0.4011   0.3881   0.1436   0.3074   0.3362    0.015   0.1584   0.2615   0.1937   0.2531   0.0523   0.1938   0.1411   0.1894   0.3486   0.0835   0.0619   0.2127    0.104   0.0785   0.1735   0.1998   0.1522   0.3228   0.1908   0.1763   0.1972   0.2813   0.3289   0.1391   0.3683   0.3409   0.1494   0.3294   0.0369   0.3206   0.0811   0.1063   0.1668   0.3773   0.1708   0.1268   0.0215   0.0167   0.4038   0.5264   0.1888   0.0859   0.1778
  snr   -18.07
    H     5.49
 exon    False

M: mem
 freq      0.0   0.0016   0.0032   0.0048   0.0064    0.008   0.0096   0.0112   0.0128   0.0144    0.016   0.0176   0.0192   0.0208   0.0224    0.024   0.0256   0.0272   0.0288   0.0304   0.0321   0.0337   0.0353   0.0369   0.0385   0.0401   0.0417   0.0433   0.0449   0.0465   0.0481   0.0497   0.0513   0.0529   0.0545   0.0561   0.0577   0.0593   0.0609   0.0625   0.0641   0.0657   0.0673   0.0689   0.0705   0.0721   0.0737   0.0753   0.0769   0.0785   0.0801   0.0817   0.0833   0.0849   0.0865   0.0881   0.0897   0.0913   0.0929   0.0946   0.0962   0.0978   0.0994    0.101   0.1026   0.1042   0.1058   0.1074    0.109   0.1106   0.1122   0.1138   0.1154    0.117   0.1186   0.1202   0.1218   0.1234    0.125   0.1266   0.1282   0.1298   0.1314    0.133   0.1346   0.1362   0.1378   0.1394    0.141   0.1426   0.1442   0.1458   0.1474    0.149   0.1506   0.1522   0.1538   0.1554   0.1571   0.1587   0.1603   0.1619   0.1635   0.1651   0.1667   0.1683   0.1699   0.1715   0.1731   0.1747   0.1763   0.1779   0.1795   0.1811   0.1827   0.1843   0.1859   0.1875   0.1891   0.1907   0.1923   0.1939   0.1955   0.1971   0.1987   0.2003   0.2019   0.2035   0.2051   0.2067   0.2083   0.2099   0.2115   0.2131   0.2147   0.2163   0.2179   0.2196   0.2212   0.2228   0.2244    0.226   0.2276   0.2292   0.2308   0.2324    0.234   0.2356   0.2372   0.2388   0.2404    0.242   0.2436   0.2452   0.2468   0.2484     0.25   0.2516   0.2532   0.2548   0.2564    0.258   0.2596   0.2612   0.2628   0.2644    0.266   0.2676   0.2692   0.2708   0.2724    0.274   0.2756   0.2772   0.2788   0.2804   0.2821   0.2837   0.2853   0.2869   0.2885   0.2901   0.2917   0.2933   0.2949   0.2965   0.2981   0.2997   0.3013   0.3029   0.3045   0.3061   0.3077   0.3093   0.3109   0.3125   0.3141   0.3157   0.3173   0.3189   0.3205   0.3221   0.3237   0.3253   0.3269   0.3285   0.3301   0.3317   0.3333   0.3349   0.3365   0.3381   0.3397   0.3413   0.3429   0.3446   0.3462   0.3478   0.3494    0.351   0.3526   0.3542   0.3558   0.3574    0.359   0.3606   0.3622   0.3638   0.3654    0.367   0.3686   0.3702   0.3718   0.3734    0.375   0.3766   0.3782   0.3798   0.3814    0.383   0.3846   0.3862   0.3878   0.3894    0.391   0.3926   0.3942   0.3958   0.3974    0.399   0.4006   0.4022   0.4038   0.4054   0.4071   0.4087   0.4103   0.4119   0.4135   0.4151   0.4167   0.4183   0.4199   0.4215   0.4231   0.4247   0.4263   0.4279   0.4295   0.4311   0.4327   0.4343   0.4359   0.4375   0.4391   0.4407   0.4423   0.4439   0.4455   0.4471   0.4487   0.4503   0.4519   0.4535   0.4551   0.4567   0.4583   0.4599   0.4615   0.4631   0.4647   0.4663   0.4679   0.4696   0.4712   0.4728   0.4744    0.476   0.4776   0.4792   0.4808   0.4824    0.484   0.4856   0.4872   0.4888   0.4904    0.492   0.4936   0.4952   0.4968   0.4984
    S      0.0   0.0485   0.0114   0.0462   0.0507   0.1532   0.1579   0.0357   0.0608   0.0388   0.2749   0.1256   0.0509   0.0794   0.0031     0.14   0.0707   0.1641   0.1257   0.1268   0.0506   0.1171   0.1035   0.2055   0.0829   0.0188   0.0905   0.1575   0.0435   0.3761   0.8142   0.3993     0.37   0.0273   0.4468   0.2311   0.0347   0.0961   0.4049   0.2006   0.3522   0.0383   0.7039   0.2305   0.3998   0.2884   0.0317   0.0144   0.0553   0.0124   0.2111    0.692   0.1739   0.1697   0.0055   0.0528   0.3866   0.1031   0.1831   0.0876   0.3375   0.0926   0.0395   0.2261   0.0369    0.123   0.0195   0.0101   0.0482    0.262    0.152   0.1756    0.075   0.0001   0.1064   0.1105   0.2576    0.077   0.3114   0.0796   0.0581   0.0409   0.0158   0.0449   0.2849   0.0396   0.0458   0.1144   0.1774   0.0022   0.0059   0.0764   0.3242   0.1133   0.0399   0.1135   0.3471   0.0814   0.2303   0.1014    0.111   0.2547   0.5063   0.2584   0.0017   0.0728   0.0542    0.042   0.2631   0.2035   0.1141   0.2198   0.1445   0.0085   0.0564   0.0457   0.1984   0.0893   0.0674   0.1259   0.2706   0.0146    0.016    0.104   0.3535    0.086   0.0842   0.0379   0.1423      1.0   0.0082   0.0679   0.0068   0.2217   0.0665   0.0763   0.0171   0.1563   0.0336   0.0262   0.0139   0.0221   0.0627   0.0632   0.0188   0.0704   0.1578   0.1957   0.1874   0.0361   0.0179   0.1243   0.1611   0.0142   0.2792    0.082   0.2526    0.155   0.1438   0.1616   0.0073   0.1221   0.1752   0.0056   0.0308   0.0116   0.1976   0.2571   0.0675   0.0543   0.0876   0.1985   0.2025   0.0994   0.0575   0.1714   0.0122   0.1156   0.1068   0.1201     0.03   0.3183   0.0086    0.007   0.1867   0.0777   0.0324   0.0583   0.0049   0.0329    0.112   0.1829   0.0303   0.0305   0.4958   0.0452    0.079   0.0796   0.0844   0.0457   0.0113   0.1014   0.0249      0.3   0.1286   0.1673   0.0038    0.391      0.9   0.6638   0.0424   0.3937   0.0015   0.2861   0.0964   0.5293   0.0638   0.1443   0.0254   0.3248   0.0833   0.0411   0.3101   0.1521   0.0396   0.0675   0.0455   0.0785   0.1089   0.0706   0.0526   0.3007   0.1209    0.057   0.0599   0.2147   0.0708   0.0272   0.0554    0.003   0.0805     0.29   0.0073   0.2626   0.2053   0.1539   0.0751   0.0308   0.4529   0.0228   0.5387   0.1798   0.1255   0.0893   0.0032   0.0189   0.0023   0.0159   0.0284   0.2637   0.0462   0.3536   0.0835   0.4719   0.2606    0.058   0.2684   0.3762   0.0131   0.0452   0.3137   0.1194   0.1016    0.019   0.2051   0.0135   0.0929   0.1801   0.0845   0.0327   0.1115   0.1012   0.0371   0.0837   0.2232   0.0041   0.1113   0.2157   0.1171   0.0233    0.092   0.1222   0.1025   0.2007   0.3419   0.1501   0.0364   0.0084   0.3726   0.0339   0.0853   0.0995     0.34   0.0205    0.063    0.019   0.0085   0.3862   0.1358   0.0983   0.1046   0.0001
  snr   -16.26
    H     5.28
 exon    False

M: tbpse
 freq      0.0   0.0016   0.0032   0.0048   0.0064    0.008   0.0096   0.0112   0.0128   0.0144    0.016   0.0176   0.0192   0.0208   0.0224    0.024   0.0256   0.0272   0.0288   0.0304   0.0321   0.0337   0.0353   0.0369   0.0385   0.0401   0.0417   0.0433   0.0449   0.0465   0.0481   0.0497   0.0513   0.0529   0.0545   0.0561   0.0577   0.0593   0.0609   0.0625   0.0641   0.0657   0.0673   0.0689   0.0705   0.0721   0.0737   0.0753   0.0769   0.0785   0.0801   0.0817   0.0833   0.0849   0.0865   0.0881   0.0897   0.0913   0.0929   0.0946   0.0962   0.0978   0.0994    0.101   0.1026   0.1042   0.1058   0.1074    0.109   0.1106   0.1122   0.1138   0.1154    0.117   0.1186   0.1202   0.1218   0.1234    0.125   0.1266   0.1282   0.1298   0.1314    0.133   0.1346   0.1362   0.1378   0.1394    0.141   0.1426   0.1442   0.1458   0.1474    0.149   0.1506   0.1522   0.1538   0.1554   0.1571   0.1587   0.1603   0.1619   0.1635   0.1651   0.1667   0.1683   0.1699   0.1715   0.1731   0.1747   0.1763   0.1779   0.1795   0.1811   0.1827   0.1843   0.1859   0.1875   0.1891   0.1907   0.1923   0.1939   0.1955   0.1971   0.1987   0.2003   0.2019   0.2035   0.2051   0.2067   0.2083   0.2099   0.2115   0.2131   0.2147   0.2163   0.2179   0.2196   0.2212   0.2228   0.2244    0.226   0.2276   0.2292   0.2308   0.2324    0.234   0.2356   0.2372   0.2388   0.2404    0.242   0.2436   0.2452   0.2468   0.2484     0.25   0.2516   0.2532   0.2548   0.2564    0.258   0.2596   0.2612   0.2628   0.2644    0.266   0.2676   0.2692   0.2708   0.2724    0.274   0.2756   0.2772   0.2788   0.2804   0.2821   0.2837   0.2853   0.2869   0.2885   0.2901   0.2917   0.2933   0.2949   0.2965   0.2981   0.2997   0.3013   0.3029   0.3045   0.3061   0.3077   0.3093   0.3109   0.3125   0.3141   0.3157   0.3173   0.3189   0.3205   0.3221   0.3237   0.3253   0.3269   0.3285   0.3301   0.3317   0.3333   0.3349   0.3365   0.3381   0.3397   0.3413   0.3429   0.3446   0.3462   0.3478   0.3494    0.351   0.3526   0.3542   0.3558   0.3574    0.359   0.3606   0.3622   0.3638   0.3654    0.367   0.3686   0.3702   0.3718   0.3734    0.375   0.3766   0.3782   0.3798   0.3814    0.383   0.3846   0.3862   0.3878   0.3894    0.391   0.3926   0.3942   0.3958   0.3974    0.399   0.4006   0.4022   0.4038   0.4054   0.4071   0.4087   0.4103   0.4119   0.4135   0.4151   0.4167   0.4183   0.4199   0.4215   0.4231   0.4247   0.4263   0.4279   0.4295   0.4311   0.4327   0.4343   0.4359   0.4375   0.4391   0.4407   0.4423   0.4439   0.4455   0.4471   0.4487   0.4503   0.4519   0.4535   0.4551   0.4567   0.4583   0.4599   0.4615   0.4631   0.4647   0.4663   0.4679   0.4696   0.4712   0.4728   0.4744    0.476   0.4776   0.4792   0.4808   0.4824    0.484   0.4856   0.4872   0.4888   0.4904    0.492   0.4936   0.4952   0.4968   0.4984
    S      0.0    0.073   0.0352   0.0727   0.1502   0.3115   0.2044   0.1608   0.1515   0.0412   0.3218   0.0877   0.0657   0.1614     0.15   0.1633    0.097   0.1656   0.1159   0.0967   0.1108   0.1759   0.2044    0.342   0.1546   0.0381   0.0606   0.1692   0.1108   0.3243   0.7382   0.4423   0.2574   0.0533   0.3672   0.2753   0.1204   0.1057    0.414   0.1904   0.2724   0.0343   0.7208   0.1892   0.4062   0.1922    0.042   0.0114   0.0516   0.0069   0.2172   0.4823   0.1267   0.2237   0.1402   0.0667   0.3576   0.1518   0.1999   0.1241   0.4661   0.1141   0.0988   0.2658   0.0771   0.2213   0.1409   0.0058   0.0214   0.3331   0.2392   0.1856   0.1027   0.0101   0.1362   0.2711     0.29   0.0808   0.3548   0.0476   0.0543   0.1232   0.0149   0.0312   0.2329   0.0418   0.0659   0.3605   0.2711   0.1155   0.0463   0.3997   0.4291   0.1192   0.0822   0.1017   0.3451   0.0669   0.2117   0.0624   0.0849   0.2782   0.4386   0.3497   0.0533   0.0814   0.1835   0.0282   0.1782   0.3234   0.1642   0.1914   0.1301   0.0472   0.0928   0.0605   0.2038   0.0844   0.0765   0.1735   0.3727   0.0574     0.07   0.1609   0.3713   0.1662   0.0551    0.143   0.1529   0.9849   0.0162   0.2312   0.0854   0.2554   0.0896   0.0849   0.1402   0.1456   0.0789   0.0545   0.0458    0.033   0.0632   0.0639   0.1323   0.0901   0.1303   0.3016    0.213   0.0731   0.0384   0.1222   0.1488   0.0503   0.2598    0.028   0.2106   0.1365   0.1577   0.2147   0.0059   0.1108   0.1682   0.0126   0.0766   0.0154   0.1794   0.3596   0.0385   0.0821     0.12   0.2387    0.282   0.0985   0.0568   0.3193   0.0447   0.0978   0.1614   0.1188   0.0524   0.2744   0.0333   0.0093   0.2219   0.0861   0.0513   0.2312   0.0697    0.032   0.1095   0.1131   0.0845   0.0864   0.5678   0.0465   0.1097   0.0666   0.0764   0.0393   0.0523   0.1552   0.0491   0.4244   0.1139   0.1615   0.0243   0.3314      1.0   0.6548   0.0759   0.4292   0.0975   0.3514   0.0689   0.5463   0.1174   0.1968   0.0756   0.2678   0.0934   0.0163   0.3035   0.1311   0.0646   0.1344   0.0807   0.0887   0.0958   0.0522   0.1236   0.3445    0.097   0.0546   0.0968   0.3004   0.0912   0.0229   0.0503   0.0225   0.0825   0.3056   0.0655   0.2111    0.235   0.1608   0.1258   0.1657   0.3484   0.0313   0.5854   0.2445   0.0867   0.0912   0.0067   0.0413   0.0671   0.0425   0.0872   0.2879   0.1193   0.4261   0.1238   0.4791   0.4093   0.0942   0.2442   0.4429   0.0253   0.0993   0.2652   0.1544   0.1501   0.0431   0.1436    0.096   0.0953   0.3091   0.0819   0.1614    0.083   0.0987   0.0191   0.1345   0.2621   0.0127   0.1975   0.1617   0.1439   0.0173   0.1253    0.265   0.1597   0.1743   0.3293   0.1361   0.1421   0.0051   0.3223   0.0262   0.0629   0.1558   0.3279   0.0598   0.0523   0.0273   0.0218   0.5138   0.1799   0.1451   0.1045   0.0476
  snr   -17.04
    H     5.41
 exon     True

M: snrse
 freq      0.0   0.0016   0.0032   0.0048   0.0064    0.008   0.0096   0.0112   0.0128   0.0144    0.016   0.0176   0.0192   0.0208   0.0224    0.024   0.0256   0.0272   0.0288   0.0304   0.0321   0.0337   0.0353   0.0369   0.0385   0.0401   0.0417   0.0433   0.0449   0.0465   0.0481   0.0497   0.0513   0.0529   0.0545   0.0561   0.0577   0.0593   0.0609   0.0625   0.0641   0.0657   0.0673   0.0689   0.0705   0.0721   0.0737   0.0753   0.0769   0.0785   0.0801   0.0817   0.0833   0.0849   0.0865   0.0881   0.0897   0.0913   0.0929   0.0946   0.0962   0.0978   0.0994    0.101   0.1026   0.1042   0.1058   0.1074    0.109   0.1106   0.1122   0.1138   0.1154    0.117   0.1186   0.1202   0.1218   0.1234    0.125   0.1266   0.1282   0.1298   0.1314    0.133   0.1346   0.1362   0.1378   0.1394    0.141   0.1426   0.1442   0.1458   0.1474    0.149   0.1506   0.1522   0.1538   0.1554   0.1571   0.1587   0.1603   0.1619   0.1635   0.1651   0.1667   0.1683   0.1699   0.1715   0.1731   0.1747   0.1763   0.1779   0.1795   0.1811   0.1827   0.1843   0.1859   0.1875   0.1891   0.1907   0.1923   0.1939   0.1955   0.1971   0.1987   0.2003   0.2019   0.2035   0.2051   0.2067   0.2083   0.2099   0.2115   0.2131   0.2147   0.2163   0.2179   0.2196   0.2212   0.2228   0.2244    0.226   0.2276   0.2292   0.2308   0.2324    0.234   0.2356   0.2372   0.2388   0.2404    0.242   0.2436   0.2452   0.2468   0.2484     0.25   0.2516   0.2532   0.2548   0.2564    0.258   0.2596   0.2612   0.2628   0.2644    0.266   0.2676   0.2692   0.2708   0.2724    0.274   0.2756   0.2772   0.2788   0.2804   0.2821   0.2837   0.2853   0.2869   0.2885   0.2901   0.2917   0.2933   0.2949   0.2965   0.2981   0.2997   0.3013   0.3029   0.3045   0.3061   0.3077   0.3093   0.3109   0.3125   0.3141   0.3157   0.3173   0.3189   0.3205   0.3221   0.3237   0.3253   0.3269   0.3285   0.3301   0.3317   0.3333   0.3349   0.3365   0.3381   0.3397   0.3413   0.3429   0.3446   0.3462   0.3478   0.3494    0.351   0.3526   0.3542   0.3558   0.3574    0.359   0.3606   0.3622   0.3638   0.3654    0.367   0.3686   0.3702   0.3718   0.3734    0.375   0.3766   0.3782   0.3798   0.3814    0.383   0.3846   0.3862   0.3878   0.3894    0.391   0.3926   0.3942   0.3958   0.3974    0.399   0.4006   0.4022   0.4038   0.4054   0.4071   0.4087   0.4103   0.4119   0.4135   0.4151   0.4167   0.4183   0.4199   0.4215   0.4231   0.4247   0.4263   0.4279   0.4295   0.4311   0.4327   0.4343   0.4359   0.4375   0.4391   0.4407   0.4423   0.4439   0.4455   0.4471   0.4487   0.4503   0.4519   0.4535   0.4551   0.4567   0.4583   0.4599   0.4615   0.4631   0.4647   0.4663   0.4679   0.4696   0.4712   0.4728   0.4744    0.476   0.4776   0.4792   0.4808   0.4824    0.484   0.4856   0.4872   0.4888   0.4904    0.492   0.4936   0.4952   0.4968   0.4984
    S      0.0   0.0651   0.0026   0.0074   0.0347   0.0983   0.1305   0.0097   0.0646   0.0124   0.2073   0.2544   0.0833   0.1016   0.3849   0.0413   0.0048    0.337   0.0466   0.2351   0.0872   0.1248    0.117   0.0138   0.0029   0.0102   0.2089    0.126   0.0517   0.1873   0.4545   0.1135   0.3478   0.1583   0.3617   0.0781   0.0706   0.0697   0.1194   0.0665   0.2828   0.0812   0.4125   0.2467   0.2158   0.3949   0.0648   0.0655    0.018    0.147   0.4039      1.0   0.1906   0.0625   0.1428   0.1704   0.1561    0.029   0.1957   0.0151    0.149   0.0488   0.0307   0.1023   0.0052   0.1626   0.0015   0.0267   0.3617   0.1932   0.1347   0.0538    0.016   0.0239    0.035   0.1513   0.0566   0.1705   0.1397   0.2192   0.1337     0.02   0.0699   0.0442   0.1518   0.0986    0.156   0.0166   0.0163   0.0052   0.0225   0.1211   0.0717    0.086    0.069   0.1453   0.2273   0.1656   0.1681   0.1648   0.0887   0.0566   0.2395   0.0443   0.1584   0.0384   0.1671    0.117   0.3956   0.0273   0.0385   0.1217   0.1749   0.1113     0.03    0.017   0.1585   0.3434    0.065   0.0091   0.0466    0.046   0.0051   0.0087   0.1736   0.2253   0.1715   0.0395   0.0663   0.4017    0.029   0.0008   0.0857   0.0671   0.0378   0.1157   0.1325   0.1199   0.0674   0.0452   0.0241    0.006   0.0931   0.1972   0.0822   0.0871   0.1311     0.12    0.079   0.0181   0.0442   0.1416    0.193   0.0082   0.1763   0.3257   0.3136    0.126   0.2358   0.0521   0.0133   0.0695    0.269   0.0313   0.0013   0.0078   0.1752   0.0384   0.1082   0.0268   0.0092   0.0846   0.0263   0.0722   0.1581   0.0473   0.0079   0.1539   0.0206   0.1073   0.0017   0.2242   0.0701   0.1042    0.075   0.0578   0.0199   0.0252   0.0197   0.0085   0.1195   0.3055   0.0274   0.1507   0.1826   0.2341   0.1946   0.0479   0.1088    0.064   0.0631   0.0484   0.0321    0.006    0.079   0.2285   0.0829   0.4458   0.2031   0.4075   0.1057   0.0412   0.0748   0.2926   0.1222    0.243   0.0135   0.1047   0.0084   0.3007   0.0964   0.1149   0.2571   0.1581   0.0458   0.0238    0.053   0.0215   0.0538   0.1055   0.0057   0.0246   0.1453   0.0121    0.126   0.0444   0.0705   0.1412   0.0501     0.01    0.039   0.0556   0.0872   0.1732   0.0253   0.3533   0.0333   0.0051   0.4251   0.3304   0.2233   0.1437   0.1573   0.0274   0.0094   0.0159   0.0425   0.1236   0.0146   0.0538    0.112   0.0594   0.0285   0.1939   0.1999   0.0099    0.123   0.2346   0.0075   0.1776   0.1906   0.0134   0.1588   0.0817     0.28    0.024   0.1035   0.0405   0.0667   0.0972   0.1289   0.1484   0.1095   0.0119   0.2598   0.1504   0.0653    0.324   0.0196   0.1147   0.1301   0.0172   0.0211   0.1299    0.165   0.1993   0.0154   0.0455   0.1852   0.0336   0.1038   0.0065   0.2738   0.1067   0.1618   0.0415   0.0099   0.3135   0.2074   0.0072   0.0539   0.0211
  snr   -15.44
    H     5.34
 exon    False