>YOL014W
N: 375
Methods: voss, eiip, qpsk, mem, alg1, alg2

M: voss
 freq      0.0   0.0027   0.0053    0.008   0.0107   0.0133    0.016   0.0187   0.0213    0.024   0.0267   0.0293    0.032   0.0347   0.0373     0.04   0.0427   0.0453    0.048   0.0507   0.0533    0.056   0.0587   0.0613    0.064   0.0667   0.0693    0.072   0.0747   0.0773     0.08   0.0827   0.0853    0.088   0.0907   0.0933    0.096   0.0987   0.1013    0.104   0.1067   0.1093    0.112   0.1147   0.1173     0.12   0.1227   0.1253    0.128   0.1307   0.1333    0.136   0.1387   0.1413    0.144   0.1467   0.1493    0.152   0.1547   0.1573     0.16   0.1627   0.1653    0.168   0.1707   0.1733    0.176   0.1787   0.1813    0.184   0.1867   0.1893    0.192   0.1947   0.1973      0.2   0.2027   0.2053    0.208   0.2107   0.2133    0.216   0.2187   0.2213    0.224   0.2267   0.2293    0.232   0.2347   0.2373     0.24   0.2427   0.2453    0.248   0.2507   0.2533    0.256   0.2587   0.2613    0.264   0.2667   0.2693    0.272   0.2747   0.2773     0.28   0.2827   0.2853    0.288   0.2907   0.2933    0.296   0.2987   0.3013    0.304   0.3067   0.3093    0.312   0.3147   0.3173     0.32   0.3227   0.3253    0.328   0.3307   0.3333    0.336   0.3387   0.3413    0.344   0.3467   0.3493    0.352   0.3547   0.3573     0.36   0.3627   0.3653    0.368   0.3707   0.3733    0.376   0.3787   0.3813    0.384   0.3867   0.3893    0.392   0.3947   0.3973      0.4   0.4027   0.4053    0.408   0.4107   0.4133    0.416   0.4187   0.4213    0.424   0.4267   0.4293    0.432   0.4347   0.4373     0.44   0.4427   0.4453    0.448   0.4507   0.4533    0.456   0.4587   0.4613    0.464   0.4667   0.4693    0.472   0.4747   0.4773     0.48   0.4827   0.4853    0.488   0.4907   0.4933    0.496   0.4987
    S      0.0   0.2796   0.4406   0.2167   0.1914   0.5017   0.0714   0.2728   0.4937   0.2337   0.1307   0.5924   0.4056   0.0657   0.0672   0.0685   0.2813   0.3041   0.3239   0.2978   0.2156   0.2491   0.4465   0.2163   0.1079    0.132     0.04   0.1902   0.3003   0.1422   0.4406   0.2373   0.1126   0.1379   0.4652   0.1898   0.4595    0.042   0.1811   0.1008   0.1529    0.139   0.1614    0.198   0.1738   0.0645   0.0736   0.4268   0.0305   0.1434   0.1664   0.1038    0.454   0.3859   0.2563   0.0813   0.5828    0.312   0.2499   0.1277   0.5819   0.5646   0.1577   0.1638    0.232   0.1556   0.3241   0.1608   0.1404   0.3722   0.2267   0.1402   0.1246    0.182   0.1781   0.0743   0.0446   0.3563   0.6581   0.3082   0.0678   0.1589   0.0669   0.2243     0.25   0.2501   0.4216   0.1134   0.1538    0.303   0.4405   0.1854   0.2961     0.09   0.2722   0.2049   0.4085   0.4479   0.1088   0.1535   0.3546   0.0635   0.2363   0.1613   0.0967   0.0435   0.0851   0.1243   0.1143   0.1361   0.2976   0.0652   0.3328    0.412   0.2586   0.3274   0.1084    0.328   0.1007   0.1474   0.0951   0.2986   0.5518   0.3209   0.3803   0.4677   0.5403    0.479   0.1357   0.3964    0.177   0.3624   0.4368   0.3906   0.3169   0.3544   0.1954   0.1268   0.1379   0.2605   0.3835   0.2737   0.2051   0.2484    0.287   0.1494   0.1072   0.3898   0.0955   0.2469   0.0801   0.2133   0.3182   0.0953   0.0691    0.581   0.2116   0.1186      1.0   0.5767   0.2527   0.2244   0.0432    0.345   0.1826    0.592   0.1997   0.1754   0.0326    0.129    0.278   0.0416   0.1233   0.0799   0.0832   0.3549   0.1189   0.0684   0.1305    0.209   0.2358    0.164   0.0997    0.073   0.4181   0.4589   0.1374   0.2185
  snr   -16.44
    H     5.04
 exon    False

M: eiip
 freq      0.0   0.0027   0.0053    0.008   0.0107   0.0133    0.016   0.0187   0.0213    0.024   0.0267   0.0293    0.032   0.0347   0.0373     0.04   0.0427   0.0453    0.048   0.0507   0.0533    0.056   0.0587   0.0613    0.064   0.0667   0.0693    0.072   0.0747   0.0773     0.08   0.0827   0.0853    0.088   0.0907   0.0933    0.096   0.0987   0.1013    0.104   0.1067   0.1093    0.112   0.1147   0.1173     0.12   0.1227   0.1253    0.128   0.1307   0.1333    0.136   0.1387   0.1413    0.144   0.1467   0.1493    0.152   0.1547   0.1573     0.16   0.1627   0.1653    0.168   0.1707   0.1733    0.176   0.1787   0.1813    0.184   0.1867   0.1893    0.192   0.1947   0.1973      0.2   0.2027   0.2053    0.208   0.2107   0.2133    0.216   0.2187   0.2213    0.224   0.2267   0.2293    0.232   0.2347   0.2373     0.24   0.2427   0.2453    0.248   0.2507   0.2533    0.256   0.2587   0.2613    0.264   0.2667   0.2693    0.272   0.2747   0.2773     0.28   0.2827   0.2853    0.288   0.2907   0.2933    0.296   0.2987   0.3013    0.304   0.3067   0.3093    0.312   0.3147   0.3173     0.32   0.3227   0.3253    0.328   0.3307   0.3333    0.336   0.3387   0.3413    0.344   0.3467   0.3493    0.352   0.3547   0.3573     0.36   0.3627   0.3653    0.368   0.3707   0.3733    0.376   0.3787   0.3813    0.384   0.3867   0.3893    0.392   0.3947   0.3973      0.4   0.4027   0.4053    0.408   0.4107   0.4133    0.416   0.4187   0.4213    0.424   0.4267   0.4293    0.432   0.4347   0.4373     0.44   0.4427   0.4453    0.448   0.4507   0.4533    0.456   0.4587   0.4613    0.464   0.4667   0.4693    0.472   0.4747   0.4773     0.48   0.4827   0.4853    0.488   0.4907   0.4933    0.496   0.4987
    S      0.0   0.1493   0.5282   0.1397   0.0513   0.1291   0.0056   0.1571   0.3362   0.0692   0.1482   0.3824   0.4172   0.0746   0.0495   0.0352   0.0681   0.1212   0.1649   0.3194   0.2948   0.0655   0.1822   0.2134   0.1105   0.0374   0.0368    0.076   0.1486   0.1478   0.2867   0.1003   0.0252   0.0445   0.5936   0.1339   0.0028   0.0632   0.0031    0.102   0.2431    0.054    0.012   0.2045   0.0136   0.1028   0.1246   0.7964    0.009   0.1224   0.1935   0.0702   0.1285   0.5086   0.4395   0.1266   0.1572   0.2843    0.251   0.0494      1.0   0.6815   0.2339   0.0596   0.0657   0.2412   0.2233   0.1798   0.0383   0.3647    0.072   0.0184    0.019   0.1952   0.1816   0.1328    0.045   0.0551   0.4454    0.266   0.0633   0.2131   0.0092   0.0437   0.1177   0.1045   0.3084   0.2073   0.2454   0.0471   0.0154   0.0833   0.3686   0.0268   0.5953   0.2474   0.4274   0.1969   0.0894   0.1076   0.1953    0.017   0.0335   0.1903   0.2266   0.0416   0.0501   0.0782   0.1598   0.1567    0.105   0.0968    0.239   0.1582   0.1846   0.0321   0.1296   0.0826   0.1929   0.0061   0.0746   0.6311   0.3117   0.0326   0.3563   0.3887   0.2199   0.5003   0.0715   0.4667    0.165   0.5131    0.049   0.4082   0.5606   0.3965   0.0561   0.0826   0.1102   0.1475   0.0969   0.0353   0.2994   0.0931   0.1928   0.1231   0.1166   0.1085   0.0614   0.0749    0.136   0.2257   0.2467   0.0121   0.0617   0.5864    0.064   0.1447   0.1801   0.2843   0.0311   0.1398   0.0248   0.0976   0.3242   0.3816   0.1445   0.0867   0.0525   0.0747   0.1463   0.0164   0.0158   0.0067      0.0    0.292   0.1023   0.0511   0.0562   0.1288   0.0428   0.2536   0.1159   0.0849   0.7389   0.4115    0.248    0.166
  snr   -15.08
    H     4.85
 exon    False

M: qpsk
 freq      0.0   0.0027   0.0053    0.008   0.0107   0.0133    0.016   0.0187   0.0213    0.024   0.0267   0.0293    0.032   0.0347   0.0373     0.04   0.0427   0.0453    0.048   0.0507   0.0533    0.056   0.0587   0.0613    0.064   0.0667   0.0693    0.072   0.0747   0.0773     0.08   0.0827   0.0853    0.088   0.0907   0.0933    0.096   0.0987   0.1013    0.104   0.1067   0.1093    0.112   0.1147   0.1173     0.12   0.1227   0.1253    0.128   0.1307   0.1333    0.136   0.1387   0.1413    0.144   0.1467   0.1493    0.152   0.1547   0.1573     0.16   0.1627   0.1653    0.168   0.1707   0.1733    0.176   0.1787   0.1813    0.184   0.1867   0.1893    0.192   0.1947   0.1973      0.2   0.2027   0.2053    0.208   0.2107   0.2133    0.216   0.2187   0.2213    0.224   0.2267   0.2293    0.232   0.2347   0.2373     0.24   0.2427   0.2453    0.248   0.2507   0.2533    0.256   0.2587   0.2613    0.264   0.2667   0.2693    0.272   0.2747   0.2773     0.28   0.2827   0.2853    0.288   0.2907   0.2933    0.296   0.2987   0.3013    0.304   0.3067   0.3093    0.312   0.3147   0.3173     0.32   0.3227   0.3253    0.328   0.3307   0.3333    0.336   0.3387   0.3413    0.344   0.3467   0.3493    0.352   0.3547   0.3573     0.36   0.3627   0.3653    0.368   0.3707   0.3733    0.376   0.3787   0.3813    0.384   0.3867   0.3893    0.392   0.3947   0.3973      0.4   0.4027   0.4053    0.408   0.4107   0.4133    0.416   0.4187   0.4213    0.424   0.4267   0.4293    0.432   0.4347   0.4373     0.44   0.4427   0.4453    0.448   0.4507   0.4533    0.456   0.4587   0.4613    0.464   0.4667   0.4693    0.472   0.4747   0.4773     0.48   0.4827   0.4853    0.488   0.4907   0.4933    0.496   0.4987
    S      0.0   0.3201   0.5649   0.3117   0.1596   0.0853   0.0462   0.1707   0.6334   0.2621   0.1877   0.3866   0.5907   0.0944   0.0987   0.0765   0.2072   0.4002    0.037   0.3019   0.2001   0.1508     0.45   0.3189   0.1485    0.166   0.0271   0.0882   0.3886   0.1652   0.3789   0.1264   0.0993   0.1255   0.6506   0.2557   0.3978   0.0543   0.1029   0.0345   0.0757   0.0934   0.2282   0.0305   0.2078   0.0354   0.0999   0.4834   0.0314   0.1579   0.2284   0.0638   0.3145   0.3495   0.2897   0.0802   0.6527   0.2976    0.254   0.1737   0.6215   0.4043   0.1898   0.2015   0.3258   0.1247   0.0631   0.1186   0.0778    0.442   0.0353   0.0464   0.0879   0.0902   0.1849   0.0645   0.0637   0.4708   0.7836    0.314   0.0552    0.152    0.034   0.0376   0.1474   0.3621   0.3153   0.1669   0.0996   0.3962   0.3273   0.2488    0.308   0.1252   0.2173   0.1331   0.4457    0.607   0.1534    0.182   0.3347   0.0563   0.2623   0.2197    0.095   0.0423   0.0988   0.1779   0.1502   0.1126   0.4327   0.0849   0.4515   0.4035   0.3046   0.4122   0.1447   0.2634   0.0441   0.0934   0.0984    0.291   0.1263   0.2623   0.5445   0.3754   0.0692    0.382   0.1554   0.4112   0.1855   0.3715   0.5497    0.213   0.3597   0.4186   0.1672   0.1635   0.1858   0.3484   0.3285   0.0452   0.2732   0.2737   0.3458   0.1953   0.0548   0.3464    0.027   0.1743   0.0844    0.284    0.448   0.0721   0.1016   0.5666   0.2316    0.063      1.0    0.629   0.1611   0.2714   0.0605   0.3596   0.1976   0.6147   0.2857   0.1315   0.0455   0.1029   0.3175   0.0556   0.0652   0.0827   0.0504   0.4544   0.1529   0.0892   0.1714   0.2331   0.2942   0.1172   0.0731   0.0926   0.6149   0.6093   0.1176   0.1997
  snr   -16.34
    H     4.97
 exon    False

M: mem
 freq      0.0   0.0027   0.0053    0.008   0.0107   0.0134    0.016   0.0187   0.0214   0.0241   0.0267   0.0294   0.0321   0.0348   0.0374   0.0401   0.0428   0.0455   0.0481   0.0508   0.0535   0.0561   0.0588   0.0615   0.0642   0.0668   0.0695   0.0722   0.0749   0.0775   0.0802   0.0829   0.0856   0.0882   0.0909   0.0936   0.0963   0.0989   0.1016   0.1043    0.107   0.1096   0.1123    0.115   0.1176   0.1203    0.123   0.1257   0.1283    0.131   0.1337   0.1364    0.139   0.1417   0.1444   0.1471   0.1497   0.1524   0.1551   0.1578   0.1604   0.1631   0.1658   0.1684   0.1711   0.1738   0.1765   0.1791   0.1818   0.1845   0.1872   0.1898   0.1925   0.1952   0.1979   0.2005   0.2032   0.2059   0.2086   0.2112   0.2139   0.2166   0.2193   0.2219   0.2246   0.2273   0.2299   0.2326   0.2353    0.238   0.2406   0.2433    0.246   0.2487   0.2513    0.254   0.2567   0.2594    0.262   0.2647   0.2674   0.2701   0.2727   0.2754   0.2781   0.2807   0.2834   0.2861   0.2888   0.2914   0.2941   0.2968   0.2995   0.3021   0.3048   0.3075   0.3102   0.3128   0.3155   0.3182   0.3209   0.3235   0.3262   0.3289   0.3316   0.3342   0.3369   0.3396   0.3422   0.3449   0.3476   0.3503   0.3529   0.3556   0.3583    0.361   0.3636   0.3663    0.369   0.3717   0.3743    0.377   0.3797   0.3824    0.385   0.3877   0.3904    0.393   0.3957   0.3984   0.4011   0.4037   0.4064   0.4091   0.4118   0.4144   0.4171   0.4198   0.4225   0.4251   0.4278   0.4305   0.4332   0.4358   0.4385   0.4412   0.4439   0.4465   0.4492   0.4519   0.4545   0.4572   0.4599   0.4626   0.4652   0.4679   0.4706   0.4733   0.4759   0.4786   0.4813    0.484   0.4866   0.4893    0.492   0.4947   0.4973
    S      0.0   0.1653   0.4772   0.0027   0.1641   0.1148   0.0353   0.1154   0.5877   0.2627   0.0978   0.4837   0.4489   0.0713   0.0015   0.0345   0.0013   0.0329   0.1367   0.0889   0.0524   0.0591   0.3032   0.2708   0.0797   0.0422    0.013   0.1368   0.1382   0.0159    0.512   0.1228   0.1205   0.1163   0.3075   0.1803   0.3782   0.0081   0.0255   0.0014   0.0383   0.0005   0.0215    0.029   0.0338   0.0126   0.0601   0.0197   0.0287    0.083   0.0389   0.0255   0.4562   0.2143   0.0024   0.0421   0.0415   0.1084   0.0091   0.0396   0.3189   0.1699    0.003   0.0641   0.0498   0.0813   0.0353   0.0608   0.1181   0.4146   0.0347   0.0308   0.1824   0.0053   0.1802   0.0824   0.0112   0.3109    0.604   0.0598   0.0165   0.1298   0.0091   0.1412   0.0305   0.1184   0.0004   0.1066   0.0233    0.091     0.25   0.0701   0.1286   0.1382   0.0107   0.0668   0.0088   0.1272   0.1209     0.19   0.2972   0.0709   0.1447    0.184   0.0154   0.0078   0.0839   0.0188   0.0037   0.0475   0.2756   0.0514   0.0323   0.1545   0.0622    0.239   0.1776   0.0961    0.032   0.1301   0.0141   0.2523   0.0061   0.5379   0.0492   0.0754   0.2405   0.1515   0.0171   0.4049   0.0012   0.0994   0.0084   0.0968   0.0759   0.0725   0.1916    0.103   0.0917   0.1084   0.9166   0.0765   0.0795   0.1644   0.5132   0.0929   0.2127   0.2385   0.0947    0.062    0.303   0.0528   0.0708   0.0312     0.28   0.1028   0.1442   0.1648      1.0   0.1091   0.1913   0.2344   0.4014   0.2002   0.0773   0.0918   0.0566   0.1077   0.1049    0.143   0.0856   0.0714   0.0212    0.142   0.1058   0.1994   0.0185   0.0523   0.2621   0.0782   0.0021   0.0836   0.1786   0.2264   0.2654   0.1511   0.1354
  snr   -13.84
    H     4.74
 exon    False

M: alg1
 freq      0.0   0.0027   0.0053    0.008   0.0107   0.0133    0.016   0.0187   0.0213    0.024   0.0267   0.0293    0.032   0.0347   0.0373     0.04   0.0427   0.0453    0.048   0.0507   0.0533    0.056   0.0587   0.0613    0.064   0.0667   0.0693    0.072   0.0747   0.0773     0.08   0.0827   0.0853    0.088   0.0907   0.0933    0.096   0.0987   0.1013    0.104   0.1067   0.1093    0.112   0.1147   0.1173     0.12   0.1227   0.1253    0.128   0.1307   0.1333    0.136   0.1387   0.1413    0.144   0.1467   0.1493    0.152   0.1547   0.1573     0.16   0.1627   0.1653    0.168   0.1707   0.1733    0.176   0.1787   0.1813    0.184   0.1867   0.1893    0.192   0.1947   0.1973      0.2   0.2027   0.2053    0.208   0.2107   0.2133    0.216   0.2187   0.2213    0.224   0.2267   0.2293    0.232   0.2347   0.2373     0.24   0.2427   0.2453    0.248   0.2507   0.2533    0.256   0.2587   0.2613    0.264   0.2667   0.2693    0.272   0.2747   0.2773     0.28   0.2827   0.2853    0.288   0.2907   0.2933    0.296   0.2987   0.3013    0.304   0.3067   0.3093    0.312   0.3147   0.3173     0.32   0.3227   0.3253    0.328   0.3307   0.3333    0.336   0.3387   0.3413    0.344   0.3467   0.3493    0.352   0.3547   0.3573     0.36   0.3627   0.3653    0.368   0.3707   0.3733    0.376   0.3787   0.3813    0.384   0.3867   0.3893    0.392   0.3947   0.3973      0.4   0.4027   0.4053    0.408   0.4107   0.4133    0.416   0.4187   0.4213    0.424   0.4267   0.4293    0.432   0.4347   0.4373     0.44   0.4427   0.4453    0.448   0.4507   0.4533    0.456   0.4587   0.4613    0.464   0.4667   0.4693    0.472   0.4747   0.4773     0.48   0.4827   0.4853    0.488   0.4907   0.4933    0.496   0.4987
    S      0.0   0.1788   0.1309   0.1775   0.0219   0.6518   0.0587   0.0679   0.0849   0.1999   0.0904   0.3695   0.3545   0.0585   0.0478   0.0358   0.5028   0.2693   0.2454   0.1679   0.0826   0.4376   0.1074   0.1588   0.0278   0.1757    0.024   0.0405   0.1123   0.0716   0.1124   0.0824   0.0187   0.0992    0.163   0.2822   0.1215   0.0209   0.2858    0.196   0.2726   0.3092   0.2253   0.2712   0.2866   0.1113   0.0447   0.1725   0.0535   0.0473   0.0683   0.2304   0.2388   0.1675   0.1041   0.0762   0.7149   0.0972   0.2519   0.1775    0.299   0.7062    0.068   0.0897   0.3278   0.1656   0.4987   0.0843   0.0599   0.0874   0.2361     0.23   0.0152   0.0866   0.0639   0.0535   0.0348   0.1713   0.1063   0.5248   0.0583   0.1323   0.0302   0.1563   0.1249    0.241   0.6716   0.0473   0.0846   0.1484   0.4555      0.1     0.49   0.1402   0.2654   0.3628   0.2236   0.3376   0.0484     0.27   0.0669   0.0802   0.2497    0.035   0.0922   0.0234   0.0259   0.1332    0.066   0.1017   0.2432    0.056   0.1437   0.2994   0.4151   0.1728   0.0795   0.0558   0.1497   0.0162   0.0875   0.3667   0.4239   0.0159   0.4062   0.9457   0.7064   0.8059   0.0741   0.1046   0.2194   0.6991   0.5031   0.3311   0.3103   0.0886   0.0558   0.0471   0.0758   0.1568   0.0692    0.205   0.0657   0.1164   0.0337   0.0877   0.2098   0.1099   0.0697   0.5132   0.1063   0.0623   0.1943   0.0062   0.0408   0.4548   0.0661   0.1908   0.2761   0.1307   0.0871   0.0588   0.0286   0.0371   0.2283      1.0   0.1411    0.095   0.0105   0.0267   0.1304   0.0148   0.0862   0.0701   0.1184   0.5385   0.0354   0.0564   0.0747    0.053   0.2891   0.0893   0.1786   0.0384   0.1543   0.2259   0.1488    0.311
  snr   -15.29
    H     4.85
 exon    False

M: alg2
 freq      0.0   0.0027   0.0053    0.008   0.0107   0.0133    0.016   0.0187   0.0213    0.024   0.0267   0.0293    0.032   0.0347   0.0373     0.04   0.0427   0.0453    0.048   0.0507   0.0533    0.056   0.0587   0.0613    0.064   0.0667   0.0693    0.072   0.0747   0.0773     0.08   0.0827   0.0853    0.088   0.0907   0.0933    0.096   0.0987   0.1013    0.104   0.1067   0.1093    0.112   0.1147   0.1173     0.12   0.1227   0.1253    0.128   0.1307   0.1333    0.136   0.1387   0.1413    0.144   0.1467   0.1493    0.152   0.1547   0.1573     0.16   0.1627   0.1653    0.168   0.1707   0.1733    0.176   0.1787   0.1813    0.184   0.1867   0.1893    0.192   0.1947   0.1973      0.2   0.2027   0.2053    0.208   0.2107   0.2133    0.216   0.2187   0.2213    0.224   0.2267   0.2293    0.232   0.2347   0.2373     0.24   0.2427   0.2453    0.248   0.2507   0.2533    0.256   0.2587   0.2613    0.264   0.2667   0.2693    0.272   0.2747   0.2773     0.28   0.2827   0.2853    0.288   0.2907   0.2933    0.296   0.2987   0.3013    0.304   0.3067   0.3093    0.312   0.3147   0.3173     0.32   0.3227   0.3253    0.328   0.3307   0.3333    0.336   0.3387   0.3413    0.344   0.3467   0.3493    0.352   0.3547   0.3573     0.36   0.3627   0.3653    0.368   0.3707   0.3733    0.376   0.3787   0.3813    0.384   0.3867   0.3893    0.392   0.3947   0.3973      0.4   0.4027   0.4053    0.408   0.4107   0.4133    0.416   0.4187   0.4213    0.424   0.4267   0.4293    0.432   0.4347   0.4373     0.44   0.4427   0.4453    0.448   0.4507   0.4533    0.456   0.4587   0.4613    0.464   0.4667   0.4693    0.472   0.4747   0.4773     0.48   0.4827   0.4853    0.488   0.4907   0.4933    0.496   0.4987
    S      0.0   0.0104   0.0622   0.0805   0.2596    0.178   0.0166   0.3263   0.2157   0.1548   0.0247   0.3821   0.1679   0.0168   0.0225    0.019   0.0316   0.0743    0.266   0.1071   0.1955   0.0153   0.4463   0.0883   0.0451   0.0298    0.018   0.2236   0.2329   0.0577   0.3275   0.1888   0.1129   0.0621   0.0077   0.0695   0.4593   0.0142   0.0079   0.0165   0.0265   0.0019   0.0815   0.0893   0.0411   0.0144   0.0043   0.2517   0.0045   0.1307   0.1053    0.004   0.2527   0.2421    0.162   0.0096   0.0598   0.2176   0.1477   0.0644   0.1869    0.232   0.0905   0.0776   0.1107   0.0465   0.1195   0.1217   0.1196   0.0912   0.1353   0.0187   0.0961   0.1957   0.1183   0.0411   0.0115   0.4045   0.1677   0.0498   0.0138   0.0195   0.0557   0.1659   0.1768    0.174   0.1165   0.0055   0.1241    0.347   0.1612   0.1215   0.0312   0.0432   0.0973   0.0481   0.2458   0.3667   0.0629   0.0461   0.2865   0.0343   0.1488   0.0456   0.0214   0.0083   0.0837    0.061   0.0591   0.1107   0.2284   0.0103   0.2753   0.0883   0.1003   0.3516   0.0606   0.4215   0.0318   0.1357    0.016   0.0374   0.4759   0.2494   0.1167   0.0281   0.2191   0.0687    0.015   0.2168   0.0784   0.0133   0.2359   0.2629   0.0364   0.2085   0.2222   0.1223   0.0367   0.1011    0.254   0.1827   0.0245   0.1848   0.1464   0.1239   0.0163   0.2632    0.068   0.0194   0.0122   0.0858   0.1863   0.0823   0.0244    0.254   0.1827   0.0244      1.0   0.1773   0.2833   0.1767   0.0157   0.3428   0.0199   0.1092   0.0395   0.1172   0.0081   0.1648   0.1368   0.0351    0.062   0.0431   0.0057    0.129   0.0658   0.0029   0.0722   0.1827   0.0253   0.1088   0.0258   0.0017   0.0272   0.1095   0.0245   0.1065
  snr    -13.4
    H     4.81
 exon    False