>YOL129W
N: 555
Methods: voss, eiip, qpsk, mem, tbpse, snrse

M: voss
 freq      0.0   0.0018   0.0036   0.0054   0.0072    0.009   0.0108   0.0126   0.0144   0.0162    0.018   0.0198   0.0216   0.0234   0.0252    0.027   0.0288   0.0306   0.0324   0.0342    0.036   0.0378   0.0396   0.0414   0.0432    0.045   0.0468   0.0486   0.0505   0.0523   0.0541   0.0559   0.0577   0.0595   0.0613   0.0631   0.0649   0.0667   0.0685   0.0703   0.0721   0.0739   0.0757   0.0775   0.0793   0.0811   0.0829   0.0847   0.0865   0.0883   0.0901   0.0919   0.0937   0.0955   0.0973   0.0991   0.1009   0.1027   0.1045   0.1063   0.1081   0.1099   0.1117   0.1135   0.1153   0.1171   0.1189   0.1207   0.1225   0.1243   0.1261   0.1279   0.1297   0.1315   0.1333   0.1351   0.1369   0.1387   0.1405   0.1423   0.1441   0.1459   0.1477   0.1495   0.1514   0.1532    0.155   0.1568   0.1586   0.1604   0.1622    0.164   0.1658   0.1676   0.1694   0.1712    0.173   0.1748   0.1766   0.1784   0.1802    0.182   0.1838   0.1856   0.1874   0.1892    0.191   0.1928   0.1946   0.1964   0.1982      0.2   0.2018   0.2036   0.2054   0.2072    0.209   0.2108   0.2126   0.2144   0.2162    0.218   0.2198   0.2216   0.2234   0.2252    0.227   0.2288   0.2306   0.2324   0.2342    0.236   0.2378   0.2396   0.2414   0.2432    0.245   0.2468   0.2486   0.2505   0.2523   0.2541   0.2559   0.2577   0.2595   0.2613   0.2631   0.2649   0.2667   0.2685   0.2703   0.2721   0.2739   0.2757   0.2775   0.2793   0.2811   0.2829   0.2847   0.2865   0.2883   0.2901   0.2919   0.2937   0.2955   0.2973   0.2991   0.3009   0.3027   0.3045   0.3063   0.3081   0.3099   0.3117   0.3135   0.3153   0.3171   0.3189   0.3207   0.3225   0.3243   0.3261   0.3279   0.3297   0.3315   0.3333   0.3351   0.3369   0.3387   0.3405   0.3423   0.3441   0.3459   0.3477   0.3495   0.3514   0.3532    0.355   0.3568   0.3586   0.3604   0.3622    0.364   0.3658   0.3676   0.3694   0.3712    0.373   0.3748   0.3766   0.3784   0.3802    0.382   0.3838   0.3856   0.3874   0.3892    0.391   0.3928   0.3946   0.3964   0.3982      0.4   0.4018   0.4036   0.4054   0.4072    0.409   0.4108   0.4126   0.4144   0.4162    0.418   0.4198   0.4216   0.4234   0.4252    0.427   0.4288   0.4306   0.4324   0.4342    0.436   0.4378   0.4396   0.4414   0.4432    0.445   0.4468   0.4486   0.4505   0.4523   0.4541   0.4559   0.4577   0.4595   0.4613   0.4631   0.4649   0.4667   0.4685   0.4703   0.4721   0.4739   0.4757   0.4775   0.4793   0.4811   0.4829   0.4847   0.4865   0.4883   0.4901   0.4919   0.4937   0.4955   0.4973   0.4991
    S      0.0   0.1885   0.4069   0.4062    0.171   0.1194   0.7723   0.6028   0.0857   0.4619   0.6478   0.6072   0.3596   0.3244    0.309   0.2389   0.2546   0.0919   0.1663   0.6097   0.5614   0.2517   0.5175   0.8038   0.3968   0.1519   0.1096   0.1203   0.2857    0.735    0.646   0.7148   0.2401   0.2283   0.3749   0.4438   0.3775   0.0369   0.2379   0.2987   0.8739   0.3065   0.2741   0.1183   0.1681   0.1868   0.1583   0.0651   0.2291   0.2199   0.6567   0.1852   0.2621   0.3039   0.2776   0.0758   0.4207   0.1961   0.2698   0.1059   0.2818   0.6324   0.0792    0.351   0.1418   0.4054   0.3644   0.1638    0.097   0.7391   0.1581   0.5814   0.4378   0.0917    0.415   0.3326   0.5014   0.1848   0.4097   0.4402   0.4946    0.484   0.0828   0.2504   0.4852   0.2064   0.4996   0.6481    0.165    0.544   0.5301   0.8469   0.2642   0.1749   0.3466   0.1962   0.3116    0.677   0.0189   0.1885   0.1597   0.4397   0.3311   0.2216   0.1359   0.5204   0.1935   0.4691   0.4791   0.2563   0.3562   0.2231   0.5907    0.377   0.5008   0.1549   0.2721   0.3933   0.1871    0.334   0.2019   0.1198   0.4927   0.3917   0.6254   0.3487   0.4713   0.2333   0.5968   0.6161   0.4479   0.3545   0.3893   0.1414    0.698   0.3249   0.0923   0.0822   0.3848   0.2814   0.1708   0.3003   0.3507   0.4161   0.0652   0.8458   0.0808    0.282   0.4302   0.4546   0.4475   0.2951   0.1947   0.5197   0.3044   0.2964   0.1457    0.024     0.18   0.0996   0.2555   0.1759   0.2324   0.1362   0.1602   0.1154   0.1457   0.0562   0.4522   0.1851   0.3728   0.3225   0.3636   0.7845   0.2916   0.9299   0.0965   0.2111   0.1032   0.5505   0.2631   0.2026   0.2287    0.273   0.2893      1.0    0.188   0.2241   0.5349   0.6937   0.2306   0.5072   0.1077   0.6617   0.1673   0.4461   0.2291   0.4804   0.2611   0.1143   0.5996   0.4186   0.2801   0.1048   0.3975   0.1338   0.4263    0.357   0.1354    0.285   0.6914   0.1285   0.2324   0.2279   0.1999   0.8658   0.4733   0.2166   0.1109   0.0888   0.0859   0.5812   0.3485   0.4358   0.6613   0.0885   0.6128   0.3035   0.3824    0.527   0.0714   0.1246   0.7353   0.2762   0.3386   0.3993   0.0597   0.4258   0.1703   0.4251   0.4353   0.4479   0.0972   0.3998   0.6953   0.2853    0.252   0.1779   0.5211   0.5239   0.1787   0.0626   0.1213   0.2603   0.2119   0.1965   0.1678   0.2391   0.0844    0.183   0.1606   0.3051   0.2142   0.4445   0.3523   0.5271   0.1648   0.8471   0.1652   0.7623   0.4918   0.1237   0.1507    0.143   0.1536   0.2099   0.4038   0.1788
  snr   -19.57
    H     5.44
 exon     True

M: eiip
 freq      0.0   0.0018   0.0036   0.0054   0.0072    0.009   0.0108   0.0126   0.0144   0.0162    0.018   0.0198   0.0216   0.0234   0.0252    0.027   0.0288   0.0306   0.0324   0.0342    0.036   0.0378   0.0396   0.0414   0.0432    0.045   0.0468   0.0486   0.0505   0.0523   0.0541   0.0559   0.0577   0.0595   0.0613   0.0631   0.0649   0.0667   0.0685   0.0703   0.0721   0.0739   0.0757   0.0775   0.0793   0.0811   0.0829   0.0847   0.0865   0.0883   0.0901   0.0919   0.0937   0.0955   0.0973   0.0991   0.1009   0.1027   0.1045   0.1063   0.1081   0.1099   0.1117   0.1135   0.1153   0.1171   0.1189   0.1207   0.1225   0.1243   0.1261   0.1279   0.1297   0.1315   0.1333   0.1351   0.1369   0.1387   0.1405   0.1423   0.1441   0.1459   0.1477   0.1495   0.1514   0.1532    0.155   0.1568   0.1586   0.1604   0.1622    0.164   0.1658   0.1676   0.1694   0.1712    0.173   0.1748   0.1766   0.1784   0.1802    0.182   0.1838   0.1856   0.1874   0.1892    0.191   0.1928   0.1946   0.1964   0.1982      0.2   0.2018   0.2036   0.2054   0.2072    0.209   0.2108   0.2126   0.2144   0.2162    0.218   0.2198   0.2216   0.2234   0.2252    0.227   0.2288   0.2306   0.2324   0.2342    0.236   0.2378   0.2396   0.2414   0.2432    0.245   0.2468   0.2486   0.2505   0.2523   0.2541   0.2559   0.2577   0.2595   0.2613   0.2631   0.2649   0.2667   0.2685   0.2703   0.2721   0.2739   0.2757   0.2775   0.2793   0.2811   0.2829   0.2847   0.2865   0.2883   0.2901   0.2919   0.2937   0.2955   0.2973   0.2991   0.3009   0.3027   0.3045   0.3063   0.3081   0.3099   0.3117   0.3135   0.3153   0.3171   0.3189   0.3207   0.3225   0.3243   0.3261   0.3279   0.3297   0.3315   0.3333   0.3351   0.3369   0.3387   0.3405   0.3423   0.3441   0.3459   0.3477   0.3495   0.3514   0.3532    0.355   0.3568   0.3586   0.3604   0.3622    0.364   0.3658   0.3676   0.3694   0.3712    0.373   0.3748   0.3766   0.3784   0.3802    0.382   0.3838   0.3856   0.3874   0.3892    0.391   0.3928   0.3946   0.3964   0.3982      0.4   0.4018   0.4036   0.4054   0.4072    0.409   0.4108   0.4126   0.4144   0.4162    0.418   0.4198   0.4216   0.4234   0.4252    0.427   0.4288   0.4306   0.4324   0.4342    0.436   0.4378   0.4396   0.4414   0.4432    0.445   0.4468   0.4486   0.4505   0.4523   0.4541   0.4559   0.4577   0.4595   0.4613   0.4631   0.4649   0.4667   0.4685   0.4703   0.4721   0.4739   0.4757   0.4775   0.4793   0.4811   0.4829   0.4847   0.4865   0.4883   0.4901   0.4919   0.4937   0.4955   0.4973   0.4991
    S      0.0   0.1285   0.0753   0.3318   0.0065    0.003   0.3039   0.1919   0.0309   0.2082   0.2276   0.1943   0.0014   0.0678   0.1455   0.1274   0.0724   0.0358   0.0379   0.1314    0.073   0.2114   0.1944   0.4775   0.3399   0.0052   0.0164   0.0501   0.0797   0.3213   0.4804   0.3819   0.0947   0.1669    0.136   0.0758   0.2797   0.0158   0.0439   0.1546   0.6551   0.0545   0.0037   0.0854   0.0867   0.0318   0.1183   0.0142   0.0846   0.1395    0.094   0.0047    0.039   0.1319   0.2373   0.0103   0.0497   0.1237   0.2134   0.0463   0.0081    0.028   0.0309   0.2585   0.0094   0.1643   0.0751   0.0031   0.0367    0.621    0.041   0.4219   0.0908   0.0415   0.0338   0.0441   0.0989   0.0092   0.0421   0.0167   0.2681   0.0001   0.0507    0.009   0.1663   0.0677   0.0578   0.0089   0.0073   0.5421    0.198   0.5587   0.0874   0.0588   0.1347   0.0429   0.1066   0.0281    0.001   0.0051   0.0585   0.2629   0.0038   0.0392   0.0142   0.3772   0.0409   0.1061   0.3692   0.0191   0.1116   0.0042   0.2412   0.1403    0.035   0.0087   0.0178   0.0626   0.0053   0.2063   0.0548   0.0441   0.0178   0.2221   0.1312   0.1529   0.1201   0.0371   0.0961   0.2137   0.1303   0.2299     0.32   0.0674   0.2375   0.0176   0.0243   0.0487   0.2723   0.2808   0.0637   0.1124   0.0359   0.3352   0.0032   0.0165   0.0346   0.0292   0.1686    0.221   0.0884   0.0118   0.0369    0.126   0.0326   0.2888   0.0964   0.0005   0.0096   0.0731   0.0683   0.0469   0.1064   0.0067    0.085   0.0383   0.0629    0.013   0.1441    0.022   0.2777   0.1731     0.27   0.3462   0.1382   0.3006   0.0452   0.1159   0.0456   0.1284   0.1264   0.1394   0.0269   0.1251   0.0062      1.0   0.0649   0.1787   0.2419   0.1026   0.1806   0.0035   0.0954   0.3873   0.0402   0.0468   0.0461   0.1437   0.1381   0.0042   0.1073    0.021   0.1492   0.0524   0.2029   0.0264   0.1549   0.0495   0.0032   0.0394   0.3883   0.0818   0.1251   0.0534   0.0591   0.3598   0.0373   0.1914    0.015   0.0046    0.012   0.2551   0.0367   0.1648   0.0533   0.0475   0.2257   0.2173   0.0232   0.0302   0.0324   0.0546   0.3535     0.13    0.092    0.393   0.0487   0.0112   0.0328   0.2011   0.0605   0.0145   0.0411   0.0771   0.0628   0.0147   0.1207   0.0259   0.1763   0.3729   0.0463   0.0088   0.0405   0.1041   0.0778   0.0418   0.0733   0.1333   0.0481   0.0617   0.0441    0.024   0.0047   0.2373   0.0554    0.213   0.0787     0.07   0.0343   0.0495   0.0465   0.0364   0.0015   0.0261    0.104   0.0077    0.102   0.0138
  snr   -14.92
    H     5.13
 exon     True

M: qpsk
 freq      0.0   0.0018   0.0036   0.0054   0.0072    0.009   0.0108   0.0126   0.0144   0.0162    0.018   0.0198   0.0216   0.0234   0.0252    0.027   0.0288   0.0306   0.0324   0.0342    0.036   0.0378   0.0396   0.0414   0.0432    0.045   0.0468   0.0486   0.0505   0.0523   0.0541   0.0559   0.0577   0.0595   0.0613   0.0631   0.0649   0.0667   0.0685   0.0703   0.0721   0.0739   0.0757   0.0775   0.0793   0.0811   0.0829   0.0847   0.0865   0.0883   0.0901   0.0919   0.0937   0.0955   0.0973   0.0991   0.1009   0.1027   0.1045   0.1063   0.1081   0.1099   0.1117   0.1135   0.1153   0.1171   0.1189   0.1207   0.1225   0.1243   0.1261   0.1279   0.1297   0.1315   0.1333   0.1351   0.1369   0.1387   0.1405   0.1423   0.1441   0.1459   0.1477   0.1495   0.1514   0.1532    0.155   0.1568   0.1586   0.1604   0.1622    0.164   0.1658   0.1676   0.1694   0.1712    0.173   0.1748   0.1766   0.1784   0.1802    0.182   0.1838   0.1856   0.1874   0.1892    0.191   0.1928   0.1946   0.1964   0.1982      0.2   0.2018   0.2036   0.2054   0.2072    0.209   0.2108   0.2126   0.2144   0.2162    0.218   0.2198   0.2216   0.2234   0.2252    0.227   0.2288   0.2306   0.2324   0.2342    0.236   0.2378   0.2396   0.2414   0.2432    0.245   0.2468   0.2486   0.2505   0.2523   0.2541   0.2559   0.2577   0.2595   0.2613   0.2631   0.2649   0.2667   0.2685   0.2703   0.2721   0.2739   0.2757   0.2775   0.2793   0.2811   0.2829   0.2847   0.2865   0.2883   0.2901   0.2919   0.2937   0.2955   0.2973   0.2991   0.3009   0.3027   0.3045   0.3063   0.3081   0.3099   0.3117   0.3135   0.3153   0.3171   0.3189   0.3207   0.3225   0.3243   0.3261   0.3279   0.3297   0.3315   0.3333   0.3351   0.3369   0.3387   0.3405   0.3423   0.3441   0.3459   0.3477   0.3495   0.3514   0.3532    0.355   0.3568   0.3586   0.3604   0.3622    0.364   0.3658   0.3676   0.3694   0.3712    0.373   0.3748   0.3766   0.3784   0.3802    0.382   0.3838   0.3856   0.3874   0.3892    0.391   0.3928   0.3946   0.3964   0.3982      0.4   0.4018   0.4036   0.4054   0.4072    0.409   0.4108   0.4126   0.4144   0.4162    0.418   0.4198   0.4216   0.4234   0.4252    0.427   0.4288   0.4306   0.4324   0.4342    0.436   0.4378   0.4396   0.4414   0.4432    0.445   0.4468   0.4486   0.4505   0.4523   0.4541   0.4559   0.4577   0.4595   0.4613   0.4631   0.4649   0.4667   0.4685   0.4703   0.4721   0.4739   0.4757   0.4775   0.4793   0.4811   0.4829   0.4847   0.4865   0.4883   0.4901   0.4919   0.4937   0.4955   0.4973   0.4991
    S      0.0   0.1434   0.4529   0.3262   0.0796   0.0596    0.322   0.6654   0.0203   0.4831   0.5373   0.6607   0.1694   0.2693   0.2529   0.2631   0.2358   0.0925   0.0834   0.4921   0.1301   0.2601   0.2232   0.5075   0.3402   0.1059   0.0989   0.0998   0.3148   0.6329   0.2556   0.5169   0.2401   0.1208   0.4098   0.3979   0.2247   0.0202    0.114   0.3253   0.8138   0.0939   0.1295   0.0885    0.182   0.0383   0.1594   0.0683   0.1849   0.0846   0.3746   0.0375   0.2165   0.1701   0.1794    0.058   0.2256   0.2165   0.2801   0.1138   0.1386   0.6455   0.0592   0.3928   0.1364   0.4109   0.3317   0.1605   0.0919   0.4455   0.0757   0.6422   0.1836   0.1025   0.2526   0.2919   0.2689   0.1978   0.2954   0.4535   0.5235   0.2182   0.0938   0.1245   0.4601   0.1874   0.3957   0.5892   0.1144    0.437   0.5076   0.7917    0.267   0.0676   0.2481    0.016   0.0783   0.4233   0.0141   0.1004   0.1499   0.2537   0.1804   0.1183    0.048   0.4761   0.1712   0.3105   0.4442   0.2646   0.3505   0.1674   0.2382   0.3942   0.4305   0.1107   0.1287   0.2921   0.1495   0.3451   0.0077   0.1324   0.2794   0.3517    0.432   0.2789   0.3304   0.1302   0.5855   0.5323   0.1463   0.2997   0.3905    0.111   0.6537   0.1835   0.1008   0.0872   0.4245   0.2071   0.1467   0.1536   0.2482   0.3076    0.071   0.5632   0.0843   0.2743    0.465   0.4792   0.4744   0.1993   0.1506   0.5238   0.2098   0.2737   0.1537   0.0161   0.1849     0.07   0.2881    0.059   0.2491   0.0535   0.1027   0.0983   0.0842   0.0589   0.4039   0.1699   0.3231   0.3644   0.3453   0.6851   0.2873      1.0      0.1   0.2048    0.102   0.0935   0.2171   0.0434   0.1758   0.1164   0.2652   0.8777   0.1439   0.2325    0.279   0.2661   0.1595   0.2786   0.0968   0.6122   0.1132   0.3237   0.1573   0.2965   0.1478    0.109   0.2463   0.2679   0.1653   0.0664   0.2232   0.1474   0.4315   0.0496   0.1292   0.2158   0.7204   0.0815   0.2604   0.1911   0.1103   0.9529   0.3523   0.2054   0.1145   0.0299   0.0876   0.5927   0.3815   0.4434   0.2638   0.0777   0.5724   0.2015   0.3083   0.3683   0.0214   0.0976   0.7016    0.024   0.1407   0.4022   0.0508   0.3609   0.1307   0.4478   0.1243   0.2187   0.0396   0.0928   0.3661   0.1143   0.1452   0.2006   0.5704   0.1986   0.1857   0.0132   0.1223   0.2791   0.1907   0.1342   0.1716   0.1817   0.0714   0.0699   0.1467   0.3157   0.1542     0.15   0.3069   0.1153   0.1736   0.5502   0.1823   0.4514   0.3111   0.0628   0.1305   0.1002    0.156   0.0573   0.2565   0.0886
  snr   -18.35
    H     5.38
 exon     True

M: mem
 freq      0.0   0.0018   0.0036   0.0054   0.0072    0.009   0.0108   0.0126   0.0144   0.0162   0.0181   0.0199   0.0217   0.0235   0.0253   0.0271   0.0289   0.0307   0.0325   0.0343   0.0361   0.0379   0.0397   0.0415   0.0433   0.0451   0.0469   0.0487   0.0505   0.0523   0.0542    0.056   0.0578   0.0596   0.0614   0.0632    0.065   0.0668   0.0686   0.0704   0.0722    0.074   0.0758   0.0776   0.0794   0.0812    0.083   0.0848   0.0866   0.0884   0.0903   0.0921   0.0939   0.0957   0.0975   0.0993   0.1011   0.1029   0.1047   0.1065   0.1083   0.1101   0.1119   0.1137   0.1155   0.1173   0.1191   0.1209   0.1227   0.1245   0.1264   0.1282     0.13   0.1318   0.1336   0.1354   0.1372    0.139   0.1408   0.1426   0.1444   0.1462    0.148   0.1498   0.1516   0.1534   0.1552    0.157   0.1588   0.1606   0.1625   0.1643   0.1661   0.1679   0.1697   0.1715   0.1733   0.1751   0.1769   0.1787   0.1805   0.1823   0.1841   0.1859   0.1877   0.1895   0.1913   0.1931   0.1949   0.1968   0.1986   0.2004   0.2022    0.204   0.2058   0.2076   0.2094   0.2112    0.213   0.2148   0.2166   0.2184   0.2202    0.222   0.2238   0.2256   0.2274   0.2292    0.231   0.2329   0.2347   0.2365   0.2383   0.2401   0.2419   0.2437   0.2455   0.2473   0.2491   0.2509   0.2527   0.2545   0.2563   0.2581   0.2599   0.2617   0.2635   0.2653   0.2671    0.269   0.2708   0.2726   0.2744   0.2762    0.278   0.2798   0.2816   0.2834   0.2852    0.287   0.2888   0.2906   0.2924   0.2942    0.296   0.2978   0.2996   0.3014   0.3032   0.3051   0.3069   0.3087   0.3105   0.3123   0.3141   0.3159   0.3177   0.3195   0.3213   0.3231   0.3249   0.3267   0.3285   0.3303   0.3321   0.3339   0.3357   0.3375   0.3394   0.3412    0.343   0.3448   0.3466   0.3484   0.3502    0.352   0.3538   0.3556   0.3574   0.3592    0.361   0.3628   0.3646   0.3664   0.3682     0.37   0.3718   0.3736   0.3755   0.3773   0.3791   0.3809   0.3827   0.3845   0.3863   0.3881   0.3899   0.3917   0.3935   0.3953   0.3971   0.3989   0.4007   0.4025   0.4043   0.4061   0.4079   0.4097   0.4116   0.4134   0.4152    0.417   0.4188   0.4206   0.4224   0.4242    0.426   0.4278   0.4296   0.4314   0.4332    0.435   0.4368   0.4386   0.4404   0.4422    0.444   0.4458   0.4477   0.4495   0.4513   0.4531   0.4549   0.4567   0.4585   0.4603   0.4621   0.4639   0.4657   0.4675   0.4693   0.4711   0.4729   0.4747   0.4765   0.4783   0.4801   0.4819   0.4838   0.4856   0.4874   0.4892    0.491   0.4928   0.4946   0.4964   0.4982
    S      0.0   0.0937   0.1788   0.2071   0.0447   0.0617      1.0   0.0772   0.0346    0.151   0.2025   0.0017   0.0445   0.0785   0.0797   0.0811   0.0171   0.0701   0.1319   0.0497   0.3281   0.3305   0.0813   0.9906   0.4111   0.0176   0.0013   0.1165   0.3657   0.2246   0.6862   0.1976   0.1558   0.1386   0.1812   0.1382   0.4544   0.0744   0.0668   0.0243   0.6889   0.2363   0.0042   0.1097   0.0183   0.0949    0.092   0.0069   0.3617   0.1011   0.1265   0.0367   0.0182   0.2509   0.1805   0.0082   0.2096   0.0239   0.1752   0.0001   0.0314   0.1832   0.0219   0.2226   0.1113   0.1744   0.1118   0.0296   0.0045   0.6136   0.0019   0.1943   0.1421   0.0171   0.2305   0.0183   0.2184   0.1331    0.035   0.4595   0.2299   0.0905   0.0066   0.0007   0.1065   0.0628   0.1321   0.2571   0.1391   0.5514   0.2005   0.6861   0.4155   0.0811   0.1365   0.0788   0.1175   0.0994   0.0005   0.0736   0.0296   0.5428   0.0989   0.3026   0.1122   0.5109   0.1173   0.2298   0.3723   0.1063   0.3647   0.1038    0.416   0.2725    0.053   0.0217   0.1807   0.1505   0.0603   0.2945   0.2004   0.0448   0.0403   0.0351   0.2952   0.4048   0.1711     0.03   0.0069   0.0733   0.3545   0.3096     0.24   0.0069   0.6334   0.0768   0.0236   0.1397   0.4227   0.0859   0.0204   0.3631   0.0572   0.6078   0.0164   0.2463   0.0092   0.3611   0.2127   0.1596   0.2701   0.0519   0.2903   0.0355    0.036   0.2757   0.0942   0.0631   0.0436   0.1258   0.1169   0.0803   0.5004   0.0093   0.0439   0.3184   0.0661   0.0175   0.1306   0.2489   0.0975   0.0586   0.1085   0.1595   0.2912   0.3279   0.0846   0.0731    0.486   0.0904     0.09    0.176   0.3255   0.0642   0.1203   0.7075   0.1047   0.4832   0.1531   0.6776   0.4002   0.2504    0.772   0.0157   0.1192    0.001   0.2642   0.2455   0.2775    0.153   0.2582   0.0105   0.3499    0.247   0.4901   0.0678   0.0678   0.0109   0.0908   0.3385   0.4494    0.096   0.2724   0.0725   0.0943   0.1183   0.1729   0.1851   0.0524   0.0655   0.0375   0.1556    0.018   0.6607   0.0817   0.1207   0.0404   0.4709   0.0775   0.0843   0.1007   0.0592   0.2537   0.0763   0.4983   0.0465   0.0887   0.1424   0.1676   0.0736   0.2172   0.0903   0.0677   0.0199   0.0162   0.1719   0.1008   0.0368    0.065   0.2275   0.0202   0.0947   0.1983   0.1429    0.014   0.1008   0.0924   0.2162   0.0411   0.0275   0.0172   0.1069   0.1798   0.5028   0.4299   0.1916   0.0156   0.0055   0.0002   0.0186   0.0752   0.2898   0.0436    0.032   0.0384   0.3463   0.2125
  snr   -16.72
    H     5.18
 exon    False

M: tbpse
 freq      0.0   0.0018   0.0036   0.0054   0.0072    0.009   0.0108   0.0126   0.0144   0.0162    0.018   0.0198   0.0216   0.0234   0.0252    0.027   0.0288   0.0306   0.0324   0.0342    0.036   0.0378   0.0396   0.0414   0.0432    0.045   0.0468   0.0486   0.0505   0.0523   0.0541   0.0559   0.0577   0.0595   0.0613   0.0631   0.0649   0.0667   0.0685   0.0703   0.0721   0.0739   0.0757   0.0775   0.0793   0.0811   0.0829   0.0847   0.0865   0.0883   0.0901   0.0919   0.0937   0.0955   0.0973   0.0991   0.1009   0.1027   0.1045   0.1063   0.1081   0.1099   0.1117   0.1135   0.1153   0.1171   0.1189   0.1207   0.1225   0.1243   0.1261   0.1279   0.1297   0.1315   0.1333   0.1351   0.1369   0.1387   0.1405   0.1423   0.1441   0.1459   0.1477   0.1495   0.1514   0.1532    0.155   0.1568   0.1586   0.1604   0.1622    0.164   0.1658   0.1676   0.1694   0.1712    0.173   0.1748   0.1766   0.1784   0.1802    0.182   0.1838   0.1856   0.1874   0.1892    0.191   0.1928   0.1946   0.1964   0.1982      0.2   0.2018   0.2036   0.2054   0.2072    0.209   0.2108   0.2126   0.2144   0.2162    0.218   0.2198   0.2216   0.2234   0.2252    0.227   0.2288   0.2306   0.2324   0.2342    0.236   0.2378   0.2396   0.2414   0.2432    0.245   0.2468   0.2486   0.2505   0.2523   0.2541   0.2559   0.2577   0.2595   0.2613   0.2631   0.2649   0.2667   0.2685   0.2703   0.2721   0.2739   0.2757   0.2775   0.2793   0.2811   0.2829   0.2847   0.2865   0.2883   0.2901   0.2919   0.2937   0.2955   0.2973   0.2991   0.3009   0.3027   0.3045   0.3063   0.3081   0.3099   0.3117   0.3135   0.3153   0.3171   0.3189   0.3207   0.3225   0.3243   0.3261   0.3279   0.3297   0.3315   0.3333   0.3351   0.3369   0.3387   0.3405   0.3423   0.3441   0.3459   0.3477   0.3495   0.3514   0.3532    0.355   0.3568   0.3586   0.3604   0.3622    0.364   0.3658   0.3676   0.3694   0.3712    0.373   0.3748   0.3766   0.3784   0.3802    0.382   0.3838   0.3856   0.3874   0.3892    0.391   0.3928   0.3946   0.3964   0.3982      0.4   0.4018   0.4036   0.4054   0.4072    0.409   0.4108   0.4126   0.4144   0.4162    0.418   0.4198   0.4216   0.4234   0.4252    0.427   0.4288   0.4306   0.4324   0.4342    0.436   0.4378   0.4396   0.4414   0.4432    0.445   0.4468   0.4486   0.4505   0.4523   0.4541   0.4559   0.4577   0.4595   0.4613   0.4631   0.4649   0.4667   0.4685   0.4703   0.4721   0.4739   0.4757   0.4775   0.4793   0.4811   0.4829   0.4847   0.4865   0.4883   0.4901   0.4919   0.4937   0.4955   0.4973   0.4991
    S      0.0    0.136   0.1096   0.3416   0.0048   0.0042   0.2304   0.2662   0.0301   0.2099   0.2579   0.2905   0.0066   0.0664   0.1508   0.1409    0.104   0.0343   0.0338   0.1868   0.0565   0.1936   0.2216   0.3796    0.317   0.0184   0.0297   0.0397    0.052   0.3341   0.4129   0.4204   0.0795   0.1619   0.1362   0.0579    0.248   0.0129   0.0559   0.1889   0.5866   0.0439   0.0067   0.0833   0.1005   0.0313    0.121   0.0215   0.0554   0.1367   0.0937   0.0057    0.065   0.1104   0.2332   0.0175   0.0645   0.1382    0.209   0.0597    0.018   0.0969   0.0307   0.2624   0.0235   0.1599   0.0779   0.0192   0.0506   0.5959   0.0494    0.478   0.0983   0.0478   0.0274   0.0817   0.0823   0.0114   0.0573   0.0175   0.2554   0.0122   0.0594   0.0155   0.1685   0.0661    0.068   0.0642   0.0092    0.545   0.1503    0.541   0.0596   0.0421   0.1194   0.0408    0.109   0.0217   0.0019   0.0049   0.0763   0.2156   0.0144   0.0253   0.0101   0.3172   0.0419   0.1158   0.3452    0.048   0.0848   0.0115   0.1904   0.1108   0.0859    0.006   0.0237   0.0615    0.004   0.1851   0.0473   0.0345   0.0186   0.2545   0.1281   0.1218   0.1278   0.0402   0.1597    0.269   0.0944   0.2577   0.2718   0.0778   0.2011   0.0259   0.0309   0.0472   0.2363   0.2735    0.069   0.0818   0.0504   0.3093   0.0015   0.0502   0.0252    0.038   0.1315   0.2399   0.0842   0.0239   0.0227   0.1564   0.0596   0.2886   0.0953   0.0008   0.0183   0.0677   0.0634   0.0384   0.0974   0.0069   0.0875   0.0244   0.0675   0.0094   0.1365   0.0259   0.2562    0.134   0.2498   0.3635   0.1057   0.3759   0.0603   0.1182   0.0322   0.1065   0.1512   0.1306   0.0186   0.0939   0.0061      1.0   0.0636   0.1639   0.1737    0.071     0.18   0.0031   0.0967   0.3418    0.037   0.0336   0.0321   0.1491   0.1129   0.0031   0.0961   0.0264   0.1152   0.0442   0.1542   0.0252   0.1784   0.0471   0.0121   0.0688   0.2968   0.0723   0.1303   0.0623   0.0492   0.4461   0.0832    0.162   0.0242   0.0063   0.0193   0.3292   0.0264   0.1309   0.0402   0.0385    0.264   0.2111   0.0296   0.0631   0.0252    0.063   0.3865   0.1197     0.09   0.3935   0.0531   0.0086   0.0347   0.2089   0.0483   0.0265   0.0386   0.0815   0.0793   0.0124   0.1069   0.0461   0.2565   0.3631   0.0736   0.0069   0.0459   0.1337    0.083   0.0363   0.0706   0.1258   0.0455   0.0498    0.059   0.0488   0.0144   0.1864   0.0319   0.1842   0.0952   0.1055   0.0612   0.0916   0.0749   0.0284   0.0024   0.0292   0.1211   0.0118   0.0655   0.0176
  snr   -14.94
    H     5.16
 exon     True

M: snrse
 freq      0.0   0.0018   0.0036   0.0054   0.0072    0.009   0.0108   0.0126   0.0144   0.0162    0.018   0.0198   0.0216   0.0234   0.0252    0.027   0.0288   0.0306   0.0324   0.0342    0.036   0.0378   0.0396   0.0414   0.0432    0.045   0.0468   0.0486   0.0505   0.0523   0.0541   0.0559   0.0577   0.0595   0.0613   0.0631   0.0649   0.0667   0.0685   0.0703   0.0721   0.0739   0.0757   0.0775   0.0793   0.0811   0.0829   0.0847   0.0865   0.0883   0.0901   0.0919   0.0937   0.0955   0.0973   0.0991   0.1009   0.1027   0.1045   0.1063   0.1081   0.1099   0.1117   0.1135   0.1153   0.1171   0.1189   0.1207   0.1225   0.1243   0.1261   0.1279   0.1297   0.1315   0.1333   0.1351   0.1369   0.1387   0.1405   0.1423   0.1441   0.1459   0.1477   0.1495   0.1514   0.1532    0.155   0.1568   0.1586   0.1604   0.1622    0.164   0.1658   0.1676   0.1694   0.1712    0.173   0.1748   0.1766   0.1784   0.1802    0.182   0.1838   0.1856   0.1874   0.1892    0.191   0.1928   0.1946   0.1964   0.1982      0.2   0.2018   0.2036   0.2054   0.2072    0.209   0.2108   0.2126   0.2144   0.2162    0.218   0.2198   0.2216   0.2234   0.2252    0.227   0.2288   0.2306   0.2324   0.2342    0.236   0.2378   0.2396   0.2414   0.2432    0.245   0.2468   0.2486   0.2505   0.2523   0.2541   0.2559   0.2577   0.2595   0.2613   0.2631   0.2649   0.2667   0.2685   0.2703   0.2721   0.2739   0.2757   0.2775   0.2793   0.2811   0.2829   0.2847   0.2865   0.2883   0.2901   0.2919   0.2937   0.2955   0.2973   0.2991   0.3009   0.3027   0.3045   0.3063   0.3081   0.3099   0.3117   0.3135   0.3153   0.3171   0.3189   0.3207   0.3225   0.3243   0.3261   0.3279   0.3297   0.3315   0.3333   0.3351   0.3369   0.3387   0.3405   0.3423   0.3441   0.3459   0.3477   0.3495   0.3514   0.3532    0.355   0.3568   0.3586   0.3604   0.3622    0.364   0.3658   0.3676   0.3694   0.3712    0.373   0.3748   0.3766   0.3784   0.3802    0.382   0.3838   0.3856   0.3874   0.3892    0.391   0.3928   0.3946   0.3964   0.3982      0.4   0.4018   0.4036   0.4054   0.4072    0.409   0.4108   0.4126   0.4144   0.4162    0.418   0.4198   0.4216   0.4234   0.4252    0.427   0.4288   0.4306   0.4324   0.4342    0.436   0.4378   0.4396   0.4414   0.4432    0.445   0.4468   0.4486   0.4505   0.4523   0.4541   0.4559   0.4577   0.4595   0.4613   0.4631   0.4649   0.4667   0.4685   0.4703   0.4721   0.4739   0.4757   0.4775   0.4793   0.4811   0.4829   0.4847   0.4865   0.4883   0.4901   0.4919   0.4937   0.4955   0.4973   0.4991
    S      0.0   0.1442   0.1029    0.341    0.009   0.0009   0.2274   0.2387   0.0349   0.1773    0.299   0.2596   0.0065   0.0621   0.1363   0.1297   0.0911   0.0277   0.0304   0.1462   0.0616   0.1789   0.2786   0.3579   0.3154   0.0096   0.0228   0.0336   0.0413   0.3144   0.4262   0.4148   0.0636   0.1683   0.1211   0.0455   0.2552    0.012    0.071   0.1727   0.5599   0.0407   0.0246   0.0817   0.0871   0.0355   0.1149   0.0186   0.0465   0.1535   0.0769   0.0057   0.0466   0.1054   0.2398   0.0128    0.053   0.1235    0.194   0.0522   0.0291   0.0744   0.0275   0.2367   0.0169   0.1311   0.0601   0.0147   0.0571   0.6323   0.0673   0.4628   0.0917   0.0446   0.0299    0.061    0.077   0.0081   0.0416   0.0127   0.2321   0.0087   0.0548   0.0318   0.1314   0.0515   0.0459    0.036   0.0048   0.5573   0.1244   0.4896   0.0487   0.0424   0.1044   0.0574    0.131   0.0178   0.0014   0.0038   0.0837   0.2198   0.0144   0.0221   0.0083   0.3026   0.0301   0.1479   0.3202   0.0548   0.0654   0.0146   0.2079   0.0915   0.0825   0.0053   0.0134   0.0812   0.0041   0.1685   0.0601   0.0274   0.0142    0.246    0.098   0.1088   0.1099   0.0345   0.1576   0.2337   0.1006   0.2571   0.2501   0.0746   0.2061   0.0146   0.0279   0.0404   0.2121   0.2804   0.0588   0.0811   0.0449   0.3026   0.0017   0.0776   0.0217   0.0272   0.1121   0.2016   0.0637   0.0142   0.0183   0.1734   0.0442   0.2874   0.0897   0.0016   0.0261   0.0706    0.057   0.0461   0.0852   0.0032   0.0965   0.0198   0.0667   0.0073   0.1061   0.0294   0.2394   0.1123   0.2319   0.3112   0.0947    0.323    0.064   0.1034    0.028   0.1373   0.1478   0.1482   0.0107   0.0936   0.0109      1.0   0.0526   0.1543   0.1669   0.0575   0.1826   0.0131   0.0978   0.3033   0.0343   0.0304   0.0277    0.131   0.1169    0.002   0.0819   0.0485   0.1102   0.0427   0.1538   0.0245   0.1473   0.0721   0.0107   0.0555   0.2562    0.072   0.1147   0.0598   0.0562   0.3953   0.0563   0.1511   0.0254    0.011   0.0237   0.3003    0.026    0.119   0.0251   0.0342   0.2185   0.2257   0.0133   0.0923   0.0261   0.0587   0.3355   0.1441   0.0852   0.3806   0.0557   0.0132   0.0448    0.174    0.044   0.0313   0.0458   0.1227   0.1037   0.0255   0.1002   0.0471   0.2418   0.4089   0.0643   0.0093   0.0465   0.1369   0.0699   0.0365   0.0599   0.1147   0.0415   0.0573   0.0522   0.0538   0.0245   0.1959   0.0243   0.2094   0.0846   0.1123    0.059   0.0547   0.0527   0.0308    0.004   0.0306   0.1243   0.0133   0.0549   0.0325
  snr   -14.74
    H     5.16
 exon     True