>YOL127W
N: 429
Methods: voss, eiip, qpsk, mem, tbpse, snrse

M: voss
 freq      0.0   0.0023   0.0047    0.007   0.0093   0.0117    0.014   0.0163   0.0186    0.021   0.0233   0.0256    0.028   0.0303   0.0326    0.035   0.0373   0.0396    0.042   0.0443   0.0466    0.049   0.0513   0.0536   0.0559   0.0583   0.0606   0.0629   0.0653   0.0676   0.0699   0.0723   0.0746   0.0769   0.0793   0.0816   0.0839   0.0862   0.0886   0.0909   0.0932   0.0956   0.0979   0.1002   0.1026   0.1049   0.1072   0.1096   0.1119   0.1142   0.1166   0.1189   0.1212   0.1235   0.1259   0.1282   0.1305   0.1329   0.1352   0.1375   0.1399   0.1422   0.1445   0.1469   0.1492   0.1515   0.1538   0.1562   0.1585   0.1608   0.1632   0.1655   0.1678   0.1702   0.1725   0.1748   0.1772   0.1795   0.1818   0.1841   0.1865   0.1888   0.1911   0.1935   0.1958   0.1981   0.2005   0.2028   0.2051   0.2075   0.2098   0.2121   0.2145   0.2168   0.2191   0.2214   0.2238   0.2261   0.2284   0.2308   0.2331   0.2354   0.2378   0.2401   0.2424   0.2448   0.2471   0.2494   0.2517   0.2541   0.2564   0.2587   0.2611   0.2634   0.2657   0.2681   0.2704   0.2727   0.2751   0.2774   0.2797   0.2821   0.2844   0.2867    0.289   0.2914   0.2937    0.296   0.2984   0.3007    0.303   0.3054   0.3077     0.31   0.3124   0.3147    0.317   0.3193   0.3217    0.324   0.3263   0.3287    0.331   0.3333   0.3357    0.338   0.3403   0.3427    0.345   0.3473   0.3497    0.352   0.3543   0.3566    0.359   0.3613   0.3636    0.366   0.3683   0.3706    0.373   0.3753   0.3776     0.38   0.3823   0.3846   0.3869   0.3893   0.3916   0.3939   0.3963   0.3986   0.4009   0.4033   0.4056   0.4079   0.4103   0.4126   0.4149   0.4172   0.4196   0.4219   0.4242   0.4266   0.4289   0.4312   0.4336   0.4359   0.4382   0.4406   0.4429   0.4452   0.4476   0.4499   0.4522   0.4545   0.4569   0.4592   0.4615   0.4639   0.4662   0.4685   0.4709   0.4732   0.4755   0.4779   0.4802   0.4825   0.4848   0.4872   0.4895   0.4918   0.4942   0.4965   0.4988
    S      0.0   0.0731   0.0329   0.0557   0.0251   0.2208   0.0852    0.184   0.0692   0.0878   0.0497   0.0384    0.087   0.0564   0.0638   0.0608   0.0506   0.1342   0.0593   0.0416   0.0498      0.1     0.06   0.0963   0.0684   0.1182   0.1299   0.0731   0.0727   0.3101   0.0908   0.0225   0.1774    0.053   0.1563   0.0504   0.1404   0.1209   0.1097   0.1147   0.2016   0.1712   0.1155   0.0831   0.1577   0.1025   0.1523   0.2758   0.1526   0.2477   0.0383   0.2215   0.1539   0.1928   0.1405   0.1608   0.1535   0.0155   0.2116   0.0776   0.1735   0.0666   0.0724    0.155    0.081   0.1078   0.2216    0.076   0.0571   0.0765   0.0753   0.2915   0.1525   0.1458   0.0817   0.2056   0.0735   0.0589   0.3017   0.0307   0.1564   0.0797   0.1267   0.1604   0.1505    0.075   0.0752   0.2575    0.078    0.204   0.0693   0.0631   0.3094   0.1135   0.0997   0.1999   0.1828   0.1064   0.0779   0.2143   0.0374   0.0884   0.3588   0.1074   0.0541   0.0671   0.1488   0.1886    0.142   0.1512   0.0936   0.1361   0.1308   0.1094    0.066   0.0959   0.1366   0.1343   0.2468    0.115   0.1774   0.1678   0.0879   0.0896   0.2464    0.053   0.1097   0.1741    0.076   0.1788   0.0815   0.2688   0.0934   0.0123   0.0772   0.0895   0.1899   0.1495   0.1477   0.1741   0.0329   0.0124   0.1539      1.0   0.2046   0.1256   0.0821   0.0913   0.1053   0.0576   0.0972   0.0431   0.0109   0.1958   0.0408   0.1884   0.0241    0.158   0.0582   0.0293    0.106   0.1669   0.0198   0.0868   0.0908   0.0885   0.2604   0.0634    0.074   0.0387    0.028   0.0418   0.1492   0.1424   0.0339   0.1528   0.0309   0.1189   0.0876    0.093   0.0362   0.0547   0.1034   0.0738   0.0884   0.0445   0.1424   0.0855   0.0621   0.1158   0.0461   0.0612   0.0855   0.0994   0.0635   0.0589   0.0372   0.0187   0.1218   0.2188   0.1147   0.0261   0.0589   0.0977   0.0073   0.0913   0.0569   0.0413   0.1136    0.052   0.1137   0.1002     0.07   0.0179   0.1275
  snr    -13.7
    H     5.15
 exon     True

M: eiip
 freq      0.0   0.0023   0.0047    0.007   0.0093   0.0117    0.014   0.0163   0.0186    0.021   0.0233   0.0256    0.028   0.0303   0.0326    0.035   0.0373   0.0396    0.042   0.0443   0.0466    0.049   0.0513   0.0536   0.0559   0.0583   0.0606   0.0629   0.0653   0.0676   0.0699   0.0723   0.0746   0.0769   0.0793   0.0816   0.0839   0.0862   0.0886   0.0909   0.0932   0.0956   0.0979   0.1002   0.1026   0.1049   0.1072   0.1096   0.1119   0.1142   0.1166   0.1189   0.1212   0.1235   0.1259   0.1282   0.1305   0.1329   0.1352   0.1375   0.1399   0.1422   0.1445   0.1469   0.1492   0.1515   0.1538   0.1562   0.1585   0.1608   0.1632   0.1655   0.1678   0.1702   0.1725   0.1748   0.1772   0.1795   0.1818   0.1841   0.1865   0.1888   0.1911   0.1935   0.1958   0.1981   0.2005   0.2028   0.2051   0.2075   0.2098   0.2121   0.2145   0.2168   0.2191   0.2214   0.2238   0.2261   0.2284   0.2308   0.2331   0.2354   0.2378   0.2401   0.2424   0.2448   0.2471   0.2494   0.2517   0.2541   0.2564   0.2587   0.2611   0.2634   0.2657   0.2681   0.2704   0.2727   0.2751   0.2774   0.2797   0.2821   0.2844   0.2867    0.289   0.2914   0.2937    0.296   0.2984   0.3007    0.303   0.3054   0.3077     0.31   0.3124   0.3147    0.317   0.3193   0.3217    0.324   0.3263   0.3287    0.331   0.3333   0.3357    0.338   0.3403   0.3427    0.345   0.3473   0.3497    0.352   0.3543   0.3566    0.359   0.3613   0.3636    0.366   0.3683   0.3706    0.373   0.3753   0.3776     0.38   0.3823   0.3846   0.3869   0.3893   0.3916   0.3939   0.3963   0.3986   0.4009   0.4033   0.4056   0.4079   0.4103   0.4126   0.4149   0.4172   0.4196   0.4219   0.4242   0.4266   0.4289   0.4312   0.4336   0.4359   0.4382   0.4406   0.4429   0.4452   0.4476   0.4499   0.4522   0.4545   0.4569   0.4592   0.4615   0.4639   0.4662   0.4685   0.4709   0.4732   0.4755   0.4779   0.4802   0.4825   0.4848   0.4872   0.4895   0.4918   0.4942   0.4965   0.4988
    S      0.0   0.0278   0.0129    0.061   0.0063   0.1256   0.0033   0.0865   0.0738   0.0414   0.0061   0.0355   0.0779   0.0206   0.0228   0.0239   0.0082   0.0745   0.0456   0.0093   0.0551   0.0466   0.0247   0.0481   0.0318   0.0169   0.0246   0.0004   0.0586   0.1129   0.0192   0.0022   0.0576   0.0782   0.0617   0.0182   0.2085   0.0621   0.0155   0.0484   0.1205   0.1536   0.0421   0.0123   0.1127    0.046   0.0306   0.1105   0.1375   0.0136   0.0016   0.1139   0.0476    0.073   0.1304   0.1492   0.0549    0.018   0.0653    0.009   0.0769   0.0023   0.0781   0.0814    0.062   0.0621   0.1285   0.0712   0.0125   0.1081   0.0339   0.0871   0.0846   0.0307   0.0586   0.1066   0.0222   0.0001   0.1011   0.0075   0.0889   0.1273   0.0168    0.166   0.0053   0.0062   0.0224   0.2935   0.0861   0.0132    0.068   0.0523    0.076   0.0182   0.1623   0.1518   0.0924   0.0244   0.1157    0.072   0.0009   0.0614   0.3396   0.0228   0.0776   0.0577   0.0489   0.1587   0.1047    0.143   0.1128   0.0456   0.0998   0.0582   0.0004   0.0096     0.06   0.0866   0.2787   0.0276   0.0321   0.1932      0.1    0.057   0.1944   0.0224   0.0117   0.1148   0.0284   0.0015   0.0058   0.2755   0.0523   0.0208   0.0314   0.1287   0.0948   0.0485   0.2115   0.0233    0.009   0.0093   0.0707      1.0   0.0135   0.0802   0.0268   0.0002   0.0292   0.0425   0.0152   0.0199   0.0067   0.0705   0.0054    0.219   0.0137   0.0186   0.0166   0.0239   0.0773   0.0174   0.0297   0.1149   0.1043    0.026   0.0301   0.0248   0.0268   0.0135   0.0306   0.0216   0.0164   0.1279   0.0113   0.0642   0.0065   0.1176   0.1048   0.0087   0.0138   0.0105    0.016   0.0128   0.0049   0.0182   0.0238   0.0499    0.007   0.0352   0.0061   0.0044   0.0495   0.0319   0.0107   0.0134   0.0579   0.0089   0.0349   0.0237   0.0602   0.0345   0.0036   0.0405    0.001    0.009   0.0154   0.0473    0.001   0.0156   0.1164   0.0565   0.0624   0.0142   0.0972
  snr   -10.86
    H     4.82
 exon     True

M: qpsk
 freq      0.0   0.0023   0.0047    0.007   0.0093   0.0117    0.014   0.0163   0.0186    0.021   0.0233   0.0256    0.028   0.0303   0.0326    0.035   0.0373   0.0396    0.042   0.0443   0.0466    0.049   0.0513   0.0536   0.0559   0.0583   0.0606   0.0629   0.0653   0.0676   0.0699   0.0723   0.0746   0.0769   0.0793   0.0816   0.0839   0.0862   0.0886   0.0909   0.0932   0.0956   0.0979   0.1002   0.1026   0.1049   0.1072   0.1096   0.1119   0.1142   0.1166   0.1189   0.1212   0.1235   0.1259   0.1282   0.1305   0.1329   0.1352   0.1375   0.1399   0.1422   0.1445   0.1469   0.1492   0.1515   0.1538   0.1562   0.1585   0.1608   0.1632   0.1655   0.1678   0.1702   0.1725   0.1748   0.1772   0.1795   0.1818   0.1841   0.1865   0.1888   0.1911   0.1935   0.1958   0.1981   0.2005   0.2028   0.2051   0.2075   0.2098   0.2121   0.2145   0.2168   0.2191   0.2214   0.2238   0.2261   0.2284   0.2308   0.2331   0.2354   0.2378   0.2401   0.2424   0.2448   0.2471   0.2494   0.2517   0.2541   0.2564   0.2587   0.2611   0.2634   0.2657   0.2681   0.2704   0.2727   0.2751   0.2774   0.2797   0.2821   0.2844   0.2867    0.289   0.2914   0.2937    0.296   0.2984   0.3007    0.303   0.3054   0.3077     0.31   0.3124   0.3147    0.317   0.3193   0.3217    0.324   0.3263   0.3287    0.331   0.3333   0.3357    0.338   0.3403   0.3427    0.345   0.3473   0.3497    0.352   0.3543   0.3566    0.359   0.3613   0.3636    0.366   0.3683   0.3706    0.373   0.3753   0.3776     0.38   0.3823   0.3846   0.3869   0.3893   0.3916   0.3939   0.3963   0.3986   0.4009   0.4033   0.4056   0.4079   0.4103   0.4126   0.4149   0.4172   0.4196   0.4219   0.4242   0.4266   0.4289   0.4312   0.4336   0.4359   0.4382   0.4406   0.4429   0.4452   0.4476   0.4499   0.4522   0.4545   0.4569   0.4592   0.4615   0.4639   0.4662   0.4685   0.4709   0.4732   0.4755   0.4779   0.4802   0.4825   0.4848   0.4872   0.4895   0.4918   0.4942   0.4965   0.4988
    S      0.0   0.0605   0.0382   0.0391   0.0077   0.0994   0.0481   0.1525    0.091   0.1225   0.0464   0.0542   0.0247   0.0611    0.059   0.0564   0.0312   0.0124   0.0715   0.0373   0.0282   0.1383   0.0211   0.0175   0.0799   0.1457   0.1192    0.058    0.021   0.3863   0.1126    0.025   0.0321    0.059   0.1792   0.0527   0.1451   0.0791   0.0131   0.1301   0.1226   0.1851   0.1476   0.0155   0.1041   0.1065   0.1369   0.3306   0.1829   0.2696   0.0359   0.2643    0.187   0.2178   0.1615   0.1557   0.1701   0.0163   0.0919   0.0596   0.0757   0.0189   0.0732   0.0355   0.0728   0.1322   0.1748   0.0889   0.0077    0.052   0.1072   0.2892   0.2166   0.0479   0.0837   0.2436   0.0804   0.0501   0.3987   0.0237   0.1223    0.082   0.1091   0.2026   0.1914   0.1033   0.0508   0.3613   0.1114   0.1996   0.0286   0.0464   0.2554   0.1011   0.0741   0.2162   0.1566   0.0504   0.1041    0.225   0.0299   0.1217   0.4763   0.0435   0.0638   0.0859   0.1617   0.1546   0.1831    0.216   0.1226   0.1318   0.1351    0.061   0.0686   0.0627   0.1472   0.1488   0.1109   0.1585   0.2099   0.1311   0.1087    0.125   0.1459   0.0542   0.1136   0.1161   0.1073   0.1875   0.0713    0.366    0.128   0.0148   0.0647   0.0436   0.2465   0.0281   0.1331   0.1671   0.0321   0.0168   0.1827      1.0   0.2272   0.1322   0.0343   0.1107   0.0928   0.0776   0.0389   0.0379   0.0156   0.1252   0.0479   0.1745   0.0282   0.1163   0.0689   0.0354   0.1212   0.1913   0.0213   0.1131    0.105   0.1266   0.2775   0.0106   0.1046   0.0466   0.0323   0.0484    0.151   0.1864   0.0301   0.0454   0.0386   0.1514    0.117   0.1197   0.0339   0.0783   0.0716   0.0078   0.0938    0.058   0.1474   0.1191   0.0788   0.1302   0.0276   0.0556   0.1065   0.1164   0.0081   0.0066   0.0394   0.0261   0.0379   0.2878   0.1005   0.0298   0.0789   0.1018   0.0102   0.0548   0.0481   0.0529   0.1063   0.0673   0.0923   0.1023   0.0602   0.0153     0.07
  snr    -13.5
    H     5.06
 exon     True

M: mem
 freq      0.0   0.0023   0.0047    0.007   0.0093   0.0117    0.014   0.0164   0.0187    0.021   0.0234   0.0257    0.028   0.0304   0.0327    0.035   0.0374   0.0397   0.0421   0.0444   0.0467   0.0491   0.0514   0.0537   0.0561   0.0584   0.0607   0.0631   0.0654   0.0678   0.0701   0.0724   0.0748   0.0771   0.0794   0.0818   0.0841   0.0864   0.0888   0.0911   0.0935   0.0958   0.0981   0.1005   0.1028   0.1051   0.1075   0.1098   0.1121   0.1145   0.1168   0.1192   0.1215   0.1238   0.1262   0.1285   0.1308   0.1332   0.1355   0.1379   0.1402   0.1425   0.1449   0.1472   0.1495   0.1519   0.1542   0.1565   0.1589   0.1612   0.1636   0.1659   0.1682   0.1706   0.1729   0.1752   0.1776   0.1799   0.1822   0.1846   0.1869   0.1893   0.1916   0.1939   0.1963   0.1986   0.2009   0.2033   0.2056   0.2079   0.2103   0.2126    0.215   0.2173   0.2196    0.222   0.2243   0.2266    0.229   0.2313   0.2336    0.236   0.2383   0.2407    0.243   0.2453   0.2477     0.25   0.2523   0.2547    0.257   0.2593   0.2617    0.264   0.2664   0.2687    0.271   0.2734   0.2757    0.278   0.2804   0.2827    0.285   0.2874   0.2897   0.2921   0.2944   0.2967   0.2991   0.3014   0.3037   0.3061   0.3084   0.3107   0.3131   0.3154   0.3178   0.3201   0.3224   0.3248   0.3271   0.3294   0.3318   0.3341   0.3364   0.3388   0.3411   0.3435   0.3458   0.3481   0.3505   0.3528   0.3551   0.3575   0.3598   0.3621   0.3645   0.3668   0.3692   0.3715   0.3738   0.3762   0.3785   0.3808   0.3832   0.3855   0.3879   0.3902   0.3925   0.3949   0.3972   0.3995   0.4019   0.4042   0.4065   0.4089   0.4112   0.4136   0.4159   0.4182   0.4206   0.4229   0.4252   0.4276   0.4299   0.4322   0.4346   0.4369   0.4393   0.4416   0.4439   0.4463   0.4486   0.4509   0.4533   0.4556   0.4579   0.4603   0.4626    0.465   0.4673   0.4696    0.472   0.4743   0.4766    0.479   0.4813   0.4836    0.486   0.4883   0.4907    0.493   0.4953   0.4977
    S      0.0   0.0553     0.01   0.0104   0.0003   0.1306    0.033     0.03    0.045   0.0437   0.0073    0.005   0.0253   0.0643   0.0539   0.0916   0.0114    0.004   0.1233   0.0096   0.0435   0.1571   0.0131   0.0388    0.057   0.1806    0.003   0.0014   0.0305   0.0195   0.0406   0.0482   0.0303   0.0304   0.0539   0.0514   0.0245   0.0665   0.0079    0.049   0.0405   0.2125    0.026   0.0089   0.1013   0.0983   0.1136   0.1246   0.2311   0.0353   0.0362   0.0118   0.0671   0.3558   0.0294   0.2138   0.2596   0.0522   0.0226   0.0199   0.0391   0.0072   0.1381   0.0296   0.1645   0.2233   0.1087   0.0103   0.0166   0.0925   0.0466   0.3508   0.4812   0.0371   0.0911   0.4352   0.1743   0.1397   0.6349   0.0288   0.1522     0.01   0.0667   0.0025   0.2201   0.0635   0.0644   0.3591   0.0739   0.3243   0.0345   0.0235    0.058   0.0904   0.0098   0.5329   0.0198   0.0363   0.0295   0.4371   0.0107   0.0589      1.0   0.0499   0.0062   0.0705   0.2447   0.2182   0.1199   0.3748   0.0078   0.0325     0.02    0.024   0.0767    0.076   0.2125   0.0957   0.0655   0.2234   0.4023   0.0334   0.1587   0.1964   0.0278   0.1876   0.1647   0.1333   0.1192   0.0464   0.0507   0.5938   0.1106   0.0193   0.1245   0.0348   0.3325   0.0015   0.0798   0.1014    0.084   0.0511   0.3101   0.2184    0.101   0.0977   0.1219   0.0912   0.0933   0.1096   0.1179   0.0432   0.0116   0.2728    0.073   0.0925    0.158   0.1065   0.0613   0.0331     0.05   0.1355   0.0333   0.1002   0.1103    0.018   0.0193   0.0526    0.048   0.1576   0.1172   0.0971   0.0305   0.3173   0.0535   0.0777   0.2326   0.0257   0.0115   0.0923   0.0532   0.1953   0.0011   0.0472   0.0165   0.0026   0.2495   0.0348   0.1812   0.2217   0.0115   0.0845   0.0429   0.0778   0.0577   0.0211   0.2008   0.0288   0.2527   0.0461   0.0829   0.1146   0.0382   0.0042   0.0201   0.0262   0.0036   0.0501   0.1927   0.0535   0.0319   0.2552   0.0538    0.106
  snr   -13.31
    H     4.84
 exon    False

M: tbpse
 freq      0.0   0.0023   0.0047    0.007   0.0093   0.0117    0.014   0.0163   0.0186    0.021   0.0233   0.0256    0.028   0.0303   0.0326    0.035   0.0373   0.0396    0.042   0.0443   0.0466    0.049   0.0513   0.0536   0.0559   0.0583   0.0606   0.0629   0.0653   0.0676   0.0699   0.0723   0.0746   0.0769   0.0793   0.0816   0.0839   0.0862   0.0886   0.0909   0.0932   0.0956   0.0979   0.1002   0.1026   0.1049   0.1072   0.1096   0.1119   0.1142   0.1166   0.1189   0.1212   0.1235   0.1259   0.1282   0.1305   0.1329   0.1352   0.1375   0.1399   0.1422   0.1445   0.1469   0.1492   0.1515   0.1538   0.1562   0.1585   0.1608   0.1632   0.1655   0.1678   0.1702   0.1725   0.1748   0.1772   0.1795   0.1818   0.1841   0.1865   0.1888   0.1911   0.1935   0.1958   0.1981   0.2005   0.2028   0.2051   0.2075   0.2098   0.2121   0.2145   0.2168   0.2191   0.2214   0.2238   0.2261   0.2284   0.2308   0.2331   0.2354   0.2378   0.2401   0.2424   0.2448   0.2471   0.2494   0.2517   0.2541   0.2564   0.2587   0.2611   0.2634   0.2657   0.2681   0.2704   0.2727   0.2751   0.2774   0.2797   0.2821   0.2844   0.2867    0.289   0.2914   0.2937    0.296   0.2984   0.3007    0.303   0.3054   0.3077     0.31   0.3124   0.3147    0.317   0.3193   0.3217    0.324   0.3263   0.3287    0.331   0.3333   0.3357    0.338   0.3403   0.3427    0.345   0.3473   0.3497    0.352   0.3543   0.3566    0.359   0.3613   0.3636    0.366   0.3683   0.3706    0.373   0.3753   0.3776     0.38   0.3823   0.3846   0.3869   0.3893   0.3916   0.3939   0.3963   0.3986   0.4009   0.4033   0.4056   0.4079   0.4103   0.4126   0.4149   0.4172   0.4196   0.4219   0.4242   0.4266   0.4289   0.4312   0.4336   0.4359   0.4382   0.4406   0.4429   0.4452   0.4476   0.4499   0.4522   0.4545   0.4569   0.4592   0.4615   0.4639   0.4662   0.4685   0.4709   0.4732   0.4755   0.4779   0.4802   0.4825   0.4848   0.4872   0.4895   0.4918   0.4942   0.4965   0.4988
    S      0.0   0.0401   0.0281   0.0476   0.0135   0.1211   0.0396   0.1457   0.0631    0.075    0.034   0.0418    0.051   0.0255   0.0305    0.015   0.0269   0.0734   0.0133   0.0271   0.0327   0.0399   0.0359   0.0469   0.0376   0.0578    0.095   0.0467   0.0396   0.2792   0.0685   0.0044   0.0897   0.0456   0.1268   0.0304   0.1531   0.0697   0.0476   0.0831   0.1514   0.0949   0.0999   0.0392   0.0879   0.0636   0.0859   0.2254   0.0471   0.1834   0.0159   0.2012   0.1287   0.0369   0.1492   0.0588   0.0661   0.0063   0.1052   0.0431   0.0999   0.0275   0.0303   0.0904   0.0349   0.0228   0.1528   0.0771   0.0239   0.0625   0.0375   0.0893   0.0188   0.0766   0.0378   0.0617   0.0347   0.0143   0.0138   0.0171   0.0789   0.0758    0.069   0.1714   0.0549   0.0585   0.0299   0.1092   0.0681   0.0504   0.0531   0.0546   0.2142   0.0492   0.0882   0.0508   0.1239   0.0521   0.0836   0.0607   0.0142    0.014   0.0916   0.0432   0.0597   0.0481   0.0686   0.1087   0.1137   0.0302   0.0963   0.0836   0.1097   0.0732   0.0071   0.0422   0.0841   0.0727   0.2116   0.0438   0.0652   0.1042   0.0392   0.0263   0.1667   0.0116   0.0185   0.0719   0.0668    0.092    0.055   0.1032    0.015   0.0119   0.0378   0.0668   0.1224   0.0614   0.1349   0.0881   0.0151    0.011   0.0166      1.0   0.0964   0.0772   0.0453   0.0266   0.0243   0.0107   0.0272   0.0219    0.003   0.0668   0.0319   0.0958   0.0053   0.0712   0.0281   0.0172   0.0711    0.104    0.014   0.0672   0.0644   0.0715   0.1998   0.0327   0.0304   0.0118   0.0102   0.0097    0.059   0.0527   0.0165   0.0774   0.0142   0.0622   0.0888   0.0408   0.0126   0.0063   0.0523   0.0324   0.0599   0.0362   0.0635   0.0313   0.0227   0.0137   0.0199   0.0337   0.0209   0.0771   0.0283   0.0267   0.0286   0.0024   0.0692   0.0366   0.0403   0.0146   0.0441   0.0755   0.0058   0.0454   0.0364   0.0418   0.0109   0.0382   0.0552   0.0377   0.0388   0.0152   0.0895
  snr   -11.03
    H     4.99
 exon     True

M: snrse
 freq      0.0   0.0023   0.0047    0.007   0.0093   0.0117    0.014   0.0163   0.0186    0.021   0.0233   0.0256    0.028   0.0303   0.0326    0.035   0.0373   0.0396    0.042   0.0443   0.0466    0.049   0.0513   0.0536   0.0559   0.0583   0.0606   0.0629   0.0653   0.0676   0.0699   0.0723   0.0746   0.0769   0.0793   0.0816   0.0839   0.0862   0.0886   0.0909   0.0932   0.0956   0.0979   0.1002   0.1026   0.1049   0.1072   0.1096   0.1119   0.1142   0.1166   0.1189   0.1212   0.1235   0.1259   0.1282   0.1305   0.1329   0.1352   0.1375   0.1399   0.1422   0.1445   0.1469   0.1492   0.1515   0.1538   0.1562   0.1585   0.1608   0.1632   0.1655   0.1678   0.1702   0.1725   0.1748   0.1772   0.1795   0.1818   0.1841   0.1865   0.1888   0.1911   0.1935   0.1958   0.1981   0.2005   0.2028   0.2051   0.2075   0.2098   0.2121   0.2145   0.2168   0.2191   0.2214   0.2238   0.2261   0.2284   0.2308   0.2331   0.2354   0.2378   0.2401   0.2424   0.2448   0.2471   0.2494   0.2517   0.2541   0.2564   0.2587   0.2611   0.2634   0.2657   0.2681   0.2704   0.2727   0.2751   0.2774   0.2797   0.2821   0.2844   0.2867    0.289   0.2914   0.2937    0.296   0.2984   0.3007    0.303   0.3054   0.3077     0.31   0.3124   0.3147    0.317   0.3193   0.3217    0.324   0.3263   0.3287    0.331   0.3333   0.3357    0.338   0.3403   0.3427    0.345   0.3473   0.3497    0.352   0.3543   0.3566    0.359   0.3613   0.3636    0.366   0.3683   0.3706    0.373   0.3753   0.3776     0.38   0.3823   0.3846   0.3869   0.3893   0.3916   0.3939   0.3963   0.3986   0.4009   0.4033   0.4056   0.4079   0.4103   0.4126   0.4149   0.4172   0.4196   0.4219   0.4242   0.4266   0.4289   0.4312   0.4336   0.4359   0.4382   0.4406   0.4429   0.4452   0.4476   0.4499   0.4522   0.4545   0.4569   0.4592   0.4615   0.4639   0.4662   0.4685   0.4709   0.4732   0.4755   0.4779   0.4802   0.4825   0.4848   0.4872   0.4895   0.4918   0.4942   0.4965   0.4988
    S      0.0   0.0194   0.0248   0.0502    0.003   0.1177   0.0083   0.1261   0.0722   0.0696   0.0208   0.0442   0.0286   0.0167   0.0271   0.0065    0.002   0.0292   0.0232   0.0152   0.0352   0.0271   0.0208   0.0348   0.0263   0.0463   0.0585   0.0149    0.025   0.2281   0.0521   0.0013   0.0466   0.0558   0.0905   0.0218   0.1823   0.0323   0.0108   0.0571   0.1146   0.0754   0.0736   0.0066   0.0872    0.067   0.0553   0.1971   0.0373   0.0829   0.0033    0.176   0.1043   0.0588   0.1581   0.0669   0.0701   0.0069   0.0277   0.0193   0.0435    0.006    0.031   0.0776    0.041   0.0383   0.1634   0.0806   0.0111    0.068   0.0334   0.0412   0.0202    0.023    0.047   0.0962   0.0102   0.0087   0.0297   0.0034   0.0915   0.0962   0.0434   0.1863   0.0209   0.0346   0.0035   0.1823   0.0859   0.0389   0.0442   0.0581   0.1344   0.0036   0.1017   0.0501   0.0713   0.0248   0.1054   0.0076   0.0064   0.0226   0.1102    0.023   0.0728    0.059   0.0561   0.0678   0.1017   0.0581   0.1106   0.0769     0.12   0.0397   0.0083   0.0284   0.0669   0.0915   0.2224   0.0257   0.0655   0.0876   0.0607   0.0272   0.1202   0.0088   0.0196   0.0317   0.0557   0.0421   0.0218   0.1785   0.0089   0.0155   0.0404   0.0655   0.1192   0.0272    0.149   0.0675   0.0078   0.0119   0.0383      1.0   0.0703   0.0817   0.0105   0.0172    0.009   0.0099   0.0203   0.0126   0.0041   0.0191     0.02   0.0922   0.0093   0.0542    0.029   0.0197    0.068   0.0361   0.0183   0.0848   0.0747   0.0592   0.1169   0.0073   0.0294   0.0008   0.0139   0.0139   0.0169   0.0787   0.0031   0.0692   0.0039   0.0797   0.1028   0.0231   0.0074   0.0031   0.0268   0.0078   0.0316   0.0305   0.0035    0.034   0.0129    0.028   0.0125   0.0039   0.0156   0.0688   0.0066   0.0095   0.0379   0.0046   0.0292    0.024   0.0244   0.0195   0.0246   0.0501   0.0037   0.0133   0.0282   0.0492   0.0125   0.0284   0.0449   0.0116   0.0421   0.0166   0.0834
  snr   -10.17
    H     4.85
 exon     True