>YOL131W
N: 327
Methods: voss, eiip, qpsk, mem, alg1, alg2

M: voss
 freq      0.0   0.0031   0.0061   0.0092   0.0122   0.0153   0.0183   0.0214   0.0245   0.0275   0.0306   0.0336   0.0367   0.0398   0.0428   0.0459   0.0489    0.052    0.055   0.0581   0.0612   0.0642   0.0673   0.0703   0.0734   0.0765   0.0795   0.0826   0.0856   0.0887   0.0917   0.0948   0.0979   0.1009    0.104    0.107   0.1101   0.1131   0.1162   0.1193   0.1223   0.1254   0.1284   0.1315   0.1346   0.1376   0.1407   0.1437   0.1468   0.1498   0.1529    0.156    0.159   0.1621   0.1651   0.1682   0.1713   0.1743   0.1774   0.1804   0.1835   0.1865   0.1896   0.1927   0.1957   0.1988   0.2018   0.2049    0.208    0.211   0.2141   0.2171   0.2202   0.2232   0.2263   0.2294   0.2324   0.2355   0.2385   0.2416   0.2446   0.2477   0.2508   0.2538   0.2569   0.2599    0.263   0.2661   0.2691   0.2722   0.2752   0.2783   0.2813   0.2844   0.2875   0.2905   0.2936   0.2966   0.2997   0.3028   0.3058   0.3089   0.3119    0.315    0.318   0.3211   0.3242   0.3272   0.3303   0.3333   0.3364   0.3394   0.3425   0.3456   0.3486   0.3517   0.3547   0.3578   0.3609   0.3639    0.367     0.37   0.3731   0.3761   0.3792   0.3823   0.3853   0.3884   0.3914   0.3945   0.3976   0.4006   0.4037   0.4067   0.4098   0.4128   0.4159    0.419    0.422   0.4251   0.4281   0.4312   0.4343   0.4373   0.4404   0.4434   0.4465   0.4495   0.4526   0.4557   0.4587   0.4618   0.4648   0.4679   0.4709    0.474   0.4771   0.4801   0.4832   0.4862   0.4893   0.4924   0.4954   0.4985
    S      0.0   0.2561   0.4191   0.1542   0.3823   0.2564    0.289   0.2986   0.1923   0.2083   0.2105   0.3387   0.2201   0.1486   0.2294   0.5694   0.2273   0.2715   0.2267    0.068   0.1641   0.0825   0.5455    0.221   0.1419   0.4375    0.369   0.2404   0.1918   0.2463   0.0996   0.1989   0.1716   0.2319   0.2906   0.2637   0.3157   0.4535   0.0867   0.3668    0.196    0.167   0.0692   0.2801   0.4337   0.1695   0.2116   0.4212   0.1183   0.7281   0.1494   0.3652   0.2942   0.3596   0.2412   0.0595   0.2544   0.2867   0.6426   0.2711    0.174   0.2255   0.3517   0.3848   0.2813   0.4626   0.2535   0.4628   0.1487   0.4414      0.2   0.4259   0.2975   0.1465   0.0891   0.1825   0.3868   0.3503   0.2537   0.4224   0.1335   0.0959   0.1798   0.0887   0.1232   0.1724   0.0508    0.207   0.2064   0.1842   0.0697   0.0883   0.5005   0.1701    0.165   0.0802   0.0574   0.4277   0.2337   0.1131   0.0902   0.4908   0.4171   0.2163   0.3541   0.0983   0.4135   0.2687   0.2331   0.4555    0.191   0.0851   0.2747    0.553    0.202   0.1279   0.4565   0.1452      1.0   0.2553   0.3615   0.0259   0.1468   0.1108   0.0865    0.103   0.1045   0.0495   0.2078   0.4536   0.0346   0.4252   0.2208   0.1038   0.5106   0.1485   0.2416   0.1244   0.1206   0.1813   0.1725   0.2427   0.2624   0.0705   0.4018   0.5258   0.0904   0.1268   0.3684   0.0935   0.2324    0.191   0.1188   0.2835   0.1324   0.2057   0.1934   0.3086   0.1744   0.6349   0.4891   0.3255   0.2563   0.1313
  snr   -16.04
    H     4.93
 exon    False

M: eiip
 freq      0.0   0.0031   0.0061   0.0092   0.0122   0.0153   0.0183   0.0214   0.0245   0.0275   0.0306   0.0336   0.0367   0.0398   0.0428   0.0459   0.0489    0.052    0.055   0.0581   0.0612   0.0642   0.0673   0.0703   0.0734   0.0765   0.0795   0.0826   0.0856   0.0887   0.0917   0.0948   0.0979   0.1009    0.104    0.107   0.1101   0.1131   0.1162   0.1193   0.1223   0.1254   0.1284   0.1315   0.1346   0.1376   0.1407   0.1437   0.1468   0.1498   0.1529    0.156    0.159   0.1621   0.1651   0.1682   0.1713   0.1743   0.1774   0.1804   0.1835   0.1865   0.1896   0.1927   0.1957   0.1988   0.2018   0.2049    0.208    0.211   0.2141   0.2171   0.2202   0.2232   0.2263   0.2294   0.2324   0.2355   0.2385   0.2416   0.2446   0.2477   0.2508   0.2538   0.2569   0.2599    0.263   0.2661   0.2691   0.2722   0.2752   0.2783   0.2813   0.2844   0.2875   0.2905   0.2936   0.2966   0.2997   0.3028   0.3058   0.3089   0.3119    0.315    0.318   0.3211   0.3242   0.3272   0.3303   0.3333   0.3364   0.3394   0.3425   0.3456   0.3486   0.3517   0.3547   0.3578   0.3609   0.3639    0.367     0.37   0.3731   0.3761   0.3792   0.3823   0.3853   0.3884   0.3914   0.3945   0.3976   0.4006   0.4037   0.4067   0.4098   0.4128   0.4159    0.419    0.422   0.4251   0.4281   0.4312   0.4343   0.4373   0.4404   0.4434   0.4465   0.4495   0.4526   0.4557   0.4587   0.4618   0.4648   0.4679   0.4709    0.474   0.4771   0.4801   0.4832   0.4862   0.4893   0.4924   0.4954   0.4985
    S      0.0   0.0038    0.122   0.1973   0.6052    0.409   0.2102   0.0992   0.2248   0.2726   0.2516   0.0413   0.2962   0.0431   0.0557   0.0938   0.1446    0.422   0.1399    0.026   0.0501   0.0253   0.2838   0.2113   0.0708   0.6524    0.654   0.0618    0.145   0.4557   0.0343   0.1272   0.1051   0.1997   0.2073   0.4251    0.405   0.5918   0.0543   0.0463   0.0586   0.1898   0.0783   0.3098   0.1499   0.3254   0.1139    0.465   0.0905   0.5962   0.2031   0.0738   0.2071   0.1267    0.415   0.1054   0.1164    0.038   0.3615   0.3243   0.2899   0.1644   0.0851    0.381   0.5809   0.3144   0.0106   0.7909   0.0368   0.8062   0.0151   0.3605   0.3281   0.0839   0.0021   0.0418   0.6065   0.4566   0.0192    0.488   0.2387   0.0373   0.2482   0.0987    0.026   0.1073   0.0048   0.0198   0.0421   0.0877   0.1088   0.1285   0.6169   0.3821   0.0613   0.1107   0.0273   0.3537   0.1514   0.1545   0.0331   0.7192   0.2097    0.004    0.307   0.1353   0.1216    0.342   0.2619   0.9003   0.0607   0.1209   0.0975      1.0   0.1353    0.271   0.9043    0.005   0.2954   0.2327   0.1296   0.0305   0.0162   0.2138   0.0654   0.1882   0.0877   0.0472   0.3713   0.5103   0.0628   0.7642   0.2901   0.0404   0.0416   0.1429   0.2193   0.1321   0.0913   0.2139    0.031   0.0371   0.2227   0.0405   0.7504   0.1452   0.1401   0.2135   0.5358   0.1266   0.0595   0.3155    0.025   0.0533   0.0264   0.0325   0.2245   0.4451   0.1516   0.1221   0.3656   0.0642   0.1761   0.0741
  snr   -15.43
    H     4.69
 exon     True

M: qpsk
 freq      0.0   0.0031   0.0061   0.0092   0.0122   0.0153   0.0183   0.0214   0.0245   0.0275   0.0306   0.0336   0.0367   0.0398   0.0428   0.0459   0.0489    0.052    0.055   0.0581   0.0612   0.0642   0.0673   0.0703   0.0734   0.0765   0.0795   0.0826   0.0856   0.0887   0.0917   0.0948   0.0979   0.1009    0.104    0.107   0.1101   0.1131   0.1162   0.1193   0.1223   0.1254   0.1284   0.1315   0.1346   0.1376   0.1407   0.1437   0.1468   0.1498   0.1529    0.156    0.159   0.1621   0.1651   0.1682   0.1713   0.1743   0.1774   0.1804   0.1835   0.1865   0.1896   0.1927   0.1957   0.1988   0.2018   0.2049    0.208    0.211   0.2141   0.2171   0.2202   0.2232   0.2263   0.2294   0.2324   0.2355   0.2385   0.2416   0.2446   0.2477   0.2508   0.2538   0.2569   0.2599    0.263   0.2661   0.2691   0.2722   0.2752   0.2783   0.2813   0.2844   0.2875   0.2905   0.2936   0.2966   0.2997   0.3028   0.3058   0.3089   0.3119    0.315    0.318   0.3211   0.3242   0.3272   0.3303   0.3333   0.3364   0.3394   0.3425   0.3456   0.3486   0.3517   0.3547   0.3578   0.3609   0.3639    0.367     0.37   0.3731   0.3761   0.3792   0.3823   0.3853   0.3884   0.3914   0.3945   0.3976   0.4006   0.4037   0.4067   0.4098   0.4128   0.4159    0.419    0.422   0.4251   0.4281   0.4312   0.4343   0.4373   0.4404   0.4434   0.4465   0.4495   0.4526   0.4557   0.4587   0.4618   0.4648   0.4679   0.4709    0.474   0.4771   0.4801   0.4832   0.4862   0.4893   0.4924   0.4954   0.4985
    S      0.0   0.4307   0.7763   0.2254   0.7318   0.3534   0.2904   0.5141   0.2038   0.1168   0.3708    0.552   0.3725   0.2616   0.4402   0.8725   0.2924   0.1734   0.3123   0.0758   0.2196   0.1095   0.3055    0.096   0.1053   0.5218   0.6478   0.4024    0.288   0.3962   0.1919   0.3662   0.1384   0.1977   0.1718    0.444   0.2719   0.4468   0.0279   0.3686   0.3529   0.2364   0.0974   0.5237   0.5396    0.342   0.3202   0.7155   0.1626    0.813   0.0869    0.658    0.593   0.2037   0.4869    0.119   0.3961   0.4965   0.9073   0.4751   0.3345   0.3482   0.6392   0.5539   0.5006   0.3884   0.3918   0.4159    0.046   0.5757   0.3187   0.5947   0.3676   0.2069    0.175   0.1573   0.7274   0.2341   0.1993     0.58   0.2542   0.1225   0.1956   0.1197   0.2262   0.2817   0.0245   0.2283   0.3656    0.143   0.1168   0.1471   0.9378    0.293    0.207   0.1522   0.1163   0.2632   0.3473   0.2228   0.1166   0.8594   0.3863   0.3952   0.6234   0.1087   0.7144   0.2745   0.0282   0.6886   0.1803   0.0613     0.48    0.936   0.3799   0.1724    0.762   0.1847   0.7666   0.2531   0.7187   0.0285    0.219   0.1719   0.1258   0.1468   0.0291   0.0713   0.1259    0.815   0.0234   0.8463   0.2007   0.0961      1.0   0.2937   0.4371   0.0615   0.0475   0.2361   0.1507   0.1617    0.304   0.0931   0.6817   0.9193   0.1399   0.0916   0.6375   0.1759   0.2617   0.1651   0.1349   0.2559   0.1769   0.1424   0.1878    0.545   0.0164   0.3789     0.63   0.4994   0.3129   0.2082
  snr   -17.36
    H     4.86
 exon    False

M: mem
 freq      0.0   0.0031   0.0061   0.0092   0.0123   0.0153   0.0184   0.0215   0.0245   0.0276   0.0307   0.0337   0.0368   0.0399   0.0429    0.046   0.0491   0.0521   0.0552   0.0583   0.0613   0.0644   0.0675   0.0706   0.0736   0.0767   0.0798   0.0828   0.0859    0.089    0.092   0.0951   0.0982   0.1012   0.1043   0.1074   0.1104   0.1135   0.1166   0.1196   0.1227   0.1258   0.1288   0.1319    0.135    0.138   0.1411   0.1442   0.1472   0.1503   0.1534   0.1564   0.1595   0.1626   0.1656   0.1687   0.1718   0.1748   0.1779    0.181    0.184   0.1871   0.1902   0.1933   0.1963   0.1994   0.2025   0.2055   0.2086   0.2117   0.2147   0.2178   0.2209   0.2239    0.227   0.2301   0.2331   0.2362   0.2393   0.2423   0.2454   0.2485   0.2515   0.2546   0.2577   0.2607   0.2638   0.2669   0.2699    0.273   0.2761   0.2791   0.2822   0.2853   0.2883   0.2914   0.2945   0.2975   0.3006   0.3037   0.3067   0.3098   0.3129    0.316    0.319   0.3221   0.3252   0.3282   0.3313   0.3344   0.3374   0.3405   0.3436   0.3466   0.3497   0.3528   0.3558   0.3589    0.362    0.365   0.3681   0.3712   0.3742   0.3773   0.3804   0.3834   0.3865   0.3896   0.3926   0.3957   0.3988   0.4018   0.4049    0.408    0.411   0.4141   0.4172   0.4202   0.4233   0.4264   0.4294   0.4325   0.4356   0.4387   0.4417   0.4448   0.4479   0.4509    0.454   0.4571   0.4601   0.4632   0.4663   0.4693   0.4724   0.4755   0.4785   0.4816   0.4847   0.4877   0.4908   0.4939   0.4969
    S      0.0   0.1607    0.362   0.1071   0.3105   0.1897   0.5634   0.3084   0.2194   0.3447   0.2686   0.2452   0.1567    0.108   0.2526   0.2979   0.3171   0.4157   0.0066   0.0155   0.0606    0.013   0.2776   0.2879   0.0066   0.0266   0.2132   0.5098   0.0191   0.3858   0.1229   0.1695   0.0698   0.3191   0.0438   0.0155   0.1572   0.0833   0.0313   0.1023   0.2781   0.1002   0.0546   0.0211   0.2649   0.0315     0.04   0.1009   0.0253      1.0   0.1289   0.3621   0.2808   0.0498   0.1613   0.0109   0.1024   0.3014   0.4286   0.0183    0.014   0.0671   0.5656   0.0538   0.0471   0.0444   0.0936   0.6446   0.0054   0.0991   0.2334   0.0237   0.3469   0.1172   0.0927   0.0083   0.1007   0.0469   0.1855   0.0355   0.0179   0.0579   0.2387   0.0586    0.238   0.1496   0.0418   0.0164   0.3602   0.1364   0.0448    0.021   0.1005   0.0682   0.0133   0.0113   0.0715   0.0064   0.0244   0.0099   0.0273   0.1464   0.0477   0.2819    0.308   0.0723   0.2074   0.0395   0.1151   0.0558   0.0025   0.2728     0.06   0.0357    0.026   0.3515   0.0181   0.0275   0.0539   0.1272   0.3008   0.0385   0.2151   0.1162   0.0858   0.0224    0.069    0.055   0.1466   0.0264   0.0301   0.0473   0.1805   0.5953   0.0534   0.2017   0.3693   0.1337   0.1426   0.0065   0.0305   0.0244   0.2086   0.0638   0.0751   0.2962   0.6891   0.1083   0.2161   0.0646   0.0799   0.0645   0.1421   0.3945   0.1099   0.2053   0.1251   0.2363   0.0933   0.1852   0.8447   0.0493   0.0092
  snr   -13.85
    H     4.62
 exon    False

M: alg1
 freq      0.0   0.0031   0.0061   0.0092   0.0122   0.0153   0.0183   0.0214   0.0245   0.0275   0.0306   0.0336   0.0367   0.0398   0.0428   0.0459   0.0489    0.052    0.055   0.0581   0.0612   0.0642   0.0673   0.0703   0.0734   0.0765   0.0795   0.0826   0.0856   0.0887   0.0917   0.0948   0.0979   0.1009    0.104    0.107   0.1101   0.1131   0.1162   0.1193   0.1223   0.1254   0.1284   0.1315   0.1346   0.1376   0.1407   0.1437   0.1468   0.1498   0.1529    0.156    0.159   0.1621   0.1651   0.1682   0.1713   0.1743   0.1774   0.1804   0.1835   0.1865   0.1896   0.1927   0.1957   0.1988   0.2018   0.2049    0.208    0.211   0.2141   0.2171   0.2202   0.2232   0.2263   0.2294   0.2324   0.2355   0.2385   0.2416   0.2446   0.2477   0.2508   0.2538   0.2569   0.2599    0.263   0.2661   0.2691   0.2722   0.2752   0.2783   0.2813   0.2844   0.2875   0.2905   0.2936   0.2966   0.2997   0.3028   0.3058   0.3089   0.3119    0.315    0.318   0.3211   0.3242   0.3272   0.3303   0.3333   0.3364   0.3394   0.3425   0.3456   0.3486   0.3517   0.3547   0.3578   0.3609   0.3639    0.367     0.37   0.3731   0.3761   0.3792   0.3823   0.3853   0.3884   0.3914   0.3945   0.3976   0.4006   0.4037   0.4067   0.4098   0.4128   0.4159    0.419    0.422   0.4251   0.4281   0.4312   0.4343   0.4373   0.4404   0.4434   0.4465   0.4495   0.4526   0.4557   0.4587   0.4618   0.4648   0.4679   0.4709    0.474   0.4771   0.4801   0.4832   0.4862   0.4893   0.4924   0.4954   0.4985
    S      0.0   0.1565   0.0695   0.2166   0.3416   0.1751   0.0875   0.1163   0.0771   0.1259   0.0773    0.161   0.1817   0.1293   0.0479   0.3386   0.1661     0.18   0.0494   0.0671   0.0751   0.0092   0.1602   0.1274   0.1413   0.7277   0.2691    0.102   0.0792     0.15   0.0337   0.0541   0.1437   0.1523   0.2813   0.3881   0.2656   0.6968   0.0457    0.018   0.1496   0.1641   0.0334    0.233   0.0455    0.246   0.1226   0.1698   0.0574   0.2392   0.1325   0.2034   0.0616   0.1953   0.1269   0.0947   0.1591   0.2539   0.5554   0.1252    0.122   0.3079    0.089   0.2654   0.3369   0.5654   0.1663   0.4053    0.059   0.6748   0.1068   0.2233    0.108   0.1769    0.052   0.1056   0.4025   0.5313   0.0879   0.7166   0.1191   0.0112   0.1758   0.0919   0.1038   0.1046   0.0062   0.0897   0.1247   0.0335   0.0559   0.1498     0.64   0.2804   0.0158   0.0592   0.0265   0.4227    0.085   0.1375   0.0957   0.8264   0.3961    0.111    0.449   0.1502   0.4484   0.4414   0.1985   0.8697   0.1092   0.0537   0.0293      1.0   0.2975   0.1093   0.8738    0.048   0.7512   0.2316   0.0782   0.0407    0.049   0.1873   0.0239   0.0867   0.1068   0.0402     0.22    0.646    0.045   0.3979   0.1126   0.0457   0.3761    0.075   0.3235    0.154   0.1123    0.081   0.0922   0.0219   0.1295   0.0185   0.3464   0.4997   0.0562   0.1283   0.2127   0.0512   0.0735   0.2366   0.0078   0.0722   0.0312    0.019   0.2251   0.4546   0.1021    0.221   0.1142   0.3017   0.3328   0.0321
  snr   -15.02
    H      4.7
 exon     True

M: alg2
 freq      0.0   0.0031   0.0061   0.0092   0.0122   0.0153   0.0183   0.0214   0.0245   0.0275   0.0306   0.0336   0.0367   0.0398   0.0428   0.0459   0.0489    0.052    0.055   0.0581   0.0612   0.0642   0.0673   0.0703   0.0734   0.0765   0.0795   0.0826   0.0856   0.0887   0.0917   0.0948   0.0979   0.1009    0.104    0.107   0.1101   0.1131   0.1162   0.1193   0.1223   0.1254   0.1284   0.1315   0.1346   0.1376   0.1407   0.1437   0.1468   0.1498   0.1529    0.156    0.159   0.1621   0.1651   0.1682   0.1713   0.1743   0.1774   0.1804   0.1835   0.1865   0.1896   0.1927   0.1957   0.1988   0.2018   0.2049    0.208    0.211   0.2141   0.2171   0.2202   0.2232   0.2263   0.2294   0.2324   0.2355   0.2385   0.2416   0.2446   0.2477   0.2508   0.2538   0.2569   0.2599    0.263   0.2661   0.2691   0.2722   0.2752   0.2783   0.2813   0.2844   0.2875   0.2905   0.2936   0.2966   0.2997   0.3028   0.3058   0.3089   0.3119    0.315    0.318   0.3211   0.3242   0.3272   0.3303   0.3333   0.3364   0.3394   0.3425   0.3456   0.3486   0.3517   0.3547   0.3578   0.3609   0.3639    0.367     0.37   0.3731   0.3761   0.3792   0.3823   0.3853   0.3884   0.3914   0.3945   0.3976   0.4006   0.4037   0.4067   0.4098   0.4128   0.4159    0.419    0.422   0.4251   0.4281   0.4312   0.4343   0.4373   0.4404   0.4434   0.4465   0.4495   0.4526   0.4557   0.4587   0.4618   0.4648   0.4679   0.4709    0.474   0.4771   0.4801   0.4832   0.4862   0.4893   0.4924   0.4954   0.4985
    S      0.0   0.1826    0.204   0.0517   0.0137   0.0443   0.0124   0.0396   0.0396   0.0384   0.0195   0.1382   0.0811   0.0317   0.1057   0.4583   0.0621   0.0448   0.0884   0.0538   0.0325   0.0466   0.3222   0.0626   0.1321   0.2842   0.0802   0.0105   0.0295   0.0058    0.019    0.054   0.1357   0.0399   0.2124   0.0972   0.1791   0.2664   0.0563    0.165   0.0917   0.0694   0.0313   0.0861   0.1446   0.0062   0.0824    0.087   0.0598    0.096   0.0553   0.0297   0.1089   0.3007   0.0337   0.0046   0.0052   0.1217   0.4829   0.0394   0.0188   0.1561   0.0711   0.1451   0.0146   0.4375   0.2143   0.1292   0.1128   0.2083   0.0031   0.2331   0.0455   0.0908   0.0176   0.1618    0.004   0.2855   0.1443   0.2466    0.017   0.0368   0.0256   0.0201   0.0499   0.0603   0.0169   0.0954   0.0138   0.0839   0.0021   0.0404   0.0213   0.0353   0.0654   0.0107   0.0203   0.3604   0.0466   0.0024   0.0814   0.1874   0.3797   0.0508   0.1527   0.0481   0.1765   0.1975   0.1473   0.1542   0.1518   0.0115   0.1636   0.1767   0.0723    0.012   0.1445   0.0733      1.0   0.1782   0.1056   0.0164   0.0041   0.0412   0.0443    0.027   0.0941    0.002   0.0854   0.1456   0.0128   0.0206   0.0567   0.0496   0.2174   0.0273   0.1093   0.1067   0.0923   0.0605   0.1298   0.1514   0.1451   0.0055   0.0387   0.3342   0.0036   0.0327   0.0177   0.0113   0.1879   0.0904   0.0546    0.026    0.009   0.1339   0.0784   0.0335   0.0931   0.5547    0.038   0.2481   0.2192    0.056
  snr    -12.1
    H     4.61
 exon    False