>YOR016C
N: 624
Methods: voss, eiip, qpsk, mem, tbpse, snrse

M: voss
 freq      0.0   0.0016   0.0032   0.0048   0.0064    0.008   0.0096   0.0112   0.0128   0.0144    0.016   0.0176   0.0192   0.0208   0.0224    0.024   0.0256   0.0272   0.0288   0.0304   0.0321   0.0337   0.0353   0.0369   0.0385   0.0401   0.0417   0.0433   0.0449   0.0465   0.0481   0.0497   0.0513   0.0529   0.0545   0.0561   0.0577   0.0593   0.0609   0.0625   0.0641   0.0657   0.0673   0.0689   0.0705   0.0721   0.0737   0.0753   0.0769   0.0785   0.0801   0.0817   0.0833   0.0849   0.0865   0.0881   0.0897   0.0913   0.0929   0.0946   0.0962   0.0978   0.0994    0.101   0.1026   0.1042   0.1058   0.1074    0.109   0.1106   0.1122   0.1138   0.1154    0.117   0.1186   0.1202   0.1218   0.1234    0.125   0.1266   0.1282   0.1298   0.1314    0.133   0.1346   0.1362   0.1378   0.1394    0.141   0.1426   0.1442   0.1458   0.1474    0.149   0.1506   0.1522   0.1538   0.1554   0.1571   0.1587   0.1603   0.1619   0.1635   0.1651   0.1667   0.1683   0.1699   0.1715   0.1731   0.1747   0.1763   0.1779   0.1795   0.1811   0.1827   0.1843   0.1859   0.1875   0.1891   0.1907   0.1923   0.1939   0.1955   0.1971   0.1987   0.2003   0.2019   0.2035   0.2051   0.2067   0.2083   0.2099   0.2115   0.2131   0.2147   0.2163   0.2179   0.2196   0.2212   0.2228   0.2244    0.226   0.2276   0.2292   0.2308   0.2324    0.234   0.2356   0.2372   0.2388   0.2404    0.242   0.2436   0.2452   0.2468   0.2484     0.25   0.2516   0.2532   0.2548   0.2564    0.258   0.2596   0.2612   0.2628   0.2644    0.266   0.2676   0.2692   0.2708   0.2724    0.274   0.2756   0.2772   0.2788   0.2804   0.2821   0.2837   0.2853   0.2869   0.2885   0.2901   0.2917   0.2933   0.2949   0.2965   0.2981   0.2997   0.3013   0.3029   0.3045   0.3061   0.3077   0.3093   0.3109   0.3125   0.3141   0.3157   0.3173   0.3189   0.3205   0.3221   0.3237   0.3253   0.3269   0.3285   0.3301   0.3317   0.3333   0.3349   0.3365   0.3381   0.3397   0.3413   0.3429   0.3446   0.3462   0.3478   0.3494    0.351   0.3526   0.3542   0.3558   0.3574    0.359   0.3606   0.3622   0.3638   0.3654    0.367   0.3686   0.3702   0.3718   0.3734    0.375   0.3766   0.3782   0.3798   0.3814    0.383   0.3846   0.3862   0.3878   0.3894    0.391   0.3926   0.3942   0.3958   0.3974    0.399   0.4006   0.4022   0.4038   0.4054   0.4071   0.4087   0.4103   0.4119   0.4135   0.4151   0.4167   0.4183   0.4199   0.4215   0.4231   0.4247   0.4263   0.4279   0.4295   0.4311   0.4327   0.4343   0.4359   0.4375   0.4391   0.4407   0.4423   0.4439   0.4455   0.4471   0.4487   0.4503   0.4519   0.4535   0.4551   0.4567   0.4583   0.4599   0.4615   0.4631   0.4647   0.4663   0.4679   0.4696   0.4712   0.4728   0.4744    0.476   0.4776   0.4792   0.4808   0.4824    0.484   0.4856   0.4872   0.4888   0.4904    0.492   0.4936   0.4952   0.4968   0.4984
    S      0.0      1.0    0.268   0.1063   0.0682   0.2226   0.1417   0.3404   0.2365   0.2778   0.1693   0.1619   0.2208   0.3487   0.0745   0.3713   0.2694   0.2623   0.1547   0.4603    0.575   0.1659   0.3119    0.378    0.302   0.3954   0.2692   0.3664   0.3143   0.1107   0.0586   0.1614   0.3499   0.2102   0.2458   0.2925   0.3001   0.1406   0.1711   0.1634    0.199   0.2936   0.3094   0.2036   0.4133   0.1538   0.1905   0.3475   0.1426    0.278   0.1868   0.3177   0.1983   0.1829   0.2618   0.3811   0.3425   0.0785   0.3177   0.1742   0.3117   0.1823   0.3253   0.1719   0.1127    0.408   0.1895   0.1372   0.1845   0.2325   0.3147   0.0872   0.0995   0.1724   0.2302    0.188   0.2475   0.1481   0.1605   0.2551   0.1319   0.1161   0.2354   0.0799   0.1116   0.0781   0.1268   0.2715   0.1035   0.2774   0.2169    0.154   0.1166   0.1691   0.1909    0.151   0.1798   0.0451   0.2372   0.2485   0.5947   0.0953   0.1208   0.2633   0.2254   0.1593   0.1247    0.319   0.1483   0.2419   0.1615   0.4803   0.4172   0.1599   0.1499   0.2357   0.3144   0.5225   0.5039   0.1464   0.1767   0.2022   0.0528   0.2656   0.0641   0.2602   0.1996   0.4137   0.0837   0.2983   0.1526   0.3505   0.0882   0.1606   0.3738   0.1558   0.1904   0.1741   0.1589   0.2604   0.1843   0.2338    0.091   0.0594   0.2497   0.2271   0.2373   0.1138   0.3324   0.7521   0.1841   0.0925   0.1711   0.1223   0.2366   0.2098   0.0658   0.1224   0.1414   0.2914   0.2034   0.1289   0.1425   0.1094   0.3635   0.2266   0.2271   0.2763   0.1593   0.1966   0.0572   0.4696    0.155   0.1704   0.5102   0.2224   0.4413   0.6067   0.1257   0.5387   0.1258   0.1621    0.075   0.2544   0.1676   0.1968   0.1366   0.0716   0.0884   0.1228   0.1191   0.1438   0.1136   0.1569     0.42    0.414    0.108   0.0478   0.2975   0.2865   0.1731   0.1985   0.1748   0.2109   0.1733   0.3701   0.1738    0.148   0.9356   0.7137   0.1781   0.6286   0.3267   0.0952   0.1735   0.1054    0.165   0.3733   0.2695   0.1352   0.1368   0.2171   0.0641   0.1344   0.2069   0.1864   0.1693   0.2734   0.2636   0.1209   0.0923   0.1148   0.2736   0.1559   0.3329   0.3537   0.1366   0.3176   0.1354   0.3191   0.0451   0.3471   0.0944   0.0368   0.1595   0.2102   0.2903   0.0979   0.1331   0.0391   0.2168   0.1402   0.2538   0.1024   0.1551   0.1652   0.2529   0.1876    0.181   0.3378   0.2352   0.0847   0.0659   0.3345   0.3858   0.1821   0.2246   0.1547   0.3101   0.2899   0.3819   0.2668   0.1141   0.0534   0.0534   0.0459   0.1061   0.2297    0.151   0.2806   0.2449   0.2395   0.1353   0.1585   0.1205   0.1115   0.1998   0.2028   0.2653   0.3818   0.0949   0.0457    0.209   0.2259   0.1347   0.4723   0.1555   0.2873   0.0645   0.1516   0.1328   0.2639   0.3492   0.3208   0.2797   0.3024   0.0656   0.1463   0.1564   0.0982   0.1891   0.3995
  snr   -18.32
    H     5.58
 exon    False

M: eiip
 freq      0.0   0.0016   0.0032   0.0048   0.0064    0.008   0.0096   0.0112   0.0128   0.0144    0.016   0.0176   0.0192   0.0208   0.0224    0.024   0.0256   0.0272   0.0288   0.0304   0.0321   0.0337   0.0353   0.0369   0.0385   0.0401   0.0417   0.0433   0.0449   0.0465   0.0481   0.0497   0.0513   0.0529   0.0545   0.0561   0.0577   0.0593   0.0609   0.0625   0.0641   0.0657   0.0673   0.0689   0.0705   0.0721   0.0737   0.0753   0.0769   0.0785   0.0801   0.0817   0.0833   0.0849   0.0865   0.0881   0.0897   0.0913   0.0929   0.0946   0.0962   0.0978   0.0994    0.101   0.1026   0.1042   0.1058   0.1074    0.109   0.1106   0.1122   0.1138   0.1154    0.117   0.1186   0.1202   0.1218   0.1234    0.125   0.1266   0.1282   0.1298   0.1314    0.133   0.1346   0.1362   0.1378   0.1394    0.141   0.1426   0.1442   0.1458   0.1474    0.149   0.1506   0.1522   0.1538   0.1554   0.1571   0.1587   0.1603   0.1619   0.1635   0.1651   0.1667   0.1683   0.1699   0.1715   0.1731   0.1747   0.1763   0.1779   0.1795   0.1811   0.1827   0.1843   0.1859   0.1875   0.1891   0.1907   0.1923   0.1939   0.1955   0.1971   0.1987   0.2003   0.2019   0.2035   0.2051   0.2067   0.2083   0.2099   0.2115   0.2131   0.2147   0.2163   0.2179   0.2196   0.2212   0.2228   0.2244    0.226   0.2276   0.2292   0.2308   0.2324    0.234   0.2356   0.2372   0.2388   0.2404    0.242   0.2436   0.2452   0.2468   0.2484     0.25   0.2516   0.2532   0.2548   0.2564    0.258   0.2596   0.2612   0.2628   0.2644    0.266   0.2676   0.2692   0.2708   0.2724    0.274   0.2756   0.2772   0.2788   0.2804   0.2821   0.2837   0.2853   0.2869   0.2885   0.2901   0.2917   0.2933   0.2949   0.2965   0.2981   0.2997   0.3013   0.3029   0.3045   0.3061   0.3077   0.3093   0.3109   0.3125   0.3141   0.3157   0.3173   0.3189   0.3205   0.3221   0.3237   0.3253   0.3269   0.3285   0.3301   0.3317   0.3333   0.3349   0.3365   0.3381   0.3397   0.3413   0.3429   0.3446   0.3462   0.3478   0.3494    0.351   0.3526   0.3542   0.3558   0.3574    0.359   0.3606   0.3622   0.3638   0.3654    0.367   0.3686   0.3702   0.3718   0.3734    0.375   0.3766   0.3782   0.3798   0.3814    0.383   0.3846   0.3862   0.3878   0.3894    0.391   0.3926   0.3942   0.3958   0.3974    0.399   0.4006   0.4022   0.4038   0.4054   0.4071   0.4087   0.4103   0.4119   0.4135   0.4151   0.4167   0.4183   0.4199   0.4215   0.4231   0.4247   0.4263   0.4279   0.4295   0.4311   0.4327   0.4343   0.4359   0.4375   0.4391   0.4407   0.4423   0.4439   0.4455   0.4471   0.4487   0.4503   0.4519   0.4535   0.4551   0.4567   0.4583   0.4599   0.4615   0.4631   0.4647   0.4663   0.4679   0.4696   0.4712   0.4728   0.4744    0.476   0.4776   0.4792   0.4808   0.4824    0.484   0.4856   0.4872   0.4888   0.4904    0.492   0.4936   0.4952   0.4968   0.4984
    S      0.0   0.2013   0.2489   0.0463   0.0243   0.0636   0.0507   0.1394    0.299   0.2286   0.0964   0.0048    0.014   0.1651   0.0158   0.0991   0.2269   0.1131   0.1366   0.1988   0.1679   0.1624   0.0747   0.3628   0.2556   0.1427   0.1286   0.1375   0.0009    0.099   0.0636   0.0159   0.1781   0.1022    0.001   0.1036   0.1228   0.0558    0.039   0.2416    0.019   0.0916    0.468   0.1237   0.0567   0.2115   0.0621   0.5114   0.0066   0.2058   0.1516   0.0614   0.0701   0.0607   0.1391   0.0558    0.195    0.048   0.1768    0.048   0.0122   0.1592   0.3234   0.2153   0.0214   0.6695    0.014   0.0957   0.1193   0.2208     0.17   0.0246   0.0493   0.0634   0.0509    0.071    0.157   0.1533   0.0916   0.0472   0.0354   0.0208   0.0347   0.0836   0.0462   0.1059   0.0421   0.2612   0.0217   0.2768   0.1491   0.1501   0.0448   0.0534   0.2339   0.1504   0.0637   0.0285   0.1568   0.2662    0.205     0.04   0.2064   0.0858   0.1643   0.1634   0.0366   0.1181   0.1158   0.2895   0.0118   0.9309   0.3609    0.033   0.1725   0.3159   0.2171   0.0953   0.8083   0.0294   0.1007   0.0729   0.0031   0.0624   0.0758    0.411   0.0781   0.0665   0.0522   0.2181   0.1488   0.0059    0.081    0.156   0.1772   0.0154   0.0824    0.112   0.1526   0.0567   0.0709   0.2004   0.1385   0.0505   0.0904   0.1279   0.2372   0.1614   0.0182   0.0791   0.2072   0.0742   0.1518   0.0704   0.0264   0.1885   0.0102   0.0838   0.0544   0.0207   0.0643   0.0263   0.0503   0.0325   0.1467   0.0483   0.2408   0.0915   0.0323   0.0465   0.0143   0.0999   0.0547   0.1079   0.0044   0.2293   0.0334   0.9054   0.0877   0.4897   0.0077   0.0886   0.0304   0.2059    0.308   0.1736   0.1809   0.0672   0.0113   0.0084   0.0332   0.0388   0.0307   0.0441   0.4335   0.1554   0.0216   0.0092   0.1804   0.2155   0.0658   0.0873   0.0471   0.1151    0.169   0.1142   0.1983   0.1579      1.0   0.2489   0.1238   0.3868    0.144    0.041   0.1982   0.0862   0.2573    0.311   0.0431    0.022   0.0239   0.0287   0.0373   0.0048   0.0693   0.0224   0.0611   0.1159   0.1555   0.0853   0.0153   0.1504   0.0629   0.1146   0.0364    0.046   0.1869   0.0105   0.0983   0.1113   0.0301   0.2436    0.017   0.0184   0.0743   0.0542    0.052   0.1094   0.2034   0.0059   0.0187    0.043   0.2736   0.0601   0.1014   0.0358    0.285   0.0586   0.0566   0.1019   0.1207   0.0614    0.025   0.3104   0.1842   0.0931   0.0345   0.2338    0.104   0.0313   0.3215   0.0804   0.1149   0.0224   0.0545   0.0193    0.075   0.2466   0.0286    0.349    0.044   0.0528   0.0304   0.1429    0.084   0.0539   0.2968   0.0034   0.0611   0.2484   0.0603   0.0209   0.0272   0.1182   0.0631   0.6823   0.2518    0.085   0.0444    0.218   0.1444   0.0203   0.2866   0.0398   0.2368   0.1509   0.0026   0.1078   0.0244   0.0504   0.0863   0.0237
  snr   -15.86
    H     5.31
 exon     True

M: qpsk
 freq      0.0   0.0016   0.0032   0.0048   0.0064    0.008   0.0096   0.0112   0.0128   0.0144    0.016   0.0176   0.0192   0.0208   0.0224    0.024   0.0256   0.0272   0.0288   0.0304   0.0321   0.0337   0.0353   0.0369   0.0385   0.0401   0.0417   0.0433   0.0449   0.0465   0.0481   0.0497   0.0513   0.0529   0.0545   0.0561   0.0577   0.0593   0.0609   0.0625   0.0641   0.0657   0.0673   0.0689   0.0705   0.0721   0.0737   0.0753   0.0769   0.0785   0.0801   0.0817   0.0833   0.0849   0.0865   0.0881   0.0897   0.0913   0.0929   0.0946   0.0962   0.0978   0.0994    0.101   0.1026   0.1042   0.1058   0.1074    0.109   0.1106   0.1122   0.1138   0.1154    0.117   0.1186   0.1202   0.1218   0.1234    0.125   0.1266   0.1282   0.1298   0.1314    0.133   0.1346   0.1362   0.1378   0.1394    0.141   0.1426   0.1442   0.1458   0.1474    0.149   0.1506   0.1522   0.1538   0.1554   0.1571   0.1587   0.1603   0.1619   0.1635   0.1651   0.1667   0.1683   0.1699   0.1715   0.1731   0.1747   0.1763   0.1779   0.1795   0.1811   0.1827   0.1843   0.1859   0.1875   0.1891   0.1907   0.1923   0.1939   0.1955   0.1971   0.1987   0.2003   0.2019   0.2035   0.2051   0.2067   0.2083   0.2099   0.2115   0.2131   0.2147   0.2163   0.2179   0.2196   0.2212   0.2228   0.2244    0.226   0.2276   0.2292   0.2308   0.2324    0.234   0.2356   0.2372   0.2388   0.2404    0.242   0.2436   0.2452   0.2468   0.2484     0.25   0.2516   0.2532   0.2548   0.2564    0.258   0.2596   0.2612   0.2628   0.2644    0.266   0.2676   0.2692   0.2708   0.2724    0.274   0.2756   0.2772   0.2788   0.2804   0.2821   0.2837   0.2853   0.2869   0.2885   0.2901   0.2917   0.2933   0.2949   0.2965   0.2981   0.2997   0.3013   0.3029   0.3045   0.3061   0.3077   0.3093   0.3109   0.3125   0.3141   0.3157   0.3173   0.3189   0.3205   0.3221   0.3237   0.3253   0.3269   0.3285   0.3301   0.3317   0.3333   0.3349   0.3365   0.3381   0.3397   0.3413   0.3429   0.3446   0.3462   0.3478   0.3494    0.351   0.3526   0.3542   0.3558   0.3574    0.359   0.3606   0.3622   0.3638   0.3654    0.367   0.3686   0.3702   0.3718   0.3734    0.375   0.3766   0.3782   0.3798   0.3814    0.383   0.3846   0.3862   0.3878   0.3894    0.391   0.3926   0.3942   0.3958   0.3974    0.399   0.4006   0.4022   0.4038   0.4054   0.4071   0.4087   0.4103   0.4119   0.4135   0.4151   0.4167   0.4183   0.4199   0.4215   0.4231   0.4247   0.4263   0.4279   0.4295   0.4311   0.4327   0.4343   0.4359   0.4375   0.4391   0.4407   0.4423   0.4439   0.4455   0.4471   0.4487   0.4503   0.4519   0.4535   0.4551   0.4567   0.4583   0.4599   0.4615   0.4631   0.4647   0.4663   0.4679   0.4696   0.4712   0.4728   0.4744    0.476   0.4776   0.4792   0.4808   0.4824    0.484   0.4856   0.4872   0.4888   0.4904    0.492   0.4936   0.4952   0.4968   0.4984
    S      0.0   0.7857   0.1193   0.0876   0.0521   0.0319    0.066   0.0715   0.2317   0.1307   0.1762   0.1047    0.139   0.2304   0.0342   0.1451   0.1474   0.1737   0.0921   0.4001   0.5087   0.1404   0.3338   0.3118   0.2518   0.2989   0.2715   0.3654   0.2368   0.1189   0.0361   0.0312   0.3579   0.2403   0.1737   0.2236   0.2093   0.0383   0.1857   0.0805   0.1715   0.2942   0.2782   0.2232   0.3451   0.1282   0.1735   0.3228   0.0755    0.198   0.1546   0.2394   0.1785   0.1764   0.2429   0.3962   0.0896   0.0583   0.2846   0.1983   0.3403   0.1545     0.34   0.1073   0.0432   0.4265   0.1084   0.0613   0.1598   0.1104   0.0892   0.0116   0.0663    0.141    0.205   0.1512   0.1539   0.1227   0.1612   0.2473   0.0211   0.0935   0.1562     0.09   0.0807   0.0446   0.0631   0.1392   0.0816   0.3009   0.1961   0.1705   0.0167   0.0313   0.0697   0.1555   0.1485   0.0289   0.0688    0.126   0.3053   0.0842   0.1279   0.2496   0.1538   0.0988   0.0393   0.2837    0.166   0.2746   0.1185   0.4213   0.2371   0.0745   0.0886   0.2568   0.2523   0.4033   0.4929   0.1122    0.189   0.1261    0.014   0.1315   0.0653   0.1807   0.1513   0.4116   0.0593   0.2669   0.0551   0.1641   0.0992   0.1345   0.4265   0.0856   0.0289   0.1157   0.1147   0.1866   0.0753   0.2353   0.0583   0.0369    0.078   0.2183   0.2572   0.1073   0.2113   0.2146   0.0964   0.0581   0.1523   0.0499   0.0939   0.1922   0.0733   0.1059    0.152   0.2539   0.1564    0.042   0.1212   0.0582   0.3377   0.1578   0.2482   0.2132   0.1203   0.1396   0.0307    0.051   0.1089   0.1789    0.401   0.1707   0.1982   0.5057   0.1124   0.0968   0.0558   0.1737   0.0705   0.2874   0.1569   0.2196   0.0628   0.0331   0.0719   0.0822    0.134   0.0301   0.1147   0.1519   0.4679   0.2548    0.096   0.0193   0.1467    0.264   0.0053   0.2001   0.1383   0.2156    0.131   0.2721   0.0273   0.1024      1.0    0.599   0.0846   0.6888   0.3474    0.065   0.1867   0.0818   0.1885   0.3328   0.2083    0.051   0.0848   0.2446   0.0271   0.0577    0.191   0.0284   0.1405   0.1811   0.2779   0.1219   0.0579   0.1316   0.2066   0.1038   0.2963   0.2439   0.1151   0.3532   0.1303   0.2492   0.0458   0.3868   0.1039   0.0336   0.0569   0.0758    0.249    0.112   0.1119   0.0429   0.1399   0.0186   0.2597   0.0848   0.0876   0.1714   0.1556    0.102   0.0761   0.3337   0.1247   0.0872   0.0534   0.1183   0.0492    0.163   0.1105   0.1341   0.2887   0.1679   0.4323   0.1617   0.1296   0.0122   0.0416   0.0241   0.1164   0.2324   0.1522   0.1267   0.2744   0.1806   0.0572   0.1767   0.0801   0.1046   0.1581   0.1921    0.186   0.1932   0.0478   0.0129   0.0457   0.1939   0.0921   0.4128   0.1328   0.2018   0.0407   0.1543   0.1158   0.1834   0.3841   0.1287   0.2699   0.2013   0.0625   0.1382   0.1562   0.0984   0.2048   0.2613
  snr   -17.09
    H      5.5
 exon     True

M: mem
 freq      0.0   0.0016   0.0032   0.0048   0.0064    0.008   0.0096   0.0112   0.0128   0.0144    0.016   0.0176   0.0192   0.0208   0.0224    0.024   0.0256   0.0272   0.0288   0.0304   0.0321   0.0337   0.0353   0.0369   0.0385   0.0401   0.0417   0.0433   0.0449   0.0465   0.0481   0.0497   0.0513   0.0529   0.0545   0.0561   0.0577   0.0593   0.0609   0.0625   0.0641   0.0657   0.0673   0.0689   0.0705   0.0721   0.0737   0.0753   0.0769   0.0785   0.0801   0.0817   0.0833   0.0849   0.0865   0.0881   0.0897   0.0913   0.0929   0.0946   0.0962   0.0978   0.0994    0.101   0.1026   0.1042   0.1058   0.1074    0.109   0.1106   0.1122   0.1138   0.1154    0.117   0.1186   0.1202   0.1218   0.1234    0.125   0.1266   0.1282   0.1298   0.1314    0.133   0.1346   0.1362   0.1378   0.1394    0.141   0.1426   0.1442   0.1458   0.1474    0.149   0.1506   0.1522   0.1538   0.1554   0.1571   0.1587   0.1603   0.1619   0.1635   0.1651   0.1667   0.1683   0.1699   0.1715   0.1731   0.1747   0.1763   0.1779   0.1795   0.1811   0.1827   0.1843   0.1859   0.1875   0.1891   0.1907   0.1923   0.1939   0.1955   0.1971   0.1987   0.2003   0.2019   0.2035   0.2051   0.2067   0.2083   0.2099   0.2115   0.2131   0.2147   0.2163   0.2179   0.2196   0.2212   0.2228   0.2244    0.226   0.2276   0.2292   0.2308   0.2324    0.234   0.2356   0.2372   0.2388   0.2404    0.242   0.2436   0.2452   0.2468   0.2484     0.25   0.2516   0.2532   0.2548   0.2564    0.258   0.2596   0.2612   0.2628   0.2644    0.266   0.2676   0.2692   0.2708   0.2724    0.274   0.2756   0.2772   0.2788   0.2804   0.2821   0.2837   0.2853   0.2869   0.2885   0.2901   0.2917   0.2933   0.2949   0.2965   0.2981   0.2997   0.3013   0.3029   0.3045   0.3061   0.3077   0.3093   0.3109   0.3125   0.3141   0.3157   0.3173   0.3189   0.3205   0.3221   0.3237   0.3253   0.3269   0.3285   0.3301   0.3317   0.3333   0.3349   0.3365   0.3381   0.3397   0.3413   0.3429   0.3446   0.3462   0.3478   0.3494    0.351   0.3526   0.3542   0.3558   0.3574    0.359   0.3606   0.3622   0.3638   0.3654    0.367   0.3686   0.3702   0.3718   0.3734    0.375   0.3766   0.3782   0.3798   0.3814    0.383   0.3846   0.3862   0.3878   0.3894    0.391   0.3926   0.3942   0.3958   0.3974    0.399   0.4006   0.4022   0.4038   0.4054   0.4071   0.4087   0.4103   0.4119   0.4135   0.4151   0.4167   0.4183   0.4199   0.4215   0.4231   0.4247   0.4263   0.4279   0.4295   0.4311   0.4327   0.4343   0.4359   0.4375   0.4391   0.4407   0.4423   0.4439   0.4455   0.4471   0.4487   0.4503   0.4519   0.4535   0.4551   0.4567   0.4583   0.4599   0.4615   0.4631   0.4647   0.4663   0.4679   0.4696   0.4712   0.4728   0.4744    0.476   0.4776   0.4792   0.4808   0.4824    0.484   0.4856   0.4872   0.4888   0.4904    0.492   0.4936   0.4952   0.4968   0.4984
    S      0.0   0.0424   0.0772   0.0266   0.0678   0.0594   0.0353   0.0046   0.0948   0.2232   0.0374   0.0554   0.0485   0.1167   0.0093   0.0749   0.0021    0.014     0.07    0.134   0.0754    0.064   0.1499   0.0308   0.2433   0.4414   0.0274   0.1382   0.1655   0.0434   0.0528   0.0014   0.6134   0.3597   0.1061   0.0265   0.0526   0.0222   0.0934   0.1617   0.0526   0.4202   0.1459   0.3109   0.4802    0.056   0.1834   0.1598   0.0459   0.0347   0.0932   0.0509   0.0841   0.0414   0.1725   0.2539   0.2062   0.0797   0.4915   0.1369    0.443   0.1897   0.3684   0.0192   0.0091   0.5529    0.073   0.0396   0.2759   0.1939   0.1583   0.0273   0.0039   0.1516   0.2524    0.028   0.2203   0.0248   0.1991   0.1288   0.0155   0.1459   0.1256    0.144   0.0022    0.097   0.0359   0.0348   0.1328    0.181    0.059   0.2263   0.0549   0.0067     0.14   0.1586   0.1392   0.0169   0.0554   0.3587    0.214   0.1365   0.1164   0.1145    0.357   0.2012   0.0705   0.1477   0.1501   0.2891   0.0322   0.5601   0.5451    0.027   0.2335   0.4266   0.2969   0.1451   0.4733   0.1034   0.2305   0.0043   0.0065   0.0536   0.1176   0.2162   0.0295   0.1923   0.1316   0.3514   0.0552   0.1265   0.1094   0.0433   0.5938   0.0956   0.0719    0.211    0.269   0.1191   0.0901   0.4074   0.0325   0.0198   0.1349   0.0479    0.068   0.1128   0.1712   0.1699   0.2456   0.1358   0.0942   0.0957   0.0109   0.0179    0.052   0.1987    0.079   0.3279   0.2118   0.0341   0.0622    0.077   0.6526   0.0015   0.2764   0.0507   0.0094   0.1488   0.0144   0.0142   0.1411    0.017   0.3848   0.0014   0.2064    0.948   0.2233   0.3058   0.0589   0.2333   0.0727   0.0832   0.2236   0.2006    0.103   0.0058   0.0154   0.0423   0.0435   0.0097   0.1457   0.1998   0.0531   0.1692    0.091   0.0056    0.128   0.1838   0.0069    0.047   0.1718   0.0273   0.0448   0.1431   0.0996   0.0056    0.164   0.7122   0.0187      1.0   0.4507     0.12   0.0207   0.0509    0.084   0.1966   0.0204   0.0149     0.02   0.3024   0.0031   0.0297   0.2796   0.0133   0.0988   0.2878   0.1428   0.0445   0.0253   0.0297   0.0543   0.1214   0.4259   0.2516   0.1191   0.2808   0.1603   0.1193   0.0707   0.1575   0.1512    0.006   0.1439   0.1062   0.2535   0.1492   0.2272   0.0241   0.0928   0.0468    0.332   0.1132   0.2146   0.2514   0.1047   0.0682    0.037   0.5207   0.1738   0.0153   0.0451   0.0683   0.0712   0.0414   0.0246   0.2656   0.4013   0.0017   0.5698   0.2826   0.1823   0.0245   0.0092    0.011    0.081   0.4244   0.1924   0.0359   0.3221    0.312    0.035   0.2681   0.0455   0.0992   0.0258   0.2363   0.0599   0.1676   0.0851   0.0052    0.034   0.3075   0.1197   0.4467   0.2317   0.3068   0.0019   0.1473    0.068   0.1845   0.3973   0.0436   0.1983   0.3079   0.0447   0.1559   0.2215   0.0842   0.0144   0.2451
  snr   -16.58
    H     5.31
 exon     True

M: tbpse
 freq      0.0   0.0016   0.0032   0.0048   0.0064    0.008   0.0096   0.0112   0.0128   0.0144    0.016   0.0176   0.0192   0.0208   0.0224    0.024   0.0256   0.0272   0.0288   0.0304   0.0321   0.0337   0.0353   0.0369   0.0385   0.0401   0.0417   0.0433   0.0449   0.0465   0.0481   0.0497   0.0513   0.0529   0.0545   0.0561   0.0577   0.0593   0.0609   0.0625   0.0641   0.0657   0.0673   0.0689   0.0705   0.0721   0.0737   0.0753   0.0769   0.0785   0.0801   0.0817   0.0833   0.0849   0.0865   0.0881   0.0897   0.0913   0.0929   0.0946   0.0962   0.0978   0.0994    0.101   0.1026   0.1042   0.1058   0.1074    0.109   0.1106   0.1122   0.1138   0.1154    0.117   0.1186   0.1202   0.1218   0.1234    0.125   0.1266   0.1282   0.1298   0.1314    0.133   0.1346   0.1362   0.1378   0.1394    0.141   0.1426   0.1442   0.1458   0.1474    0.149   0.1506   0.1522   0.1538   0.1554   0.1571   0.1587   0.1603   0.1619   0.1635   0.1651   0.1667   0.1683   0.1699   0.1715   0.1731   0.1747   0.1763   0.1779   0.1795   0.1811   0.1827   0.1843   0.1859   0.1875   0.1891   0.1907   0.1923   0.1939   0.1955   0.1971   0.1987   0.2003   0.2019   0.2035   0.2051   0.2067   0.2083   0.2099   0.2115   0.2131   0.2147   0.2163   0.2179   0.2196   0.2212   0.2228   0.2244    0.226   0.2276   0.2292   0.2308   0.2324    0.234   0.2356   0.2372   0.2388   0.2404    0.242   0.2436   0.2452   0.2468   0.2484     0.25   0.2516   0.2532   0.2548   0.2564    0.258   0.2596   0.2612   0.2628   0.2644    0.266   0.2676   0.2692   0.2708   0.2724    0.274   0.2756   0.2772   0.2788   0.2804   0.2821   0.2837   0.2853   0.2869   0.2885   0.2901   0.2917   0.2933   0.2949   0.2965   0.2981   0.2997   0.3013   0.3029   0.3045   0.3061   0.3077   0.3093   0.3109   0.3125   0.3141   0.3157   0.3173   0.3189   0.3205   0.3221   0.3237   0.3253   0.3269   0.3285   0.3301   0.3317   0.3333   0.3349   0.3365   0.3381   0.3397   0.3413   0.3429   0.3446   0.3462   0.3478   0.3494    0.351   0.3526   0.3542   0.3558   0.3574    0.359   0.3606   0.3622   0.3638   0.3654    0.367   0.3686   0.3702   0.3718   0.3734    0.375   0.3766   0.3782   0.3798   0.3814    0.383   0.3846   0.3862   0.3878   0.3894    0.391   0.3926   0.3942   0.3958   0.3974    0.399   0.4006   0.4022   0.4038   0.4054   0.4071   0.4087   0.4103   0.4119   0.4135   0.4151   0.4167   0.4183   0.4199   0.4215   0.4231   0.4247   0.4263   0.4279   0.4295   0.4311   0.4327   0.4343   0.4359   0.4375   0.4391   0.4407   0.4423   0.4439   0.4455   0.4471   0.4487   0.4503   0.4519   0.4535   0.4551   0.4567   0.4583   0.4599   0.4615   0.4631   0.4647   0.4663   0.4679   0.4696   0.4712   0.4728   0.4744    0.476   0.4776   0.4792   0.4808   0.4824    0.484   0.4856   0.4872   0.4888   0.4904    0.492   0.4936   0.4952   0.4968   0.4984
    S      0.0   0.6773   0.1232   0.0493   0.0173   0.0188   0.0363   0.0784   0.1784   0.0621   0.1687   0.0515     0.12   0.2097   0.0324   0.1224   0.1581   0.1639   0.0706   0.2338   0.4689   0.1052   0.2461   0.2924   0.1166   0.1459   0.2542   0.3133    0.182   0.1066   0.0261   0.0151   0.0523   0.0352    0.124   0.1725   0.1975   0.0383    0.147   0.0563   0.1544   0.0312   0.2442   0.0203   0.0258   0.1092   0.0956   0.2655   0.0098   0.2027   0.1369   0.2247   0.1274   0.1635   0.0995   0.2426   0.0356   0.0184   0.1021   0.1247   0.1381   0.0599    0.181   0.1192   0.0232   0.2045    0.028   0.0359   0.0474    0.041    0.085   0.0133   0.0673   0.0717   0.0103   0.1036   0.0436   0.1172    0.083    0.169   0.0092   0.0439   0.0246   0.0148   0.0788    0.018   0.0574    0.162   0.0185    0.167   0.1295   0.0365   0.0166   0.0206   0.0643   0.0578   0.0327   0.0187   0.0799   0.0397   0.1566   0.0072   0.0807   0.1665   0.0438   0.0246   0.0168    0.238   0.0967   0.1247   0.1067   0.2663   0.0951    0.031   0.0251    0.057   0.0913   0.2322   0.2959   0.0114   0.0446    0.104   0.0027   0.0536   0.0129   0.1507   0.0973   0.3355   0.0126     0.15   0.0525   0.0818   0.0298   0.1069   0.0992   0.0432   0.0158   0.0368   0.0292   0.1362   0.0128   0.0513   0.0618   0.0301   0.0184   0.2045   0.1944   0.0534   0.0894   0.1698   0.0299   0.0165   0.1034   0.0141   0.0521   0.1768   0.0466   0.0134     0.12   0.0355   0.0127   0.0344   0.0758   0.0326   0.0775   0.1377   0.0786   0.1227   0.1028   0.0939   0.0222   0.0327   0.0232   0.1708   0.2773   0.1848   0.1325   0.1999   0.0174   0.1123   0.0387   0.0153    0.041   0.2387    0.081   0.0927   0.0453   0.0409     0.06    0.037   0.1149   0.0119   0.0478   0.0621   0.4152   0.1419    0.066   0.0093    0.142   0.1127   0.0139   0.1622   0.0154   0.1877   0.1314   0.1143   0.0377   0.1098      1.0   0.3455   0.0743   0.1729   0.1358   0.0143    0.183    0.046   0.1474   0.2894   0.1881   0.0497   0.0792   0.0853   0.0241    0.017   0.0087   0.0097   0.0384   0.0182     0.18   0.0797   0.0199   0.1174   0.1639   0.0504   0.0765   0.0097   0.0655   0.2253   0.0333   0.1035   0.0065   0.2823   0.0103   0.0276   0.0308   0.0444   0.1199   0.0329   0.0353   0.0317   0.1174   0.0188   0.0694   0.0204   0.0293   0.0099   0.1572   0.0742   0.0405   0.0255   0.0214   0.0797   0.0116   0.1457   0.0744   0.1074    0.062   0.0412   0.0208   0.1292    0.101   0.0386   0.0372   0.0043   0.0389   0.0112   0.0618    0.035   0.0569   0.1619   0.1199   0.0681   0.0139   0.0477   0.0711   0.0718   0.1807   0.0209   0.0875   0.1513   0.0276   0.0102   0.0171   0.0244   0.0468   0.2267    0.053   0.1133   0.0426   0.1038   0.1062   0.1324   0.1714   0.1082   0.1228    0.076   0.0455    0.077   0.0093   0.0679   0.1984   0.1875
  snr   -14.61
    H     5.35
 exon     True

M: snrse
 freq      0.0   0.0016   0.0032   0.0048   0.0064    0.008   0.0096   0.0112   0.0128   0.0144    0.016   0.0176   0.0192   0.0208   0.0224    0.024   0.0256   0.0272   0.0288   0.0304   0.0321   0.0337   0.0353   0.0369   0.0385   0.0401   0.0417   0.0433   0.0449   0.0465   0.0481   0.0497   0.0513   0.0529   0.0545   0.0561   0.0577   0.0593   0.0609   0.0625   0.0641   0.0657   0.0673   0.0689   0.0705   0.0721   0.0737   0.0753   0.0769   0.0785   0.0801   0.0817   0.0833   0.0849   0.0865   0.0881   0.0897   0.0913   0.0929   0.0946   0.0962   0.0978   0.0994    0.101   0.1026   0.1042   0.1058   0.1074    0.109   0.1106   0.1122   0.1138   0.1154    0.117   0.1186   0.1202   0.1218   0.1234    0.125   0.1266   0.1282   0.1298   0.1314    0.133   0.1346   0.1362   0.1378   0.1394    0.141   0.1426   0.1442   0.1458   0.1474    0.149   0.1506   0.1522   0.1538   0.1554   0.1571   0.1587   0.1603   0.1619   0.1635   0.1651   0.1667   0.1683   0.1699   0.1715   0.1731   0.1747   0.1763   0.1779   0.1795   0.1811   0.1827   0.1843   0.1859   0.1875   0.1891   0.1907   0.1923   0.1939   0.1955   0.1971   0.1987   0.2003   0.2019   0.2035   0.2051   0.2067   0.2083   0.2099   0.2115   0.2131   0.2147   0.2163   0.2179   0.2196   0.2212   0.2228   0.2244    0.226   0.2276   0.2292   0.2308   0.2324    0.234   0.2356   0.2372   0.2388   0.2404    0.242   0.2436   0.2452   0.2468   0.2484     0.25   0.2516   0.2532   0.2548   0.2564    0.258   0.2596   0.2612   0.2628   0.2644    0.266   0.2676   0.2692   0.2708   0.2724    0.274   0.2756   0.2772   0.2788   0.2804   0.2821   0.2837   0.2853   0.2869   0.2885   0.2901   0.2917   0.2933   0.2949   0.2965   0.2981   0.2997   0.3013   0.3029   0.3045   0.3061   0.3077   0.3093   0.3109   0.3125   0.3141   0.3157   0.3173   0.3189   0.3205   0.3221   0.3237   0.3253   0.3269   0.3285   0.3301   0.3317   0.3333   0.3349   0.3365   0.3381   0.3397   0.3413   0.3429   0.3446   0.3462   0.3478   0.3494    0.351   0.3526   0.3542   0.3558   0.3574    0.359   0.3606   0.3622   0.3638   0.3654    0.367   0.3686   0.3702   0.3718   0.3734    0.375   0.3766   0.3782   0.3798   0.3814    0.383   0.3846   0.3862   0.3878   0.3894    0.391   0.3926   0.3942   0.3958   0.3974    0.399   0.4006   0.4022   0.4038   0.4054   0.4071   0.4087   0.4103   0.4119   0.4135   0.4151   0.4167   0.4183   0.4199   0.4215   0.4231   0.4247   0.4263   0.4279   0.4295   0.4311   0.4327   0.4343   0.4359   0.4375   0.4391   0.4407   0.4423   0.4439   0.4455   0.4471   0.4487   0.4503   0.4519   0.4535   0.4551   0.4567   0.4583   0.4599   0.4615   0.4631   0.4647   0.4663   0.4679   0.4696   0.4712   0.4728   0.4744    0.476   0.4776   0.4792   0.4808   0.4824    0.484   0.4856   0.4872   0.4888   0.4904    0.492   0.4936   0.4952   0.4968   0.4984
    S      0.0   0.7901   0.1093   0.0616   0.0108   0.0079   0.0236   0.0616   0.1792   0.0439   0.1718   0.0592   0.1309   0.2172   0.0358   0.1338   0.1408   0.1808   0.0686   0.2854    0.498   0.0957   0.2451   0.2931   0.0929   0.1305   0.2788   0.3322   0.1921   0.1031   0.0203    0.016   0.0178   0.0238   0.1345   0.1915   0.2135   0.0297   0.1459   0.0313   0.1687   0.0241   0.2339   0.0175   0.0093   0.1048   0.0808   0.2603   0.0182   0.2066   0.1227   0.2432   0.1129   0.1691   0.1195    0.224   0.0017   0.0172   0.0695   0.1232   0.1205   0.0421   0.1539   0.1066   0.0224   0.1687   0.0393   0.0286   0.0344   0.0187     0.06   0.0098   0.0686   0.0561   0.0079   0.1206   0.0371   0.1055   0.0742    0.161   0.0058   0.0377   0.0287   0.0097   0.0848   0.0063   0.0531   0.1313   0.0115   0.1824   0.1464   0.0323   0.0092   0.0093   0.0344   0.0549   0.0422   0.0144   0.0571   0.0001   0.1809   0.0024   0.0735   0.1869   0.0148   0.0056    0.009   0.2489   0.0929   0.1203   0.1182   0.2036   0.0455   0.0401   0.0007   0.0355    0.062   0.2762   0.2619   0.0189    0.045   0.1194   0.0024    0.069   0.0056   0.1155   0.1195   0.3409   0.0031   0.1245   0.0308   0.0867   0.0305   0.1024   0.0812    0.045   0.0021   0.0157   0.0064   0.1497   0.0038   0.0322    0.049   0.0231   0.0019   0.1973   0.2164   0.0486   0.0792    0.186   0.0023   0.0038     0.11   0.0063   0.0678   0.1893   0.0437   0.0029   0.1232   0.0279   0.0029   0.0308   0.0874   0.0318     0.04   0.1602   0.0808   0.1562   0.1211   0.0939   0.0196   0.0156   0.0236   0.1732   0.2811   0.1737   0.1301   0.1117   0.0046   0.0396   0.0401   0.0147   0.0405   0.2526   0.0613   0.0978   0.0289   0.0338   0.0678    0.045    0.118   0.0031   0.0385   0.0489   0.4524   0.1639   0.0639   0.0085   0.1291    0.131   0.0027   0.1697    0.007   0.2091    0.129   0.1257   0.0099   0.1029      1.0   0.3312   0.0724   0.1203   0.1081    0.005    0.182   0.0427   0.1508   0.2827   0.2129    0.054    0.085   0.0751   0.0185   0.0179   0.0021   0.0076   0.0526   0.0057   0.1794   0.0888   0.0273   0.1221   0.1901   0.0323   0.0558   0.0125   0.0596   0.2194    0.034   0.1313   0.0047   0.2999   0.0053   0.0315   0.0166   0.0422   0.0993   0.0288   0.0148   0.0312   0.1221   0.0118   0.0635   0.0118   0.0113   0.0031   0.1262   0.0815   0.0254   0.0035   0.0065   0.0773   0.0157   0.1196   0.0503    0.129   0.0805    0.018   0.0169   0.1601    0.087   0.0248   0.0302   0.0011   0.0347   0.0121   0.0638   0.0113   0.0449   0.1313   0.1086   0.0527   0.0111   0.0352   0.0595   0.0672   0.1649   0.0115    0.116   0.1477   0.0169   0.0096   0.0123   0.0059   0.0331   0.1861   0.0329    0.097    0.043   0.0934   0.0974   0.1317   0.1709   0.1123   0.1395   0.0433    0.047   0.0728   0.0019   0.0629   0.2133   0.1955
  snr    -14.4
    H     5.25
 exon     True