>YOR029W
N: 336
Methods: voss, eiip, qpsk, mem, alg1, alg2

M: voss
 freq      0.0    0.003    0.006   0.0089   0.0119   0.0149   0.0179   0.0208   0.0238   0.0268   0.0298   0.0327   0.0357   0.0387   0.0417   0.0446   0.0476   0.0506   0.0536   0.0565   0.0595   0.0625   0.0655   0.0685   0.0714   0.0744   0.0774   0.0804   0.0833   0.0863   0.0893   0.0923   0.0952   0.0982   0.1012   0.1042   0.1071   0.1101   0.1131   0.1161    0.119    0.122    0.125    0.128    0.131   0.1339   0.1369   0.1399   0.1429   0.1458   0.1488   0.1518   0.1548   0.1577   0.1607   0.1637   0.1667   0.1696   0.1726   0.1756   0.1786   0.1815   0.1845   0.1875   0.1905   0.1935   0.1964   0.1994   0.2024   0.2054   0.2083   0.2113   0.2143   0.2173   0.2202   0.2232   0.2262   0.2292   0.2321   0.2351   0.2381   0.2411    0.244    0.247     0.25    0.253    0.256   0.2589   0.2619   0.2649   0.2679   0.2708   0.2738   0.2768   0.2798   0.2827   0.2857   0.2887   0.2917   0.2946   0.2976   0.3006   0.3036   0.3065   0.3095   0.3125   0.3155   0.3185   0.3214   0.3244   0.3274   0.3304   0.3333   0.3363   0.3393   0.3423   0.3452   0.3482   0.3512   0.3542   0.3571   0.3601   0.3631   0.3661    0.369    0.372    0.375    0.378    0.381   0.3839   0.3869   0.3899   0.3929   0.3958   0.3988   0.4018   0.4048   0.4077   0.4107   0.4137   0.4167   0.4196   0.4226   0.4256   0.4286   0.4315   0.4345   0.4375   0.4405   0.4435   0.4464   0.4494   0.4524   0.4554   0.4583   0.4613   0.4643   0.4673   0.4702   0.4732   0.4762   0.4792   0.4821   0.4851   0.4881   0.4911    0.494    0.497
    S      0.0   0.2789   0.3495   0.5178   0.3027   0.6335   0.4371   0.4412      1.0   0.4128   0.4934   0.3496   0.4729   0.1569   0.5997    0.288   0.2993   0.5728   0.2029   0.8932   0.2022   0.3208   0.2722   0.1548   0.6266   0.4015   0.5987   0.1691   0.0802   0.1835   0.4348   0.1828   0.1662   0.2594   0.2022   0.4216   0.4149   0.2044   0.1955   0.2837   0.3296   0.1526   0.7436   0.2393    0.348   0.1823   0.2508   0.1308    0.474   0.1141   0.3512   0.1665   0.7202   0.5377   0.4857   0.2259   0.0722   0.4148   0.2521    0.322   0.3084   0.6897   0.0566   0.1638   0.6241   0.5019   0.4044   0.1792   0.1847   0.5574   0.1196   0.9506   0.1849   0.2127   0.4454   0.1846   0.2903   0.5963   0.4474    0.381   0.0701     0.38   0.2763   0.2023   0.5159   0.1215   0.2895   0.2304   0.1968   0.4937    0.041   0.2886   0.5877    0.286   0.1362   0.1617   0.2063   0.3388   0.1409   0.3367   0.4582   0.2109   0.1987   0.3635   0.2837   0.2097   0.2541   0.3935   0.2042   0.1648   0.3966   0.3282   0.1341   0.2622   0.3502   0.2254   0.7996   0.6107   0.1167   0.3571   0.3726   0.4043    0.271   0.1289    0.211   0.9471   0.4481   0.2335   0.2586   0.1941   0.2492   0.5004   0.1243   0.4445   0.1993   0.1632   0.1875   0.2865   0.5155   0.2206   0.1159   0.1948   0.0729   0.2378    0.189    0.358   0.2188   0.1621   0.0349   0.3467   0.1416   0.2699   0.2506   0.2827   0.1613    0.304    0.632    0.183    0.324      0.3   0.2082   0.2257   0.0966   0.4952   0.1427   0.1442   0.5432     0.28
  snr   -17.19
    H     4.96
 exon    False

M: eiip
 freq      0.0    0.003    0.006   0.0089   0.0119   0.0149   0.0179   0.0208   0.0238   0.0268   0.0298   0.0327   0.0357   0.0387   0.0417   0.0446   0.0476   0.0506   0.0536   0.0565   0.0595   0.0625   0.0655   0.0685   0.0714   0.0744   0.0774   0.0804   0.0833   0.0863   0.0893   0.0923   0.0952   0.0982   0.1012   0.1042   0.1071   0.1101   0.1131   0.1161    0.119    0.122    0.125    0.128    0.131   0.1339   0.1369   0.1399   0.1429   0.1458   0.1488   0.1518   0.1548   0.1577   0.1607   0.1637   0.1667   0.1696   0.1726   0.1756   0.1786   0.1815   0.1845   0.1875   0.1905   0.1935   0.1964   0.1994   0.2024   0.2054   0.2083   0.2113   0.2143   0.2173   0.2202   0.2232   0.2262   0.2292   0.2321   0.2351   0.2381   0.2411    0.244    0.247     0.25    0.253    0.256   0.2589   0.2619   0.2649   0.2679   0.2708   0.2738   0.2768   0.2798   0.2827   0.2857   0.2887   0.2917   0.2946   0.2976   0.3006   0.3036   0.3065   0.3095   0.3125   0.3155   0.3185   0.3214   0.3244   0.3274   0.3304   0.3333   0.3363   0.3393   0.3423   0.3452   0.3482   0.3512   0.3542   0.3571   0.3601   0.3631   0.3661    0.369    0.372    0.375    0.378    0.381   0.3839   0.3869   0.3899   0.3929   0.3958   0.3988   0.4018   0.4048   0.4077   0.4107   0.4137   0.4167   0.4196   0.4226   0.4256   0.4286   0.4315   0.4345   0.4375   0.4405   0.4435   0.4464   0.4494   0.4524   0.4554   0.4583   0.4613   0.4643   0.4673   0.4702   0.4732   0.4762   0.4792   0.4821   0.4851   0.4881   0.4911    0.494    0.497
    S      0.0   0.2778   0.1492   0.1104   0.1309   0.1096   0.2437   0.2996      1.0   0.1557   0.2115    0.205   0.1643   0.0603   0.0953   0.0481    0.278   0.6702   0.0965   0.1025   0.0482   0.0904   0.0838   0.0094   0.3518   0.1198   0.1557     0.05   0.0614   0.0029   0.0249   0.1225   0.1335   0.0828   0.1005   0.2455   0.1114   0.0915   0.0196   0.1124    0.028   0.2049   0.0276   0.2332   0.0697   0.0112   0.1194   0.0803   0.2787   0.0523   0.3347   0.0033   0.4404   0.0844   0.0208    0.193   0.0418   0.2401   0.2937   0.0969   0.1925   0.1013    0.032    0.065      0.0   0.4777   0.2795   0.0345   0.1852   0.1786    0.006    0.674   0.1667   0.0469   0.1996   0.0129   0.1483   0.0491   0.0916   0.0665   0.0817   0.2382   0.1831   0.0059   0.1157   0.0392   0.2236   0.0516   0.0428   0.0547   0.0034   0.1902   0.0559   0.0784   0.0434    0.133   0.0211   0.1086   0.0785   0.0315   0.1269   0.0286      0.0   0.0565   0.3031   0.0318   0.0238   0.0315   0.2235   0.0296   0.2346   0.3139   0.0592     0.24   0.1373   0.2135   0.1925   0.2329   0.0283   0.1087   0.0241    0.219    0.076   0.0129   0.2079   0.1406   0.2766   0.1336   0.0014   0.1244   0.0863   0.0466    0.101    0.469   0.1349   0.1052   0.0227   0.1037    0.256   0.2314   0.0881   0.0056   0.0171   0.2809   0.0295   0.2217   0.1352   0.0179   0.0107   0.1276    0.072   0.0088    0.353   0.1532   0.0057   0.0243   0.3314   0.0078   0.0792   0.0997   0.0113   0.0218   0.0497   0.1751   0.0548   0.1465   0.1567   0.1675
  snr   -13.29
    H     4.71
 exon    False

M: qpsk
 freq      0.0    0.003    0.006   0.0089   0.0119   0.0149   0.0179   0.0208   0.0238   0.0268   0.0298   0.0327   0.0357   0.0387   0.0417   0.0446   0.0476   0.0506   0.0536   0.0565   0.0595   0.0625   0.0655   0.0685   0.0714   0.0744   0.0774   0.0804   0.0833   0.0863   0.0893   0.0923   0.0952   0.0982   0.1012   0.1042   0.1071   0.1101   0.1131   0.1161    0.119    0.122    0.125    0.128    0.131   0.1339   0.1369   0.1399   0.1429   0.1458   0.1488   0.1518   0.1548   0.1577   0.1607   0.1637   0.1667   0.1696   0.1726   0.1756   0.1786   0.1815   0.1845   0.1875   0.1905   0.1935   0.1964   0.1994   0.2024   0.2054   0.2083   0.2113   0.2143   0.2173   0.2202   0.2232   0.2262   0.2292   0.2321   0.2351   0.2381   0.2411    0.244    0.247     0.25    0.253    0.256   0.2589   0.2619   0.2649   0.2679   0.2708   0.2738   0.2768   0.2798   0.2827   0.2857   0.2887   0.2917   0.2946   0.2976   0.3006   0.3036   0.3065   0.3095   0.3125   0.3155   0.3185   0.3214   0.3244   0.3274   0.3304   0.3333   0.3363   0.3393   0.3423   0.3452   0.3482   0.3512   0.3542   0.3571   0.3601   0.3631   0.3661    0.369    0.372    0.375    0.378    0.381   0.3839   0.3869   0.3899   0.3929   0.3958   0.3988   0.4018   0.4048   0.4077   0.4107   0.4137   0.4167   0.4196   0.4226   0.4256   0.4286   0.4315   0.4345   0.4375   0.4405   0.4435   0.4464   0.4494   0.4524   0.4554   0.4583   0.4613   0.4643   0.4673   0.4702   0.4732   0.4762   0.4792   0.4821   0.4851   0.4881   0.4911    0.494    0.497
    S      0.0     0.22   0.3702   0.1125   0.2636   0.4575   0.4466    0.221      1.0   0.3058   0.3174   0.3329   0.4326   0.0397   0.4423   0.1123   0.3072   0.4605   0.2066   0.7586   0.1915   0.1135   0.1585   0.1519   0.4044   0.3613   0.6245   0.1313   0.0357   0.0661   0.2027   0.1719   0.0476   0.1497   0.0695   0.3278   0.3096   0.0895   0.1815    0.117   0.2578   0.1258   0.2911   0.2075   0.3251    0.121   0.2559   0.0411   0.3229   0.1058   0.3713   0.1016   0.6796   0.5015   0.2915   0.2391   0.0713   0.2327    0.203   0.0511   0.3237   0.5617   0.0329   0.0975    0.263   0.2352   0.4201   0.1696   0.1661   0.4204   0.0923   0.7315   0.1576   0.1416   0.4209   0.0564   0.2529   0.5774   0.1615   0.2514   0.0714   0.3577   0.2782     0.06   0.2455   0.0561   0.1466   0.0703   0.1841   0.0701    0.039   0.2425   0.2418   0.2646   0.1343   0.1499   0.1617   0.0821   0.0997   0.3132   0.3573   0.0661   0.1244   0.3684   0.1293   0.1624    0.118   0.3306   0.2124   0.1118   0.0731   0.3361   0.0384   0.2382   0.3559   0.0717   0.6141   0.4395   0.0982   0.2497   0.2391   0.3168   0.2677    0.074   0.1291   0.5466   0.4579    0.234   0.0656   0.1225   0.1697   0.4641   0.0889   0.4284   0.0599   0.1663   0.1118   0.1049   0.3189   0.2277   0.0357   0.2069    0.051   0.1588   0.1629   0.2951    0.114   0.1698   0.0152   0.3054   0.0965   0.1155   0.1949   0.0342   0.1393    0.085   0.0485    0.069   0.0416   0.1699   0.1575   0.1848   0.1018   0.3212   0.1299   0.0725   0.5452   0.1968
  snr   -15.64
    H     4.88
 exon    False

M: mem
 freq      0.0    0.003    0.006   0.0089   0.0119   0.0149   0.0179   0.0208   0.0238   0.0268   0.0298   0.0327   0.0357   0.0387   0.0417   0.0446   0.0476   0.0506   0.0536   0.0565   0.0595   0.0625   0.0655   0.0685   0.0714   0.0744   0.0774   0.0804   0.0833   0.0863   0.0893   0.0923   0.0952   0.0982   0.1012   0.1042   0.1071   0.1101   0.1131   0.1161    0.119    0.122    0.125    0.128    0.131   0.1339   0.1369   0.1399   0.1429   0.1458   0.1488   0.1518   0.1548   0.1577   0.1607   0.1637   0.1667   0.1696   0.1726   0.1756   0.1786   0.1815   0.1845   0.1875   0.1905   0.1935   0.1964   0.1994   0.2024   0.2054   0.2083   0.2113   0.2143   0.2173   0.2202   0.2232   0.2262   0.2292   0.2321   0.2351   0.2381   0.2411    0.244    0.247     0.25    0.253    0.256   0.2589   0.2619   0.2649   0.2679   0.2708   0.2738   0.2768   0.2798   0.2827   0.2857   0.2887   0.2917   0.2946   0.2976   0.3006   0.3036   0.3065   0.3095   0.3125   0.3155   0.3185   0.3214   0.3244   0.3274   0.3304   0.3333   0.3363   0.3393   0.3423   0.3452   0.3482   0.3512   0.3542   0.3571   0.3601   0.3631   0.3661    0.369    0.372    0.375    0.378    0.381   0.3839   0.3869   0.3899   0.3929   0.3958   0.3988   0.4018   0.4048   0.4077   0.4107   0.4137   0.4167   0.4196   0.4226   0.4256   0.4286   0.4315   0.4345   0.4375   0.4405   0.4435   0.4464   0.4494   0.4524   0.4554   0.4583   0.4613   0.4643   0.4673   0.4702   0.4732   0.4762   0.4792   0.4821   0.4851   0.4881   0.4911    0.494    0.497
    S      0.0   0.0567   0.2316   0.1089   0.0862   0.8445   0.6809   0.1187   0.1358   0.3405   0.2731   0.0028    0.602   0.0075     0.55   0.0536   0.0213   0.0283   0.2607   0.5704   0.2996   0.0135   0.2265   0.1967   0.4024    0.077   0.7447   0.0105   0.0031   0.0387   0.2908   0.0062   0.0172   0.2524   0.0374   0.4629   0.1941   0.1131   0.2178   0.1165    0.472   0.0412   0.6521   0.0547   0.2088   0.0969   0.3682   0.0359   0.4631   0.1021   0.2077   0.1927   0.4729   0.8836   0.2257   0.1446   0.0064   0.3413   0.0316   0.1552   0.3896   0.3988   0.0387   0.1002   0.0121   0.0024   0.1259   0.1865   0.0213   0.5054   0.1735   0.9136   0.0936   0.2069   0.4924   0.1621   0.2216   0.7486   0.2004   0.2233   0.0071   0.5188   0.1057   0.0531   0.0273   0.0036   0.0065   0.0025   0.1781   0.0499   0.0423   0.3211   0.3463   0.1377   0.2292   0.0357   0.0118   0.0052   0.1161   0.5745   0.0604   0.1161   0.2343   0.4335   0.0433   0.1343   0.0724   0.5776   0.1123   0.0994   0.0082   0.1458   0.0312   0.1303    0.328   0.0312   0.6878   0.3752   0.1624   0.0978   0.2285   0.3388   0.3764   0.0018   0.1142      1.0   0.1875   0.1238   0.0325   0.1501   0.2699   0.7217   0.0152   0.0386   0.0454    0.093   0.0581    0.193   0.4152   0.2069   0.0379   0.3028   0.0541   0.0605   0.2056   0.0818   0.1573   0.2483   0.0124   0.3173   0.1376   0.0512   0.0765   0.0128   0.0944   0.1661   0.0914   0.1235   0.0783   0.1131   0.1051   0.1108   0.1534   0.5167   0.1221   0.0186   0.6642   0.2695
  snr   -15.28
    H     4.66
 exon    False

M: alg1
 freq      0.0    0.003    0.006   0.0089   0.0119   0.0149   0.0179   0.0208   0.0238   0.0268   0.0298   0.0327   0.0357   0.0387   0.0417   0.0446   0.0476   0.0506   0.0536   0.0565   0.0595   0.0625   0.0655   0.0685   0.0714   0.0744   0.0774   0.0804   0.0833   0.0863   0.0893   0.0923   0.0952   0.0982   0.1012   0.1042   0.1071   0.1101   0.1131   0.1161    0.119    0.122    0.125    0.128    0.131   0.1339   0.1369   0.1399   0.1429   0.1458   0.1488   0.1518   0.1548   0.1577   0.1607   0.1637   0.1667   0.1696   0.1726   0.1756   0.1786   0.1815   0.1845   0.1875   0.1905   0.1935   0.1964   0.1994   0.2024   0.2054   0.2083   0.2113   0.2143   0.2173   0.2202   0.2232   0.2262   0.2292   0.2321   0.2351   0.2381   0.2411    0.244    0.247     0.25    0.253    0.256   0.2589   0.2619   0.2649   0.2679   0.2708   0.2738   0.2768   0.2798   0.2827   0.2857   0.2887   0.2917   0.2946   0.2976   0.3006   0.3036   0.3065   0.3095   0.3125   0.3155   0.3185   0.3214   0.3244   0.3274   0.3304   0.3333   0.3363   0.3393   0.3423   0.3452   0.3482   0.3512   0.3542   0.3571   0.3601   0.3631   0.3661    0.369    0.372    0.375    0.378    0.381   0.3839   0.3869   0.3899   0.3929   0.3958   0.3988   0.4018   0.4048   0.4077   0.4107   0.4137   0.4167   0.4196   0.4226   0.4256   0.4286   0.4315   0.4345   0.4375   0.4405   0.4435   0.4464   0.4494   0.4524   0.4554   0.4583   0.4613   0.4643   0.4673   0.4702   0.4732   0.4762   0.4792   0.4821   0.4851   0.4881   0.4911    0.494    0.497
    S      0.0   0.2151   0.1542   0.7519   0.0754    0.391   0.1138   0.5043   0.4247   0.2862   0.4861   0.1423   0.0731    0.213   0.3466   0.2849   0.0692   0.3594   0.0965   0.4837   0.1037   0.4249   0.2584   0.0921   0.4079   0.2736   0.1997   0.1256   0.0983   0.1796   0.3896   0.0956   0.2188   0.1801   0.2553   0.2329   0.1423   0.2292   0.1525   0.3344    0.183   0.0958   0.6319   0.1356    0.256   0.1506   0.0404    0.194   0.4079   0.0656   0.0654   0.1044   0.0727   0.2187   0.4216   0.0336   0.0182   0.3458   0.1718    0.438   0.0258   0.3393   0.0654   0.1507   0.6806   0.5813   0.0877   0.1127   0.1121    0.174   0.0782   0.7094    0.072   0.1586   0.1438   0.1962   0.0734   0.3519    0.548   0.2624   0.0213   0.1307   0.1244   0.2157   0.5219   0.1345   0.3267   0.3074   0.0723   0.6849   0.0311    0.224   0.5484   0.1732   0.0329   0.0973   0.1542   0.4734   0.1255   0.1112   0.2741   0.2458   0.1403   0.1895   0.3192   0.1898   0.2191   0.1791   0.0236   0.0704   0.5927   0.0425   0.1925   0.0803   0.1438   0.3076   0.2316   0.3574   0.0448   0.1888   0.3899   0.1447   0.1376   0.1154   0.1886   0.8816   0.2239   0.0751    0.304   0.1334   0.1461   0.1903   0.0853   0.2111    0.267   0.0648   0.1838   0.3085   0.5331   0.0463   0.1596    0.096   0.0648    0.201   0.0907   0.2826   0.2214   0.0863   0.0474    0.075   0.1015   0.2379   0.1764   0.4518    0.137   0.3641      1.0   0.1591    0.483   0.3193   0.1567   0.1891   0.0141   0.2814   0.1057   0.1658    0.192    0.206
  snr   -15.69
    H     4.86
 exon    False

M: alg2
 freq      0.0    0.003    0.006   0.0089   0.0119   0.0149   0.0179   0.0208   0.0238   0.0268   0.0298   0.0327   0.0357   0.0387   0.0417   0.0446   0.0476   0.0506   0.0536   0.0565   0.0595   0.0625   0.0655   0.0685   0.0714   0.0744   0.0774   0.0804   0.0833   0.0863   0.0893   0.0923   0.0952   0.0982   0.1012   0.1042   0.1071   0.1101   0.1131   0.1161    0.119    0.122    0.125    0.128    0.131   0.1339   0.1369   0.1399   0.1429   0.1458   0.1488   0.1518   0.1548   0.1577   0.1607   0.1637   0.1667   0.1696   0.1726   0.1756   0.1786   0.1815   0.1845   0.1875   0.1905   0.1935   0.1964   0.1994   0.2024   0.2054   0.2083   0.2113   0.2143   0.2173   0.2202   0.2232   0.2262   0.2292   0.2321   0.2351   0.2381   0.2411    0.244    0.247     0.25    0.253    0.256   0.2589   0.2619   0.2649   0.2679   0.2708   0.2738   0.2768   0.2798   0.2827   0.2857   0.2887   0.2917   0.2946   0.2976   0.3006   0.3036   0.3065   0.3095   0.3125   0.3155   0.3185   0.3214   0.3244   0.3274   0.3304   0.3333   0.3363   0.3393   0.3423   0.3452   0.3482   0.3512   0.3542   0.3571   0.3601   0.3631   0.3661    0.369    0.372    0.375    0.378    0.381   0.3839   0.3869   0.3899   0.3929   0.3958   0.3988   0.4018   0.4048   0.4077   0.4107   0.4137   0.4167   0.4196   0.4226   0.4256   0.4286   0.4315   0.4345   0.4375   0.4405   0.4435   0.4464   0.4494   0.4524   0.4554   0.4583   0.4613   0.4643   0.4673   0.4702   0.4732   0.4762   0.4792   0.4821   0.4851   0.4881   0.4911    0.494    0.497
    S      0.0   0.1974   0.2319   0.0418   0.1538   0.0275   0.0596   0.1086      1.0   0.2204   0.2779   0.2797   0.0855   0.0411   0.1978   0.0615   0.2731   0.5154   0.0428   0.2723   0.0089    0.064   0.1315   0.0212   0.2789   0.2475   0.1966   0.0813   0.0419   0.0164   0.0771   0.1526   0.0711   0.0316   0.0324   0.1369   0.1344   0.1028   0.0181   0.1238   0.0715   0.1159   0.0368   0.1647   0.1626   0.0552   0.0574   0.0106   0.1277   0.0698   0.2448   0.0087   0.3338   0.0244   0.0606     0.15   0.0543     0.12   0.2418   0.0635   0.0943   0.2219    0.007     0.09   0.0806   0.2994   0.2916   0.0996   0.1687    0.121   0.0237   0.1453   0.0977   0.0098   0.0962   0.0186   0.1283    0.256   0.0068   0.0576   0.0703    0.067   0.2402   0.0106   0.1642   0.0428   0.1666   0.0366   0.0611   0.0133   0.0064   0.0304   0.0236   0.1165   0.0144   0.1597    0.087   0.0641   0.0145   0.0342   0.2452   0.0041   0.0196   0.1627   0.1794   0.0281   0.0337   0.0744   0.1416   0.0364   0.1209    0.227   0.0316   0.1491   0.1963   0.1309   0.1743   0.2929   0.0252   0.1498   0.0417   0.1205   0.0765   0.0345   0.0777   0.2205    0.349    0.165   0.0114   0.0643   0.0258   0.0922   0.0913   0.4613   0.1057   0.0944    0.026    0.086    0.137   0.1089   0.0409   0.0338   0.0052   0.1396   0.0657   0.2543   0.0339   0.0149   0.0004    0.117   0.0173   0.0384   0.1802   0.0646    0.038   0.0275   0.1696   0.0136   0.0317   0.0378   0.0454   0.0864   0.0158   0.0886   0.0549   0.1097   0.2091   0.1084
  snr   -12.51
    H     4.73
 exon    False