>YOR020W-A
N: 273
Methods: voss, eiip, qpsk, mem, tbpse, snrse

M: voss
 freq      0.0   0.0037   0.0073    0.011   0.0147   0.0183    0.022   0.0256   0.0293    0.033   0.0366   0.0403    0.044   0.0476   0.0513   0.0549   0.0586   0.0623   0.0659   0.0696   0.0733   0.0769   0.0806   0.0842   0.0879   0.0916   0.0952   0.0989   0.1026   0.1062   0.1099   0.1136   0.1172   0.1209   0.1245   0.1282   0.1319   0.1355   0.1392   0.1429   0.1465   0.1502   0.1538   0.1575   0.1612   0.1648   0.1685   0.1722   0.1758   0.1795   0.1832   0.1868   0.1905   0.1941   0.1978   0.2015   0.2051   0.2088   0.2125   0.2161   0.2198   0.2234   0.2271   0.2308   0.2344   0.2381   0.2418   0.2454   0.2491   0.2527   0.2564   0.2601   0.2637   0.2674   0.2711   0.2747   0.2784   0.2821   0.2857   0.2894    0.293   0.2967   0.3004    0.304   0.3077   0.3114    0.315   0.3187   0.3223    0.326   0.3297   0.3333    0.337   0.3407   0.3443    0.348   0.3516   0.3553    0.359   0.3626   0.3663     0.37   0.3736   0.3773    0.381   0.3846   0.3883   0.3919   0.3956   0.3993   0.4029   0.4066   0.4103   0.4139   0.4176   0.4212   0.4249   0.4286   0.4322   0.4359   0.4396   0.4432   0.4469   0.4505   0.4542   0.4579   0.4615   0.4652   0.4689   0.4725   0.4762   0.4799   0.4835   0.4872   0.4908   0.4945   0.4982
    S      0.0   0.5414   0.4706   0.1716   0.3264   0.3453   0.4056   0.2075    0.249   0.1401   0.4133   0.0994   0.6798   0.0852   0.5253   0.1424    0.065   0.1665   0.2772   0.1994   0.1983   0.0984   0.1966   0.3219   0.3316   0.2598    0.355   0.2525   0.1319   0.2139    0.381   0.2857   0.2195   0.1385   0.2252   0.1271   0.1293   0.3126    0.043   0.4631   0.1688   0.4401   0.3074   0.1877    0.237   0.7006   0.2816   0.2494   0.4728   0.5088   0.4225   0.2016    0.274   0.1367   0.2229   0.0469   0.3841   0.1929   0.1303   0.2246   0.2276   0.0574   0.5527   0.1597   0.2194    0.089   0.1009   0.3119   0.2723   0.3722    0.162   0.2702   0.3239    0.249   0.9477   0.2563   0.3211   0.2221     0.35   0.3067   0.2645   0.1308   0.2854   0.0703   0.3338   0.1418   0.0946   0.1952   0.2748   0.1771   0.2815      1.0   0.2228   0.2059   0.0873   0.2363   0.4667   0.0547   0.3223   0.3506   0.2046   0.2089   0.1417   0.1499    0.379   0.3429   0.0184   0.3142   0.2293   0.3458   0.2595   0.2551   0.3518   0.1149   0.0822   0.3874   0.2145   0.2913    0.101    0.383   0.1993   0.1853   0.0821   0.2869   0.0729   0.1722   0.1603   0.3261   0.2417    0.307   0.1753   0.3481    0.182   0.1026    0.092    0.145   0.4099
  snr   -15.34
    H     4.75
 exon     True

M: eiip
 freq      0.0   0.0037   0.0073    0.011   0.0147   0.0183    0.022   0.0256   0.0293    0.033   0.0366   0.0403    0.044   0.0476   0.0513   0.0549   0.0586   0.0623   0.0659   0.0696   0.0733   0.0769   0.0806   0.0842   0.0879   0.0916   0.0952   0.0989   0.1026   0.1062   0.1099   0.1136   0.1172   0.1209   0.1245   0.1282   0.1319   0.1355   0.1392   0.1429   0.1465   0.1502   0.1538   0.1575   0.1612   0.1648   0.1685   0.1722   0.1758   0.1795   0.1832   0.1868   0.1905   0.1941   0.1978   0.2015   0.2051   0.2088   0.2125   0.2161   0.2198   0.2234   0.2271   0.2308   0.2344   0.2381   0.2418   0.2454   0.2491   0.2527   0.2564   0.2601   0.2637   0.2674   0.2711   0.2747   0.2784   0.2821   0.2857   0.2894    0.293   0.2967   0.3004    0.304   0.3077   0.3114    0.315   0.3187   0.3223    0.326   0.3297   0.3333    0.337   0.3407   0.3443    0.348   0.3516   0.3553    0.359   0.3626   0.3663     0.37   0.3736   0.3773    0.381   0.3846   0.3883   0.3919   0.3956   0.3993   0.4029   0.4066   0.4103   0.4139   0.4176   0.4212   0.4249   0.4286   0.4322   0.4359   0.4396   0.4432   0.4469   0.4505   0.4542   0.4579   0.4615   0.4652   0.4689   0.4725   0.4762   0.4799   0.4835   0.4872   0.4908   0.4945   0.4982
    S      0.0   0.3192   0.0474   0.0238   0.0539   0.1898   0.1043   0.0901   0.0532   0.1344   0.4051   0.1484   0.3217   0.0246   0.4647   0.0797   0.0121   0.0708   0.1123   0.0658   0.0029    0.059   0.0028   0.1202   0.0553   0.1069   0.2096   0.0118   0.1465   0.0302   0.0006   0.0964   0.2481   0.1033   0.0694   0.0267    0.037   0.1932    0.023   0.2437   0.0069   0.2825   0.2395   0.1496   0.1345   0.0213   0.0651   0.2296   0.2674   0.0761   0.3952   0.0706   0.2895   0.0215   0.0732   0.0177   0.2512   0.2167   0.0606   0.1205   0.1827   0.0431   0.0181   0.0828   0.1464   0.1266   0.1496    0.009   0.0825   0.3991   0.1508   0.0671   0.0637   0.0803   0.2316   0.0664   0.1229   0.1157   0.3612   0.0702   0.0371   0.0594   0.0346   0.0335   0.2905   0.0108   0.0007   0.2453   0.0877    0.084   0.0824      1.0   0.2282   0.3175   0.0466   0.0327   0.4273   0.0101   0.2096   0.0047   0.2492   0.0105   0.0756   0.0391   0.2708   0.4145   0.0003   0.0518   0.0314   0.0782   0.0479   0.2356    0.358   0.0292   0.0811   0.0721   0.1761   0.2093   0.0358   0.0991    0.111   0.1161   0.0562    0.258     0.05   0.0001   0.0079   0.1553   0.2209   0.0159   0.1641   0.2572   0.0593    0.035   0.0103   0.0303   0.0412
  snr   -12.17
    H     4.48
 exon     True

M: qpsk
 freq      0.0   0.0037   0.0073    0.011   0.0147   0.0183    0.022   0.0256   0.0293    0.033   0.0366   0.0403    0.044   0.0476   0.0513   0.0549   0.0586   0.0623   0.0659   0.0696   0.0733   0.0769   0.0806   0.0842   0.0879   0.0916   0.0952   0.0989   0.1026   0.1062   0.1099   0.1136   0.1172   0.1209   0.1245   0.1282   0.1319   0.1355   0.1392   0.1429   0.1465   0.1502   0.1538   0.1575   0.1612   0.1648   0.1685   0.1722   0.1758   0.1795   0.1832   0.1868   0.1905   0.1941   0.1978   0.2015   0.2051   0.2088   0.2125   0.2161   0.2198   0.2234   0.2271   0.2308   0.2344   0.2381   0.2418   0.2454   0.2491   0.2527   0.2564   0.2601   0.2637   0.2674   0.2711   0.2747   0.2784   0.2821   0.2857   0.2894    0.293   0.2967   0.3004    0.304   0.3077   0.3114    0.315   0.3187   0.3223    0.326   0.3297   0.3333    0.337   0.3407   0.3443    0.348   0.3516   0.3553    0.359   0.3626   0.3663     0.37   0.3736   0.3773    0.381   0.3846   0.3883   0.3919   0.3956   0.3993   0.4029   0.4066   0.4103   0.4139   0.4176   0.4212   0.4249   0.4286   0.4322   0.4359   0.4396   0.4432   0.4469   0.4505   0.4542   0.4579   0.4615   0.4652   0.4689   0.4725   0.4762   0.4799   0.4835   0.4872   0.4908   0.4945   0.4982
    S      0.0   0.5864   0.3634   0.2308   0.2059   0.2891   0.4662   0.1871   0.2828   0.1925   0.3989   0.1097   0.3212   0.1261   0.2567   0.1488   0.0966   0.2231   0.2548   0.0975    0.108   0.1278   0.1896   0.4095    0.398   0.3302   0.4724   0.1889   0.1885   0.2018   0.4854   0.4297   0.1478   0.0858   0.2306   0.1167   0.1643   0.3634   0.0427   0.6166   0.2507   0.6671   0.0535   0.2026   0.2419    0.511   0.2901   0.2988   0.6415   0.7496    0.555   0.1917   0.3015   0.1116   0.1146   0.0493   0.1245   0.1709   0.1363   0.2421   0.1662   0.0715   0.7786   0.2271   0.2032   0.0675   0.0851   0.4227   0.1639   0.5062   0.1959   0.3805   0.3554   0.1802   0.9863   0.3364   0.3639   0.1707   0.1868    0.092   0.1864   0.1364   0.0691   0.0397   0.4477   0.1035   0.1158   0.1791   0.2303   0.2687   0.4139      1.0   0.3202   0.2279   0.1039   0.2255   0.2857   0.0549    0.324   0.4661   0.2342   0.2852   0.1106   0.2276   0.4582   0.5192   0.0126   0.2804   0.3241   0.3517    0.343   0.3517   0.1205   0.1534   0.1096   0.2943   0.2694   0.4436   0.0897   0.1438   0.1372   0.2212   0.1142   0.2703   0.0873   0.1841   0.2083   0.4867   0.3683    0.345   0.1121   0.3304    0.251   0.0216   0.0883   0.0311    0.312
  snr   -15.42
    H     4.71
 exon     True

M: mem
 freq      0.0   0.0037   0.0074    0.011   0.0147   0.0184   0.0221   0.0257   0.0294   0.0331   0.0368   0.0404   0.0441   0.0478   0.0515   0.0551   0.0588   0.0625   0.0662   0.0699   0.0735   0.0772   0.0809   0.0846   0.0882   0.0919   0.0956   0.0993   0.1029   0.1066   0.1103    0.114   0.1176   0.1213    0.125   0.1287   0.1324    0.136   0.1397   0.1434   0.1471   0.1507   0.1544   0.1581   0.1618   0.1654   0.1691   0.1728   0.1765   0.1801   0.1838   0.1875   0.1912   0.1949   0.1985   0.2022   0.2059   0.2096   0.2132   0.2169   0.2206   0.2243   0.2279   0.2316   0.2353    0.239   0.2426   0.2463     0.25   0.2537   0.2574    0.261   0.2647   0.2684   0.2721   0.2757   0.2794   0.2831   0.2868   0.2904   0.2941   0.2978   0.3015   0.3051   0.3088   0.3125   0.3162   0.3199   0.3235   0.3272   0.3309   0.3346   0.3382   0.3419   0.3456   0.3493   0.3529   0.3566   0.3603    0.364   0.3676   0.3713    0.375   0.3787   0.3824    0.386   0.3897   0.3934   0.3971   0.4007   0.4044   0.4081   0.4118   0.4154   0.4191   0.4228   0.4265   0.4301   0.4338   0.4375   0.4412   0.4449   0.4485   0.4522   0.4559   0.4596   0.4632   0.4669   0.4706   0.4743   0.4779   0.4816   0.4853    0.489   0.4926   0.4963
    S      0.0   0.7989   0.0324   0.0767    0.008   0.0932   0.2378   0.0851   0.2985    0.108   0.4305   0.0606   0.1302    0.096   0.1479   0.0038   0.0667   0.1852   0.0202   0.0688   0.0021   0.0479   0.0596   0.1064   0.2111   0.4139   0.1146   0.0117    0.171   0.0212   0.2434   0.0382   0.1686   0.0206   0.0032   0.0248   0.1116   0.0127   0.0026   0.6618   0.1076   0.2873   0.2516   0.1361    0.044   0.0691   0.2793   0.0799   0.0449   0.4342   0.0366   0.0645   0.1555   0.0061   0.0035   0.0283   0.1779   0.2162    0.003   0.0854    0.107   0.0224   0.1225   0.2286   0.1717   0.2489   0.2214   0.1995   0.0536    0.032   0.0299   0.0859   0.0716    0.184   0.0016   0.1687   0.1431   0.0145   0.3228   0.0092   0.3443   0.1051   0.0666   0.1521   0.0405   0.0429   0.2435   0.0241   0.3177   0.2245      1.0   0.5127   0.4313   0.0963   0.0764   0.0916    0.169    0.023   0.2515   0.1972   0.0671   0.2052   0.2174   0.4138   0.2533    0.077   0.0233   0.0816    0.008   0.1006     0.02   0.6578   0.0981   0.0056   0.0081   0.0426   0.1013   0.2309   0.2934   0.0292   0.0186   0.0974   0.0683   0.0408   0.0256   0.0999   0.1041    0.295   0.1094   0.0749    0.362   0.1698   0.0802   0.1143   0.0376   0.0438
  snr   -12.66
    H     4.43
 exon     True

M: tbpse
 freq      0.0   0.0037   0.0073    0.011   0.0147   0.0183    0.022   0.0256   0.0293    0.033   0.0366   0.0403    0.044   0.0476   0.0513   0.0549   0.0586   0.0623   0.0659   0.0696   0.0733   0.0769   0.0806   0.0842   0.0879   0.0916   0.0952   0.0989   0.1026   0.1062   0.1099   0.1136   0.1172   0.1209   0.1245   0.1282   0.1319   0.1355   0.1392   0.1429   0.1465   0.1502   0.1538   0.1575   0.1612   0.1648   0.1685   0.1722   0.1758   0.1795   0.1832   0.1868   0.1905   0.1941   0.1978   0.2015   0.2051   0.2088   0.2125   0.2161   0.2198   0.2234   0.2271   0.2308   0.2344   0.2381   0.2418   0.2454   0.2491   0.2527   0.2564   0.2601   0.2637   0.2674   0.2711   0.2747   0.2784   0.2821   0.2857   0.2894    0.293   0.2967   0.3004    0.304   0.3077   0.3114    0.315   0.3187   0.3223    0.326   0.3297   0.3333    0.337   0.3407   0.3443    0.348   0.3516   0.3553    0.359   0.3626   0.3663     0.37   0.3736   0.3773    0.381   0.3846   0.3883   0.3919   0.3956   0.3993   0.4029   0.4066   0.4103   0.4139   0.4176   0.4212   0.4249   0.4286   0.4322   0.4359   0.4396   0.4432   0.4469   0.4505   0.4542   0.4579   0.4615   0.4652   0.4689   0.4725   0.4762   0.4799   0.4835   0.4872   0.4908   0.4945   0.4982
    S      0.0   0.4476   0.1627   0.0489    0.099   0.1165   0.2158   0.1311   0.1412   0.1005   0.3458   0.0847   0.3247   0.0531   0.2373   0.0446   0.0289   0.1147   0.0635   0.0975   0.0731    0.028   0.0582   0.1306   0.1656   0.1657   0.2282   0.1051   0.1232   0.0469   0.0855   0.0316   0.1647   0.0608   0.0776   0.0537   0.0666   0.0754   0.0138   0.3455   0.0359    0.214   0.1689   0.1554   0.0317    0.199   0.1325   0.1905   0.0835   0.1901   0.1254   0.0617   0.1815   0.0662   0.0567   0.0161   0.1632   0.2157   0.0134   0.1403   0.0711   0.0392   0.0532    0.135   0.1625   0.0905   0.1099   0.0636   0.1301   0.1373   0.0822   0.0293   0.0207   0.1563   0.3023    0.116   0.1188   0.0374   0.2938   0.0867   0.1453   0.0258   0.1091   0.0243   0.1021   0.0556   0.0172   0.1806    0.189   0.1047   0.1837      1.0   0.1539   0.1901   0.0393   0.0616   0.2664   0.0092   0.1244   0.0748   0.1455   0.0716   0.1148   0.0948   0.3442   0.2118   0.0067    0.146   0.0344   0.1819   0.0046   0.1647   0.2473   0.0659   0.0699   0.0864   0.2037   0.1399   0.0359   0.1175   0.0751   0.0717   0.0575   0.2438   0.0394   0.0528   0.0286   0.2009   0.1034   0.1041    0.111   0.2179    0.117   0.0567   0.0307   0.0593   0.1106
  snr    -12.0
    H     4.63
 exon     True

M: snrse
 freq      0.0   0.0037   0.0073    0.011   0.0147   0.0183    0.022   0.0256   0.0293    0.033   0.0366   0.0403    0.044   0.0476   0.0513   0.0549   0.0586   0.0623   0.0659   0.0696   0.0733   0.0769   0.0806   0.0842   0.0879   0.0916   0.0952   0.0989   0.1026   0.1062   0.1099   0.1136   0.1172   0.1209   0.1245   0.1282   0.1319   0.1355   0.1392   0.1429   0.1465   0.1502   0.1538   0.1575   0.1612   0.1648   0.1685   0.1722   0.1758   0.1795   0.1832   0.1868   0.1905   0.1941   0.1978   0.2015   0.2051   0.2088   0.2125   0.2161   0.2198   0.2234   0.2271   0.2308   0.2344   0.2381   0.2418   0.2454   0.2491   0.2527   0.2564   0.2601   0.2637   0.2674   0.2711   0.2747   0.2784   0.2821   0.2857   0.2894    0.293   0.2967   0.3004    0.304   0.3077   0.3114    0.315   0.3187   0.3223    0.326   0.3297   0.3333    0.337   0.3407   0.3443    0.348   0.3516   0.3553    0.359   0.3626   0.3663     0.37   0.3736   0.3773    0.381   0.3846   0.3883   0.3919   0.3956   0.3993   0.4029   0.4066   0.4103   0.4139   0.4176   0.4212   0.4249   0.4286   0.4322   0.4359   0.4396   0.4432   0.4469   0.4505   0.4542   0.4579   0.4615   0.4652   0.4689   0.4725   0.4762   0.4799   0.4835   0.4872   0.4908   0.4945   0.4982
    S      0.0   0.4868   0.0347    0.027   0.0343   0.1148   0.1051   0.0758    0.142   0.0977   0.3393   0.0849   0.2441   0.0447   0.2673   0.0204   0.0357      0.1   0.0422   0.0714   0.0178   0.0309   0.0186   0.0659   0.0774   0.1729   0.1104   0.0193   0.1148   0.0307    0.058   0.0058   0.1688   0.0595   0.0148   0.0101   0.0774   0.0561   0.0114   0.3421   0.0419   0.1767    0.196    0.158   0.0359    0.055   0.0944   0.1563   0.0458   0.1546   0.1079   0.0341   0.1603   0.0222    0.044   0.0163   0.1783   0.2477   0.0116   0.0723   0.0812    0.022     0.06   0.1366   0.1286   0.1014   0.1224   0.0771   0.0911   0.1057   0.0691   0.0242   0.0148   0.1387   0.0652   0.0521   0.1528   0.0403   0.3381   0.0631   0.1549   0.0216   0.0826   0.0279   0.0743   0.0099   0.0139   0.1882   0.2416   0.0846   0.2163      1.0     0.14   0.1891    0.042    0.047    0.297    0.006   0.1504   0.0621   0.1219   0.0555   0.1408   0.0978   0.3184   0.1364   0.0016   0.0337   0.0169   0.0472    0.008   0.1645   0.2845   0.0819   0.0549   0.0299   0.1926   0.1103   0.0349   0.1046   0.0524   0.0282     0.03   0.2114   0.0202   0.0517   0.0192   0.1988   0.0513   0.0439   0.1277   0.2527   0.0733   0.0618   0.0053   0.0425   0.0546
  snr   -11.18
    H     4.49
 exon     True