>YOR034C-A
N: 243
Methods: voss, eiip, qpsk, mem, alg1, alg2

M: voss
 freq      0.0   0.0041   0.0082   0.0123   0.0165   0.0206   0.0247   0.0288   0.0329    0.037   0.0412   0.0453   0.0494   0.0535   0.0576   0.0617   0.0658     0.07   0.0741   0.0782   0.0823   0.0864   0.0905   0.0947   0.0988   0.1029    0.107   0.1111   0.1152   0.1193   0.1235   0.1276   0.1317   0.1358   0.1399    0.144   0.1481   0.1523   0.1564   0.1605   0.1646   0.1687   0.1728    0.177   0.1811   0.1852   0.1893   0.1934   0.1975   0.2016   0.2058   0.2099    0.214   0.2181   0.2222   0.2263   0.2305   0.2346   0.2387   0.2428   0.2469    0.251   0.2551   0.2593   0.2634   0.2675   0.2716   0.2757   0.2798    0.284   0.2881   0.2922   0.2963   0.3004   0.3045   0.3086   0.3128   0.3169    0.321   0.3251   0.3292   0.3333   0.3374   0.3416   0.3457   0.3498   0.3539    0.358   0.3621   0.3663   0.3704   0.3745   0.3786   0.3827   0.3868   0.3909   0.3951   0.3992   0.4033   0.4074   0.4115   0.4156   0.4198   0.4239    0.428   0.4321   0.4362   0.4403   0.4444   0.4486   0.4527   0.4568   0.4609    0.465   0.4691   0.4733   0.4774   0.4815   0.4856   0.4897   0.4938   0.4979
    S      0.0   0.2647      1.0   0.7069   0.6776    0.486   0.4318   0.4537   0.5842   0.5291   0.5542    0.281   0.2529   0.3171   0.2646   0.3521   0.5364   0.8131   0.2935   0.5094    0.032   0.1243   0.1731   0.1792   0.3403   0.1869   0.4675   0.4874    0.092   0.0766   0.6256   0.2468   0.2213   0.1444   0.0883   0.0968   0.1695   0.4793   0.1782   0.1747    0.232   0.0442   0.2553   0.1205   0.1165   0.1646   0.3576    0.404    0.389   0.3269   0.4843   0.1378   0.3109   0.3373   0.3617   0.2444    0.079   0.1991   0.0033   0.4254   0.0593   0.2745   0.1228   0.2699   0.1711   0.2066   0.2011   0.2019   0.2701   0.2774   0.3214   0.3148   0.2532   0.2911   0.2171   0.0522   0.3612   0.1304   0.2241   0.1656   0.3413    0.013    0.315    0.442   0.1848   0.0835   0.1635   0.2606   0.4394   0.6096   0.4974    0.326   0.2679   0.1236     0.11   0.0779   0.0512    0.134   0.2037    0.441   0.2992   0.3177   0.5514   0.1673   0.6205   0.4001    0.362   0.2022   0.1995    0.532   0.3346   0.2228   0.2337   0.2255    0.137   0.3969   0.1311   0.2642   0.3235   0.5955   0.2308   0.1791
  snr   -15.35
    H     4.62
 exon    False

M: eiip
 freq      0.0   0.0041   0.0082   0.0123   0.0165   0.0206   0.0247   0.0288   0.0329    0.037   0.0412   0.0453   0.0494   0.0535   0.0576   0.0617   0.0658     0.07   0.0741   0.0782   0.0823   0.0864   0.0905   0.0947   0.0988   0.1029    0.107   0.1111   0.1152   0.1193   0.1235   0.1276   0.1317   0.1358   0.1399    0.144   0.1481   0.1523   0.1564   0.1605   0.1646   0.1687   0.1728    0.177   0.1811   0.1852   0.1893   0.1934   0.1975   0.2016   0.2058   0.2099    0.214   0.2181   0.2222   0.2263   0.2305   0.2346   0.2387   0.2428   0.2469    0.251   0.2551   0.2593   0.2634   0.2675   0.2716   0.2757   0.2798    0.284   0.2881   0.2922   0.2963   0.3004   0.3045   0.3086   0.3128   0.3169    0.321   0.3251   0.3292   0.3333   0.3374   0.3416   0.3457   0.3498   0.3539    0.358   0.3621   0.3663   0.3704   0.3745   0.3786   0.3827   0.3868   0.3909   0.3951   0.3992   0.4033   0.4074   0.4115   0.4156   0.4198   0.4239    0.428   0.4321   0.4362   0.4403   0.4444   0.4486   0.4527   0.4568   0.4609    0.465   0.4691   0.4733   0.4774   0.4815   0.4856   0.4897   0.4938   0.4979
    S      0.0   0.3462   0.4323   0.4622   0.3385   0.5266   0.3726   0.7318   0.1948   0.0567   0.1081   0.3342   0.5457   0.6254   0.1124    0.189   0.1897   0.3151   0.0453   0.0601   0.0545   0.0198   0.1019   0.2987   0.5383    0.021   0.7403   0.5804   0.0778   0.0486   0.4275   0.6686   0.3583   0.0377   0.0416   0.1399    0.182   0.8956   0.2246   0.1793   0.1294   0.0324   0.1717   0.1232   0.0909   0.2006   0.1055   0.6901   0.0963   0.5227   0.2798   0.1349   0.0196   0.3312   0.2714   0.2868    0.152   0.3962    0.007   0.6208   0.0677   0.2947   0.0686   0.1542   0.0296   0.1585    0.163   0.1018   0.0522   0.5426    0.352   0.7373   0.2062   0.3756   0.1308   0.0279      1.0    0.376   0.4074   0.1379   0.1093      0.0   0.5486    0.455   0.0678    0.087   0.0174   0.0408    0.739   0.0526   0.3379   0.0461   0.3136   0.2497   0.0786   0.2193   0.0143   0.1446   0.0633   0.0153   0.5009   0.0206   0.3973   0.0421   0.5042   0.1321   0.7105   0.1309   0.3386   0.3901   0.2965   0.3442   0.0092   0.0834   0.1227   0.1055   0.0944   0.6559   0.5178   0.4477   0.5188   0.0572
  snr   -14.87
    H     4.43
 exon    False

M: qpsk
 freq      0.0   0.0041   0.0082   0.0123   0.0165   0.0206   0.0247   0.0288   0.0329    0.037   0.0412   0.0453   0.0494   0.0535   0.0576   0.0617   0.0658     0.07   0.0741   0.0782   0.0823   0.0864   0.0905   0.0947   0.0988   0.1029    0.107   0.1111   0.1152   0.1193   0.1235   0.1276   0.1317   0.1358   0.1399    0.144   0.1481   0.1523   0.1564   0.1605   0.1646   0.1687   0.1728    0.177   0.1811   0.1852   0.1893   0.1934   0.1975   0.2016   0.2058   0.2099    0.214   0.2181   0.2222   0.2263   0.2305   0.2346   0.2387   0.2428   0.2469    0.251   0.2551   0.2593   0.2634   0.2675   0.2716   0.2757   0.2798    0.284   0.2881   0.2922   0.2963   0.3004   0.3045   0.3086   0.3128   0.3169    0.321   0.3251   0.3292   0.3333   0.3374   0.3416   0.3457   0.3498   0.3539    0.358   0.3621   0.3663   0.3704   0.3745   0.3786   0.3827   0.3868   0.3909   0.3951   0.3992   0.4033   0.4074   0.4115   0.4156   0.4198   0.4239    0.428   0.4321   0.4362   0.4403   0.4444   0.4486   0.4527   0.4568   0.4609    0.465   0.4691   0.4733   0.4774   0.4815   0.4856   0.4897   0.4938   0.4979
    S      0.0   0.2896   0.6935   0.8195   0.6056   0.5268   0.4492   0.5496   0.1805   0.3723   0.6607   0.3012   0.3029   0.1681   0.2403   0.0807   0.3394      1.0   0.1103   0.4124   0.0256   0.0706   0.0516    0.228   0.3248   0.1632   0.3273   0.5969   0.0452   0.0873   0.1029   0.2948   0.0749   0.0759   0.0603   0.1096   0.1968    0.077   0.0549   0.1943   0.2761   0.0223   0.3046   0.0355   0.1345   0.1912   0.4083   0.3775   0.3819   0.3271   0.4417   0.1479    0.307   0.4264   0.3837   0.1534   0.0701   0.2559    0.004   0.1271   0.0721   0.3464   0.1352   0.2342    0.185   0.1085   0.0616   0.0787   0.1921   0.2273   0.1175   0.3702   0.3237   0.3744   0.1664   0.0593   0.3302   0.1519   0.0651   0.1719   0.3061   0.0085   0.3693   0.3915   0.1106   0.0803   0.0895   0.2042   0.5254   0.4284   0.5091   0.3396   0.1929   0.1066    0.124   0.0505   0.0211   0.0582   0.1688   0.1867   0.3528   0.4009   0.1533   0.1987   0.3634   0.4004   0.3574   0.2413   0.2237   0.6619   0.2945   0.2435   0.0721   0.2882   0.1103   0.2555   0.0931   0.1766   0.2606   0.7241   0.1868   0.1251
  snr   -14.66
    H     4.54
 exon    False

M: mem
 freq      0.0   0.0041   0.0083   0.0124   0.0165   0.0207   0.0248   0.0289   0.0331   0.0372   0.0413   0.0455   0.0496   0.0537   0.0579    0.062   0.0661   0.0702   0.0744   0.0785   0.0826   0.0868   0.0909    0.095   0.0992   0.1033   0.1074   0.1116   0.1157   0.1198    0.124   0.1281   0.1322   0.1364   0.1405   0.1446   0.1488   0.1529    0.157   0.1612   0.1653   0.1694   0.1736   0.1777   0.1818    0.186   0.1901   0.1942   0.1983   0.2025   0.2066   0.2107   0.2149    0.219   0.2231   0.2273   0.2314   0.2355   0.2397   0.2438   0.2479   0.2521   0.2562   0.2603   0.2645   0.2686   0.2727   0.2769    0.281   0.2851   0.2893   0.2934   0.2975   0.3017   0.3058   0.3099    0.314   0.3182   0.3223   0.3264   0.3306   0.3347   0.3388    0.343   0.3471   0.3512   0.3554   0.3595   0.3636   0.3678   0.3719    0.376   0.3802   0.3843   0.3884   0.3926   0.3967   0.4008    0.405   0.4091   0.4132   0.4174   0.4215   0.4256   0.4298   0.4339    0.438   0.4421   0.4463   0.4504   0.4545   0.4587   0.4628   0.4669   0.4711   0.4752   0.4793   0.4835   0.4876   0.4917   0.4959
    S      0.0   0.0567   0.8974   0.3426   0.4176   0.0996   0.0569    0.029   0.9722   0.4974   0.2161   0.0416   0.0531   0.2777   0.1632   0.5388   0.7045   0.0279   0.5451   0.2663   0.0413   0.0884   0.2681    0.007   0.1031   0.1497   0.2272   0.1566   0.0597   0.0111      1.0   0.1334   0.1467   0.1342   0.0796   0.0739   0.1429    0.603   0.5231   0.0042   0.0368   0.0214   0.1177   0.0459   0.0037   0.0296   0.0273   0.1175    0.021    0.304   0.2739    0.056   0.1446   0.0243   0.2662   0.1703   0.0469   0.0179   0.0292   0.5603   0.0276   0.0693   0.0448   0.0431   0.1049   0.1121   0.3678   0.6591   0.0228   0.4785   0.2315   0.1674   0.0907   0.0436   0.0331   0.0271   0.1202   0.0627   0.3099   0.0557   0.0337   0.0009   0.2306   0.3463   0.2472   0.0101   0.2495   0.1514   0.1924   0.4113    0.358   0.0736   0.0561   0.2345   0.0631   0.0125   0.0624   0.4201    0.034   0.4318   0.2914   0.5486   0.2412   0.0079   0.6813   0.1115     0.15   0.0625   0.0339   0.1496   0.0153   0.1138   0.1028   0.0477   0.6029   0.1193   0.0919    0.252   0.0625   0.0672   0.4076
  snr   -13.49
    H     4.29
 exon    False

M: alg1
 freq      0.0   0.0041   0.0082   0.0123   0.0165   0.0206   0.0247   0.0288   0.0329    0.037   0.0412   0.0453   0.0494   0.0535   0.0576   0.0617   0.0658     0.07   0.0741   0.0782   0.0823   0.0864   0.0905   0.0947   0.0988   0.1029    0.107   0.1111   0.1152   0.1193   0.1235   0.1276   0.1317   0.1358   0.1399    0.144   0.1481   0.1523   0.1564   0.1605   0.1646   0.1687   0.1728    0.177   0.1811   0.1852   0.1893   0.1934   0.1975   0.2016   0.2058   0.2099    0.214   0.2181   0.2222   0.2263   0.2305   0.2346   0.2387   0.2428   0.2469    0.251   0.2551   0.2593   0.2634   0.2675   0.2716   0.2757   0.2798    0.284   0.2881   0.2922   0.2963   0.3004   0.3045   0.3086   0.3128   0.3169    0.321   0.3251   0.3292   0.3333   0.3374   0.3416   0.3457   0.3498   0.3539    0.358   0.3621   0.3663   0.3704   0.3745   0.3786   0.3827   0.3868   0.3909   0.3951   0.3992   0.4033   0.4074   0.4115   0.4156   0.4198   0.4239    0.428   0.4321   0.4362   0.4403   0.4444   0.4486   0.4527   0.4568   0.4609    0.465   0.4691   0.4733   0.4774   0.4815   0.4856   0.4897   0.4938   0.4979
    S      0.0   0.1224   0.4021   0.0659   0.4138   0.3486   0.4721   0.3126     0.19   0.4957   0.1315   0.2965   0.0575   0.1571   0.1688   0.2317   0.0977   0.5742   0.2234   0.3004   0.0068   0.1472    0.077   0.1051   0.1365   0.0846   0.3388   0.0062   0.0475   0.0178    0.546   0.0105   0.1735    0.167    0.032    0.002   0.0732   0.2758   0.0707   0.1121    0.166     0.05   0.0383   0.1396   0.0651   0.1506   0.1653   0.2536    0.566   0.0491   0.0262   0.1136   0.0851   0.3059   0.0868   0.1103   0.0521   0.0517   0.0007    0.223   0.0472   0.2374   0.0291   0.2118   0.0194   0.1437   0.0392   0.2381   0.1701   0.0193   0.0413   0.1095   0.0251   0.2398   0.2256   0.0322   0.0734   0.0016   0.1474   0.1072   0.5259   0.0225   0.0893    0.005   0.0698   0.0585    0.269   0.0145   0.1096      1.0   0.2555   0.0146   0.2409   0.0123    0.041    0.013   0.0726   0.1288   0.0805   0.1948   0.2079   0.0636   0.2105   0.0496   0.4648   0.4447   0.1448   0.1081   0.0885    0.297   0.3613   0.0854   0.2534   0.0749   0.0707   0.3544   0.0198   0.0672    0.166   0.6763   0.0185   0.0045
  snr   -12.74
    H     4.37
 exon    False

M: alg2
 freq      0.0   0.0041   0.0082   0.0123   0.0165   0.0206   0.0247   0.0288   0.0329    0.037   0.0412   0.0453   0.0494   0.0535   0.0576   0.0617   0.0658     0.07   0.0741   0.0782   0.0823   0.0864   0.0905   0.0947   0.0988   0.1029    0.107   0.1111   0.1152   0.1193   0.1235   0.1276   0.1317   0.1358   0.1399    0.144   0.1481   0.1523   0.1564   0.1605   0.1646   0.1687   0.1728    0.177   0.1811   0.1852   0.1893   0.1934   0.1975   0.2016   0.2058   0.2099    0.214   0.2181   0.2222   0.2263   0.2305   0.2346   0.2387   0.2428   0.2469    0.251   0.2551   0.2593   0.2634   0.2675   0.2716   0.2757   0.2798    0.284   0.2881   0.2922   0.2963   0.3004   0.3045   0.3086   0.3128   0.3169    0.321   0.3251   0.3292   0.3333   0.3374   0.3416   0.3457   0.3498   0.3539    0.358   0.3621   0.3663   0.3704   0.3745   0.3786   0.3827   0.3868   0.3909   0.3951   0.3992   0.4033   0.4074   0.4115   0.4156   0.4198   0.4239    0.428   0.4321   0.4362   0.4403   0.4444   0.4486   0.4527   0.4568   0.4609    0.465   0.4691   0.4733   0.4774   0.4815   0.4856   0.4897   0.4938   0.4979
    S      0.0   0.0571   0.3586   0.5136   0.1114    0.042    0.183   0.0636   0.0451   0.0935   0.5322    0.067   0.1447   0.2408   0.0659   0.0048   0.2315      1.0   0.0362   0.3707   0.0206   0.0131   0.0042    0.068   0.3097   0.1176   0.4321   0.4305   0.0356   0.0888   0.1755   0.1003   0.1549   0.0298   0.0495   0.0595   0.0629   0.1596   0.0031   0.0318    0.303   0.0261   0.2183   0.0666   0.0409   0.0812   0.4518   0.0475   0.1282   0.0696   0.2365   0.0303   0.2091   0.0875   0.1414   0.0036   0.0343    0.091   0.0009   0.0273   0.0364   0.0834    0.071     0.02   0.1217    0.129   0.0126   0.1031   0.0809   0.0097   0.0265   0.0027   0.3146   0.0753   0.2336   0.0357   0.1665     0.07   0.0844   0.0263   0.0767   0.0061   0.0733   0.1674   0.0553   0.1066   0.0907   0.1138   0.1594   0.3595     0.14   0.2352    0.068   0.0093   0.0486   0.0262   0.0188   0.0195   0.1675    0.056   0.0104   0.3713   0.0473   0.1335   0.0108   0.3879    0.023   0.3012    0.033    0.369   0.0465   0.2138   0.0088     0.24   0.0258   0.0105   0.0671   0.0689   0.1889   0.2212   0.0261   0.0641
  snr   -11.58
    H      4.3
 exon    False