>YOR068C
N: 345
Methods: voss, eiip, qpsk, mem, tbpse, snrse

M: voss
 freq      0.0   0.0029   0.0058   0.0087   0.0116   0.0145   0.0174   0.0203   0.0232   0.0261    0.029   0.0319   0.0348   0.0377   0.0406   0.0435   0.0464   0.0493   0.0522   0.0551    0.058   0.0609   0.0638   0.0667   0.0696   0.0725   0.0754   0.0783   0.0812   0.0841    0.087   0.0899   0.0928   0.0957   0.0986   0.1014   0.1043   0.1072   0.1101    0.113   0.1159   0.1188   0.1217   0.1246   0.1275   0.1304   0.1333   0.1362   0.1391    0.142   0.1449   0.1478   0.1507   0.1536   0.1565   0.1594   0.1623   0.1652   0.1681    0.171   0.1739   0.1768   0.1797   0.1826   0.1855   0.1884   0.1913   0.1942   0.1971      0.2   0.2029   0.2058   0.2087   0.2116   0.2145   0.2174   0.2203   0.2232   0.2261    0.229   0.2319   0.2348   0.2377   0.2406   0.2435   0.2464   0.2493   0.2522   0.2551    0.258   0.2609   0.2638   0.2667   0.2696   0.2725   0.2754   0.2783   0.2812   0.2841    0.287   0.2899   0.2928   0.2957   0.2986   0.3014   0.3043   0.3072   0.3101    0.313   0.3159   0.3188   0.3217   0.3246   0.3275   0.3304   0.3333   0.3362   0.3391    0.342   0.3449   0.3478   0.3507   0.3536   0.3565   0.3594   0.3623   0.3652   0.3681    0.371   0.3739   0.3768   0.3797   0.3826   0.3855   0.3884   0.3913   0.3942   0.3971      0.4   0.4029   0.4058   0.4087   0.4116   0.4145   0.4174   0.4203   0.4232   0.4261    0.429   0.4319   0.4348   0.4377   0.4406   0.4435   0.4464   0.4493   0.4522   0.4551    0.458   0.4609   0.4638   0.4667   0.4696   0.4725   0.4754   0.4783   0.4812   0.4841    0.487   0.4899   0.4928   0.4957   0.4986
    S      0.0   0.2494   0.3362   0.1523   0.0525   0.2243   0.3147   0.0789    0.159   0.0476    0.152   0.2454   0.4735   0.0507   0.3804   0.2105   0.0794   0.0445   0.3272   0.1172   0.1522   0.0613   0.1317   0.1242   0.1064   0.2535   0.2528   0.0559   0.1497   0.0227   0.0528   0.1292     0.14   0.2307   0.2208   0.2705   0.1697   0.0573   0.3028   0.0973   0.2327   0.1678   0.3714   0.2785   0.0902   0.2535    0.141   0.1117   0.1893   0.2189   0.0371   0.0831   0.1786    0.341   0.2101   0.1786   0.2317   0.1081   0.1057    0.243   0.1189   0.1648   0.3891   0.1438   0.1556   0.1013   0.0343   0.1048   0.2002   0.1316    0.102   0.2259   0.2415   0.0993   0.0489   0.0743   0.1727   0.0606   0.0849   0.2284   0.1343   0.1514   0.2106   0.1999   0.0648   0.0858   0.0515   0.2456   0.1703   0.2591   0.1533   0.1896   0.0707   0.3407   0.2399   0.2084   0.0589   0.2707   0.0779   0.3952   0.0788   0.0994   0.0831   0.0388   0.2393   0.0496   0.1326   0.0926   0.1141   0.0484   0.1181   0.0887   0.0545   0.0766   0.1524      1.0    0.229   0.1739   0.2935   0.1244   0.0973   0.3149   0.1139   0.1105   0.1337   0.2713   0.0781   0.0179   0.0564   0.2037    0.169   0.5318   0.1318   0.2692   0.1075   0.1473    0.416   0.2875   0.1419   0.0712   0.0791   0.1352   0.0864   0.1762   0.1309    0.238   0.1377   0.3983   0.0852   0.0796   0.1351   0.0568   0.1611   0.4003   0.2047   0.1522   0.2127   0.0408   0.2105   0.1315   0.1568   0.0641   0.2595   0.2183   0.0885   0.0203   0.0488   0.0496   0.1932   0.1043   0.1378   0.1661   0.0979
  snr   -14.43
    H     4.95
 exon     True

M: eiip
 freq      0.0   0.0029   0.0058   0.0087   0.0116   0.0145   0.0174   0.0203   0.0232   0.0261    0.029   0.0319   0.0348   0.0377   0.0406   0.0435   0.0464   0.0493   0.0522   0.0551    0.058   0.0609   0.0638   0.0667   0.0696   0.0725   0.0754   0.0783   0.0812   0.0841    0.087   0.0899   0.0928   0.0957   0.0986   0.1014   0.1043   0.1072   0.1101    0.113   0.1159   0.1188   0.1217   0.1246   0.1275   0.1304   0.1333   0.1362   0.1391    0.142   0.1449   0.1478   0.1507   0.1536   0.1565   0.1594   0.1623   0.1652   0.1681    0.171   0.1739   0.1768   0.1797   0.1826   0.1855   0.1884   0.1913   0.1942   0.1971      0.2   0.2029   0.2058   0.2087   0.2116   0.2145   0.2174   0.2203   0.2232   0.2261    0.229   0.2319   0.2348   0.2377   0.2406   0.2435   0.2464   0.2493   0.2522   0.2551    0.258   0.2609   0.2638   0.2667   0.2696   0.2725   0.2754   0.2783   0.2812   0.2841    0.287   0.2899   0.2928   0.2957   0.2986   0.3014   0.3043   0.3072   0.3101    0.313   0.3159   0.3188   0.3217   0.3246   0.3275   0.3304   0.3333   0.3362   0.3391    0.342   0.3449   0.3478   0.3507   0.3536   0.3565   0.3594   0.3623   0.3652   0.3681    0.371   0.3739   0.3768   0.3797   0.3826   0.3855   0.3884   0.3913   0.3942   0.3971      0.4   0.4029   0.4058   0.4087   0.4116   0.4145   0.4174   0.4203   0.4232   0.4261    0.429   0.4319   0.4348   0.4377   0.4406   0.4435   0.4464   0.4493   0.4522   0.4551    0.458   0.4609   0.4638   0.4667   0.4696   0.4725   0.4754   0.4783   0.4812   0.4841    0.487   0.4899   0.4928   0.4957   0.4986
    S      0.0   0.1688   0.0567   0.1033   0.0005   0.2427   0.2111   0.0506   0.1141   0.1124   0.1564   0.1489   0.0044   0.0119   0.4879   0.0005   0.0372   0.0212   0.5689   0.0122   0.0122   0.0959   0.0128    0.213   0.0417   0.2893   0.6402   0.0858   0.3298   0.0281   0.0608   0.1102    0.093   0.0542   0.0808   0.3215   0.3867   0.0029   0.5335   0.1448   0.1465    0.099   0.3819   0.4373   0.0803   0.1292   0.0822   0.0564   0.4323   0.0372   0.0252   0.1828   0.0984   0.1941   0.2906   0.2088   0.2768   0.1506   0.2693   0.1491   0.1167    0.036   0.4771   0.0209   0.1481   0.0061   0.0122   0.0041   0.2885   0.0523   0.0902   0.4564   0.2608   0.2059   0.0747   0.0894   0.3205   0.0069   0.0712   0.1135   0.0802   0.0299   0.1185   0.0036   0.1759   0.1846   0.0093   0.0035    0.066   0.0966   0.0484    0.051   0.0075   0.0759   0.1354   0.1709   0.0529    0.135   0.0548   0.5235   0.0704   0.0376   0.1053    0.077   0.5231   0.0843   0.1051   0.2022   0.2395   0.0103   0.1253   0.1196   0.0773   0.1255   0.1168      1.0   0.2964   0.0176   0.2732   0.0462   0.2459    0.315   0.1468   0.0181   0.2588   0.5967   0.0419   0.0271   0.0084     0.27   0.0275   0.1304   0.2991    0.467    0.012   0.0662   0.3465   0.1195    0.014   0.0603   0.0765   0.0309   0.0946   0.0794    0.059   0.2137   0.3642   0.9139   0.0516   0.0277   0.1657     0.04   0.2354   0.4581   0.2436   0.3531   0.1516    0.032   0.0214   0.3215   0.0745   0.0655   0.1419   0.1772   0.1828    0.012   0.0307   0.0061   0.0744   0.0623   0.3191   0.1119   0.0705
  snr   -14.16
    H     4.69
 exon     True

M: qpsk
 freq      0.0   0.0029   0.0058   0.0087   0.0116   0.0145   0.0174   0.0203   0.0232   0.0261    0.029   0.0319   0.0348   0.0377   0.0406   0.0435   0.0464   0.0493   0.0522   0.0551    0.058   0.0609   0.0638   0.0667   0.0696   0.0725   0.0754   0.0783   0.0812   0.0841    0.087   0.0899   0.0928   0.0957   0.0986   0.1014   0.1043   0.1072   0.1101    0.113   0.1159   0.1188   0.1217   0.1246   0.1275   0.1304   0.1333   0.1362   0.1391    0.142   0.1449   0.1478   0.1507   0.1536   0.1565   0.1594   0.1623   0.1652   0.1681    0.171   0.1739   0.1768   0.1797   0.1826   0.1855   0.1884   0.1913   0.1942   0.1971      0.2   0.2029   0.2058   0.2087   0.2116   0.2145   0.2174   0.2203   0.2232   0.2261    0.229   0.2319   0.2348   0.2377   0.2406   0.2435   0.2464   0.2493   0.2522   0.2551    0.258   0.2609   0.2638   0.2667   0.2696   0.2725   0.2754   0.2783   0.2812   0.2841    0.287   0.2899   0.2928   0.2957   0.2986   0.3014   0.3043   0.3072   0.3101    0.313   0.3159   0.3188   0.3217   0.3246   0.3275   0.3304   0.3333   0.3362   0.3391    0.342   0.3449   0.3478   0.3507   0.3536   0.3565   0.3594   0.3623   0.3652   0.3681    0.371   0.3739   0.3768   0.3797   0.3826   0.3855   0.3884   0.3913   0.3942   0.3971      0.4   0.4029   0.4058   0.4087   0.4116   0.4145   0.4174   0.4203   0.4232   0.4261    0.429   0.4319   0.4348   0.4377   0.4406   0.4435   0.4464   0.4493   0.4522   0.4551    0.458   0.4609   0.4638   0.4667   0.4696   0.4725   0.4754   0.4783   0.4812   0.4841    0.487   0.4899   0.4928   0.4957   0.4986
    S      0.0   0.3121   0.3847   0.2279    0.032   0.3181   0.4989   0.0269   0.0212   0.0518   0.2406   0.2448   0.3852   0.0751   0.5512   0.3083   0.0171    0.058   0.2946   0.1311   0.1931    0.102   0.1603   0.1761   0.1394   0.3237   0.3592   0.0978   0.2051   0.0184   0.0758   0.2017   0.1541   0.2843   0.1587   0.3722   0.2421   0.0528   0.2393   0.1688    0.403   0.1491   0.6056   0.5082    0.112   0.1881   0.2533   0.0172   0.1765    0.348   0.0142   0.0695   0.2507   0.4799   0.2823   0.2802   0.1085   0.1736   0.1784   0.1074   0.2175   0.2048   0.5218   0.2147   0.1903   0.1127    0.051   0.1522   0.2179   0.1334   0.1835    0.292   0.3214   0.1752   0.0799   0.0899   0.1744   0.0909   0.0957   0.2393   0.0743   0.1968   0.2921   0.3039   0.1076    0.112   0.0816   0.2085   0.2179   0.3765   0.1878   0.1613   0.0892    0.438   0.4236   0.3478   0.0872   0.4645   0.0812   0.6751   0.0237   0.1447    0.014   0.0592   0.3573   0.0682   0.1935   0.0567   0.1848   0.0824   0.2103    0.067   0.0886   0.1053     0.23      1.0   0.2453   0.0903   0.2141   0.1731   0.1041   0.5092   0.1434   0.0917   0.2412   0.4359   0.1299   0.0261   0.0311    0.324   0.2577   0.6306   0.2337   0.3479   0.1178   0.2153    0.619   0.2984   0.2575   0.0664   0.1282   0.1292   0.1346   0.1467   0.1481      0.3   0.2307   0.2435   0.1069   0.1128   0.1796   0.0816   0.1468   0.5497   0.0838   0.0986   0.1439    0.036   0.3394   0.1454   0.0597   0.1038   0.3968   0.2614   0.1632   0.0085    0.088   0.0488   0.0843   0.1161   0.1427   0.3056   0.0755
  snr   -15.36
    H      4.9
 exon     True

M: mem
 freq      0.0   0.0029   0.0058   0.0087   0.0116   0.0145   0.0174   0.0203   0.0233   0.0262   0.0291    0.032   0.0349   0.0378   0.0407   0.0436   0.0465   0.0494   0.0523   0.0552   0.0581    0.061    0.064   0.0669   0.0698   0.0727   0.0756   0.0785   0.0814   0.0843   0.0872   0.0901    0.093   0.0959   0.0988   0.1017   0.1047   0.1076   0.1105   0.1134   0.1163   0.1192   0.1221    0.125   0.1279   0.1308   0.1337   0.1366   0.1395   0.1424   0.1453   0.1483   0.1512   0.1541    0.157   0.1599   0.1628   0.1657   0.1686   0.1715   0.1744   0.1773   0.1802   0.1831    0.186    0.189   0.1919   0.1948   0.1977   0.2006   0.2035   0.2064   0.2093   0.2122   0.2151    0.218   0.2209   0.2238   0.2267   0.2297   0.2326   0.2355   0.2384   0.2413   0.2442   0.2471     0.25   0.2529   0.2558   0.2587   0.2616   0.2645   0.2674   0.2703   0.2733   0.2762   0.2791    0.282   0.2849   0.2878   0.2907   0.2936   0.2965   0.2994   0.3023   0.3052   0.3081    0.311    0.314   0.3169   0.3198   0.3227   0.3256   0.3285   0.3314   0.3343   0.3372   0.3401    0.343   0.3459   0.3488   0.3517   0.3547   0.3576   0.3605   0.3634   0.3663   0.3692   0.3721    0.375   0.3779   0.3808   0.3837   0.3866   0.3895   0.3924   0.3953   0.3983   0.4012   0.4041    0.407   0.4099   0.4128   0.4157   0.4186   0.4215   0.4244   0.4273   0.4302   0.4331    0.436    0.439   0.4419   0.4448   0.4477   0.4506   0.4535   0.4564   0.4593   0.4622   0.4651    0.468   0.4709   0.4738   0.4767   0.4797   0.4826   0.4855   0.4884   0.4913   0.4942   0.4971
    S      0.0     0.31   0.2883   0.5025   0.0547   0.3605   0.4973   0.0223   0.1279   0.0196   0.3736    0.377   0.9912   0.0131   0.8797   0.2828   0.0839   0.0226   0.0384   0.1712   0.2706   0.1843   0.1374   0.0819   0.3214    0.115   0.0301   0.1002   0.1399   0.0073   0.1173   0.1461   0.0349   0.3838   0.3785   0.5357   0.2795   0.0828    0.269    0.125   0.2311   0.2486   0.8639   0.6243   0.1007   0.2026   0.2171   0.0571   0.0067    0.138   0.0688   0.0005    0.201   0.5819   0.4246   0.3982   0.2323   0.0291   0.0547   0.2239   0.0277   0.3909   0.0326   0.1264   0.0367   0.0413   0.0131     0.01   0.0122   0.0586   0.0675   0.1044   0.3807   0.0495   0.0922   0.0638   0.1243   0.0108   0.1583   0.1357   0.3218    0.109   0.5302   0.0967   0.1595   0.0252   0.1869   0.0726   0.2655   0.5106   0.0427   0.0413   0.0407   0.9325    0.065   0.7644   0.3769   0.1425   0.0581   0.4453   0.1516   0.1628   0.0077   0.0934   0.2014   0.1497   0.0021   0.1592   0.0795   0.0442   0.0743    0.004   0.0229   0.0805   0.0541    0.772   0.1739   0.4934   0.0692   0.0555   0.1479   0.4613   0.2051   0.1357   0.0941   0.0502   0.0343   0.0613   0.0429   0.1375   0.1928      1.0   0.0846   0.3334   0.1596    0.878   0.1202   0.5694   0.2497   0.0222   0.3173   0.0231   0.0309   0.1518   0.1188   0.3237   0.3291   0.0007   0.1956   0.0188   0.4798   0.2118   0.0115   0.1597    0.112   0.0332   0.0055    0.013   0.0351   0.2256   0.1137   0.1169   0.2447   0.4087   0.0394   0.0623   0.1655   0.1772   0.1643   0.0229   0.0554   0.0962
  snr   -15.12
    H     4.66
 exon    False

M: tbpse
 freq      0.0   0.0029   0.0058   0.0087   0.0116   0.0145   0.0174   0.0203   0.0232   0.0261    0.029   0.0319   0.0348   0.0377   0.0406   0.0435   0.0464   0.0493   0.0522   0.0551    0.058   0.0609   0.0638   0.0667   0.0696   0.0725   0.0754   0.0783   0.0812   0.0841    0.087   0.0899   0.0928   0.0957   0.0986   0.1014   0.1043   0.1072   0.1101    0.113   0.1159   0.1188   0.1217   0.1246   0.1275   0.1304   0.1333   0.1362   0.1391    0.142   0.1449   0.1478   0.1507   0.1536   0.1565   0.1594   0.1623   0.1652   0.1681    0.171   0.1739   0.1768   0.1797   0.1826   0.1855   0.1884   0.1913   0.1942   0.1971      0.2   0.2029   0.2058   0.2087   0.2116   0.2145   0.2174   0.2203   0.2232   0.2261    0.229   0.2319   0.2348   0.2377   0.2406   0.2435   0.2464   0.2493   0.2522   0.2551    0.258   0.2609   0.2638   0.2667   0.2696   0.2725   0.2754   0.2783   0.2812   0.2841    0.287   0.2899   0.2928   0.2957   0.2986   0.3014   0.3043   0.3072   0.3101    0.313   0.3159   0.3188   0.3217   0.3246   0.3275   0.3304   0.3333   0.3362   0.3391    0.342   0.3449   0.3478   0.3507   0.3536   0.3565   0.3594   0.3623   0.3652   0.3681    0.371   0.3739   0.3768   0.3797   0.3826   0.3855   0.3884   0.3913   0.3942   0.3971      0.4   0.4029   0.4058   0.4087   0.4116   0.4145   0.4174   0.4203   0.4232   0.4261    0.429   0.4319   0.4348   0.4377   0.4406   0.4435   0.4464   0.4493   0.4522   0.4551    0.458   0.4609   0.4638   0.4667   0.4696   0.4725   0.4754   0.4783   0.4812   0.4841    0.487   0.4899   0.4928   0.4957   0.4986
    S      0.0   0.1591   0.1502   0.0603    0.028   0.0293    0.274   0.0643   0.1231    0.032   0.0277   0.1465   0.2627   0.0458   0.2112   0.1438   0.0633   0.0193   0.2751   0.0539   0.0942   0.0149   0.1003   0.0427   0.0379   0.1436   0.0943   0.0116   0.0867   0.0218    0.009    0.016   0.0681   0.1606   0.1141   0.0801   0.0801   0.0398   0.2296   0.0067   0.2354   0.1295   0.0468   0.1389   0.0607   0.1548   0.0916   0.0848   0.1117   0.1594   0.0301    0.075   0.0434   0.1175   0.0858   0.1111   0.1722   0.0197    0.034   0.1457   0.0318   0.1068   0.1959    0.078   0.1763   0.0525   0.0192   0.0757   0.1116   0.0772   0.0321   0.0989   0.2216   0.0097    0.032   0.0308   0.1606   0.0253   0.0767    0.118   0.0828   0.1276   0.0313   0.1359   0.0366   0.0612   0.0317   0.1246   0.0357   0.1507   0.1054   0.1649   0.0603   0.1771   0.1009   0.0885   0.0233   0.1784   0.0527   0.3794   0.0557   0.0794   0.0655   0.0166   0.1332    0.013   0.0709   0.0818   0.0568   0.0264   0.0191   0.0639   0.0245   0.0255   0.0614      1.0   0.0877   0.0967   0.1832   0.0239   0.0754   0.0146   0.0352   0.0523    0.007   0.0568   0.0267   0.0134   0.0335   0.0857   0.0766   0.1581   0.0286   0.1425   0.0545   0.0554   0.0543   0.1753   0.0878   0.0364    0.017   0.0972   0.0139   0.1378   0.0943   0.0586   0.0772   0.3949   0.0394   0.0174   0.0747    0.037   0.0951   0.0845   0.1427   0.1367   0.2032   0.0352   0.1024   0.0929   0.0912   0.0669   0.0764   0.0555   0.0292   0.0138   0.0164   0.0166   0.1228   0.0294    0.086   0.1215   0.0925
  snr    -11.7
    H      4.8
 exon     True

M: snrse
 freq      0.0   0.0029   0.0058   0.0087   0.0116   0.0145   0.0174   0.0203   0.0232   0.0261    0.029   0.0319   0.0348   0.0377   0.0406   0.0435   0.0464   0.0493   0.0522   0.0551    0.058   0.0609   0.0638   0.0667   0.0696   0.0725   0.0754   0.0783   0.0812   0.0841    0.087   0.0899   0.0928   0.0957   0.0986   0.1014   0.1043   0.1072   0.1101    0.113   0.1159   0.1188   0.1217   0.1246   0.1275   0.1304   0.1333   0.1362   0.1391    0.142   0.1449   0.1478   0.1507   0.1536   0.1565   0.1594   0.1623   0.1652   0.1681    0.171   0.1739   0.1768   0.1797   0.1826   0.1855   0.1884   0.1913   0.1942   0.1971      0.2   0.2029   0.2058   0.2087   0.2116   0.2145   0.2174   0.2203   0.2232   0.2261    0.229   0.2319   0.2348   0.2377   0.2406   0.2435   0.2464   0.2493   0.2522   0.2551    0.258   0.2609   0.2638   0.2667   0.2696   0.2725   0.2754   0.2783   0.2812   0.2841    0.287   0.2899   0.2928   0.2957   0.2986   0.3014   0.3043   0.3072   0.3101    0.313   0.3159   0.3188   0.3217   0.3246   0.3275   0.3304   0.3333   0.3362   0.3391    0.342   0.3449   0.3478   0.3507   0.3536   0.3565   0.3594   0.3623   0.3652   0.3681    0.371   0.3739   0.3768   0.3797   0.3826   0.3855   0.3884   0.3913   0.3942   0.3971      0.4   0.4029   0.4058   0.4087   0.4116   0.4145   0.4174   0.4203   0.4232   0.4261    0.429   0.4319   0.4348   0.4377   0.4406   0.4435   0.4464   0.4493   0.4522   0.4551    0.458   0.4609   0.4638   0.4667   0.4696   0.4725   0.4754   0.4783   0.4812   0.4841    0.487   0.4899   0.4928   0.4957   0.4986
    S      0.0   0.1908   0.2087   0.0244   0.0305   0.0169   0.2499     0.06   0.0658   0.0289   0.0064    0.041   0.0564   0.0566   0.1759   0.1245   0.0511   0.0252   0.2398   0.0277   0.0396   0.0062    0.083   0.0131   0.0107   0.0705   0.0511   0.0077   0.0612   0.0236   0.0026   0.0135   0.0873   0.0996   0.0226   0.0613   0.0717   0.0433   0.1503   0.0053   0.2886   0.0792   0.0404   0.1127   0.0422   0.0739     0.09   0.0503   0.0736   0.1653   0.0232    0.065   0.0241   0.0454   0.0652   0.0926   0.1365   0.0251   0.0238   0.0789    0.039   0.0737   0.1876   0.0698   0.2173   0.0773   0.0177   0.1108   0.0907   0.0304   0.0312   0.0408   0.2362   0.0061   0.0312   0.0324   0.1475     0.04    0.071   0.0383   0.0403   0.1321   0.0412   0.0893   0.0342   0.0498   0.0359    0.109   0.0512    0.076   0.1496   0.2157   0.0838   0.0575   0.0995   0.0557   0.0242   0.1402    0.041   0.4243   0.0187   0.0613   0.0344    0.011   0.1009   0.0074   0.0541   0.0641     0.05   0.0341   0.0225   0.0548   0.0234   0.0065   0.0808      1.0   0.0562   0.0135    0.186   0.0376   0.0724   0.0143   0.0211   0.0229   0.0042   0.0231   0.0298   0.0119   0.0349   0.1129   0.0941   0.0864   0.0208   0.0965   0.0346   0.0815   0.0096    0.082   0.1097   0.0201   0.0101   0.1201   0.0199   0.1365   0.1219   0.0075   0.0719   0.3679   0.0139   0.0293   0.0387   0.0253   0.0733   0.0688   0.0485   0.1143   0.2385   0.0367   0.1646   0.0732   0.0556   0.0796   0.0499   0.0466   0.0258   0.0057   0.0232   0.0074   0.0516   0.0301   0.0545   0.1228   0.0968
  snr   -10.82
    H     4.69
 exon     True