>YOR159C
N: 285
Methods: voss, eiip, qpsk, mem, tbpse, snrse

M: voss
 freq      0.0   0.0035    0.007   0.0105    0.014   0.0175   0.0211   0.0246   0.0281   0.0316   0.0351   0.0386   0.0421   0.0456   0.0491   0.0526   0.0561   0.0596   0.0632   0.0667   0.0702   0.0737   0.0772   0.0807   0.0842   0.0877   0.0912   0.0947   0.0982   0.1018   0.1053   0.1088   0.1123   0.1158   0.1193   0.1228   0.1263   0.1298   0.1333   0.1368   0.1404   0.1439   0.1474   0.1509   0.1544   0.1579   0.1614   0.1649   0.1684   0.1719   0.1754   0.1789   0.1825    0.186   0.1895    0.193   0.1965      0.2   0.2035    0.207   0.2105    0.214   0.2175   0.2211   0.2246   0.2281   0.2316   0.2351   0.2386   0.2421   0.2456   0.2491   0.2526   0.2561   0.2596   0.2632   0.2667   0.2702   0.2737   0.2772   0.2807   0.2842   0.2877   0.2912   0.2947   0.2982   0.3018   0.3053   0.3088   0.3123   0.3158   0.3193   0.3228   0.3263   0.3298   0.3333   0.3368   0.3404   0.3439   0.3474   0.3509   0.3544   0.3579   0.3614   0.3649   0.3684   0.3719   0.3754   0.3789   0.3825    0.386   0.3895    0.393   0.3965      0.4   0.4035    0.407   0.4105    0.414   0.4175   0.4211   0.4246   0.4281   0.4316   0.4351   0.4386   0.4421   0.4456   0.4491   0.4526   0.4561   0.4596   0.4632   0.4667   0.4702   0.4737   0.4772   0.4807   0.4842   0.4877   0.4912   0.4947   0.4982
    S      0.0   0.5616   0.0849   0.2963   0.1906   0.0687    0.496   0.3412   0.2143   0.2847    0.213   0.2153   0.0866   0.0929   0.1872   0.0952   0.1562    0.284   0.3306   0.5174   0.1975   0.4694   0.2278   0.2722   0.2877   0.4387   0.4153   0.2881   0.3167   0.3606   0.4888   0.1687   0.2618   0.2501   0.3275   0.1262   0.4869   0.3197   0.1226   0.3449   0.3962   0.2194   0.0572   0.3545    0.399   0.2344   0.1674   0.1546   0.3182   0.2739    0.154   0.2689   0.2901   0.6187   0.3102   0.1443   0.1399   0.3413   0.1474   0.0343   0.2212   0.2903   0.2999   0.1335   0.1771   0.2015   0.4236   0.1509   0.5602   0.7368   0.2562   0.2738   0.1684    0.367   0.2518   0.0527   0.1426   0.2955   0.2784   0.0869    0.195   0.0687    0.175   0.2852   0.0821   0.5479   0.2636   0.4407   0.0886   0.4279      0.2   0.3121   0.1756   0.3211   0.4349      1.0   0.7781   0.2609   0.1057   0.3248   0.1147   0.6046    0.233   0.5732   0.1017   0.1826    0.399   0.4052   0.2646   0.0663   0.2613   0.0707    0.109    0.098   0.1669    0.552   0.1238   0.2825   0.3611   0.2806   0.3192   0.3387   0.2869   0.1878   0.0895   0.5142   0.2931   0.0339   0.1209   0.2246    0.115   0.1213   0.1774   0.2111   0.1259   0.1504   0.0558   0.1228    0.103   0.1343   0.2873   0.3644   0.0864
  snr   -15.62
    H     4.78
 exon     True

M: eiip
 freq      0.0   0.0035    0.007   0.0105    0.014   0.0175   0.0211   0.0246   0.0281   0.0316   0.0351   0.0386   0.0421   0.0456   0.0491   0.0526   0.0561   0.0596   0.0632   0.0667   0.0702   0.0737   0.0772   0.0807   0.0842   0.0877   0.0912   0.0947   0.0982   0.1018   0.1053   0.1088   0.1123   0.1158   0.1193   0.1228   0.1263   0.1298   0.1333   0.1368   0.1404   0.1439   0.1474   0.1509   0.1544   0.1579   0.1614   0.1649   0.1684   0.1719   0.1754   0.1789   0.1825    0.186   0.1895    0.193   0.1965      0.2   0.2035    0.207   0.2105    0.214   0.2175   0.2211   0.2246   0.2281   0.2316   0.2351   0.2386   0.2421   0.2456   0.2491   0.2526   0.2561   0.2596   0.2632   0.2667   0.2702   0.2737   0.2772   0.2807   0.2842   0.2877   0.2912   0.2947   0.2982   0.3018   0.3053   0.3088   0.3123   0.3158   0.3193   0.3228   0.3263   0.3298   0.3333   0.3368   0.3404   0.3439   0.3474   0.3509   0.3544   0.3579   0.3614   0.3649   0.3684   0.3719   0.3754   0.3789   0.3825    0.386   0.3895    0.393   0.3965      0.4   0.4035    0.407   0.4105    0.414   0.4175   0.4211   0.4246   0.4281   0.4316   0.4351   0.4386   0.4421   0.4456   0.4491   0.4526   0.4561   0.4596   0.4632   0.4667   0.4702   0.4737   0.4772   0.4807   0.4842   0.4877   0.4912   0.4947   0.4982
    S      0.0   0.5999   0.0351    0.278   0.0997   0.0009   0.0342   0.0899   0.1313   0.0478   0.0944   0.0044   0.0636   0.0166   0.2242   0.1268   0.0683   0.1993   0.3469   0.0911   0.0557   0.0042   0.0684   0.0873   0.0224   0.2063   0.3999   0.2548   0.0719   0.0354   0.2517   0.1464   0.0186   0.1403   0.2732    0.088   0.0896   0.1183   0.1596   0.3783    0.185   0.1017   0.0121   0.1714   0.2966   0.0904   0.0572   0.1647   0.4648   0.1349   0.0441   0.0758   0.1373   0.1275    0.078   0.1037   0.1214   0.1049   0.0141    0.009   0.0122   0.3383   0.1207   0.1977   0.0253   0.0382   0.1601    0.229   0.2171   0.3209    0.101    0.029    0.113   0.0544    0.028   0.0624   0.0693   0.1764   0.0417   0.0223   0.0384     0.08   0.2092   0.2915   0.0218   0.4315   0.0694   0.0223   0.0948   0.0139   0.0602   0.1922   0.0538      0.2   0.1499      1.0   0.7473   0.2483   0.0082   0.2759   0.0635   0.4747   0.0896   0.2896    0.121   0.2296   0.1184   0.0878   0.1274   0.0573   0.0319   0.0595   0.0965   0.0832   0.1268   0.3554   0.0623   0.3349     0.04   0.1066   0.2651   0.0251   0.1689   0.1206   0.0747    0.455   0.1287   0.0004   0.1342   0.0422   0.1023   0.0029   0.0463   0.1332   0.1422   0.0222   0.0007    0.068   0.0255    0.014   0.0497   0.3706   0.0202
  snr   -12.75
    H     4.53
 exon     True

M: qpsk
 freq      0.0   0.0035    0.007   0.0105    0.014   0.0175   0.0211   0.0246   0.0281   0.0316   0.0351   0.0386   0.0421   0.0456   0.0491   0.0526   0.0561   0.0596   0.0632   0.0667   0.0702   0.0737   0.0772   0.0807   0.0842   0.0877   0.0912   0.0947   0.0982   0.1018   0.1053   0.1088   0.1123   0.1158   0.1193   0.1228   0.1263   0.1298   0.1333   0.1368   0.1404   0.1439   0.1474   0.1509   0.1544   0.1579   0.1614   0.1649   0.1684   0.1719   0.1754   0.1789   0.1825    0.186   0.1895    0.193   0.1965      0.2   0.2035    0.207   0.2105    0.214   0.2175   0.2211   0.2246   0.2281   0.2316   0.2351   0.2386   0.2421   0.2456   0.2491   0.2526   0.2561   0.2596   0.2632   0.2667   0.2702   0.2737   0.2772   0.2807   0.2842   0.2877   0.2912   0.2947   0.2982   0.3018   0.3053   0.3088   0.3123   0.3158   0.3193   0.3228   0.3263   0.3298   0.3333   0.3368   0.3404   0.3439   0.3474   0.3509   0.3544   0.3579   0.3614   0.3649   0.3684   0.3719   0.3754   0.3789   0.3825    0.386   0.3895    0.393   0.3965      0.4   0.4035    0.407   0.4105    0.414   0.4175   0.4211   0.4246   0.4281   0.4316   0.4351   0.4386   0.4421   0.4456   0.4491   0.4526   0.4561   0.4596   0.4632   0.4667   0.4702   0.4737   0.4772   0.4807   0.4842   0.4877   0.4912   0.4947   0.4982
    S      0.0   0.1893   0.0724   0.2574    0.189   0.0371   0.2326     0.27   0.1578    0.151   0.1663   0.0808   0.0788   0.0637   0.0971   0.0836   0.0423   0.2089   0.1574   0.3863   0.1297   0.4517   0.1482   0.1933   0.2621   0.2107   0.1113    0.277   0.2767   0.2434   0.1177   0.1492   0.0669   0.1072   0.1489   0.0516   0.4213   0.0946     0.09   0.1593   0.3574   0.0941   0.0275   0.0919   0.3257   0.1698   0.1591   0.1547     0.24   0.0873   0.0948   0.2614   0.1132   0.4233   0.1873   0.1006   0.1384   0.0811    0.084   0.0305   0.1388   0.2676   0.2538   0.0579   0.1241   0.1564   0.3166   0.1166   0.0772   0.7194   0.1986   0.1681   0.0504   0.2991   0.0305    0.052   0.1187   0.0527   0.0966   0.0799   0.1826   0.0685   0.0732   0.2576   0.0286   0.4598   0.2353   0.3686   0.0586   0.4302   0.0666   0.2646   0.1674   0.2898   0.3216      1.0   0.5854    0.171   0.0342   0.1949   0.1011   0.5991   0.1467    0.291   0.1025   0.0913   0.2921   0.3032   0.1264    0.058   0.0928   0.0617   0.0715   0.0861   0.1238   0.4162   0.1223   0.2311   0.3423     0.24   0.0372   0.1047   0.1156   0.1261   0.0348   0.3369   0.1753   0.0284   0.1134   0.0924   0.0865   0.0728   0.1222   0.1163   0.0648    0.126   0.0227   0.1011   0.0283   0.1158   0.2203   0.3233   0.0549
  snr    -13.8
    H     4.69
 exon     True

M: mem
 freq      0.0   0.0035    0.007   0.0106   0.0141   0.0176   0.0211   0.0246   0.0282   0.0317   0.0352   0.0387   0.0423   0.0458   0.0493   0.0528   0.0563   0.0599   0.0634   0.0669   0.0704   0.0739   0.0775    0.081   0.0845    0.088   0.0915   0.0951   0.0986   0.1021   0.1056   0.1092   0.1127   0.1162   0.1197   0.1232   0.1268   0.1303   0.1338   0.1373   0.1408   0.1444   0.1479   0.1514   0.1549   0.1585    0.162   0.1655    0.169   0.1725   0.1761   0.1796   0.1831   0.1866   0.1901   0.1937   0.1972   0.2007   0.2042   0.2077   0.2113   0.2148   0.2183   0.2218   0.2254   0.2289   0.2324   0.2359   0.2394    0.243   0.2465     0.25   0.2535    0.257   0.2606   0.2641   0.2676   0.2711   0.2746   0.2782   0.2817   0.2852   0.2887   0.2923   0.2958   0.2993   0.3028   0.3063   0.3099   0.3134   0.3169   0.3204   0.3239   0.3275    0.331   0.3345    0.338   0.3415   0.3451   0.3486   0.3521   0.3556   0.3592   0.3627   0.3662   0.3697   0.3732   0.3768   0.3803   0.3838   0.3873   0.3908   0.3944   0.3979   0.4014   0.4049   0.4085    0.412   0.4155    0.419   0.4225   0.4261   0.4296   0.4331   0.4366   0.4401   0.4437   0.4472   0.4507   0.4542   0.4577   0.4613   0.4648   0.4683   0.4718   0.4754   0.4789   0.4824   0.4859   0.4894    0.493   0.4965
    S      0.0   0.3711   0.0022   0.0445   0.0742   0.0255   0.4204   0.0036   0.0915   0.2694   0.2214   0.1439   0.0248   0.0633   0.0546   0.0261   0.1878   0.1072   0.1235   0.3564   0.0477   0.2197   0.2437   0.2776   0.0898   0.2333   0.3174   0.1905   0.1178    0.151   0.6499   0.0409   0.2035   0.3161   0.1725   0.0862   0.1709   0.5112   0.0119   0.2677   0.0134   0.2072   0.0616    0.279   0.4006    0.002   0.0647    0.002   0.0919   0.1383   0.0424   0.0133   0.2331   0.5944   0.3631   0.1446   0.0373    0.297   0.1562   0.0039   0.1405   0.0513   0.0164   0.0479    0.072   0.0018   0.0217   0.0109      1.0   0.1064   0.0039   0.3319   0.0127   0.3831   0.0621   0.0037   0.0216   0.1428   0.0434   0.0425    0.141   0.0128   0.1757   0.0739   0.0909   0.1051   0.2391   0.2847   0.0608   0.0771   0.1152   0.0078   0.1346    0.168   0.1011   0.0054   0.6096   0.2063   0.0417   0.1171   0.0013   0.0191   0.6479   0.3058   0.0231   0.1519   0.0168   0.6384   0.1211   0.2199   0.1738   0.0046   0.1212    0.008   0.0802   0.1963   0.2167   0.0953   0.0564    0.384    0.379    0.119   0.1601   0.2585   0.1835   0.0047   0.1265   0.0133   0.0924   0.1101   0.0025   0.0644   0.1256   0.1224   0.0178   0.1398   0.0325   0.0072   0.1684   0.0471   0.1131   0.0879
  snr   -13.06
    H     4.47
 exon    False

M: tbpse
 freq      0.0   0.0035    0.007   0.0105    0.014   0.0175   0.0211   0.0246   0.0281   0.0316   0.0351   0.0386   0.0421   0.0456   0.0491   0.0526   0.0561   0.0596   0.0632   0.0667   0.0702   0.0737   0.0772   0.0807   0.0842   0.0877   0.0912   0.0947   0.0982   0.1018   0.1053   0.1088   0.1123   0.1158   0.1193   0.1228   0.1263   0.1298   0.1333   0.1368   0.1404   0.1439   0.1474   0.1509   0.1544   0.1579   0.1614   0.1649   0.1684   0.1719   0.1754   0.1789   0.1825    0.186   0.1895    0.193   0.1965      0.2   0.2035    0.207   0.2105    0.214   0.2175   0.2211   0.2246   0.2281   0.2316   0.2351   0.2386   0.2421   0.2456   0.2491   0.2526   0.2561   0.2596   0.2632   0.2667   0.2702   0.2737   0.2772   0.2807   0.2842   0.2877   0.2912   0.2947   0.2982   0.3018   0.3053   0.3088   0.3123   0.3158   0.3193   0.3228   0.3263   0.3298   0.3333   0.3368   0.3404   0.3439   0.3474   0.3509   0.3544   0.3579   0.3614   0.3649   0.3684   0.3719   0.3754   0.3789   0.3825    0.386   0.3895    0.393   0.3965      0.4   0.4035    0.407   0.4105    0.414   0.4175   0.4211   0.4246   0.4281   0.4316   0.4351   0.4386   0.4421   0.4456   0.4491   0.4526   0.4561   0.4596   0.4632   0.4667   0.4702   0.4737   0.4772   0.4807   0.4842   0.4877   0.4912   0.4947   0.4982
    S      0.0   0.1587   0.0462   0.2857   0.0764   0.0144   0.1599     0.14   0.1269   0.0267   0.0537   0.0949   0.0445   0.0627   0.0946   0.0912   0.0036   0.1753   0.1189   0.3433   0.1097   0.1036   0.0196   0.0368   0.0777   0.0837   0.1206   0.1865   0.0646   0.0457   0.0299   0.1316   0.0587   0.0724   0.1344   0.0177   0.2616   0.0088   0.0918   0.0854   0.2902   0.0605   0.0168   0.0151   0.1335   0.1728   0.0465   0.1592   0.2544   0.0453   0.0501   0.1383   0.0548   0.0982    0.019   0.0321   0.1237    0.037   0.0796   0.0102   0.0975   0.2879    0.211   0.0622   0.1003   0.0933   0.3126   0.1256   0.0097   0.3563   0.2099   0.0861   0.0378    0.071   0.0302   0.0447   0.0546   0.0317   0.0499    0.019   0.1105   0.0703    0.059   0.2242   0.0067   0.3478   0.0558   0.0758    0.055   0.0903     0.03    0.283   0.0487   0.2579   0.3607      1.0   0.4009   0.1237   0.0273   0.0655   0.0947   0.4772   0.0238   0.0757    0.113   0.0887   0.2959   0.0562    0.073   0.0457   0.0268   0.0337   0.0657   0.0895   0.0581   0.3204   0.0665   0.1669   0.0486   0.0915   0.0228   0.0517   0.0296   0.0608    0.012   0.3685   0.1898   0.0091   0.0931   0.0846   0.0598    0.027   0.1386    0.066   0.0356   0.0343   0.0166   0.0811   0.0113    0.017   0.1803    0.319   0.0505
  snr   -11.75
    H     4.54
 exon     True

M: snrse
 freq      0.0   0.0035    0.007   0.0105    0.014   0.0175   0.0211   0.0246   0.0281   0.0316   0.0351   0.0386   0.0421   0.0456   0.0491   0.0526   0.0561   0.0596   0.0632   0.0667   0.0702   0.0737   0.0772   0.0807   0.0842   0.0877   0.0912   0.0947   0.0982   0.1018   0.1053   0.1088   0.1123   0.1158   0.1193   0.1228   0.1263   0.1298   0.1333   0.1368   0.1404   0.1439   0.1474   0.1509   0.1544   0.1579   0.1614   0.1649   0.1684   0.1719   0.1754   0.1789   0.1825    0.186   0.1895    0.193   0.1965      0.2   0.2035    0.207   0.2105    0.214   0.2175   0.2211   0.2246   0.2281   0.2316   0.2351   0.2386   0.2421   0.2456   0.2491   0.2526   0.2561   0.2596   0.2632   0.2667   0.2702   0.2737   0.2772   0.2807   0.2842   0.2877   0.2912   0.2947   0.2982   0.3018   0.3053   0.3088   0.3123   0.3158   0.3193   0.3228   0.3263   0.3298   0.3333   0.3368   0.3404   0.3439   0.3474   0.3509   0.3544   0.3579   0.3614   0.3649   0.3684   0.3719   0.3754   0.3789   0.3825    0.386   0.3895    0.393   0.3965      0.4   0.4035    0.407   0.4105    0.414   0.4175   0.4211   0.4246   0.4281   0.4316   0.4351   0.4386   0.4421   0.4456   0.4491   0.4526   0.4561   0.4596   0.4632   0.4667   0.4702   0.4737   0.4772   0.4807   0.4842   0.4877   0.4912   0.4947   0.4982
    S      0.0   0.1805   0.0393   0.2854   0.0778   0.0084   0.1472   0.1032   0.1392   0.0086   0.0542   0.0934    0.041    0.059   0.0884   0.0935   0.0017    0.143   0.0944   0.2974    0.116   0.0271   0.0105   0.0289   0.0206   0.0355   0.1274   0.2004    0.017   0.0123   0.0291   0.1445   0.0484   0.0767   0.1427   0.0178   0.1863   0.0059   0.1007   0.1037   0.3059   0.0419   0.0148   0.0089   0.1306   0.1825   0.0377    0.149   0.2446   0.0307    0.052   0.0818   0.0395   0.0662   0.0026   0.0373   0.1363   0.0228   0.0742   0.0093   0.0811   0.2966   0.2237   0.0658   0.0833   0.0906   0.3286   0.1219   0.0096    0.297   0.2171   0.0671    0.028   0.0175   0.0235   0.0497   0.0315   0.0163   0.0362   0.0104   0.0764   0.0755    0.068    0.242   0.0051   0.3337     0.04   0.0268   0.0488   0.0203   0.0193   0.2898   0.0263   0.2456   0.3688      1.0   0.3902   0.1176   0.0264   0.0801    0.103   0.3746   0.0127   0.0591    0.119    0.076   0.2862   0.0246   0.0762   0.0515   0.0153   0.0362    0.064   0.0854   0.0473   0.3518    0.068   0.1951   0.0093   0.0566   0.0256   0.0344   0.0176   0.0347   0.0158   0.3905   0.1985   0.0051   0.0953   0.0845   0.0417   0.0136   0.1378   0.0344   0.0443   0.0244    0.014   0.0865   0.0023   0.0022   0.1579      0.3   0.0469
  snr   -11.33
    H     4.44
 exon     True