>YOR179C
N: 567
Methods: voss, eiip, qpsk, mem, alg1, alg2

M: voss
 freq      0.0   0.0018   0.0035   0.0053   0.0071   0.0088   0.0106   0.0123   0.0141   0.0159   0.0176   0.0194   0.0212   0.0229   0.0247   0.0265   0.0282     0.03   0.0317   0.0335   0.0353    0.037   0.0388   0.0406   0.0423   0.0441   0.0459   0.0476   0.0494   0.0511   0.0529   0.0547   0.0564   0.0582     0.06   0.0617   0.0635   0.0653    0.067   0.0688   0.0705   0.0723   0.0741   0.0758   0.0776   0.0794   0.0811   0.0829   0.0847   0.0864   0.0882   0.0899   0.0917   0.0935   0.0952    0.097   0.0988   0.1005   0.1023   0.1041   0.1058   0.1076   0.1093   0.1111   0.1129   0.1146   0.1164   0.1182   0.1199   0.1217   0.1235   0.1252    0.127   0.1287   0.1305   0.1323    0.134   0.1358   0.1376   0.1393   0.1411   0.1429   0.1446   0.1464   0.1481   0.1499   0.1517   0.1534   0.1552    0.157   0.1587   0.1605   0.1623    0.164   0.1658   0.1675   0.1693   0.1711   0.1728   0.1746   0.1764   0.1781   0.1799   0.1817   0.1834   0.1852   0.1869   0.1887   0.1905   0.1922    0.194   0.1958   0.1975   0.1993   0.2011   0.2028   0.2046   0.2063   0.2081   0.2099   0.2116   0.2134   0.2152   0.2169   0.2187   0.2205   0.2222    0.224   0.2257   0.2275   0.2293    0.231   0.2328   0.2346   0.2363   0.2381   0.2399   0.2416   0.2434   0.2451   0.2469   0.2487   0.2504   0.2522    0.254   0.2557   0.2575   0.2593    0.261   0.2628   0.2646   0.2663   0.2681   0.2698   0.2716   0.2734   0.2751   0.2769   0.2787   0.2804   0.2822    0.284   0.2857   0.2875   0.2892    0.291   0.2928   0.2945   0.2963   0.2981   0.2998   0.3016   0.3034   0.3051   0.3069   0.3086   0.3104   0.3122   0.3139   0.3157   0.3175   0.3192    0.321   0.3228   0.3245   0.3263    0.328   0.3298   0.3316   0.3333   0.3351   0.3369   0.3386   0.3404   0.3422   0.3439   0.3457   0.3474   0.3492    0.351   0.3527   0.3545   0.3563    0.358   0.3598   0.3616   0.3633   0.3651   0.3668   0.3686   0.3704   0.3721   0.3739   0.3757   0.3774   0.3792    0.381   0.3827   0.3845   0.3862    0.388   0.3898   0.3915   0.3933   0.3951   0.3968   0.3986   0.4004   0.4021   0.4039   0.4056   0.4074   0.4092   0.4109   0.4127   0.4145   0.4162    0.418   0.4198   0.4215   0.4233    0.425   0.4268   0.4286   0.4303   0.4321   0.4339   0.4356   0.4374   0.4392   0.4409   0.4427   0.4444   0.4462    0.448   0.4497   0.4515   0.4533    0.455   0.4568   0.4586   0.4603   0.4621   0.4638   0.4656   0.4674   0.4691   0.4709   0.4727   0.4744   0.4762    0.478   0.4797   0.4815   0.4832    0.485   0.4868   0.4885   0.4903   0.4921   0.4938   0.4956   0.4974   0.4991
    S      0.0   0.1287   0.1337   0.1725   0.1215   0.2276      1.0   0.1652   0.0466   0.1455   0.3163   0.2746   0.4309   0.1225   0.2427   0.3421   0.1758    0.593   0.1561   0.3275   0.3155   0.6715   0.1735   0.2685   0.1907   0.6555   0.3474   0.2413    0.088   0.3345   0.2004    0.224   0.4021   0.1014   0.1922   0.2511   0.2341   0.2144   0.0794   0.4853   0.1733   0.4629   0.4009   0.2797   0.1971   0.2451   0.2704   0.3925    0.174   0.2365   0.0669   0.7969   0.2918   0.0572   0.5725   0.0724   0.2076   0.2169   0.2579   0.0981   0.2751   0.0276   0.3398   0.3846   0.2328   0.3442   0.4668   0.1138   0.2184   0.3866   0.0908   0.2756   0.2741   0.1058   0.3699   0.3272   0.3514   0.2275    0.604   0.3536   0.1474   0.5314   0.2288   0.1101   0.2426   0.2967   0.0742    0.116   0.2329   0.5044   0.3039   0.2231   0.2674   0.2932   0.2409   0.1356   0.5123    0.582   0.0947   0.2508   0.7413   0.5283   0.4532    0.118   0.3932     0.24   0.2486   0.4701   0.5625   0.9328   0.2235    0.044   0.3493   0.1687   0.4838   0.2306   0.1848   0.4294   0.3425   0.2195    0.294   0.3196   0.2395   0.5937   0.0858   0.0435   0.1181   0.2685   0.3228    0.073   0.4927   0.3793   0.3097   0.8263   0.3205   0.7215   0.0847   0.1332   0.4321    0.411   0.1913   0.4328    0.066   0.6207   0.3694   0.3031   0.0561    0.187   0.6188   0.0279   0.2765   0.2895   0.2496    0.229   0.2628   0.2424   0.2792   0.2175    0.503   0.2794   0.3619   0.1087    0.258   0.6569    0.147   0.1824    0.385   0.3364   0.3039   0.3254   0.3365   0.5586   0.2415   0.2159   0.1564   0.1315   0.1571    0.327   0.3257   0.1703   0.6936   0.4677   0.1979   0.0668   0.2005   0.2515   0.5561   0.3064   0.2077   0.9706   0.2112   0.6793   0.3299    0.501   0.1481    0.421   0.1448   0.4342   0.0956   0.4301   0.5463   0.3512    0.147   0.2943   0.3139    0.293   0.4335   0.0386   0.1503   0.0877   0.2837   0.2173   0.2248   0.5683   0.2466   0.1348   0.3884   0.1376   0.2158   0.4322   0.0729   0.1868   0.1115   0.0782   0.2321   0.3377   0.2584   0.1519   0.0519   0.1922   0.3262   0.2247   0.3521   0.1335   0.6703   0.1943   0.0421   0.0845   0.3853   0.1723   0.1549   0.5385   0.5112   0.5522    0.419   0.2843   0.2675   0.0865   0.3782   0.2765   0.6559   0.3153   0.2442   0.2012   0.3541   0.1591    0.109   0.0445   0.3533   0.2407   0.3539   0.3871   0.2161   0.2434   0.3396   0.3152   0.3287   0.0802   0.6004   0.2661   0.1378   0.2145   0.1397   0.1501   0.1357   0.1554   0.3363    0.263   0.3107   0.5443   0.3322   0.1792   0.4175   0.0772
  snr   -19.11
    H     5.47
 exon    False

M: eiip
 freq      0.0   0.0018   0.0035   0.0053   0.0071   0.0088   0.0106   0.0123   0.0141   0.0159   0.0176   0.0194   0.0212   0.0229   0.0247   0.0265   0.0282     0.03   0.0317   0.0335   0.0353    0.037   0.0388   0.0406   0.0423   0.0441   0.0459   0.0476   0.0494   0.0511   0.0529   0.0547   0.0564   0.0582     0.06   0.0617   0.0635   0.0653    0.067   0.0688   0.0705   0.0723   0.0741   0.0758   0.0776   0.0794   0.0811   0.0829   0.0847   0.0864   0.0882   0.0899   0.0917   0.0935   0.0952    0.097   0.0988   0.1005   0.1023   0.1041   0.1058   0.1076   0.1093   0.1111   0.1129   0.1146   0.1164   0.1182   0.1199   0.1217   0.1235   0.1252    0.127   0.1287   0.1305   0.1323    0.134   0.1358   0.1376   0.1393   0.1411   0.1429   0.1446   0.1464   0.1481   0.1499   0.1517   0.1534   0.1552    0.157   0.1587   0.1605   0.1623    0.164   0.1658   0.1675   0.1693   0.1711   0.1728   0.1746   0.1764   0.1781   0.1799   0.1817   0.1834   0.1852   0.1869   0.1887   0.1905   0.1922    0.194   0.1958   0.1975   0.1993   0.2011   0.2028   0.2046   0.2063   0.2081   0.2099   0.2116   0.2134   0.2152   0.2169   0.2187   0.2205   0.2222    0.224   0.2257   0.2275   0.2293    0.231   0.2328   0.2346   0.2363   0.2381   0.2399   0.2416   0.2434   0.2451   0.2469   0.2487   0.2504   0.2522    0.254   0.2557   0.2575   0.2593    0.261   0.2628   0.2646   0.2663   0.2681   0.2698   0.2716   0.2734   0.2751   0.2769   0.2787   0.2804   0.2822    0.284   0.2857   0.2875   0.2892    0.291   0.2928   0.2945   0.2963   0.2981   0.2998   0.3016   0.3034   0.3051   0.3069   0.3086   0.3104   0.3122   0.3139   0.3157   0.3175   0.3192    0.321   0.3228   0.3245   0.3263    0.328   0.3298   0.3316   0.3333   0.3351   0.3369   0.3386   0.3404   0.3422   0.3439   0.3457   0.3474   0.3492    0.351   0.3527   0.3545   0.3563    0.358   0.3598   0.3616   0.3633   0.3651   0.3668   0.3686   0.3704   0.3721   0.3739   0.3757   0.3774   0.3792    0.381   0.3827   0.3845   0.3862    0.388   0.3898   0.3915   0.3933   0.3951   0.3968   0.3986   0.4004   0.4021   0.4039   0.4056   0.4074   0.4092   0.4109   0.4127   0.4145   0.4162    0.418   0.4198   0.4215   0.4233    0.425   0.4268   0.4286   0.4303   0.4321   0.4339   0.4356   0.4374   0.4392   0.4409   0.4427   0.4444   0.4462    0.448   0.4497   0.4515   0.4533    0.455   0.4568   0.4586   0.4603   0.4621   0.4638   0.4656   0.4674   0.4691   0.4709   0.4727   0.4744   0.4762    0.478   0.4797   0.4815   0.4832    0.485   0.4868   0.4885   0.4903   0.4921   0.4938   0.4956   0.4974   0.4991
    S      0.0   0.1043   0.1172   0.0913   0.0689   0.3578   0.0351   0.0717   0.0456   0.2777   0.1596   0.4282   0.1233   0.0154   0.2262   0.1304   0.3141   0.0203   0.0078   0.5502   0.4366   0.4833   0.1011   0.0718   0.3618   0.5879   0.0005   0.4607   0.0232   0.0007   0.0004   0.4499   0.0513   0.1293   0.2584   0.1746   0.4946   0.0415   0.0627    0.409   0.2209   0.0715    0.243   0.0947   0.0757   0.0077   0.0605   0.1318   0.2713   0.2057    0.062   0.0806   0.2631   0.0209   0.3543    0.068   0.0329   0.1895   0.4665   0.0539   0.2675   0.0194   0.1619   0.0869   0.0587    0.064   0.0886   0.0217   0.0112   0.1728   0.1636   0.0763   0.0396   0.1892   0.0907   0.4446   0.0199   0.1636   0.2099   0.0491   0.2503   0.3231   0.1187   0.0129   0.0812   0.4196    0.138   0.2104   0.2651   0.5621    0.226   0.1683   0.3041   0.1255    0.311   0.0496    0.684    0.139   0.0284   0.2114   0.2746   0.4752   0.1959   0.1296   0.1825   0.2127   0.4365   0.2314   0.4057   0.2703   0.2955   0.0102   0.2107   0.3128   0.5006   0.3204   0.1622   0.1805   0.7117   0.4646   0.2705   0.4749    0.205   0.4267   0.0863   0.0281    0.096   0.1484   0.0768   0.0017   0.3023   0.1179   0.1678   0.5808   0.4672   0.5513   0.0416   0.1976   0.3109   0.0919   0.0475   0.2674   0.1187   0.8271   0.5551   0.7175   0.1237   0.0143   0.1665   0.0183   0.3247   0.0453   0.0131   0.2118   0.1993   0.2036    0.243   0.2085   0.0089   0.3136   0.0972   0.1188   0.0662   0.2608   0.2833   0.2623   0.2418   0.0897   0.2151   0.0049   0.2634   0.2237   0.2477   0.1958   0.0836    0.067   0.0399   0.0201   0.2061    0.183   0.3092   0.6412   0.2775   0.0043   0.3117   0.0377   0.2154   0.0175   0.2756   0.7564   0.0915   0.7892   0.3832   0.5013   0.1819   0.0269   0.0123   0.3318   0.1705   0.4285   0.3615   0.0013   0.2434   0.3453   0.3943   0.0506   0.4522   0.0397   0.0176   0.0627    0.454   0.0411   0.3787   0.0839   0.4798   0.3014   0.5512   0.1053    0.215   0.5535   0.0669   0.2474   0.1642   0.1548   0.2319   0.2335   0.0822   0.1659   0.0355   0.0347   0.2824   0.0583    0.137   0.0951      1.0   0.0128   0.0487   0.0358   0.0173   0.2373   0.1748   0.3339   0.6815   0.3871   0.3298   0.5808   0.0019   0.0153   0.3876   0.4002   0.5518   0.4133   0.5063   0.2032   0.2284   0.0291   0.0694   0.0163    0.532   0.3641   0.4042   0.4441    0.136    0.323   0.6685   0.3434   0.3899   0.0291   0.4008     0.03   0.0872   0.1816    0.045   0.0853   0.2508   0.1825   0.1013   0.0928   0.3113   0.3353   0.0738   0.3628    0.702   0.0471
  snr    -17.9
    H     5.29
 exon    False

M: qpsk
 freq      0.0   0.0018   0.0035   0.0053   0.0071   0.0088   0.0106   0.0123   0.0141   0.0159   0.0176   0.0194   0.0212   0.0229   0.0247   0.0265   0.0282     0.03   0.0317   0.0335   0.0353    0.037   0.0388   0.0406   0.0423   0.0441   0.0459   0.0476   0.0494   0.0511   0.0529   0.0547   0.0564   0.0582     0.06   0.0617   0.0635   0.0653    0.067   0.0688   0.0705   0.0723   0.0741   0.0758   0.0776   0.0794   0.0811   0.0829   0.0847   0.0864   0.0882   0.0899   0.0917   0.0935   0.0952    0.097   0.0988   0.1005   0.1023   0.1041   0.1058   0.1076   0.1093   0.1111   0.1129   0.1146   0.1164   0.1182   0.1199   0.1217   0.1235   0.1252    0.127   0.1287   0.1305   0.1323    0.134   0.1358   0.1376   0.1393   0.1411   0.1429   0.1446   0.1464   0.1481   0.1499   0.1517   0.1534   0.1552    0.157   0.1587   0.1605   0.1623    0.164   0.1658   0.1675   0.1693   0.1711   0.1728   0.1746   0.1764   0.1781   0.1799   0.1817   0.1834   0.1852   0.1869   0.1887   0.1905   0.1922    0.194   0.1958   0.1975   0.1993   0.2011   0.2028   0.2046   0.2063   0.2081   0.2099   0.2116   0.2134   0.2152   0.2169   0.2187   0.2205   0.2222    0.224   0.2257   0.2275   0.2293    0.231   0.2328   0.2346   0.2363   0.2381   0.2399   0.2416   0.2434   0.2451   0.2469   0.2487   0.2504   0.2522    0.254   0.2557   0.2575   0.2593    0.261   0.2628   0.2646   0.2663   0.2681   0.2698   0.2716   0.2734   0.2751   0.2769   0.2787   0.2804   0.2822    0.284   0.2857   0.2875   0.2892    0.291   0.2928   0.2945   0.2963   0.2981   0.2998   0.3016   0.3034   0.3051   0.3069   0.3086   0.3104   0.3122   0.3139   0.3157   0.3175   0.3192    0.321   0.3228   0.3245   0.3263    0.328   0.3298   0.3316   0.3333   0.3351   0.3369   0.3386   0.3404   0.3422   0.3439   0.3457   0.3474   0.3492    0.351   0.3527   0.3545   0.3563    0.358   0.3598   0.3616   0.3633   0.3651   0.3668   0.3686   0.3704   0.3721   0.3739   0.3757   0.3774   0.3792    0.381   0.3827   0.3845   0.3862    0.388   0.3898   0.3915   0.3933   0.3951   0.3968   0.3986   0.4004   0.4021   0.4039   0.4056   0.4074   0.4092   0.4109   0.4127   0.4145   0.4162    0.418   0.4198   0.4215   0.4233    0.425   0.4268   0.4286   0.4303   0.4321   0.4339   0.4356   0.4374   0.4392   0.4409   0.4427   0.4444   0.4462    0.448   0.4497   0.4515   0.4533    0.455   0.4568   0.4586   0.4603   0.4621   0.4638   0.4656   0.4674   0.4691   0.4709   0.4727   0.4744   0.4762    0.478   0.4797   0.4815   0.4832    0.485   0.4868   0.4885   0.4903   0.4921   0.4938   0.4956   0.4974   0.4991
    S      0.0   0.0993   0.1394   0.1808   0.0974   0.1933   0.7391   0.0919   0.0446   0.1443   0.2617   0.1698   0.2424   0.0638   0.1855   0.2561   0.1915   0.5458   0.0365   0.2408   0.3472    0.171   0.1587   0.2676    0.139   0.0358   0.1465   0.2488   0.0732   0.3685   0.1814   0.2071   0.1012   0.0917    0.111   0.1897   0.2044   0.0522   0.0112   0.3756   0.1593   0.3611   0.3365   0.1382   0.1322    0.148   0.2041   0.3883   0.0311   0.1046   0.0715   0.2691   0.1895   0.0353   0.2422   0.0739   0.1854   0.2358   0.2795   0.0981   0.0292   0.0253   0.1724   0.2044   0.1189   0.3528   0.3219   0.0611   0.2186   0.3908   0.0233   0.2116    0.073   0.1023   0.3587   0.3641   0.2578   0.1105    0.274   0.2437   0.1008   0.0897   0.0706   0.0193   0.2588    0.273   0.0436   0.1034   0.2025   0.5011   0.2604   0.1595   0.2931   0.2011   0.0843   0.0597   0.5742   0.4837   0.0614   0.2589    0.631   0.0401   0.3977   0.0412   0.2418   0.2301   0.2753   0.3131   0.3636   0.6148   0.2327   0.0493   0.2355   0.1443   0.4602   0.1072   0.1054   0.4745   0.1684   0.1791   0.3323   0.3208   0.1267   0.5647   0.0294   0.0455   0.0635   0.2829   0.2956   0.0485   0.3272   0.4085   0.1032   0.8547   0.2669   0.6634   0.0672   0.1352    0.344   0.2855   0.0859   0.2898   0.0589   0.5688   0.4047    0.205   0.0556   0.1869   0.2774   0.0239   0.1815   0.0879   0.1373   0.2582   0.2349   0.2487   0.2869   0.0727   0.5079   0.1842   0.4031   0.0992    0.219   0.5384   0.1347   0.1687   0.4086   0.2518   0.2244   0.3044   0.2375   0.2582   0.1716   0.1988   0.1172   0.0431   0.1047   0.3196   0.3241   0.1367   0.7665   0.2309   0.1727   0.0459   0.2245   0.2609   0.4371   0.2625   0.0891      1.0   0.2184    0.758   0.3725   0.0673    0.114   0.1061   0.1408   0.3519   0.0721   0.1273   0.5574   0.2354   0.1606   0.3076   0.3307   0.0695   0.1514    0.007   0.1398   0.0293    0.311   0.1435   0.0755   0.4994   0.1985   0.0945   0.2992   0.1491   0.1907   0.3927   0.0231   0.2056   0.1259   0.0525   0.0938   0.1649   0.1882   0.0309   0.0552   0.1071   0.2363   0.2425   0.3963     0.15   0.5079   0.1593   0.0389   0.0837   0.1392   0.1376    0.057   0.4665   0.4531    0.243   0.2772   0.1466   0.1066   0.0775   0.4102   0.3032   0.5261   0.3431   0.2373   0.2013   0.3634   0.0765   0.1084   0.0262   0.1064   0.2605   0.2732   0.1252   0.2029   0.0466   0.3568   0.3467    0.278   0.0694   0.4312   0.1898   0.1355   0.1474    0.095   0.0596   0.1474   0.1389   0.0269   0.2534   0.3097   0.1298   0.2444   0.1437   0.3987   0.0696
  snr   -17.83
    H      5.4
 exon     True

M: mem
 freq      0.0   0.0018   0.0035   0.0053   0.0071   0.0088   0.0106   0.0124   0.0141   0.0159   0.0177   0.0194   0.0212    0.023   0.0247   0.0265   0.0283     0.03   0.0318   0.0336   0.0353   0.0371   0.0389   0.0406   0.0424   0.0442   0.0459   0.0477   0.0495   0.0512    0.053   0.0548   0.0565   0.0583   0.0601   0.0618   0.0636   0.0654   0.0671   0.0689   0.0707   0.0724   0.0742    0.076   0.0777   0.0795   0.0813    0.083   0.0848   0.0866   0.0883   0.0901   0.0919   0.0936   0.0954   0.0972   0.0989   0.1007   0.1025   0.1042    0.106   0.1078   0.1095   0.1113   0.1131   0.1148   0.1166   0.1184   0.1201   0.1219   0.1237   0.1254   0.1272    0.129   0.1307   0.1325   0.1343    0.136   0.1378   0.1396   0.1413   0.1431   0.1449   0.1466   0.1484   0.1502   0.1519   0.1537   0.1555   0.1572    0.159   0.1608   0.1625   0.1643   0.1661   0.1678   0.1696   0.1714   0.1731   0.1749   0.1767   0.1784   0.1802    0.182   0.1837   0.1855   0.1873    0.189   0.1908   0.1926   0.1943   0.1961   0.1979   0.1996   0.2014   0.2032   0.2049   0.2067   0.2085   0.2102    0.212   0.2138   0.2155   0.2173   0.2191   0.2208   0.2226   0.2244   0.2261   0.2279   0.2297   0.2314   0.2332    0.235   0.2367   0.2385   0.2403    0.242   0.2438   0.2456   0.2473   0.2491   0.2509   0.2527   0.2544   0.2562    0.258   0.2597   0.2615   0.2633    0.265   0.2668   0.2686   0.2703   0.2721   0.2739   0.2756   0.2774   0.2792   0.2809   0.2827   0.2845   0.2862    0.288   0.2898   0.2915   0.2933   0.2951   0.2968   0.2986   0.3004   0.3021   0.3039   0.3057   0.3074   0.3092    0.311   0.3127   0.3145   0.3163    0.318   0.3198   0.3216   0.3233   0.3251   0.3269   0.3286   0.3304   0.3322   0.3339   0.3357   0.3375   0.3392    0.341   0.3428   0.3445   0.3463   0.3481   0.3498   0.3516   0.3534   0.3551   0.3569   0.3587   0.3604   0.3622    0.364   0.3657   0.3675   0.3693    0.371   0.3728   0.3746   0.3763   0.3781   0.3799   0.3816   0.3834   0.3852   0.3869   0.3887   0.3905   0.3922    0.394   0.3958   0.3975   0.3993   0.4011   0.4028   0.4046   0.4064   0.4081   0.4099   0.4117   0.4134   0.4152    0.417   0.4187   0.4205   0.4223    0.424   0.4258   0.4276   0.4293   0.4311   0.4329   0.4346   0.4364   0.4382   0.4399   0.4417   0.4435   0.4452    0.447   0.4488   0.4505   0.4523   0.4541   0.4558   0.4576   0.4594   0.4611   0.4629   0.4647   0.4664   0.4682     0.47   0.4717   0.4735   0.4753    0.477   0.4788   0.4806   0.4823   0.4841   0.4859   0.4876   0.4894   0.4912   0.4929   0.4947   0.4965   0.4982
    S      0.0   0.0623    0.018   0.0712   0.1041   0.1518   0.6327   0.0638    0.004   0.0885    0.262   0.1079   0.1615     0.07   0.0091   0.2864   0.2074   0.2376   0.0396   0.2469   0.2695   0.1051   0.0096   0.0147   0.1112    0.032   0.1095   0.1404   0.0185    0.004   0.0498   0.1831   0.0916   0.0621   0.0289   0.1123   0.1337   0.0645   0.0072   0.4055     0.08    0.032   0.3321   0.0699   0.0768   0.1006    0.201   0.2084   0.0215   0.1125   0.0359   0.3319   0.0292   0.0086   0.2436   0.0709   0.0459   0.1684   0.2029   0.0383   0.0046   0.0009   0.2093   0.0695   0.0492   0.2385   0.1909   0.0053   0.0426   0.0914   0.0089   0.2128   0.1076   0.0783   0.0022   0.3267   0.0435   0.0141   0.1066   0.1664   0.0637   0.0182   0.0254   0.0124    0.007   0.2006   0.0151   0.0696   0.0761   0.0517   0.2187   0.1136   0.3036   0.0886    0.017   0.0308   0.4576   0.0283   0.0484   0.1961   0.5178   0.0688   0.1984   0.0125   0.0134   0.1688   0.1702   0.1318   0.0894   0.5536   0.2589   0.0538    0.137   0.0931   0.1722    0.017   0.0218    0.198   0.0407   0.1295   0.0614   0.3855   0.0279   0.1543      0.0   0.0333   0.0067   0.0431   0.1165   0.0284   0.0596   0.0097   0.0488   0.1204   0.1278   0.7092   0.0777   0.2039   0.0151   0.1762    0.054   0.0752   0.0157    0.386   0.2353   0.2557   0.0101   0.0984   0.0445   0.0346   0.0895   0.0035   0.0216   0.2079   0.2775   0.1364   0.0816    0.021   0.3212   0.0702   0.0916   0.1627   0.0227   0.3174   0.2929   0.0555   0.0748   0.0159   0.1892   0.0102   0.0454   0.2465   0.0399   0.2759   0.0072   0.0674   0.0354   0.0372    0.209   0.2117   0.0449   0.1803   0.0611   0.0514   0.2319   0.0049   0.2436   0.0536   0.1738      1.0     0.58   0.0953   0.3064   0.0309   0.0045   0.1138   0.0088   0.2762     0.01   0.0241    0.432    0.041   0.2752   0.0216   0.4137   0.0003   0.0191   0.0121   0.0412   0.1113   0.1961   0.2022   0.1279   0.1062   0.1536    0.033   0.2264    0.147   0.0521    0.186   0.0134    0.119   0.2663   0.0462   0.0351   0.0914   0.0688   0.0063   0.0218   0.0587   0.0216   0.2826   0.0904   0.0078   0.1082   0.0352   0.0061   0.1237   0.0629    0.048   0.0072   0.2959   0.1736   0.0437   0.0297   0.1251    0.031   0.0079   0.1491   0.1396   0.0078   0.2746   0.1643   0.1533   0.0058   0.0047   0.0975   0.0417   0.0611   0.1601    0.061   0.0504   0.0606    0.198   0.2922   0.3665   0.0212   0.0005   0.0265   0.1122   0.0281   0.2112   0.0029   0.0186    0.243    0.016   0.0736   0.0815   0.3581   0.0293   0.0244    0.074   0.3361
  snr   -15.18
    H     5.16
 exon     True

M: alg1
 freq      0.0   0.0018   0.0035   0.0053   0.0071   0.0088   0.0106   0.0123   0.0141   0.0159   0.0176   0.0194   0.0212   0.0229   0.0247   0.0265   0.0282     0.03   0.0317   0.0335   0.0353    0.037   0.0388   0.0406   0.0423   0.0441   0.0459   0.0476   0.0494   0.0511   0.0529   0.0547   0.0564   0.0582     0.06   0.0617   0.0635   0.0653    0.067   0.0688   0.0705   0.0723   0.0741   0.0758   0.0776   0.0794   0.0811   0.0829   0.0847   0.0864   0.0882   0.0899   0.0917   0.0935   0.0952    0.097   0.0988   0.1005   0.1023   0.1041   0.1058   0.1076   0.1093   0.1111   0.1129   0.1146   0.1164   0.1182   0.1199   0.1217   0.1235   0.1252    0.127   0.1287   0.1305   0.1323    0.134   0.1358   0.1376   0.1393   0.1411   0.1429   0.1446   0.1464   0.1481   0.1499   0.1517   0.1534   0.1552    0.157   0.1587   0.1605   0.1623    0.164   0.1658   0.1675   0.1693   0.1711   0.1728   0.1746   0.1764   0.1781   0.1799   0.1817   0.1834   0.1852   0.1869   0.1887   0.1905   0.1922    0.194   0.1958   0.1975   0.1993   0.2011   0.2028   0.2046   0.2063   0.2081   0.2099   0.2116   0.2134   0.2152   0.2169   0.2187   0.2205   0.2222    0.224   0.2257   0.2275   0.2293    0.231   0.2328   0.2346   0.2363   0.2381   0.2399   0.2416   0.2434   0.2451   0.2469   0.2487   0.2504   0.2522    0.254   0.2557   0.2575   0.2593    0.261   0.2628   0.2646   0.2663   0.2681   0.2698   0.2716   0.2734   0.2751   0.2769   0.2787   0.2804   0.2822    0.284   0.2857   0.2875   0.2892    0.291   0.2928   0.2945   0.2963   0.2981   0.2998   0.3016   0.3034   0.3051   0.3069   0.3086   0.3104   0.3122   0.3139   0.3157   0.3175   0.3192    0.321   0.3228   0.3245   0.3263    0.328   0.3298   0.3316   0.3333   0.3351   0.3369   0.3386   0.3404   0.3422   0.3439   0.3457   0.3474   0.3492    0.351   0.3527   0.3545   0.3563    0.358   0.3598   0.3616   0.3633   0.3651   0.3668   0.3686   0.3704   0.3721   0.3739   0.3757   0.3774   0.3792    0.381   0.3827   0.3845   0.3862    0.388   0.3898   0.3915   0.3933   0.3951   0.3968   0.3986   0.4004   0.4021   0.4039   0.4056   0.4074   0.4092   0.4109   0.4127   0.4145   0.4162    0.418   0.4198   0.4215   0.4233    0.425   0.4268   0.4286   0.4303   0.4321   0.4339   0.4356   0.4374   0.4392   0.4409   0.4427   0.4444   0.4462    0.448   0.4497   0.4515   0.4533    0.455   0.4568   0.4586   0.4603   0.4621   0.4638   0.4656   0.4674   0.4691   0.4709   0.4727   0.4744   0.4762    0.478   0.4797   0.4815   0.4832    0.485   0.4868   0.4885   0.4903   0.4921   0.4938   0.4956   0.4974   0.4991
    S      0.0   0.0728     0.01   0.0997   0.0925   0.1353   0.8383   0.0458    0.002   0.0463   0.2566   0.0534   0.2455   0.0636   0.0141   0.2729   0.1529   0.3742   0.0649   0.1779   0.2822   0.1666   0.0133   0.0222    0.097   0.0733   0.1223   0.0646   0.0364   0.0639   0.1001   0.1255   0.1825   0.0495   0.0176   0.1296   0.0881    0.101   0.0073   0.3763   0.0505   0.1029   0.3191   0.0792   0.1223   0.0643   0.2631   0.1803   0.0051    0.091   0.0059   0.4764   0.0731   0.0236   0.2277    0.049   0.0812   0.1964   0.1538   0.0253   0.0176   0.0061   0.2268   0.1427   0.0957   0.1933   0.3402   0.0196   0.0776   0.1353   0.0021   0.2644   0.1355   0.0832   0.0387   0.1894   0.1361   0.0558   0.2109   0.2137   0.0395   0.1014    0.023   0.0304    0.028   0.1812   0.0123    0.051   0.1119   0.0247   0.1692   0.1218    0.202   0.0935   0.0279   0.0348   0.1539   0.1211   0.0173   0.1412   0.7155   0.0522   0.3107   0.0231   0.0743   0.1269   0.1419   0.1505   0.0715   0.7442   0.1545   0.0037   0.1705   0.0224   0.2119   0.0379   0.0183   0.2893    0.025   0.0763   0.0836   0.2422   0.0299   0.2001   0.0047   0.0423   0.0165   0.0583   0.1531   0.0605   0.0482   0.0413   0.1255   0.1223   0.1175   0.5991   0.0068   0.1105   0.0846   0.3061   0.0259   0.1248   0.0358    0.287   0.2289   0.0886   0.0267   0.1438   0.1716    0.026   0.0081   0.1171    0.154   0.2142   0.1249   0.2678   0.0792   0.0225   0.3173     0.15   0.1507   0.0853   0.1894   0.2643   0.0788   0.0261   0.1354   0.0997   0.2112   0.0495    0.083   0.1938   0.1251   0.1666   0.0451   0.0201   0.1384   0.0607   0.3472   0.0905   0.0959   0.1461   0.0201   0.0588    0.097   0.1351   0.2574   0.0858   0.0457      1.0   0.1282   0.5556   0.3492   0.0763   0.0074   0.1398   0.0255   0.1953   0.0374   0.0316   0.3178    0.194   0.1196    0.046   0.2552   0.1228   0.0403   0.0024   0.0191   0.0265    0.261   0.1025   0.0293    0.465   0.0338   0.0208   0.1491   0.0398   0.0931   0.3261   0.0079   0.1253   0.0995   0.0096   0.0408   0.0358   0.2147   0.0102   0.0025   0.0486   0.1344   0.1922   0.2342   0.0521   0.0386   0.0506   0.0155   0.0252    0.165   0.0719   0.0238   0.1253   0.0717   0.1245   0.0788   0.0694   0.1768   0.0377   0.0536   0.0506   0.1151     0.14   0.1256   0.1042    0.065    0.079   0.0628   0.0189   0.0567   0.2095   0.0817    0.056   0.0339   0.0105   0.2417   0.3317   0.0844   0.0106   0.0659   0.0973   0.0574    0.082   0.1072   0.0574   0.0713   0.1141   0.0757    0.061   0.2937     0.12   0.0881   0.0242   0.1989   0.0734
  snr   -15.32
    H     5.24
 exon     True

M: alg2
 freq      0.0   0.0018   0.0035   0.0053   0.0071   0.0088   0.0106   0.0123   0.0141   0.0159   0.0176   0.0194   0.0212   0.0229   0.0247   0.0265   0.0282     0.03   0.0317   0.0335   0.0353    0.037   0.0388   0.0406   0.0423   0.0441   0.0459   0.0476   0.0494   0.0511   0.0529   0.0547   0.0564   0.0582     0.06   0.0617   0.0635   0.0653    0.067   0.0688   0.0705   0.0723   0.0741   0.0758   0.0776   0.0794   0.0811   0.0829   0.0847   0.0864   0.0882   0.0899   0.0917   0.0935   0.0952    0.097   0.0988   0.1005   0.1023   0.1041   0.1058   0.1076   0.1093   0.1111   0.1129   0.1146   0.1164   0.1182   0.1199   0.1217   0.1235   0.1252    0.127   0.1287   0.1305   0.1323    0.134   0.1358   0.1376   0.1393   0.1411   0.1429   0.1446   0.1464   0.1481   0.1499   0.1517   0.1534   0.1552    0.157   0.1587   0.1605   0.1623    0.164   0.1658   0.1675   0.1693   0.1711   0.1728   0.1746   0.1764   0.1781   0.1799   0.1817   0.1834   0.1852   0.1869   0.1887   0.1905   0.1922    0.194   0.1958   0.1975   0.1993   0.2011   0.2028   0.2046   0.2063   0.2081   0.2099   0.2116   0.2134   0.2152   0.2169   0.2187   0.2205   0.2222    0.224   0.2257   0.2275   0.2293    0.231   0.2328   0.2346   0.2363   0.2381   0.2399   0.2416   0.2434   0.2451   0.2469   0.2487   0.2504   0.2522    0.254   0.2557   0.2575   0.2593    0.261   0.2628   0.2646   0.2663   0.2681   0.2698   0.2716   0.2734   0.2751   0.2769   0.2787   0.2804   0.2822    0.284   0.2857   0.2875   0.2892    0.291   0.2928   0.2945   0.2963   0.2981   0.2998   0.3016   0.3034   0.3051   0.3069   0.3086   0.3104   0.3122   0.3139   0.3157   0.3175   0.3192    0.321   0.3228   0.3245   0.3263    0.328   0.3298   0.3316   0.3333   0.3351   0.3369   0.3386   0.3404   0.3422   0.3439   0.3457   0.3474   0.3492    0.351   0.3527   0.3545   0.3563    0.358   0.3598   0.3616   0.3633   0.3651   0.3668   0.3686   0.3704   0.3721   0.3739   0.3757   0.3774   0.3792    0.381   0.3827   0.3845   0.3862    0.388   0.3898   0.3915   0.3933   0.3951   0.3968   0.3986   0.4004   0.4021   0.4039   0.4056   0.4074   0.4092   0.4109   0.4127   0.4145   0.4162    0.418   0.4198   0.4215   0.4233    0.425   0.4268   0.4286   0.4303   0.4321   0.4339   0.4356   0.4374   0.4392   0.4409   0.4427   0.4444   0.4462    0.448   0.4497   0.4515   0.4533    0.455   0.4568   0.4586   0.4603   0.4621   0.4638   0.4656   0.4674   0.4691   0.4709   0.4727   0.4744   0.4762    0.478   0.4797   0.4815   0.4832    0.485   0.4868   0.4885   0.4903   0.4921   0.4938   0.4956   0.4974   0.4991
    S      0.0   0.0876   0.0074   0.1115   0.0735   0.1854   0.7455   0.0167   0.0006   0.0488    0.214    0.064   0.2131   0.0363   0.0174   0.2226   0.1873   0.3577   0.0282   0.2135    0.345   0.0944   0.0117   0.0086   0.1184   0.0288     0.04   0.0728   0.0402   0.0718   0.0959   0.1697   0.1085   0.0642   0.0327   0.1552   0.1182   0.0635   0.0045   0.3281   0.0426    0.093   0.2634   0.0698   0.1179   0.0128   0.2258   0.1409   0.0152   0.0836   0.0033     0.32   0.0983   0.0229   0.1422   0.0379   0.0923   0.2248   0.1635    0.014   0.0179   0.0086   0.1886    0.108    0.074   0.1918    0.307   0.0141   0.0771   0.1514   0.0086    0.235   0.0839   0.0992   0.0237    0.201   0.1112   0.0673   0.1544    0.165   0.0462   0.0437   0.0062   0.0087   0.0243    0.211   0.0227   0.0679   0.1655   0.0171   0.1423   0.0947   0.2206   0.0646   0.0454   0.0292   0.1187    0.048   0.0122   0.1132    0.664   0.0169   0.2957   0.0208   0.0983    0.178   0.1361   0.1524   0.0399   0.5507    0.179   0.0022   0.1137   0.0284   0.2233    0.041   0.0171   0.3174   0.0569   0.0996   0.0593   0.2359   0.0373   0.1568   0.0014   0.0458   0.0102   0.0686   0.1296   0.0515   0.0044   0.0377   0.1052   0.1366   0.1349   0.5516   0.0042   0.1248   0.1048   0.2364   0.0005   0.1131   0.0417   0.3881    0.251   0.1454    0.034   0.1479   0.1173   0.0219   0.0096   0.0712   0.1229   0.2412   0.1098   0.2615   0.0466   0.0062   0.3283     0.18   0.1887   0.0912   0.1586   0.1356    0.098   0.0353   0.1407   0.0841   0.1996   0.0481   0.1319   0.0942   0.1068   0.1451    0.041    0.013   0.1064   0.0598   0.3388   0.0934   0.0967   0.1392   0.0253   0.0501   0.0945   0.1549    0.222   0.0721   0.0621      1.0   0.1174   0.6098   0.3875   0.0468   0.0041   0.0434   0.0298   0.2553   0.0442   0.0337   0.3622   0.1564   0.1393   0.0409   0.2724   0.0615   0.0307   0.0007   0.0007   0.0176   0.3118   0.0622   0.0606   0.4556   0.0435   0.0361    0.161   0.0405   0.1331   0.3814   0.0038   0.1077   0.1087   0.0161    0.032   0.0538   0.1596   0.0167   0.0008   0.0324   0.1538   0.2082   0.2601    0.046   0.0455   0.0476   0.0112   0.0123   0.0694   0.0913    0.026   0.0471   0.0624   0.0823   0.0731   0.1137   0.1252   0.0392   0.0347   0.0409   0.1007   0.1408   0.1658   0.0763   0.0591   0.0607   0.0629    0.015    0.065   0.2571    0.102   0.0349    0.032   0.0081   0.2699   0.3466   0.0575   0.0122   0.0499   0.0407   0.0393    0.104   0.0785   0.0504   0.0798   0.1142   0.0206   0.0795   0.2668   0.0546   0.0776   0.0337   0.2135    0.073
  snr   -15.03
    H      5.2
 exon     True