>YOR268C
N: 399
Methods: voss, eiip, qpsk, mem, alg1, alg2

M: voss
 freq      0.0   0.0025    0.005   0.0075     0.01   0.0125    0.015   0.0175   0.0201   0.0226   0.0251   0.0276   0.0301   0.0326   0.0351   0.0376   0.0401   0.0426   0.0451   0.0476   0.0501   0.0526   0.0551   0.0576   0.0602   0.0627   0.0652   0.0677   0.0702   0.0727   0.0752   0.0777   0.0802   0.0827   0.0852   0.0877   0.0902   0.0927   0.0952   0.0977   0.1003   0.1028   0.1053   0.1078   0.1103   0.1128   0.1153   0.1178   0.1203   0.1228   0.1253   0.1278   0.1303   0.1328   0.1353   0.1378   0.1404   0.1429   0.1454   0.1479   0.1504   0.1529   0.1554   0.1579   0.1604   0.1629   0.1654   0.1679   0.1704   0.1729   0.1754   0.1779   0.1805    0.183   0.1855    0.188   0.1905    0.193   0.1955    0.198   0.2005    0.203   0.2055    0.208   0.2105    0.213   0.2155    0.218   0.2206   0.2231   0.2256   0.2281   0.2306   0.2331   0.2356   0.2381   0.2406   0.2431   0.2456   0.2481   0.2506   0.2531   0.2556   0.2581   0.2607   0.2632   0.2657   0.2682   0.2707   0.2732   0.2757   0.2782   0.2807   0.2832   0.2857   0.2882   0.2907   0.2932   0.2957   0.2982   0.3008   0.3033   0.3058   0.3083   0.3108   0.3133   0.3158   0.3183   0.3208   0.3233   0.3258   0.3283   0.3308   0.3333   0.3358   0.3383   0.3409   0.3434   0.3459   0.3484   0.3509   0.3534   0.3559   0.3584   0.3609   0.3634   0.3659   0.3684   0.3709   0.3734   0.3759   0.3784    0.381   0.3835    0.386   0.3885    0.391   0.3935    0.396   0.3985    0.401   0.4035    0.406   0.4085    0.411   0.4135    0.416   0.4185   0.4211   0.4236   0.4261   0.4286   0.4311   0.4336   0.4361   0.4386   0.4411   0.4436   0.4461   0.4486   0.4511   0.4536   0.4561   0.4586   0.4612   0.4637   0.4662   0.4687   0.4712   0.4737   0.4762   0.4787   0.4812   0.4837   0.4862   0.4887   0.4912   0.4937   0.4962   0.4987
    S      0.0   0.8826   0.1606   0.7279      1.0   0.1744   0.1238   0.1751   0.2003    0.079   0.3096   0.5274   0.3737   0.5261   0.4938   0.4411   0.3334   0.2573   0.0711   0.0899   0.0386   0.3773   0.2807   0.1486   0.0669   0.1642   0.0521    0.115   0.1791   0.1899   0.1237   0.1288   0.1421   0.0308   0.3878   0.1602   0.1476   0.3452   0.2646   0.1914   0.1748   0.0422   0.0708   0.1891   0.1576   0.3354   0.2253   0.2861   0.2455   0.0703   0.0563   0.2191   0.3548   0.1861   0.3378   0.3323   0.2105   0.1928   0.1557   0.3012   0.1903   0.1671   0.3271   0.1484   0.0975    0.121   0.1478   0.0682   0.2244   0.1312    0.311   0.3564   0.2591   0.0149   0.3552   0.1902   0.2112   0.1251   0.0988    0.225   0.1198   0.1168   0.1473   0.1292   0.1181   0.4903   0.1704   0.1161    0.156   0.1321   0.1915   0.1898   0.0817   0.1835   0.0939   0.3091   0.2574   0.1432     0.08   0.0684   0.1891   0.1396   0.1028   0.1377   0.1065   0.1988   0.1617   0.1498   0.1902   0.1356   0.2643    0.046   0.0722   0.1837   0.1129   0.3779   0.0346   0.1502   0.1478   0.1624   0.1087   0.4787   0.1064   0.2576   0.4191   0.2305   0.1841   0.2149   0.1626   0.0566   0.0809   0.1168   0.0698   0.3901   0.1363   0.0412   0.2452   0.1584   0.1622   0.0993   0.4334   0.2327   0.0848   0.2963   0.1588   0.1021   0.1221   0.1607   0.0951   0.1008   0.1006   0.2596   0.2222    0.158   0.1477   0.1864   0.2546      0.2   0.0335   0.1297   0.1558    0.339   0.1522   0.1071   0.1851   0.3338   0.1131   0.1204   0.0345   0.1088    0.146   0.0024   0.1461   0.3599   0.3853   0.1616   0.1938   0.1297   0.1679   0.1121   0.1844   0.2118   0.0533   0.0703     0.19   0.2682   0.1306    0.109   0.3284   0.1292   0.2112    0.362   0.0693   0.1741   0.1137   0.3878   0.1898   0.2778   0.1471   0.1156
  snr   -15.81
    H      5.1
 exon    False

M: eiip
 freq      0.0   0.0025    0.005   0.0075     0.01   0.0125    0.015   0.0175   0.0201   0.0226   0.0251   0.0276   0.0301   0.0326   0.0351   0.0376   0.0401   0.0426   0.0451   0.0476   0.0501   0.0526   0.0551   0.0576   0.0602   0.0627   0.0652   0.0677   0.0702   0.0727   0.0752   0.0777   0.0802   0.0827   0.0852   0.0877   0.0902   0.0927   0.0952   0.0977   0.1003   0.1028   0.1053   0.1078   0.1103   0.1128   0.1153   0.1178   0.1203   0.1228   0.1253   0.1278   0.1303   0.1328   0.1353   0.1378   0.1404   0.1429   0.1454   0.1479   0.1504   0.1529   0.1554   0.1579   0.1604   0.1629   0.1654   0.1679   0.1704   0.1729   0.1754   0.1779   0.1805    0.183   0.1855    0.188   0.1905    0.193   0.1955    0.198   0.2005    0.203   0.2055    0.208   0.2105    0.213   0.2155    0.218   0.2206   0.2231   0.2256   0.2281   0.2306   0.2331   0.2356   0.2381   0.2406   0.2431   0.2456   0.2481   0.2506   0.2531   0.2556   0.2581   0.2607   0.2632   0.2657   0.2682   0.2707   0.2732   0.2757   0.2782   0.2807   0.2832   0.2857   0.2882   0.2907   0.2932   0.2957   0.2982   0.3008   0.3033   0.3058   0.3083   0.3108   0.3133   0.3158   0.3183   0.3208   0.3233   0.3258   0.3283   0.3308   0.3333   0.3358   0.3383   0.3409   0.3434   0.3459   0.3484   0.3509   0.3534   0.3559   0.3584   0.3609   0.3634   0.3659   0.3684   0.3709   0.3734   0.3759   0.3784    0.381   0.3835    0.386   0.3885    0.391   0.3935    0.396   0.3985    0.401   0.4035    0.406   0.4085    0.411   0.4135    0.416   0.4185   0.4211   0.4236   0.4261   0.4286   0.4311   0.4336   0.4361   0.4386   0.4411   0.4436   0.4461   0.4486   0.4511   0.4536   0.4561   0.4586   0.4612   0.4637   0.4662   0.4687   0.4712   0.4737   0.4762   0.4787   0.4812   0.4837   0.4862   0.4887   0.4912   0.4937   0.4962   0.4987
    S      0.0   0.7828   0.1561   0.1978   0.1094   0.4098   0.1274   0.2104    0.053   0.0292   0.2589   0.0703   0.2774   0.2336      1.0   0.1408   0.0712   0.2658   0.0064   0.0299   0.0389   0.1854   0.1405   0.0054   0.0982   0.1475   0.0104   0.0489    0.026   0.0063   0.0056   0.0745    0.078   0.0495   0.7405   0.2169   0.0328   0.5289   0.2042   0.0373   0.0488   0.0011   0.0313   0.0198   0.1784   0.0843   0.1339    0.301   0.0747   0.1256   0.0516   0.2732   0.2783   0.2316   0.0367    0.192   0.0878   0.0143   0.0459   0.2835   0.0451   0.2436   0.2633   0.3025   0.2386   0.0907    0.162   0.0002   0.0358   0.0963   0.1894   0.0254   0.1821   0.0262   0.4262   0.3343   0.2104   0.1851   0.0779   0.4285   0.1865   0.2519   0.1134   0.1351   0.1658   0.1341   0.2288   0.0126   0.1709   0.0287    0.056   0.1239   0.1644   0.0161   0.0278   0.5361   0.3665    0.164   0.0321   0.0115   0.2153   0.3272   0.0346   0.0323   0.0426   0.0635   0.0919    0.039   0.0953   0.2399   0.3737   0.0552   0.0865   0.3376   0.0249   0.4921   0.0048   0.2135   0.0853   0.2642   0.0321   0.2579   0.0215    0.573   0.2248   0.0074   0.2839   0.0888   0.2361   0.0278   0.1382   0.0422   0.0237   0.3113   0.0805   0.0002   0.0458   0.2116   0.1079   0.0483   0.2044   0.3383     0.12   0.1696   0.3195   0.0743   0.0428   0.2547   0.0339   0.1246   0.0296   0.1339   0.3626   0.0244   0.1277   0.0887   0.1005   0.3812   0.0071   0.0011   0.1355   0.0021   0.0578   0.1337   0.2287   0.2218   0.1432   0.0786   0.0108   0.0238    0.052    0.003   0.3159   0.0167    0.506   0.3728   0.4436   0.2819   0.1252   0.0195   0.0148   0.3184   0.0018   0.0339   0.1241   0.2071   0.0064   0.1335    0.001   0.1006   0.0375    0.325   0.0151   0.0679   0.1107   0.8434   0.4069    0.272   0.1473   0.0303
  snr   -14.81
    H     4.84
 exon    False

M: qpsk
 freq      0.0   0.0025    0.005   0.0075     0.01   0.0125    0.015   0.0175   0.0201   0.0226   0.0251   0.0276   0.0301   0.0326   0.0351   0.0376   0.0401   0.0426   0.0451   0.0476   0.0501   0.0526   0.0551   0.0576   0.0602   0.0627   0.0652   0.0677   0.0702   0.0727   0.0752   0.0777   0.0802   0.0827   0.0852   0.0877   0.0902   0.0927   0.0952   0.0977   0.1003   0.1028   0.1053   0.1078   0.1103   0.1128   0.1153   0.1178   0.1203   0.1228   0.1253   0.1278   0.1303   0.1328   0.1353   0.1378   0.1404   0.1429   0.1454   0.1479   0.1504   0.1529   0.1554   0.1579   0.1604   0.1629   0.1654   0.1679   0.1704   0.1729   0.1754   0.1779   0.1805    0.183   0.1855    0.188   0.1905    0.193   0.1955    0.198   0.2005    0.203   0.2055    0.208   0.2105    0.213   0.2155    0.218   0.2206   0.2231   0.2256   0.2281   0.2306   0.2331   0.2356   0.2381   0.2406   0.2431   0.2456   0.2481   0.2506   0.2531   0.2556   0.2581   0.2607   0.2632   0.2657   0.2682   0.2707   0.2732   0.2757   0.2782   0.2807   0.2832   0.2857   0.2882   0.2907   0.2932   0.2957   0.2982   0.3008   0.3033   0.3058   0.3083   0.3108   0.3133   0.3158   0.3183   0.3208   0.3233   0.3258   0.3283   0.3308   0.3333   0.3358   0.3383   0.3409   0.3434   0.3459   0.3484   0.3509   0.3534   0.3559   0.3584   0.3609   0.3634   0.3659   0.3684   0.3709   0.3734   0.3759   0.3784    0.381   0.3835    0.386   0.3885    0.391   0.3935    0.396   0.3985    0.401   0.4035    0.406   0.4085    0.411   0.4135    0.416   0.4185   0.4211   0.4236   0.4261   0.4286   0.4311   0.4336   0.4361   0.4386   0.4411   0.4436   0.4461   0.4486   0.4511   0.4536   0.4561   0.4586   0.4612   0.4637   0.4662   0.4687   0.4712   0.4737   0.4762   0.4787   0.4812   0.4837   0.4862   0.4887   0.4912   0.4937   0.4962   0.4987
    S      0.0      1.0    0.201   0.6007   0.4988   0.1374    0.153   0.2307    0.057   0.0905   0.1031   0.5063   0.3806   0.3953   0.5567   0.0888    0.351   0.1546   0.0367    0.078    0.052   0.4751   0.3256    0.091   0.0807   0.1493   0.0467   0.0845   0.1237   0.2104   0.1501   0.1486   0.0885   0.0348   0.3718   0.1046   0.1227   0.3442   0.1186   0.0567   0.1163   0.0406   0.0511   0.2389   0.1214   0.3104   0.2754   0.2562   0.3196   0.0221   0.0687   0.0952   0.4279   0.2474   0.4036    0.318   0.2603   0.1003   0.0165   0.3919   0.1887   0.0709    0.389   0.1246   0.0721   0.0742   0.0975   0.0294    0.138   0.1364   0.2155   0.3704   0.3112   0.0156   0.3502   0.1525   0.0988   0.0168   0.0503   0.1733   0.0804   0.1281   0.1936   0.1318   0.1346   0.5809    0.049   0.1329    0.195   0.1665   0.2551   0.1913   0.0949   0.0918   0.1022   0.2464      0.3   0.1685   0.0841   0.0599   0.1194   0.1276   0.0712   0.1477   0.0288   0.0341   0.1974   0.0831   0.2312   0.1556   0.2695   0.0419   0.0935   0.1715   0.1276   0.3253   0.0396   0.2013   0.1675   0.1494   0.1371   0.6315   0.1048   0.2073   0.4893   0.1058   0.2257   0.2809   0.1764   0.0762   0.0366   0.0941   0.0877   0.0706   0.0693   0.0421   0.0648   0.1337   0.2057   0.1332   0.4339   0.1039    0.105   0.0887   0.1778   0.0818   0.1631   0.0769   0.0508   0.1167   0.0482    0.275   0.1311   0.1608   0.1995   0.0153   0.2273   0.2067   0.0317   0.0617   0.1954   0.1945   0.1236   0.1435   0.1823    0.442   0.0697    0.057   0.0346    0.114   0.1371   0.0017   0.1148   0.4029   0.4993   0.1425   0.1209   0.1113   0.1666   0.0191   0.0838   0.2847     0.04   0.0646   0.2463   0.3292   0.1739   0.1117   0.1768   0.1563   0.1694   0.3275   0.0648   0.1133   0.1511    0.445   0.2477   0.1915   0.1705   0.1125
  snr   -15.34
    H     5.02
 exon    False

M: mem
 freq      0.0   0.0025    0.005   0.0075   0.0101   0.0126   0.0151   0.0176   0.0201   0.0226   0.0251   0.0276   0.0302   0.0327   0.0352   0.0377   0.0402   0.0427   0.0452   0.0477   0.0503   0.0528   0.0553   0.0578   0.0603   0.0628   0.0653   0.0678   0.0704   0.0729   0.0754   0.0779   0.0804   0.0829   0.0854   0.0879   0.0905    0.093   0.0955    0.098   0.1005    0.103   0.1055    0.108   0.1106   0.1131   0.1156   0.1181   0.1206   0.1231   0.1256   0.1281   0.1307   0.1332   0.1357   0.1382   0.1407   0.1432   0.1457   0.1482   0.1508   0.1533   0.1558   0.1583   0.1608   0.1633   0.1658   0.1683   0.1709   0.1734   0.1759   0.1784   0.1809   0.1834   0.1859   0.1884    0.191   0.1935    0.196   0.1985    0.201   0.2035    0.206   0.2085   0.2111   0.2136   0.2161   0.2186   0.2211   0.2236   0.2261   0.2286   0.2312   0.2337   0.2362   0.2387   0.2412   0.2437   0.2462   0.2487   0.2513   0.2538   0.2563   0.2588   0.2613   0.2638   0.2663   0.2688   0.2714   0.2739   0.2764   0.2789   0.2814   0.2839   0.2864   0.2889   0.2915    0.294   0.2965    0.299   0.3015    0.304   0.3065    0.309   0.3116   0.3141   0.3166   0.3191   0.3216   0.3241   0.3266   0.3291   0.3317   0.3342   0.3367   0.3392   0.3417   0.3442   0.3467   0.3492   0.3518   0.3543   0.3568   0.3593   0.3618   0.3643   0.3668   0.3693   0.3719   0.3744   0.3769   0.3794   0.3819   0.3844   0.3869   0.3894    0.392   0.3945    0.397   0.3995    0.402   0.4045    0.407   0.4095   0.4121   0.4146   0.4171   0.4196   0.4221   0.4246   0.4271   0.4296   0.4322   0.4347   0.4372   0.4397   0.4422   0.4447   0.4472   0.4497   0.4523   0.4548   0.4573   0.4598   0.4623   0.4648   0.4673   0.4698   0.4724   0.4749   0.4774   0.4799   0.4824   0.4849   0.4874   0.4899   0.4925    0.495   0.4975
    S      0.0   0.3334   0.0027   0.3687      1.0   0.0127   0.0757   0.0663   0.1781   0.0089   0.1062    0.496   0.2485    0.247   0.0691   0.4396   0.0095   0.1677   0.0621   0.0775   0.0212   0.0442   0.1984   0.0298   0.0043   0.0501   0.0046   0.0198   0.1356   0.0208   0.1247   0.0355   0.1396   0.0082   0.0996   0.0503    0.076   0.0274   0.2094   0.0573   0.0264   0.0016   0.0388   0.1258   0.0075   0.0192   0.1259   0.1281   0.1532   0.0481   0.0391   0.0423   0.0011    0.065   0.1018    0.261   0.0176    0.138   0.0904   0.0288   0.0286   0.1333   0.0842   0.0256   0.0289   0.0833   0.0131   0.0491   0.0575   0.1399   0.2045   0.0513   0.2033   0.0388   0.0194   0.0158   0.0254   0.0439   0.0621    0.026   0.0359   0.0106   0.0157   0.0277     0.04   0.2088   0.0689   0.0666   0.0366   0.1413   0.1378   0.0037   0.0137   0.0949   0.0572   0.0082   0.0392    0.071   0.0009   0.0116   0.0392   0.0173   0.0606   0.0899   0.0834   0.1052   0.0088   0.0185   0.1597   0.0456   0.0265   0.0036   0.0108   0.0746   0.1128   0.0417   0.0269   0.0652   0.0594    0.085    0.088   0.3644   0.0602    0.157   0.1978   0.2009   0.0077   0.0188   0.0378   0.0135   0.0487   0.0426   0.0231   0.0881   0.0302   0.1522   0.0927   0.0363   0.0569   0.1386   0.1367   0.0077   0.0126    0.201     0.02   0.0918   0.0405   0.0778   0.0008   0.0155   0.2805   0.0587   0.1263   0.0348   0.1515   0.0284   0.0086   0.0527   0.1385   0.0175   0.0824   0.0954    0.123     0.08   0.0005    0.336   0.0321   0.0234   0.0116   0.0206   0.0604   0.0944   0.1026    0.038   0.0562   0.0505   0.0583   0.0393   0.0068    0.008   0.1034   0.1172   0.0404   0.0068   0.2443   0.0072   0.1201   0.0134   0.1069   0.1016   0.0686   0.0018   0.1154   0.0016   0.0504   0.0224   0.0575   0.0225   0.0408
  snr   -11.84
    H     4.77
 exon    False

M: alg1
 freq      0.0   0.0025    0.005   0.0075     0.01   0.0125    0.015   0.0175   0.0201   0.0226   0.0251   0.0276   0.0301   0.0326   0.0351   0.0376   0.0401   0.0426   0.0451   0.0476   0.0501   0.0526   0.0551   0.0576   0.0602   0.0627   0.0652   0.0677   0.0702   0.0727   0.0752   0.0777   0.0802   0.0827   0.0852   0.0877   0.0902   0.0927   0.0952   0.0977   0.1003   0.1028   0.1053   0.1078   0.1103   0.1128   0.1153   0.1178   0.1203   0.1228   0.1253   0.1278   0.1303   0.1328   0.1353   0.1378   0.1404   0.1429   0.1454   0.1479   0.1504   0.1529   0.1554   0.1579   0.1604   0.1629   0.1654   0.1679   0.1704   0.1729   0.1754   0.1779   0.1805    0.183   0.1855    0.188   0.1905    0.193   0.1955    0.198   0.2005    0.203   0.2055    0.208   0.2105    0.213   0.2155    0.218   0.2206   0.2231   0.2256   0.2281   0.2306   0.2331   0.2356   0.2381   0.2406   0.2431   0.2456   0.2481   0.2506   0.2531   0.2556   0.2581   0.2607   0.2632   0.2657   0.2682   0.2707   0.2732   0.2757   0.2782   0.2807   0.2832   0.2857   0.2882   0.2907   0.2932   0.2957   0.2982   0.3008   0.3033   0.3058   0.3083   0.3108   0.3133   0.3158   0.3183   0.3208   0.3233   0.3258   0.3283   0.3308   0.3333   0.3358   0.3383   0.3409   0.3434   0.3459   0.3484   0.3509   0.3534   0.3559   0.3584   0.3609   0.3634   0.3659   0.3684   0.3709   0.3734   0.3759   0.3784    0.381   0.3835    0.386   0.3885    0.391   0.3935    0.396   0.3985    0.401   0.4035    0.406   0.4085    0.411   0.4135    0.416   0.4185   0.4211   0.4236   0.4261   0.4286   0.4311   0.4336   0.4361   0.4386   0.4411   0.4436   0.4461   0.4486   0.4511   0.4536   0.4561   0.4586   0.4612   0.4637   0.4662   0.4687   0.4712   0.4737   0.4762   0.4787   0.4812   0.4837   0.4862   0.4887   0.4912   0.4937   0.4962   0.4987
    S      0.0    0.205   0.0487   0.5345      1.0   0.2073   0.0066   0.0298   0.2835   0.0504   0.5415    0.226   0.1442   0.4664   0.1787   0.6297   0.3494   0.2398   0.0788   0.0455    0.004   0.2169   0.0449   0.2185    0.022   0.1104   0.0602   0.1489   0.1288   0.1903   0.0312   0.0901   0.1086   0.0072   0.2581   0.2027   0.1667   0.2749   0.3009   0.3569   0.2854   0.0579   0.0569   0.0735    0.268   0.3457    0.094   0.3149   0.0194   0.1182   0.0215   0.3495   0.1854   0.0593   0.2814   0.0944   0.1153   0.2226   0.3374   0.0571   0.2262   0.2317   0.2458   0.1429   0.1102   0.1046   0.2115   0.1058   0.3359   0.0328   0.2483    0.318   0.0331   0.0102   0.3685   0.2739   0.3981    0.257   0.1708   0.2245    0.117   0.0905   0.0384   0.0739   0.0358   0.4669    0.278   0.0479   0.0099   0.0222   0.0667   0.2583   0.0379    0.207    0.112   0.3905   0.0812    0.055   0.0639   0.0633   0.3125   0.1374   0.0919   0.1243   0.1872   0.4384    0.049   0.2304   0.0131   0.0682   0.1326   0.0428    0.009    0.131   0.0317   0.2923   0.0234   0.0185   0.0134   0.1079   0.0148   0.0956     0.09   0.2042   0.0282   0.3388   0.0219     0.09    0.103   0.0108   0.1465   0.1104   0.0517   0.9098   0.2126   0.0143   0.4417   0.0779   0.0587   0.0158   0.1211   0.4714   0.0222   0.5475   0.1245   0.0779   0.0255   0.1823   0.1671   0.0643   0.0789   0.0785   0.3254   0.1456   0.0325   0.3848    0.342   0.1309   0.0193   0.1367   0.0036   0.5464   0.0628   0.0165   0.1481   0.0873   0.0943   0.1119   0.0294   0.0817   0.1641   0.0017    0.178    0.181   0.0207    0.134   0.2339   0.1276   0.1076   0.1811   0.2233   0.0151   0.0714   0.0432   0.0626   0.0088   0.0164   0.0534   0.5328   0.0761   0.1297   0.4495   0.0446   0.2039   0.0378    0.161    0.051   0.5068   0.1225   0.1041
  snr   -14.99
    H      4.9
 exon    False

M: alg2
 freq      0.0   0.0025    0.005   0.0075     0.01   0.0125    0.015   0.0175   0.0201   0.0226   0.0251   0.0276   0.0301   0.0326   0.0351   0.0376   0.0401   0.0426   0.0451   0.0476   0.0501   0.0526   0.0551   0.0576   0.0602   0.0627   0.0652   0.0677   0.0702   0.0727   0.0752   0.0777   0.0802   0.0827   0.0852   0.0877   0.0902   0.0927   0.0952   0.0977   0.1003   0.1028   0.1053   0.1078   0.1103   0.1128   0.1153   0.1178   0.1203   0.1228   0.1253   0.1278   0.1303   0.1328   0.1353   0.1378   0.1404   0.1429   0.1454   0.1479   0.1504   0.1529   0.1554   0.1579   0.1604   0.1629   0.1654   0.1679   0.1704   0.1729   0.1754   0.1779   0.1805    0.183   0.1855    0.188   0.1905    0.193   0.1955    0.198   0.2005    0.203   0.2055    0.208   0.2105    0.213   0.2155    0.218   0.2206   0.2231   0.2256   0.2281   0.2306   0.2331   0.2356   0.2381   0.2406   0.2431   0.2456   0.2481   0.2506   0.2531   0.2556   0.2581   0.2607   0.2632   0.2657   0.2682   0.2707   0.2732   0.2757   0.2782   0.2807   0.2832   0.2857   0.2882   0.2907   0.2932   0.2957   0.2982   0.3008   0.3033   0.3058   0.3083   0.3108   0.3133   0.3158   0.3183   0.3208   0.3233   0.3258   0.3283   0.3308   0.3333   0.3358   0.3383   0.3409   0.3434   0.3459   0.3484   0.3509   0.3534   0.3559   0.3584   0.3609   0.3634   0.3659   0.3684   0.3709   0.3734   0.3759   0.3784    0.381   0.3835    0.386   0.3885    0.391   0.3935    0.396   0.3985    0.401   0.4035    0.406   0.4085    0.411   0.4135    0.416   0.4185   0.4211   0.4236   0.4261   0.4286   0.4311   0.4336   0.4361   0.4386   0.4411   0.4436   0.4461   0.4486   0.4511   0.4536   0.4561   0.4586   0.4612   0.4637   0.4662   0.4687   0.4712   0.4737   0.4762   0.4787   0.4812   0.4837   0.4862   0.4887   0.4912   0.4937   0.4962   0.4987
    S      0.0    0.277   0.0043   0.3554      1.0   0.0369   0.0541   0.0341   0.1888   0.0085   0.1712   0.4395    0.185   0.2543   0.1081    0.481   0.0084   0.1929   0.0552   0.0534   0.0098   0.0213   0.1487   0.0521   0.0041   0.0545   0.0066   0.0213   0.1477   0.0048   0.0701   0.0209   0.1414   0.0128   0.1099   0.0658   0.0519   0.0378    0.259   0.1062   0.0319   0.0007   0.0402   0.0714   0.0045   0.0269   0.0915   0.0937   0.1318   0.0443   0.0213   0.1078   0.0035   0.0332   0.0198   0.2807   0.0178   0.1575   0.0938   0.0475   0.0153   0.1106   0.0652    0.041   0.0301   0.0947   0.0362   0.0331   0.0991    0.102   0.2205   0.0725   0.1602   0.0041   0.0319   0.0223   0.0569   0.0818   0.0403   0.0893   0.0671   0.0029   0.0169   0.0292   0.0498   0.0469   0.1299   0.0554   0.0418   0.0781   0.0571   0.0021   0.0059   0.1301   0.0038   0.0412   0.0552   0.0555   0.0038   0.0195   0.0514   0.0173   0.0662   0.0216    0.067   0.0973   0.0552   0.0691    0.125   0.0086   0.0745   0.0072   0.0086   0.0488   0.0602   0.1583   0.0103    0.023   0.0817   0.0546   0.0639    0.193   0.0222   0.1231   0.3127   0.1405    0.057   0.0197   0.0227   0.0196   0.0261   0.0485   0.0119   0.1532   0.0522   0.0322   0.1547   0.1179   0.0192   0.0403   0.2417   0.0499     0.02   0.1859   0.0081   0.0653   0.0407   0.1352   0.0211   0.0244   0.1234   0.1383   0.0933   0.0578   0.0425   0.1365   0.0054    0.033    0.018   0.1089   0.0669   0.0851   0.1467   0.0032    0.072   0.1007   0.0991   0.1334   0.0064   0.0472    0.023    0.002    0.034   0.1823   0.0705   0.0457   0.0871   0.0274   0.0759   0.1056   0.1352   0.0178   0.0168   0.0519   0.0689   0.1353   0.0718   0.0365     0.09   0.0249    0.136    0.032   0.0491   0.0698    0.014   0.0691   0.0028   0.0174   0.0219   0.0176
  snr   -11.66
    H      4.8
 exon    False