>YOR224C
N: 441
Methods: voss, eiip, qpsk, mem, alg1, alg2

M: voss
 freq      0.0   0.0023   0.0045   0.0068   0.0091   0.0113   0.0136   0.0159   0.0181   0.0204   0.0227   0.0249   0.0272   0.0295   0.0317    0.034   0.0363   0.0385   0.0408   0.0431   0.0454   0.0476   0.0499   0.0522   0.0544   0.0567    0.059   0.0612   0.0635   0.0658    0.068   0.0703   0.0726   0.0748   0.0771   0.0794   0.0816   0.0839   0.0862   0.0884   0.0907    0.093   0.0952   0.0975   0.0998    0.102   0.1043   0.1066   0.1088   0.1111   0.1134   0.1156   0.1179   0.1202   0.1224   0.1247    0.127   0.1293   0.1315   0.1338   0.1361   0.1383   0.1406   0.1429   0.1451   0.1474   0.1497   0.1519   0.1542   0.1565   0.1587    0.161   0.1633   0.1655   0.1678   0.1701   0.1723   0.1746   0.1769   0.1791   0.1814   0.1837   0.1859   0.1882   0.1905   0.1927    0.195   0.1973   0.1995   0.2018   0.2041   0.2063   0.2086   0.2109   0.2132   0.2154   0.2177     0.22   0.2222   0.2245   0.2268    0.229   0.2313   0.2336   0.2358   0.2381   0.2404   0.2426   0.2449   0.2472   0.2494   0.2517    0.254   0.2562   0.2585   0.2608    0.263   0.2653   0.2676   0.2698   0.2721   0.2744   0.2766   0.2789   0.2812   0.2834   0.2857    0.288   0.2902   0.2925   0.2948   0.2971   0.2993   0.3016   0.3039   0.3061   0.3084   0.3107   0.3129   0.3152   0.3175   0.3197    0.322   0.3243   0.3265   0.3288   0.3311   0.3333   0.3356   0.3379   0.3401   0.3424   0.3447   0.3469   0.3492   0.3515   0.3537    0.356   0.3583   0.3605   0.3628   0.3651   0.3673   0.3696   0.3719   0.3741   0.3764   0.3787    0.381   0.3832   0.3855   0.3878     0.39   0.3923   0.3946   0.3968   0.3991   0.4014   0.4036   0.4059   0.4082   0.4104   0.4127    0.415   0.4172   0.4195   0.4218    0.424   0.4263   0.4286   0.4308   0.4331   0.4354   0.4376   0.4399   0.4422   0.4444   0.4467    0.449   0.4512   0.4535   0.4558    0.458   0.4603   0.4626   0.4649   0.4671   0.4694   0.4717   0.4739   0.4762   0.4785   0.4807    0.483   0.4853   0.4875   0.4898   0.4921   0.4943   0.4966   0.4989
    S      0.0   0.3654   0.0818   0.3835   0.1322    0.318   0.2427   0.1334   0.2928   0.2853   0.1888   0.1654   0.1489   0.1507    0.245   0.4225    0.026   0.1994   0.1329   0.1564   0.2471   0.3404   0.2963   0.4528   0.2148   0.1018   0.2498   0.1201   0.0937   0.3996   0.3887   0.1228   0.0207   0.0582   0.3535   0.0223   0.0955   0.2686   0.2473   0.3662   0.2133   0.1479   0.5535   0.5463   0.2266   0.2065   0.2228     0.11   0.0974   0.1617   0.0901   0.1426    0.081   0.6067   0.1607   0.3005   0.3943   0.1705   0.2205   0.2424   0.1377   0.1505   0.1235   0.0485   0.2388   0.0973   0.1917   0.3179    0.297   0.3883     0.07   0.1627    0.375   0.2134   0.2382   0.1854   0.2645   0.4609   0.1723   0.3488   0.0884   0.1053   0.1553   0.5506   0.1327    0.073   0.1736   0.1903   0.3553    0.147   0.1516   0.5062   0.1695   0.2332    0.134   0.1502   0.2783   0.1732    0.409   0.2939   0.1682   0.2073   0.2521   0.0518   0.2303   0.1604   0.2277    0.214   0.2926   0.2495   0.1336   0.1198   0.1415   0.2842   0.1572   0.2719   0.0394    0.224   0.2575   0.3388   0.2734   0.1441   0.1857   0.2824   0.3829   0.3416   0.5106   0.1688   0.4983   0.3182   0.3891   0.2288   0.1562    0.363   0.3172   0.1239   0.5235   0.1907   0.1599   0.2878   0.1854   0.2173   0.0828   0.0947    0.415   0.2052   0.3042      1.0   0.1648   0.3435     0.16   0.3295   0.0966   0.2787   0.3931   0.2361   0.1107   0.2171    0.061    0.412   0.2659   0.2445   0.2659     0.34   0.1556   0.0127   0.1334   0.1822    0.137   0.3502   0.1496     0.43   0.1011   0.3396    0.382   0.2535   0.2223   0.0612   0.1438    0.189   0.1993   0.2855   0.3962    0.233   0.2337   0.1137   0.3179   0.3045   0.1635   0.1849   0.3836   0.1353   0.1966   0.0381   0.3522   0.2122   0.1067   0.0947   0.1213   0.3111   0.2615   0.2028   0.2718   0.2445   0.1251   0.0729   0.0937   0.1687    0.189   0.5054   0.0715   0.1647   0.4151   0.0769   0.2836    0.349   0.0846   0.1525   0.2212   0.1943   0.2883
  snr   -16.97
    H     5.25
 exon     True

M: eiip
 freq      0.0   0.0023   0.0045   0.0068   0.0091   0.0113   0.0136   0.0159   0.0181   0.0204   0.0227   0.0249   0.0272   0.0295   0.0317    0.034   0.0363   0.0385   0.0408   0.0431   0.0454   0.0476   0.0499   0.0522   0.0544   0.0567    0.059   0.0612   0.0635   0.0658    0.068   0.0703   0.0726   0.0748   0.0771   0.0794   0.0816   0.0839   0.0862   0.0884   0.0907    0.093   0.0952   0.0975   0.0998    0.102   0.1043   0.1066   0.1088   0.1111   0.1134   0.1156   0.1179   0.1202   0.1224   0.1247    0.127   0.1293   0.1315   0.1338   0.1361   0.1383   0.1406   0.1429   0.1451   0.1474   0.1497   0.1519   0.1542   0.1565   0.1587    0.161   0.1633   0.1655   0.1678   0.1701   0.1723   0.1746   0.1769   0.1791   0.1814   0.1837   0.1859   0.1882   0.1905   0.1927    0.195   0.1973   0.1995   0.2018   0.2041   0.2063   0.2086   0.2109   0.2132   0.2154   0.2177     0.22   0.2222   0.2245   0.2268    0.229   0.2313   0.2336   0.2358   0.2381   0.2404   0.2426   0.2449   0.2472   0.2494   0.2517    0.254   0.2562   0.2585   0.2608    0.263   0.2653   0.2676   0.2698   0.2721   0.2744   0.2766   0.2789   0.2812   0.2834   0.2857    0.288   0.2902   0.2925   0.2948   0.2971   0.2993   0.3016   0.3039   0.3061   0.3084   0.3107   0.3129   0.3152   0.3175   0.3197    0.322   0.3243   0.3265   0.3288   0.3311   0.3333   0.3356   0.3379   0.3401   0.3424   0.3447   0.3469   0.3492   0.3515   0.3537    0.356   0.3583   0.3605   0.3628   0.3651   0.3673   0.3696   0.3719   0.3741   0.3764   0.3787    0.381   0.3832   0.3855   0.3878     0.39   0.3923   0.3946   0.3968   0.3991   0.4014   0.4036   0.4059   0.4082   0.4104   0.4127    0.415   0.4172   0.4195   0.4218    0.424   0.4263   0.4286   0.4308   0.4331   0.4354   0.4376   0.4399   0.4422   0.4444   0.4467    0.449   0.4512   0.4535   0.4558    0.458   0.4603   0.4626   0.4649   0.4671   0.4694   0.4717   0.4739   0.4762   0.4785   0.4807    0.483   0.4853   0.4875   0.4898   0.4921   0.4943   0.4966   0.4989
    S      0.0   0.0736   0.0471   0.0226   0.0264   0.1339   0.0224   0.0467   0.0468   0.0214   0.0075   0.1192   0.0102   0.0153    0.089    0.122   0.0267    0.193   0.0285   0.0169   0.0328   0.3079   0.2389   0.0528   0.0149   0.0824   0.1616   0.0737   0.0451   0.1064    0.135   0.1414   0.0037   0.0052   0.2121   0.0077   0.0227   0.0399   0.0468   0.2279   0.0094   0.1009   0.1409    0.035   0.1442   0.1305   0.1574   0.0058   0.0303   0.0448   0.0152   0.0381   0.0071   0.1285   0.0284   0.0339   0.1278   0.0262   0.0476    0.023   0.0858   0.0509   0.0817   0.0137   0.1658   0.0113   0.1004    0.208   0.2685   0.0005   0.0271   0.0526   0.1555   0.1747   0.0693   0.0436    0.159   0.0253   0.0221    0.056   0.0293   0.0361   0.0147   0.1766   0.1255   0.0802   0.0857   0.0072   0.1107   0.0479   0.0471   0.0167   0.0027    0.166    0.068   0.0269    0.216   0.0068   0.2298   0.0064   0.0574   0.1456   0.0747   0.0414   0.0298   0.1686   0.0343   0.1233   0.0308   0.0654   0.1107   0.0679   0.1034   0.1187   0.0038   0.1116   0.0242   0.1817   0.0639   0.3374   0.0401   0.0466   0.0026   0.3097   0.1641   0.0735   0.6355   0.0282   0.1154   0.1483   0.3221   0.0615   0.0192   0.0185   0.3012   0.0951   0.2209   0.0003   0.0565   0.1475    0.104   0.1958   0.0013   0.0293   0.4333   0.0396   0.1087      1.0    0.041   0.2295   0.0253   0.1159   0.0521   0.0026   0.3769   0.0877   0.0266   0.0835   0.0332   0.0221   0.0315   0.0773   0.0554   0.0665   0.0016   0.0035   0.0904   0.1105    0.067   0.2239   0.0572    0.018   0.1081   0.1571   0.1081   0.1482   0.1367   0.0339    0.001    0.073   0.0007   0.0979   0.1865   0.1668   0.0204   0.0291   0.2135   0.0657   0.0247   0.0616   0.0028   0.0205   0.0211    0.004   0.2717   0.0169   0.1307   0.0929   0.0537   0.0566     0.03   0.0984    0.006   0.0953   0.0259   0.0085    0.022   0.0847   0.0239   0.0265   0.0476   0.0227   0.0256   0.0054   0.3023   0.2143   0.0013   0.0814   0.1509   0.0156   0.0271
  snr   -12.72
    H     4.89
 exon     True

M: qpsk
 freq      0.0   0.0023   0.0045   0.0068   0.0091   0.0113   0.0136   0.0159   0.0181   0.0204   0.0227   0.0249   0.0272   0.0295   0.0317    0.034   0.0363   0.0385   0.0408   0.0431   0.0454   0.0476   0.0499   0.0522   0.0544   0.0567    0.059   0.0612   0.0635   0.0658    0.068   0.0703   0.0726   0.0748   0.0771   0.0794   0.0816   0.0839   0.0862   0.0884   0.0907    0.093   0.0952   0.0975   0.0998    0.102   0.1043   0.1066   0.1088   0.1111   0.1134   0.1156   0.1179   0.1202   0.1224   0.1247    0.127   0.1293   0.1315   0.1338   0.1361   0.1383   0.1406   0.1429   0.1451   0.1474   0.1497   0.1519   0.1542   0.1565   0.1587    0.161   0.1633   0.1655   0.1678   0.1701   0.1723   0.1746   0.1769   0.1791   0.1814   0.1837   0.1859   0.1882   0.1905   0.1927    0.195   0.1973   0.1995   0.2018   0.2041   0.2063   0.2086   0.2109   0.2132   0.2154   0.2177     0.22   0.2222   0.2245   0.2268    0.229   0.2313   0.2336   0.2358   0.2381   0.2404   0.2426   0.2449   0.2472   0.2494   0.2517    0.254   0.2562   0.2585   0.2608    0.263   0.2653   0.2676   0.2698   0.2721   0.2744   0.2766   0.2789   0.2812   0.2834   0.2857    0.288   0.2902   0.2925   0.2948   0.2971   0.2993   0.3016   0.3039   0.3061   0.3084   0.3107   0.3129   0.3152   0.3175   0.3197    0.322   0.3243   0.3265   0.3288   0.3311   0.3333   0.3356   0.3379   0.3401   0.3424   0.3447   0.3469   0.3492   0.3515   0.3537    0.356   0.3583   0.3605   0.3628   0.3651   0.3673   0.3696   0.3719   0.3741   0.3764   0.3787    0.381   0.3832   0.3855   0.3878     0.39   0.3923   0.3946   0.3968   0.3991   0.4014   0.4036   0.4059   0.4082   0.4104   0.4127    0.415   0.4172   0.4195   0.4218    0.424   0.4263   0.4286   0.4308   0.4331   0.4354   0.4376   0.4399   0.4422   0.4444   0.4467    0.449   0.4512   0.4535   0.4558    0.458   0.4603   0.4626   0.4649   0.4671   0.4694   0.4717   0.4739   0.4762   0.4785   0.4807    0.483   0.4853   0.4875   0.4898   0.4921   0.4943   0.4966   0.4989
    S      0.0   0.3688   0.1216   0.3118   0.0336   0.4693   0.2589    0.124   0.4277   0.2741   0.1374   0.2478   0.1614   0.1991   0.3715   0.3522    0.015    0.304   0.1421   0.2205   0.3066   0.3931   0.1737   0.5548   0.2181   0.0666   0.2021   0.1473    0.131   0.4343     0.26   0.1623   0.0218   0.0827   0.1018   0.0276   0.0961   0.3909   0.3025   0.5129   0.2704   0.1638   0.7316   0.4855   0.3016   0.2763   0.2111   0.0829   0.1191   0.1868   0.1345   0.1764   0.0537   0.5331    0.245   0.1601    0.189   0.2019   0.1383   0.1953   0.1368   0.2241   0.1599   0.0671   0.3252   0.0889   0.2814   0.2299   0.3806   0.2054   0.1039   0.1203   0.0437   0.2834   0.0746   0.2639   0.4091   0.4366   0.0883   0.2995   0.0901   0.1477   0.1447   0.6824   0.1993   0.0533   0.1408   0.1491   0.5133   0.2051   0.0578   0.6738   0.2589   0.2374   0.0429   0.1576    0.371    0.172   0.3168   0.2542   0.2334   0.3052   0.3616   0.0621    0.291   0.2408   0.2189   0.3129   0.2507   0.1889   0.1349   0.1585   0.2145   0.4104   0.0438    0.381   0.0488   0.2289   0.2563   0.4617   0.1855   0.0064   0.2602   0.3896   0.4233   0.3522   0.6249    0.251   0.6921   0.2929   0.5852   0.3082   0.1338   0.1005    0.202   0.1838   0.4515   0.2183   0.1881   0.3988   0.0825   0.2502   0.1111   0.1287   0.2444   0.0699   0.3732      1.0   0.1341   0.4799   0.1678   0.2351   0.0544   0.4247   0.2744   0.0825   0.1638   0.1882   0.0352   0.2257   0.1046   0.2709   0.2383   0.4446   0.1356   0.0093   0.0893   0.0949   0.2069   0.3214   0.2132    0.554   0.0916   0.2862   0.3498   0.3654   0.3432   0.0936   0.2021   0.2512   0.2041   0.1148   0.4847    0.183      0.3   0.1307   0.4654   0.3781   0.2259   0.2079   0.2934   0.1203   0.1648   0.0385   0.2034   0.1481   0.1396   0.0637   0.1875   0.2582   0.3348   0.2285   0.3736    0.302   0.1901   0.0752   0.1245    0.196   0.2314    0.357   0.0543   0.1298   0.3425   0.1136   0.1915   0.2786   0.0666   0.1813     0.26   0.1679   0.2544
  snr    -17.1
    H      5.2
 exon     True

M: mem
 freq      0.0   0.0023   0.0045   0.0068   0.0091   0.0114   0.0136   0.0159   0.0182   0.0205   0.0227    0.025   0.0273   0.0295   0.0318   0.0341   0.0364   0.0386   0.0409   0.0432   0.0455   0.0477     0.05   0.0523   0.0545   0.0568   0.0591   0.0614   0.0636   0.0659   0.0682   0.0705   0.0727    0.075   0.0773   0.0795   0.0818   0.0841   0.0864   0.0886   0.0909   0.0932   0.0955   0.0977      0.1   0.1023   0.1045   0.1068   0.1091   0.1114   0.1136   0.1159   0.1182   0.1205   0.1227    0.125   0.1273   0.1295   0.1318   0.1341   0.1364   0.1386   0.1409   0.1432   0.1455   0.1477     0.15   0.1523   0.1545   0.1568   0.1591   0.1614   0.1636   0.1659   0.1682   0.1705   0.1727    0.175   0.1773   0.1795   0.1818   0.1841   0.1864   0.1886   0.1909   0.1932   0.1955   0.1977      0.2   0.2023   0.2045   0.2068   0.2091   0.2114   0.2136   0.2159   0.2182   0.2205   0.2227    0.225   0.2273   0.2295   0.2318   0.2341   0.2364   0.2386   0.2409   0.2432   0.2455   0.2477     0.25   0.2523   0.2545   0.2568   0.2591   0.2614   0.2636   0.2659   0.2682   0.2705   0.2727    0.275   0.2773   0.2795   0.2818   0.2841   0.2864   0.2886   0.2909   0.2932   0.2955   0.2977      0.3   0.3023   0.3045   0.3068   0.3091   0.3114   0.3136   0.3159   0.3182   0.3205   0.3227    0.325   0.3273   0.3295   0.3318   0.3341   0.3364   0.3386   0.3409   0.3432   0.3455   0.3477     0.35   0.3523   0.3545   0.3568   0.3591   0.3614   0.3636   0.3659   0.3682   0.3705   0.3727    0.375   0.3773   0.3795   0.3818   0.3841   0.3864   0.3886   0.3909   0.3932   0.3955   0.3977      0.4   0.4023   0.4045   0.4068   0.4091   0.4114   0.4136   0.4159   0.4182   0.4205   0.4227    0.425   0.4273   0.4295   0.4318   0.4341   0.4364   0.4386   0.4409   0.4432   0.4455   0.4477     0.45   0.4523   0.4545   0.4568   0.4591   0.4614   0.4636   0.4659   0.4682   0.4705   0.4727    0.475   0.4773   0.4795   0.4818   0.4841   0.4864   0.4886   0.4909   0.4932   0.4955   0.4977
    S      0.0   0.2067   0.0336   0.0549   0.1235   0.1107   0.0059   0.0903   0.0039   0.1674   0.0139   0.0505   0.0128   0.0061   0.0534   0.1906    0.042   0.1128   0.0148   0.0103   0.0329   0.3751   0.4386   0.1832   0.0017   0.1054   0.2158   0.0663   0.0091   0.1443   0.1771   0.1227   0.0038   0.0174   0.4316    0.015   0.0686   0.0419   0.0061    0.158   0.0251   0.1447   0.0515   0.0446   0.2274    0.066   0.2056   0.0066   0.0151   0.0172   0.0083   0.0941   0.0078   0.2271   0.0156   0.1023   0.4325      0.0   0.0945   0.0447    0.175    0.021   0.0521   0.0425   0.0855   0.0749   0.0654   0.4217   0.2368   0.0762   0.0379   0.0999   0.5229   0.2905   0.1567   0.0243    0.097   0.0568    0.032   0.0797   0.0524   0.0006   0.0316   0.0051   0.0827   0.1463   0.0682   0.0825   0.0853   0.0165   0.2133   0.0509   0.0696   0.1135   0.2197   0.0347   0.1819   0.0174   0.2291   0.1477   0.0348   0.0534   0.0265   0.0253   0.0466    0.227   0.0176   0.0528   0.1826   0.0289   0.0646    0.097   0.0022   0.0354   0.1406   0.0505   0.1006    0.061   0.0935   0.1777   0.2087    0.093   0.0603   0.1626    0.287   0.1673   0.4301   0.0423   0.1279   0.1596   0.1857   0.0107   0.1095   0.3057   0.1416    0.051   0.2645   0.0565   0.0058     0.03   0.1621    0.281   0.0256   0.0917   0.2982   0.2197   0.6439      1.0   0.0177   0.0618   0.0282   0.2297   0.0693   0.0924   0.5132   0.1628   0.1708   0.2713    0.082   0.0385   0.2408   0.1178   0.0616   0.0062    0.084   0.0834   0.2965   0.0364   0.0385   0.1372   0.0339   0.1058    0.199   0.1314   0.0818   0.1393   0.0274   0.0294   0.0245   0.0195   0.0766     0.52   0.0157   0.0609   0.0381   0.0074    0.076   0.0027   0.0202   0.0479   0.0029   0.1291   0.0105   0.1121   0.4376   0.0338   0.3019    0.041   0.0825   0.0113   0.0401   0.0694   0.0043   0.1099    0.025   0.0309   0.0134   0.0128   0.0053   0.4535   0.0772   0.0106   0.0127   0.0845    0.456   0.0968   0.0358   0.0031   0.2078   0.0148
  snr   -13.77
    H     4.87
 exon     True

M: alg1
 freq      0.0   0.0023   0.0045   0.0068   0.0091   0.0113   0.0136   0.0159   0.0181   0.0204   0.0227   0.0249   0.0272   0.0295   0.0317    0.034   0.0363   0.0385   0.0408   0.0431   0.0454   0.0476   0.0499   0.0522   0.0544   0.0567    0.059   0.0612   0.0635   0.0658    0.068   0.0703   0.0726   0.0748   0.0771   0.0794   0.0816   0.0839   0.0862   0.0884   0.0907    0.093   0.0952   0.0975   0.0998    0.102   0.1043   0.1066   0.1088   0.1111   0.1134   0.1156   0.1179   0.1202   0.1224   0.1247    0.127   0.1293   0.1315   0.1338   0.1361   0.1383   0.1406   0.1429   0.1451   0.1474   0.1497   0.1519   0.1542   0.1565   0.1587    0.161   0.1633   0.1655   0.1678   0.1701   0.1723   0.1746   0.1769   0.1791   0.1814   0.1837   0.1859   0.1882   0.1905   0.1927    0.195   0.1973   0.1995   0.2018   0.2041   0.2063   0.2086   0.2109   0.2132   0.2154   0.2177     0.22   0.2222   0.2245   0.2268    0.229   0.2313   0.2336   0.2358   0.2381   0.2404   0.2426   0.2449   0.2472   0.2494   0.2517    0.254   0.2562   0.2585   0.2608    0.263   0.2653   0.2676   0.2698   0.2721   0.2744   0.2766   0.2789   0.2812   0.2834   0.2857    0.288   0.2902   0.2925   0.2948   0.2971   0.2993   0.3016   0.3039   0.3061   0.3084   0.3107   0.3129   0.3152   0.3175   0.3197    0.322   0.3243   0.3265   0.3288   0.3311   0.3333   0.3356   0.3379   0.3401   0.3424   0.3447   0.3469   0.3492   0.3515   0.3537    0.356   0.3583   0.3605   0.3628   0.3651   0.3673   0.3696   0.3719   0.3741   0.3764   0.3787    0.381   0.3832   0.3855   0.3878     0.39   0.3923   0.3946   0.3968   0.3991   0.4014   0.4036   0.4059   0.4082   0.4104   0.4127    0.415   0.4172   0.4195   0.4218    0.424   0.4263   0.4286   0.4308   0.4331   0.4354   0.4376   0.4399   0.4422   0.4444   0.4467    0.449   0.4512   0.4535   0.4558    0.458   0.4603   0.4626   0.4649   0.4671   0.4694   0.4717   0.4739   0.4762   0.4785   0.4807    0.483   0.4853   0.4875   0.4898   0.4921   0.4943   0.4966   0.4989
    S      0.0    0.097   0.0328   0.0819   0.0568   0.1731   0.1024   0.0698   0.0292   0.0688   0.0684   0.1307   0.0157   0.0376   0.1401   0.1385   0.0268   0.1517   0.0484   0.0455   0.1118   0.3396   0.2605   0.1272   0.0781   0.0894   0.1531    0.059   0.0271   0.1465   0.1872   0.1296   0.0025    0.008   0.2365    0.008   0.0355   0.0779   0.1226   0.2831   0.0184    0.117   0.2839    0.068   0.1869   0.1466   0.1318   0.0435   0.0203    0.072   0.0116   0.0759   0.0323   0.3104   0.0391   0.1249   0.1932   0.0462   0.0918    0.048   0.1062   0.0325   0.0656   0.0217   0.1735   0.0306   0.1457    0.254   0.2933   0.1012   0.0419     0.09   0.2147   0.2047   0.1037    0.027    0.214    0.084   0.0602   0.0939   0.0475   0.0207   0.0205   0.1482   0.0997   0.0724   0.1019   0.0157   0.1316   0.0549   0.0707   0.1997   0.0468   0.1963   0.0835   0.0398   0.1817   0.0489   0.2275   0.0204   0.0454   0.0902   0.0502   0.0483   0.0735   0.1515     0.04   0.0829    0.105   0.0979   0.0893   0.0545   0.0718   0.1388    0.044   0.1565     0.03   0.1906   0.1106   0.3333    0.119    0.077   0.0624   0.3123   0.1695    0.097   0.5905   0.0655   0.0575   0.1382   0.3217   0.0858   0.0572   0.1006   0.2764   0.0996   0.2729   0.0172   0.0716   0.0904    0.124   0.1621   0.0074   0.0387   0.4026   0.0897   0.1427      1.0   0.0753   0.1881   0.0281   0.1677   0.0572    0.054    0.354   0.1345   0.0634   0.1171    0.042   0.0912   0.1001   0.1105   0.0534   0.1386   0.0188   0.0054   0.1052   0.1317   0.0604    0.247   0.0414   0.0486   0.1093   0.2199   0.1124   0.1192   0.0949   0.0431   0.0132   0.1167   0.0582   0.1564   0.2668   0.1613   0.0575   0.0495   0.1404   0.0341   0.0158   0.0638   0.1401   0.0424   0.0768   0.0056    0.307   0.0838   0.1066   0.0819   0.0345   0.0976   0.1064   0.0916   0.0479   0.0772    0.054   0.0308   0.0322    0.073   0.0562   0.1271    0.055   0.0309   0.0828   0.0053   0.2935   0.1904   0.0116   0.0745   0.1501   0.0791   0.0454
  snr   -13.67
    H     5.07
 exon     True

M: alg2
 freq      0.0   0.0023   0.0045   0.0068   0.0091   0.0113   0.0136   0.0159   0.0181   0.0204   0.0227   0.0249   0.0272   0.0295   0.0317    0.034   0.0363   0.0385   0.0408   0.0431   0.0454   0.0476   0.0499   0.0522   0.0544   0.0567    0.059   0.0612   0.0635   0.0658    0.068   0.0703   0.0726   0.0748   0.0771   0.0794   0.0816   0.0839   0.0862   0.0884   0.0907    0.093   0.0952   0.0975   0.0998    0.102   0.1043   0.1066   0.1088   0.1111   0.1134   0.1156   0.1179   0.1202   0.1224   0.1247    0.127   0.1293   0.1315   0.1338   0.1361   0.1383   0.1406   0.1429   0.1451   0.1474   0.1497   0.1519   0.1542   0.1565   0.1587    0.161   0.1633   0.1655   0.1678   0.1701   0.1723   0.1746   0.1769   0.1791   0.1814   0.1837   0.1859   0.1882   0.1905   0.1927    0.195   0.1973   0.1995   0.2018   0.2041   0.2063   0.2086   0.2109   0.2132   0.2154   0.2177     0.22   0.2222   0.2245   0.2268    0.229   0.2313   0.2336   0.2358   0.2381   0.2404   0.2426   0.2449   0.2472   0.2494   0.2517    0.254   0.2562   0.2585   0.2608    0.263   0.2653   0.2676   0.2698   0.2721   0.2744   0.2766   0.2789   0.2812   0.2834   0.2857    0.288   0.2902   0.2925   0.2948   0.2971   0.2993   0.3016   0.3039   0.3061   0.3084   0.3107   0.3129   0.3152   0.3175   0.3197    0.322   0.3243   0.3265   0.3288   0.3311   0.3333   0.3356   0.3379   0.3401   0.3424   0.3447   0.3469   0.3492   0.3515   0.3537    0.356   0.3583   0.3605   0.3628   0.3651   0.3673   0.3696   0.3719   0.3741   0.3764   0.3787    0.381   0.3832   0.3855   0.3878     0.39   0.3923   0.3946   0.3968   0.3991   0.4014   0.4036   0.4059   0.4082   0.4104   0.4127    0.415   0.4172   0.4195   0.4218    0.424   0.4263   0.4286   0.4308   0.4331   0.4354   0.4376   0.4399   0.4422   0.4444   0.4467    0.449   0.4512   0.4535   0.4558    0.458   0.4603   0.4626   0.4649   0.4671   0.4694   0.4717   0.4739   0.4762   0.4785   0.4807    0.483   0.4853   0.4875   0.4898   0.4921   0.4943   0.4966   0.4989
    S      0.0   0.1091   0.0321   0.0449   0.0237   0.1545   0.0456   0.0564   0.0331   0.0618   0.0158   0.1429   0.0059   0.0289   0.1334   0.1313    0.026   0.1747   0.0222   0.0354   0.0627   0.3703   0.2273   0.1398   0.0384   0.0795   0.1148   0.0406    0.034   0.0305   0.1281   0.1443   0.0024   0.0089   0.1589    0.003   0.0367   0.0793   0.0898   0.2928   0.0046   0.1308   0.2228   0.0311   0.2081   0.1599   0.0928    0.008   0.0154   0.0651   0.0074   0.0724   0.0034   0.1813   0.0362   0.0291   0.1512   0.0061    0.065   0.0311    0.116   0.0195   0.0683   0.0242   0.1944    0.005   0.1601   0.2184   0.3222   0.0076   0.0442   0.0599   0.1587   0.2286   0.0804   0.0329   0.2302   0.0333   0.0092   0.0265   0.0282   0.0186   0.0095   0.1559   0.1169   0.0686   0.0565   0.0069   0.0971   0.0334   0.0533   0.0948   0.0268   0.1883    0.056   0.0378   0.1905   0.0076   0.1186   0.0068   0.0206   0.0866   0.0339    0.054    0.025   0.1754   0.0152   0.0846   0.0083    0.023   0.0745   0.0458   0.0872   0.1505    0.003   0.1599   0.0314   0.1728   0.0636   0.3761   0.0247   0.0313   0.0266   0.3545   0.0793   0.0836   0.6593   0.0454    0.067   0.1271   0.3576   0.0963    0.002   0.0141    0.219    0.111   0.2665   0.0095   0.0542   0.0859   0.0768   0.1452   0.0079   0.0303   0.3554   0.0407   0.1539      1.0   0.0522   0.2222    0.018   0.0653   0.0321   0.0345   0.3374   0.0552   0.0551   0.1219   0.0387   0.0169   0.0367     0.05   0.0359   0.0816    0.009   0.0052   0.0891   0.1308    0.057    0.189   0.0257    0.033    0.116   0.1865   0.0539   0.1422   0.1107    0.047   0.0142   0.1064    0.008   0.1054   0.2249   0.1087   0.0142   0.0556   0.1559   0.0468   0.0213   0.0597   0.0217    0.041    0.018   0.0064   0.3018   0.0138   0.1182   0.0659   0.0377   0.0504   0.0827   0.0987   0.0079   0.0404   0.0546   0.0177   0.0138   0.0402   0.0478   0.0151   0.0534   0.0274   0.0114   0.0049   0.2814    0.173   0.0062   0.0802   0.1673   0.0359   0.0159
  snr   -12.75
    H     4.89
 exon     True