>YOR252W
N: 537
Methods: voss, eiip, qpsk, mem, alg1, alg2

M: voss
 freq      0.0   0.0019   0.0037   0.0056   0.0074   0.0093   0.0112    0.013   0.0149   0.0168   0.0186   0.0205   0.0223   0.0242   0.0261   0.0279   0.0298   0.0317   0.0335   0.0354   0.0372   0.0391    0.041   0.0428   0.0447   0.0466   0.0484   0.0503   0.0521    0.054   0.0559   0.0577   0.0596   0.0615   0.0633   0.0652    0.067   0.0689   0.0708   0.0726   0.0745   0.0764   0.0782   0.0801   0.0819   0.0838   0.0857   0.0875   0.0894   0.0912   0.0931    0.095   0.0968   0.0987   0.1006   0.1024   0.1043   0.1061    0.108   0.1099   0.1117   0.1136   0.1155   0.1173   0.1192    0.121   0.1229   0.1248   0.1266   0.1285   0.1304   0.1322   0.1341   0.1359   0.1378   0.1397   0.1415   0.1434   0.1453   0.1471    0.149   0.1508   0.1527   0.1546   0.1564   0.1583   0.1601    0.162   0.1639   0.1657   0.1676   0.1695   0.1713   0.1732    0.175   0.1769   0.1788   0.1806   0.1825   0.1844   0.1862   0.1881   0.1899   0.1918   0.1937   0.1955   0.1974   0.1993   0.2011    0.203   0.2048   0.2067   0.2086   0.2104   0.2123   0.2142    0.216   0.2179   0.2197   0.2216   0.2235   0.2253   0.2272   0.2291   0.2309   0.2328   0.2346   0.2365   0.2384   0.2402   0.2421   0.2439   0.2458   0.2477   0.2495   0.2514   0.2533   0.2551    0.257   0.2588   0.2607   0.2626   0.2644   0.2663   0.2682     0.27   0.2719   0.2737   0.2756   0.2775   0.2793   0.2812   0.2831   0.2849   0.2868   0.2886   0.2905   0.2924   0.2942   0.2961    0.298   0.2998   0.3017   0.3035   0.3054   0.3073   0.3091    0.311   0.3128   0.3147   0.3166   0.3184   0.3203   0.3222    0.324   0.3259   0.3277   0.3296   0.3315   0.3333   0.3352   0.3371   0.3389   0.3408   0.3426   0.3445   0.3464   0.3482   0.3501    0.352   0.3538   0.3557   0.3575   0.3594   0.3613   0.3631    0.365   0.3669   0.3687   0.3706   0.3724   0.3743   0.3762    0.378   0.3799   0.3818   0.3836   0.3855   0.3873   0.3892   0.3911   0.3929   0.3948   0.3966   0.3985   0.4004   0.4022   0.4041    0.406   0.4078   0.4097   0.4115   0.4134   0.4153   0.4171    0.419   0.4209   0.4227   0.4246   0.4264   0.4283   0.4302    0.432   0.4339   0.4358   0.4376   0.4395   0.4413   0.4432   0.4451   0.4469   0.4488   0.4507   0.4525   0.4544   0.4562   0.4581     0.46   0.4618   0.4637   0.4655   0.4674   0.4693   0.4711    0.473   0.4749   0.4767   0.4786   0.4804   0.4823   0.4842    0.486   0.4879   0.4898   0.4916   0.4935   0.4953   0.4972   0.4991
    S      0.0   0.2088   0.5064   0.2305    0.046   0.4561   0.4702   0.4369   0.3677   0.2484   0.1481   0.2437   0.1122   0.3154    0.177    0.169   0.3474   0.3243   0.3942   0.9226   0.1548   0.1184    0.431   0.1543   0.2866   0.3067   0.4624   0.2399   0.3592   0.4066   0.3134   0.2996   0.2245   0.4137   0.8419   0.4605    0.138   0.5254   0.1825    0.197   0.1743   0.2731   0.2945   0.3724   0.2547   0.7475   0.4634   0.5163   0.3388   0.1381    0.142   0.4064   0.2517   0.2323   0.2119   0.9994   0.2364    0.542   0.4392   0.4213   0.3353   0.0817   0.3593   0.1475   0.4807   0.3706   0.2865   0.2036   0.2567   0.2154   0.3574     0.28   0.3569   0.2402   0.4069   0.1786   0.2338   0.4015    0.153   0.5051   0.4147   0.1525   0.2936   0.0677   0.1905   0.5173   0.2149   0.1084   0.0843   0.2103   0.3578   0.0744   0.2432   0.3778   0.3718    0.733   0.1331   0.2412   0.1631   0.3712   0.2444   0.6618   0.3408   0.2113      1.0   0.1475   0.1697   0.2525   0.2943   0.1959   0.2258   0.1638   0.3419   0.1247   0.1509    0.088   0.2057   0.6494   0.3657   0.2645    0.599   0.2202    0.614   0.1739   0.3194   0.1033   0.7549   0.1157     0.51   0.6133   0.1305   0.2944   0.1708   0.2342   0.3342   0.3516   0.1404   0.4405   0.3458   0.8972   0.3129   0.1611   0.1127   0.4534   0.3686   0.1928   0.2562   0.1612   0.2166   0.2085   0.0764    0.207    0.312   0.2501   0.1998    0.184   0.5801   0.2813    0.734     0.48   0.3849   0.1038   0.3907   0.1835   0.2142   0.2996   0.2263   0.5544   0.1647   0.0758   0.3376   0.1677   0.2804   0.2698   0.1441   0.2089   0.2218   0.3471   0.2066   0.8699   0.1045   0.2332   0.5279   0.4529   0.2661   0.1815   0.2861   0.2757   0.3915   0.6184    0.077    0.374   0.6589   0.1344   0.5006   0.0422   0.1538   0.3835   0.2582   0.1614   0.0903    0.141   0.6308   0.1057   0.3889   0.2721   0.0733   0.1332   0.1916   0.0548   0.1416   0.4564   0.0776   0.2855   0.4762   0.3422   0.3153   0.0518   0.2332   0.1272   0.5865   0.6531   0.4246   0.2677   0.2812   0.2789   0.1858   0.2314    0.143   0.2951   0.2231     0.08   0.3222   0.3544   0.2615   0.1244   0.2107   0.3883   0.2502   0.2726   0.3717   0.1603   0.1782   0.1102   0.0778   0.3478   0.0962   0.1576   0.4461   0.3008   0.2531   0.2842   0.1072   0.3852   0.3864   0.2396   0.1934   0.4424   0.3065   0.1503   0.5339   0.3883   0.1692   0.2061   0.3134   0.1693   0.1971   0.3447   0.1638
  snr   -18.98
    H     5.43
 exon    False

M: eiip
 freq      0.0   0.0019   0.0037   0.0056   0.0074   0.0093   0.0112    0.013   0.0149   0.0168   0.0186   0.0205   0.0223   0.0242   0.0261   0.0279   0.0298   0.0317   0.0335   0.0354   0.0372   0.0391    0.041   0.0428   0.0447   0.0466   0.0484   0.0503   0.0521    0.054   0.0559   0.0577   0.0596   0.0615   0.0633   0.0652    0.067   0.0689   0.0708   0.0726   0.0745   0.0764   0.0782   0.0801   0.0819   0.0838   0.0857   0.0875   0.0894   0.0912   0.0931    0.095   0.0968   0.0987   0.1006   0.1024   0.1043   0.1061    0.108   0.1099   0.1117   0.1136   0.1155   0.1173   0.1192    0.121   0.1229   0.1248   0.1266   0.1285   0.1304   0.1322   0.1341   0.1359   0.1378   0.1397   0.1415   0.1434   0.1453   0.1471    0.149   0.1508   0.1527   0.1546   0.1564   0.1583   0.1601    0.162   0.1639   0.1657   0.1676   0.1695   0.1713   0.1732    0.175   0.1769   0.1788   0.1806   0.1825   0.1844   0.1862   0.1881   0.1899   0.1918   0.1937   0.1955   0.1974   0.1993   0.2011    0.203   0.2048   0.2067   0.2086   0.2104   0.2123   0.2142    0.216   0.2179   0.2197   0.2216   0.2235   0.2253   0.2272   0.2291   0.2309   0.2328   0.2346   0.2365   0.2384   0.2402   0.2421   0.2439   0.2458   0.2477   0.2495   0.2514   0.2533   0.2551    0.257   0.2588   0.2607   0.2626   0.2644   0.2663   0.2682     0.27   0.2719   0.2737   0.2756   0.2775   0.2793   0.2812   0.2831   0.2849   0.2868   0.2886   0.2905   0.2924   0.2942   0.2961    0.298   0.2998   0.3017   0.3035   0.3054   0.3073   0.3091    0.311   0.3128   0.3147   0.3166   0.3184   0.3203   0.3222    0.324   0.3259   0.3277   0.3296   0.3315   0.3333   0.3352   0.3371   0.3389   0.3408   0.3426   0.3445   0.3464   0.3482   0.3501    0.352   0.3538   0.3557   0.3575   0.3594   0.3613   0.3631    0.365   0.3669   0.3687   0.3706   0.3724   0.3743   0.3762    0.378   0.3799   0.3818   0.3836   0.3855   0.3873   0.3892   0.3911   0.3929   0.3948   0.3966   0.3985   0.4004   0.4022   0.4041    0.406   0.4078   0.4097   0.4115   0.4134   0.4153   0.4171    0.419   0.4209   0.4227   0.4246   0.4264   0.4283   0.4302    0.432   0.4339   0.4358   0.4376   0.4395   0.4413   0.4432   0.4451   0.4469   0.4488   0.4507   0.4525   0.4544   0.4562   0.4581     0.46   0.4618   0.4637   0.4655   0.4674   0.4693   0.4711    0.473   0.4749   0.4767   0.4786   0.4804   0.4823   0.4842    0.486   0.4879   0.4898   0.4916   0.4935   0.4953   0.4972   0.4991
    S      0.0   0.0426   0.2104   0.0256   0.0161   0.4266   0.0427   0.0424    0.157   0.0073   0.0606   0.0518   0.0216   0.0273   0.0108   0.0585   0.1766   0.0133    0.182   0.5632   0.1159   0.0194   0.4115   0.0083   0.0902   0.2377   0.1164   0.0734      0.4   0.1341   0.0827   0.1563   0.0282   0.0554   0.5187   0.1958   0.0889   0.2909   0.1553   0.0856   0.1249   0.3222   0.2656    0.186   0.0386   0.0667   0.0622   0.1135   0.0564   0.1177   0.0496   0.3151   0.0571   0.0388   0.1234      1.0   0.0865   0.1954   0.1599    0.012   0.2595   0.0215   0.0622   0.0212   0.1048   0.3803   0.0318   0.1348    0.115   0.0449   0.1372   0.2709   0.0956   0.1486   0.2207    0.019   0.0061   0.3658   0.0456   0.3615    0.123   0.1691   0.0827   0.0488   0.0922   0.3411   0.1182   0.0248   0.0115    0.217   0.2227   0.0089   0.0213   0.1654   0.1224   0.0403   0.0034   0.1579   0.0759   0.2061   0.0551   0.6789     0.12   0.0243   0.0022   0.1595   0.0289   0.0234   0.1008   0.0935   0.0818   0.1269   0.3444   0.0501    0.016   0.0331   0.0964   0.4619   0.3764   0.0604    0.029   0.0296   0.4107   0.0574   0.2254   0.0296   0.2709   0.0851   0.1809   0.4513   0.0351   0.1782   0.0855   0.2949   0.0521   0.3202   0.0307   0.2026   0.0439   0.4225   0.2648   0.0207   0.0046   0.0191   0.0343   0.0384   0.1025   0.0689   0.0204   0.0227   0.0293   0.0159   0.2305   0.2859   0.0713   0.0752    0.189   0.0532   0.0121   0.0412   0.2743   0.0091   0.1331    0.063   0.0383   0.1367   0.0496    0.285   0.0724   0.0257   0.0724   0.0673   0.1772    0.032   0.0778   0.0981   0.0491   0.3958   0.1273   0.4377   0.0796   0.2649   0.1081   0.3891   0.2596   0.1326   0.2306   0.0064   0.4738   0.1267   0.0583    0.358   0.5908   0.0464   0.4054   0.0191   0.0914   0.0023   0.0211   0.0033   0.0277   0.0111   0.3006   0.1195   0.2756    0.034   0.0582   0.0196   0.0283   0.0064   0.0765   0.0879   0.0104   0.1416   0.2159   0.1815   0.0213   0.0026   0.0983   0.0034   0.0235   0.0765    0.334   0.2503   0.0021   0.2078    0.063   0.2412   0.0066   0.0537   0.2302   0.0005   0.0208   0.1375   0.2003   0.0168   0.1731   0.3157   0.1922   0.0727   0.0088    0.023   0.1892   0.0001   0.0659   0.0202   0.0226   0.0489   0.2087   0.0871   0.0086   0.0815   0.1171   0.1483   0.1761   0.0575   0.1984   0.2637   0.0523   0.0619   0.1789   0.3129    0.153    0.158    0.175   0.0844   0.0662   0.0029   0.0013
  snr   -15.37
    H     5.14
 exon    False

M: qpsk
 freq      0.0   0.0019   0.0037   0.0056   0.0074   0.0093   0.0112    0.013   0.0149   0.0168   0.0186   0.0205   0.0223   0.0242   0.0261   0.0279   0.0298   0.0317   0.0335   0.0354   0.0372   0.0391    0.041   0.0428   0.0447   0.0466   0.0484   0.0503   0.0521    0.054   0.0559   0.0577   0.0596   0.0615   0.0633   0.0652    0.067   0.0689   0.0708   0.0726   0.0745   0.0764   0.0782   0.0801   0.0819   0.0838   0.0857   0.0875   0.0894   0.0912   0.0931    0.095   0.0968   0.0987   0.1006   0.1024   0.1043   0.1061    0.108   0.1099   0.1117   0.1136   0.1155   0.1173   0.1192    0.121   0.1229   0.1248   0.1266   0.1285   0.1304   0.1322   0.1341   0.1359   0.1378   0.1397   0.1415   0.1434   0.1453   0.1471    0.149   0.1508   0.1527   0.1546   0.1564   0.1583   0.1601    0.162   0.1639   0.1657   0.1676   0.1695   0.1713   0.1732    0.175   0.1769   0.1788   0.1806   0.1825   0.1844   0.1862   0.1881   0.1899   0.1918   0.1937   0.1955   0.1974   0.1993   0.2011    0.203   0.2048   0.2067   0.2086   0.2104   0.2123   0.2142    0.216   0.2179   0.2197   0.2216   0.2235   0.2253   0.2272   0.2291   0.2309   0.2328   0.2346   0.2365   0.2384   0.2402   0.2421   0.2439   0.2458   0.2477   0.2495   0.2514   0.2533   0.2551    0.257   0.2588   0.2607   0.2626   0.2644   0.2663   0.2682     0.27   0.2719   0.2737   0.2756   0.2775   0.2793   0.2812   0.2831   0.2849   0.2868   0.2886   0.2905   0.2924   0.2942   0.2961    0.298   0.2998   0.3017   0.3035   0.3054   0.3073   0.3091    0.311   0.3128   0.3147   0.3166   0.3184   0.3203   0.3222    0.324   0.3259   0.3277   0.3296   0.3315   0.3333   0.3352   0.3371   0.3389   0.3408   0.3426   0.3445   0.3464   0.3482   0.3501    0.352   0.3538   0.3557   0.3575   0.3594   0.3613   0.3631    0.365   0.3669   0.3687   0.3706   0.3724   0.3743   0.3762    0.378   0.3799   0.3818   0.3836   0.3855   0.3873   0.3892   0.3911   0.3929   0.3948   0.3966   0.3985   0.4004   0.4022   0.4041    0.406   0.4078   0.4097   0.4115   0.4134   0.4153   0.4171    0.419   0.4209   0.4227   0.4246   0.4264   0.4283   0.4302    0.432   0.4339   0.4358   0.4376   0.4395   0.4413   0.4432   0.4451   0.4469   0.4488   0.4507   0.4525   0.4544   0.4562   0.4581     0.46   0.4618   0.4637   0.4655   0.4674   0.4693   0.4711    0.473   0.4749   0.4767   0.4786   0.4804   0.4823   0.4842    0.486   0.4879   0.4898   0.4916   0.4935   0.4953   0.4972   0.4991
    S      0.0   0.0394    0.419   0.1203   0.0216   0.1663   0.1383   0.3904   0.3011   0.2456   0.1428   0.1916   0.0938   0.1309   0.1566   0.1579   0.3446    0.263   0.2845   0.7802   0.0843   0.0449     0.34   0.0982   0.2267   0.2978   0.3693   0.1313   0.1254   0.3977   0.0532   0.2487   0.0617   0.3271   0.6055    0.313   0.1321   0.5227    0.183   0.1325   0.1755   0.1433   0.2917   0.3523   0.1074    0.134   0.3387   0.1366     0.19   0.0494   0.1237   0.4133   0.0672   0.2199   0.0914      1.0   0.0714   0.1389   0.3995   0.1941    0.275   0.0807   0.2808    0.094   0.3909    0.363   0.1881   0.1925   0.0993   0.0932   0.2732   0.2412   0.1478    0.122   0.0561   0.1553    0.114   0.2599   0.1541   0.4192   0.0706   0.1178   0.0993   0.0625   0.1157   0.0911   0.1738   0.1067    0.077   0.1202   0.3396   0.0422   0.1221   0.1621   0.1226   0.5774   0.1287   0.1723   0.0386   0.3553   0.2467   0.5304   0.3019   0.1236   0.7493    0.146   0.0741   0.2273   0.2725   0.1853   0.0468   0.1635   0.3264   0.1233   0.1397   0.0248    0.104   0.0678     0.35   0.0539   0.4641   0.1423    0.621    0.138   0.3081   0.0052   0.4324   0.0865   0.1775   0.6042   0.0836   0.0938   0.1049   0.1921   0.0401   0.3389    0.115    0.185   0.3145   0.5671   0.2732   0.1075   0.0875   0.3601    0.179   0.0958   0.1885    0.057   0.1931   0.1605   0.0513   0.1949   0.1402   0.1917   0.1706   0.1131   0.3268   0.2191   0.5719    0.323    0.164    0.091   0.3603     0.16   0.0601    0.087    0.088   0.1389   0.1273   0.0559   0.1016   0.0808     0.22   0.2182   0.1195   0.1282   0.2248   0.2943   0.1312   0.6294   0.1012   0.1096   0.3132   0.2657   0.1827   0.1425   0.2055   0.2472   0.2842    0.531   0.0705   0.3706   0.3202   0.1343   0.2292   0.0356   0.1375   0.3688   0.0408   0.0785   0.0914   0.0735    0.486    0.099   0.1181   0.2618   0.0462   0.1101   0.1887   0.0266   0.0942   0.0902    0.016   0.1966   0.3313   0.2598   0.2029   0.0508   0.1532   0.1245   0.5865   0.1212   0.2132   0.2017   0.0677   0.2761   0.0318   0.1594   0.0535   0.2406   0.1192   0.0728   0.1685   0.3479   0.2631   0.1019    0.198   0.2756   0.1024   0.2382   0.1672   0.1433   0.1561   0.0929   0.0453   0.1267   0.0527   0.1245   0.4143   0.1374   0.1895   0.2123   0.0999   0.2108   0.3297    0.178   0.0448   0.0649   0.1396   0.1324   0.3956   0.3817   0.1711   0.1364   0.2182   0.0969    0.175   0.1061   0.1376
  snr    -17.2
    H     5.36
 exon    False

M: mem
 freq      0.0   0.0019   0.0037   0.0056   0.0075   0.0093   0.0112   0.0131   0.0149   0.0168   0.0187   0.0205   0.0224   0.0243   0.0261    0.028   0.0299   0.0317   0.0336   0.0354   0.0373   0.0392    0.041   0.0429   0.0448   0.0466   0.0485   0.0504   0.0522   0.0541    0.056   0.0578   0.0597   0.0616   0.0634   0.0653   0.0672    0.069   0.0709   0.0728   0.0746   0.0765   0.0784   0.0802   0.0821    0.084   0.0858   0.0877   0.0896   0.0914   0.0933   0.0951    0.097   0.0989   0.1007   0.1026   0.1045   0.1063   0.1082   0.1101   0.1119   0.1138   0.1157   0.1175   0.1194   0.1213   0.1231    0.125   0.1269   0.1287   0.1306   0.1325   0.1343   0.1362   0.1381   0.1399   0.1418   0.1437   0.1455   0.1474   0.1493   0.1511    0.153   0.1549   0.1567   0.1586   0.1604   0.1623   0.1642    0.166   0.1679   0.1698   0.1716   0.1735   0.1754   0.1772   0.1791    0.181   0.1828   0.1847   0.1866   0.1884   0.1903   0.1922    0.194   0.1959   0.1978   0.1996   0.2015   0.2034   0.2052   0.2071    0.209   0.2108   0.2127   0.2146   0.2164   0.2183   0.2201    0.222   0.2239   0.2257   0.2276   0.2295   0.2313   0.2332   0.2351   0.2369   0.2388   0.2407   0.2425   0.2444   0.2463   0.2481     0.25   0.2519   0.2537   0.2556   0.2575   0.2593   0.2612   0.2631   0.2649   0.2668   0.2687   0.2705   0.2724   0.2743   0.2761    0.278   0.2799   0.2817   0.2836   0.2854   0.2873   0.2892    0.291   0.2929   0.2948   0.2966   0.2985   0.3004   0.3022   0.3041    0.306   0.3078   0.3097   0.3116   0.3134   0.3153   0.3172    0.319   0.3209   0.3228   0.3246   0.3265   0.3284   0.3302   0.3321    0.334   0.3358   0.3377   0.3396   0.3414   0.3433   0.3451    0.347   0.3489   0.3507   0.3526   0.3545   0.3563   0.3582   0.3601   0.3619   0.3638   0.3657   0.3675   0.3694   0.3713   0.3731    0.375   0.3769   0.3787   0.3806   0.3825   0.3843   0.3862   0.3881   0.3899   0.3918   0.3937   0.3955   0.3974   0.3993   0.4011    0.403   0.4049   0.4067   0.4086   0.4104   0.4123   0.4142    0.416   0.4179   0.4198   0.4216   0.4235   0.4254   0.4272   0.4291    0.431   0.4328   0.4347   0.4366   0.4384   0.4403   0.4422    0.444   0.4459   0.4478   0.4496   0.4515   0.4534   0.4552   0.4571    0.459   0.4608   0.4627   0.4646   0.4664   0.4683   0.4701    0.472   0.4739   0.4757   0.4776   0.4795   0.4813   0.4832   0.4851   0.4869   0.4888   0.4907   0.4925   0.4944   0.4963   0.4981
    S      0.0   0.0257   0.2387   0.0391   0.0098   0.3316   0.0403    0.078   0.1822   0.0022   0.0588   0.0603   0.0214   0.0339   0.0102   0.0455   0.2051   0.0025   0.1666   0.6131   0.1239   0.0057   0.3188   0.0064   0.0857   0.2053   0.1496   0.0882   0.2893   0.1684   0.0662   0.1232   0.0208   0.0452   0.4091   0.0995   0.0907    0.366   0.1369   0.0672   0.1472   0.2264   0.3216   0.1088   0.0145   0.0463    0.101   0.0345    0.031   0.0947   0.0692   0.3299   0.0488   0.0726   0.0906      1.0   0.0715   0.0978   0.1634   0.0493   0.2172   0.0305   0.0878    0.041   0.0998   0.3202   0.0564   0.0956   0.1275   0.0586    0.136   0.3047   0.0196   0.1122   0.0962   0.0023   0.0026   0.3377    0.026   0.3677     0.02    0.144   0.0267   0.0535   0.0833   0.2572   0.0895   0.0341   0.0381   0.1117   0.2799   0.0056    0.032   0.1022   0.1124   0.0183   0.0008   0.1602    0.103   0.1776   0.2181   0.4312    0.114   0.0594   0.0847    0.113   0.0348   0.0194    0.161   0.1111   0.0477   0.2553   0.2278   0.0796   0.0298   0.0647   0.0349    0.261   0.3566    0.061   0.0856   0.1127   0.2096   0.0637   0.2866   0.0148   0.1982    0.071    0.013   0.5032   0.0631   0.0586   0.0196   0.3105   0.0402   0.1628   0.0296   0.2043   0.0306    0.125   0.3078   0.1196    0.036    0.112   0.0346   0.0507   0.0284   0.0897   0.0119   0.0506   0.0217   0.0774   0.3032   0.0476   0.0475   0.0186   0.1066   0.0523   0.0066   0.0063   0.1768   0.0093     0.27   0.0187   0.0179   0.1395    0.039   0.2332   0.0643   0.1095   0.0826   0.0094   0.1136    0.101   0.0751   0.0838   0.0738   0.6737   0.3036   0.0762   0.2118   0.0117   0.0032   0.1773   0.1629    0.112   0.1124   0.0033   0.5327   0.0028   0.1037   0.5431   0.2121   0.2903   0.1286   0.0293   0.0761    0.008   0.0035   0.0003   0.0137   0.0728   0.1083   0.3131   0.0603   0.0846   0.0244   0.0252   0.0134   0.0236   0.0674   0.0387   0.0168   0.0254   0.3498   0.0516   0.0155   0.0142   0.0959   0.0274   0.0029   0.0814   0.1819   0.2365   0.1477   0.0598   0.1238   0.1049   0.0469   0.2376    0.027   0.0107   0.1101   0.0097   0.2781   0.0852   0.0307   0.4688   0.0087   0.0395   0.0214   0.0595   0.0827   0.0093   0.0408   0.0864   0.0128   0.1297   0.1825   0.0087   0.0188   0.0856   0.0186    0.173   0.1662   0.0753   0.1167   0.1607   0.0519   0.0198   0.4322   0.0244   0.0496   0.2852   0.1013   0.0686   0.0205   0.0113
  snr   -14.78
    H     5.11
 exon    False

M: alg1
 freq      0.0   0.0019   0.0037   0.0056   0.0074   0.0093   0.0112    0.013   0.0149   0.0168   0.0186   0.0205   0.0223   0.0242   0.0261   0.0279   0.0298   0.0317   0.0335   0.0354   0.0372   0.0391    0.041   0.0428   0.0447   0.0466   0.0484   0.0503   0.0521    0.054   0.0559   0.0577   0.0596   0.0615   0.0633   0.0652    0.067   0.0689   0.0708   0.0726   0.0745   0.0764   0.0782   0.0801   0.0819   0.0838   0.0857   0.0875   0.0894   0.0912   0.0931    0.095   0.0968   0.0987   0.1006   0.1024   0.1043   0.1061    0.108   0.1099   0.1117   0.1136   0.1155   0.1173   0.1192    0.121   0.1229   0.1248   0.1266   0.1285   0.1304   0.1322   0.1341   0.1359   0.1378   0.1397   0.1415   0.1434   0.1453   0.1471    0.149   0.1508   0.1527   0.1546   0.1564   0.1583   0.1601    0.162   0.1639   0.1657   0.1676   0.1695   0.1713   0.1732    0.175   0.1769   0.1788   0.1806   0.1825   0.1844   0.1862   0.1881   0.1899   0.1918   0.1937   0.1955   0.1974   0.1993   0.2011    0.203   0.2048   0.2067   0.2086   0.2104   0.2123   0.2142    0.216   0.2179   0.2197   0.2216   0.2235   0.2253   0.2272   0.2291   0.2309   0.2328   0.2346   0.2365   0.2384   0.2402   0.2421   0.2439   0.2458   0.2477   0.2495   0.2514   0.2533   0.2551    0.257   0.2588   0.2607   0.2626   0.2644   0.2663   0.2682     0.27   0.2719   0.2737   0.2756   0.2775   0.2793   0.2812   0.2831   0.2849   0.2868   0.2886   0.2905   0.2924   0.2942   0.2961    0.298   0.2998   0.3017   0.3035   0.3054   0.3073   0.3091    0.311   0.3128   0.3147   0.3166   0.3184   0.3203   0.3222    0.324   0.3259   0.3277   0.3296   0.3315   0.3333   0.3352   0.3371   0.3389   0.3408   0.3426   0.3445   0.3464   0.3482   0.3501    0.352   0.3538   0.3557   0.3575   0.3594   0.3613   0.3631    0.365   0.3669   0.3687   0.3706   0.3724   0.3743   0.3762    0.378   0.3799   0.3818   0.3836   0.3855   0.3873   0.3892   0.3911   0.3929   0.3948   0.3966   0.3985   0.4004   0.4022   0.4041    0.406   0.4078   0.4097   0.4115   0.4134   0.4153   0.4171    0.419   0.4209   0.4227   0.4246   0.4264   0.4283   0.4302    0.432   0.4339   0.4358   0.4376   0.4395   0.4413   0.4432   0.4451   0.4469   0.4488   0.4507   0.4525   0.4544   0.4562   0.4581     0.46   0.4618   0.4637   0.4655   0.4674   0.4693   0.4711    0.473   0.4749   0.4767   0.4786   0.4804   0.4823   0.4842    0.486   0.4879   0.4898   0.4916   0.4935   0.4953   0.4972   0.4991
    S      0.0   0.1626   0.5711   0.2166   0.0344    0.181   0.4659      0.2   0.3048    0.094   0.0716   0.0957   0.0393   0.3219    0.057   0.1162   0.0701   0.1652   0.4042   0.7416   0.0189   0.0574    0.396   0.1228   0.0777   0.3043    0.233   0.0984   0.1732   0.2242   0.2233   0.1244   0.2003   0.3165   0.5733   0.2894   0.1897   0.4049   0.1125   0.0885   0.2086   0.1484   0.3726   0.3589   0.1828   0.6599   0.3217   0.3521   0.2257   0.0352    0.143   0.3413   0.1818    0.149    0.138   0.8565    0.149   0.3751   0.2611   0.3485   0.1535   0.0568   0.2419   0.0975   0.4799   0.4296   0.3415   0.1637   0.1702   0.1237   0.3795   0.2661    0.196   0.1623   0.2187   0.0744     0.15   0.0761   0.0761   0.5004   0.2526     0.07   0.1258   0.0503   0.1883   0.2745    0.171   0.0333   0.0292   0.1701   0.3367   0.0635   0.1726   0.0915   0.2192   0.2974   0.0645   0.2422   0.1099   0.1625    0.103   0.3726   0.1265   0.1736   0.4562   0.1198   0.1805   0.1111   0.2827   0.1647   0.1221   0.1426   0.2168   0.1354   0.0455   0.0401   0.1245    0.336   0.2754   0.1583   0.3551   0.1101   0.6683   0.1763   0.3435    0.061   0.4216   0.0762   0.3293   0.2666   0.0668   0.0965    0.172   0.2239   0.2431   0.4002   0.1113   0.4045   0.2155   0.5819   0.0481   0.0927   0.0415   0.2607   0.2017   0.1442   0.1378   0.1443   0.1094   0.2128   0.0494   0.1026   0.2077   0.2022    0.189   0.1436   0.6078   0.2108   0.2987   0.5274   0.2217   0.0175   0.2799   0.2391    0.127   0.2074   0.1644   0.3706    0.182   0.0323   0.1838   0.1331   0.2279   0.0889   0.1526   0.2029   0.0265   0.3442   0.1074      1.0   0.0932   0.0983   0.4116   0.3339   0.1168   0.1741    0.241    0.134    0.344   0.3364   0.0671   0.4622   0.2782   0.0666   0.1577   0.0319   0.1931   0.1252   0.2092   0.1041   0.0739   0.0655   0.2866   0.1198   0.2702   0.0593   0.0405   0.0819    0.137   0.0571    0.135   0.2738   0.0682    0.116    0.295   0.3761   0.2004   0.0212   0.1072   0.0487   0.2138   0.4605   0.3371   0.2293   0.2676   0.3297   0.1388   0.1588   0.1179   0.2429   0.1751   0.0401   0.2778   0.2572   0.2333   0.1231   0.0559   0.2792   0.1774   0.1216   0.2395   0.0867   0.1576   0.0508   0.0706   0.3535   0.0486   0.0936   0.2448    0.292   0.1256   0.1402   0.1188   0.2537   0.3976     0.13   0.0885   0.2427   0.2143   0.0487   0.5135   0.1831   0.1685   0.1203   0.0389   0.0741   0.1011    0.326   0.0964
  snr   -17.34
    H     5.37
 exon     True

M: alg2
 freq      0.0   0.0019   0.0037   0.0056   0.0074   0.0093   0.0112    0.013   0.0149   0.0168   0.0186   0.0205   0.0223   0.0242   0.0261   0.0279   0.0298   0.0317   0.0335   0.0354   0.0372   0.0391    0.041   0.0428   0.0447   0.0466   0.0484   0.0503   0.0521    0.054   0.0559   0.0577   0.0596   0.0615   0.0633   0.0652    0.067   0.0689   0.0708   0.0726   0.0745   0.0764   0.0782   0.0801   0.0819   0.0838   0.0857   0.0875   0.0894   0.0912   0.0931    0.095   0.0968   0.0987   0.1006   0.1024   0.1043   0.1061    0.108   0.1099   0.1117   0.1136   0.1155   0.1173   0.1192    0.121   0.1229   0.1248   0.1266   0.1285   0.1304   0.1322   0.1341   0.1359   0.1378   0.1397   0.1415   0.1434   0.1453   0.1471    0.149   0.1508   0.1527   0.1546   0.1564   0.1583   0.1601    0.162   0.1639   0.1657   0.1676   0.1695   0.1713   0.1732    0.175   0.1769   0.1788   0.1806   0.1825   0.1844   0.1862   0.1881   0.1899   0.1918   0.1937   0.1955   0.1974   0.1993   0.2011    0.203   0.2048   0.2067   0.2086   0.2104   0.2123   0.2142    0.216   0.2179   0.2197   0.2216   0.2235   0.2253   0.2272   0.2291   0.2309   0.2328   0.2346   0.2365   0.2384   0.2402   0.2421   0.2439   0.2458   0.2477   0.2495   0.2514   0.2533   0.2551    0.257   0.2588   0.2607   0.2626   0.2644   0.2663   0.2682     0.27   0.2719   0.2737   0.2756   0.2775   0.2793   0.2812   0.2831   0.2849   0.2868   0.2886   0.2905   0.2924   0.2942   0.2961    0.298   0.2998   0.3017   0.3035   0.3054   0.3073   0.3091    0.311   0.3128   0.3147   0.3166   0.3184   0.3203   0.3222    0.324   0.3259   0.3277   0.3296   0.3315   0.3333   0.3352   0.3371   0.3389   0.3408   0.3426   0.3445   0.3464   0.3482   0.3501    0.352   0.3538   0.3557   0.3575   0.3594   0.3613   0.3631    0.365   0.3669   0.3687   0.3706   0.3724   0.3743   0.3762    0.378   0.3799   0.3818   0.3836   0.3855   0.3873   0.3892   0.3911   0.3929   0.3948   0.3966   0.3985   0.4004   0.4022   0.4041    0.406   0.4078   0.4097   0.4115   0.4134   0.4153   0.4171    0.419   0.4209   0.4227   0.4246   0.4264   0.4283   0.4302    0.432   0.4339   0.4358   0.4376   0.4395   0.4413   0.4432   0.4451   0.4469   0.4488   0.4507   0.4525   0.4544   0.4562   0.4581     0.46   0.4618   0.4637   0.4655   0.4674   0.4693   0.4711    0.473   0.4749   0.4767   0.4786   0.4804   0.4823   0.4842    0.486   0.4879   0.4898   0.4916   0.4935   0.4953   0.4972   0.4991
    S      0.0   0.0152   0.2973   0.0935   0.0046   0.1576   0.0801   0.1641   0.2354   0.0071    0.052   0.0779   0.0352    0.073   0.0136   0.0144   0.2374   0.0243   0.1003   0.7265   0.0671   0.0152   0.1572   0.0439   0.1279   0.1453   0.2396    0.076   0.1606   0.1639    0.011   0.1425   0.0234   0.1099   0.1835   0.0159   0.0943    0.341   0.1671   0.0691   0.1118   0.1678   0.2312   0.0719   0.0194   0.0879   0.1912   0.0146   0.0133   0.0551    0.082    0.317   0.0191   0.0633   0.0922      1.0    0.024   0.0278    0.176   0.1215   0.2449   0.0066   0.1808   0.0581   0.1338   0.2358   0.0716   0.0719   0.0755   0.0087   0.2152   0.1446   0.0257   0.0226   0.0235   0.0053   0.0311   0.2512   0.0444   0.2002   0.0078   0.1067    0.018   0.0554   0.0658   0.0623   0.1121   0.0459   0.0373   0.1063   0.3135   0.0262   0.0322   0.0645   0.0011   0.1382   0.0089   0.1512   0.0334   0.2276   0.0807   0.3931   0.2003   0.0779    0.224   0.1476   0.0406   0.0679   0.1158   0.1493   0.0182    0.137   0.2968    0.042   0.0137   0.0056   0.0061   0.0997   0.3547   0.0055    0.179   0.0218   0.2455   0.1097    0.108   0.0022   0.0398   0.0309   0.0763   0.4449   0.0533   0.0536   0.0774   0.1506   0.0093   0.1918   0.0245   0.1486    0.094   0.0635   0.2343   0.0589   0.0165   0.1323   0.0568   0.0476   0.0195   0.0411   0.0773   0.0472   0.0024   0.0271   0.1504   0.1631   0.0531   0.0351   0.1761   0.1056   0.0787   0.1011   0.0798   0.0168   0.2371   0.0778   0.0095   0.0199   0.0471   0.1126   0.1092   0.0323    0.013   0.0436   0.1463   0.0259   0.0445   0.0531   0.0982   0.1871   0.0452   0.3748   0.0683   0.1349   0.1213   0.0941   0.1345   0.0556   0.0673   0.0285   0.1999   0.0085   0.0252   0.3093   0.3421   0.0755   0.1628   0.0037    0.106   0.0454    0.013    0.023   0.0146   0.0132    0.124   0.0777   0.1111    0.042   0.0316   0.0596   0.0192   0.0109   0.0358   0.0237   0.0083   0.0591   0.0708   0.2294   0.0442    0.001   0.0953   0.0044   0.0262   0.0267   0.1019    0.082   0.0336   0.2271   0.0251   0.0996   0.0078   0.1392   0.0904   0.0039    0.063   0.2005   0.1576   0.0207   0.1687   0.0957   0.0482    0.153   0.0451   0.0148   0.1423   0.0074   0.0302    0.095    0.032   0.0144   0.1233   0.0546    0.043   0.0288   0.0637   0.1388   0.1028   0.0042   0.0594   0.0294   0.0171   0.0586   0.1208    0.298   0.1493   0.1151   0.1454   0.0745   0.0645   0.0726   0.0044
  snr   -14.04
    H     5.15
 exon    False