>YOR234C
N: 324
Methods: voss, eiip, qpsk, mem, tbpse, snrse

M: voss
 freq      0.0   0.0031   0.0062   0.0093   0.0123   0.0154   0.0185   0.0216   0.0247   0.0278   0.0309    0.034    0.037   0.0401   0.0432   0.0463   0.0494   0.0525   0.0556   0.0586   0.0617   0.0648   0.0679    0.071   0.0741   0.0772   0.0802   0.0833   0.0864   0.0895   0.0926   0.0957   0.0988   0.1019   0.1049    0.108   0.1111   0.1142   0.1173   0.1204   0.1235   0.1265   0.1296   0.1327   0.1358   0.1389    0.142   0.1451   0.1481   0.1512   0.1543   0.1574   0.1605   0.1636   0.1667   0.1698   0.1728   0.1759    0.179   0.1821   0.1852   0.1883   0.1914   0.1944   0.1975   0.2006   0.2037   0.2068   0.2099    0.213    0.216   0.2191   0.2222   0.2253   0.2284   0.2315   0.2346   0.2377   0.2407   0.2438   0.2469     0.25   0.2531   0.2562   0.2593   0.2623   0.2654   0.2685   0.2716   0.2747   0.2778   0.2809    0.284    0.287   0.2901   0.2932   0.2963   0.2994   0.3025   0.3056   0.3086   0.3117   0.3148   0.3179    0.321   0.3241   0.3272   0.3302   0.3333   0.3364   0.3395   0.3426   0.3457   0.3488   0.3519   0.3549    0.358   0.3611   0.3642   0.3673   0.3704   0.3735   0.3765   0.3796   0.3827   0.3858   0.3889    0.392   0.3951   0.3981   0.4012   0.4043   0.4074   0.4105   0.4136   0.4167   0.4198   0.4228   0.4259    0.429   0.4321   0.4352   0.4383   0.4414   0.4444   0.4475   0.4506   0.4537   0.4568   0.4599    0.463    0.466   0.4691   0.4722   0.4753   0.4784   0.4815   0.4846   0.4877   0.4907   0.4938   0.4969
    S      0.0   0.2907   0.2524   0.0562   0.0978   0.1567   0.6112   0.3883   0.1277   0.4995   0.4666   0.2618   0.0862   0.3761   0.1948   0.5072    0.807   0.1177   0.2091   0.4688   0.1417   0.0974   0.1776   0.3253   0.1331   0.2973    0.427   0.1758   0.2235   0.6454   0.0832   0.2003   0.3128   0.6629   0.3451   0.6287   0.3139   0.3155   0.4092    0.381   0.2544   0.6299   0.3771   0.1406   0.3202   0.5441   0.1447      1.0   0.2853   0.0615   0.5606   0.2945   0.3753   0.3977   0.0784   0.3678   0.2443   0.2885   0.2353   0.4267   0.1717   0.4048   0.5543   0.5368   0.3337    0.804   0.4857   0.1357   0.2541   0.1544   0.2855   0.2714   0.0379   0.3744   0.4307   0.2521   0.3602   0.4067   0.6866   0.3301   0.2689   0.2149   0.0559    0.241   0.3618   0.1655   0.2802   0.1862   0.1433   0.0914    0.392   0.7719   0.1746   0.4699   0.1908   0.1028   0.4628   0.0557   0.2032   0.2885   0.2287   0.1453    0.198   0.2351    0.063   0.2469   0.1582   0.2158   0.9557   0.2412   0.1963   0.2713   0.2429    0.128   0.3056   0.3475   0.0974   0.1376   0.1032   0.2007   0.4542   0.2576   0.1128   0.2867   0.3855   0.0701   0.1726   0.2949   0.2195   0.4195   0.3345    0.028    0.569    0.402   0.1999   0.5043   0.1769   0.3252   0.7494    0.319   0.1323   0.2835   0.2753   0.2914   0.1337   0.1449   0.1768   0.5732   0.1793   0.4542   0.2124   0.2026    0.506   0.2388   0.2297   0.3252   0.1155    0.532   0.5427   0.3712   0.2581   0.2544
  snr   -16.82
    H     4.91
 exon    False

M: eiip
 freq      0.0   0.0031   0.0062   0.0093   0.0123   0.0154   0.0185   0.0216   0.0247   0.0278   0.0309    0.034    0.037   0.0401   0.0432   0.0463   0.0494   0.0525   0.0556   0.0586   0.0617   0.0648   0.0679    0.071   0.0741   0.0772   0.0802   0.0833   0.0864   0.0895   0.0926   0.0957   0.0988   0.1019   0.1049    0.108   0.1111   0.1142   0.1173   0.1204   0.1235   0.1265   0.1296   0.1327   0.1358   0.1389    0.142   0.1451   0.1481   0.1512   0.1543   0.1574   0.1605   0.1636   0.1667   0.1698   0.1728   0.1759    0.179   0.1821   0.1852   0.1883   0.1914   0.1944   0.1975   0.2006   0.2037   0.2068   0.2099    0.213    0.216   0.2191   0.2222   0.2253   0.2284   0.2315   0.2346   0.2377   0.2407   0.2438   0.2469     0.25   0.2531   0.2562   0.2593   0.2623   0.2654   0.2685   0.2716   0.2747   0.2778   0.2809    0.284    0.287   0.2901   0.2932   0.2963   0.2994   0.3025   0.3056   0.3086   0.3117   0.3148   0.3179    0.321   0.3241   0.3272   0.3302   0.3333   0.3364   0.3395   0.3426   0.3457   0.3488   0.3519   0.3549    0.358   0.3611   0.3642   0.3673   0.3704   0.3735   0.3765   0.3796   0.3827   0.3858   0.3889    0.392   0.3951   0.3981   0.4012   0.4043   0.4074   0.4105   0.4136   0.4167   0.4198   0.4228   0.4259    0.429   0.4321   0.4352   0.4383   0.4414   0.4444   0.4475   0.4506   0.4537   0.4568   0.4599    0.463    0.466   0.4691   0.4722   0.4753   0.4784   0.4815   0.4846   0.4877   0.4907   0.4938   0.4969
    S      0.0   0.4201   0.0649   0.0093   0.0857   0.0361   0.0211   0.3205   0.0186   0.5793   0.1964   0.3441   0.0674   0.0867   0.0361   0.2532   0.3492   0.1664   0.0971   0.2601   0.0025   0.0189    0.314   0.2645   0.0164   0.0672   0.0109   0.1181   0.3954   0.4234   0.1467   0.3316   0.2895   0.1516   0.0954   0.7387   0.0581   0.0399   0.2306    0.359    0.191   0.5987   0.1295   0.1379   0.2761   0.2073    0.161   0.4037   0.1102   0.0047   0.1056   0.1963   0.1245   0.0723   0.0049   0.2934   0.1795    0.155   0.1311   0.1361   0.0373   0.0766   0.0965   0.1523   0.1799   0.6146   0.0095   0.0895   0.0543   0.1953   0.1406   0.1051   0.0087   0.1337    0.591   0.3038   0.0638   0.0296   0.0508   0.0482   0.3205   0.0884   0.0092   0.0347   0.1816   0.0612   0.1612   0.1197   0.1017   0.0172    0.406    0.742   0.1294   0.0724   0.1985   0.1544   0.1884   0.0738    0.015   0.2902   0.0896   0.2437   0.2676   0.2749   0.0486   0.1464   0.0321   0.1714      1.0   0.0307   0.2089    0.002   0.1695    0.139   0.0827   0.1456   0.1823   0.0732   0.0438   0.0989   0.2994   0.0195   0.2168   0.0269   0.1718   0.0202   0.0263   0.0796   0.1206   0.3837   0.3026   0.0192   0.0512    0.707   0.1559   0.2142   0.0913   0.0685   0.4611   0.0893   0.1233   0.0253   0.0149   0.1589   0.1167   0.0222    0.143   0.4407   0.2413    0.104   0.1737   0.0811    0.165   0.1588   0.2548   0.1559   0.0558   0.1139   0.7026   0.1003   0.0028   0.1489
  snr    -14.3
    H     4.68
 exon     True

M: qpsk
 freq      0.0   0.0031   0.0062   0.0093   0.0123   0.0154   0.0185   0.0216   0.0247   0.0278   0.0309    0.034    0.037   0.0401   0.0432   0.0463   0.0494   0.0525   0.0556   0.0586   0.0617   0.0648   0.0679    0.071   0.0741   0.0772   0.0802   0.0833   0.0864   0.0895   0.0926   0.0957   0.0988   0.1019   0.1049    0.108   0.1111   0.1142   0.1173   0.1204   0.1235   0.1265   0.1296   0.1327   0.1358   0.1389    0.142   0.1451   0.1481   0.1512   0.1543   0.1574   0.1605   0.1636   0.1667   0.1698   0.1728   0.1759    0.179   0.1821   0.1852   0.1883   0.1914   0.1944   0.1975   0.2006   0.2037   0.2068   0.2099    0.213    0.216   0.2191   0.2222   0.2253   0.2284   0.2315   0.2346   0.2377   0.2407   0.2438   0.2469     0.25   0.2531   0.2562   0.2593   0.2623   0.2654   0.2685   0.2716   0.2747   0.2778   0.2809    0.284    0.287   0.2901   0.2932   0.2963   0.2994   0.3025   0.3056   0.3086   0.3117   0.3148   0.3179    0.321   0.3241   0.3272   0.3302   0.3333   0.3364   0.3395   0.3426   0.3457   0.3488   0.3519   0.3549    0.358   0.3611   0.3642   0.3673   0.3704   0.3735   0.3765   0.3796   0.3827   0.3858   0.3889    0.392   0.3951   0.3981   0.4012   0.4043   0.4074   0.4105   0.4136   0.4167   0.4198   0.4228   0.4259    0.429   0.4321   0.4352   0.4383   0.4414   0.4444   0.4475   0.4506   0.4537   0.4568   0.4599    0.463    0.466   0.4691   0.4722   0.4753   0.4784   0.4815   0.4846   0.4877   0.4907   0.4938   0.4969
    S      0.0   0.2524   0.2483   0.0104   0.1092   0.1267     0.17   0.0415   0.0929   0.2789   0.3677   0.2449   0.0798    0.078    0.185   0.4339   0.4837   0.0345   0.2136   0.3918   0.1208   0.0512   0.1263   0.3672   0.0706   0.3028   0.1521   0.1499   0.2121   0.6087   0.0592   0.2081   0.1332   0.5655   0.3714   0.3619   0.2182   0.2238   0.4191   0.3726    0.182   0.5234   0.1207   0.1551   0.1602   0.2035   0.1272   0.8354   0.2612   0.0629   0.4492   0.2764    0.331   0.3844   0.0145   0.3594   0.2264   0.2975   0.0991   0.3232   0.0392   0.1854   0.5293   0.5041   0.3267   0.2921   0.3087   0.0562   0.1537   0.1478   0.2259   0.2417   0.0258   0.4121   0.3066   0.0665   0.3199   0.3342   0.6351   0.3463   0.2847   0.2442   0.0469   0.1746   0.3404   0.1093   0.2868   0.1521   0.1431   0.0757   0.2905    0.647   0.1353   0.4835    0.146   0.1055   0.1196   0.0633   0.1635   0.3216   0.0421   0.1469    0.109   0.2117   0.0607   0.2236   0.0224   0.2167      1.0   0.2222   0.2171   0.3008   0.2592   0.0795   0.2564   0.2689   0.0828   0.1288   0.0872   0.1669   0.3484   0.0953   0.0847   0.1628   0.0718   0.0062   0.1679   0.1215   0.0112   0.1467   0.3579   0.0165   0.6066   0.3479   0.1472   0.4252   0.0321     0.29    0.405   0.2039   0.1474   0.3111   0.2094    0.148   0.0812   0.0982   0.1805   0.1417   0.1921   0.4166   0.1989   0.2167   0.3411   0.2018   0.1787    0.331   0.0851    0.404   0.4294   0.2259   0.1827   0.2496
  snr   -15.59
    H     4.85
 exon     True

M: mem
 freq      0.0   0.0031   0.0062   0.0093   0.0123   0.0154   0.0185   0.0216   0.0247   0.0278   0.0309    0.034    0.037   0.0401   0.0432   0.0463   0.0494   0.0525   0.0556   0.0586   0.0617   0.0648   0.0679    0.071   0.0741   0.0772   0.0802   0.0833   0.0864   0.0895   0.0926   0.0957   0.0988   0.1019   0.1049    0.108   0.1111   0.1142   0.1173   0.1204   0.1235   0.1265   0.1296   0.1327   0.1358   0.1389    0.142   0.1451   0.1481   0.1512   0.1543   0.1574   0.1605   0.1636   0.1667   0.1698   0.1728   0.1759    0.179   0.1821   0.1852   0.1883   0.1914   0.1944   0.1975   0.2006   0.2037   0.2068   0.2099    0.213    0.216   0.2191   0.2222   0.2253   0.2284   0.2315   0.2346   0.2377   0.2407   0.2438   0.2469     0.25   0.2531   0.2562   0.2593   0.2623   0.2654   0.2685   0.2716   0.2747   0.2778   0.2809    0.284    0.287   0.2901   0.2932   0.2963   0.2994   0.3025   0.3056   0.3086   0.3117   0.3148   0.3179    0.321   0.3241   0.3272   0.3302   0.3333   0.3364   0.3395   0.3426   0.3457   0.3488   0.3519   0.3549    0.358   0.3611   0.3642   0.3673   0.3704   0.3735   0.3765   0.3796   0.3827   0.3858   0.3889    0.392   0.3951   0.3981   0.4012   0.4043   0.4074   0.4105   0.4136   0.4167   0.4198   0.4228   0.4259    0.429   0.4321   0.4352   0.4383   0.4414   0.4444   0.4475   0.4506   0.4537   0.4568   0.4599    0.463    0.466   0.4691   0.4722   0.4753   0.4784   0.4815   0.4846   0.4877   0.4907   0.4938   0.4969
    S      0.0   0.1413   0.0657   0.0312   0.0477   0.0049   0.1542   0.2121   0.0524   0.4918   0.2952    0.315   0.0701   0.1098   0.0163    0.011   0.4814   0.0866    0.194    0.133   0.0122   0.0045   0.1133   0.1815   0.0211   0.0637   0.0872   0.1646   0.2061   0.0342   0.0795   0.1313   0.0859   0.0834   0.2437    0.789   0.0263   0.1371   0.3768   0.1257    0.155   0.6134   0.0554   0.0588   0.1058   0.1794   0.0279   0.2328   0.0332    0.008   0.0564   0.1068   0.0038   0.0943   0.0139   0.0599   0.0076   0.0913   0.0997   0.0203   0.0914   0.1282   0.0536   0.0638   0.0396   0.3829   0.0895   0.0335   0.0893   0.0435   0.0078   0.0229   0.0019   0.0583    0.559    0.262     0.12   0.0203    0.261    0.152   0.0526   0.0687   0.0082   0.1678    0.001   0.0884   0.0211   0.0601   0.0794   0.0384   0.2902    0.223   0.1685   0.0742   0.0349   0.0411   0.1639   0.0133   0.0079   0.1351   0.0832   0.0869   0.1001   0.0738   0.0021   0.0048   0.0524   0.0939      1.0   0.0933   0.0997   0.0753   0.1516    0.127    0.028   0.0101   0.0921   0.0373   0.0012   0.0153   0.4683   0.0479   0.1032   0.0268   0.1836   0.0387   0.0222   0.0777   0.1591   0.2953   0.0127   0.0323   0.1002   0.3267   0.0362   0.0294   0.0515   0.2295   0.1108   0.0156   0.0069   0.0536   0.1487   0.1729   0.0239   0.0809   0.0207    0.202   0.0915   0.1572   0.1778    0.083   0.0123   0.2284   0.0752   0.0126   0.0156    0.071   0.2058   0.0315   0.1197   0.0031
  snr   -12.48
    H     4.57
 exon     True

M: tbpse
 freq      0.0   0.0031   0.0062   0.0093   0.0123   0.0154   0.0185   0.0216   0.0247   0.0278   0.0309    0.034    0.037   0.0401   0.0432   0.0463   0.0494   0.0525   0.0556   0.0586   0.0617   0.0648   0.0679    0.071   0.0741   0.0772   0.0802   0.0833   0.0864   0.0895   0.0926   0.0957   0.0988   0.1019   0.1049    0.108   0.1111   0.1142   0.1173   0.1204   0.1235   0.1265   0.1296   0.1327   0.1358   0.1389    0.142   0.1451   0.1481   0.1512   0.1543   0.1574   0.1605   0.1636   0.1667   0.1698   0.1728   0.1759    0.179   0.1821   0.1852   0.1883   0.1914   0.1944   0.1975   0.2006   0.2037   0.2068   0.2099    0.213    0.216   0.2191   0.2222   0.2253   0.2284   0.2315   0.2346   0.2377   0.2407   0.2438   0.2469     0.25   0.2531   0.2562   0.2593   0.2623   0.2654   0.2685   0.2716   0.2747   0.2778   0.2809    0.284    0.287   0.2901   0.2932   0.2963   0.2994   0.3025   0.3056   0.3086   0.3117   0.3148   0.3179    0.321   0.3241   0.3272   0.3302   0.3333   0.3364   0.3395   0.3426   0.3457   0.3488   0.3519   0.3549    0.358   0.3611   0.3642   0.3673   0.3704   0.3735   0.3765   0.3796   0.3827   0.3858   0.3889    0.392   0.3951   0.3981   0.4012   0.4043   0.4074   0.4105   0.4136   0.4167   0.4198   0.4228   0.4259    0.429   0.4321   0.4352   0.4383   0.4414   0.4444   0.4475   0.4506   0.4537   0.4568   0.4599    0.463    0.466   0.4691   0.4722   0.4753   0.4784   0.4815   0.4846   0.4877   0.4907   0.4938   0.4969
    S      0.0   0.0852     0.17   0.0064   0.0673   0.0329   0.0108   0.0301   0.0597   0.2702    0.183   0.2673   0.0623   0.0286   0.0722   0.0809    0.354   0.0239   0.1849   0.2361    0.065   0.0182   0.0507   0.2833   0.0049   0.1697   0.0155   0.1478   0.1648   0.1457   0.0453   0.1099   0.0056   0.3343    0.264   0.4915   0.0891   0.0527    0.376   0.1755   0.1534   0.5386   0.0223   0.0962    0.032   0.1306   0.0216   0.3658   0.0414   0.0238   0.0128   0.1268   0.0219   0.0503   0.0025   0.1175    0.004   0.1773    0.062   0.1351   0.0243   0.1151    0.185   0.1543   0.1344   0.0708   0.1497   0.0158   0.0239   0.0365    0.013   0.0245   0.0117   0.0503   0.3839   0.1024   0.1882   0.0885   0.3491   0.2163   0.0667   0.0925   0.0287   0.1081   0.0176   0.0837    0.076   0.0677   0.0622   0.0257   0.1573   0.2069   0.1226   0.0474   0.0029    0.034   0.0519   0.0143   0.0641   0.2027   0.0098   0.0649   0.0259   0.0688   0.0023   0.0284    0.011   0.0884      1.0    0.147   0.1309   0.1248   0.1846   0.0777   0.0048   0.0668   0.0644   0.0839   0.0154   0.0148   0.3636   0.0099     0.06   0.0332   0.0343   0.0066    0.079   0.0313   0.0373   0.0996   0.0118   0.0197   0.1083    0.233   0.0036    0.027   0.0059   0.2103   0.0761   0.0132   0.0155   0.0531   0.0953   0.1345   0.0034   0.0659   0.0617   0.0192   0.0834   0.2289   0.1859   0.1577    0.038   0.1679   0.0209   0.0447    0.027   0.1505   0.0683   0.0066   0.0491   0.0323
  snr   -11.94
    H     4.58
 exon     True

M: snrse
 freq      0.0   0.0031   0.0062   0.0093   0.0123   0.0154   0.0185   0.0216   0.0247   0.0278   0.0309    0.034    0.037   0.0401   0.0432   0.0463   0.0494   0.0525   0.0556   0.0586   0.0617   0.0648   0.0679    0.071   0.0741   0.0772   0.0802   0.0833   0.0864   0.0895   0.0926   0.0957   0.0988   0.1019   0.1049    0.108   0.1111   0.1142   0.1173   0.1204   0.1235   0.1265   0.1296   0.1327   0.1358   0.1389    0.142   0.1451   0.1481   0.1512   0.1543   0.1574   0.1605   0.1636   0.1667   0.1698   0.1728   0.1759    0.179   0.1821   0.1852   0.1883   0.1914   0.1944   0.1975   0.2006   0.2037   0.2068   0.2099    0.213    0.216   0.2191   0.2222   0.2253   0.2284   0.2315   0.2346   0.2377   0.2407   0.2438   0.2469     0.25   0.2531   0.2562   0.2593   0.2623   0.2654   0.2685   0.2716   0.2747   0.2778   0.2809    0.284    0.287   0.2901   0.2932   0.2963   0.2994   0.3025   0.3056   0.3086   0.3117   0.3148   0.3179    0.321   0.3241   0.3272   0.3302   0.3333   0.3364   0.3395   0.3426   0.3457   0.3488   0.3519   0.3549    0.358   0.3611   0.3642   0.3673   0.3704   0.3735   0.3765   0.3796   0.3827   0.3858   0.3889    0.392   0.3951   0.3981   0.4012   0.4043   0.4074   0.4105   0.4136   0.4167   0.4198   0.4228   0.4259    0.429   0.4321   0.4352   0.4383   0.4414   0.4444   0.4475   0.4506   0.4537   0.4568   0.4599    0.463    0.466   0.4691   0.4722   0.4753   0.4784   0.4815   0.4846   0.4877   0.4907   0.4938   0.4969
    S      0.0   0.1119    0.129   0.0105   0.0623    0.017    0.019   0.0739   0.0509    0.338   0.1983   0.2849   0.0637   0.0312   0.0474   0.0582   0.3555    0.044   0.1794   0.1948   0.0408   0.0099   0.0782   0.2528   0.0044   0.1261   0.0142   0.1479    0.189   0.1148   0.0592   0.1272   0.0256   0.2354   0.2411   0.5772   0.0592   0.0632   0.3625   0.1635   0.1502   0.5555   0.0151   0.0878   0.0525   0.1228   0.0265   0.2875   0.0353   0.0157   0.0078   0.1203   0.0078    0.049   0.0011   0.1015   0.0032   0.1478   0.0669   0.0896   0.0344   0.0987   0.1241   0.1137   0.1031   0.1464   0.1026   0.0175   0.0336   0.0447   0.0069   0.0209   0.0073   0.0439   0.4405   0.1485   0.1483   0.0475   0.2818   0.1789   0.0722   0.0802   0.0199    0.112   0.0086   0.0774   0.0589   0.0611   0.0655   0.0259   0.1972   0.2132   0.1327   0.0397    0.014   0.0417   0.0626   0.0167   0.0355   0.1881   0.0206   0.0798   0.0517   0.0752   0.0025   0.0212   0.0144   0.0883      1.0   0.1178   0.1249   0.0939   0.1723   0.0915   0.0036   0.0421   0.0783   0.0677   0.0104   0.0138   0.3803    0.007   0.0794   0.0195   0.0608   0.0122   0.0539   0.0297   0.0638   0.1502   0.0175   0.0225   0.0814   0.2816   0.0126   0.0126   0.0119   0.1989    0.067   0.0049   0.0166   0.0411   0.0958   0.1358   0.0086   0.0621   0.0527    0.058   0.0932     0.19   0.1804   0.1289   0.0169   0.1791   0.0403   0.0333   0.0198   0.1096   0.1229   0.0017    0.056   0.0241
  snr   -11.81
    H     4.57
 exon     True