>YOR247W
N: 633
Methods: voss, eiip, qpsk, mem, alg1, alg2

M: voss
 freq      0.0   0.0016   0.0032   0.0047   0.0063   0.0079   0.0095   0.0111   0.0126   0.0142   0.0158   0.0174    0.019   0.0205   0.0221   0.0237   0.0253   0.0269   0.0284     0.03   0.0316   0.0332   0.0348   0.0363   0.0379   0.0395   0.0411   0.0427   0.0442   0.0458   0.0474    0.049   0.0506   0.0521   0.0537   0.0553   0.0569   0.0585     0.06   0.0616   0.0632   0.0648   0.0664   0.0679   0.0695   0.0711   0.0727   0.0742   0.0758   0.0774    0.079   0.0806   0.0821   0.0837   0.0853   0.0869   0.0885     0.09   0.0916   0.0932   0.0948   0.0964   0.0979   0.0995   0.1011   0.1027   0.1043   0.1058   0.1074    0.109   0.1106   0.1122   0.1137   0.1153   0.1169   0.1185   0.1201   0.1216   0.1232   0.1248   0.1264    0.128   0.1295   0.1311   0.1327   0.1343   0.1359   0.1374    0.139   0.1406   0.1422   0.1438   0.1453   0.1469   0.1485   0.1501   0.1517   0.1532   0.1548   0.1564    0.158   0.1596   0.1611   0.1627   0.1643   0.1659   0.1675    0.169   0.1706   0.1722   0.1738   0.1754   0.1769   0.1785   0.1801   0.1817   0.1833   0.1848   0.1864    0.188   0.1896   0.1912   0.1927   0.1943   0.1959   0.1975   0.1991   0.2006   0.2022   0.2038   0.2054    0.207   0.2085   0.2101   0.2117   0.2133   0.2148   0.2164    0.218   0.2196   0.2212   0.2227   0.2243   0.2259   0.2275   0.2291   0.2306   0.2322   0.2338   0.2354    0.237   0.2385   0.2401   0.2417   0.2433   0.2449   0.2464    0.248   0.2496   0.2512   0.2528   0.2543   0.2559   0.2575   0.2591   0.2607   0.2622   0.2638   0.2654    0.267   0.2686   0.2701   0.2717   0.2733   0.2749   0.2765    0.278   0.2796   0.2812   0.2828   0.2844   0.2859   0.2875   0.2891   0.2907   0.2923   0.2938   0.2954    0.297   0.2986   0.3002   0.3017   0.3033   0.3049   0.3065   0.3081   0.3096   0.3112   0.3128   0.3144    0.316   0.3175   0.3191   0.3207   0.3223   0.3239   0.3254    0.327   0.3286   0.3302   0.3318   0.3333   0.3349   0.3365   0.3381   0.3397   0.3412   0.3428   0.3444    0.346   0.3476   0.3491   0.3507   0.3523   0.3539   0.3555    0.357   0.3586   0.3602   0.3618   0.3633   0.3649   0.3665   0.3681   0.3697   0.3712   0.3728   0.3744    0.376   0.3776   0.3791   0.3807   0.3823   0.3839   0.3855    0.387   0.3886   0.3902   0.3918   0.3934   0.3949   0.3965   0.3981   0.3997   0.4013   0.4028   0.4044    0.406   0.4076   0.4092   0.4107   0.4123   0.4139   0.4155   0.4171   0.4186   0.4202   0.4218   0.4234    0.425   0.4265   0.4281   0.4297   0.4313   0.4329   0.4344    0.436   0.4376   0.4392   0.4408   0.4423   0.4439   0.4455   0.4471   0.4487   0.4502   0.4518   0.4534    0.455   0.4566   0.4581   0.4597   0.4613   0.4629   0.4645    0.466   0.4676   0.4692   0.4708   0.4724   0.4739   0.4755   0.4771   0.4787   0.4803   0.4818   0.4834    0.485   0.4866   0.4882   0.4897   0.4913   0.4929   0.4945   0.4961   0.4976   0.4992
    S      0.0   0.0875   0.0988   0.0479   0.0385   0.0251   0.1312   0.0294   0.0612   0.0358   0.0953   0.0233   0.0264   0.0236   0.0624   0.0157   0.0208    0.041   0.0146   0.0386   0.0422   0.1116   0.0319   0.0203   0.0666   0.0302   0.0321   0.0586   0.0559   0.0451    0.026    0.056   0.0808    0.013   0.0596   0.0617   0.0191   0.1375   0.0737    0.124   0.0355    0.026   0.0649   0.0476   0.2063   0.0555   0.0475   0.0239     0.05     0.05   0.0498   0.0489   0.0573    0.041   0.0405   0.0435   0.0544   0.0862   0.0185    0.049   0.0147   0.0817   0.0419   0.0261   0.0482   0.0457   0.0192   0.0283   0.0823   0.0614   0.0537   0.0626   0.0765   0.1212   0.0615   0.0649   0.1102   0.0778   0.0482    0.021   0.1033   0.0172   0.0323   0.0261   0.0592   0.0648   0.0412   0.0428   0.0598   0.1107   0.0423   0.1289    0.069   0.0388   0.0831     0.02   0.0863   0.0238   0.0081   0.0782   0.0661   0.0226   0.0262   0.0618   0.0474   0.1789   0.0778   0.0384   0.0613   0.0137   0.1463    0.089   0.1384   0.0203   0.0546   0.0237   0.0335   0.0232   0.0461   0.0865    0.053   0.0292   0.1114   0.0148   0.0268   0.0546   0.0438   0.0143     0.01   0.0558   0.0687   0.0219   0.0246   0.0709   0.0533   0.0183   0.0412   0.0845   0.0505   0.0517   0.0505   0.0264   0.0757   0.0174   0.0682   0.0295   0.0215   0.0663   0.0808   0.0238   0.0217   0.0294    0.109   0.1171   0.0634   0.0237   0.0555   0.1373   0.0849   0.0736   0.0293   0.0691   0.0542   0.0682     0.03   0.0431   0.0761   0.0336   0.0585   0.0224   0.0495   0.0229   0.1424   0.0979   0.0274   0.0672   0.0557   0.0181    0.046   0.0112    0.077   0.0526   0.0905   0.0534   0.0666   0.0498   0.0477   0.0364   0.0612   0.0109   0.0462    0.035    0.069   0.0716   0.0207   0.0841   0.0555   0.0711   0.0608   0.0599   0.0397   0.0217   0.0791   0.0854   0.0398   0.0606   0.0648   0.0869    0.037   0.0143   0.0736      1.0    0.099   0.1032   0.0193   0.0726    0.036     0.04   0.1208   0.0567   0.0256   0.0974   0.0514   0.2017   0.0785   0.1008   0.0373   0.0537   0.0379   0.0288   0.0494   0.0564   0.0081   0.0492   0.0653   0.0467   0.0339   0.0417   0.0673   0.0328    0.078   0.0357   0.0364   0.1498    0.026   0.0351   0.1382   0.0283   0.0327   0.0466   0.0639   0.0805   0.0765   0.0295   0.1298   0.0265    0.048     0.03   0.0355   0.0387   0.0304   0.0379   0.0295   0.0465   0.0319   0.0832   0.0493   0.0241   0.0347    0.014    0.091   0.0425   0.0364   0.0414   0.1016   0.0194   0.0435   0.0317   0.0932   0.0206   0.1008   0.0074   0.0192    0.025    0.047   0.0176   0.0755   0.0222   0.0071   0.0712   0.0828   0.0337   0.0062   0.0264   0.0352   0.0717   0.0541   0.0225   0.0401   0.0123   0.0065   0.0699   0.0092   0.0956   0.0234   0.0716   0.0534    0.085   0.1134   0.0748   0.0623   0.0637    0.071   0.0489   0.0116   0.0051   0.0333
  snr    -12.3
    H     5.48
 exon     True

M: eiip
 freq      0.0   0.0016   0.0032   0.0047   0.0063   0.0079   0.0095   0.0111   0.0126   0.0142   0.0158   0.0174    0.019   0.0205   0.0221   0.0237   0.0253   0.0269   0.0284     0.03   0.0316   0.0332   0.0348   0.0363   0.0379   0.0395   0.0411   0.0427   0.0442   0.0458   0.0474    0.049   0.0506   0.0521   0.0537   0.0553   0.0569   0.0585     0.06   0.0616   0.0632   0.0648   0.0664   0.0679   0.0695   0.0711   0.0727   0.0742   0.0758   0.0774    0.079   0.0806   0.0821   0.0837   0.0853   0.0869   0.0885     0.09   0.0916   0.0932   0.0948   0.0964   0.0979   0.0995   0.1011   0.1027   0.1043   0.1058   0.1074    0.109   0.1106   0.1122   0.1137   0.1153   0.1169   0.1185   0.1201   0.1216   0.1232   0.1248   0.1264    0.128   0.1295   0.1311   0.1327   0.1343   0.1359   0.1374    0.139   0.1406   0.1422   0.1438   0.1453   0.1469   0.1485   0.1501   0.1517   0.1532   0.1548   0.1564    0.158   0.1596   0.1611   0.1627   0.1643   0.1659   0.1675    0.169   0.1706   0.1722   0.1738   0.1754   0.1769   0.1785   0.1801   0.1817   0.1833   0.1848   0.1864    0.188   0.1896   0.1912   0.1927   0.1943   0.1959   0.1975   0.1991   0.2006   0.2022   0.2038   0.2054    0.207   0.2085   0.2101   0.2117   0.2133   0.2148   0.2164    0.218   0.2196   0.2212   0.2227   0.2243   0.2259   0.2275   0.2291   0.2306   0.2322   0.2338   0.2354    0.237   0.2385   0.2401   0.2417   0.2433   0.2449   0.2464    0.248   0.2496   0.2512   0.2528   0.2543   0.2559   0.2575   0.2591   0.2607   0.2622   0.2638   0.2654    0.267   0.2686   0.2701   0.2717   0.2733   0.2749   0.2765    0.278   0.2796   0.2812   0.2828   0.2844   0.2859   0.2875   0.2891   0.2907   0.2923   0.2938   0.2954    0.297   0.2986   0.3002   0.3017   0.3033   0.3049   0.3065   0.3081   0.3096   0.3112   0.3128   0.3144    0.316   0.3175   0.3191   0.3207   0.3223   0.3239   0.3254    0.327   0.3286   0.3302   0.3318   0.3333   0.3349   0.3365   0.3381   0.3397   0.3412   0.3428   0.3444    0.346   0.3476   0.3491   0.3507   0.3523   0.3539   0.3555    0.357   0.3586   0.3602   0.3618   0.3633   0.3649   0.3665   0.3681   0.3697   0.3712   0.3728   0.3744    0.376   0.3776   0.3791   0.3807   0.3823   0.3839   0.3855    0.387   0.3886   0.3902   0.3918   0.3934   0.3949   0.3965   0.3981   0.3997   0.4013   0.4028   0.4044    0.406   0.4076   0.4092   0.4107   0.4123   0.4139   0.4155   0.4171   0.4186   0.4202   0.4218   0.4234    0.425   0.4265   0.4281   0.4297   0.4313   0.4329   0.4344    0.436   0.4376   0.4392   0.4408   0.4423   0.4439   0.4455   0.4471   0.4487   0.4502   0.4518   0.4534    0.455   0.4566   0.4581   0.4597   0.4613   0.4629   0.4645    0.466   0.4676   0.4692   0.4708   0.4724   0.4739   0.4755   0.4771   0.4787   0.4803   0.4818   0.4834    0.485   0.4866   0.4882   0.4897   0.4913   0.4929   0.4945   0.4961   0.4976   0.4992
    S      0.0   0.0324   0.0429   0.0535   0.0221   0.0488   0.0041   0.0232   0.0015    0.081   0.1013   0.0056   0.0785   0.0447   0.1824   0.0425   0.0808   0.0732   0.0236   0.0941   0.0078    0.079   0.0139   0.0028   0.0132   0.0947   0.0677   0.0576   0.0067   0.0598   0.0089   0.1067   0.1634   0.0051   0.0973   0.0786   0.0384   0.0255   0.0579   0.2622    0.091    0.053   0.1188   0.0227    0.008   0.0474   0.0627   0.0796   0.0178   0.0603     0.16   0.1788   0.0125   0.0153   0.0672   0.0069   0.0012   0.0067   0.0274   0.0399   0.0165   0.0692   0.0452    0.103   0.1176   0.0148   0.0109   0.0395   0.0422   0.0482   0.0311   0.0643   0.0611   0.0145   0.2116   0.0018   0.0098   0.0475   0.1392   0.0131   0.0116   0.0262   0.0373   0.0142   0.0257     0.04   0.0119    0.028   0.1749   0.0603   0.1108    0.012   0.1544   0.0409   0.0686   0.0098   0.2458   0.0422   0.0049   0.1793   0.0289   0.0091   0.0385   0.0835   0.1655   0.0421    0.058   0.0603   0.0281    0.004   0.1426   0.0863   0.1782   0.0366   0.1946   0.0639   0.0024   0.0054   0.0575   0.0514   0.1335     0.04   0.0172   0.0392   0.0324   0.0209    0.014   0.0161   0.0084   0.0862   0.0417   0.0284   0.0836   0.1245   0.0204   0.0345   0.0362   0.1462   0.1461   0.0034   0.0715   0.0081   0.0026    0.002   0.0682   0.0327   0.0872   0.1343   0.0803   0.0427   0.0143   0.0198   0.0076   0.1106   0.0416   0.0603   0.0107   0.2809   0.0353   0.0739   0.0364    0.121    0.002    0.003   0.0172   0.0044    0.006   0.0807   0.0362   0.0382   0.0294   0.0487   0.0289   0.0676   0.0144   0.0829   0.0571   0.0003   0.0692   0.0073   0.0261   0.0618   0.1893   0.0267   0.0035   0.0042   0.0065    0.044   0.1864   0.0042   0.0004    0.001   0.1247   0.1747   0.0646   0.1168   0.0028   0.0136   0.0273   0.0893     0.14   0.0159    0.089   0.0039   0.0088   0.1726   0.1148   0.0924   0.0216    0.051    0.092      1.0   0.0078   0.0361   0.0297   0.0576   0.0684   0.0772   0.2049   0.0501   0.0179   0.1924   0.0326   0.0217   0.0774   0.0003   0.0713    0.003   0.0383   0.0072   0.1544   0.0616   0.0063    0.051   0.0326   0.0065   0.0244   0.1181   0.0235   0.1268    0.065   0.0683   0.0181   0.1164   0.0142   0.0421   0.0271   0.1082   0.0276   0.0017   0.0811   0.1011   0.0697   0.0131   0.0021   0.0619   0.0305   0.0142   0.1191   0.0225    0.018   0.0493   0.0332   0.0237   0.0967   0.0281   0.0346   0.0307   0.0237   0.0562   0.0476   0.0474   0.0254   0.1269   0.0342   0.0093   0.1755   0.0351   0.1739   0.0019   0.0973   0.0071    0.024   0.0041    0.053   0.0485    0.138   0.0479   0.0118   0.0857   0.1599   0.0143   0.0116   0.0617   0.0211     0.11   0.1537   0.0756   0.0119   0.0463   0.0067   0.0187   0.0207   0.2266   0.0219   0.1378   0.0947   0.0572   0.0047   0.0188   0.1783   0.0973   0.0565   0.0265   0.0422   0.0147   0.0147
  snr   -12.55
    H     5.27
 exon     True

M: qpsk
 freq      0.0   0.0016   0.0032   0.0047   0.0063   0.0079   0.0095   0.0111   0.0126   0.0142   0.0158   0.0174    0.019   0.0205   0.0221   0.0237   0.0253   0.0269   0.0284     0.03   0.0316   0.0332   0.0348   0.0363   0.0379   0.0395   0.0411   0.0427   0.0442   0.0458   0.0474    0.049   0.0506   0.0521   0.0537   0.0553   0.0569   0.0585     0.06   0.0616   0.0632   0.0648   0.0664   0.0679   0.0695   0.0711   0.0727   0.0742   0.0758   0.0774    0.079   0.0806   0.0821   0.0837   0.0853   0.0869   0.0885     0.09   0.0916   0.0932   0.0948   0.0964   0.0979   0.0995   0.1011   0.1027   0.1043   0.1058   0.1074    0.109   0.1106   0.1122   0.1137   0.1153   0.1169   0.1185   0.1201   0.1216   0.1232   0.1248   0.1264    0.128   0.1295   0.1311   0.1327   0.1343   0.1359   0.1374    0.139   0.1406   0.1422   0.1438   0.1453   0.1469   0.1485   0.1501   0.1517   0.1532   0.1548   0.1564    0.158   0.1596   0.1611   0.1627   0.1643   0.1659   0.1675    0.169   0.1706   0.1722   0.1738   0.1754   0.1769   0.1785   0.1801   0.1817   0.1833   0.1848   0.1864    0.188   0.1896   0.1912   0.1927   0.1943   0.1959   0.1975   0.1991   0.2006   0.2022   0.2038   0.2054    0.207   0.2085   0.2101   0.2117   0.2133   0.2148   0.2164    0.218   0.2196   0.2212   0.2227   0.2243   0.2259   0.2275   0.2291   0.2306   0.2322   0.2338   0.2354    0.237   0.2385   0.2401   0.2417   0.2433   0.2449   0.2464    0.248   0.2496   0.2512   0.2528   0.2543   0.2559   0.2575   0.2591   0.2607   0.2622   0.2638   0.2654    0.267   0.2686   0.2701   0.2717   0.2733   0.2749   0.2765    0.278   0.2796   0.2812   0.2828   0.2844   0.2859   0.2875   0.2891   0.2907   0.2923   0.2938   0.2954    0.297   0.2986   0.3002   0.3017   0.3033   0.3049   0.3065   0.3081   0.3096   0.3112   0.3128   0.3144    0.316   0.3175   0.3191   0.3207   0.3223   0.3239   0.3254    0.327   0.3286   0.3302   0.3318   0.3333   0.3349   0.3365   0.3381   0.3397   0.3412   0.3428   0.3444    0.346   0.3476   0.3491   0.3507   0.3523   0.3539   0.3555    0.357   0.3586   0.3602   0.3618   0.3633   0.3649   0.3665   0.3681   0.3697   0.3712   0.3728   0.3744    0.376   0.3776   0.3791   0.3807   0.3823   0.3839   0.3855    0.387   0.3886   0.3902   0.3918   0.3934   0.3949   0.3965   0.3981   0.3997   0.4013   0.4028   0.4044    0.406   0.4076   0.4092   0.4107   0.4123   0.4139   0.4155   0.4171   0.4186   0.4202   0.4218   0.4234    0.425   0.4265   0.4281   0.4297   0.4313   0.4329   0.4344    0.436   0.4376   0.4392   0.4408   0.4423   0.4439   0.4455   0.4471   0.4487   0.4502   0.4518   0.4534    0.455   0.4566   0.4581   0.4597   0.4613   0.4629   0.4645    0.466   0.4676   0.4692   0.4708   0.4724   0.4739   0.4755   0.4771   0.4787   0.4803   0.4818   0.4834    0.485   0.4866   0.4882   0.4897   0.4913   0.4929   0.4945   0.4961   0.4976   0.4992
    S      0.0   0.0897   0.0929   0.0231   0.0342   0.0317   0.1201   0.0225   0.0535   0.0422   0.0709   0.0208   0.0204   0.0257   0.0773   0.0116   0.0119   0.0485   0.0026   0.0295   0.0202   0.0198   0.0281   0.0099   0.0471   0.0377   0.0318   0.0148   0.0435   0.0535   0.0101   0.0217   0.0584   0.0165   0.0334   0.0351   0.0187   0.0847   0.0048   0.0453   0.0297   0.0325   0.0803   0.0277    0.119   0.0231   0.0594   0.0169    0.045   0.0349   0.0244   0.0384   0.0582   0.0461   0.0217   0.0319   0.0274   0.0374   0.0116   0.0344   0.0149   0.0806   0.0489   0.0299   0.0232   0.0504   0.0194    0.017   0.0597   0.0096   0.0283   0.0151    0.075   0.1295   0.0326   0.0339   0.0375   0.0939   0.0504   0.0232   0.0216   0.0074   0.0051   0.0209   0.0749   0.0716   0.0385   0.0209   0.0571   0.0957   0.0533   0.0929   0.0764   0.0457    0.108   0.0097   0.0446   0.0285   0.0105   0.0605   0.0512    0.014   0.0147   0.0174   0.0339   0.0381   0.0998    0.038   0.0607   0.0164    0.024   0.0696   0.1126   0.0209   0.0296   0.0289   0.0122   0.0199   0.0444   0.0517     0.02   0.0378   0.0732   0.0142   0.0235   0.0397   0.0521   0.0149   0.0123   0.0627   0.0884   0.0116     0.03   0.0601   0.0235   0.0208   0.0358   0.0934   0.0649   0.0325    0.041   0.0187   0.0442   0.0047   0.0816   0.0301   0.0191   0.0732   0.0605   0.0209   0.0156   0.0101   0.0693   0.1485    0.063   0.0256   0.0357   0.1613   0.1048    0.071   0.0323   0.0864   0.0671   0.0498   0.0097   0.0186   0.0869   0.0397   0.0608   0.0258   0.0466   0.0232   0.1365   0.1033   0.0279   0.0724   0.0545   0.0228    0.022   0.0073   0.1001   0.0651   0.0487   0.0331   0.0492   0.0437   0.0534    0.029   0.0266   0.0132   0.0156   0.0429   0.0788    0.089   0.0134   0.0878   0.0478   0.0467   0.0602   0.0771   0.0476   0.0187   0.0637   0.1073   0.0323   0.0631   0.0524   0.0702   0.0276   0.0064   0.0791      1.0   0.0791   0.1259   0.0097   0.0498   0.0316   0.0213   0.1158   0.0552   0.0224   0.1027   0.0592   0.2523   0.0794   0.0921    0.014   0.0552   0.0478   0.0224   0.0393   0.0227   0.0084   0.0498   0.0754   0.0297   0.0434   0.0473   0.0702   0.0247   0.0804    0.037   0.0378   0.1662   0.0308   0.0039   0.1606   0.0192   0.0213   0.0395   0.0828   0.0804   0.0965    0.026   0.1235   0.0249   0.0165   0.0069   0.0223   0.0328   0.0172   0.0207   0.0241   0.0425   0.0404   0.0893   0.0555    0.026   0.0431   0.0116   0.0985   0.0468   0.0474   0.0455   0.0918   0.0147   0.0519   0.0334   0.0496   0.0097   0.1166   0.0045   0.0154   0.0261   0.0449   0.0116   0.0882   0.0193   0.0074   0.0629   0.0897   0.0299   0.0055   0.0186   0.0325   0.0516   0.0516   0.0106   0.0306   0.0085   0.0075   0.0567   0.0089   0.1195   0.0299    0.076    0.031   0.0936   0.1209   0.0473    0.069   0.0814   0.0363   0.0605   0.0064   0.0022   0.0341
  snr   -11.64
    H     5.39
 exon     True

M: mem
 freq      0.0   0.0016   0.0032   0.0047   0.0063   0.0079   0.0095   0.0111   0.0127   0.0142   0.0158   0.0174    0.019   0.0206   0.0222   0.0237   0.0253   0.0269   0.0285   0.0301   0.0316   0.0332   0.0348   0.0364    0.038   0.0396   0.0411   0.0427   0.0443   0.0459   0.0475   0.0491   0.0506   0.0522   0.0538   0.0554    0.057   0.0585   0.0601   0.0617   0.0633   0.0649   0.0665    0.068   0.0696   0.0712   0.0728   0.0744   0.0759   0.0775   0.0791   0.0807   0.0823   0.0839   0.0854    0.087   0.0886   0.0902   0.0918   0.0934   0.0949   0.0965   0.0981   0.0997   0.1013   0.1028   0.1044    0.106   0.1076   0.1092   0.1108   0.1123   0.1139   0.1155   0.1171   0.1187   0.1203   0.1218   0.1234    0.125   0.1266   0.1282   0.1297   0.1313   0.1329   0.1345   0.1361   0.1377   0.1392   0.1408   0.1424    0.144   0.1456   0.1472   0.1487   0.1503   0.1519   0.1535   0.1551   0.1566   0.1582   0.1598   0.1614    0.163   0.1646   0.1661   0.1677   0.1693   0.1709   0.1725   0.1741   0.1756   0.1772   0.1788   0.1804    0.182   0.1835   0.1851   0.1867   0.1883   0.1899   0.1915    0.193   0.1946   0.1962   0.1978   0.1994   0.2009   0.2025   0.2041   0.2057   0.2073   0.2089   0.2104    0.212   0.2136   0.2152   0.2168   0.2184   0.2199   0.2215   0.2231   0.2247   0.2263   0.2278   0.2294    0.231   0.2326   0.2342   0.2358   0.2373   0.2389   0.2405   0.2421   0.2437   0.2453   0.2468   0.2484     0.25   0.2516   0.2532   0.2547   0.2563   0.2579   0.2595   0.2611   0.2627   0.2642   0.2658   0.2674    0.269   0.2706   0.2722   0.2737   0.2753   0.2769   0.2785   0.2801   0.2816   0.2832   0.2848   0.2864    0.288   0.2896   0.2911   0.2927   0.2943   0.2959   0.2975   0.2991   0.3006   0.3022   0.3038   0.3054    0.307   0.3085   0.3101   0.3117   0.3133   0.3149   0.3165    0.318   0.3196   0.3212   0.3228   0.3244   0.3259   0.3275   0.3291   0.3307   0.3323   0.3339   0.3354    0.337   0.3386   0.3402   0.3418   0.3434   0.3449   0.3465   0.3481   0.3497   0.3513   0.3528   0.3544    0.356   0.3576   0.3592   0.3608   0.3623   0.3639   0.3655   0.3671   0.3687   0.3703   0.3718   0.3734    0.375   0.3766   0.3782   0.3797   0.3813   0.3829   0.3845   0.3861   0.3877   0.3892   0.3908   0.3924    0.394   0.3956   0.3972   0.3987   0.4003   0.4019   0.4035   0.4051   0.4066   0.4082   0.4098   0.4114    0.413   0.4146   0.4161   0.4177   0.4193   0.4209   0.4225   0.4241   0.4256   0.4272   0.4288   0.4304    0.432   0.4335   0.4351   0.4367   0.4383   0.4399   0.4415    0.443   0.4446   0.4462   0.4478   0.4494   0.4509   0.4525   0.4541   0.4557   0.4573   0.4589   0.4604    0.462   0.4636   0.4652   0.4668   0.4684   0.4699   0.4715   0.4731   0.4747   0.4763   0.4778   0.4794    0.481   0.4826   0.4842   0.4858   0.4873   0.4889   0.4905   0.4921   0.4937   0.4953   0.4968   0.4984
    S      0.0   0.2576   0.2812    0.166   0.3307   0.0571   0.8222   0.2107   0.4122   0.0998   0.3202   0.0819    0.002   0.1087    0.175   0.0129   0.0048   0.2035   0.0421   0.0103   0.2436   0.4392   0.1695   0.1347   0.3856   0.0286   0.0436   0.3037   0.2375   0.0052   0.1322   0.0978   0.2584   0.0195   0.0484   0.2154   0.0214   0.9711   0.3293   0.0624   0.1004   0.0317   0.4228   0.4206   0.8562   0.1997   0.1877   0.0283   0.1183   0.0592   0.0293   0.0161    0.029   0.0557   0.0026   0.3005   0.2464   0.5307   0.0354   0.0649   0.1146   0.0055   0.0667   0.0406   0.0718   0.0153   0.1089    0.006   0.0446   0.2772    0.266    0.116   0.5599   0.0555   0.0397   0.3439   0.7714   0.4547   0.1245   0.0379   0.7669    0.003   0.0567    0.167   0.2058   0.1577   0.0793    0.129   0.0893    0.745   0.1914   0.5626    0.052   0.0688   0.2192   0.0491    0.108   0.0337   0.0071   0.0153   0.3134   0.1207   0.1982   0.0822   0.0321      1.0   0.3233   0.1014   0.0654   0.0165   0.7078   0.1737   0.3299   0.0331   0.0052   0.0135   0.1803   0.1061   0.1158   0.4404     0.03   0.0278   0.7137   0.0296    0.148   0.4247   0.0542   0.0548   0.0401    0.144   0.0625   0.0283   0.0885   0.3952   0.2654   0.0772   0.0209   0.1113   0.4379   0.2422   0.3725   0.0533   0.5852   0.0132    0.052   0.1242   0.0483   0.3999   0.1102   0.0792   0.0019   0.4792    0.099   0.2398   0.2449   0.0165   0.1019   0.8348   0.0251   0.1965   0.0259   0.3582   0.0565   0.3721   0.0621   0.2948   0.5778    0.391   0.0266   0.0409   0.3363   0.0183   0.8457   0.0203   0.0165   0.0321   0.3253     0.03   0.1635   0.1391   0.0606   0.1856   0.0934    0.188    0.125   0.1571   0.0308   0.1402   0.0345   0.0115    0.305   0.2492   0.0855   0.1095   0.0669   0.1161   0.5199   0.2147   0.2914   0.1286   0.0676   0.3221    0.001   0.2095   0.0347   0.0177   0.1694   0.2314   0.4688   0.1732   0.2546   0.3354   0.2372   0.0005   0.0888   0.0487   0.0502    0.095   0.0005   0.4556   0.2589   0.1738    0.016   0.1134   0.2343   0.2378   0.2389    0.135   0.1038   0.1164   0.3531    0.069   0.0441   0.0409   0.2994   0.0471   0.0784   0.0451   0.0354   0.0045   0.3225   0.0689   0.1437   0.6937   0.4545   0.3761   0.2561   0.0586   0.0369    0.149   0.0489   0.1369   0.2166   0.0933   0.3519   0.2814   0.1516   0.0451   0.0178   0.0331   0.1498   0.0048   0.0111   0.1443   0.0323   0.1361   0.5163   0.0152   0.0286   0.0727   0.2388   0.1029   0.0835   0.1279   0.0935   0.0994   0.1019   0.3325   0.3949   0.0148   0.1284   0.0838   0.0128   0.0008   0.2161   0.0524   0.4083   0.0765   0.1939   0.1424    0.002   0.1947    0.052   0.1738   0.0569   0.3569    0.007   0.1196   0.0484   0.0077   0.2503   0.1961   0.1622   0.1989   0.1351   0.1744   0.2386   0.0705   0.0093   0.2647   0.0493   0.2139     0.04   0.0766   0.0269   0.0087
  snr   -17.31
    H     5.28
 exon    False

M: alg1
 freq      0.0   0.0016   0.0032   0.0047   0.0063   0.0079   0.0095   0.0111   0.0126   0.0142   0.0158   0.0174    0.019   0.0205   0.0221   0.0237   0.0253   0.0269   0.0284     0.03   0.0316   0.0332   0.0348   0.0363   0.0379   0.0395   0.0411   0.0427   0.0442   0.0458   0.0474    0.049   0.0506   0.0521   0.0537   0.0553   0.0569   0.0585     0.06   0.0616   0.0632   0.0648   0.0664   0.0679   0.0695   0.0711   0.0727   0.0742   0.0758   0.0774    0.079   0.0806   0.0821   0.0837   0.0853   0.0869   0.0885     0.09   0.0916   0.0932   0.0948   0.0964   0.0979   0.0995   0.1011   0.1027   0.1043   0.1058   0.1074    0.109   0.1106   0.1122   0.1137   0.1153   0.1169   0.1185   0.1201   0.1216   0.1232   0.1248   0.1264    0.128   0.1295   0.1311   0.1327   0.1343   0.1359   0.1374    0.139   0.1406   0.1422   0.1438   0.1453   0.1469   0.1485   0.1501   0.1517   0.1532   0.1548   0.1564    0.158   0.1596   0.1611   0.1627   0.1643   0.1659   0.1675    0.169   0.1706   0.1722   0.1738   0.1754   0.1769   0.1785   0.1801   0.1817   0.1833   0.1848   0.1864    0.188   0.1896   0.1912   0.1927   0.1943   0.1959   0.1975   0.1991   0.2006   0.2022   0.2038   0.2054    0.207   0.2085   0.2101   0.2117   0.2133   0.2148   0.2164    0.218   0.2196   0.2212   0.2227   0.2243   0.2259   0.2275   0.2291   0.2306   0.2322   0.2338   0.2354    0.237   0.2385   0.2401   0.2417   0.2433   0.2449   0.2464    0.248   0.2496   0.2512   0.2528   0.2543   0.2559   0.2575   0.2591   0.2607   0.2622   0.2638   0.2654    0.267   0.2686   0.2701   0.2717   0.2733   0.2749   0.2765    0.278   0.2796   0.2812   0.2828   0.2844   0.2859   0.2875   0.2891   0.2907   0.2923   0.2938   0.2954    0.297   0.2986   0.3002   0.3017   0.3033   0.3049   0.3065   0.3081   0.3096   0.3112   0.3128   0.3144    0.316   0.3175   0.3191   0.3207   0.3223   0.3239   0.3254    0.327   0.3286   0.3302   0.3318   0.3333   0.3349   0.3365   0.3381   0.3397   0.3412   0.3428   0.3444    0.346   0.3476   0.3491   0.3507   0.3523   0.3539   0.3555    0.357   0.3586   0.3602   0.3618   0.3633   0.3649   0.3665   0.3681   0.3697   0.3712   0.3728   0.3744    0.376   0.3776   0.3791   0.3807   0.3823   0.3839   0.3855    0.387   0.3886   0.3902   0.3918   0.3934   0.3949   0.3965   0.3981   0.3997   0.4013   0.4028   0.4044    0.406   0.4076   0.4092   0.4107   0.4123   0.4139   0.4155   0.4171   0.4186   0.4202   0.4218   0.4234    0.425   0.4265   0.4281   0.4297   0.4313   0.4329   0.4344    0.436   0.4376   0.4392   0.4408   0.4423   0.4439   0.4455   0.4471   0.4487   0.4502   0.4518   0.4534    0.455   0.4566   0.4581   0.4597   0.4613   0.4629   0.4645    0.466   0.4676   0.4692   0.4708   0.4724   0.4739   0.4755   0.4771   0.4787   0.4803   0.4818   0.4834    0.485   0.4866   0.4882   0.4897   0.4913   0.4929   0.4945   0.4961   0.4976   0.4992
    S      0.0   0.0638   0.0641   0.0261   0.0042   0.0132   0.0404   0.0014   0.0168   0.0248   0.0197   0.0057   0.0206   0.0009   0.0088   0.0114   0.0043   0.0033   0.0035   0.0095    0.011   0.0356   0.0056   0.0022   0.0122   0.0001   0.0188   0.0105   0.0201    0.009   0.0043   0.0339   0.0298   0.0099   0.0328    0.035   0.0145   0.0121   0.0263   0.0938   0.0028   0.0133   0.0186   0.0063    0.066   0.0212   0.0223   0.0135   0.0144   0.0235   0.0247   0.0294   0.0512   0.0176   0.0332   0.0108   0.0047     0.01   0.0095   0.0337   0.0009   0.0727   0.0415   0.0097   0.0129   0.0422    0.004   0.0256   0.0586   0.0183   0.0261   0.0082   0.0141   0.0827   0.0143   0.0121   0.0268   0.0416   0.0348   0.0057   0.0134   0.0068   0.0166   0.0085   0.0452   0.0383   0.0286   0.0172   0.0216    0.017   0.0086   0.0511   0.0091   0.0333   0.0666   0.0085    0.045   0.0116   0.0047   0.0222   0.0097   0.0058   0.0059   0.0294   0.0112    0.031   0.0658   0.0047   0.0392   0.0069   0.0365   0.0343   0.0322   0.0103   0.0171   0.0008   0.0117   0.0054   0.0104    0.013   0.0267    0.007   0.0279   0.0029    0.007   0.0054   0.0379   0.0024   0.0031    0.009   0.0441   0.0056   0.0072   0.0069   0.0125   0.0011   0.0115   0.0545   0.0112   0.0089   0.0109   0.0085   0.0277   0.0058   0.0513   0.0028   0.0033   0.0115   0.0338   0.0235    0.003   0.0087   0.0215   0.0782   0.0315   0.0012   0.0157   0.0411   0.0368   0.0076   0.0109   0.0395   0.0469   0.0151   0.0075   0.0038    0.038   0.0008   0.0211   0.0026   0.0147   0.0027   0.0419   0.0527   0.0078   0.0586    0.003   0.0133   0.0037   0.0013   0.0407   0.0192   0.0081   0.0333   0.0257   0.0342   0.0433   0.0072   0.0076    0.008   0.0051   0.0219   0.0524   0.0209   0.0076   0.0703   0.0308   0.0106   0.0232   0.0114   0.0156   0.0022   0.0327   0.0606   0.0205   0.0176   0.0055   0.0297   0.0076    0.007   0.0234      1.0   0.0363   0.0762   0.0139   0.0248   0.0113   0.0019   0.0259   0.0051   0.0012   0.0552   0.0157   0.1433   0.0528   0.0523   0.0178   0.0354   0.0224    0.004   0.0264   0.0057   0.0016   0.0475   0.0339    0.016   0.0175   0.0018   0.0631   0.0093   0.0427   0.0039   0.0091   0.0595   0.0181   0.0114   0.0832   0.0056   0.0108   0.0339   0.0178   0.0393    0.049   0.0143   0.0905   0.0136   0.0033   0.0029   0.0118     0.03   0.0165   0.0021   0.0061   0.0274   0.0061   0.0277   0.0137   0.0054   0.0162   0.0029   0.0437   0.0076   0.0285   0.0077   0.0588   0.0036   0.0049   0.0047   0.0114   0.0066   0.0235   0.0018   0.0163   0.0142   0.0274   0.0021   0.0057    0.003   0.0031   0.0061   0.0762   0.0078   0.0052   0.0073   0.0059   0.0466   0.0232   0.0087   0.0136   0.0019   0.0061   0.0116   0.0016    0.002   0.0093   0.0078   0.0253   0.0241   0.0738   0.0444   0.0036   0.0167   0.0052   0.0197   0.0065    0.002   0.0311
  snr    -8.24
    H     5.05
 exon     True

M: alg2
 freq      0.0   0.0016   0.0032   0.0047   0.0063   0.0079   0.0095   0.0111   0.0126   0.0142   0.0158   0.0174    0.019   0.0205   0.0221   0.0237   0.0253   0.0269   0.0284     0.03   0.0316   0.0332   0.0348   0.0363   0.0379   0.0395   0.0411   0.0427   0.0442   0.0458   0.0474    0.049   0.0506   0.0521   0.0537   0.0553   0.0569   0.0585     0.06   0.0616   0.0632   0.0648   0.0664   0.0679   0.0695   0.0711   0.0727   0.0742   0.0758   0.0774    0.079   0.0806   0.0821   0.0837   0.0853   0.0869   0.0885     0.09   0.0916   0.0932   0.0948   0.0964   0.0979   0.0995   0.1011   0.1027   0.1043   0.1058   0.1074    0.109   0.1106   0.1122   0.1137   0.1153   0.1169   0.1185   0.1201   0.1216   0.1232   0.1248   0.1264    0.128   0.1295   0.1311   0.1327   0.1343   0.1359   0.1374    0.139   0.1406   0.1422   0.1438   0.1453   0.1469   0.1485   0.1501   0.1517   0.1532   0.1548   0.1564    0.158   0.1596   0.1611   0.1627   0.1643   0.1659   0.1675    0.169   0.1706   0.1722   0.1738   0.1754   0.1769   0.1785   0.1801   0.1817   0.1833   0.1848   0.1864    0.188   0.1896   0.1912   0.1927   0.1943   0.1959   0.1975   0.1991   0.2006   0.2022   0.2038   0.2054    0.207   0.2085   0.2101   0.2117   0.2133   0.2148   0.2164    0.218   0.2196   0.2212   0.2227   0.2243   0.2259   0.2275   0.2291   0.2306   0.2322   0.2338   0.2354    0.237   0.2385   0.2401   0.2417   0.2433   0.2449   0.2464    0.248   0.2496   0.2512   0.2528   0.2543   0.2559   0.2575   0.2591   0.2607   0.2622   0.2638   0.2654    0.267   0.2686   0.2701   0.2717   0.2733   0.2749   0.2765    0.278   0.2796   0.2812   0.2828   0.2844   0.2859   0.2875   0.2891   0.2907   0.2923   0.2938   0.2954    0.297   0.2986   0.3002   0.3017   0.3033   0.3049   0.3065   0.3081   0.3096   0.3112   0.3128   0.3144    0.316   0.3175   0.3191   0.3207   0.3223   0.3239   0.3254    0.327   0.3286   0.3302   0.3318   0.3333   0.3349   0.3365   0.3381   0.3397   0.3412   0.3428   0.3444    0.346   0.3476   0.3491   0.3507   0.3523   0.3539   0.3555    0.357   0.3586   0.3602   0.3618   0.3633   0.3649   0.3665   0.3681   0.3697   0.3712   0.3728   0.3744    0.376   0.3776   0.3791   0.3807   0.3823   0.3839   0.3855    0.387   0.3886   0.3902   0.3918   0.3934   0.3949   0.3965   0.3981   0.3997   0.4013   0.4028   0.4044    0.406   0.4076   0.4092   0.4107   0.4123   0.4139   0.4155   0.4171   0.4186   0.4202   0.4218   0.4234    0.425   0.4265   0.4281   0.4297   0.4313   0.4329   0.4344    0.436   0.4376   0.4392   0.4408   0.4423   0.4439   0.4455   0.4471   0.4487   0.4502   0.4518   0.4534    0.455   0.4566   0.4581   0.4597   0.4613   0.4629   0.4645    0.466   0.4676   0.4692   0.4708   0.4724   0.4739   0.4755   0.4771   0.4787   0.4803   0.4818   0.4834    0.485   0.4866   0.4882   0.4897   0.4913   0.4929   0.4945   0.4961   0.4976   0.4992
    S      0.0   0.0576    0.059   0.0293   0.0022   0.0132    0.025   0.0003   0.0099   0.0267   0.0153   0.0028   0.0251   0.0007   0.0116   0.0138   0.0084   0.0026   0.0052   0.0117   0.0093    0.042    0.003   0.0011   0.0084    0.001   0.0201   0.0138   0.0159    0.004   0.0037   0.0418   0.0348   0.0083    0.037   0.0393   0.0155   0.0044   0.0328   0.1145   0.0054   0.0134   0.0187   0.0056   0.0584   0.0223   0.0206    0.018    0.009   0.0233   0.0346   0.0394   0.0466   0.0118   0.0378   0.0076   0.0019   0.0078   0.0107   0.0337   0.0004   0.0704   0.0407   0.0139   0.0179   0.0383   0.0021   0.0281   0.0566   0.0223   0.0261    0.011   0.0108   0.0688   0.0256   0.0096   0.0267   0.0347    0.041   0.0034    0.014   0.0083   0.0202   0.0067   0.0389    0.034    0.026    0.017   0.0264   0.0117   0.0098   0.0414   0.0068   0.0315   0.0605   0.0089   0.0606   0.0115   0.0036   0.0257   0.0037   0.0046   0.0072   0.0358   0.0182   0.0338   0.0598   0.0034   0.0351    0.005   0.0474   0.0346   0.0306   0.0102   0.0276   0.0005   0.0116   0.0026   0.0065   0.0125   0.0356   0.0043   0.0231   0.0036   0.0063   0.0027   0.0331    0.001   0.0019   0.0041   0.0365   0.0058   0.0096   0.0092   0.0125   0.0008   0.0089   0.0545   0.0144   0.0061   0.0123   0.0065   0.0246    0.006   0.0473    0.002   0.0069   0.0116   0.0337   0.0254   0.0012     0.01   0.0122   0.0707   0.0285   0.0009   0.0137   0.0447   0.0227   0.0045   0.0096     0.04   0.0392   0.0092   0.0085   0.0019   0.0265   0.0004    0.015   0.0026   0.0121   0.0025   0.0238   0.0429   0.0042   0.0577   0.0012   0.0103   0.0059   0.0005   0.0277   0.0158   0.0124   0.0327   0.0215   0.0301   0.0383   0.0074   0.0164   0.0068   0.0043   0.0163   0.0549   0.0217   0.0111   0.0714   0.0263   0.0075   0.0189   0.0063   0.0207   0.0013    0.032   0.0472   0.0172   0.0208   0.0041   0.0295   0.0068   0.0103   0.0201      1.0   0.0288   0.0632    0.016   0.0218   0.0112   0.0037   0.0223   0.0027   0.0002   0.0578   0.0101   0.1111   0.0514   0.0416   0.0225   0.0295   0.0203   0.0022   0.0346   0.0064   0.0009   0.0475   0.0263   0.0136   0.0131   0.0025   0.0586   0.0155   0.0367   0.0038    0.005   0.0505   0.0158   0.0152   0.0663   0.0109   0.0113   0.0307   0.0112    0.039   0.0437   0.0125   0.0779   0.0151   0.0038   0.0032   0.0176   0.0291   0.0163   0.0014   0.0056   0.0238   0.0081   0.0168   0.0091   0.0047   0.0116   0.0054   0.0363   0.0036   0.0253   0.0113   0.0513    0.002   0.0105   0.0037   0.0181   0.0063   0.0143   0.0019   0.0172   0.0109   0.0263    0.004   0.0053   0.0029    0.003   0.0042   0.0812   0.0054   0.0057   0.0094    0.004   0.0506   0.0284   0.0133   0.0112    0.004   0.0059   0.0068   0.0021   0.0029   0.0068   0.0037   0.0293   0.0165   0.0603   0.0422   0.0068   0.0107   0.0034   0.0129   0.0092   0.0029   0.0291
  snr    -7.99
    H     5.02
 exon     True