>YOR276W
N: 486
Methods: voss, eiip, qpsk, mem, tbpse, snrse

M: voss
 freq      0.0   0.0021   0.0041   0.0062   0.0082   0.0103   0.0123   0.0144   0.0165   0.0185   0.0206   0.0226   0.0247   0.0267   0.0288   0.0309   0.0329    0.035    0.037   0.0391   0.0412   0.0432   0.0453   0.0473   0.0494   0.0514   0.0535   0.0556   0.0576   0.0597   0.0617   0.0638   0.0658   0.0679     0.07    0.072   0.0741   0.0761   0.0782   0.0802   0.0823   0.0844   0.0864   0.0885   0.0905   0.0926   0.0947   0.0967   0.0988   0.1008   0.1029   0.1049    0.107   0.1091   0.1111   0.1132   0.1152   0.1173   0.1193   0.1214   0.1235   0.1255   0.1276   0.1296   0.1317   0.1337   0.1358   0.1379   0.1399    0.142    0.144   0.1461   0.1481   0.1502   0.1523   0.1543   0.1564   0.1584   0.1605   0.1626   0.1646   0.1667   0.1687   0.1708   0.1728   0.1749    0.177    0.179   0.1811   0.1831   0.1852   0.1872   0.1893   0.1914   0.1934   0.1955   0.1975   0.1996   0.2016   0.2037   0.2058   0.2078   0.2099   0.2119    0.214    0.216   0.2181   0.2202   0.2222   0.2243   0.2263   0.2284   0.2305   0.2325   0.2346   0.2366   0.2387   0.2407   0.2428   0.2449   0.2469    0.249    0.251   0.2531   0.2551   0.2572   0.2593   0.2613   0.2634   0.2654   0.2675   0.2695   0.2716   0.2737   0.2757   0.2778   0.2798   0.2819    0.284    0.286   0.2881   0.2901   0.2922   0.2942   0.2963   0.2984   0.3004   0.3025   0.3045   0.3066   0.3086   0.3107   0.3128   0.3148   0.3169   0.3189    0.321    0.323   0.3251   0.3272   0.3292   0.3313   0.3333   0.3354   0.3374   0.3395   0.3416   0.3436   0.3457   0.3477   0.3498   0.3519   0.3539    0.356    0.358   0.3601   0.3621   0.3642   0.3663   0.3683   0.3704   0.3724   0.3745   0.3765   0.3786   0.3807   0.3827   0.3848   0.3868   0.3889   0.3909    0.393   0.3951   0.3971   0.3992   0.4012   0.4033   0.4053   0.4074   0.4095   0.4115   0.4136   0.4156   0.4177   0.4198   0.4218   0.4239   0.4259    0.428     0.43   0.4321   0.4342   0.4362   0.4383   0.4403   0.4424   0.4444   0.4465   0.4486   0.4506   0.4527   0.4547   0.4568   0.4588   0.4609    0.463    0.465   0.4671   0.4691   0.4712   0.4733   0.4753   0.4774   0.4794   0.4815   0.4835   0.4856   0.4877   0.4897   0.4918   0.4938   0.4959   0.4979
    S      0.0   0.1382   0.1108   0.1685   0.1504   0.4158   0.1804   0.2363   0.1546   0.1133   0.0535   0.1925    0.123   0.0407   0.0701   0.1435   0.0864   0.1516   0.2165   0.0499   0.1212   0.0514   0.1082    0.068   0.1474   0.1645    0.101   0.2182   0.2378   0.2003   0.2122   0.2079   0.1153   0.0541   0.0316   0.1559   0.2021   0.1039   0.0824   0.0601   0.0554    0.017    0.037   0.0566   0.1193   0.1934   0.1708   0.1231   0.0718   0.0698   0.1811   0.1393   0.1655   0.1445   0.1096   0.1908   0.0723   0.1445   0.0949   0.1765   0.1927   0.2244   0.1569   0.1114   0.1721   0.4498   0.0488   0.0486   0.0795   0.1834   0.0364   0.1155   0.2984   0.0137   0.1214   0.0708   0.1505   0.0219   0.1685   0.1601   0.0664   0.0629    0.112   0.2109   0.3038   0.1613   0.1492   0.0802   0.0396   0.1552   0.2291   0.1012   0.0184   0.1031   0.2156   0.1463   0.0888   0.1315   0.3095   0.1723   0.1642   0.0821   0.1563   0.0588   0.1486   0.0442   0.1821   0.1145   0.0908    0.176   0.1946   0.1434   0.1016   0.2916   0.0795    0.112   0.3009   0.0412   0.1152   0.0355     0.02   0.1819   0.1439   0.0937   0.0461   0.0338   0.0625   0.0846   0.0812   0.1994   0.1058   0.0343     0.23   0.1286   0.5841    0.193   0.0248    0.122   0.0384   0.0606   0.1104   0.0362   0.0734   0.0793   0.3001   0.0713   0.0404   0.1156   0.1194   0.1135   0.1754   0.2369   0.1444    0.121    0.217   0.1494    0.256   0.0841   0.1439   0.1998   0.1481   0.2159      1.0   0.2656   0.1106   0.1167   0.2311   0.1371   0.1257   0.1702   0.2043     0.12   0.0184   0.2219   0.0556   0.1965   0.0886   0.2756   0.0536   0.1205    0.285    0.238   0.0974   0.0698   0.0561   0.0809   0.1376   0.0931   0.0968   0.2352   0.0545   0.1364   0.0766   0.0501   0.1223   0.0583   0.0521   0.1208   0.1748   0.0809   0.1296   0.1154   0.0343   0.0885   0.1361    0.086   0.1535   0.0443   0.0963   0.1577   0.1383   0.0994   0.1977   0.0943   0.0583    0.166   0.0773   0.0261   0.0466   0.0378   0.0566   0.0834   0.1552   0.0735    0.105   0.0559   0.0547   0.0246   0.0241   0.1767   0.1012    0.176   0.0251   0.0665   0.0635   0.0696   0.0642   0.1095   0.0126   0.1129   0.0568   0.0594   0.0954
  snr   -14.82
    H     5.28
 exon     True

M: eiip
 freq      0.0   0.0021   0.0041   0.0062   0.0082   0.0103   0.0123   0.0144   0.0165   0.0185   0.0206   0.0226   0.0247   0.0267   0.0288   0.0309   0.0329    0.035    0.037   0.0391   0.0412   0.0432   0.0453   0.0473   0.0494   0.0514   0.0535   0.0556   0.0576   0.0597   0.0617   0.0638   0.0658   0.0679     0.07    0.072   0.0741   0.0761   0.0782   0.0802   0.0823   0.0844   0.0864   0.0885   0.0905   0.0926   0.0947   0.0967   0.0988   0.1008   0.1029   0.1049    0.107   0.1091   0.1111   0.1132   0.1152   0.1173   0.1193   0.1214   0.1235   0.1255   0.1276   0.1296   0.1317   0.1337   0.1358   0.1379   0.1399    0.142    0.144   0.1461   0.1481   0.1502   0.1523   0.1543   0.1564   0.1584   0.1605   0.1626   0.1646   0.1667   0.1687   0.1708   0.1728   0.1749    0.177    0.179   0.1811   0.1831   0.1852   0.1872   0.1893   0.1914   0.1934   0.1955   0.1975   0.1996   0.2016   0.2037   0.2058   0.2078   0.2099   0.2119    0.214    0.216   0.2181   0.2202   0.2222   0.2243   0.2263   0.2284   0.2305   0.2325   0.2346   0.2366   0.2387   0.2407   0.2428   0.2449   0.2469    0.249    0.251   0.2531   0.2551   0.2572   0.2593   0.2613   0.2634   0.2654   0.2675   0.2695   0.2716   0.2737   0.2757   0.2778   0.2798   0.2819    0.284    0.286   0.2881   0.2901   0.2922   0.2942   0.2963   0.2984   0.3004   0.3025   0.3045   0.3066   0.3086   0.3107   0.3128   0.3148   0.3169   0.3189    0.321    0.323   0.3251   0.3272   0.3292   0.3313   0.3333   0.3354   0.3374   0.3395   0.3416   0.3436   0.3457   0.3477   0.3498   0.3519   0.3539    0.356    0.358   0.3601   0.3621   0.3642   0.3663   0.3683   0.3704   0.3724   0.3745   0.3765   0.3786   0.3807   0.3827   0.3848   0.3868   0.3889   0.3909    0.393   0.3951   0.3971   0.3992   0.4012   0.4033   0.4053   0.4074   0.4095   0.4115   0.4136   0.4156   0.4177   0.4198   0.4218   0.4239   0.4259    0.428     0.43   0.4321   0.4342   0.4362   0.4383   0.4403   0.4424   0.4444   0.4465   0.4486   0.4506   0.4527   0.4547   0.4568   0.4588   0.4609    0.463    0.465   0.4671   0.4691   0.4712   0.4733   0.4753   0.4774   0.4794   0.4815   0.4835   0.4856   0.4877   0.4897   0.4918   0.4938   0.4959   0.4979
    S      0.0   0.0311    0.117   0.2393   0.0157   0.0721   0.0045    0.196   0.0532   0.0247   0.0782   0.0409    0.078   0.0421   0.0121   0.0439    0.003   0.1537   0.0779   0.0125   0.1235   0.0138   0.0779    0.015   0.0005   0.0391   0.0755   0.1466   0.0159    0.154   0.0144   0.0669    0.106   0.0376   0.0055   0.0091   0.0331   0.0442   0.1066   0.0078    0.011    0.002   0.0433   0.0367   0.0253   0.0057   0.0772   0.0431   0.0001   0.0074   0.1336    0.071   0.1078   0.0598   0.0738   0.0756   0.0566   0.0331   0.0516   0.0394   0.0673   0.0483   0.0523    0.027   0.2471   0.0596     0.02    0.019   0.1031   0.0035   0.0065   0.0306   0.0694   0.0019   0.0265   0.0666   0.0063   0.0101   0.0953   0.0177   0.0066   0.0037   0.0272   0.0058   0.0855   0.0365   0.1853   0.0672   0.0203   0.0446    0.128   0.0055   0.0207   0.0422   0.0739   0.1644   0.0272   0.0195   0.0642   0.0091   0.1736   0.0816    0.052   0.0121   0.0042   0.0603   0.0574    0.053   0.0439   0.0075   0.1352   0.0199   0.0519   0.1651   0.0397    0.024   0.0356   0.0498   0.0012   0.0066   0.0121   0.2083   0.0659    0.004   0.0651   0.0475   0.0355   0.0062   0.0395   0.1237   0.0735   0.0185   0.1746   0.0097   0.1073   0.1738   0.0085   0.0147   0.0001   0.0257   0.0118   0.0167   0.1014    0.024   0.1426   0.0329   0.0013    0.018   0.1618   0.0038   0.0325   0.0361   0.1398   0.0907   0.0737   0.1415   0.2282    0.096   0.0218   0.1857   0.0677   0.0352      1.0    0.251   0.1307   0.0675    0.161   0.1552   0.0534   0.0613   0.0846   0.0983   0.0238   0.0738   0.0049    0.206   0.0588   0.4539   0.0453   0.0064   0.2462   0.1119   0.0239   0.0941   0.0697   0.0584   0.1647   0.0382   0.0595   0.1462   0.0806   0.0075   0.0159   0.0317   0.0201   0.0114      0.0   0.0505   0.2143   0.0034   0.0672   0.0405   0.0026   0.0057   0.0385   0.0183   0.0074   0.0025   0.0031   0.0057   0.0035   0.0774   0.0491   0.0246   0.0163   0.0147      0.1   0.0226    0.032   0.0102   0.0239   0.0323   0.0333   0.0103   0.1037   0.0378   0.0215   0.0072   0.0006   0.2879   0.0453   0.0124   0.0171   0.0107   0.0179   0.0071   0.0006   0.1439   0.0063   0.1234   0.0058   0.0595    0.053
  snr   -11.55
    H     4.92
 exon     True

M: qpsk
 freq      0.0   0.0021   0.0041   0.0062   0.0082   0.0103   0.0123   0.0144   0.0165   0.0185   0.0206   0.0226   0.0247   0.0267   0.0288   0.0309   0.0329    0.035    0.037   0.0391   0.0412   0.0432   0.0453   0.0473   0.0494   0.0514   0.0535   0.0556   0.0576   0.0597   0.0617   0.0638   0.0658   0.0679     0.07    0.072   0.0741   0.0761   0.0782   0.0802   0.0823   0.0844   0.0864   0.0885   0.0905   0.0926   0.0947   0.0967   0.0988   0.1008   0.1029   0.1049    0.107   0.1091   0.1111   0.1132   0.1152   0.1173   0.1193   0.1214   0.1235   0.1255   0.1276   0.1296   0.1317   0.1337   0.1358   0.1379   0.1399    0.142    0.144   0.1461   0.1481   0.1502   0.1523   0.1543   0.1564   0.1584   0.1605   0.1626   0.1646   0.1667   0.1687   0.1708   0.1728   0.1749    0.177    0.179   0.1811   0.1831   0.1852   0.1872   0.1893   0.1914   0.1934   0.1955   0.1975   0.1996   0.2016   0.2037   0.2058   0.2078   0.2099   0.2119    0.214    0.216   0.2181   0.2202   0.2222   0.2243   0.2263   0.2284   0.2305   0.2325   0.2346   0.2366   0.2387   0.2407   0.2428   0.2449   0.2469    0.249    0.251   0.2531   0.2551   0.2572   0.2593   0.2613   0.2634   0.2654   0.2675   0.2695   0.2716   0.2737   0.2757   0.2778   0.2798   0.2819    0.284    0.286   0.2881   0.2901   0.2922   0.2942   0.2963   0.2984   0.3004   0.3025   0.3045   0.3066   0.3086   0.3107   0.3128   0.3148   0.3169   0.3189    0.321    0.323   0.3251   0.3272   0.3292   0.3313   0.3333   0.3354   0.3374   0.3395   0.3416   0.3436   0.3457   0.3477   0.3498   0.3519   0.3539    0.356    0.358   0.3601   0.3621   0.3642   0.3663   0.3683   0.3704   0.3724   0.3745   0.3765   0.3786   0.3807   0.3827   0.3848   0.3868   0.3889   0.3909    0.393   0.3951   0.3971   0.3992   0.4012   0.4033   0.4053   0.4074   0.4095   0.4115   0.4136   0.4156   0.4177   0.4198   0.4218   0.4239   0.4259    0.428     0.43   0.4321   0.4342   0.4362   0.4383   0.4403   0.4424   0.4444   0.4465   0.4486   0.4506   0.4527   0.4547   0.4568   0.4588   0.4609    0.463    0.465   0.4671   0.4691   0.4712   0.4733   0.4753   0.4774   0.4794   0.4815   0.4835   0.4856   0.4877   0.4897   0.4918   0.4938   0.4959   0.4979
    S      0.0   0.0591   0.1311    0.143   0.1441   0.2592   0.1765   0.3333   0.1357   0.0698   0.0643   0.0388    0.076   0.0148   0.0835   0.1345   0.1157   0.1743   0.0737    0.046   0.1129    0.044   0.1514   0.0712   0.0812   0.1196   0.0618   0.1856   0.1625   0.2615   0.0445   0.2667   0.1589   0.0732   0.0314    0.108   0.0716   0.1145   0.0881   0.0711   0.0754   0.0136   0.0332   0.0293   0.1644   0.1264   0.1686   0.1461    0.031    0.031   0.0754    0.069   0.1821   0.1367   0.1045   0.1527   0.0674   0.1603   0.0199    0.139   0.0902   0.1374   0.1364   0.0052   0.2117   0.3239   0.0481    0.025    0.099   0.1477   0.0117   0.0914   0.3466   0.0119   0.0954   0.0723    0.182   0.0088   0.1424   0.0756   0.0443   0.0425   0.1052   0.2069   0.2456   0.0537   0.1662   0.0722   0.0443   0.1931   0.2872   0.1359    0.011    0.076   0.2957   0.1426   0.0891   0.1161   0.3893   0.1502   0.1923   0.0607   0.1668   0.0603   0.1167   0.0521   0.2434   0.1424   0.1228   0.2165   0.2621   0.1994   0.1061   0.1647   0.0144     0.06   0.3089   0.0391     0.08   0.0375   0.0231   0.1782   0.1986   0.1063   0.0556    0.037   0.0838   0.0763   0.0676     0.17   0.1281   0.0349   0.1707   0.1465   0.8201   0.2166    0.022   0.1075   0.0281   0.0602   0.1517   0.0384   0.0836   0.1051    0.236   0.0819   0.0252   0.0945   0.1552   0.1601   0.2272   0.2329   0.1268   0.0277   0.2107   0.1956   0.1993   0.0655   0.1822   0.1623   0.1308   0.2259      1.0   0.3702   0.1221   0.0568   0.2672   0.0838   0.1534   0.2155   0.1586   0.0853   0.0133   0.2987   0.0563   0.2016   0.0879   0.2793   0.0387   0.1629   0.0417   0.2648   0.0939   0.0406    0.061   0.0833   0.1167    0.122   0.1288   0.2868   0.0565   0.1017   0.0375    0.066   0.0533    0.066   0.0374   0.1286   0.2368   0.0808   0.0726   0.0501   0.0447   0.0884   0.0537   0.0778   0.1845   0.0236   0.0901   0.1958   0.1301   0.0794   0.2231   0.0498   0.0376   0.2179   0.0719   0.0105   0.0154     0.02    0.014   0.0601   0.2013   0.0432   0.0614   0.0619   0.0507   0.0336   0.0086   0.1675   0.0711   0.1886   0.0155   0.0246   0.0681   0.0804    0.073   0.1385   0.0136   0.1369   0.0483   0.0603   0.1204
  snr   -14.52
    H      5.2
 exon     True

M: mem
 freq      0.0   0.0021   0.0041   0.0062   0.0082   0.0103   0.0123   0.0144   0.0165   0.0185   0.0206   0.0226   0.0247   0.0267   0.0288   0.0309   0.0329    0.035    0.037   0.0391   0.0412   0.0432   0.0453   0.0473   0.0494   0.0514   0.0535   0.0556   0.0576   0.0597   0.0617   0.0638   0.0658   0.0679     0.07    0.072   0.0741   0.0761   0.0782   0.0802   0.0823   0.0844   0.0864   0.0885   0.0905   0.0926   0.0947   0.0967   0.0988   0.1008   0.1029   0.1049    0.107   0.1091   0.1111   0.1132   0.1152   0.1173   0.1193   0.1214   0.1235   0.1255   0.1276   0.1296   0.1317   0.1337   0.1358   0.1379   0.1399    0.142    0.144   0.1461   0.1481   0.1502   0.1523   0.1543   0.1564   0.1584   0.1605   0.1626   0.1646   0.1667   0.1687   0.1708   0.1728   0.1749    0.177    0.179   0.1811   0.1831   0.1852   0.1872   0.1893   0.1914   0.1934   0.1955   0.1975   0.1996   0.2016   0.2037   0.2058   0.2078   0.2099   0.2119    0.214    0.216   0.2181   0.2202   0.2222   0.2243   0.2263   0.2284   0.2305   0.2325   0.2346   0.2366   0.2387   0.2407   0.2428   0.2449   0.2469    0.249    0.251   0.2531   0.2551   0.2572   0.2593   0.2613   0.2634   0.2654   0.2675   0.2695   0.2716   0.2737   0.2757   0.2778   0.2798   0.2819    0.284    0.286   0.2881   0.2901   0.2922   0.2942   0.2963   0.2984   0.3004   0.3025   0.3045   0.3066   0.3086   0.3107   0.3128   0.3148   0.3169   0.3189    0.321    0.323   0.3251   0.3272   0.3292   0.3313   0.3333   0.3354   0.3374   0.3395   0.3416   0.3436   0.3457   0.3477   0.3498   0.3519   0.3539    0.356    0.358   0.3601   0.3621   0.3642   0.3663   0.3683   0.3704   0.3724   0.3745   0.3765   0.3786   0.3807   0.3827   0.3848   0.3868   0.3889   0.3909    0.393   0.3951   0.3971   0.3992   0.4012   0.4033   0.4053   0.4074   0.4095   0.4115   0.4136   0.4156   0.4177   0.4198   0.4218   0.4239   0.4259    0.428     0.43   0.4321   0.4342   0.4362   0.4383   0.4403   0.4424   0.4444   0.4465   0.4486   0.4506   0.4527   0.4547   0.4568   0.4588   0.4609    0.463    0.465   0.4671   0.4691   0.4712   0.4733   0.4753   0.4774   0.4794   0.4815   0.4835   0.4856   0.4877   0.4897   0.4918   0.4938   0.4959   0.4979
    S      0.0   0.0269   0.1029    0.192   0.0065   0.0461   0.0136   0.1625    0.048   0.0237   0.0851   0.0219   0.0675   0.0272   0.0086   0.0356    0.001   0.1854   0.0393   0.0192   0.0821   0.0053   0.0514   0.0156   0.0038   0.0596   0.0497   0.1371   0.0264   0.1906    0.003    0.114   0.1225    0.039   0.0072   0.0098    0.032   0.0724   0.0937   0.0114   0.0071   0.0006   0.0451   0.0226   0.0175   0.0095   0.1138   0.0193   0.0031   0.0009   0.1235   0.0655   0.1188   0.0703   0.0343   0.0711   0.0645   0.0691   0.0326   0.0456   0.0377   0.0715   0.0807    0.011   0.2068   0.0291   0.0251   0.0075   0.1187   0.0077   0.0013   0.0366   0.1191   0.0027   0.0316   0.0679   0.0017   0.0059   0.0923   0.0032   0.0071   0.0023   0.0381   0.0024   0.1179   0.0219   0.1337   0.0678   0.0241   0.0861   0.1389   0.0028   0.0205   0.0375   0.1045   0.1479    0.045   0.0097   0.1219   0.0143   0.1695   0.0574   0.0727   0.0108   0.0024   0.0678   0.1196   0.0791    0.049    0.028   0.1538   0.0601   0.0402   0.0859   0.0187   0.0149   0.0272   0.0413   0.0062   0.0081   0.0159   0.2221   0.0404   0.0008   0.0657   0.0384   0.0343   0.0093   0.0458   0.0969   0.1049   0.0111   0.1487   0.0091   0.2822   0.2076   0.0093   0.0107    0.003   0.0376   0.0397   0.0152   0.0919   0.0115   0.1603   0.0489   0.0021   0.0276   0.1393   0.0169   0.0534   0.0332   0.1581   0.0779   0.0937   0.1733   0.1987   0.0783   0.0161   0.2007   0.0629   0.0073      1.0   0.2604   0.0938   0.0675   0.1963   0.1274   0.0477    0.097   0.1118   0.1081   0.0187   0.1523    0.008   0.2305   0.0347   0.4268    0.036   0.0013   0.1961   0.1365   0.0322   0.0751   0.0805   0.0604   0.1596   0.0668   0.0892   0.1901   0.0842   0.0155   0.0147   0.0445   0.0172   0.0149   0.0001   0.0634   0.2384   0.0015   0.0582   0.0395   0.0003    0.013    0.027   0.0349   0.0303   0.0027    0.002   0.0005   0.0207   0.0653    0.065   0.0229   0.0083   0.0088   0.0948   0.0184   0.0256   0.0077   0.0187   0.0416   0.0194   0.0096   0.1052   0.0315   0.0302   0.0046   0.0009   0.2682    0.055   0.0099   0.0104   0.0051   0.0244   0.0034   0.0038    0.135   0.0086   0.1458   0.0121   0.0433   0.0838
  snr   -11.68
    H     4.91
 exon     True

M: tbpse
 freq      0.0   0.0021   0.0041   0.0062   0.0082   0.0103   0.0123   0.0144   0.0165   0.0185   0.0206   0.0226   0.0247   0.0267   0.0288   0.0309   0.0329    0.035    0.037   0.0391   0.0412   0.0432   0.0453   0.0473   0.0494   0.0514   0.0535   0.0556   0.0576   0.0597   0.0617   0.0638   0.0658   0.0679     0.07    0.072   0.0741   0.0761   0.0782   0.0802   0.0823   0.0844   0.0864   0.0885   0.0905   0.0926   0.0947   0.0967   0.0988   0.1008   0.1029   0.1049    0.107   0.1091   0.1111   0.1132   0.1152   0.1173   0.1193   0.1214   0.1235   0.1255   0.1276   0.1296   0.1317   0.1337   0.1358   0.1379   0.1399    0.142    0.144   0.1461   0.1481   0.1502   0.1523   0.1543   0.1564   0.1584   0.1605   0.1626   0.1646   0.1667   0.1687   0.1708   0.1728   0.1749    0.177    0.179   0.1811   0.1831   0.1852   0.1872   0.1893   0.1914   0.1934   0.1955   0.1975   0.1996   0.2016   0.2037   0.2058   0.2078   0.2099   0.2119    0.214    0.216   0.2181   0.2202   0.2222   0.2243   0.2263   0.2284   0.2305   0.2325   0.2346   0.2366   0.2387   0.2407   0.2428   0.2449   0.2469    0.249    0.251   0.2531   0.2551   0.2572   0.2593   0.2613   0.2634   0.2654   0.2675   0.2695   0.2716   0.2737   0.2757   0.2778   0.2798   0.2819    0.284    0.286   0.2881   0.2901   0.2922   0.2942   0.2963   0.2984   0.3004   0.3025   0.3045   0.3066   0.3086   0.3107   0.3128   0.3148   0.3169   0.3189    0.321    0.323   0.3251   0.3272   0.3292   0.3313   0.3333   0.3354   0.3374   0.3395   0.3416   0.3436   0.3457   0.3477   0.3498   0.3519   0.3539    0.356    0.358   0.3601   0.3621   0.3642   0.3663   0.3683   0.3704   0.3724   0.3745   0.3765   0.3786   0.3807   0.3827   0.3848   0.3868   0.3889   0.3909    0.393   0.3951   0.3971   0.3992   0.4012   0.4033   0.4053   0.4074   0.4095   0.4115   0.4136   0.4156   0.4177   0.4198   0.4218   0.4239   0.4259    0.428     0.43   0.4321   0.4342   0.4362   0.4383   0.4403   0.4424   0.4444   0.4465   0.4486   0.4506   0.4527   0.4547   0.4568   0.4588   0.4609    0.463    0.465   0.4671   0.4691   0.4712   0.4733   0.4753   0.4774   0.4794   0.4815   0.4835   0.4856   0.4877   0.4897   0.4918   0.4938   0.4959   0.4979
    S      0.0   0.0889   0.0821   0.1457   0.0534   0.2469   0.0579   0.1917   0.1051   0.0682    0.053   0.0969   0.0533   0.0228   0.0392   0.1129   0.0008   0.0998   0.0973   0.0435    0.072   0.0225   0.0757   0.0509   0.0954   0.1004   0.0569   0.1035   0.1514   0.2101   0.1224   0.1208   0.1038   0.0414   0.0201   0.1129   0.1231   0.0619   0.0719    0.027   0.0124    0.007   0.0268   0.0227   0.0195   0.1407    0.135   0.0493   0.0407   0.0297   0.1254    0.099   0.1446   0.1132   0.0374   0.1541   0.0585   0.0664     0.05     0.15   0.1041   0.1433   0.0757   0.0554   0.1743   0.2671   0.0379   0.0131   0.0735   0.1096   0.0125   0.0907   0.0722   0.0111   0.0491   0.0521   0.0534   0.0077    0.098   0.0747   0.0502   0.0352   0.1001   0.1072    0.097   0.0831   0.1192   0.0456   0.0329   0.0852   0.1727   0.0253   0.0131   0.0719   0.0609   0.1075   0.0302   0.0719   0.0653   0.0815   0.1463   0.0453   0.0835    0.022   0.0616   0.0411   0.0774   0.0485   0.0335    0.031   0.1909   0.0233   0.0807   0.1365   0.0344   0.0487   0.1994   0.0381   0.0678   0.0216   0.0075   0.1462   0.0818   0.0433   0.0443   0.0322   0.0267    0.047   0.0279     0.16   0.0479   0.0095   0.1898   0.0108   0.1115   0.1301   0.0155   0.0761   0.0126   0.0459   0.0169   0.0112   0.0774   0.0169    0.146   0.0238   0.0132   0.0444   0.1217   0.0055    0.054   0.1431   0.0939   0.0712    0.138   0.1071   0.1281   0.0686   0.0133   0.1109   0.1223   0.0207      1.0   0.2157   0.0865   0.0543   0.2103   0.0969   0.0667   0.0602   0.1291   0.0698   0.0146   0.1016   0.0094   0.1362   0.0454   0.2855   0.0417    0.003   0.1683    0.103   0.0428    0.052   0.0438   0.0387   0.1095   0.0402   0.0825   0.0929   0.0513   0.0911   0.0288   0.0434   0.0576   0.0092   0.0296   0.0358   0.1725   0.0438   0.0571   0.0487   0.0096   0.0461   0.0702   0.0542   0.0287   0.0215   0.0436   0.0269   0.0529   0.0439   0.0743   0.0705   0.0292     0.03   0.0713   0.0155   0.0276   0.0138   0.0339    0.034   0.0252   0.0384   0.0631   0.0488   0.0182   0.0087   0.0135   0.1759   0.0401   0.0218     0.01   0.0263   0.0232   0.0351    0.017   0.1157   0.0044   0.0925   0.0206   0.0389   0.0567
  snr   -12.29
    H     5.15
 exon     True

M: snrse
 freq      0.0   0.0021   0.0041   0.0062   0.0082   0.0103   0.0123   0.0144   0.0165   0.0185   0.0206   0.0226   0.0247   0.0267   0.0288   0.0309   0.0329    0.035    0.037   0.0391   0.0412   0.0432   0.0453   0.0473   0.0494   0.0514   0.0535   0.0556   0.0576   0.0597   0.0617   0.0638   0.0658   0.0679     0.07    0.072   0.0741   0.0761   0.0782   0.0802   0.0823   0.0844   0.0864   0.0885   0.0905   0.0926   0.0947   0.0967   0.0988   0.1008   0.1029   0.1049    0.107   0.1091   0.1111   0.1132   0.1152   0.1173   0.1193   0.1214   0.1235   0.1255   0.1276   0.1296   0.1317   0.1337   0.1358   0.1379   0.1399    0.142    0.144   0.1461   0.1481   0.1502   0.1523   0.1543   0.1564   0.1584   0.1605   0.1626   0.1646   0.1667   0.1687   0.1708   0.1728   0.1749    0.177    0.179   0.1811   0.1831   0.1852   0.1872   0.1893   0.1914   0.1934   0.1955   0.1975   0.1996   0.2016   0.2037   0.2058   0.2078   0.2099   0.2119    0.214    0.216   0.2181   0.2202   0.2222   0.2243   0.2263   0.2284   0.2305   0.2325   0.2346   0.2366   0.2387   0.2407   0.2428   0.2449   0.2469    0.249    0.251   0.2531   0.2551   0.2572   0.2593   0.2613   0.2634   0.2654   0.2675   0.2695   0.2716   0.2737   0.2757   0.2778   0.2798   0.2819    0.284    0.286   0.2881   0.2901   0.2922   0.2942   0.2963   0.2984   0.3004   0.3025   0.3045   0.3066   0.3086   0.3107   0.3128   0.3148   0.3169   0.3189    0.321    0.323   0.3251   0.3272   0.3292   0.3313   0.3333   0.3354   0.3374   0.3395   0.3416   0.3436   0.3457   0.3477   0.3498   0.3519   0.3539    0.356    0.358   0.3601   0.3621   0.3642   0.3663   0.3683   0.3704   0.3724   0.3745   0.3765   0.3786   0.3807   0.3827   0.3848   0.3868   0.3889   0.3909    0.393   0.3951   0.3971   0.3992   0.4012   0.4033   0.4053   0.4074   0.4095   0.4115   0.4136   0.4156   0.4177   0.4198   0.4218   0.4239   0.4259    0.428     0.43   0.4321   0.4342   0.4362   0.4383   0.4403   0.4424   0.4444   0.4465   0.4486   0.4506   0.4527   0.4547   0.4568   0.4588   0.4609    0.463    0.465   0.4671   0.4691   0.4712   0.4733   0.4753   0.4774   0.4794   0.4815   0.4835   0.4856   0.4877   0.4897   0.4918   0.4938   0.4959   0.4979
    S      0.0   0.0507   0.1083   0.2084   0.0332    0.129   0.0115   0.2391   0.0736   0.0319   0.0609   0.0503   0.0508   0.0338   0.0318   0.0851   0.0109   0.1031   0.0845   0.0274   0.1177   0.0216   0.1039   0.0364   0.0332   0.0466   0.0687   0.1044   0.0761   0.1879   0.0411   0.0863   0.1053   0.0428   0.0114   0.0516   0.0442   0.0429    0.097   0.0199   0.0171   0.0051   0.0293   0.0299   0.0362   0.0607    0.091   0.0679   0.0147   0.0162   0.1032   0.0671   0.1337   0.0776   0.0791   0.1093   0.0534   0.0419   0.0444    0.092   0.0756   0.0725   0.0378   0.0262   0.2417   0.1593   0.0258   0.0185   0.0801    0.045   0.0087   0.0528    0.026   0.0063    0.018    0.054   0.0339   0.0079   0.0799   0.0395   0.0254   0.0136   0.0621   0.0542   0.0358   0.0371   0.1854   0.0527   0.0256   0.0552   0.1551   0.0216   0.0132   0.0593   0.0587   0.1424   0.0149    0.051   0.0256   0.0461   0.1631   0.0714   0.0687   0.0146   0.0314   0.0452    0.052   0.0345   0.0429   0.0054   0.1772    0.012   0.0752   0.1731   0.0344   0.0366   0.1231   0.0477   0.0275   0.0156   0.0067   0.1613   0.1034   0.0256   0.0547   0.0454   0.0368   0.0269   0.0214   0.1528   0.0384   0.0186   0.1874   0.0203   0.0605   0.1334   0.0127   0.0424   0.0055   0.0299   0.0085    0.016   0.0968   0.0347   0.0895   0.0145   0.0065   0.0108   0.1629   0.0043   0.0348   0.0846   0.0864    0.055   0.0854   0.1136   0.1695   0.0874   0.0327   0.1085   0.0941   0.0555      1.0   0.2525   0.1318    0.034   0.1756   0.1197   0.0755   0.0395   0.0737   0.0613   0.0204   0.0686   0.0086   0.1393   0.0682   0.3697   0.0441   0.0185   0.1551     0.08   0.0205   0.0726   0.0463   0.0412   0.1234    0.027   0.0667   0.0937   0.0602   0.0444   0.0113   0.0367   0.0163   0.0113     0.01   0.0267   0.1927   0.0236   0.0429   0.0219   0.0089   0.0248   0.0345   0.0279   0.0073   0.0049   0.0182   0.0269   0.0252   0.0572   0.0444   0.0409   0.0216   0.0396   0.0854   0.0169   0.0254   0.0074   0.0193   0.0136   0.0451   0.0134   0.0601   0.0488   0.0075   0.0119   0.0048   0.2293   0.0178   0.0205   0.0155   0.0157   0.0126   0.0254   0.0048   0.1403    0.003   0.0938   0.0053   0.0572   0.0444
  snr   -11.59
    H     5.04
 exon     True