>YOR312C
N: 519
Methods: voss, eiip, qpsk, mem, alg1, alg2

M: voss
 freq      0.0   0.0019   0.0039   0.0058   0.0077   0.0096   0.0116   0.0135   0.0154   0.0173   0.0193   0.0212   0.0231    0.025    0.027   0.0289   0.0308   0.0328   0.0347   0.0366   0.0385   0.0405   0.0424   0.0443   0.0462   0.0482   0.0501    0.052   0.0539   0.0559   0.0578   0.0597   0.0617   0.0636   0.0655   0.0674   0.0694   0.0713   0.0732   0.0751   0.0771    0.079   0.0809   0.0829   0.0848   0.0867   0.0886   0.0906   0.0925   0.0944   0.0963   0.0983   0.1002   0.1021    0.104    0.106   0.1079   0.1098   0.1118   0.1137   0.1156   0.1175   0.1195   0.1214   0.1233   0.1252   0.1272   0.1291    0.131   0.1329   0.1349   0.1368   0.1387   0.1407   0.1426   0.1445   0.1464   0.1484   0.1503   0.1522   0.1541   0.1561    0.158   0.1599   0.1618   0.1638   0.1657   0.1676   0.1696   0.1715   0.1734   0.1753   0.1773   0.1792   0.1811    0.183    0.185   0.1869   0.1888   0.1908   0.1927   0.1946   0.1965   0.1985   0.2004   0.2023   0.2042   0.2062   0.2081     0.21   0.2119   0.2139   0.2158   0.2177   0.2197   0.2216   0.2235   0.2254   0.2274   0.2293   0.2312   0.2331   0.2351    0.237   0.2389   0.2408   0.2428   0.2447   0.2466   0.2486   0.2505   0.2524   0.2543   0.2563   0.2582   0.2601    0.262    0.264   0.2659   0.2678   0.2697   0.2717   0.2736   0.2755   0.2775   0.2794   0.2813   0.2832   0.2852   0.2871    0.289   0.2909   0.2929   0.2948   0.2967   0.2987   0.3006   0.3025   0.3044   0.3064   0.3083   0.3102   0.3121   0.3141    0.316   0.3179   0.3198   0.3218   0.3237   0.3256   0.3276   0.3295   0.3314   0.3333   0.3353   0.3372   0.3391    0.341    0.343   0.3449   0.3468   0.3487   0.3507   0.3526   0.3545   0.3565   0.3584   0.3603   0.3622   0.3642   0.3661    0.368   0.3699   0.3719   0.3738   0.3757   0.3776   0.3796   0.3815   0.3834   0.3854   0.3873   0.3892   0.3911   0.3931    0.395   0.3969   0.3988   0.4008   0.4027   0.4046   0.4066   0.4085   0.4104   0.4123   0.4143   0.4162   0.4181     0.42    0.422   0.4239   0.4258   0.4277   0.4297   0.4316   0.4335   0.4355   0.4374   0.4393   0.4412   0.4432   0.4451    0.447   0.4489   0.4509   0.4528   0.4547   0.4566   0.4586   0.4605   0.4624   0.4644   0.4663   0.4682   0.4701   0.4721    0.474   0.4759   0.4778   0.4798   0.4817   0.4836   0.4855   0.4875   0.4894   0.4913   0.4933   0.4952   0.4971    0.499
    S      0.0   0.2007    0.208   0.0533   0.1854   0.1348   0.1354   0.2787   0.6302   0.1071   0.2887   0.1876   0.3746   0.1994   0.1363   0.0876   0.3742   0.2525   0.3072   0.1079   0.1223   0.4077   0.0579   0.2595   0.3064    0.228   0.3021   0.2909   0.0762   0.4442   0.4203   0.0736   0.2426    0.463   0.3111   0.2921   0.4445   0.3173   0.0567    0.071   0.1355   0.0737   0.3787    0.439   0.0369    0.655   0.0926   0.2278   0.1098   0.1314   0.2662   0.4008   0.2121   0.3188   0.1228   0.1093   0.2143   0.0967   0.6832   0.8854   0.1168   0.4245   0.1024   0.1943   0.3913   0.1899      1.0   0.1204   0.2505   0.4657   0.2935   0.1777   0.1021   0.1039   0.2583   0.1165   0.1905   0.2993   0.2147   0.2629   0.3486    0.244   0.3082   0.4187     0.11   0.2564   0.1155   0.0865   0.5447    0.095   0.4953   0.1242   0.4127   0.7162     0.42   0.6844   0.0855   0.1055   0.2569   0.7938   0.1292   0.3264   0.2216   0.2037   0.2632   0.0459   0.4107   0.4603   0.1353   0.3612   0.1019   0.0548   0.8178   0.2687   0.0415   0.4948   0.3521   0.2659   0.2042   0.3778   0.3173    0.097   0.3567    0.095   0.5083   0.4038   0.1383   0.2748   0.3411   0.0352    0.163   0.1795   0.3402   0.1604    0.173   0.1426   0.2437   0.2116   0.4505   0.3877   0.4887   0.0752   0.1295    0.057    0.124   0.2529   0.2261     0.11   0.2269   0.3663   0.1749   0.0908   0.5284   0.2282   0.6371   0.3181   0.2465   0.0802   0.1883    0.362   0.1651   0.4069   0.4841   0.2455   0.3861   0.1297    0.832   0.1438   0.5506    0.549    0.086   0.1863   0.1574     0.85   0.2763   0.3091   0.1986   0.1003   0.2302   0.1528   0.1176   0.2872   0.1456   0.5101   0.3498   0.2038   0.2495   0.1685   0.1638   0.2775   0.1464   0.0799    0.175   0.1411   0.4001   0.0933   0.3894   0.2015   0.1567   0.5787     0.38   0.2312   0.1513   0.1099    0.183   0.2027   0.4882   0.2625   0.3652   0.2063   0.1463   0.1568   0.1212   0.3372   0.2409   0.2029   0.1674   0.2726   0.2692   0.4725   0.1241   0.3541   0.1163   0.1564   0.0813   0.1738   0.1784    0.335   0.1808   0.1639   0.0828   0.0719   0.0859   0.0968    0.457   0.1014   0.2497   0.1686   0.2214   0.3466   0.1186   0.3773    0.193   0.1421   0.0604   0.0289   0.1286   0.3058   0.2852   0.3744   0.2354   0.2864   0.3141   0.3426    0.093   0.0676   0.1946   0.2385   0.2358    0.474
  snr   -18.19
    H     5.36
 exon    False

M: eiip
 freq      0.0   0.0019   0.0039   0.0058   0.0077   0.0096   0.0116   0.0135   0.0154   0.0173   0.0193   0.0212   0.0231    0.025    0.027   0.0289   0.0308   0.0328   0.0347   0.0366   0.0385   0.0405   0.0424   0.0443   0.0462   0.0482   0.0501    0.052   0.0539   0.0559   0.0578   0.0597   0.0617   0.0636   0.0655   0.0674   0.0694   0.0713   0.0732   0.0751   0.0771    0.079   0.0809   0.0829   0.0848   0.0867   0.0886   0.0906   0.0925   0.0944   0.0963   0.0983   0.1002   0.1021    0.104    0.106   0.1079   0.1098   0.1118   0.1137   0.1156   0.1175   0.1195   0.1214   0.1233   0.1252   0.1272   0.1291    0.131   0.1329   0.1349   0.1368   0.1387   0.1407   0.1426   0.1445   0.1464   0.1484   0.1503   0.1522   0.1541   0.1561    0.158   0.1599   0.1618   0.1638   0.1657   0.1676   0.1696   0.1715   0.1734   0.1753   0.1773   0.1792   0.1811    0.183    0.185   0.1869   0.1888   0.1908   0.1927   0.1946   0.1965   0.1985   0.2004   0.2023   0.2042   0.2062   0.2081     0.21   0.2119   0.2139   0.2158   0.2177   0.2197   0.2216   0.2235   0.2254   0.2274   0.2293   0.2312   0.2331   0.2351    0.237   0.2389   0.2408   0.2428   0.2447   0.2466   0.2486   0.2505   0.2524   0.2543   0.2563   0.2582   0.2601    0.262    0.264   0.2659   0.2678   0.2697   0.2717   0.2736   0.2755   0.2775   0.2794   0.2813   0.2832   0.2852   0.2871    0.289   0.2909   0.2929   0.2948   0.2967   0.2987   0.3006   0.3025   0.3044   0.3064   0.3083   0.3102   0.3121   0.3141    0.316   0.3179   0.3198   0.3218   0.3237   0.3256   0.3276   0.3295   0.3314   0.3333   0.3353   0.3372   0.3391    0.341    0.343   0.3449   0.3468   0.3487   0.3507   0.3526   0.3545   0.3565   0.3584   0.3603   0.3622   0.3642   0.3661    0.368   0.3699   0.3719   0.3738   0.3757   0.3776   0.3796   0.3815   0.3834   0.3854   0.3873   0.3892   0.3911   0.3931    0.395   0.3969   0.3988   0.4008   0.4027   0.4046   0.4066   0.4085   0.4104   0.4123   0.4143   0.4162   0.4181     0.42    0.422   0.4239   0.4258   0.4277   0.4297   0.4316   0.4335   0.4355   0.4374   0.4393   0.4412   0.4432   0.4451    0.447   0.4489   0.4509   0.4528   0.4547   0.4566   0.4586   0.4605   0.4624   0.4644   0.4663   0.4682   0.4701   0.4721    0.474   0.4759   0.4778   0.4798   0.4817   0.4836   0.4855   0.4875   0.4894   0.4913   0.4933   0.4952   0.4971    0.499
    S      0.0    0.268   0.1083   0.0702   0.0713   0.0018   0.1275   0.1103    0.204   0.1136    0.111   0.0532   0.1758   0.0453   0.0628   0.0734   0.0472   0.1607   0.0489   0.1502   0.0217   0.1848   0.0455   0.3581   0.0149   0.1172   0.0533   0.1551   0.0318   0.1376   0.0749     0.07   0.0953   0.0452   0.0199   0.3813   0.0135   0.1407   0.0184   0.0169   0.0073   0.0421   0.1193   0.0157   0.0435   0.0431   0.1467   0.3292   0.1552   0.0112   0.0265    0.114   0.0649   0.2062   0.0979   0.0762   0.0261   0.0092   0.2209   0.0523   0.0273   0.5036   0.0521   0.3011   0.0398    0.034   0.2235   0.0812   0.0643   0.5491   0.2932   0.1654   0.1315   0.1363   0.2707   0.1187   0.1741   0.0638   0.1963   0.1508   0.3239   0.1321   0.0966    0.497   0.1619   0.0616   0.1248   0.0928   0.4089   0.0535   0.1541   0.0555   0.1824   0.1042   0.1078    0.126   0.0188   0.0058   0.2142   0.7753   0.0555   0.1294   0.1249   0.1853    0.256   0.0578   0.2288    0.206    0.012   0.0235   0.0576   0.0585   0.0474     0.14    0.003   0.2608   0.0648   0.0142   0.0261   0.2807    0.015   0.1024   0.0922   0.0139   0.1959   0.2786   0.0356   0.1608   0.0503   0.0085   0.0996   0.0804   0.0275   0.0174   0.0439   0.1794   0.0027   0.2333   0.0514   0.3618   0.0632   0.0043   0.1031   0.0289    0.124   0.1885   0.0783   0.0311   0.1588   0.3613   0.0713   0.1058   0.1091   0.0901   0.3263   0.2601    0.024   0.0231   0.1186   0.0084   0.0902   0.0421   0.4195   0.0884   0.4582   0.0404      1.0   0.0156   0.3028   0.1884   0.0592   0.0612   0.1638   0.9402   0.1963    0.284   0.0497   0.0482   0.1632   0.2026   0.0714   0.1733   0.0041   0.4504   0.2147   0.1468   0.1115   0.0929    0.174   0.0647   0.1093   0.0002   0.0161     0.03   0.0525   0.0302   0.3338   0.1392   0.0295   0.1589   0.2117   0.1846   0.0489   0.1457   0.0364   0.0452   0.1501   0.0838   0.3257   0.1877   0.0141   0.0243   0.0838   0.2332   0.1389   0.0018   0.0057   0.2044   0.0835   0.1736   0.1656    0.028   0.1109   0.2791   0.0533   0.1968   0.0587   0.1796   0.0036   0.1573   0.0523   0.0207   0.0717    0.012    0.019   0.0623   0.0285   0.0474   0.0604   0.1029   0.1315   0.3774   0.0159   0.1686   0.0655   0.0053   0.1848   0.0089   0.1048   0.0907   0.0103    0.035    0.087   0.1026   0.0009   0.0519   0.1647   0.0702   0.0643   0.3624
  snr   -15.06
    H     5.13
 exon     True

M: qpsk
 freq      0.0   0.0019   0.0039   0.0058   0.0077   0.0096   0.0116   0.0135   0.0154   0.0173   0.0193   0.0212   0.0231    0.025    0.027   0.0289   0.0308   0.0328   0.0347   0.0366   0.0385   0.0405   0.0424   0.0443   0.0462   0.0482   0.0501    0.052   0.0539   0.0559   0.0578   0.0597   0.0617   0.0636   0.0655   0.0674   0.0694   0.0713   0.0732   0.0751   0.0771    0.079   0.0809   0.0829   0.0848   0.0867   0.0886   0.0906   0.0925   0.0944   0.0963   0.0983   0.1002   0.1021    0.104    0.106   0.1079   0.1098   0.1118   0.1137   0.1156   0.1175   0.1195   0.1214   0.1233   0.1252   0.1272   0.1291    0.131   0.1329   0.1349   0.1368   0.1387   0.1407   0.1426   0.1445   0.1464   0.1484   0.1503   0.1522   0.1541   0.1561    0.158   0.1599   0.1618   0.1638   0.1657   0.1676   0.1696   0.1715   0.1734   0.1753   0.1773   0.1792   0.1811    0.183    0.185   0.1869   0.1888   0.1908   0.1927   0.1946   0.1965   0.1985   0.2004   0.2023   0.2042   0.2062   0.2081     0.21   0.2119   0.2139   0.2158   0.2177   0.2197   0.2216   0.2235   0.2254   0.2274   0.2293   0.2312   0.2331   0.2351    0.237   0.2389   0.2408   0.2428   0.2447   0.2466   0.2486   0.2505   0.2524   0.2543   0.2563   0.2582   0.2601    0.262    0.264   0.2659   0.2678   0.2697   0.2717   0.2736   0.2755   0.2775   0.2794   0.2813   0.2832   0.2852   0.2871    0.289   0.2909   0.2929   0.2948   0.2967   0.2987   0.3006   0.3025   0.3044   0.3064   0.3083   0.3102   0.3121   0.3141    0.316   0.3179   0.3198   0.3218   0.3237   0.3256   0.3276   0.3295   0.3314   0.3333   0.3353   0.3372   0.3391    0.341    0.343   0.3449   0.3468   0.3487   0.3507   0.3526   0.3545   0.3565   0.3584   0.3603   0.3622   0.3642   0.3661    0.368   0.3699   0.3719   0.3738   0.3757   0.3776   0.3796   0.3815   0.3834   0.3854   0.3873   0.3892   0.3911   0.3931    0.395   0.3969   0.3988   0.4008   0.4027   0.4046   0.4066   0.4085   0.4104   0.4123   0.4143   0.4162   0.4181     0.42    0.422   0.4239   0.4258   0.4277   0.4297   0.4316   0.4335   0.4355   0.4374   0.4393   0.4412   0.4432   0.4451    0.447   0.4489   0.4509   0.4528   0.4547   0.4566   0.4586   0.4605   0.4624   0.4644   0.4663   0.4682   0.4701   0.4721    0.474   0.4759   0.4778   0.4798   0.4817   0.4836   0.4855   0.4875   0.4894   0.4913   0.4933   0.4952   0.4971    0.499
    S      0.0   0.1714    0.058   0.0278   0.0763   0.0654   0.1181   0.0423   0.3716   0.0937   0.0911   0.1646   0.2751   0.1257   0.0452   0.0343   0.2351   0.2562   0.1947   0.0957   0.0323   0.2063   0.0392   0.1669   0.2915   0.0918   0.1304   0.3487   0.0053    0.413   0.3904   0.0634   0.2165   0.3891   0.1329   0.3498   0.3309   0.2671   0.0492   0.0409   0.0973   0.0804   0.3639   0.2747   0.0316   0.3757   0.0923   0.1741   0.0992   0.0944   0.1167   0.3311    0.132   0.3724   0.1339   0.0521   0.0932   0.1086   0.7029   0.6609   0.0508    0.299   0.0615   0.2296   0.3529   0.1671   0.2705   0.0951   0.1932   0.3774   0.1213     0.21   0.1213   0.1148   0.2204   0.1195   0.1841   0.2648   0.2102   0.2476   0.3485   0.2594   0.0787   0.4354   0.0428   0.2834   0.1207   0.0974   0.6152   0.0495   0.4962   0.0872   0.0183   0.5523   0.5075   0.6926   0.0914   0.0942   0.2737   0.3715   0.1506    0.369   0.1949   0.0656   0.2687   0.0548   0.2546   0.5204   0.0547   0.2338   0.0524   0.0394   0.5684    0.315   0.0315   0.5451   0.2387   0.1247   0.2104   0.2926   0.2055   0.1146   0.1677   0.1033   0.4656   0.3794     0.14   0.2431   0.2818   0.0104   0.1053   0.1522   0.2111   0.0995   0.1224   0.1109    0.219   0.2363    0.425   0.3924   0.3043   0.0733   0.1477   0.0621   0.1362   0.2603   0.2368   0.0502   0.2321   0.2035   0.1716   0.0689   0.4871   0.1271   0.7383   0.2156   0.2028   0.0638   0.0575   0.2188   0.0365   0.3996   0.4642   0.2297   0.2721   0.1062      1.0   0.1451   0.4603   0.5144   0.0941   0.0861   0.1806   0.7836    0.331   0.3189   0.1595      0.1   0.2101   0.0817   0.0836   0.1963   0.1352    0.488   0.0764   0.2407   0.2986   0.1585   0.1714   0.2156   0.0719    0.077   0.1819   0.1181   0.3765   0.0245   0.3351   0.1804   0.1303   0.5446   0.3762   0.1956   0.0726   0.0691   0.2102    0.075   0.5673   0.2422   0.1153   0.0275   0.1629   0.1535   0.0945   0.4049   0.2754   0.1749   0.1146   0.1042   0.1975   0.2581   0.1329   0.3732   0.1154   0.1625   0.0887   0.2079   0.1724   0.0965   0.2172   0.0733    0.038   0.0718   0.0595   0.0841   0.3879   0.1148   0.0899   0.1891   0.2019   0.3663   0.1087   0.3177   0.1747   0.1254    0.073   0.0121   0.0882   0.3616   0.2629   0.1838   0.1927   0.2044   0.0891   0.3957   0.0797   0.0521    0.145   0.0858   0.0738   0.4226
  snr   -17.23
    H      5.3
 exon     True

M: mem
 freq      0.0   0.0019   0.0039   0.0058   0.0077   0.0097   0.0116   0.0135   0.0154   0.0174   0.0193   0.0212   0.0232   0.0251    0.027    0.029   0.0309   0.0328   0.0347   0.0367   0.0386   0.0405   0.0425   0.0444   0.0463   0.0483   0.0502   0.0521   0.0541    0.056   0.0579   0.0598   0.0618   0.0637   0.0656   0.0676   0.0695   0.0714   0.0734   0.0753   0.0772   0.0792   0.0811    0.083   0.0849   0.0869   0.0888   0.0907   0.0927   0.0946   0.0965   0.0985   0.1004   0.1023   0.1042   0.1062   0.1081     0.11    0.112   0.1139   0.1158   0.1178   0.1197   0.1216   0.1236   0.1255   0.1274   0.1293   0.1313   0.1332   0.1351   0.1371    0.139   0.1409   0.1429   0.1448   0.1467   0.1486   0.1506   0.1525   0.1544   0.1564   0.1583   0.1602   0.1622   0.1641    0.166    0.168   0.1699   0.1718   0.1737   0.1757   0.1776   0.1795   0.1815   0.1834   0.1853   0.1873   0.1892   0.1911   0.1931    0.195   0.1969   0.1988   0.2008   0.2027   0.2046   0.2066   0.2085   0.2104   0.2124   0.2143   0.2162   0.2181   0.2201    0.222   0.2239   0.2259   0.2278   0.2297   0.2317   0.2336   0.2355   0.2375   0.2394   0.2413   0.2432   0.2452   0.2471    0.249    0.251   0.2529   0.2548   0.2568   0.2587   0.2606   0.2625   0.2645   0.2664   0.2683   0.2703   0.2722   0.2741   0.2761    0.278   0.2799   0.2819   0.2838   0.2857   0.2876   0.2896   0.2915   0.2934   0.2954   0.2973   0.2992   0.3012   0.3031    0.305   0.3069   0.3089   0.3108   0.3127   0.3147   0.3166   0.3185   0.3205   0.3224   0.3243   0.3263   0.3282   0.3301    0.332    0.334   0.3359   0.3378   0.3398   0.3417   0.3436   0.3456   0.3475   0.3494   0.3514   0.3533   0.3552   0.3571   0.3591    0.361   0.3629   0.3649   0.3668   0.3687   0.3707   0.3726   0.3745   0.3764   0.3784   0.3803   0.3822   0.3842   0.3861    0.388     0.39   0.3919   0.3938   0.3958   0.3977   0.3996   0.4015   0.4035   0.4054   0.4073   0.4093   0.4112   0.4131   0.4151    0.417   0.4189   0.4208   0.4228   0.4247   0.4266   0.4286   0.4305   0.4324   0.4344   0.4363   0.4382   0.4402   0.4421    0.444   0.4459   0.4479   0.4498   0.4517   0.4537   0.4556   0.4575   0.4595   0.4614   0.4633   0.4653   0.4672   0.4691    0.471    0.473   0.4749   0.4768   0.4788   0.4807   0.4826   0.4846   0.4865   0.4884   0.4903   0.4923   0.4942   0.4961   0.4981
    S      0.0   0.0755   0.0165   0.0091   0.0413   0.0791   0.0059   0.0154   0.5086   0.0409   0.0078   0.1537    0.166   0.1167   0.0715   0.0177   0.3489   0.2465   0.2849   0.0235   0.0727   0.1636   0.0168   0.0587   0.2363   0.0543   0.1435   0.3206    0.048   0.1827     0.51   0.0081   0.2213   0.6331   0.2004   0.1029   0.2471   0.2542   0.0221   0.0358   0.0453   0.0344   0.3445   0.5094   0.0329   0.5316   0.0346   0.0082   0.0343    0.136   0.0217   0.2166   0.1042   0.3449   0.0092   0.0013   0.0514   0.1282   0.5812      1.0   0.0458   0.0276   0.0627   0.0987   0.3348   0.0102   0.5942    0.058   0.2535   0.1143   0.0666   0.0856   0.0581   0.0694    0.016   0.0239   0.0213   0.2393   0.1376   0.0876   0.1584   0.1752   0.0422   0.2839   0.0299      0.2   0.1081   0.0121   0.5589   0.0376   0.2263   0.0502   0.0384   0.4591   0.2023   0.3889   0.0083   0.0112   0.2357   0.2697   0.0117   0.0379   0.1476   0.0296   0.0166   0.0257    0.096   0.1124   0.0835   0.3803   0.0152   0.0776   0.4139   0.0325   0.0206   0.5954   0.3121   0.1198   0.1674   0.0518   0.1724   0.1446   0.0813   0.0062   0.1157   0.1158   0.0034   0.0664    0.188   0.0165    0.069   0.1193   0.0976   0.0492    0.161   0.0365   0.0325   0.0695   0.7516     0.02   0.1016   0.0101   0.0657   0.0238   0.0101   0.0821   0.1862   0.1375   0.1253   0.1141   0.2213   0.0778   0.5438   0.0745   0.0066   0.0026   0.1895   0.0162    0.222   0.0898   0.0684   0.0926   0.0477   0.0711   0.0242     0.04   0.3638   0.2983   0.0192   0.2067   0.0695   0.0251   0.2627   0.3851   0.1994   0.0314    0.027   0.1149   0.0929   0.0128   0.0094   0.1257    0.119   0.1083    0.119   0.0015   0.0208   0.0224     0.11   0.0461   0.0226   0.0754   0.0128   0.0845   0.1799   0.0564   0.0908   0.0162   0.0197   0.3213   0.1459   0.0693   0.0028   0.1044   0.0324   0.0354   0.1621    0.189   0.0896   0.0912   0.0252   0.0355   0.2462   0.0062   0.0068   0.0083   0.0144    0.101   0.0751   0.0821   0.1471    0.289   0.0242   0.0305   0.0353   0.1168   0.2229   0.0387   0.0429   0.1657   0.0851   0.0088   0.0066   0.0194   0.1499   0.0146   0.1493   0.0063   0.1786   0.1798   0.0475   0.4414   0.0153   0.0081    0.052   0.0057   0.0881   0.0754   0.0254   0.2443   0.2549   0.0965   0.2124   0.0965   0.0206   0.0188   0.1182    0.064   0.2059
  snr   -15.02
    H     5.03
 exon    False

M: alg1
 freq      0.0   0.0019   0.0039   0.0058   0.0077   0.0096   0.0116   0.0135   0.0154   0.0173   0.0193   0.0212   0.0231    0.025    0.027   0.0289   0.0308   0.0328   0.0347   0.0366   0.0385   0.0405   0.0424   0.0443   0.0462   0.0482   0.0501    0.052   0.0539   0.0559   0.0578   0.0597   0.0617   0.0636   0.0655   0.0674   0.0694   0.0713   0.0732   0.0751   0.0771    0.079   0.0809   0.0829   0.0848   0.0867   0.0886   0.0906   0.0925   0.0944   0.0963   0.0983   0.1002   0.1021    0.104    0.106   0.1079   0.1098   0.1118   0.1137   0.1156   0.1175   0.1195   0.1214   0.1233   0.1252   0.1272   0.1291    0.131   0.1329   0.1349   0.1368   0.1387   0.1407   0.1426   0.1445   0.1464   0.1484   0.1503   0.1522   0.1541   0.1561    0.158   0.1599   0.1618   0.1638   0.1657   0.1676   0.1696   0.1715   0.1734   0.1753   0.1773   0.1792   0.1811    0.183    0.185   0.1869   0.1888   0.1908   0.1927   0.1946   0.1965   0.1985   0.2004   0.2023   0.2042   0.2062   0.2081     0.21   0.2119   0.2139   0.2158   0.2177   0.2197   0.2216   0.2235   0.2254   0.2274   0.2293   0.2312   0.2331   0.2351    0.237   0.2389   0.2408   0.2428   0.2447   0.2466   0.2486   0.2505   0.2524   0.2543   0.2563   0.2582   0.2601    0.262    0.264   0.2659   0.2678   0.2697   0.2717   0.2736   0.2755   0.2775   0.2794   0.2813   0.2832   0.2852   0.2871    0.289   0.2909   0.2929   0.2948   0.2967   0.2987   0.3006   0.3025   0.3044   0.3064   0.3083   0.3102   0.3121   0.3141    0.316   0.3179   0.3198   0.3218   0.3237   0.3256   0.3276   0.3295   0.3314   0.3333   0.3353   0.3372   0.3391    0.341    0.343   0.3449   0.3468   0.3487   0.3507   0.3526   0.3545   0.3565   0.3584   0.3603   0.3622   0.3642   0.3661    0.368   0.3699   0.3719   0.3738   0.3757   0.3776   0.3796   0.3815   0.3834   0.3854   0.3873   0.3892   0.3911   0.3931    0.395   0.3969   0.3988   0.4008   0.4027   0.4046   0.4066   0.4085   0.4104   0.4123   0.4143   0.4162   0.4181     0.42    0.422   0.4239   0.4258   0.4277   0.4297   0.4316   0.4335   0.4355   0.4374   0.4393   0.4412   0.4432   0.4451    0.447   0.4489   0.4509   0.4528   0.4547   0.4566   0.4586   0.4605   0.4624   0.4644   0.4663   0.4682   0.4701   0.4721    0.474   0.4759   0.4778   0.4798   0.4817   0.4836   0.4855   0.4875   0.4894   0.4913   0.4933   0.4952   0.4971    0.499
    S      0.0   0.1256   0.1319   0.0644   0.1009   0.0238   0.0841   0.1525   0.3007   0.0453   0.1986   0.0392   0.0603   0.0508   0.0422   0.0342   0.0654   0.2073   0.1231   0.1354   0.0245   0.1702   0.0612   0.2156   0.1306   0.0853   0.0834   0.2701   0.0238   0.2896   0.1986   0.0665   0.1002    0.169   0.0483   0.1401   0.1872   0.1858   0.0469   0.0459   0.0279   0.0106   0.2239   0.1161   0.0199   0.1298   0.0875   0.1512   0.0991     0.05   0.1076   0.1166   0.0687   0.2474   0.0275   0.0474   0.0792   0.0783   0.4075   0.2195   0.0269     0.24   0.0278   0.1331    0.195   0.1044   0.2607   0.0914   0.0288   0.5547   0.2002   0.1342   0.0917   0.0955   0.2132   0.0562   0.0708   0.2141   0.1465   0.2427   0.3858   0.2142    0.071   0.3719   0.1117   0.1766   0.0822   0.0604   0.3455   0.0592   0.4298   0.0733   0.1675   0.0835   0.4066   0.4536   0.0298   0.0621    0.087   0.7773   0.1482   0.1178   0.2085   0.0984   0.0823   0.0186   0.1125   0.2166   0.0173   0.0976   0.0334   0.0302   0.1383   0.1194   0.0047   0.3188   0.0879   0.0434   0.0795   0.1709   0.1105   0.0581   0.1756   0.0752   0.0302   0.1417    0.047   0.0479   0.2085   0.0143   0.0459    0.028   0.0813   0.0136   0.0421   0.1165   0.0848   0.1909   0.2318   0.1035   0.3151   0.0462   0.1621   0.0456    0.087   0.2938    0.217   0.0203    0.201   0.2632   0.1468   0.0874   0.0931   0.1907   0.1748   0.1814    0.095   0.0597   0.0573    0.083   0.0695   0.1647   0.2421   0.0949   0.2185   0.0278   0.3759   0.0428   0.5515   0.1557   0.0142   0.0499   0.1644      1.0   0.2978   0.1517   0.0041   0.0214   0.0757   0.0961   0.0227   0.1874   0.0567   0.1613   0.2631   0.0576   0.0472    0.049   0.0892    0.018   0.0494   0.0364   0.0729   0.0186   0.2775   0.0317   0.1856   0.1447   0.0654    0.174   0.1733    0.088   0.0362   0.1019   0.1359   0.0798   0.2131   0.0988   0.2694   0.1148   0.0638   0.1349   0.0695     0.13   0.1709   0.0873   0.0721   0.2536   0.1654    0.117   0.1175   0.1553   0.1088   0.1227   0.0775    0.082   0.1006   0.1137   0.0976   0.0946    0.051   0.0202   0.0267   0.0592    0.264   0.0437    0.021   0.0549   0.1139   0.1441   0.0758   0.3375   0.0916   0.0675   0.0535   0.0103   0.0935   0.1582   0.0395   0.0937   0.0754   0.0442   0.0495   0.1798    0.035   0.0479   0.0689   0.0565   0.0503   0.1617
  snr   -15.09
    H     5.24
 exon     True

M: alg2
 freq      0.0   0.0019   0.0039   0.0058   0.0077   0.0096   0.0116   0.0135   0.0154   0.0173   0.0193   0.0212   0.0231    0.025    0.027   0.0289   0.0308   0.0328   0.0347   0.0366   0.0385   0.0405   0.0424   0.0443   0.0462   0.0482   0.0501    0.052   0.0539   0.0559   0.0578   0.0597   0.0617   0.0636   0.0655   0.0674   0.0694   0.0713   0.0732   0.0751   0.0771    0.079   0.0809   0.0829   0.0848   0.0867   0.0886   0.0906   0.0925   0.0944   0.0963   0.0983   0.1002   0.1021    0.104    0.106   0.1079   0.1098   0.1118   0.1137   0.1156   0.1175   0.1195   0.1214   0.1233   0.1252   0.1272   0.1291    0.131   0.1329   0.1349   0.1368   0.1387   0.1407   0.1426   0.1445   0.1464   0.1484   0.1503   0.1522   0.1541   0.1561    0.158   0.1599   0.1618   0.1638   0.1657   0.1676   0.1696   0.1715   0.1734   0.1753   0.1773   0.1792   0.1811    0.183    0.185   0.1869   0.1888   0.1908   0.1927   0.1946   0.1965   0.1985   0.2004   0.2023   0.2042   0.2062   0.2081     0.21   0.2119   0.2139   0.2158   0.2177   0.2197   0.2216   0.2235   0.2254   0.2274   0.2293   0.2312   0.2331   0.2351    0.237   0.2389   0.2408   0.2428   0.2447   0.2466   0.2486   0.2505   0.2524   0.2543   0.2563   0.2582   0.2601    0.262    0.264   0.2659   0.2678   0.2697   0.2717   0.2736   0.2755   0.2775   0.2794   0.2813   0.2832   0.2852   0.2871    0.289   0.2909   0.2929   0.2948   0.2967   0.2987   0.3006   0.3025   0.3044   0.3064   0.3083   0.3102   0.3121   0.3141    0.316   0.3179   0.3198   0.3218   0.3237   0.3256   0.3276   0.3295   0.3314   0.3333   0.3353   0.3372   0.3391    0.341    0.343   0.3449   0.3468   0.3487   0.3507   0.3526   0.3545   0.3565   0.3584   0.3603   0.3622   0.3642   0.3661    0.368   0.3699   0.3719   0.3738   0.3757   0.3776   0.3796   0.3815   0.3834   0.3854   0.3873   0.3892   0.3911   0.3931    0.395   0.3969   0.3988   0.4008   0.4027   0.4046   0.4066   0.4085   0.4104   0.4123   0.4143   0.4162   0.4181     0.42    0.422   0.4239   0.4258   0.4277   0.4297   0.4316   0.4335   0.4355   0.4374   0.4393   0.4412   0.4432   0.4451    0.447   0.4489   0.4509   0.4528   0.4547   0.4566   0.4586   0.4605   0.4624   0.4644   0.4663   0.4682   0.4701   0.4721    0.474   0.4759   0.4778   0.4798   0.4817   0.4836   0.4855   0.4875   0.4894   0.4913   0.4933   0.4952   0.4971    0.499
    S      0.0   0.1808   0.0125   0.0247    0.036    0.014   0.0696   0.0037   0.1463   0.0869   0.0092   0.1077   0.1793   0.0841   0.0084    0.021   0.1004   0.1046   0.0055    0.079    0.008   0.0326   0.0153   0.1912   0.0513   0.0831    0.071   0.1463   0.0018   0.0386   0.1546   0.0403   0.1461   0.1367   0.0244   0.3575    0.055   0.1336   0.0113   0.0016   0.0223   0.0615   0.1693   0.0592   0.0316   0.1826   0.0971   0.1753   0.1016   0.0173   0.0127   0.0647   0.0849   0.2249   0.0979   0.0357   0.0248   0.0051   0.2592   0.2632   0.0047   0.2864   0.0185   0.2468   0.0235   0.0323   0.1193   0.0615   0.1492   0.2775     0.09   0.1357   0.1081   0.0935   0.1287   0.0848   0.1641   0.0122   0.1552   0.0874   0.1757   0.1073   0.0358   0.3849   0.0576   0.0641   0.1121   0.0645   0.3976   0.0114   0.1052   0.0476   0.0136   0.2534   0.0754   0.0319   0.0114   0.0051   0.2595   0.2512   0.0292   0.0894   0.0464   0.0767   0.1836   0.0496   0.2195   0.2629   0.0193   0.0806   0.0176   0.0392   0.1703   0.1086   0.0144   0.3335   0.0978   0.0636   0.0116   0.1148   0.0085   0.1019   0.0304   0.0123   0.3792   0.1701   0.0562   0.1569   0.0042   0.0018   0.0386   0.0854   0.0128   0.0513   0.0834   0.0899   0.0328   0.1874   0.0973   0.2939   0.0024   0.0008   0.0621   0.0152   0.0966   0.1097   0.0326   0.0194   0.1347   0.2046   0.0414   0.0461   0.2106   0.0079   0.4123    0.193   0.0084   0.0038   0.0491   0.0286   0.0316   0.0366   0.3499   0.0514   0.2653    0.075      1.0   0.0449   0.0846   0.1204   0.0798   0.0075   0.1119   0.4522   0.1588   0.1863   0.1269   0.0794   0.1952   0.0975   0.0722   0.0571   0.0095   0.2563   0.0286    0.168   0.1384   0.0502   0.1454   0.1365   0.0319   0.0069   0.0395   0.0632    0.051   0.0098   0.2847   0.0681    0.048   0.2607   0.2512   0.0876   0.0375    0.075   0.0411   0.0309   0.1957    0.036    0.096   0.0424   0.0094   0.0064   0.0314   0.2466   0.0923    0.023   0.0114   0.0475   0.0389   0.0382   0.1247   0.0238   0.0752   0.1864   0.0365   0.2023    0.084   0.0874   0.0107    0.081   0.0245   0.0263   0.0407   0.0012   0.0086   0.0468   0.0652   0.0356   0.0256   0.1559   0.0766   0.2517    0.025   0.1148   0.0565   0.0041    0.089   0.0147   0.1807   0.0315    0.019   0.0783   0.0474   0.0692   0.0041   0.0306   0.1426   0.0118   0.0077   0.1858
  snr    -13.8
    H      5.1
 exon     True