>YPL047W
N: 300
Methods: voss, eiip, qpsk, mem, alg1, alg2

M: voss
 freq      0.0   0.0033   0.0067     0.01   0.0133   0.0167     0.02   0.0233   0.0267     0.03   0.0333   0.0367     0.04   0.0433   0.0467     0.05   0.0533   0.0567     0.06   0.0633   0.0667     0.07   0.0733   0.0767     0.08   0.0833   0.0867     0.09   0.0933   0.0967      0.1   0.1033   0.1067     0.11   0.1133   0.1167     0.12   0.1233   0.1267     0.13   0.1333   0.1367     0.14   0.1433   0.1467     0.15   0.1533   0.1567     0.16   0.1633   0.1667     0.17   0.1733   0.1767     0.18   0.1833   0.1867     0.19   0.1933   0.1967      0.2   0.2033   0.2067     0.21   0.2133   0.2167     0.22   0.2233   0.2267     0.23   0.2333   0.2367     0.24   0.2433   0.2467     0.25   0.2533   0.2567     0.26   0.2633   0.2667     0.27   0.2733   0.2767     0.28   0.2833   0.2867     0.29   0.2933   0.2967      0.3   0.3033   0.3067     0.31   0.3133   0.3167     0.32   0.3233   0.3267     0.33   0.3333   0.3367     0.34   0.3433   0.3467     0.35   0.3533   0.3567     0.36   0.3633   0.3667     0.37   0.3733   0.3767     0.38   0.3833   0.3867     0.39   0.3933   0.3967      0.4   0.4033   0.4067     0.41   0.4133   0.4167     0.42   0.4233   0.4267     0.43   0.4333   0.4367     0.44   0.4433   0.4467     0.45   0.4533   0.4567     0.46   0.4633   0.4667     0.47   0.4733   0.4767     0.48   0.4833   0.4867     0.49   0.4933   0.4967
    S      0.0   0.1745   0.1214   0.1136   0.2759   0.2859   0.4886   0.0546   0.2343   0.1775    0.353    0.066   0.1049   0.0702   0.2021   0.0297   0.2665   0.1861   0.1964   0.1679   0.1417   0.1778   0.1871      1.0   0.1544   0.1295   0.3034   0.1449   0.1455   0.2288   0.2869   0.1487   0.2686   0.1208   0.1384   0.2593   0.2075    0.514   0.1863   0.2581   0.2403   0.0745   0.2282   0.1976   0.1403   0.1256   0.1715   0.0957   0.0706   0.1075   0.3555   0.0934   0.1517   0.1253   0.2225   0.2592   0.1311   0.2167    0.321   0.1523   0.2412   0.0722    0.184   0.1025   0.2207   0.2879   0.2563   0.2552   0.1545    0.223   0.1762   0.0698   0.0847   0.2432   0.5374   0.1179   0.1214   0.0664   0.2968   0.1368   0.5332   0.3365   0.2218   0.2132   0.2555   0.0689   0.1316    0.532   0.1351   0.1497   0.1508   0.1603   0.1655   0.1976   0.2225   0.1708   0.1335   0.1565   0.1581   0.3541   0.2744   0.3955   0.1587    0.111   0.7377   0.2145    0.117   0.1924   0.2034   0.1203   0.0971    0.387   0.0513   0.1815   0.2648   0.3344   0.5418   0.2196   0.0789   0.2154   0.1829   0.1053   0.1555   0.4483   0.1224   0.1295   0.3949   0.1801   0.1641   0.3024   0.3127    0.322    0.086    0.096   0.1661   0.1982   0.2062   0.3371   0.7146    0.274   0.2402   0.0795   0.1108   0.3757   0.0472      0.2   0.6422   0.1422   0.0836   0.1281
  snr   -14.94
    H     4.83
 exon    False

M: eiip
 freq      0.0   0.0033   0.0067     0.01   0.0133   0.0167     0.02   0.0233   0.0267     0.03   0.0333   0.0367     0.04   0.0433   0.0467     0.05   0.0533   0.0567     0.06   0.0633   0.0667     0.07   0.0733   0.0767     0.08   0.0833   0.0867     0.09   0.0933   0.0967      0.1   0.1033   0.1067     0.11   0.1133   0.1167     0.12   0.1233   0.1267     0.13   0.1333   0.1367     0.14   0.1433   0.1467     0.15   0.1533   0.1567     0.16   0.1633   0.1667     0.17   0.1733   0.1767     0.18   0.1833   0.1867     0.19   0.1933   0.1967      0.2   0.2033   0.2067     0.21   0.2133   0.2167     0.22   0.2233   0.2267     0.23   0.2333   0.2367     0.24   0.2433   0.2467     0.25   0.2533   0.2567     0.26   0.2633   0.2667     0.27   0.2733   0.2767     0.28   0.2833   0.2867     0.29   0.2933   0.2967      0.3   0.3033   0.3067     0.31   0.3133   0.3167     0.32   0.3233   0.3267     0.33   0.3333   0.3367     0.34   0.3433   0.3467     0.35   0.3533   0.3567     0.36   0.3633   0.3667     0.37   0.3733   0.3767     0.38   0.3833   0.3867     0.39   0.3933   0.3967      0.4   0.4033   0.4067     0.41   0.4133   0.4167     0.42   0.4233   0.4267     0.43   0.4333   0.4367     0.44   0.4433   0.4467     0.45   0.4533   0.4567     0.46   0.4633   0.4667     0.47   0.4733   0.4767     0.48   0.4833   0.4867     0.49   0.4933   0.4967
    S      0.0   0.2149   0.1302   0.0408   0.1334   0.2798   0.4967   0.0187   0.3357   0.0664   0.0472   0.0502   0.0844   0.1269   0.1258   0.0171   0.0681   0.2154   0.2073   0.0091   0.1185   0.0584    0.048   0.3993    0.018   0.1582   0.0339    0.061   0.0484   0.0246    0.402   0.2698   0.1719    0.191   0.0709   0.1726   0.0011   0.5223   0.1723   0.0086   0.3977   0.1048   0.0371   0.2166   0.2728   0.1031   0.1711   0.0007   0.0151   0.0428   0.1454   0.0808   0.0229   0.2014   0.2719   0.3195   0.1156   0.0385   0.1359   0.0966   0.2199   0.0479   0.0164   0.1469   0.0703   0.2015   0.2372   0.0307    0.083   0.1145   0.1324   0.0072   0.1064   0.1741   0.3517   0.0157   0.0651   0.0022   0.2553   0.0582   0.0163   0.5566   0.0867   0.2487   0.2843    0.018   0.1667   0.4655   0.0165   0.0141   0.0632     0.06   0.2138   0.2641   0.1286   0.2864   0.1323   0.0236   0.1079   0.0714   0.0185   0.1647   0.2306   0.0339      1.0   0.0294   0.1056   0.0231   0.0352   0.0044   0.0593   0.1225   0.0983   0.2141   0.3259    0.043   0.1454   0.3013   0.0016   0.0081   0.0631   0.0698    0.205   0.1329   0.0119    0.046   0.2329   0.1646   0.2626   0.0985   0.0053   0.2147   0.0026   0.0453   0.3106   0.3516   0.0851   0.3247   0.2728   0.1055   0.0422   0.0314   0.1047   0.0003   0.0067   0.0043   0.0396   0.1756   0.1295   0.0981
  snr   -12.92
    H     4.57
 exon     True

M: qpsk
 freq      0.0   0.0033   0.0067     0.01   0.0133   0.0167     0.02   0.0233   0.0267     0.03   0.0333   0.0367     0.04   0.0433   0.0467     0.05   0.0533   0.0567     0.06   0.0633   0.0667     0.07   0.0733   0.0767     0.08   0.0833   0.0867     0.09   0.0933   0.0967      0.1   0.1033   0.1067     0.11   0.1133   0.1167     0.12   0.1233   0.1267     0.13   0.1333   0.1367     0.14   0.1433   0.1467     0.15   0.1533   0.1567     0.16   0.1633   0.1667     0.17   0.1733   0.1767     0.18   0.1833   0.1867     0.19   0.1933   0.1967      0.2   0.2033   0.2067     0.21   0.2133   0.2167     0.22   0.2233   0.2267     0.23   0.2333   0.2367     0.24   0.2433   0.2467     0.25   0.2533   0.2567     0.26   0.2633   0.2667     0.27   0.2733   0.2767     0.28   0.2833   0.2867     0.29   0.2933   0.2967      0.3   0.3033   0.3067     0.31   0.3133   0.3167     0.32   0.3233   0.3267     0.33   0.3333   0.3367     0.34   0.3433   0.3467     0.35   0.3533   0.3567     0.36   0.3633   0.3667     0.37   0.3733   0.3767     0.38   0.3833   0.3867     0.39   0.3933   0.3967      0.4   0.4033   0.4067     0.41   0.4133   0.4167     0.42   0.4233   0.4267     0.43   0.4333   0.4367     0.44   0.4433   0.4467     0.45   0.4533   0.4567     0.46   0.4633   0.4667     0.47   0.4733   0.4767     0.48   0.4833   0.4867     0.49   0.4933   0.4967
    S      0.0    0.085   0.1203   0.1088   0.0964   0.1956   0.1532   0.0511   0.2748   0.1752   0.1628   0.0442    0.096   0.0691   0.1372   0.0249   0.2143   0.1772   0.2119   0.1581   0.1221   0.1167   0.1622      1.0   0.1641   0.1449   0.1459   0.1038   0.0108   0.1927   0.1075   0.1153   0.2515   0.1381   0.1294   0.1495   0.1387   0.3591   0.2154   0.1982   0.2504   0.0588   0.1729    0.219   0.0908   0.1395   0.1043   0.0625   0.0277   0.0387   0.2472   0.0447   0.0994   0.1439   0.2536   0.2203   0.1234   0.0472   0.0919   0.1782   0.2821   0.0175   0.1119   0.0833   0.1423   0.2247   0.2822   0.2734    0.113   0.1169   0.0526   0.0582   0.0469   0.2465    0.542   0.0934   0.1166    0.018   0.0758   0.0716   0.6049   0.1437   0.1014   0.2416   0.2919   0.0682   0.1199    0.293   0.1525   0.1728   0.1431   0.1439   0.1928   0.1929   0.2106   0.1649   0.1111   0.0709   0.1326   0.3161    0.115   0.4421   0.1863   0.0954   0.7877   0.0878   0.0916   0.2037   0.1869    0.119   0.1096   0.3418   0.0476   0.0707   0.2724   0.2931   0.2694   0.0888   0.0332   0.2424   0.0733   0.0773   0.1399    0.284   0.0766   0.0897   0.1944   0.1597   0.1514   0.2292   0.2479   0.0436   0.0487   0.1074   0.1574   0.2125   0.0738   0.3417   0.6746   0.3117    0.092   0.0834   0.0766   0.4329   0.0441   0.1802   0.2855   0.0947   0.0862   0.0665
  snr   -13.84
    H     4.76
 exon    False

M: mem
 freq      0.0   0.0033   0.0067     0.01   0.0133   0.0167     0.02   0.0233   0.0267     0.03   0.0333   0.0367     0.04   0.0433   0.0467     0.05   0.0533   0.0567     0.06   0.0633   0.0667     0.07   0.0733   0.0767     0.08   0.0833   0.0867     0.09   0.0933   0.0967      0.1   0.1033   0.1067     0.11   0.1133   0.1167     0.12   0.1233   0.1267     0.13   0.1333   0.1367     0.14   0.1433   0.1467     0.15   0.1533   0.1567     0.16   0.1633   0.1667     0.17   0.1733   0.1767     0.18   0.1833   0.1867     0.19   0.1933   0.1967      0.2   0.2033   0.2067     0.21   0.2133   0.2167     0.22   0.2233   0.2267     0.23   0.2333   0.2367     0.24   0.2433   0.2467     0.25   0.2533   0.2567     0.26   0.2633   0.2667     0.27   0.2733   0.2767     0.28   0.2833   0.2867     0.29   0.2933   0.2967      0.3   0.3033   0.3067     0.31   0.3133   0.3167     0.32   0.3233   0.3267     0.33   0.3333   0.3367     0.34   0.3433   0.3467     0.35   0.3533   0.3567     0.36   0.3633   0.3667     0.37   0.3733   0.3767     0.38   0.3833   0.3867     0.39   0.3933   0.3967      0.4   0.4033   0.4067     0.41   0.4133   0.4167     0.42   0.4233   0.4267     0.43   0.4333   0.4367     0.44   0.4433   0.4467     0.45   0.4533   0.4567     0.46   0.4633   0.4667     0.47   0.4733   0.4767     0.48   0.4833   0.4867     0.49   0.4933   0.4967
    S      0.0   0.0385    0.003   0.1274     0.13   0.2138   0.0062   0.0406   0.2255   0.1603   0.2049   0.0201   0.0401   0.0286   0.0389   0.0268   0.3678   0.0768   0.1997   0.1054   0.1342   0.1444    0.261      1.0   0.2073   0.1306   0.2518   0.1079   0.0169   0.1132   0.0739   0.0769   0.2243   0.1133   0.0618   0.2078   0.0255   0.2702   0.1848   0.3352    0.179   0.0151   0.2198   0.0042   0.0239   0.1408   0.1431   0.1281   0.0426   0.0514   0.3257   0.0346   0.1489   0.0869   0.1245   0.1512   0.0417   0.0575   0.0103   0.1319   0.1041   0.0248   0.0797   0.0897   0.1721   0.0933   0.4065   0.4332   0.1275   0.0956   0.0482   0.0045   0.0132   0.2039   0.8746   0.1388   0.1765   0.0208   0.0307    0.119   0.8352   0.0475   0.1248   0.1771   0.1876   0.0044   0.1427   0.2062   0.1031    0.224    0.019   0.0065   0.2185   0.1451   0.2752   0.0793   0.0501   0.0154   0.0556   0.3519   0.1225   0.6365    0.063   0.1735   0.8378   0.2111   0.0348   0.0263   0.0846   0.1185   0.0936   0.1099   0.0073   0.0733   0.0038    0.318   0.4426   0.0122   0.0678   0.2271   0.0198   0.0033   0.0227    0.475   0.1434    0.121   0.0171   0.1222   0.1625   0.2551    0.428    0.102   0.0539    0.027    0.051   0.0684      0.1   0.0791   0.1106   0.1017    0.031   0.0305    0.031   0.4702   0.0548   0.2369   0.6208   0.1171   0.0825   0.0005
  snr    -13.3
    H     4.52
 exon    False

M: alg1
 freq      0.0   0.0033   0.0067     0.01   0.0133   0.0167     0.02   0.0233   0.0267     0.03   0.0333   0.0367     0.04   0.0433   0.0467     0.05   0.0533   0.0567     0.06   0.0633   0.0667     0.07   0.0733   0.0767     0.08   0.0833   0.0867     0.09   0.0933   0.0967      0.1   0.1033   0.1067     0.11   0.1133   0.1167     0.12   0.1233   0.1267     0.13   0.1333   0.1367     0.14   0.1433   0.1467     0.15   0.1533   0.1567     0.16   0.1633   0.1667     0.17   0.1733   0.1767     0.18   0.1833   0.1867     0.19   0.1933   0.1967      0.2   0.2033   0.2067     0.21   0.2133   0.2167     0.22   0.2233   0.2267     0.23   0.2333   0.2367     0.24   0.2433   0.2467     0.25   0.2533   0.2567     0.26   0.2633   0.2667     0.27   0.2733   0.2767     0.28   0.2833   0.2867     0.29   0.2933   0.2967      0.3   0.3033   0.3067     0.31   0.3133   0.3167     0.32   0.3233   0.3267     0.33   0.3333   0.3367     0.34   0.3433   0.3467     0.35   0.3533   0.3567     0.36   0.3633   0.3667     0.37   0.3733   0.3767     0.38   0.3833   0.3867     0.39   0.3933   0.3967      0.4   0.4033   0.4067     0.41   0.4133   0.4167     0.42   0.4233   0.4267     0.43   0.4333   0.4367     0.44   0.4433   0.4467     0.45   0.4533   0.4567     0.46   0.4633   0.4667     0.47   0.4733   0.4767     0.48   0.4833   0.4867     0.49   0.4933   0.4967
    S      0.0   0.0571   0.0737    0.121   0.2388   0.2658    0.388   0.0096     0.11   0.1311   0.5994   0.0453   0.0108    0.007    0.147   0.0342   0.3504   0.0122   0.1436   0.1285   0.0127   0.0854   0.1267      1.0   0.0488   0.1057   0.3415   0.1337   0.1986   0.2562   0.1174   0.0109   0.1957   0.0356   0.0736    0.147   0.2447   0.0961   0.0546   0.2683   0.0496    0.012   0.1846   0.0992    0.024   0.0087   0.0887   0.1032   0.0782   0.1547    0.334   0.0442    0.233   0.0432   0.0509   0.0172   0.0821    0.321   0.3445   0.0425   0.1459    0.082   0.1637   0.0036   0.1712   0.1718   0.0372     0.11   0.0652   0.1271   0.1344   0.0739   0.0212   0.3015   0.3417   0.0553   0.1187   0.1079   0.2568   0.1083   0.0767   0.1138   0.1684   0.1451    0.103   0.0612   0.0702     0.24   0.0454   0.0116   0.1848   0.1794   0.0803   0.1364   0.2828    0.081   0.0215   0.1639   0.0473   0.1473   0.4723   0.2084   0.0868    0.118   0.0484   0.2873   0.0963   0.1197   0.1264   0.0399   0.0651    0.229   0.0082   0.1096   0.0733    0.116   0.4043   0.1043   0.1256   0.0521    0.167   0.0835   0.0434    0.347   0.1884     0.06   0.3172   0.0892   0.0045   0.1464   0.1982   0.3266   0.1244   0.0663   0.0485   0.0429   0.2927     0.06   0.7844   0.0508   0.3026   0.0258   0.0252   0.0272   0.0232   0.0921   0.9837   0.0582   0.0316    0.101
  snr   -13.16
    H      4.6
 exon    False

M: alg2
 freq      0.0   0.0033   0.0067     0.01   0.0133   0.0167     0.02   0.0233   0.0267     0.03   0.0333   0.0367     0.04   0.0433   0.0467     0.05   0.0533   0.0567     0.06   0.0633   0.0667     0.07   0.0733   0.0767     0.08   0.0833   0.0867     0.09   0.0933   0.0967      0.1   0.1033   0.1067     0.11   0.1133   0.1167     0.12   0.1233   0.1267     0.13   0.1333   0.1367     0.14   0.1433   0.1467     0.15   0.1533   0.1567     0.16   0.1633   0.1667     0.17   0.1733   0.1767     0.18   0.1833   0.1867     0.19   0.1933   0.1967      0.2   0.2033   0.2067     0.21   0.2133   0.2167     0.22   0.2233   0.2267     0.23   0.2333   0.2367     0.24   0.2433   0.2467     0.25   0.2533   0.2567     0.26   0.2633   0.2667     0.27   0.2733   0.2767     0.28   0.2833   0.2867     0.29   0.2933   0.2967      0.3   0.3033   0.3067     0.31   0.3133   0.3167     0.32   0.3233   0.3267     0.33   0.3333   0.3367     0.34   0.3433   0.3467     0.35   0.3533   0.3567     0.36   0.3633   0.3667     0.37   0.3733   0.3767     0.38   0.3833   0.3867     0.39   0.3933   0.3967      0.4   0.4033   0.4067     0.41   0.4133   0.4167     0.42   0.4233   0.4267     0.43   0.4333   0.4367     0.44   0.4433   0.4467     0.45   0.4533   0.4567     0.46   0.4633   0.4667     0.47   0.4733   0.4767     0.48   0.4833   0.4867     0.49   0.4933   0.4967
    S      0.0   0.1619   0.0377   0.0429   0.0335   0.2163   0.3097   0.0046   0.2383   0.1048   0.0289   0.0514   0.0184   0.0741   0.0263   0.0102   0.1083   0.1077   0.1782   0.0391   0.1836   0.0193   0.0673   0.4279   0.0996   0.1153   0.0904   0.0216    0.041   0.0258   0.2552    0.188   0.2066   0.1397   0.0122   0.2289    0.031    0.506   0.1682   0.0667    0.301   0.0604   0.0248   0.0602   0.1542   0.1131   0.1758   0.0209   0.0043   0.0289   0.0745   0.1024   0.0247   0.1283   0.1514    0.258   0.0304   0.0202   0.1724   0.0764   0.0975   0.0372   0.0414   0.1568   0.0188   0.0385   0.3417   0.1452   0.0338   0.0701    0.148   0.0081   0.0348   0.1064   0.5036    0.016   0.0729   0.0061   0.1075   0.0825   0.2758   0.3167   0.0242   0.1495   0.1639   0.0013   0.1505   0.1242   0.0328   0.1029   0.0132   0.0072    0.189   0.1877   0.1195   0.1665   0.0947   0.0626    0.017   0.0444   0.0067   0.2881   0.1044   0.0601      1.0   0.0358   0.0331   0.0145   0.0136   0.0262    0.054   0.1787   0.0468   0.1337   0.0798   0.1024   0.0612   0.1972   0.0079   0.0794   0.1118   0.0207   0.1076   0.0844    0.024   0.0205   0.1951   0.1754   0.2525   0.0274   0.0631   0.1017    0.005   0.0139   0.1665   0.1723   0.0519   0.1507    0.109   0.0162   0.0366   0.0044   0.0236   0.1521   0.0297   0.0644   0.0637   0.1623    0.097   0.0542
  snr   -11.78
    H     4.56
 exon     True