>YPL096C-A
N: 207
Methods: voss, eiip, qpsk, mem, tbpse, snrse

M: voss
 freq      0.0   0.0048   0.0097   0.0145   0.0193   0.0242    0.029   0.0338   0.0386   0.0435   0.0483   0.0531    0.058   0.0628   0.0676   0.0725   0.0773   0.0821    0.087   0.0918   0.0966   0.1014   0.1063   0.1111   0.1159   0.1208   0.1256   0.1304   0.1353   0.1401   0.1449   0.1498   0.1546   0.1594   0.1643   0.1691   0.1739   0.1787   0.1836   0.1884   0.1932   0.1981   0.2029   0.2077   0.2126   0.2174   0.2222   0.2271   0.2319   0.2367   0.2415   0.2464   0.2512    0.256   0.2609   0.2657   0.2705   0.2754   0.2802    0.285   0.2899   0.2947   0.2995   0.3043   0.3092    0.314   0.3188   0.3237   0.3285   0.3333   0.3382    0.343   0.3478   0.3527   0.3575   0.3623   0.3671    0.372   0.3768   0.3816   0.3865   0.3913   0.3961    0.401   0.4058   0.4106   0.4155   0.4203   0.4251     0.43   0.4348   0.4396   0.4444   0.4493   0.4541   0.4589   0.4638   0.4686   0.4734   0.4783   0.4831   0.4879   0.4928   0.4976
    S      0.0    0.583   0.4941   0.2161   0.1536   0.4317   0.0996   0.3363     0.14   0.2431   0.2036   0.1466   0.6431   0.1042   0.3687   0.0323   0.1784   0.1441   0.2097   0.2704   0.1152   0.3384   0.0665   0.1955   0.6571   0.3997   0.5784   0.2423   0.6477   0.1529   0.3062   0.1988   0.4337   0.2309   0.3147   0.0678   0.0947   0.2656   0.0584   0.1796   0.2402   0.2296   0.0604    0.236   0.2019   0.4279   0.2422   0.5726   0.1322   0.0565   0.2567   0.3346   0.4051   0.2991   0.1835   0.1714   0.3797   0.4348    0.111   0.2262   0.2929   0.8943    0.431   0.4855   0.1062   0.1586   0.2806   0.5384   0.0777   0.1016   0.1381   0.0503   0.2789   0.0879   0.1454   0.1789   0.1283   0.5096   0.6897   0.4161      1.0   0.2671   0.1878   0.0483   0.2192   0.2897   0.0482   0.0925   0.5408   0.1758   0.1747   0.0917   0.1131   0.3744   0.2916   0.2376   0.5847   0.1788   0.4291   0.3819   0.1836   0.0747   0.0387   0.5678
  snr   -14.37
    H     4.41
 exon    False

M: eiip
 freq      0.0   0.0048   0.0097   0.0145   0.0193   0.0242    0.029   0.0338   0.0386   0.0435   0.0483   0.0531    0.058   0.0628   0.0676   0.0725   0.0773   0.0821    0.087   0.0918   0.0966   0.1014   0.1063   0.1111   0.1159   0.1208   0.1256   0.1304   0.1353   0.1401   0.1449   0.1498   0.1546   0.1594   0.1643   0.1691   0.1739   0.1787   0.1836   0.1884   0.1932   0.1981   0.2029   0.2077   0.2126   0.2174   0.2222   0.2271   0.2319   0.2367   0.2415   0.2464   0.2512    0.256   0.2609   0.2657   0.2705   0.2754   0.2802    0.285   0.2899   0.2947   0.2995   0.3043   0.3092    0.314   0.3188   0.3237   0.3285   0.3333   0.3382    0.343   0.3478   0.3527   0.3575   0.3623   0.3671    0.372   0.3768   0.3816   0.3865   0.3913   0.3961    0.401   0.4058   0.4106   0.4155   0.4203   0.4251     0.43   0.4348   0.4396   0.4444   0.4493   0.4541   0.4589   0.4638   0.4686   0.4734   0.4783   0.4831   0.4879   0.4928   0.4976
    S      0.0   0.4644   0.0085   0.0442   0.0198   0.0533   0.0611   0.2036   0.0918   0.0963   0.1916   0.1041   0.4989   0.1651     0.34    0.016   0.1168   0.0796   0.3268   0.4159   0.0419   0.0568   0.1221   0.0412   0.1027   0.5838   0.8354   0.0699      1.0   0.2211   0.1454   0.2858    0.446   0.1918   0.0339   0.0179   0.0748    0.047   0.0154   0.1924   0.2161   0.1608   0.0795   0.2532   0.1524   0.5243   0.2503   0.2103   0.0845   0.0351   0.1361   0.6651   0.3616   0.2422   0.0222   0.1212   0.3648   0.1331   0.1371   0.1802   0.0712   0.1102   0.1029   0.1269   0.0021   0.0438   0.0103   0.2222   0.1068   0.0336   0.1606   0.0784   0.0275   0.1005   0.0354   0.3289   0.0047   0.7392    0.581    0.695   0.3403   0.0697   0.0349   0.0832   0.3919   0.1277   0.0151   0.0339   0.3049   0.0153   0.0142   0.0447   0.1731   0.5998   0.1117   0.0693   0.5506   0.2593   0.0659   0.3875    0.204   0.1384   0.0007   0.4252
  snr   -12.83
    H     4.18
 exon    False

M: qpsk
 freq      0.0   0.0048   0.0097   0.0145   0.0193   0.0242    0.029   0.0338   0.0386   0.0435   0.0483   0.0531    0.058   0.0628   0.0676   0.0725   0.0773   0.0821    0.087   0.0918   0.0966   0.1014   0.1063   0.1111   0.1159   0.1208   0.1256   0.1304   0.1353   0.1401   0.1449   0.1498   0.1546   0.1594   0.1643   0.1691   0.1739   0.1787   0.1836   0.1884   0.1932   0.1981   0.2029   0.2077   0.2126   0.2174   0.2222   0.2271   0.2319   0.2367   0.2415   0.2464   0.2512    0.256   0.2609   0.2657   0.2705   0.2754   0.2802    0.285   0.2899   0.2947   0.2995   0.3043   0.3092    0.314   0.3188   0.3237   0.3285   0.3333   0.3382    0.343   0.3478   0.3527   0.3575   0.3623   0.3671    0.372   0.3768   0.3816   0.3865   0.3913   0.3961    0.401   0.4058   0.4106   0.4155   0.4203   0.4251     0.43   0.4348   0.4396   0.4444   0.4493   0.4541   0.4589   0.4638   0.4686   0.4734   0.4783   0.4831   0.4879   0.4928   0.4976
    S      0.0   0.6896   0.4044   0.1375   0.0308    0.182   0.0883   0.2672   0.1414    0.126    0.219   0.0517   0.2585   0.0693   0.3917   0.0383   0.0514   0.1391   0.1541   0.2738    0.117   0.3684   0.0642    0.073   0.4342   0.1756   0.2811   0.2434   0.7239   0.1802   0.2235   0.2342   0.3246   0.0361   0.0823   0.0177   0.1115   0.2102   0.0395   0.1314   0.0605   0.2201   0.0461   0.2301    0.208    0.272   0.2237    0.571   0.1113   0.0124   0.1645   0.2863   0.3375   0.2457   0.1751   0.1121    0.237   0.2628   0.0916   0.0434   0.0229   0.5874   0.3167   0.3651   0.0452   0.1552   0.2151   0.5863    0.092    0.017   0.1614   0.0501   0.2522   0.0156   0.1268   0.0913   0.0963   0.5755   0.7325   0.4854      1.0   0.1382   0.1522   0.0469   0.1096   0.1979   0.0484    0.101   0.2632   0.2083   0.1571   0.0838   0.1042   0.3435   0.2111   0.2258   0.6504   0.1352   0.4735   0.2454   0.1735   0.0723   0.0269   0.6332
  snr   -13.32
    H     4.32
 exon    False

M: mem
 freq      0.0   0.0049   0.0097   0.0146   0.0194   0.0243   0.0291    0.034   0.0388   0.0437   0.0485   0.0534   0.0583   0.0631    0.068   0.0728   0.0777   0.0825   0.0874   0.0922   0.0971   0.1019   0.1068   0.1117   0.1165   0.1214   0.1262   0.1311   0.1359   0.1408   0.1456   0.1505   0.1553   0.1602    0.165   0.1699   0.1748   0.1796   0.1845   0.1893   0.1942    0.199   0.2039   0.2087   0.2136   0.2184   0.2233   0.2282    0.233   0.2379   0.2427   0.2476   0.2524   0.2573   0.2621    0.267   0.2718   0.2767   0.2816   0.2864   0.2913   0.2961    0.301   0.3058   0.3107   0.3155   0.3204   0.3252   0.3301    0.335   0.3398   0.3447   0.3495   0.3544   0.3592   0.3641   0.3689   0.3738   0.3786   0.3835   0.3883   0.3932   0.3981   0.4029   0.4078   0.4126   0.4175   0.4223   0.4272    0.432   0.4369   0.4417   0.4466   0.4515   0.4563   0.4612    0.466   0.4709   0.4757   0.4806   0.4854   0.4903   0.4951
    S      0.0   0.5777   0.3729   0.0456   0.0208   0.1729   0.0024   0.4494   0.1033   0.0783   0.0703     0.06   0.0009   0.0259   0.4109   0.0157   0.0281   0.0258   0.3048    0.215   0.1517   0.1079   0.0843    0.053   0.1856   0.0165    0.693    0.003   0.7668   0.1511   0.0128   0.0272   0.0837   0.0919   0.0445   0.0068   0.0055   0.1066   0.0882   0.2063    0.089   0.0126   0.0249    0.334   0.0594   0.0803   0.1078   0.5786   0.2226   0.0075   0.1567   0.1759   0.0814   0.0175   0.1555   0.0395   0.3869   0.1599   0.0233   0.0036   0.0797   0.1791   0.4092   0.0038   0.0555   0.0477   0.2672   0.6518   0.0002   0.0828   0.0211   0.0884   0.1383   0.0397   0.2212   0.1882   0.0141    0.325      1.0   0.4851   0.0688   0.0637   0.0142   0.0668    0.311   0.0263   0.0467   0.1846   0.4282   0.0846   0.1683   0.0178   0.1353   0.0124   0.4487   0.1385   0.0745   0.0183   0.7126   0.0109   0.0377    0.078   0.0074
  snr   -11.77
    H     4.02
 exon    False

M: tbpse
 freq      0.0   0.0048   0.0097   0.0145   0.0193   0.0242    0.029   0.0338   0.0386   0.0435   0.0483   0.0531    0.058   0.0628   0.0676   0.0725   0.0773   0.0821    0.087   0.0918   0.0966   0.1014   0.1063   0.1111   0.1159   0.1208   0.1256   0.1304   0.1353   0.1401   0.1449   0.1498   0.1546   0.1594   0.1643   0.1691   0.1739   0.1787   0.1836   0.1884   0.1932   0.1981   0.2029   0.2077   0.2126   0.2174   0.2222   0.2271   0.2319   0.2367   0.2415   0.2464   0.2512    0.256   0.2609   0.2657   0.2705   0.2754   0.2802    0.285   0.2899   0.2947   0.2995   0.3043   0.3092    0.314   0.3188   0.3237   0.3285   0.3333   0.3382    0.343   0.3478   0.3527   0.3575   0.3623   0.3671    0.372   0.3768   0.3816   0.3865   0.3913   0.3961    0.401   0.4058   0.4106   0.4155   0.4203   0.4251     0.43   0.4348   0.4396   0.4444   0.4493   0.4541   0.4589   0.4638   0.4686   0.4734   0.4783   0.4831   0.4879   0.4928   0.4976
    S      0.0   0.1049   0.1276   0.2699    0.383   0.8821   0.0911   0.5405   0.1225   0.3124   0.0649   0.2559   0.7548   0.0635   0.0438   0.0083   0.3267    0.137   0.2558   0.1477   0.0376   0.2301   0.0313   0.3532   0.7287    0.453      1.0   0.2876    0.083   0.0074   0.4149   0.0293   0.2506   0.5329   0.6828   0.1673   0.0419   0.1118   0.0505   0.2715   0.4755   0.2155   0.0505   0.1463   0.0708   0.3242   0.1166   0.3744   0.1614   0.1399   0.4756   0.1432   0.2869   0.0986   0.2591   0.0992   0.3377   0.3564   0.0276   0.3807   0.7313   0.9439   0.6237   0.6565   0.1884   0.0675   0.4139   0.0981   0.0121    0.269   0.0339   0.0152   0.3395   0.1642   0.1161   0.2447   0.0704   0.1272   0.3623   0.0413   0.7839   0.5029   0.0469   0.0264   0.2218   0.4973   0.0141   0.0058   0.9957    0.059   0.1162   0.0223   0.0277   0.0795   0.5113   0.1523   0.3145   0.0866   0.2231   0.4065   0.1118   0.0285   0.0701   0.3802
  snr   -14.05
    H     4.23
 exon    False

M: snrse
 freq      0.0   0.0048   0.0097   0.0145   0.0193   0.0242    0.029   0.0338   0.0386   0.0435   0.0483   0.0531    0.058   0.0628   0.0676   0.0725   0.0773   0.0821    0.087   0.0918   0.0966   0.1014   0.1063   0.1111   0.1159   0.1208   0.1256   0.1304   0.1353   0.1401   0.1449   0.1498   0.1546   0.1594   0.1643   0.1691   0.1739   0.1787   0.1836   0.1884   0.1932   0.1981   0.2029   0.2077   0.2126   0.2174   0.2222   0.2271   0.2319   0.2367   0.2415   0.2464   0.2512    0.256   0.2609   0.2657   0.2705   0.2754   0.2802    0.285   0.2899   0.2947   0.2995   0.3043   0.3092    0.314   0.3188   0.3237   0.3285   0.3333   0.3382    0.343   0.3478   0.3527   0.3575   0.3623   0.3671    0.372   0.3768   0.3816   0.3865   0.3913   0.3961    0.401   0.4058   0.4106   0.4155   0.4203   0.4251     0.43   0.4348   0.4396   0.4444   0.4493   0.4541   0.4589   0.4638   0.4686   0.4734   0.4783   0.4831   0.4879   0.4928   0.4976
    S      0.0   0.2898   0.3595   0.1145     0.11   0.2734    0.054   0.0132   0.0742   0.2404   0.1183   0.0905   0.3121   0.0242   0.1387   0.0038    0.125    0.118   0.0133   0.0417   0.0256     0.08   0.0079   0.1888   0.5758   0.1052   0.0347   0.0869   0.2785    0.067   0.2027   0.0665   0.0665   0.0764   0.2411   0.0404   0.0278   0.1904   0.0382   0.0085    0.098   0.0751   0.0133   0.1163   0.2028   0.0679   0.1439   0.4285     0.01   0.0189   0.0992   0.0678   0.2145   0.0572   0.0514   0.1068   0.1579   0.4122   0.0168   0.1335   0.2175      1.0   0.2913    0.476   0.1193   0.0355   0.1417   0.3901   0.0408   0.0512   0.0335    0.009   0.0724   0.0284   0.1334   0.0018    0.131   0.2118   0.1764   0.1844   0.6496   0.2103   0.0958   0.0135    0.023   0.1295   0.0326   0.0433   0.1659   0.0207   0.0628   0.0648   0.0284   0.0701   0.0373   0.1456   0.3776   0.0633   0.0573   0.1169   0.1016   0.0247   0.0231   0.2836
  snr   -11.14
    H     4.17
 exon    False