>YPL098C
N: 342
Methods: voss, eiip, qpsk, mem, alg1, alg2

M: voss
 freq      0.0   0.0029   0.0058   0.0088   0.0117   0.0146   0.0175   0.0205   0.0234   0.0263   0.0292   0.0322   0.0351    0.038   0.0409   0.0439   0.0468   0.0497   0.0526   0.0556   0.0585   0.0614   0.0643   0.0673   0.0702   0.0731    0.076   0.0789   0.0819   0.0848   0.0877   0.0906   0.0936   0.0965   0.0994   0.1023   0.1053   0.1082   0.1111    0.114    0.117   0.1199   0.1228   0.1257   0.1287   0.1316   0.1345   0.1374   0.1404   0.1433   0.1462   0.1491    0.152    0.155   0.1579   0.1608   0.1637   0.1667   0.1696   0.1725   0.1754   0.1784   0.1813   0.1842   0.1871   0.1901    0.193   0.1959   0.1988   0.2018   0.2047   0.2076   0.2105   0.2135   0.2164   0.2193   0.2222   0.2251   0.2281    0.231   0.2339   0.2368   0.2398   0.2427   0.2456   0.2485   0.2515   0.2544   0.2573   0.2602   0.2632   0.2661    0.269   0.2719   0.2749   0.2778   0.2807   0.2836   0.2865   0.2895   0.2924   0.2953   0.2982   0.3012   0.3041    0.307   0.3099   0.3129   0.3158   0.3187   0.3216   0.3246   0.3275   0.3304   0.3333   0.3363   0.3392   0.3421    0.345    0.348   0.3509   0.3538   0.3567   0.3596   0.3626   0.3655   0.3684   0.3713   0.3743   0.3772   0.3801    0.383    0.386   0.3889   0.3918   0.3947   0.3977   0.4006   0.4035   0.4064   0.4094   0.4123   0.4152   0.4181   0.4211    0.424   0.4269   0.4298   0.4327   0.4357   0.4386   0.4415   0.4444   0.4474   0.4503   0.4532   0.4561   0.4591    0.462   0.4649   0.4678   0.4708   0.4737   0.4766   0.4795   0.4825   0.4854   0.4883   0.4912   0.4942   0.4971
    S      0.0   0.3482    0.102   0.5877   0.4411   0.1882   0.3776   0.4054   0.4248   0.5211   0.2479   0.4287   0.2003   0.1957   0.2886   0.3388   0.3066   0.1236   0.4181   0.2834   0.4604   0.1562   0.1284   0.0675   0.2977    0.188      1.0   0.2543   0.2486   0.1953   0.2618   0.3332   0.2127   0.7635   0.2128   0.4289    0.245   0.5658   0.0275   0.4697    0.601   0.2451   0.4576   0.3052   0.5467   0.1512   0.3955   0.9431    0.475   0.3445    0.172   0.3847    0.613    0.067   0.4505   0.1918    0.303   0.5569   0.1746   0.7131   0.4533   0.4631   0.6273   0.5815   0.6328    0.466   0.1484   0.3451   0.2791    0.408   0.4651   0.3904   0.4142   0.6412   0.2293   0.1776    0.277   0.0965   0.1526   0.5186   0.3936   0.3653   0.0535   0.1334    0.182   0.8526   0.1202   0.2576   0.6624   0.3602    0.141   0.2039   0.6276   0.0575   0.7464   0.2583   0.2941    0.028    0.438   0.2699    0.398   0.1794   0.1007   0.2168   0.8695   0.2675   0.2641   0.4235   0.4752   0.2197   0.3392   0.7067   0.5319   0.9782   0.5543   0.6266   0.4664    0.733   0.4012   0.1785   0.3037   0.2186    0.147    0.215   0.3745   0.4717   0.1414    0.094   0.3301    0.188   0.3237    0.416   0.4041   0.5735   0.1265    0.225   0.1608   0.3166   0.2584   0.2245   0.1348   0.5649   0.1757   0.1738   0.2643   0.1122   0.2195   0.3333   0.1762   0.2623   0.1903   0.2654    0.331   0.4015    0.571   0.1946   0.9219   0.2729   0.1103   0.1641   0.3725    0.343   0.0869   0.4148   0.1592   0.1616   0.4229    0.338   0.1178   0.2286   0.2598
  snr   -17.58
    H     4.97
 exon    False

M: eiip
 freq      0.0   0.0029   0.0058   0.0088   0.0117   0.0146   0.0175   0.0205   0.0234   0.0263   0.0292   0.0322   0.0351    0.038   0.0409   0.0439   0.0468   0.0497   0.0526   0.0556   0.0585   0.0614   0.0643   0.0673   0.0702   0.0731    0.076   0.0789   0.0819   0.0848   0.0877   0.0906   0.0936   0.0965   0.0994   0.1023   0.1053   0.1082   0.1111    0.114    0.117   0.1199   0.1228   0.1257   0.1287   0.1316   0.1345   0.1374   0.1404   0.1433   0.1462   0.1491    0.152    0.155   0.1579   0.1608   0.1637   0.1667   0.1696   0.1725   0.1754   0.1784   0.1813   0.1842   0.1871   0.1901    0.193   0.1959   0.1988   0.2018   0.2047   0.2076   0.2105   0.2135   0.2164   0.2193   0.2222   0.2251   0.2281    0.231   0.2339   0.2368   0.2398   0.2427   0.2456   0.2485   0.2515   0.2544   0.2573   0.2602   0.2632   0.2661    0.269   0.2719   0.2749   0.2778   0.2807   0.2836   0.2865   0.2895   0.2924   0.2953   0.2982   0.3012   0.3041    0.307   0.3099   0.3129   0.3158   0.3187   0.3216   0.3246   0.3275   0.3304   0.3333   0.3363   0.3392   0.3421    0.345    0.348   0.3509   0.3538   0.3567   0.3596   0.3626   0.3655   0.3684   0.3713   0.3743   0.3772   0.3801    0.383    0.386   0.3889   0.3918   0.3947   0.3977   0.4006   0.4035   0.4064   0.4094   0.4123   0.4152   0.4181   0.4211    0.424   0.4269   0.4298   0.4327   0.4357   0.4386   0.4415   0.4444   0.4474   0.4503   0.4532   0.4561   0.4591    0.462   0.4649   0.4678   0.4708   0.4737   0.4766   0.4795   0.4825   0.4854   0.4883   0.4912   0.4942   0.4971
    S      0.0   0.0958   0.0062   0.3198   0.2653   0.0481   0.0753   0.1968   0.2798   0.1757   0.0192   0.0852   0.0153   0.0804   0.3374   0.0853   0.1928   0.0331   0.0025   0.1012   0.5594   0.0467   0.1269   0.0039   0.0653   0.1044   0.8491   0.1467   0.2482   0.1712    0.235   0.2323    0.062   0.6964   0.1913   0.3829    0.267   0.1558   0.0148   0.2166   0.5724   0.0375   0.1315   0.2737   0.2747   0.0977   0.1132   0.4414   0.2975   0.0719   0.0638   0.2889   0.1127   0.0016   0.0115   0.1076   0.0161   0.3432    0.165   0.3785   0.0734   0.1513   0.2739   0.1382   0.4949   0.5768   0.1483   0.3643   0.1862   0.0165   0.3563   0.0469   0.4343   0.2554   0.0853   0.0852     0.32   0.0322   0.0707   0.2339   0.1604   0.0148   0.0092   0.0294   0.0967   0.9291   0.0343   0.1669    0.476   0.0333   0.0183   0.0397    0.229   0.0058   0.0936   0.0045    0.016   0.0077   0.0608   0.1873   0.0153   0.1926    0.027   0.0544   0.4356   0.1965   0.1029   0.3561   0.0523    0.124   0.1447   0.3737    0.096      1.0   0.1392   0.3966   0.2249   0.2444   0.2511   0.1085   0.0038   0.1124   0.1243   0.0731   0.4829   0.3571   0.0568   0.0522   0.0983   0.0333    0.082   0.0506   0.1038   0.0806   0.0518   0.1605   0.0678    0.039   0.1181   0.0213   0.0175   0.2046   0.0139   0.0087   0.0125   0.0902   0.1299   0.0044    0.032   0.2702    0.215   0.0804   0.3573   0.1824   0.0675   0.0128   0.6149   0.0575   0.0435   0.0131   0.1108   0.1446   0.0088    0.319   0.1414   0.0256    0.225   0.1592   0.0188   0.0588   0.2998
  snr   -14.41
    H     4.68
 exon     True

M: qpsk
 freq      0.0   0.0029   0.0058   0.0088   0.0117   0.0146   0.0175   0.0205   0.0234   0.0263   0.0292   0.0322   0.0351    0.038   0.0409   0.0439   0.0468   0.0497   0.0526   0.0556   0.0585   0.0614   0.0643   0.0673   0.0702   0.0731    0.076   0.0789   0.0819   0.0848   0.0877   0.0906   0.0936   0.0965   0.0994   0.1023   0.1053   0.1082   0.1111    0.114    0.117   0.1199   0.1228   0.1257   0.1287   0.1316   0.1345   0.1374   0.1404   0.1433   0.1462   0.1491    0.152    0.155   0.1579   0.1608   0.1637   0.1667   0.1696   0.1725   0.1754   0.1784   0.1813   0.1842   0.1871   0.1901    0.193   0.1959   0.1988   0.2018   0.2047   0.2076   0.2105   0.2135   0.2164   0.2193   0.2222   0.2251   0.2281    0.231   0.2339   0.2368   0.2398   0.2427   0.2456   0.2485   0.2515   0.2544   0.2573   0.2602   0.2632   0.2661    0.269   0.2719   0.2749   0.2778   0.2807   0.2836   0.2865   0.2895   0.2924   0.2953   0.2982   0.3012   0.3041    0.307   0.3099   0.3129   0.3158   0.3187   0.3216   0.3246   0.3275   0.3304   0.3333   0.3363   0.3392   0.3421    0.345    0.348   0.3509   0.3538   0.3567   0.3596   0.3626   0.3655   0.3684   0.3713   0.3743   0.3772   0.3801    0.383    0.386   0.3889   0.3918   0.3947   0.3977   0.4006   0.4035   0.4064   0.4094   0.4123   0.4152   0.4181   0.4211    0.424   0.4269   0.4298   0.4327   0.4357   0.4386   0.4415   0.4444   0.4474   0.4503   0.4532   0.4561   0.4591    0.462   0.4649   0.4678   0.4708   0.4737   0.4766   0.4795   0.4825   0.4854   0.4883   0.4912   0.4942   0.4971
    S      0.0   0.0628    0.071   0.2169   0.3911   0.1991   0.3912   0.2488   0.3156   0.1655   0.1812   0.2832   0.1629   0.0979   0.2013   0.1076   0.0339   0.0504   0.4555   0.0721   0.4801   0.0958   0.1309   0.0436   0.2774   0.1428   0.5559   0.2208   0.2468   0.1955   0.0339   0.2555   0.1619   0.5334   0.1934   0.4014   0.1102   0.2771   0.0072   0.4409    0.346   0.2209   0.1609   0.1868    0.266   0.0389    0.361   0.3703   0.5137   0.2184   0.1841   0.4045   0.5681   0.0405   0.3492   0.1966   0.1781   0.5615   0.1191    0.741   0.4918   0.2597   0.5686   0.3747   0.6518   0.1735   0.0795   0.3515   0.1206    0.223   0.1955    0.104   0.3977    0.294   0.2184   0.1235   0.2664   0.1031   0.0474   0.4836   0.2118   0.2397   0.0574   0.1419   0.1539   0.8314      0.1   0.0887     0.66    0.118   0.0651   0.1149   0.3212   0.0318   0.4794   0.1346   0.2677   0.0165   0.4571   0.1063   0.2416   0.1357   0.1081   0.2218   0.4044   0.2145   0.2687   0.2804   0.2418   0.2306   0.2824   0.5043   0.5474   0.5903   0.4292    0.548   0.2293   0.6273    0.392   0.1179   0.2191   0.2162   0.1555    0.065   0.3928   0.4665   0.1207   0.0972   0.2778    0.151   0.1067   0.1902   0.3316   0.6135   0.1353   0.1934   0.0838     0.29   0.2376   0.2036   0.1049    0.582   0.1003   0.1698   0.1762   0.0841   0.2185   0.1203   0.0667   0.2319   0.1071    0.279   0.2733   0.2222   0.4722   0.1087      1.0   0.1298   0.0855   0.1319   0.3358   0.1682   0.0579    0.443    0.069   0.0955   0.3857   0.2696   0.0702   0.1404   0.2356
  snr   -16.21
    H     4.91
 exon    False

M: mem
 freq      0.0   0.0029   0.0058   0.0088   0.0117   0.0146   0.0175   0.0205   0.0234   0.0263   0.0292   0.0322   0.0351    0.038   0.0409   0.0439   0.0468   0.0497   0.0526   0.0556   0.0585   0.0614   0.0643   0.0673   0.0702   0.0731    0.076   0.0789   0.0819   0.0848   0.0877   0.0906   0.0936   0.0965   0.0994   0.1023   0.1053   0.1082   0.1111    0.114    0.117   0.1199   0.1228   0.1257   0.1287   0.1316   0.1345   0.1374   0.1404   0.1433   0.1462   0.1491    0.152    0.155   0.1579   0.1608   0.1637   0.1667   0.1696   0.1725   0.1754   0.1784   0.1813   0.1842   0.1871   0.1901    0.193   0.1959   0.1988   0.2018   0.2047   0.2076   0.2105   0.2135   0.2164   0.2193   0.2222   0.2251   0.2281    0.231   0.2339   0.2368   0.2398   0.2427   0.2456   0.2485   0.2515   0.2544   0.2573   0.2602   0.2632   0.2661    0.269   0.2719   0.2749   0.2778   0.2807   0.2836   0.2865   0.2895   0.2924   0.2953   0.2982   0.3012   0.3041    0.307   0.3099   0.3129   0.3158   0.3187   0.3216   0.3246   0.3275   0.3304   0.3333   0.3363   0.3392   0.3421    0.345    0.348   0.3509   0.3538   0.3567   0.3596   0.3626   0.3655   0.3684   0.3713   0.3743   0.3772   0.3801    0.383    0.386   0.3889   0.3918   0.3947   0.3977   0.4006   0.4035   0.4064   0.4094   0.4123   0.4152   0.4181   0.4211    0.424   0.4269   0.4298   0.4327   0.4357   0.4386   0.4415   0.4444   0.4474   0.4503   0.4532   0.4561   0.4591    0.462   0.4649   0.4678   0.4708   0.4737   0.4766   0.4795   0.4825   0.4854   0.4883   0.4912   0.4942   0.4971
    S      0.0   0.2727   0.0101   0.2683   0.0051   0.0233   0.2259   0.0918   0.0115   0.4286   0.0821   0.1275   0.0419   0.1153   0.2268   0.0132   0.2107   0.0817   0.2305   0.2184   0.1774   0.0924    0.081   0.0194   0.0471   0.0073   0.8586   0.2448   0.0536   0.1214   0.1887   0.2396   0.0152   0.8306   0.1339    0.453   0.1294     0.56   0.0068   0.0048   0.4314   0.0375   0.1736   0.1808   0.0806   0.1645   0.4463      1.0   0.1009    0.028   0.0125     0.24   0.1717   0.0106   0.1569   0.1934   0.1664   0.0009   0.0454   0.0169   0.2977   0.5077   0.7254   0.0004   0.6372   0.4189   0.0864   0.0966     0.35   0.0055   0.4694    0.254   0.3845   0.0298   0.2169   0.0499   0.0513   0.0906    0.113   0.1618   0.1945   0.0262   0.0479   0.0285   0.0422   0.4633   0.0852   0.2805   0.5809   0.1178   0.0581   0.0045   0.1619   0.0001   0.0149   0.0058   0.2345   0.0001   0.2685   0.1571   0.0166   0.2161   0.0494   0.0485   0.3223    0.034   0.1307   0.3031   0.0086   0.0783   0.0619   0.0305   0.2352   0.7159   0.0268   0.2366   0.5554    0.578   0.3465   0.0134   0.0639   0.0379   0.0718   0.1198     0.12   0.2115   0.0887    0.058   0.0438    0.021     0.11   0.0022   0.2675   0.3688   0.0926   0.1315   0.0625   0.0932   0.0005   0.1523   0.0151   0.1476   0.0117   0.0794    0.072   0.1046   0.0354   0.0013   0.0125   0.1539    0.071   0.0272   0.3983   0.2868   0.3507   0.0063     0.29   0.2431   0.0125   0.1072   0.0684   0.3207   0.0277   0.4253   0.0499    0.162   0.0031   0.0101   0.0566   0.0547   0.2002
  snr   -14.36
    H     4.61
 exon    False

M: alg1
 freq      0.0   0.0029   0.0058   0.0088   0.0117   0.0146   0.0175   0.0205   0.0234   0.0263   0.0292   0.0322   0.0351    0.038   0.0409   0.0439   0.0468   0.0497   0.0526   0.0556   0.0585   0.0614   0.0643   0.0673   0.0702   0.0731    0.076   0.0789   0.0819   0.0848   0.0877   0.0906   0.0936   0.0965   0.0994   0.1023   0.1053   0.1082   0.1111    0.114    0.117   0.1199   0.1228   0.1257   0.1287   0.1316   0.1345   0.1374   0.1404   0.1433   0.1462   0.1491    0.152    0.155   0.1579   0.1608   0.1637   0.1667   0.1696   0.1725   0.1754   0.1784   0.1813   0.1842   0.1871   0.1901    0.193   0.1959   0.1988   0.2018   0.2047   0.2076   0.2105   0.2135   0.2164   0.2193   0.2222   0.2251   0.2281    0.231   0.2339   0.2368   0.2398   0.2427   0.2456   0.2485   0.2515   0.2544   0.2573   0.2602   0.2632   0.2661    0.269   0.2719   0.2749   0.2778   0.2807   0.2836   0.2865   0.2895   0.2924   0.2953   0.2982   0.3012   0.3041    0.307   0.3099   0.3129   0.3158   0.3187   0.3216   0.3246   0.3275   0.3304   0.3333   0.3363   0.3392   0.3421    0.345    0.348   0.3509   0.3538   0.3567   0.3596   0.3626   0.3655   0.3684   0.3713   0.3743   0.3772   0.3801    0.383    0.386   0.3889   0.3918   0.3947   0.3977   0.4006   0.4035   0.4064   0.4094   0.4123   0.4152   0.4181   0.4211    0.424   0.4269   0.4298   0.4327   0.4357   0.4386   0.4415   0.4444   0.4474   0.4503   0.4532   0.4561   0.4591    0.462   0.4649   0.4678   0.4708   0.4737   0.4766   0.4795   0.4825   0.4854   0.4883   0.4912   0.4942   0.4971
    S      0.0   0.1753   0.1024   0.3024    0.029   0.0483   0.0615   0.3929   0.0131   0.2373   0.2317   0.1224   0.1616     0.05   0.1147   0.1415   0.0674   0.0681   0.0512   0.1533   0.3642   0.0536   0.1027   0.0571   0.2799   0.1424   0.4371   0.1196   0.2218   0.1019    0.025   0.2254    0.082   0.2297   0.0656   0.1296   0.0563     0.16     0.01   0.2214    0.273   0.0337   0.3416   0.0987   0.3282   0.0269   0.0596   0.1752   0.2225   0.4611   0.1098   0.1433   0.3864   0.0471   0.3201    0.076   0.2404   0.2348   0.0698   0.6492    0.144   0.1027   0.0631   0.4605   0.3005   0.0034   0.0254   0.1686   0.0311   0.3399   0.1025   0.2661   0.1964   0.1173   0.0499   0.1843     0.14   0.0247   0.0376   0.2213   0.3495   0.1556   0.0106    0.049   0.0735   0.6542   0.0643   0.0609   0.3334   0.3639   0.0704   0.0589   0.1502   0.0661      1.0   0.2891   0.0759   0.0221   0.0488   0.1524   0.1885   0.0355   0.0392   0.1025   0.3074   0.1676   0.0367   0.2253    0.493   0.2112   0.2604   0.5079   0.2492   0.1441   0.7695   0.0478   0.0623   0.2183   0.1276    0.111   0.2147   0.2568   0.1493   0.1356   0.2458    0.135   0.0636   0.0247   0.2772   0.1818    0.306   0.2281   0.2736   0.2037    0.077   0.1257   0.1463   0.2015   0.3382    0.092   0.0225   0.4333   0.2378   0.0206   0.1819   0.0518   0.2131   0.3206   0.1398   0.1146   0.0054   0.1503    0.055   0.2783   0.1027   0.2036   0.7993   0.1115   0.1364   0.0939    0.428   0.1608   0.0711   0.1869   0.0287   0.0489   0.4385    0.245   0.0888   0.1767   0.1538
  snr   -14.72
    H     4.82
 exon    False

M: alg2
 freq      0.0   0.0029   0.0058   0.0088   0.0117   0.0146   0.0175   0.0205   0.0234   0.0263   0.0292   0.0322   0.0351    0.038   0.0409   0.0439   0.0468   0.0497   0.0526   0.0556   0.0585   0.0614   0.0643   0.0673   0.0702   0.0731    0.076   0.0789   0.0819   0.0848   0.0877   0.0906   0.0936   0.0965   0.0994   0.1023   0.1053   0.1082   0.1111    0.114    0.117   0.1199   0.1228   0.1257   0.1287   0.1316   0.1345   0.1374   0.1404   0.1433   0.1462   0.1491    0.152    0.155   0.1579   0.1608   0.1637   0.1667   0.1696   0.1725   0.1754   0.1784   0.1813   0.1842   0.1871   0.1901    0.193   0.1959   0.1988   0.2018   0.2047   0.2076   0.2105   0.2135   0.2164   0.2193   0.2222   0.2251   0.2281    0.231   0.2339   0.2368   0.2398   0.2427   0.2456   0.2485   0.2515   0.2544   0.2573   0.2602   0.2632   0.2661    0.269   0.2719   0.2749   0.2778   0.2807   0.2836   0.2865   0.2895   0.2924   0.2953   0.2982   0.3012   0.3041    0.307   0.3099   0.3129   0.3158   0.3187   0.3216   0.3246   0.3275   0.3304   0.3333   0.3363   0.3392   0.3421    0.345    0.348   0.3509   0.3538   0.3567   0.3596   0.3626   0.3655   0.3684   0.3713   0.3743   0.3772   0.3801    0.383    0.386   0.3889   0.3918   0.3947   0.3977   0.4006   0.4035   0.4064   0.4094   0.4123   0.4152   0.4181   0.4211    0.424   0.4269   0.4298   0.4327   0.4357   0.4386   0.4415   0.4444   0.4474   0.4503   0.4532   0.4561   0.4591    0.462   0.4649   0.4678   0.4708   0.4737   0.4766   0.4795   0.4825   0.4854   0.4883   0.4912   0.4942   0.4971
    S      0.0   0.3344    0.001   0.3647   0.0121   0.0174   0.1748    0.092   0.0295   0.5002   0.1177   0.0952   0.0573   0.1078   0.1931   0.0585   0.2625   0.1006   0.1673   0.2626   0.0983   0.1037   0.0491   0.0161   0.0747   0.0131   0.8102   0.1717   0.0394    0.066   0.2247   0.1748   0.0292   0.6897   0.0855   0.2981   0.1393   0.5543   0.0106   0.0222    0.418   0.0249     0.21   0.1888   0.1154   0.1705   0.3451      1.0   0.0516   0.0497   0.0216   0.1385   0.2193   0.0078   0.1272   0.1162   0.2032   0.0182   0.0437   0.0339   0.1775   0.4738   0.5536   0.0417   0.3905   0.4127   0.0799   0.0573   0.3317   0.0168   0.4692   0.3376   0.2622   0.0974   0.1684   0.0398   0.0387   0.0575   0.1298   0.1759   0.2249   0.0073   0.0289   0.0163   0.0537   0.2685   0.0799   0.2838   0.3335   0.2046   0.0762   0.0142   0.1674   0.0057   0.0992   0.0196    0.186   0.0026   0.1536    0.182    0.007   0.1683   0.0369    0.056   0.3226   0.0545   0.0779   0.2869   0.0729    0.025   0.0982   0.1004   0.0837   0.6887   0.0497    0.196   0.5243   0.3834   0.2563   0.0313   0.0348   0.0088    0.032   0.1395   0.0731   0.1656   0.0853   0.0331   0.0845   0.0459   0.1728   0.0364   0.2394   0.1626   0.0432    0.078   0.0823   0.0198   0.0148   0.1049   0.0083   0.1389   0.0436    0.055   0.1004   0.0872   0.0083   0.0416   0.0305    0.128    0.079   0.0338   0.2975   0.2916   0.3118   0.0272   0.1627   0.2646   0.0225   0.1048   0.0146   0.3182   0.0417   0.2478   0.0684   0.1616   0.0298   0.0425   0.0513   0.0926    0.139
  snr   -13.89
    H     4.67
 exon    False