>YPL010W
N: 570
Methods: voss, eiip, qpsk, mem, tbpse, snrse

M: voss
 freq      0.0   0.0018   0.0035   0.0053    0.007   0.0088   0.0105   0.0123    0.014   0.0158   0.0175   0.0193   0.0211   0.0228   0.0246   0.0263   0.0281   0.0298   0.0316   0.0333   0.0351   0.0368   0.0386   0.0404   0.0421   0.0439   0.0456   0.0474   0.0491   0.0509   0.0526   0.0544   0.0561   0.0579   0.0596   0.0614   0.0632   0.0649   0.0667   0.0684   0.0702   0.0719   0.0737   0.0754   0.0772   0.0789   0.0807   0.0825   0.0842    0.086   0.0877   0.0895   0.0912    0.093   0.0947   0.0965   0.0982      0.1   0.1018   0.1035   0.1053    0.107   0.1088   0.1105   0.1123    0.114   0.1158   0.1175   0.1193   0.1211   0.1228   0.1246   0.1263   0.1281   0.1298   0.1316   0.1333   0.1351   0.1368   0.1386   0.1404   0.1421   0.1439   0.1456   0.1474   0.1491   0.1509   0.1526   0.1544   0.1561   0.1579   0.1596   0.1614   0.1632   0.1649   0.1667   0.1684   0.1702   0.1719   0.1737   0.1754   0.1772   0.1789   0.1807   0.1825   0.1842    0.186   0.1877   0.1895   0.1912    0.193   0.1947   0.1965   0.1982      0.2   0.2018   0.2035   0.2053    0.207   0.2088   0.2105   0.2123    0.214   0.2158   0.2175   0.2193   0.2211   0.2228   0.2246   0.2263   0.2281   0.2298   0.2316   0.2333   0.2351   0.2368   0.2386   0.2404   0.2421   0.2439   0.2456   0.2474   0.2491   0.2509   0.2526   0.2544   0.2561   0.2579   0.2596   0.2614   0.2632   0.2649   0.2667   0.2684   0.2702   0.2719   0.2737   0.2754   0.2772   0.2789   0.2807   0.2825   0.2842    0.286   0.2877   0.2895   0.2912    0.293   0.2947   0.2965   0.2982      0.3   0.3018   0.3035   0.3053    0.307   0.3088   0.3105   0.3123    0.314   0.3158   0.3175   0.3193   0.3211   0.3228   0.3246   0.3263   0.3281   0.3298   0.3316   0.3333   0.3351   0.3368   0.3386   0.3404   0.3421   0.3439   0.3456   0.3474   0.3491   0.3509   0.3526   0.3544   0.3561   0.3579   0.3596   0.3614   0.3632   0.3649   0.3667   0.3684   0.3702   0.3719   0.3737   0.3754   0.3772   0.3789   0.3807   0.3825   0.3842    0.386   0.3877   0.3895   0.3912    0.393   0.3947   0.3965   0.3982      0.4   0.4018   0.4035   0.4053    0.407   0.4088   0.4105   0.4123    0.414   0.4158   0.4175   0.4193   0.4211   0.4228   0.4246   0.4263   0.4281   0.4298   0.4316   0.4333   0.4351   0.4368   0.4386   0.4404   0.4421   0.4439   0.4456   0.4474   0.4491   0.4509   0.4526   0.4544   0.4561   0.4579   0.4596   0.4614   0.4632   0.4649   0.4667   0.4684   0.4702   0.4719   0.4737   0.4754   0.4772   0.4789   0.4807   0.4825   0.4842    0.486   0.4877   0.4895   0.4912    0.493   0.4947   0.4965   0.4982
    S      0.0   0.0877   0.2951     0.37   0.0891   0.2141   0.6189   0.1735   0.2026   0.6773   0.1529   0.1412   0.0353   0.5425   0.4652   0.2125   0.2339   0.1464   0.3103   0.0681   0.2171   0.1778   0.3103     0.16   0.1462   0.2513   0.4023    0.109   0.1482   0.3913   0.2352   0.1209    0.183   0.3796   0.0875   0.3937   0.2621   0.2844   0.2621    0.161    0.212   0.3925   0.4009   0.2192   0.1107   0.2059   0.3154   0.5703   0.0764    0.192   0.1369    0.116   0.0427   0.5267   0.7888   0.1986   0.2806   0.2898   0.1448   0.3319   0.6207   0.1977   0.2724   0.1082    0.187    0.328   0.1762   0.1025   0.1957   0.2314   0.1315   0.1382   0.2498   0.1533    0.264   0.1965   0.3155   0.0829   0.1127    0.167   0.2667   0.1211   0.1917   0.2782   0.1612   0.1416   0.0516   0.4048   0.3949   0.0797   0.2545   0.0754   0.0987   0.4587   0.3048   0.1661   0.2485   0.3739   0.2114   0.5005   0.3263   0.2166   0.2086   0.4703   0.1832   0.2341    0.282   0.1741   0.1175   0.2055    0.502   0.0972   0.0912   0.2351   0.1835   0.0919   0.2178   0.1468   0.2909   0.3402   0.1028   0.1339   0.3843   0.1349   0.4346   0.1822    0.157   0.1695   0.1839   0.2184   0.2043   0.0696   0.1901   0.0661   0.1908   0.2839   0.2176   0.2055   0.2049     0.25   0.1697   0.4343   0.2748   0.3456   0.3105   0.1625   0.2208   0.1747   0.1417   0.3756   0.2983   0.1719   0.4982   0.2851   0.2862   0.1741   0.4418   0.1124   0.0725   0.2674   0.3339   0.1754   0.2858   0.2945   0.3035   0.1065   0.0985   0.2903   0.1769   0.1876   0.1116   0.0867   0.0494   0.2871   0.2431   0.2807    0.199   0.1045   0.1309   0.1631   0.2735   0.2807   0.1832   0.1529   0.2613   0.3926   0.0932   0.4131   0.1841   0.3494      1.0   0.6482     0.29    0.294   0.1785    0.101   0.1939   0.0968   0.3429   0.5192   0.1433   0.2926   0.1594   0.1623   0.1023   0.0734   0.1141   0.2349   0.3607   0.2792   0.1442   0.1981   0.2883    0.119   0.0419    0.483    0.666   0.1462   0.4002   0.1515   0.2231   0.3936   0.0764   0.2965   0.1397   0.1155   0.1337   0.1573   0.1166   0.1801   0.4552   0.0355   0.2778    0.098   0.0962   0.3214   0.1978   0.0492   0.1034   0.0672   0.1546   0.3007   0.1438   0.2349   0.2192   0.1263   0.3006   0.1487   0.1605   0.1975   0.0673   0.2572   0.2717   0.1087   0.2092    0.207   0.0851   0.2627   0.3237   0.4835   0.1684    0.088   0.6297   0.1919   0.2007    0.116   0.1142   0.0507   0.1635   0.2122    0.012   0.1493   0.1259   0.2107   0.4365   0.1948   0.3414   0.3854   0.1562   0.1207   0.1433   0.0612   0.1715   0.1244   0.6001
  snr   -18.11
    H     5.48
 exon     True

M: eiip
 freq      0.0   0.0018   0.0035   0.0053    0.007   0.0088   0.0105   0.0123    0.014   0.0158   0.0175   0.0193   0.0211   0.0228   0.0246   0.0263   0.0281   0.0298   0.0316   0.0333   0.0351   0.0368   0.0386   0.0404   0.0421   0.0439   0.0456   0.0474   0.0491   0.0509   0.0526   0.0544   0.0561   0.0579   0.0596   0.0614   0.0632   0.0649   0.0667   0.0684   0.0702   0.0719   0.0737   0.0754   0.0772   0.0789   0.0807   0.0825   0.0842    0.086   0.0877   0.0895   0.0912    0.093   0.0947   0.0965   0.0982      0.1   0.1018   0.1035   0.1053    0.107   0.1088   0.1105   0.1123    0.114   0.1158   0.1175   0.1193   0.1211   0.1228   0.1246   0.1263   0.1281   0.1298   0.1316   0.1333   0.1351   0.1368   0.1386   0.1404   0.1421   0.1439   0.1456   0.1474   0.1491   0.1509   0.1526   0.1544   0.1561   0.1579   0.1596   0.1614   0.1632   0.1649   0.1667   0.1684   0.1702   0.1719   0.1737   0.1754   0.1772   0.1789   0.1807   0.1825   0.1842    0.186   0.1877   0.1895   0.1912    0.193   0.1947   0.1965   0.1982      0.2   0.2018   0.2035   0.2053    0.207   0.2088   0.2105   0.2123    0.214   0.2158   0.2175   0.2193   0.2211   0.2228   0.2246   0.2263   0.2281   0.2298   0.2316   0.2333   0.2351   0.2368   0.2386   0.2404   0.2421   0.2439   0.2456   0.2474   0.2491   0.2509   0.2526   0.2544   0.2561   0.2579   0.2596   0.2614   0.2632   0.2649   0.2667   0.2684   0.2702   0.2719   0.2737   0.2754   0.2772   0.2789   0.2807   0.2825   0.2842    0.286   0.2877   0.2895   0.2912    0.293   0.2947   0.2965   0.2982      0.3   0.3018   0.3035   0.3053    0.307   0.3088   0.3105   0.3123    0.314   0.3158   0.3175   0.3193   0.3211   0.3228   0.3246   0.3263   0.3281   0.3298   0.3316   0.3333   0.3351   0.3368   0.3386   0.3404   0.3421   0.3439   0.3456   0.3474   0.3491   0.3509   0.3526   0.3544   0.3561   0.3579   0.3596   0.3614   0.3632   0.3649   0.3667   0.3684   0.3702   0.3719   0.3737   0.3754   0.3772   0.3789   0.3807   0.3825   0.3842    0.386   0.3877   0.3895   0.3912    0.393   0.3947   0.3965   0.3982      0.4   0.4018   0.4035   0.4053    0.407   0.4088   0.4105   0.4123    0.414   0.4158   0.4175   0.4193   0.4211   0.4228   0.4246   0.4263   0.4281   0.4298   0.4316   0.4333   0.4351   0.4368   0.4386   0.4404   0.4421   0.4439   0.4456   0.4474   0.4491   0.4509   0.4526   0.4544   0.4561   0.4579   0.4596   0.4614   0.4632   0.4649   0.4667   0.4684   0.4702   0.4719   0.4737   0.4754   0.4772   0.4789   0.4807   0.4825   0.4842    0.486   0.4877   0.4895   0.4912    0.493   0.4947   0.4965   0.4982
    S      0.0   0.0093   0.0936   0.2895   0.0212    0.191   0.0893   0.0153   0.1039   0.0608   0.0265   0.0571   0.0274   0.0619   0.1442   0.1283   0.2478   0.0197   0.0029   0.0049   0.0015   0.1206   0.2719   0.0869   0.0502   0.0221   0.1815   0.0168   0.1371   0.1019   0.0864   0.0702   0.0922   0.2717   0.0034   0.0789   0.2244   0.1813   0.0509   0.0761   0.0314   0.0298   0.0163    0.094   0.0166   0.1825   0.2177    0.086   0.0321   0.0216   0.0178   0.0554   0.0163   0.2266   0.0102   0.0737   0.0571   0.1584   0.1798   0.0186   0.2728   0.1608   0.1431   0.1187   0.0104   0.1332   0.0028   0.0386   0.1757   0.2833   0.0379   0.0257   0.1298   0.0754   0.2316   0.0502   0.2897   0.0597   0.0123   0.0446    0.033   0.0055   0.0654    0.023   0.0008   0.1588   0.0229   0.0708   0.1981   0.0471   0.2305   0.0909   0.0339    0.414   0.1326   0.0291   0.1638   0.3221   0.1293    0.309   0.2224    0.013    0.114   0.2318    0.244   0.1525   0.2599   0.1344   0.1033   0.0509   0.0634   0.0864   0.0142   0.1111   0.0125   0.0047   0.0586   0.0173    0.286   0.0097   0.0411   0.1594   0.0259   0.1284   0.2783   0.0489   0.0399   0.0879   0.1609     0.13   0.0379   0.0576   0.0912   0.0372   0.0041   0.0519   0.1352   0.2472   0.1006   0.0452   0.1032   0.1614   0.0517   0.0256   0.0719   0.1226   0.0209   0.0363   0.0215   0.2064   0.0994   0.1173   0.0384   0.1557   0.0359   0.1279   0.1881   0.0225   0.0117   0.0981   0.0978   0.0417   0.0082   0.0026   0.1651   0.0066   0.0011   0.0639   0.0387   0.0103   0.0566   0.0158   0.0329   0.0023   0.0263   0.0038   0.0787   0.0172     0.02   0.1422   0.2164   0.1184     0.06     0.02   0.0905   0.3039   0.0418   0.2101   0.0081   0.3979      1.0    0.063   0.0617    0.157   0.0421   0.0221   0.0737   0.0232   0.1138   0.0443   0.0212   0.0803   0.0184   0.0207   0.0571   0.0421   0.1254   0.0052   0.0246    0.034   0.1097   0.1175   0.0874   0.0438   0.0017   0.0809      0.1   0.1209   0.0152   0.1934   0.2387   0.0208   0.0181   0.1805    0.026   0.0464   0.0022   0.1717   0.0022   0.0729   0.4648   0.0015   0.0072   0.0268   0.0409   0.0736   0.1445    0.023   0.0097   0.0627   0.0841   0.1519    0.078   0.1342   0.0093   0.1155    0.083   0.1416   0.0642   0.0213   0.0177   0.0097   0.1486   0.0335   0.1102   0.0822   0.0637   0.0828   0.0919   0.0056   0.0439   0.0657    0.496   0.1322   0.1474   0.0446   0.0437   0.0187   0.0868   0.1045   0.0083   0.0824   0.0274   0.0631   0.1104   0.1039   0.2497    0.085   0.0138   0.0343   0.0452   0.0433   0.0844   0.0291   0.0122
  snr   -14.05
    H      5.2
 exon     True

M: qpsk
 freq      0.0   0.0018   0.0035   0.0053    0.007   0.0088   0.0105   0.0123    0.014   0.0158   0.0175   0.0193   0.0211   0.0228   0.0246   0.0263   0.0281   0.0298   0.0316   0.0333   0.0351   0.0368   0.0386   0.0404   0.0421   0.0439   0.0456   0.0474   0.0491   0.0509   0.0526   0.0544   0.0561   0.0579   0.0596   0.0614   0.0632   0.0649   0.0667   0.0684   0.0702   0.0719   0.0737   0.0754   0.0772   0.0789   0.0807   0.0825   0.0842    0.086   0.0877   0.0895   0.0912    0.093   0.0947   0.0965   0.0982      0.1   0.1018   0.1035   0.1053    0.107   0.1088   0.1105   0.1123    0.114   0.1158   0.1175   0.1193   0.1211   0.1228   0.1246   0.1263   0.1281   0.1298   0.1316   0.1333   0.1351   0.1368   0.1386   0.1404   0.1421   0.1439   0.1456   0.1474   0.1491   0.1509   0.1526   0.1544   0.1561   0.1579   0.1596   0.1614   0.1632   0.1649   0.1667   0.1684   0.1702   0.1719   0.1737   0.1754   0.1772   0.1789   0.1807   0.1825   0.1842    0.186   0.1877   0.1895   0.1912    0.193   0.1947   0.1965   0.1982      0.2   0.2018   0.2035   0.2053    0.207   0.2088   0.2105   0.2123    0.214   0.2158   0.2175   0.2193   0.2211   0.2228   0.2246   0.2263   0.2281   0.2298   0.2316   0.2333   0.2351   0.2368   0.2386   0.2404   0.2421   0.2439   0.2456   0.2474   0.2491   0.2509   0.2526   0.2544   0.2561   0.2579   0.2596   0.2614   0.2632   0.2649   0.2667   0.2684   0.2702   0.2719   0.2737   0.2754   0.2772   0.2789   0.2807   0.2825   0.2842    0.286   0.2877   0.2895   0.2912    0.293   0.2947   0.2965   0.2982      0.3   0.3018   0.3035   0.3053    0.307   0.3088   0.3105   0.3123    0.314   0.3158   0.3175   0.3193   0.3211   0.3228   0.3246   0.3263   0.3281   0.3298   0.3316   0.3333   0.3351   0.3368   0.3386   0.3404   0.3421   0.3439   0.3456   0.3474   0.3491   0.3509   0.3526   0.3544   0.3561   0.3579   0.3596   0.3614   0.3632   0.3649   0.3667   0.3684   0.3702   0.3719   0.3737   0.3754   0.3772   0.3789   0.3807   0.3825   0.3842    0.386   0.3877   0.3895   0.3912    0.393   0.3947   0.3965   0.3982      0.4   0.4018   0.4035   0.4053    0.407   0.4088   0.4105   0.4123    0.414   0.4158   0.4175   0.4193   0.4211   0.4228   0.4246   0.4263   0.4281   0.4298   0.4316   0.4333   0.4351   0.4368   0.4386   0.4404   0.4421   0.4439   0.4456   0.4474   0.4491   0.4509   0.4526   0.4544   0.4561   0.4579   0.4596   0.4614   0.4632   0.4649   0.4667   0.4684   0.4702   0.4719   0.4737   0.4754   0.4772   0.4789   0.4807   0.4825   0.4842    0.486   0.4877   0.4895   0.4912    0.493   0.4947   0.4965   0.4982
    S      0.0   0.1146   0.0803   0.5155     0.04   0.1517   0.2856   0.1655   0.2704   0.1234   0.0198   0.2008   0.0294   0.5635   0.4956    0.078    0.288   0.1718   0.1382   0.0746   0.1071    0.243   0.4232   0.1558   0.1017   0.2503   0.2089   0.1359   0.1939   0.5585    0.138   0.1259   0.0212    0.481   0.0429   0.1569   0.2145   0.2654   0.1759   0.1882   0.2892   0.2614   0.2689   0.1956    0.089   0.2397   0.3937   0.5384   0.1022   0.1516   0.1593   0.0971   0.0406   0.6573   0.6144   0.2823   0.0467   0.2684   0.1858   0.4528   0.8813   0.2331   0.1866   0.1202   0.1535   0.4111    0.161   0.1443   0.2065   0.2626   0.1788   0.1097   0.3563   0.1992    0.342   0.1393   0.3667   0.0688   0.1007   0.1448   0.3276   0.1179   0.1935   0.3129   0.0778   0.1802   0.0174   0.3423   0.4504   0.0585   0.3176   0.0947   0.1129   0.3368   0.4257   0.2126   0.3307   0.5282   0.1627   0.6453   0.4238   0.2435   0.2339   0.5605   0.1407   0.3042   0.1997   0.2022   0.1335   0.2832   0.3574   0.1124   0.0993   0.1335   0.0712   0.1235   0.1404   0.0505   0.2988   0.3645   0.0781   0.1421   0.3475   0.1923   0.2423   0.0038   0.1914   0.1911    0.258   0.3009   0.2361   0.0992   0.2537   0.0896   0.2159    0.399   0.2703   0.2374   0.2607   0.2335   0.2237   0.4817   0.2824   0.3303   0.2698   0.1963   0.1369   0.1981    0.129   0.3413   0.3814   0.2283   0.1395   0.2592   0.1999   0.1479   0.4948   0.0976    0.082   0.0652   0.3277   0.0314   0.2221   0.3605   0.0879   0.1039   0.0703   0.2423   0.2283   0.2438   0.0724   0.0952   0.0625   0.3635   0.2099   0.1537   0.0698   0.1205   0.1066   0.0892   0.2569   0.3742   0.2509   0.1668   0.2437   0.5415      0.1   0.5462    0.156   0.4582      1.0   0.8723    0.362   0.3941   0.2131   0.0903   0.2468   0.0983   0.4438   0.3894   0.1693   0.1633   0.1197   0.1236   0.1273   0.0623   0.1281   0.2678   0.2968   0.2305   0.0433   0.0815   0.2544   0.0332   0.0584   0.3719   0.3577   0.1567    0.134   0.1053   0.2381   0.1892   0.0696   0.2225   0.1257   0.0548   0.1031   0.1874   0.1596   0.2421   0.4513   0.0496   0.1462   0.0773   0.0418   0.3241   0.2287   0.0371   0.0347    0.095   0.1522   0.3897   0.1811   0.0307   0.2196   0.0698   0.2872   0.0528   0.2152     0.16   0.0615   0.3459    0.196    0.073   0.0906   0.0729   0.1073   0.1783   0.0833   0.6768   0.2393   0.0502   0.8909   0.2077   0.1357   0.0462   0.0689   0.0701   0.2195   0.1124   0.0096   0.2053   0.1364   0.2914   0.3374    0.174   0.1222   0.0884   0.1256   0.0976   0.1791   0.0362   0.0485   0.1413   0.6139
  snr   -17.84
    H     5.41
 exon     True

M: mem
 freq      0.0   0.0018   0.0035   0.0053    0.007   0.0088   0.0105   0.0123    0.014   0.0158   0.0175   0.0193   0.0211   0.0228   0.0246   0.0263   0.0281   0.0298   0.0316   0.0333   0.0351   0.0368   0.0386   0.0404   0.0421   0.0439   0.0456   0.0474   0.0491   0.0509   0.0526   0.0544   0.0561   0.0579   0.0596   0.0614   0.0632   0.0649   0.0667   0.0684   0.0702   0.0719   0.0737   0.0754   0.0772   0.0789   0.0807   0.0825   0.0842    0.086   0.0877   0.0895   0.0912    0.093   0.0947   0.0965   0.0982      0.1   0.1018   0.1035   0.1053    0.107   0.1088   0.1105   0.1123    0.114   0.1158   0.1175   0.1193   0.1211   0.1228   0.1246   0.1263   0.1281   0.1298   0.1316   0.1333   0.1351   0.1368   0.1386   0.1404   0.1421   0.1439   0.1456   0.1474   0.1491   0.1509   0.1526   0.1544   0.1561   0.1579   0.1596   0.1614   0.1632   0.1649   0.1667   0.1684   0.1702   0.1719   0.1737   0.1754   0.1772   0.1789   0.1807   0.1825   0.1842    0.186   0.1877   0.1895   0.1912    0.193   0.1947   0.1965   0.1982      0.2   0.2018   0.2035   0.2053    0.207   0.2088   0.2105   0.2123    0.214   0.2158   0.2175   0.2193   0.2211   0.2228   0.2246   0.2263   0.2281   0.2298   0.2316   0.2333   0.2351   0.2368   0.2386   0.2404   0.2421   0.2439   0.2456   0.2474   0.2491   0.2509   0.2526   0.2544   0.2561   0.2579   0.2596   0.2614   0.2632   0.2649   0.2667   0.2684   0.2702   0.2719   0.2737   0.2754   0.2772   0.2789   0.2807   0.2825   0.2842    0.286   0.2877   0.2895   0.2912    0.293   0.2947   0.2965   0.2982      0.3   0.3018   0.3035   0.3053    0.307   0.3088   0.3105   0.3123    0.314   0.3158   0.3175   0.3193   0.3211   0.3228   0.3246   0.3263   0.3281   0.3298   0.3316   0.3333   0.3351   0.3368   0.3386   0.3404   0.3421   0.3439   0.3456   0.3474   0.3491   0.3509   0.3526   0.3544   0.3561   0.3579   0.3596   0.3614   0.3632   0.3649   0.3667   0.3684   0.3702   0.3719   0.3737   0.3754   0.3772   0.3789   0.3807   0.3825   0.3842    0.386   0.3877   0.3895   0.3912    0.393   0.3947   0.3965   0.3982      0.4   0.4018   0.4035   0.4053    0.407   0.4088   0.4105   0.4123    0.414   0.4158   0.4175   0.4193   0.4211   0.4228   0.4246   0.4263   0.4281   0.4298   0.4316   0.4333   0.4351   0.4368   0.4386   0.4404   0.4421   0.4439   0.4456   0.4474   0.4491   0.4509   0.4526   0.4544   0.4561   0.4579   0.4596   0.4614   0.4632   0.4649   0.4667   0.4684   0.4702   0.4719   0.4737   0.4754   0.4772   0.4789   0.4807   0.4825   0.4842    0.486   0.4877   0.4895   0.4912    0.493   0.4947   0.4965   0.4982
    S      0.0   0.0179   0.1451   0.4725   0.0419    0.003   0.6583   0.1166   0.1741   0.6837   0.1465   0.1099   0.0009   0.5095   0.8469   0.1189   0.1223   0.1343   0.5077   0.0564   0.2573   0.2864   0.3098   0.0315   0.0969    0.326   0.4015   0.0957   0.1667   0.1533   0.0341   0.0951   0.0804    0.604    0.081    0.463   0.1957   0.1746   0.1711   0.0487   0.0819    0.588   0.7242   0.3194   0.1574   0.1771   0.4951   0.9557   0.0485   0.3764   0.0145    0.081   0.0138   0.3711   0.9154   0.1024   0.2072   0.0851   0.1047    0.105    0.277   0.2351    0.117   0.0522   0.2152   0.4188   0.0782   0.0969   0.0527   0.1161   0.0168   0.2437   0.1629   0.1781    0.178   0.2659   0.0747   0.0049   0.0779   0.1391   0.0029   0.1369   0.0859   0.2723   0.2318   0.1665   0.0383   0.7392   0.4445   0.0114   0.1952   0.0645   0.1863   0.2847    0.302   0.1381   0.2482   0.5528   0.0599   0.9307   0.4739   0.1493   0.0156   0.7864   0.0267   0.1975   0.0111   0.0726   0.1497   0.1368   0.5592   0.0647    0.084    0.158   0.2535   0.0236   0.0575   0.1477   0.1297   0.2728   0.1223   0.0963   0.1434   0.1936   0.0204   0.1291   0.1261   0.0361   0.1826   0.1748   0.3003   0.0695   0.2903   0.0361    0.105   0.1323   0.2483   0.1104   0.0382   0.1271   0.0844   0.0279   0.0222   0.3339   0.2836   0.0543   0.1753   0.1758   0.0865   0.0759   0.1263   0.2988    0.577   0.4337   0.1261   0.0064   0.3698   0.1854   0.0296   0.1378   0.3384   0.1238   0.2808   0.0451   0.0729   0.0371   0.1146   0.0447   0.1414   0.0786   0.0331   0.0069   0.0443   0.0617   0.2145   0.2818   0.0628   0.0234   0.0592   0.0405   0.0201   0.1231   0.0668   0.0293   0.0964   0.5339   0.0044   0.6595   0.2374   0.2748   0.3829   0.1088   0.1978   0.2426   0.0233   0.0239   0.1996   0.1758   0.4224   0.4406   0.0586   0.0685   0.1187   0.2257    0.022   0.0972   0.0485   0.1495   0.4205   0.0931   0.0511    0.015    0.142   0.0455   0.0047   0.5813      1.0   0.0233   0.4485   0.0148   0.1219   0.3809   0.0142   0.0876   0.2324   0.0301   0.0875   0.1304   0.0153   0.1172   0.1219    0.004    0.405   0.0178   0.0293    0.273   0.1408   0.0478   0.1275   0.0814   0.1673   0.2106   0.1592   0.0772   0.0725   0.0265   0.0351   0.0081   0.2173   0.3051   0.0873   0.0028    0.022   0.0567   0.1022   0.0787   0.0652   0.3574    0.251   0.0008   0.0494   0.0005   0.9785   0.2125      0.0   0.1061   0.1209   0.0228    0.175    0.031   0.0086   0.1929   0.0396   0.1579   0.2814   0.0841   0.0362   0.2231   0.1573    0.012   0.0129   0.0336   0.0443   0.1586   0.5219
  snr   -17.03
    H     5.19
 exon    False

M: tbpse
 freq      0.0   0.0018   0.0035   0.0053    0.007   0.0088   0.0105   0.0123    0.014   0.0158   0.0175   0.0193   0.0211   0.0228   0.0246   0.0263   0.0281   0.0298   0.0316   0.0333   0.0351   0.0368   0.0386   0.0404   0.0421   0.0439   0.0456   0.0474   0.0491   0.0509   0.0526   0.0544   0.0561   0.0579   0.0596   0.0614   0.0632   0.0649   0.0667   0.0684   0.0702   0.0719   0.0737   0.0754   0.0772   0.0789   0.0807   0.0825   0.0842    0.086   0.0877   0.0895   0.0912    0.093   0.0947   0.0965   0.0982      0.1   0.1018   0.1035   0.1053    0.107   0.1088   0.1105   0.1123    0.114   0.1158   0.1175   0.1193   0.1211   0.1228   0.1246   0.1263   0.1281   0.1298   0.1316   0.1333   0.1351   0.1368   0.1386   0.1404   0.1421   0.1439   0.1456   0.1474   0.1491   0.1509   0.1526   0.1544   0.1561   0.1579   0.1596   0.1614   0.1632   0.1649   0.1667   0.1684   0.1702   0.1719   0.1737   0.1754   0.1772   0.1789   0.1807   0.1825   0.1842    0.186   0.1877   0.1895   0.1912    0.193   0.1947   0.1965   0.1982      0.2   0.2018   0.2035   0.2053    0.207   0.2088   0.2105   0.2123    0.214   0.2158   0.2175   0.2193   0.2211   0.2228   0.2246   0.2263   0.2281   0.2298   0.2316   0.2333   0.2351   0.2368   0.2386   0.2404   0.2421   0.2439   0.2456   0.2474   0.2491   0.2509   0.2526   0.2544   0.2561   0.2579   0.2596   0.2614   0.2632   0.2649   0.2667   0.2684   0.2702   0.2719   0.2737   0.2754   0.2772   0.2789   0.2807   0.2825   0.2842    0.286   0.2877   0.2895   0.2912    0.293   0.2947   0.2965   0.2982      0.3   0.3018   0.3035   0.3053    0.307   0.3088   0.3105   0.3123    0.314   0.3158   0.3175   0.3193   0.3211   0.3228   0.3246   0.3263   0.3281   0.3298   0.3316   0.3333   0.3351   0.3368   0.3386   0.3404   0.3421   0.3439   0.3456   0.3474   0.3491   0.3509   0.3526   0.3544   0.3561   0.3579   0.3596   0.3614   0.3632   0.3649   0.3667   0.3684   0.3702   0.3719   0.3737   0.3754   0.3772   0.3789   0.3807   0.3825   0.3842    0.386   0.3877   0.3895   0.3912    0.393   0.3947   0.3965   0.3982      0.4   0.4018   0.4035   0.4053    0.407   0.4088   0.4105   0.4123    0.414   0.4158   0.4175   0.4193   0.4211   0.4228   0.4246   0.4263   0.4281   0.4298   0.4316   0.4333   0.4351   0.4368   0.4386   0.4404   0.4421   0.4439   0.4456   0.4474   0.4491   0.4509   0.4526   0.4544   0.4561   0.4579   0.4596   0.4614   0.4632   0.4649   0.4667   0.4684   0.4702   0.4719   0.4737   0.4754   0.4772   0.4789   0.4807   0.4825   0.4842    0.486   0.4877   0.4895   0.4912    0.493   0.4947   0.4965   0.4982
    S      0.0   0.0443   0.1202    0.144   0.0167   0.1171   0.1273    0.055   0.0496   0.1578   0.0247   0.0645    0.033   0.0282   0.0632   0.1044   0.1438    0.008   0.0282   0.0069   0.0307   0.0536   0.2722   0.0201   0.0725   0.0257   0.0935   0.0071   0.0698   0.1034   0.1419    0.055   0.0878   0.1872   0.0205   0.0596   0.0955   0.0672   0.0921   0.0251   0.1054   0.0359   0.0456    0.095   0.0128   0.0566   0.0929   0.0383   0.0093   0.0262   0.0254   0.0123   0.0266   0.1521   0.1151   0.0087   0.0944   0.0605   0.0694    0.128   0.0108   0.1395   0.1897   0.0445   0.0479   0.0455   0.0527    0.064   0.1795   0.2387   0.0524   0.0186   0.0577   0.0125   0.0757   0.0512   0.1107   0.0294   0.0383   0.0859   0.1324   0.0257   0.1022   0.0305   0.0133   0.0974   0.0246   0.0483   0.1284   0.0308   0.1697   0.0637   0.0265   0.3428   0.1858   0.0107   0.1875   0.2545   0.1545   0.1696   0.1381   0.0327    0.168    0.078   0.1306   0.1397   0.2553   0.0269   0.0542   0.0359    0.118   0.0883   0.0173   0.1404   0.0329   0.0098   0.0928   0.0313   0.2464   0.0418   0.0298   0.1136   0.1575      0.1   0.3701   0.0551   0.0754   0.1428    0.122     0.18   0.0644   0.0151    0.081   0.0518   0.0227    0.097   0.0514   0.0905   0.0764   0.0694   0.1424   0.3431   0.0799   0.0401   0.0874   0.1463   0.0414    0.027   0.0199    0.303   0.0099   0.0872   0.0854    0.097   0.0805   0.1578   0.2256   0.0305   0.0344   0.1369   0.1541   0.0385   0.0479   0.0827   0.1961    0.011   0.0156   0.1122   0.0652   0.0216   0.0419   0.0334   0.0332   0.0485   0.0405    0.059   0.0398   0.0165   0.0284   0.1355    0.271   0.1053   0.1288   0.0402   0.0322   0.2889   0.0138     0.23   0.0299   0.1848      1.0   0.0419   0.1026   0.0951   0.0319   0.0096   0.0819   0.0092   0.1088   0.0401   0.0081   0.1614   0.0622   0.0434   0.0696   0.0259   0.0878   0.0343   0.0463   0.0455   0.0648    0.155   0.1371   0.0311   0.0132     0.08   0.1092   0.0671   0.0839   0.1168     0.09   0.0366   0.0035   0.2215    0.034   0.0765   0.0374   0.0918   0.0183    0.059   0.3443   0.0043   0.0277   0.0068   0.0131    0.107   0.1207   0.0077   0.0095   0.0559   0.0969   0.0196   0.0744   0.0845   0.0803   0.0474   0.1973    0.092   0.0885   0.0441   0.0054   0.0691   0.0747   0.0145   0.1096   0.0763   0.0182   0.0833   0.1223   0.1659   0.0052   0.0797    0.413   0.0859   0.1662   0.0344   0.0344   0.0294   0.1167   0.0241   0.0084    0.021    0.006   0.0192   0.2331   0.1143   0.2326    0.165   0.0327   0.0771   0.0618   0.0211   0.0954   0.0063   0.1429
  snr   -13.72
    H     5.27
 exon     True

M: snrse
 freq      0.0   0.0018   0.0035   0.0053    0.007   0.0088   0.0105   0.0123    0.014   0.0158   0.0175   0.0193   0.0211   0.0228   0.0246   0.0263   0.0281   0.0298   0.0316   0.0333   0.0351   0.0368   0.0386   0.0404   0.0421   0.0439   0.0456   0.0474   0.0491   0.0509   0.0526   0.0544   0.0561   0.0579   0.0596   0.0614   0.0632   0.0649   0.0667   0.0684   0.0702   0.0719   0.0737   0.0754   0.0772   0.0789   0.0807   0.0825   0.0842    0.086   0.0877   0.0895   0.0912    0.093   0.0947   0.0965   0.0982      0.1   0.1018   0.1035   0.1053    0.107   0.1088   0.1105   0.1123    0.114   0.1158   0.1175   0.1193   0.1211   0.1228   0.1246   0.1263   0.1281   0.1298   0.1316   0.1333   0.1351   0.1368   0.1386   0.1404   0.1421   0.1439   0.1456   0.1474   0.1491   0.1509   0.1526   0.1544   0.1561   0.1579   0.1596   0.1614   0.1632   0.1649   0.1667   0.1684   0.1702   0.1719   0.1737   0.1754   0.1772   0.1789   0.1807   0.1825   0.1842    0.186   0.1877   0.1895   0.1912    0.193   0.1947   0.1965   0.1982      0.2   0.2018   0.2035   0.2053    0.207   0.2088   0.2105   0.2123    0.214   0.2158   0.2175   0.2193   0.2211   0.2228   0.2246   0.2263   0.2281   0.2298   0.2316   0.2333   0.2351   0.2368   0.2386   0.2404   0.2421   0.2439   0.2456   0.2474   0.2491   0.2509   0.2526   0.2544   0.2561   0.2579   0.2596   0.2614   0.2632   0.2649   0.2667   0.2684   0.2702   0.2719   0.2737   0.2754   0.2772   0.2789   0.2807   0.2825   0.2842    0.286   0.2877   0.2895   0.2912    0.293   0.2947   0.2965   0.2982      0.3   0.3018   0.3035   0.3053    0.307   0.3088   0.3105   0.3123    0.314   0.3158   0.3175   0.3193   0.3211   0.3228   0.3246   0.3263   0.3281   0.3298   0.3316   0.3333   0.3351   0.3368   0.3386   0.3404   0.3421   0.3439   0.3456   0.3474   0.3491   0.3509   0.3526   0.3544   0.3561   0.3579   0.3596   0.3614   0.3632   0.3649   0.3667   0.3684   0.3702   0.3719   0.3737   0.3754   0.3772   0.3789   0.3807   0.3825   0.3842    0.386   0.3877   0.3895   0.3912    0.393   0.3947   0.3965   0.3982      0.4   0.4018   0.4035   0.4053    0.407   0.4088   0.4105   0.4123    0.414   0.4158   0.4175   0.4193   0.4211   0.4228   0.4246   0.4263   0.4281   0.4298   0.4316   0.4333   0.4351   0.4368   0.4386   0.4404   0.4421   0.4439   0.4456   0.4474   0.4491   0.4509   0.4526   0.4544   0.4561   0.4579   0.4596   0.4614   0.4632   0.4649   0.4667   0.4684   0.4702   0.4719   0.4737   0.4754   0.4772   0.4789   0.4807   0.4825   0.4842    0.486   0.4877   0.4895   0.4912    0.493   0.4947   0.4965   0.4982
    S      0.0   0.0335   0.0832   0.1941   0.0091     0.12   0.0597   0.0322   0.0582   0.0575   0.0105   0.0659   0.0298   0.0104   0.0819   0.0948   0.1713   0.0015   0.0033   0.0047   0.0071    0.077    0.293    0.025   0.0558   0.0175   0.0931   0.0039   0.0891   0.0943   0.1039   0.0543   0.0673   0.2259   0.0069   0.0337   0.1182   0.0784   0.0564   0.0324   0.0889   0.0098   0.0355   0.0967   0.0125   0.0852     0.13   0.0302   0.0134    0.026   0.0174   0.0165   0.0227   0.1497   0.0324   0.0154    0.051   0.0628   0.0979    0.096   0.0457   0.1543   0.1645   0.0601   0.0322    0.067   0.0234   0.0632   0.1779   0.2557   0.0443   0.0197   0.0717   0.0247   0.1089   0.0492   0.1442   0.0306   0.0231   0.0698   0.0936   0.0176   0.0901   0.0175   0.0043   0.1194   0.0199   0.0524   0.1539   0.0279   0.1874   0.0734   0.0321    0.348   0.1899   0.0061   0.1964   0.3017   0.1344   0.2307   0.1686   0.0114   0.1482   0.1186   0.1511   0.1453   0.2414   0.0468   0.0694   0.0361   0.0663     0.09   0.0168   0.1178    0.015   0.0023   0.0666   0.0126   0.2577   0.0176   0.0316   0.1273   0.0934   0.1184     0.31   0.0314   0.0707   0.1255   0.1398   0.1792    0.066   0.0256   0.0943   0.0498   0.0104   0.0859   0.0686   0.1266   0.0736   0.0416   0.1379   0.2807   0.0555   0.0095   0.0617   0.1424   0.0255     0.02   0.0165   0.2652    0.014   0.1063   0.0346   0.1121   0.0406   0.1422   0.2068   0.0305   0.0251   0.0977   0.1439   0.0199   0.0124   0.0407   0.1542   0.0047   0.0043   0.0738   0.0565   0.0057   0.0389   0.0225   0.0353   0.0235   0.0165   0.0193   0.0295   0.0086    0.014   0.1266   0.2489   0.0995   0.1134   0.0288   0.0258   0.3235   0.0155   0.2567   0.0156   0.2422      1.0   0.0072   0.0829   0.1146   0.0216   0.0049   0.0872   0.0114   0.1211   0.0243   0.0059   0.1112   0.0397   0.0365   0.0645   0.0285   0.0966    0.013   0.0133   0.0211   0.0625   0.1253   0.1164   0.0214   0.0086   0.0463   0.0689   0.0755   0.0257   0.1284   0.1208   0.0107   0.0027   0.1921   0.0315   0.0573   0.0155   0.1125   0.0076   0.0578   0.3614   0.0018   0.0022   0.0046    0.011   0.1002   0.1242   0.0093   0.0023    0.063   0.0956   0.0426   0.0774   0.0697    0.047   0.0546   0.1473   0.0901   0.0936   0.0351   0.0053   0.0403   0.0735   0.0134    0.095   0.0588   0.0286   0.0727   0.0799   0.1039   0.0051   0.0692   0.4865   0.0952   0.1472    0.027   0.0332   0.0276   0.1188   0.0253   0.0082   0.0359   0.0025   0.0229   0.1779   0.0999   0.2017   0.0971   0.0259   0.0567   0.0534   0.0221   0.0743   0.0075   0.0984
  snr   -13.35
    H     5.19
 exon     True