>YPL056C
N: 306
Methods: voss, eiip, qpsk, mem, alg1, alg2

M: voss
 freq      0.0   0.0033   0.0065   0.0098   0.0131   0.0163   0.0196   0.0229   0.0261   0.0294   0.0327   0.0359   0.0392   0.0425   0.0458    0.049   0.0523   0.0556   0.0588   0.0621   0.0654   0.0686   0.0719   0.0752   0.0784   0.0817    0.085   0.0882   0.0915   0.0948    0.098   0.1013   0.1046   0.1078   0.1111   0.1144   0.1176   0.1209   0.1242   0.1275   0.1307    0.134   0.1373   0.1405   0.1438   0.1471   0.1503   0.1536   0.1569   0.1601   0.1634   0.1667   0.1699   0.1732   0.1765   0.1797    0.183   0.1863   0.1895   0.1928   0.1961   0.1993   0.2026   0.2059   0.2092   0.2124   0.2157    0.219   0.2222   0.2255   0.2288    0.232   0.2353   0.2386   0.2418   0.2451   0.2484   0.2516   0.2549   0.2582   0.2614   0.2647    0.268   0.2712   0.2745   0.2778    0.281   0.2843   0.2876   0.2908   0.2941   0.2974   0.3007   0.3039   0.3072   0.3105   0.3137    0.317   0.3203   0.3235   0.3268   0.3301   0.3333   0.3366   0.3399   0.3431   0.3464   0.3497   0.3529   0.3562   0.3595   0.3627    0.366   0.3693   0.3725   0.3758   0.3791   0.3824   0.3856   0.3889   0.3922   0.3954   0.3987    0.402   0.4052   0.4085   0.4118    0.415   0.4183   0.4216   0.4248   0.4281   0.4314   0.4346   0.4379   0.4412   0.4444   0.4477    0.451   0.4542   0.4575   0.4608   0.4641   0.4673   0.4706   0.4739   0.4771   0.4804   0.4837   0.4869   0.4902   0.4935   0.4967
    S      0.0   0.4991      1.0   0.4771   0.7934   0.9375   0.3506   0.0466   0.1126   0.5158   0.4585   0.4694   0.2796   0.3768    0.405   0.3977   0.5811   0.3617   0.2117   0.7315   0.6044   0.2029   0.2547   0.1552   0.0701   0.2207   0.2239   0.1668   0.2274   0.3929   0.1515   0.1453    0.107   0.1919   0.2031     0.22   0.1059   0.1217   0.1966   0.0905   0.0784   0.0773   0.1471   0.2309   0.2082   0.2927   0.0857    0.245   0.1528    0.058    0.236   0.2535   0.1903   0.3275   0.1525   0.2301   0.0531   0.4671   0.3681   0.1704   0.3168   0.1688   0.4386   0.2732   0.2196   0.1936   0.0925   0.1908   0.0886   0.0663   0.1204   0.2765   0.0692   0.1742   0.0699   0.1763   0.1109   0.1477   0.4173   0.1567   0.3375   0.2442   0.2368   0.1584   0.3925   0.4154   0.3116    0.297   0.1532   0.1937   0.1976   0.3226   0.4373   0.1133   0.3903   0.2642   0.3617   0.0791   0.1286   0.2555   0.2303   0.5641   0.2025   0.1066   0.0629   0.3693    0.167   0.1642   0.2551   0.0821   0.8005    0.105   0.3686   0.5345    0.098   0.3133     0.37   0.1992   0.2739   0.4636   0.1792   0.2898   0.4097   0.2426   0.3165   0.0856    0.165   0.8179   0.3436   0.1968   0.5511   0.2427   0.3937    0.174   0.2136    0.049   0.3523   0.2421   0.1936   0.2704   0.1095    0.174   0.1772   0.2591   0.2234   0.5267   0.1056   0.0756   0.1105   0.6074   0.7571   0.1558   0.1423
  snr   -16.02
    H     4.82
 exon    False

M: eiip
 freq      0.0   0.0033   0.0065   0.0098   0.0131   0.0163   0.0196   0.0229   0.0261   0.0294   0.0327   0.0359   0.0392   0.0425   0.0458    0.049   0.0523   0.0556   0.0588   0.0621   0.0654   0.0686   0.0719   0.0752   0.0784   0.0817    0.085   0.0882   0.0915   0.0948    0.098   0.1013   0.1046   0.1078   0.1111   0.1144   0.1176   0.1209   0.1242   0.1275   0.1307    0.134   0.1373   0.1405   0.1438   0.1471   0.1503   0.1536   0.1569   0.1601   0.1634   0.1667   0.1699   0.1732   0.1765   0.1797    0.183   0.1863   0.1895   0.1928   0.1961   0.1993   0.2026   0.2059   0.2092   0.2124   0.2157    0.219   0.2222   0.2255   0.2288    0.232   0.2353   0.2386   0.2418   0.2451   0.2484   0.2516   0.2549   0.2582   0.2614   0.2647    0.268   0.2712   0.2745   0.2778    0.281   0.2843   0.2876   0.2908   0.2941   0.2974   0.3007   0.3039   0.3072   0.3105   0.3137    0.317   0.3203   0.3235   0.3268   0.3301   0.3333   0.3366   0.3399   0.3431   0.3464   0.3497   0.3529   0.3562   0.3595   0.3627    0.366   0.3693   0.3725   0.3758   0.3791   0.3824   0.3856   0.3889   0.3922   0.3954   0.3987    0.402   0.4052   0.4085   0.4118    0.415   0.4183   0.4216   0.4248   0.4281   0.4314   0.4346   0.4379   0.4412   0.4444   0.4477    0.451   0.4542   0.4575   0.4608   0.4641   0.4673   0.4706   0.4739   0.4771   0.4804   0.4837   0.4869   0.4902   0.4935   0.4967
    S      0.0   0.0785   0.5502   0.2221   0.3444   0.0658   0.0173   0.0473   0.0628   0.5455   0.0423   0.0104   0.0779   0.1018   0.2424   0.3406   0.4426   0.0801   0.1078   0.0852   0.1019   0.0018   0.1962   0.0307   0.0355   0.0528   0.0038   0.0968   0.2697   0.1647   0.1196   0.0596   0.0943   0.1486   0.2405   0.0705   0.0961   0.0869   0.0783   0.1673   0.0118   0.0322    0.036   0.1347   0.0307   0.1777   0.0888   0.1315   0.0948   0.0796   0.1385    0.185   0.1693   0.3946   0.1178   0.1866     0.05   0.2171   0.2465   0.0127   0.0184   0.0292   0.0479   0.3555   0.0923   0.1859   0.1763   0.1613   0.0127   0.0268   0.0829   0.1202    0.094   0.0197   0.0463   0.1413    0.089   0.0572   0.1248   0.0125   0.2679   0.3021   0.0635   0.0825   0.1583   0.0563   0.0849   0.0955   0.0248   0.1724   0.0833   0.0313   0.1052   0.0022   0.0406    0.023    0.012   0.0194   0.2396   0.0823   0.0352   0.3754   0.1274   0.0747    0.073   0.0228   0.1985   0.0616   0.0465   0.0159   0.2652    0.051   0.0768   0.0644   0.0908   0.2629   0.0774   0.0994   0.4082   0.1023   0.2269   0.3833   0.4714   0.0438   0.5111   0.0269    0.248      1.0   0.2495   0.1831   0.7765   0.1482    0.201   0.0359   0.1064   0.0154   0.7086   0.0165   0.0179   0.0594   0.0285   0.0368   0.2595   0.1078   0.0218   0.1524   0.0536    0.045   0.1764   0.3492   0.0276   0.0095   0.1865
  snr   -13.09
    H     4.58
 exon    False

M: qpsk
 freq      0.0   0.0033   0.0065   0.0098   0.0131   0.0163   0.0196   0.0229   0.0261   0.0294   0.0327   0.0359   0.0392   0.0425   0.0458    0.049   0.0523   0.0556   0.0588   0.0621   0.0654   0.0686   0.0719   0.0752   0.0784   0.0817    0.085   0.0882   0.0915   0.0948    0.098   0.1013   0.1046   0.1078   0.1111   0.1144   0.1176   0.1209   0.1242   0.1275   0.1307    0.134   0.1373   0.1405   0.1438   0.1471   0.1503   0.1536   0.1569   0.1601   0.1634   0.1667   0.1699   0.1732   0.1765   0.1797    0.183   0.1863   0.1895   0.1928   0.1961   0.1993   0.2026   0.2059   0.2092   0.2124   0.2157    0.219   0.2222   0.2255   0.2288    0.232   0.2353   0.2386   0.2418   0.2451   0.2484   0.2516   0.2549   0.2582   0.2614   0.2647    0.268   0.2712   0.2745   0.2778    0.281   0.2843   0.2876   0.2908   0.2941   0.2974   0.3007   0.3039   0.3072   0.3105   0.3137    0.317   0.3203   0.3235   0.3268   0.3301   0.3333   0.3366   0.3399   0.3431   0.3464   0.3497   0.3529   0.3562   0.3595   0.3627    0.366   0.3693   0.3725   0.3758   0.3791   0.3824   0.3856   0.3889   0.3922   0.3954   0.3987    0.402   0.4052   0.4085   0.4118    0.415   0.4183   0.4216   0.4248   0.4281   0.4314   0.4346   0.4379   0.4412   0.4444   0.4477    0.451   0.4542   0.4575   0.4608   0.4641   0.4673   0.4706   0.4739   0.4771   0.4804   0.4837   0.4869   0.4902   0.4935   0.4967
    S      0.0    0.536   0.8248   0.5548   0.7708   0.6217   0.2423   0.0664   0.0711   0.6675   0.2264   0.2945   0.3691   0.3205   0.5754   0.1616   0.7672    0.398   0.2234   0.9108   0.7301   0.2483   0.0233   0.2283   0.0609   0.2622   0.1696   0.2257   0.2988   0.2362    0.202   0.1809   0.0203   0.2628   0.2269   0.1544   0.0505   0.0766   0.2259   0.0847   0.1173   0.0356   0.1326   0.0406   0.1413   0.2522   0.1286   0.1563   0.1562   0.0494   0.3024   0.1058   0.2667   0.4595   0.2045   0.3233   0.0082   0.6257    0.523   0.1874   0.4215   0.1836   0.5094   0.3942   0.2081   0.1276   0.1267   0.2771   0.1042   0.0799    0.097   0.3583   0.0399   0.1905   0.0937   0.1958   0.0826   0.1969   0.5094   0.1779   0.3295    0.049   0.0454   0.1443   0.4698   0.2654   0.1396   0.2558   0.2086   0.1385   0.2593   0.2266     0.42    0.061   0.5739   0.3965   0.1456   0.0094   0.1237   0.1994   0.3318   0.2926   0.2481   0.0818    0.022   0.3035   0.1919   0.1623   0.2807   0.0518      1.0   0.1323   0.3242   0.6534   0.0528   0.3075   0.2329   0.2945     0.37    0.453   0.2633   0.3243    0.401    0.271   0.4099   0.0049   0.0597   0.6557   0.3949   0.1397   0.4678   0.3328   0.1846   0.2088   0.2459   0.0682   0.3585   0.2354   0.2766   0.1656   0.0925    0.115   0.2525   0.2079   0.2119   0.6216   0.1389   0.0927    0.108   0.7021    0.759   0.0761   0.1886
  snr   -15.96
    H     4.76
 exon    False

M: mem
 freq      0.0   0.0033   0.0065   0.0098   0.0131   0.0163   0.0196   0.0229   0.0261   0.0294   0.0327   0.0359   0.0392   0.0425   0.0458    0.049   0.0523   0.0556   0.0588   0.0621   0.0654   0.0686   0.0719   0.0752   0.0784   0.0817    0.085   0.0882   0.0915   0.0948    0.098   0.1013   0.1046   0.1078   0.1111   0.1144   0.1176   0.1209   0.1242   0.1275   0.1307    0.134   0.1373   0.1405   0.1438   0.1471   0.1503   0.1536   0.1569   0.1601   0.1634   0.1667   0.1699   0.1732   0.1765   0.1797    0.183   0.1863   0.1895   0.1928   0.1961   0.1993   0.2026   0.2059   0.2092   0.2124   0.2157    0.219   0.2222   0.2255   0.2288    0.232   0.2353   0.2386   0.2418   0.2451   0.2484   0.2516   0.2549   0.2582   0.2614   0.2647    0.268   0.2712   0.2745   0.2778    0.281   0.2843   0.2876   0.2908   0.2941   0.2974   0.3007   0.3039   0.3072   0.3105   0.3137    0.317   0.3203   0.3235   0.3268   0.3301   0.3333   0.3366   0.3399   0.3431   0.3464   0.3497   0.3529   0.3562   0.3595   0.3627    0.366   0.3693   0.3725   0.3758   0.3791   0.3824   0.3856   0.3889   0.3922   0.3954   0.3987    0.402   0.4052   0.4085   0.4118    0.415   0.4183   0.4216   0.4248   0.4281   0.4314   0.4346   0.4379   0.4412   0.4444   0.4477    0.451   0.4542   0.4575   0.4608   0.4641   0.4673   0.4706   0.4739   0.4771   0.4804   0.4837   0.4869   0.4902   0.4935   0.4967
    S      0.0   0.0194   0.3033   0.1131   0.1974      1.0   0.3695   0.0203   0.0674   0.2432   0.0949   0.0637   0.0252   0.2474   0.0816   0.2989   0.1412   0.4291   0.0243   0.2822   0.0193   0.0287   0.2508   0.0441   0.0225   0.0085   0.0125   0.0519   0.0255   0.1094   0.0001   0.0323   0.1504   0.0316   0.0436   0.2818   0.0579   0.0399    0.138   0.0397   0.0335   0.0804   0.1364   0.2367   0.0503   0.1258    0.001   0.1194   0.0443   0.0696   0.0348   0.0981   0.0012   0.0746   0.0641   0.0558   0.0554   0.1697   0.0542   0.0497   0.0399    0.011    0.365   0.0235   0.0427   0.2349   0.0268   0.1094   0.0031   0.0146   0.0511   0.0196   0.0367   0.0073   0.0359   0.0198    0.076   0.0607   0.4008   0.0194   0.2748   0.2718   0.2248   0.1339   0.0152   0.1517   0.3845   0.1244   0.0215   0.2969   0.0515   0.1076   0.0154   0.0276   0.0926   0.1317   0.1428    0.059   0.0917   0.0243    0.113   0.2214   0.0086   0.0461   0.0429   0.1972   0.0353   0.0089   0.0198   0.0094    0.079   0.0166    0.071   0.1754    0.036   0.0937   0.1287   0.0674   0.2067   0.1391   0.0016   0.2185   0.0642   0.0134   0.0493   0.0914   0.1519   0.3348   0.0048   0.0573   0.2254   0.0227   0.4221   0.0564   0.0313   0.0258   0.1858   0.0015   0.1234   0.2923   0.0528     0.02   0.0257   0.1921   0.0219   0.0387   0.0029   0.0129    0.074   0.0344   0.0032   0.0448   0.1307
  snr   -11.75
    H     4.51
 exon    False

M: alg1
 freq      0.0   0.0033   0.0065   0.0098   0.0131   0.0163   0.0196   0.0229   0.0261   0.0294   0.0327   0.0359   0.0392   0.0425   0.0458    0.049   0.0523   0.0556   0.0588   0.0621   0.0654   0.0686   0.0719   0.0752   0.0784   0.0817    0.085   0.0882   0.0915   0.0948    0.098   0.1013   0.1046   0.1078   0.1111   0.1144   0.1176   0.1209   0.1242   0.1275   0.1307    0.134   0.1373   0.1405   0.1438   0.1471   0.1503   0.1536   0.1569   0.1601   0.1634   0.1667   0.1699   0.1732   0.1765   0.1797    0.183   0.1863   0.1895   0.1928   0.1961   0.1993   0.2026   0.2059   0.2092   0.2124   0.2157    0.219   0.2222   0.2255   0.2288    0.232   0.2353   0.2386   0.2418   0.2451   0.2484   0.2516   0.2549   0.2582   0.2614   0.2647    0.268   0.2712   0.2745   0.2778    0.281   0.2843   0.2876   0.2908   0.2941   0.2974   0.3007   0.3039   0.3072   0.3105   0.3137    0.317   0.3203   0.3235   0.3268   0.3301   0.3333   0.3366   0.3399   0.3431   0.3464   0.3497   0.3529   0.3562   0.3595   0.3627    0.366   0.3693   0.3725   0.3758   0.3791   0.3824   0.3856   0.3889   0.3922   0.3954   0.3987    0.402   0.4052   0.4085   0.4118    0.415   0.4183   0.4216   0.4248   0.4281   0.4314   0.4346   0.4379   0.4412   0.4444   0.4477    0.451   0.4542   0.4575   0.4608   0.4641   0.4673   0.4706   0.4739   0.4771   0.4804   0.4837   0.4869   0.4902   0.4935   0.4967
    S      0.0   0.4672   0.7668   0.6917      1.0   0.5175   0.2107   0.0227   0.0094   0.5189   0.2285   0.4447   0.1948   0.3638   0.3912   0.0229   0.5727   0.0338   0.0877    0.106   0.4758   0.0332   0.0415   0.0118   0.0778   0.1189   0.1778   0.1767   0.2836   0.2881   0.0724   0.0917   0.0109   0.1281   0.0874   0.0608   0.0475    0.028   0.1614   0.0276   0.0167   0.0527   0.1066   0.1111   0.1758    0.277    0.078   0.1801    0.137    0.004   0.0394    0.015   0.2371   0.2911   0.0273     0.07   0.0118   0.0502   0.3788   0.1384   0.1077   0.1734   0.0633   0.3581   0.2392    0.059   0.0815   0.0888   0.0623   0.0843    0.086   0.2279   0.0112     0.03   0.0243   0.2065   0.0458   0.1352   0.0267   0.0971   0.0222   0.0048   0.1636   0.1151   0.3741   0.4972   0.1551   0.1625   0.0753   0.0016   0.2367   0.4541   0.0831   0.1107   0.0149   0.0208   0.3727   0.0454   0.0392   0.1765   0.0821   0.1596   0.3344   0.1097   0.0034   0.4296   0.0988   0.1203   0.2083   0.0256   0.0091   0.1236   0.4841   0.2612   0.0149   0.3727   0.4339   0.1036   0.1394   0.0934   0.1716   0.1786   0.1784   0.2147   0.1829   0.0442   0.0066   0.1185    0.053   0.0815   0.0768   0.2899   0.1283   0.0068   0.3395   0.0175   0.1426   0.0567   0.0139   0.0836   0.1431    0.089   0.2122   0.0831   0.0399   0.2484   0.0966   0.1084    0.025   0.0238   0.2901   0.1596   0.0529
  snr   -13.68
    H     4.58
 exon    False

M: alg2
 freq      0.0   0.0033   0.0065   0.0098   0.0131   0.0163   0.0196   0.0229   0.0261   0.0294   0.0327   0.0359   0.0392   0.0425   0.0458    0.049   0.0523   0.0556   0.0588   0.0621   0.0654   0.0686   0.0719   0.0752   0.0784   0.0817    0.085   0.0882   0.0915   0.0948    0.098   0.1013   0.1046   0.1078   0.1111   0.1144   0.1176   0.1209   0.1242   0.1275   0.1307    0.134   0.1373   0.1405   0.1438   0.1471   0.1503   0.1536   0.1569   0.1601   0.1634   0.1667   0.1699   0.1732   0.1765   0.1797    0.183   0.1863   0.1895   0.1928   0.1961   0.1993   0.2026   0.2059   0.2092   0.2124   0.2157    0.219   0.2222   0.2255   0.2288    0.232   0.2353   0.2386   0.2418   0.2451   0.2484   0.2516   0.2549   0.2582   0.2614   0.2647    0.268   0.2712   0.2745   0.2778    0.281   0.2843   0.2876   0.2908   0.2941   0.2974   0.3007   0.3039   0.3072   0.3105   0.3137    0.317   0.3203   0.3235   0.3268   0.3301   0.3333   0.3366   0.3399   0.3431   0.3464   0.3497   0.3529   0.3562   0.3595   0.3627    0.366   0.3693   0.3725   0.3758   0.3791   0.3824   0.3856   0.3889   0.3922   0.3954   0.3987    0.402   0.4052   0.4085   0.4118    0.415   0.4183   0.4216   0.4248   0.4281   0.4314   0.4346   0.4379   0.4412   0.4444   0.4477    0.451   0.4542   0.4575   0.4608   0.4641   0.4673   0.4706   0.4739   0.4771   0.4804   0.4837   0.4869   0.4902   0.4935   0.4967
    S      0.0    0.062   0.2754    0.302   0.4663      1.0   0.3715   0.0045   0.0473   0.1377   0.1574    0.172   0.0592    0.271   0.0545   0.2187    0.285   0.2992   0.0143   0.2902   0.0214    0.025    0.198   0.0329   0.0279   0.0065   0.0512   0.0945   0.0644   0.1443   0.0195   0.0098   0.1051   0.0047   0.0158   0.2167   0.0473   0.0299   0.1485    0.015   0.0294   0.0785   0.1332   0.2109   0.0763   0.1157   0.0219   0.1547   0.0335   0.0327   0.0515   0.0815   0.0461   0.0098   0.0308   0.0397   0.0414   0.1408   0.0069   0.0796   0.0077   0.0327   0.3013   0.0633   0.0612   0.1628   0.0059   0.0536   0.0103   0.0399   0.0672   0.0065   0.0213   0.0076   0.0311   0.0347   0.0448   0.0958   0.2754   0.0191   0.1322   0.1716   0.2324    0.135   0.0254   0.2886   0.3546   0.0949   0.0091   0.1735   0.1207   0.2278   0.0537   0.0573   0.0763   0.0802   0.2418   0.0648   0.0299   0.0646   0.0983    0.233   0.0787   0.0621    0.029   0.3203   0.0457   0.0198   0.0265   0.0176   0.0783   0.0535   0.1643   0.2607   0.0302   0.1479   0.2149   0.0806   0.0533   0.0923   0.0283   0.1352   0.0673   0.0248   0.0315   0.0884   0.0847    0.157   0.0252   0.0598   0.1272   0.0478   0.3185   0.0329   0.1129   0.0269   0.0585   0.0172   0.0956    0.251   0.0892   0.0424   0.0122    0.129   0.0282   0.0158   0.0092   0.0415   0.0327   0.0636   0.0444    0.085   0.0399
  snr   -11.67
    H     4.56
 exon    False