>YPL183W-A
N: 282
Methods: voss, eiip, qpsk, mem, alg1, alg2

M: voss
 freq      0.0   0.0035   0.0071   0.0106   0.0142   0.0177   0.0213   0.0248   0.0284   0.0319   0.0355    0.039   0.0426   0.0461   0.0496   0.0532   0.0567   0.0603   0.0638   0.0674   0.0709   0.0745    0.078   0.0816   0.0851   0.0887   0.0922   0.0957   0.0993   0.1028   0.1064   0.1099   0.1135    0.117   0.1206   0.1241   0.1277   0.1312   0.1348   0.1383   0.1418   0.1454   0.1489   0.1525    0.156   0.1596   0.1631   0.1667   0.1702   0.1738   0.1773   0.1809   0.1844   0.1879   0.1915    0.195   0.1986   0.2021   0.2057   0.2092   0.2128   0.2163   0.2199   0.2234    0.227   0.2305    0.234   0.2376   0.2411   0.2447   0.2482   0.2518   0.2553   0.2589   0.2624    0.266   0.2695    0.273   0.2766   0.2801   0.2837   0.2872   0.2908   0.2943   0.2979   0.3014    0.305   0.3085   0.3121   0.3156   0.3191   0.3227   0.3262   0.3298   0.3333   0.3369   0.3404    0.344   0.3475   0.3511   0.3546   0.3582   0.3617   0.3652   0.3688   0.3723   0.3759   0.3794    0.383   0.3865   0.3901   0.3936   0.3972   0.4007   0.4043   0.4078   0.4113   0.4149   0.4184    0.422   0.4255   0.4291   0.4326   0.4362   0.4397   0.4433   0.4468   0.4504   0.4539   0.4574    0.461   0.4645   0.4681   0.4716   0.4752   0.4787   0.4823   0.4858   0.4894   0.4929   0.4965
    S      0.0   0.7011   0.1382   0.3111   0.1003   0.0694   0.5335     0.51   0.3456   0.2864   0.3702   0.1699   0.3048   0.4639   0.2447   0.2354   0.3857   0.2525    0.231   0.2104   0.2114   0.2628   0.3633    0.224   0.1576   0.2729   0.1124   0.3791   0.0934   0.5981   0.5072   0.1192    0.126   0.1905   0.3351   0.1939   0.1409   0.1914   0.1897   0.0998   0.1946    0.157    0.477   0.3557   0.1618   0.2531   0.1612   0.4499   0.5857   0.1094   0.2841   0.2431   0.2382   0.0459   0.1525   0.0408   0.2264   0.1495   0.3665   0.2143     0.03   0.1055   0.3088   0.0942   0.1017    0.039   0.3628   0.3827   0.3429   0.4374   0.2141   0.2127   0.2068   0.1898   0.2246   0.2151   0.3621   0.1827   0.1351   0.2498   0.2521   0.3316   0.2306    0.115   0.1609   0.2029   0.1412    0.172   0.0812   0.3863   0.3207   0.2228   0.2033      1.0   0.2267   0.1472   0.6371   0.1167   0.1291   0.0727    0.218   0.1199   0.3647   0.0771    0.143   0.3098   0.1587   0.1353   0.3758   0.2365   0.2545   0.0909   0.1963   0.1824   0.2728   0.2433   0.0734   0.1769   0.1758   0.4708   0.1272    0.269   0.0551   0.4372   0.2267   0.2011   0.4029    0.349    0.059    0.198   0.0351   0.1663   0.2869   0.3179   0.3851   0.1125   0.1038    0.311   0.3669     0.05   0.1827
  snr   -15.18
    H     4.78
 exon     True

M: eiip
 freq      0.0   0.0035   0.0071   0.0106   0.0142   0.0177   0.0213   0.0248   0.0284   0.0319   0.0355    0.039   0.0426   0.0461   0.0496   0.0532   0.0567   0.0603   0.0638   0.0674   0.0709   0.0745    0.078   0.0816   0.0851   0.0887   0.0922   0.0957   0.0993   0.1028   0.1064   0.1099   0.1135    0.117   0.1206   0.1241   0.1277   0.1312   0.1348   0.1383   0.1418   0.1454   0.1489   0.1525    0.156   0.1596   0.1631   0.1667   0.1702   0.1738   0.1773   0.1809   0.1844   0.1879   0.1915    0.195   0.1986   0.2021   0.2057   0.2092   0.2128   0.2163   0.2199   0.2234    0.227   0.2305    0.234   0.2376   0.2411   0.2447   0.2482   0.2518   0.2553   0.2589   0.2624    0.266   0.2695    0.273   0.2766   0.2801   0.2837   0.2872   0.2908   0.2943   0.2979   0.3014    0.305   0.3085   0.3121   0.3156   0.3191   0.3227   0.3262   0.3298   0.3333   0.3369   0.3404    0.344   0.3475   0.3511   0.3546   0.3582   0.3617   0.3652   0.3688   0.3723   0.3759   0.3794    0.383   0.3865   0.3901   0.3936   0.3972   0.4007   0.4043   0.4078   0.4113   0.4149   0.4184    0.422   0.4255   0.4291   0.4326   0.4362   0.4397   0.4433   0.4468   0.4504   0.4539   0.4574    0.461   0.4645   0.4681   0.4716   0.4752   0.4787   0.4823   0.4858   0.4894   0.4929   0.4965
    S      0.0   0.0722   0.0437    0.004   0.0745   0.0634   0.2323   0.0933   0.0211   0.0252   0.3039   0.0434   0.1474   0.0407   0.0554   0.0613   0.0624   0.0384   0.0065    0.017   0.1027   0.2226   0.0499   0.0169   0.0565   0.0426   0.1352   0.1828   0.0558   0.0861   0.1581   0.0789   0.0166   0.0393   0.1623   0.1632   0.0317   0.0268   0.0347   0.0573   0.1523    0.115   0.5622   0.0523    0.105   0.3088   0.0038   0.1185   0.1653   0.0518   0.1876   0.1583   0.2179   0.0257   0.1407   0.0171   0.1141   0.0736   0.0422   0.0569   0.0105   0.0654   0.0458   0.1098   0.0924    0.017   0.2925   0.4434   0.0433   0.2124   0.2027   0.0554   0.1157   0.0874   0.0484   0.2013    0.213   0.0894    0.015     0.06   0.2929   0.1376   0.1109    0.085   0.1154   0.0571   0.1121   0.0455   0.0209   0.0398    0.105   0.0043   0.0512      1.0   0.0028   0.0283   0.1115   0.1067   0.0747   0.0523   0.0037   0.0044   0.1762   0.0252   0.0195    0.358   0.0943   0.0783   0.4988   0.1216   0.0377   0.1065    0.066   0.0616   0.0781    0.005   0.0437   0.2194   0.0258   0.3485   0.0405   0.1224   0.0076   0.0755    0.129   0.0463   0.1881   0.1779    0.042   0.0946   0.0126   0.1002   0.0388   0.1905   0.1096   0.0343   0.0648   0.0118   0.1881   0.0061    0.174
  snr   -11.46
    H      4.5
 exon     True

M: qpsk
 freq      0.0   0.0035   0.0071   0.0106   0.0142   0.0177   0.0213   0.0248   0.0284   0.0319   0.0355    0.039   0.0426   0.0461   0.0496   0.0532   0.0567   0.0603   0.0638   0.0674   0.0709   0.0745    0.078   0.0816   0.0851   0.0887   0.0922   0.0957   0.0993   0.1028   0.1064   0.1099   0.1135    0.117   0.1206   0.1241   0.1277   0.1312   0.1348   0.1383   0.1418   0.1454   0.1489   0.1525    0.156   0.1596   0.1631   0.1667   0.1702   0.1738   0.1773   0.1809   0.1844   0.1879   0.1915    0.195   0.1986   0.2021   0.2057   0.2092   0.2128   0.2163   0.2199   0.2234    0.227   0.2305    0.234   0.2376   0.2411   0.2447   0.2482   0.2518   0.2553   0.2589   0.2624    0.266   0.2695    0.273   0.2766   0.2801   0.2837   0.2872   0.2908   0.2943   0.2979   0.3014    0.305   0.3085   0.3121   0.3156   0.3191   0.3227   0.3262   0.3298   0.3333   0.3369   0.3404    0.344   0.3475   0.3511   0.3546   0.3582   0.3617   0.3652   0.3688   0.3723   0.3759   0.3794    0.383   0.3865   0.3901   0.3936   0.3972   0.4007   0.4043   0.4078   0.4113   0.4149   0.4184    0.422   0.4255   0.4291   0.4326   0.4362   0.4397   0.4433   0.4468   0.4504   0.4539   0.4574    0.461   0.4645   0.4681   0.4716   0.4752   0.4787   0.4823   0.4858   0.4894   0.4929   0.4965
    S      0.0   0.7295   0.1105    0.241   0.0242   0.0216   0.4863   0.0599   0.2522   0.3126   0.3917   0.1437   0.1477   0.3316   0.1211   0.1899   0.2561    0.291   0.0851   0.1622   0.2263   0.2727   0.3912   0.0706   0.1557   0.2328   0.1003   0.1841   0.0477   0.3012   0.3705   0.1008    0.088   0.1558   0.3528   0.2214   0.0697   0.0705   0.0933   0.1157   0.0919   0.1452   0.2896   0.2645   0.1404   0.1972   0.1479    0.114   0.5326   0.1188   0.3016   0.0856   0.2103   0.0552   0.1335   0.0451    0.268   0.0893    0.149    0.236   0.0348   0.0431   0.3122   0.0554   0.0721   0.0441   0.3633   0.1671   0.2814    0.426   0.1057   0.1267   0.1306   0.1793   0.2602   0.1817   0.3894   0.0866   0.0919   0.2481   0.2855   0.2287   0.1353   0.0814   0.1901   0.2211   0.1579   0.1915   0.0893   0.4629   0.1025   0.2039   0.2451      1.0   0.1641   0.1129   0.5177   0.1074   0.0338   0.0161   0.1502   0.1084   0.3589   0.0249   0.1553   0.1229   0.1673   0.1309   0.2861   0.2832   0.2645   0.0811   0.1092    0.129   0.0394   0.2645   0.0602   0.1598   0.1982   0.1872   0.0222   0.2868   0.0394   0.4401   0.2467   0.2078   0.3904   0.3499   0.0702   0.1322    0.039   0.1293   0.3462   0.3398   0.3379   0.1157   0.0919   0.1642   0.3347    0.026   0.2054
  snr   -14.21
    H     4.71
 exon     True

M: mem
 freq      0.0   0.0035   0.0071   0.0106   0.0142   0.0177   0.0213   0.0248   0.0284   0.0319   0.0355    0.039   0.0426   0.0461   0.0496   0.0532   0.0567   0.0603   0.0638   0.0674   0.0709   0.0745    0.078   0.0816   0.0851   0.0887   0.0922   0.0957   0.0993   0.1028   0.1064   0.1099   0.1135    0.117   0.1206   0.1241   0.1277   0.1312   0.1348   0.1383   0.1418   0.1454   0.1489   0.1525    0.156   0.1596   0.1631   0.1667   0.1702   0.1738   0.1773   0.1809   0.1844   0.1879   0.1915    0.195   0.1986   0.2021   0.2057   0.2092   0.2128   0.2163   0.2199   0.2234    0.227   0.2305    0.234   0.2376   0.2411   0.2447   0.2482   0.2518   0.2553   0.2589   0.2624    0.266   0.2695    0.273   0.2766   0.2801   0.2837   0.2872   0.2908   0.2943   0.2979   0.3014    0.305   0.3085   0.3121   0.3156   0.3191   0.3227   0.3262   0.3298   0.3333   0.3369   0.3404    0.344   0.3475   0.3511   0.3546   0.3582   0.3617   0.3652   0.3688   0.3723   0.3759   0.3794    0.383   0.3865   0.3901   0.3936   0.3972   0.4007   0.4043   0.4078   0.4113   0.4149   0.4184    0.422   0.4255   0.4291   0.4326   0.4362   0.4397   0.4433   0.4468   0.4504   0.4539   0.4574    0.461   0.4645   0.4681   0.4716   0.4752   0.4787   0.4823   0.4858   0.4894   0.4929   0.4965
    S      0.0   0.2224   0.0828   0.0557   0.0321   0.0336   0.4227   0.0242    0.076   0.0845   0.3343   0.0255   0.0084   0.1381   0.0796   0.0718   0.1437   0.0021   0.0326   0.0509   0.1947   0.2723   0.1122   0.0391   0.0598   0.0717   0.1048   0.0993   0.0256   0.0999   0.2726   0.0239   0.0603   0.0348   0.2472   0.1057   0.0222   0.0386   0.0373   0.0241   0.0902   0.1252   0.2302   0.1559   0.0562   0.1804   0.0149   0.0118   0.2528   0.1038   0.2636   0.0571   0.1257   0.0093   0.0994   0.0151   0.0547   0.0842   0.0383   0.0098   0.0154   0.0108   0.0705    0.043   0.0336   0.0052   0.1355   0.1393   0.0295   0.2875   0.0697   0.0446    0.025   0.0559   0.0235   0.1814   0.2824   0.0657   0.0621   0.1022   0.2429   0.1748   0.0752    0.065   0.0806   0.1382   0.0584    0.035   0.0148   0.1571   0.0004   0.0287   0.0182      1.0   0.0645    0.005   0.0171   0.0326   0.0332   0.0202   0.0288   0.0461   0.2499   0.0035   0.0479   0.1577   0.0919   0.0845   0.2879   0.0511   0.0092    0.083   0.0006   0.1056   0.0076   0.0518     0.05   0.1818   0.1098   0.1665   0.0038   0.0764   0.0253   0.0162   0.1118   0.1006   0.3189    0.032   0.0608   0.0498    0.025   0.0471   0.0375   0.2601   0.2229   0.0045   0.0567   0.0832    0.022   0.0047   0.1727
  snr   -10.91
    H     4.46
 exon     True

M: alg1
 freq      0.0   0.0035   0.0071   0.0106   0.0142   0.0177   0.0213   0.0248   0.0284   0.0319   0.0355    0.039   0.0426   0.0461   0.0496   0.0532   0.0567   0.0603   0.0638   0.0674   0.0709   0.0745    0.078   0.0816   0.0851   0.0887   0.0922   0.0957   0.0993   0.1028   0.1064   0.1099   0.1135    0.117   0.1206   0.1241   0.1277   0.1312   0.1348   0.1383   0.1418   0.1454   0.1489   0.1525    0.156   0.1596   0.1631   0.1667   0.1702   0.1738   0.1773   0.1809   0.1844   0.1879   0.1915    0.195   0.1986   0.2021   0.2057   0.2092   0.2128   0.2163   0.2199   0.2234    0.227   0.2305    0.234   0.2376   0.2411   0.2447   0.2482   0.2518   0.2553   0.2589   0.2624    0.266   0.2695    0.273   0.2766   0.2801   0.2837   0.2872   0.2908   0.2943   0.2979   0.3014    0.305   0.3085   0.3121   0.3156   0.3191   0.3227   0.3262   0.3298   0.3333   0.3369   0.3404    0.344   0.3475   0.3511   0.3546   0.3582   0.3617   0.3652   0.3688   0.3723   0.3759   0.3794    0.383   0.3865   0.3901   0.3936   0.3972   0.4007   0.4043   0.4078   0.4113   0.4149   0.4184    0.422   0.4255   0.4291   0.4326   0.4362   0.4397   0.4433   0.4468   0.4504   0.4539   0.4574    0.461   0.4645   0.4681   0.4716   0.4752   0.4787   0.4823   0.4858   0.4894   0.4929   0.4965
    S      0.0    0.505   0.1352   0.4444   0.0566   0.0155   0.6154   0.5233   0.2553   0.1239   0.2041   0.0303   0.3647   0.4894    0.186   0.3289   0.6284   0.1421   0.2273   0.3569   0.2496   0.1279   0.2484   0.2614   0.1699   0.3222   0.0387    0.312   0.1013      1.0   0.6004   0.0623   0.1616   0.2362   0.3308   0.0269   0.2157   0.1776   0.1307     0.02   0.0091   0.1331   0.2052   0.5044   0.1122   0.0202   0.0251   0.2757   0.3844   0.1397   0.2201   0.0656   0.1163   0.0078   0.0122   0.0268   0.0279    0.126   0.5705   0.1719   0.0257   0.0741   0.1549   0.0228   0.0321   0.0227   0.1652   0.1676   0.2062   0.1345   0.0668   0.2209   0.1548   0.0546   0.0885   0.0316   0.2616   0.1512   0.2085   0.1712   0.0411   0.3227   0.0278   0.0043   0.0214   0.2783   0.0555   0.0699   0.0656   0.3756   0.3885   0.1496    0.086   0.2482   0.4039   0.2174   0.3449   0.0411   0.1132    0.037   0.2586   0.1862   0.1239   0.1105   0.0594   0.0859   0.0544   0.0311   0.0752   0.0333   0.2375   0.0396   0.2339   0.1865   0.2008   0.2684   0.0181   0.0159   0.2636   0.4056   0.0968   0.0531   0.0641   0.1647   0.0496   0.1186    0.399    0.186   0.0472   0.2391   0.0454   0.0401   0.1784   0.3421   0.3997   0.0437   0.0844   0.4368   0.2421   0.0367   0.0664
  snr   -13.89
    H     4.58
 exon    False

M: alg2
 freq      0.0   0.0035   0.0071   0.0106   0.0142   0.0177   0.0213   0.0248   0.0284   0.0319   0.0355    0.039   0.0426   0.0461   0.0496   0.0532   0.0567   0.0603   0.0638   0.0674   0.0709   0.0745    0.078   0.0816   0.0851   0.0887   0.0922   0.0957   0.0993   0.1028   0.1064   0.1099   0.1135    0.117   0.1206   0.1241   0.1277   0.1312   0.1348   0.1383   0.1418   0.1454   0.1489   0.1525    0.156   0.1596   0.1631   0.1667   0.1702   0.1738   0.1773   0.1809   0.1844   0.1879   0.1915    0.195   0.1986   0.2021   0.2057   0.2092   0.2128   0.2163   0.2199   0.2234    0.227   0.2305    0.234   0.2376   0.2411   0.2447   0.2482   0.2518   0.2553   0.2589   0.2624    0.266   0.2695    0.273   0.2766   0.2801   0.2837   0.2872   0.2908   0.2943   0.2979   0.3014    0.305   0.3085   0.3121   0.3156   0.3191   0.3227   0.3262   0.3298   0.3333   0.3369   0.3404    0.344   0.3475   0.3511   0.3546   0.3582   0.3617   0.3652   0.3688   0.3723   0.3759   0.3794    0.383   0.3865   0.3901   0.3936   0.3972   0.4007   0.4043   0.4078   0.4113   0.4149   0.4184    0.422   0.4255   0.4291   0.4326   0.4362   0.4397   0.4433   0.4468   0.4504   0.4539   0.4574    0.461   0.4645   0.4681   0.4716   0.4752   0.4787   0.4823   0.4858   0.4894   0.4929   0.4965
    S      0.0   0.2939   0.0393   0.0322   0.0574    0.058   0.2255   0.0908   0.0989   0.1323   0.2211   0.0272   0.0487   0.0322   0.0721   0.0627   0.0526   0.0267   0.0082   0.0245   0.1004   0.2596   0.0825   0.0219    0.032   0.0236   0.1005   0.1783   0.0293   0.0506   0.1155    0.046   0.0146   0.0429   0.1244    0.078   0.0122   0.0451    0.069   0.0199   0.1614   0.0841   0.3331   0.1037   0.0455   0.2335   0.0501   0.1245   0.3337   0.0568   0.1661   0.1326   0.1136   0.0086   0.1272   0.0088   0.0484   0.0842   0.0289   0.0276   0.0099   0.0385    0.124   0.0678   0.0579   0.0082   0.1737   0.2566   0.0895   0.3691   0.1307   0.0215   0.0459   0.0376   0.0247   0.2059   0.2829   0.0601   0.0263   0.0495   0.2137   0.0975   0.1232   0.0948   0.0517   0.0766   0.0625   0.0229   0.0211   0.1402    0.045   0.0522   0.0264      1.0   0.0136   0.0055   0.0528   0.0494   0.0599   0.0455   0.0111   0.0254   0.3096   0.0102   0.0708   0.2645   0.0511   0.1083   0.3317   0.0418   0.0155   0.0823   0.0204   0.0813   0.0763   0.0537   0.0653   0.2034   0.0678   0.2473   0.0304   0.0468   0.0072   0.0837   0.1281    0.105   0.1516   0.0771   0.0432   0.0613   0.0172   0.0565   0.0499   0.1968   0.0789   0.0125   0.0359   0.0097   0.0723   0.0129   0.1654
  snr   -10.88
    H      4.5
 exon     True