>YPL187W
N: 498
Methods: voss, eiip, qpsk, mem, alg1, alg2

M: voss
 freq      0.0    0.002    0.004    0.006    0.008     0.01    0.012   0.0141   0.0161   0.0181   0.0201   0.0221   0.0241   0.0261   0.0281   0.0301   0.0321   0.0341   0.0361   0.0382   0.0402   0.0422   0.0442   0.0462   0.0482   0.0502   0.0522   0.0542   0.0562   0.0582   0.0602   0.0622   0.0643   0.0663   0.0683   0.0703   0.0723   0.0743   0.0763   0.0783   0.0803   0.0823   0.0843   0.0863   0.0884   0.0904   0.0924   0.0944   0.0964   0.0984   0.1004   0.1024   0.1044   0.1064   0.1084   0.1104   0.1124   0.1145   0.1165   0.1185   0.1205   0.1225   0.1245   0.1265   0.1285   0.1305   0.1325   0.1345   0.1365   0.1386   0.1406   0.1426   0.1446   0.1466   0.1486   0.1506   0.1526   0.1546   0.1566   0.1586   0.1606   0.1627   0.1647   0.1667   0.1687   0.1707   0.1727   0.1747   0.1767   0.1787   0.1807   0.1827   0.1847   0.1867   0.1888   0.1908   0.1928   0.1948   0.1968   0.1988   0.2008   0.2028   0.2048   0.2068   0.2088   0.2108   0.2129   0.2149   0.2169   0.2189   0.2209   0.2229   0.2249   0.2269   0.2289   0.2309   0.2329   0.2349   0.2369    0.239    0.241    0.243    0.245    0.247    0.249    0.251    0.253    0.255    0.257    0.259    0.261   0.2631   0.2651   0.2671   0.2691   0.2711   0.2731   0.2751   0.2771   0.2791   0.2811   0.2831   0.2851   0.2871   0.2892   0.2912   0.2932   0.2952   0.2972   0.2992   0.3012   0.3032   0.3052   0.3072   0.3092   0.3112   0.3133   0.3153   0.3173   0.3193   0.3213   0.3233   0.3253   0.3273   0.3293   0.3313   0.3333   0.3353   0.3373   0.3394   0.3414   0.3434   0.3454   0.3474   0.3494   0.3514   0.3534   0.3554   0.3574   0.3594   0.3614   0.3635   0.3655   0.3675   0.3695   0.3715   0.3735   0.3755   0.3775   0.3795   0.3815   0.3835   0.3855   0.3876   0.3896   0.3916   0.3936   0.3956   0.3976   0.3996   0.4016   0.4036   0.4056   0.4076   0.4096   0.4116   0.4137   0.4157   0.4177   0.4197   0.4217   0.4237   0.4257   0.4277   0.4297   0.4317   0.4337   0.4357   0.4378   0.4398   0.4418   0.4438   0.4458   0.4478   0.4498   0.4518   0.4538   0.4558   0.4578   0.4598   0.4618   0.4639   0.4659   0.4679   0.4699   0.4719   0.4739   0.4759   0.4779   0.4799   0.4819   0.4839   0.4859    0.488     0.49    0.492    0.494    0.496    0.498
    S      0.0   0.3462   0.0886   0.2177   0.2369   0.1673   0.0772   0.2252    0.554   0.1498    0.163   0.2617   0.0754   0.1486   0.0265   0.1324   0.3464   0.3172   0.1623   0.1702   0.1732   0.0587    0.081   0.1088   0.2563   0.1459   0.0936   0.0417   0.1087   0.0946   0.0959   0.1822   0.2222   0.0436   0.0335   0.0216   0.0459   0.1865   0.2092   0.3542   0.3329    0.172   0.1691   0.0254   0.1465   0.2721   0.1483   0.3257   0.0589   0.0884   0.0371   0.0345   0.0431   0.0594    0.233   0.5692   0.1147   0.1278   0.1634   0.0406   0.0554   0.0987   0.0964   0.3322   0.1816   0.0581    0.208   0.1493   0.1488    0.039   0.1842   0.1934    0.182   0.0603   0.0738   0.2332   0.1107   0.0855    0.175   0.1999   0.3446   0.0182    0.044   0.0446   0.2112   0.0971   0.4234      1.0   0.3816   0.1999   0.1197   0.0202   0.2112   0.1478   0.1275   0.1165   0.1075   0.0411   0.0396   0.0618   0.0851   0.0825   0.4343   0.7002   0.2533   0.0725   0.0355    0.011   0.1093   0.2264   0.4309    0.293   0.1452   0.0318   0.0949   0.0973   0.1725   0.1017   0.1302    0.248   0.0378   0.1242   0.0339   0.0618   0.0875   0.0778   0.4833   0.0975   0.2224   0.0723   0.0616   0.0529   0.0183   0.1798   0.5302   0.2513    0.138   0.0565   0.0477   0.0182   0.0835   0.0489   0.2696   0.2442   0.0381   0.1135   0.0979    0.148   0.0707   0.2005   0.6438   0.3023    0.065   0.1032   0.0525   0.1684   0.2148   0.2765   0.1614   0.2368   0.0839   0.1417   0.0887   0.1542   0.0751   0.4438   0.8097   0.1822   0.2212   0.3059    0.046   0.1949    0.178   0.2313   0.5605   0.1264   0.1651   0.1182   0.0728   0.1568   0.0446   0.3206   0.3074   0.1349   0.0499   0.1074   0.1328   0.1369   0.1005   0.1532    0.161   0.1091   0.0359   0.0812   0.0381   0.0864   0.2754   0.0734   0.1744   0.1699    0.093   0.0697   0.2363   0.0726   0.0357   0.0249   0.2976   0.1303   0.1018   0.0856   0.1308   0.0708   0.0812   0.1453   0.2077    0.041   0.0639   0.0263   0.1214   0.0792   0.2169   0.1264   0.0773   0.0388   0.0595   0.0775   0.0355   0.0529   0.2242   0.3143   0.0784   0.0177    0.011   0.0224   0.0588   0.0364   0.2408   0.1718    0.195    0.059   0.0607   0.0468   0.0991   0.0393   0.0697   0.1542   0.0529   0.0174   0.0686
  snr   -15.69
    H     5.21
 exon    False

M: eiip
 freq      0.0    0.002    0.004    0.006    0.008     0.01    0.012   0.0141   0.0161   0.0181   0.0201   0.0221   0.0241   0.0261   0.0281   0.0301   0.0321   0.0341   0.0361   0.0382   0.0402   0.0422   0.0442   0.0462   0.0482   0.0502   0.0522   0.0542   0.0562   0.0582   0.0602   0.0622   0.0643   0.0663   0.0683   0.0703   0.0723   0.0743   0.0763   0.0783   0.0803   0.0823   0.0843   0.0863   0.0884   0.0904   0.0924   0.0944   0.0964   0.0984   0.1004   0.1024   0.1044   0.1064   0.1084   0.1104   0.1124   0.1145   0.1165   0.1185   0.1205   0.1225   0.1245   0.1265   0.1285   0.1305   0.1325   0.1345   0.1365   0.1386   0.1406   0.1426   0.1446   0.1466   0.1486   0.1506   0.1526   0.1546   0.1566   0.1586   0.1606   0.1627   0.1647   0.1667   0.1687   0.1707   0.1727   0.1747   0.1767   0.1787   0.1807   0.1827   0.1847   0.1867   0.1888   0.1908   0.1928   0.1948   0.1968   0.1988   0.2008   0.2028   0.2048   0.2068   0.2088   0.2108   0.2129   0.2149   0.2169   0.2189   0.2209   0.2229   0.2249   0.2269   0.2289   0.2309   0.2329   0.2349   0.2369    0.239    0.241    0.243    0.245    0.247    0.249    0.251    0.253    0.255    0.257    0.259    0.261   0.2631   0.2651   0.2671   0.2691   0.2711   0.2731   0.2751   0.2771   0.2791   0.2811   0.2831   0.2851   0.2871   0.2892   0.2912   0.2932   0.2952   0.2972   0.2992   0.3012   0.3032   0.3052   0.3072   0.3092   0.3112   0.3133   0.3153   0.3173   0.3193   0.3213   0.3233   0.3253   0.3273   0.3293   0.3313   0.3333   0.3353   0.3373   0.3394   0.3414   0.3434   0.3454   0.3474   0.3494   0.3514   0.3534   0.3554   0.3574   0.3594   0.3614   0.3635   0.3655   0.3675   0.3695   0.3715   0.3735   0.3755   0.3775   0.3795   0.3815   0.3835   0.3855   0.3876   0.3896   0.3916   0.3936   0.3956   0.3976   0.3996   0.4016   0.4036   0.4056   0.4076   0.4096   0.4116   0.4137   0.4157   0.4177   0.4197   0.4217   0.4237   0.4257   0.4277   0.4297   0.4317   0.4337   0.4357   0.4378   0.4398   0.4418   0.4438   0.4458   0.4478   0.4498   0.4518   0.4538   0.4558   0.4578   0.4598   0.4618   0.4639   0.4659   0.4679   0.4699   0.4719   0.4739   0.4759   0.4779   0.4799   0.4819   0.4839   0.4859    0.488     0.49    0.492    0.494    0.496    0.498
    S      0.0   0.1585   0.0187   0.1996    0.076    0.067   0.0465   0.1374    0.099   0.0038   0.0497   0.1288     0.06   0.0596   0.0055   0.0057   0.0027   0.0603   0.0277   0.1095   0.1148   0.0287   0.0125   0.0063   0.1945   0.0736    0.071   0.0005   0.0297   0.0365   0.1299   0.0352   0.1201   0.0072   0.0042   0.0153   0.0233   0.0563   0.0732    0.071   0.0144   0.2079   0.0804    0.013   0.0122   0.1708   0.1375   0.2257   0.0069   0.0108   0.0247   0.0304   0.0199   0.0171   0.1499   0.3605   0.0693   0.0178   0.0337   0.0392   0.0352   0.0288   0.0043   0.3464   0.0444   0.0034   0.0718   0.0251   0.0041   0.0216   0.0228   0.0258   0.1106   0.0561   0.0404   0.0568   0.0297   0.0271   0.1102   0.0325   0.0762   0.0106   0.0348   0.0339   0.1164   0.0434   0.1358   0.5863   0.2688   0.0443   0.0554   0.0001   0.1552   0.0708   0.1783   0.1004   0.1533   0.0336   0.0031   0.0091   0.0137   0.0386   0.0982   0.0887   0.0865   0.0009   0.0145   0.0038    0.079   0.2121   0.1321    0.281    0.077    0.015   0.0645    0.091   0.0313   0.0184   0.0973   0.1254   0.0236   0.0351   0.0192   0.0347   0.0159   0.0441   0.0505   0.0013   0.2546   0.0112   0.0715   0.0837   0.0125   0.0176   0.0877    0.026   0.0441   0.0756   0.0023   0.0138   0.0586   0.0409   0.1409   0.2049   0.0166   0.0102   0.0371    0.106   0.0455   0.3135   0.6948   0.3544   0.0201   0.0488   0.0609   0.0254   0.0051   0.3533   0.1154   0.1719   0.0975   0.1599   0.0076   0.0837   0.0922   0.2476      1.0   0.1574   0.0272    0.111   0.0043   0.2117   0.2072   0.2744   0.2662   0.0968   0.0869   0.0396   0.0434   0.1709   0.0039   0.4355   0.2466   0.2028    0.018   0.0424   0.0285   0.0751   0.0753   0.0678    0.166   0.0958   0.0096   0.0446   0.0152    0.009   0.0021   0.0554   0.0124   0.0242   0.0452   0.0293    0.095   0.0001   0.0282   0.0206   0.0571   0.0903   0.0008   0.0615   0.0051    0.033   0.0226   0.1133   0.0529   0.0049   0.0584   0.0264   0.0504   0.0005   0.0759   0.1095   0.0055   0.0154     0.02   0.0006   0.0384   0.0023   0.0889   0.0763   0.0008   0.0109   0.0035   0.0049    0.057   0.0051   0.1936   0.1187    0.147   0.0005   0.0124   0.0125   0.0679   0.0205   0.0735   0.0557   0.0288   0.0012   0.0012
  snr   -12.71
    H      4.9
 exon     True

M: qpsk
 freq      0.0    0.002    0.004    0.006    0.008     0.01    0.012   0.0141   0.0161   0.0181   0.0201   0.0221   0.0241   0.0261   0.0281   0.0301   0.0321   0.0341   0.0361   0.0382   0.0402   0.0422   0.0442   0.0462   0.0482   0.0502   0.0522   0.0542   0.0562   0.0582   0.0602   0.0622   0.0643   0.0663   0.0683   0.0703   0.0723   0.0743   0.0763   0.0783   0.0803   0.0823   0.0843   0.0863   0.0884   0.0904   0.0924   0.0944   0.0964   0.0984   0.1004   0.1024   0.1044   0.1064   0.1084   0.1104   0.1124   0.1145   0.1165   0.1185   0.1205   0.1225   0.1245   0.1265   0.1285   0.1305   0.1325   0.1345   0.1365   0.1386   0.1406   0.1426   0.1446   0.1466   0.1486   0.1506   0.1526   0.1546   0.1566   0.1586   0.1606   0.1627   0.1647   0.1667   0.1687   0.1707   0.1727   0.1747   0.1767   0.1787   0.1807   0.1827   0.1847   0.1867   0.1888   0.1908   0.1928   0.1948   0.1968   0.1988   0.2008   0.2028   0.2048   0.2068   0.2088   0.2108   0.2129   0.2149   0.2169   0.2189   0.2209   0.2229   0.2249   0.2269   0.2289   0.2309   0.2329   0.2349   0.2369    0.239    0.241    0.243    0.245    0.247    0.249    0.251    0.253    0.255    0.257    0.259    0.261   0.2631   0.2651   0.2671   0.2691   0.2711   0.2731   0.2751   0.2771   0.2791   0.2811   0.2831   0.2851   0.2871   0.2892   0.2912   0.2932   0.2952   0.2972   0.2992   0.3012   0.3032   0.3052   0.3072   0.3092   0.3112   0.3133   0.3153   0.3173   0.3193   0.3213   0.3233   0.3253   0.3273   0.3293   0.3313   0.3333   0.3353   0.3373   0.3394   0.3414   0.3434   0.3454   0.3474   0.3494   0.3514   0.3534   0.3554   0.3574   0.3594   0.3614   0.3635   0.3655   0.3675   0.3695   0.3715   0.3735   0.3755   0.3775   0.3795   0.3815   0.3835   0.3855   0.3876   0.3896   0.3916   0.3936   0.3956   0.3976   0.3996   0.4016   0.4036   0.4056   0.4076   0.4096   0.4116   0.4137   0.4157   0.4177   0.4197   0.4217   0.4237   0.4257   0.4277   0.4297   0.4317   0.4337   0.4357   0.4378   0.4398   0.4418   0.4438   0.4458   0.4478   0.4498   0.4518   0.4538   0.4558   0.4578   0.4598   0.4618   0.4639   0.4659   0.4679   0.4699   0.4719   0.4739   0.4759   0.4779   0.4799   0.4819   0.4839   0.4859    0.488     0.49    0.492    0.494    0.496    0.498
    S      0.0   0.2607   0.0559   0.1933   0.0977   0.0359   0.0665   0.0889   0.2477   0.1339   0.1388   0.1429   0.0359   0.0559   0.0116   0.1031   0.1582   0.2972   0.0376   0.0849   0.1638   0.0595   0.0224   0.0964   0.2579   0.1481   0.0783   0.0398   0.0708   0.0256   0.0701    0.127   0.1933   0.0175   0.0215   0.0095   0.0283   0.1564   0.1524   0.2607   0.1884   0.1574   0.0802   0.0227   0.0714   0.2788   0.0906   0.2012   0.0487   0.0743   0.0377   0.0119   0.0213   0.0536   0.1442    0.034   0.0142   0.0841   0.1198   0.0382   0.0544   0.0373   0.0355   0.2568   0.1526   0.0262   0.0971   0.1125   0.0444   0.0127   0.1624   0.1087   0.0868   0.0428   0.0445   0.0722   0.0312   0.0579   0.1685   0.1003   0.2925   0.0171   0.0343    0.028   0.1189   0.0642   0.3586      1.0   0.3893   0.0797   0.0705   0.0159   0.2029    0.129   0.1301   0.1155    0.073   0.0251   0.0195   0.0076    0.042    0.084   0.3289   0.4796   0.2038   0.0569   0.0097   0.0087   0.0873   0.1904   0.2428   0.2946   0.0927    0.028   0.0956    0.022   0.0668   0.0741    0.084   0.1572    0.037   0.1298   0.0327   0.0479   0.0526   0.0715   0.5005   0.0816   0.1029   0.0564    0.054   0.0408   0.0124   0.1641   0.3074    0.245   0.0767   0.0459   0.0278   0.0188   0.0328   0.0081   0.1624   0.2219    0.029   0.0747   0.0634   0.0527   0.0612   0.1877   0.6396   0.2949   0.0608   0.0893   0.0346   0.1515   0.1419   0.2162   0.1603   0.1204   0.0554   0.0718   0.0719   0.1172   0.0534   0.4402   0.4703   0.1318   0.2047   0.2941   0.0412   0.0747   0.0427   0.0989   0.1982   0.0371    0.036   0.0237   0.0672    0.157   0.0404   0.2399   0.0685   0.1156   0.0367   0.1056   0.1306   0.1263   0.0463   0.1311   0.1488   0.0792   0.0172   0.0788   0.0394   0.0767   0.2822   0.0551   0.1018   0.1709   0.0512   0.0614   0.0755   0.0354   0.0327   0.0208   0.2806   0.1265   0.0476   0.0608    0.115   0.0105   0.0716   0.0687   0.1438   0.0308   0.0144   0.0235   0.0851   0.0422   0.0374   0.1103   0.0344    0.021    0.034   0.0725   0.0262   0.0325   0.1118   0.2877   0.0469   0.0159   0.0101   0.0149    0.014   0.0229   0.1569   0.1389   0.1937   0.0262   0.0577   0.0483   0.0807   0.0219   0.0401   0.1096   0.0466   0.0161   0.0201
  snr   -14.06
    H     5.12
 exon    False

M: mem
 freq      0.0    0.002    0.004    0.006    0.008     0.01    0.012   0.0141   0.0161   0.0181   0.0201   0.0221   0.0241   0.0261   0.0281   0.0301   0.0321   0.0341   0.0361   0.0382   0.0402   0.0422   0.0442   0.0462   0.0482   0.0502   0.0522   0.0542   0.0562   0.0582   0.0602   0.0622   0.0643   0.0663   0.0683   0.0703   0.0723   0.0743   0.0763   0.0783   0.0803   0.0823   0.0843   0.0863   0.0884   0.0904   0.0924   0.0944   0.0964   0.0984   0.1004   0.1024   0.1044   0.1064   0.1084   0.1104   0.1124   0.1145   0.1165   0.1185   0.1205   0.1225   0.1245   0.1265   0.1285   0.1305   0.1325   0.1345   0.1365   0.1386   0.1406   0.1426   0.1446   0.1466   0.1486   0.1506   0.1526   0.1546   0.1566   0.1586   0.1606   0.1627   0.1647   0.1667   0.1687   0.1707   0.1727   0.1747   0.1767   0.1787   0.1807   0.1827   0.1847   0.1867   0.1888   0.1908   0.1928   0.1948   0.1968   0.1988   0.2008   0.2028   0.2048   0.2068   0.2088   0.2108   0.2129   0.2149   0.2169   0.2189   0.2209   0.2229   0.2249   0.2269   0.2289   0.2309   0.2329   0.2349   0.2369    0.239    0.241    0.243    0.245    0.247    0.249    0.251    0.253    0.255    0.257    0.259    0.261   0.2631   0.2651   0.2671   0.2691   0.2711   0.2731   0.2751   0.2771   0.2791   0.2811   0.2831   0.2851   0.2871   0.2892   0.2912   0.2932   0.2952   0.2972   0.2992   0.3012   0.3032   0.3052   0.3072   0.3092   0.3112   0.3133   0.3153   0.3173   0.3193   0.3213   0.3233   0.3253   0.3273   0.3293   0.3313   0.3333   0.3353   0.3373   0.3394   0.3414   0.3434   0.3454   0.3474   0.3494   0.3514   0.3534   0.3554   0.3574   0.3594   0.3614   0.3635   0.3655   0.3675   0.3695   0.3715   0.3735   0.3755   0.3775   0.3795   0.3815   0.3835   0.3855   0.3876   0.3896   0.3916   0.3936   0.3956   0.3976   0.3996   0.4016   0.4036   0.4056   0.4076   0.4096   0.4116   0.4137   0.4157   0.4177   0.4197   0.4217   0.4237   0.4257   0.4277   0.4297   0.4317   0.4337   0.4357   0.4378   0.4398   0.4418   0.4438   0.4458   0.4478   0.4498   0.4518   0.4538   0.4558   0.4578   0.4598   0.4618   0.4639   0.4659   0.4679   0.4699   0.4719   0.4739   0.4759   0.4779   0.4799   0.4819   0.4839   0.4859    0.488     0.49    0.492    0.494    0.496    0.498
    S      0.0   0.1719   0.0056   0.1184   0.0974   0.0043   0.0355   0.0744   0.3249   0.1078    0.178   0.1045    0.006   0.0026   0.0035   0.0705   0.0813   0.3508   0.0438   0.0858   0.1516   0.0652   0.0235   0.0923   0.0617   0.1314   0.0309   0.0415   0.0535   0.0153   0.0317   0.1352    0.054   0.0186   0.0211    0.013   0.0106   0.0817   0.0842   0.3179   0.2226   0.0018   0.0498   0.0068   0.0202   0.0171   0.0298   0.0251   0.0464   0.1003   0.0516   0.0091   0.0117   0.0671   0.1152   0.0016   0.0037   0.0208   0.0012   0.0098   0.0328   0.0123    0.001   0.1899   0.1409   0.0057    0.029   0.0408   0.0442   0.0177   0.1415   0.0878   0.0269   0.0186   0.0168   0.0714   0.0212   0.0189   0.1494   0.0994   0.3422   0.0037   0.0169   0.0049   0.1166   0.0698   0.1868      1.0   0.3663   0.0219   0.0369   0.0189   0.1137   0.1174   0.0721   0.0281   0.0362   0.0185   0.0178   0.0031    0.049   0.0327   0.1316   0.3415   0.1413   0.0291   0.0057   0.0012   0.0199   0.0325   0.2472    0.167   0.0477   0.0065   0.0009   0.0079   0.0531   0.0082   0.0861   0.1257   0.0244   0.1384   0.0073   0.0246   0.0187   0.1057   0.6085   0.0606   0.1279   0.0753    0.041   0.0226   0.0189   0.0635    0.411   0.1035   0.0936   0.0158   0.0035   0.0196   0.0431   0.0135   0.1576   0.1619   0.0216   0.0081   0.0228   0.0165   0.0316   0.0639   0.2688    0.053   0.0759   0.0957   0.0027   0.1953   0.1568   0.2461   0.1696   0.1293   0.0702   0.0227   0.0837   0.1523   0.0683    0.634    0.192   0.1796   0.1413   0.2133   0.0246   0.0249   0.0355   0.1273   0.2209   0.0569   0.0198   0.0336   0.0073   0.0455   0.0521   0.1583    0.016   0.0744    0.042   0.0797   0.0565   0.0143   0.0197    0.051   0.0866   0.0158    0.019   0.0647   0.0183   0.0771   0.2719   0.0654   0.0588   0.1501   0.0611   0.0222   0.0301   0.0388   0.0046      0.0   0.3487   0.0852   0.0445   0.0211   0.1241   0.0043   0.0993   0.0179   0.1852   0.0059   0.0225   0.0204   0.0755   0.0137    0.024   0.0957    0.035   0.0148    0.021   0.0709   0.0266   0.0321    0.049   0.2395   0.0567   0.0007   0.0131   0.0123   0.0036   0.0289   0.0254   0.2169   0.0194   0.0052   0.0532   0.0646   0.0382   0.0084   0.0078   0.0338   0.0101   0.0208   0.0038
  snr   -12.68
    H      4.9
 exon    False

M: alg1
 freq      0.0    0.002    0.004    0.006    0.008     0.01    0.012   0.0141   0.0161   0.0181   0.0201   0.0221   0.0241   0.0261   0.0281   0.0301   0.0321   0.0341   0.0361   0.0382   0.0402   0.0422   0.0442   0.0462   0.0482   0.0502   0.0522   0.0542   0.0562   0.0582   0.0602   0.0622   0.0643   0.0663   0.0683   0.0703   0.0723   0.0743   0.0763   0.0783   0.0803   0.0823   0.0843   0.0863   0.0884   0.0904   0.0924   0.0944   0.0964   0.0984   0.1004   0.1024   0.1044   0.1064   0.1084   0.1104   0.1124   0.1145   0.1165   0.1185   0.1205   0.1225   0.1245   0.1265   0.1285   0.1305   0.1325   0.1345   0.1365   0.1386   0.1406   0.1426   0.1446   0.1466   0.1486   0.1506   0.1526   0.1546   0.1566   0.1586   0.1606   0.1627   0.1647   0.1667   0.1687   0.1707   0.1727   0.1747   0.1767   0.1787   0.1807   0.1827   0.1847   0.1867   0.1888   0.1908   0.1928   0.1948   0.1968   0.1988   0.2008   0.2028   0.2048   0.2068   0.2088   0.2108   0.2129   0.2149   0.2169   0.2189   0.2209   0.2229   0.2249   0.2269   0.2289   0.2309   0.2329   0.2349   0.2369    0.239    0.241    0.243    0.245    0.247    0.249    0.251    0.253    0.255    0.257    0.259    0.261   0.2631   0.2651   0.2671   0.2691   0.2711   0.2731   0.2751   0.2771   0.2791   0.2811   0.2831   0.2851   0.2871   0.2892   0.2912   0.2932   0.2952   0.2972   0.2992   0.3012   0.3032   0.3052   0.3072   0.3092   0.3112   0.3133   0.3153   0.3173   0.3193   0.3213   0.3233   0.3253   0.3273   0.3293   0.3313   0.3333   0.3353   0.3373   0.3394   0.3414   0.3434   0.3454   0.3474   0.3494   0.3514   0.3534   0.3554   0.3574   0.3594   0.3614   0.3635   0.3655   0.3675   0.3695   0.3715   0.3735   0.3755   0.3775   0.3795   0.3815   0.3835   0.3855   0.3876   0.3896   0.3916   0.3936   0.3956   0.3976   0.3996   0.4016   0.4036   0.4056   0.4076   0.4096   0.4116   0.4137   0.4157   0.4177   0.4197   0.4217   0.4237   0.4257   0.4277   0.4297   0.4317   0.4337   0.4357   0.4378   0.4398   0.4418   0.4438   0.4458   0.4478   0.4498   0.4518   0.4538   0.4558   0.4578   0.4598   0.4618   0.4639   0.4659   0.4679   0.4699   0.4719   0.4739   0.4759   0.4779   0.4799   0.4819   0.4839   0.4859    0.488     0.49    0.492    0.494    0.496    0.498
    S      0.0   0.0916   0.0294   0.1056   0.0827   0.1166   0.0405   0.1814   0.2054   0.0413    0.025   0.0973   0.0628    0.083   0.0098   0.0265   0.0927   0.0424   0.0703   0.1305   0.0992   0.0134   0.0381   0.0381   0.2101   0.0776   0.0477   0.0123   0.0537   0.0718   0.1167   0.0138   0.1539   0.0204   0.0153   0.0147   0.0194   0.0333   0.1064   0.1501   0.0643   0.1998   0.1375   0.0211   0.0272   0.1663   0.1543   0.3194   0.0146   0.0117   0.0149   0.0332   0.0318   0.0241   0.2018   0.5447   0.0977   0.0432    0.036   0.0329   0.0327   0.0538   0.0239   0.2373   0.0947   0.0114   0.1132   0.0355   0.0387   0.0249   0.0627    0.033   0.1761   0.0578   0.0673   0.1328   0.0446   0.0138    0.034   0.0667   0.0129   0.0144   0.0257   0.0383   0.0914   0.0328   0.1935   0.4378   0.1187   0.0802    0.047   0.0034   0.0659   0.0194   0.1087   0.0552    0.127   0.0268   0.0031   0.0274   0.0374   0.0375   0.2403    0.338   0.1702   0.0232   0.0279   0.0039   0.0943   0.1882   0.2622   0.2288   0.1014    0.018   0.0568   0.1054   0.0844   0.0343   0.0686   0.1871   0.0234   0.0398   0.0259   0.0426   0.0304   0.0288   0.1273   0.0273   0.2446   0.0141   0.0589   0.0641   0.0122   0.0653   0.1566   0.1034   0.0532   0.0677   0.0087    0.009   0.0625   0.0485   0.0987   0.1095   0.0117   0.0225   0.0686    0.153   0.0359   0.2285   0.5253   0.2926   0.0081   0.0138    0.067   0.0188   0.0415   0.2584   0.0565    0.153   0.0834   0.1504   0.0225   0.0563   0.0683   0.1351      1.0   0.1299   0.1099   0.1824   0.0134   0.2347   0.2249   0.2581   0.3499    0.113   0.1399   0.0719   0.0261   0.1072   0.0099   0.3722   0.3017   0.1525   0.0214    0.055   0.0495   0.0937   0.0774   0.1087   0.0918   0.1152   0.0156   0.0397   0.0177   0.0329   0.0801   0.0435   0.0261   0.0633   0.0648   0.0437   0.1735   0.0122   0.0254   0.0215   0.0415   0.0463   0.0116   0.0717   0.0372   0.0591   0.0261   0.1544   0.0955    0.012   0.0667   0.0156   0.0835    0.018   0.1561   0.0677   0.0124    0.024   0.0425   0.0239   0.0338   0.0038    0.085   0.0566   0.0118   0.0125   0.0009   0.0035   0.0708    0.009   0.2625   0.0959   0.1302     0.01   0.0211   0.0099   0.0848    0.035   0.0718   0.0297   0.0403   0.0023   0.0119
  snr    -13.1
    H     5.03
 exon     True

M: alg2
 freq      0.0    0.002    0.004    0.006    0.008     0.01    0.012   0.0141   0.0161   0.0181   0.0201   0.0221   0.0241   0.0261   0.0281   0.0301   0.0321   0.0341   0.0361   0.0382   0.0402   0.0422   0.0442   0.0462   0.0482   0.0502   0.0522   0.0542   0.0562   0.0582   0.0602   0.0622   0.0643   0.0663   0.0683   0.0703   0.0723   0.0743   0.0763   0.0783   0.0803   0.0823   0.0843   0.0863   0.0884   0.0904   0.0924   0.0944   0.0964   0.0984   0.1004   0.1024   0.1044   0.1064   0.1084   0.1104   0.1124   0.1145   0.1165   0.1185   0.1205   0.1225   0.1245   0.1265   0.1285   0.1305   0.1325   0.1345   0.1365   0.1386   0.1406   0.1426   0.1446   0.1466   0.1486   0.1506   0.1526   0.1546   0.1566   0.1586   0.1606   0.1627   0.1647   0.1667   0.1687   0.1707   0.1727   0.1747   0.1767   0.1787   0.1807   0.1827   0.1847   0.1867   0.1888   0.1908   0.1928   0.1948   0.1968   0.1988   0.2008   0.2028   0.2048   0.2068   0.2088   0.2108   0.2129   0.2149   0.2169   0.2189   0.2209   0.2229   0.2249   0.2269   0.2289   0.2309   0.2329   0.2349   0.2369    0.239    0.241    0.243    0.245    0.247    0.249    0.251    0.253    0.255    0.257    0.259    0.261   0.2631   0.2651   0.2671   0.2691   0.2711   0.2731   0.2751   0.2771   0.2791   0.2811   0.2831   0.2851   0.2871   0.2892   0.2912   0.2932   0.2952   0.2972   0.2992   0.3012   0.3032   0.3052   0.3072   0.3092   0.3112   0.3133   0.3153   0.3173   0.3193   0.3213   0.3233   0.3253   0.3273   0.3293   0.3313   0.3333   0.3353   0.3373   0.3394   0.3414   0.3434   0.3454   0.3474   0.3494   0.3514   0.3534   0.3554   0.3574   0.3594   0.3614   0.3635   0.3655   0.3675   0.3695   0.3715   0.3735   0.3755   0.3775   0.3795   0.3815   0.3835   0.3855   0.3876   0.3896   0.3916   0.3936   0.3956   0.3976   0.3996   0.4016   0.4036   0.4056   0.4076   0.4096   0.4116   0.4137   0.4157   0.4177   0.4197   0.4217   0.4237   0.4257   0.4277   0.4297   0.4317   0.4337   0.4357   0.4378   0.4398   0.4418   0.4438   0.4458   0.4478   0.4498   0.4518   0.4538   0.4558   0.4578   0.4598   0.4618   0.4639   0.4659   0.4679   0.4699   0.4719   0.4739   0.4759   0.4779   0.4799   0.4819   0.4839   0.4859    0.488     0.49    0.492    0.494    0.496    0.498
    S      0.0   0.1913   0.0125   0.1422   0.0986   0.0039   0.0361    0.068   0.2874   0.0922   0.1604   0.1139    0.012   0.0127   0.0052   0.0638   0.0813   0.3091   0.0379   0.0807   0.1458   0.0621   0.0167   0.0735   0.0788   0.1251   0.0386   0.0338   0.0422   0.0086   0.0438   0.1248    0.054   0.0166   0.0159   0.0139   0.0149   0.0845   0.0716   0.2781   0.1875   0.0255    0.037   0.0058   0.0264    0.047    0.043    0.027   0.0439   0.0866   0.0502   0.0128   0.0129   0.0601   0.1099   0.0154   0.0099   0.0212   0.0155   0.0138   0.0327    0.018   0.0045   0.2206   0.1166   0.0083   0.0436   0.0477   0.0312   0.0186   0.1161   0.0747   0.0183   0.0208   0.0121   0.0498   0.0246   0.0234    0.153   0.0776   0.3081   0.0038   0.0196   0.0067   0.1184   0.0654   0.2035      1.0   0.3752   0.0349   0.0462   0.0155   0.1314   0.1163   0.0944   0.0455   0.0529   0.0228   0.0154    0.005   0.0411   0.0364   0.1237   0.2626   0.1148   0.0293   0.0034   0.0018   0.0278   0.0644   0.2127   0.1896   0.0568   0.0072   0.0134   0.0169   0.0574   0.0127   0.0938   0.1071   0.0238   0.1262   0.0076   0.0282   0.0168   0.1012    0.542   0.0568   0.1481   0.0672   0.0464   0.0326   0.0194   0.0611   0.3564   0.0993   0.0943   0.0235   0.0057   0.0196   0.0445   0.0172   0.1654    0.177   0.0234   0.0152   0.0173   0.0143   0.0381   0.1047   0.3547   0.0961   0.0703    0.093   0.0072   0.1737   0.1343   0.2796   0.1728   0.1475   0.0774   0.0405   0.0682   0.1453   0.0757   0.6019   0.2914   0.1904   0.1134   0.1942   0.0239   0.0391   0.0558   0.1514   0.2577   0.0677   0.0149   0.0332   0.0167   0.0719   0.0445   0.2021   0.0407   0.0967   0.0366   0.0716    0.056   0.0245   0.0247   0.0515   0.1077   0.0187     0.02   0.0664   0.0187   0.0706   0.2352   0.0645   0.0522   0.1276   0.0604     0.02   0.0183   0.0301   0.0092   0.0027   0.3058   0.0944   0.0357   0.0279   0.0998   0.0021   0.0932   0.0207   0.1709   0.0083   0.0286   0.0231   0.0671   0.0161   0.0117   0.1068   0.0305   0.0167   0.0157   0.0583   0.0296   0.0271   0.0646   0.2224   0.0455    0.002   0.0119   0.0123   0.0069   0.0262   0.0266   0.2147   0.0442   0.0069   0.0506   0.0582    0.036   0.0058   0.0149   0.0454   0.0101   0.0176   0.0046
  snr    -12.7
    H     4.95
 exon    False