>YPL267W
N: 630
Methods: voss, eiip, qpsk, mem, alg1, alg2

M: voss
 freq      0.0   0.0016   0.0032   0.0048   0.0063   0.0079   0.0095   0.0111   0.0127   0.0143   0.0159   0.0175    0.019   0.0206   0.0222   0.0238   0.0254    0.027   0.0286   0.0302   0.0317   0.0333   0.0349   0.0365   0.0381   0.0397   0.0413   0.0429   0.0444    0.046   0.0476   0.0492   0.0508   0.0524    0.054   0.0556   0.0571   0.0587   0.0603   0.0619   0.0635   0.0651   0.0667   0.0683   0.0698   0.0714    0.073   0.0746   0.0762   0.0778   0.0794    0.081   0.0825   0.0841   0.0857   0.0873   0.0889   0.0905   0.0921   0.0937   0.0952   0.0968   0.0984      0.1   0.1016   0.1032   0.1048   0.1063   0.1079   0.1095   0.1111   0.1127   0.1143   0.1159   0.1175    0.119   0.1206   0.1222   0.1238   0.1254    0.127   0.1286   0.1302   0.1317   0.1333   0.1349   0.1365   0.1381   0.1397   0.1413   0.1429   0.1444    0.146   0.1476   0.1492   0.1508   0.1524    0.154   0.1556   0.1571   0.1587   0.1603   0.1619   0.1635   0.1651   0.1667   0.1683   0.1698   0.1714    0.173   0.1746   0.1762   0.1778   0.1794    0.181   0.1825   0.1841   0.1857   0.1873   0.1889   0.1905   0.1921   0.1937   0.1952   0.1968   0.1984      0.2   0.2016   0.2032   0.2048   0.2063   0.2079   0.2095   0.2111   0.2127   0.2143   0.2159   0.2175    0.219   0.2206   0.2222   0.2238   0.2254    0.227   0.2286   0.2302   0.2317   0.2333   0.2349   0.2365   0.2381   0.2397   0.2413   0.2429   0.2444    0.246   0.2476   0.2492   0.2508   0.2524    0.254   0.2556   0.2571   0.2587   0.2603   0.2619   0.2635   0.2651   0.2667   0.2683   0.2698   0.2714    0.273   0.2746   0.2762   0.2778   0.2794    0.281   0.2825   0.2841   0.2857   0.2873   0.2889   0.2905   0.2921   0.2937   0.2952   0.2968   0.2984      0.3   0.3016   0.3032   0.3048   0.3063   0.3079   0.3095   0.3111   0.3127   0.3143   0.3159   0.3175    0.319   0.3206   0.3222   0.3238   0.3254    0.327   0.3286   0.3302   0.3317   0.3333   0.3349   0.3365   0.3381   0.3397   0.3413   0.3429   0.3444    0.346   0.3476   0.3492   0.3508   0.3524    0.354   0.3556   0.3571   0.3587   0.3603   0.3619   0.3635   0.3651   0.3667   0.3683   0.3698   0.3714    0.373   0.3746   0.3762   0.3778   0.3794    0.381   0.3825   0.3841   0.3857   0.3873   0.3889   0.3905   0.3921   0.3937   0.3952   0.3968   0.3984      0.4   0.4016   0.4032   0.4048   0.4063   0.4079   0.4095   0.4111   0.4127   0.4143   0.4159   0.4175    0.419   0.4206   0.4222   0.4238   0.4254    0.427   0.4286   0.4302   0.4317   0.4333   0.4349   0.4365   0.4381   0.4397   0.4413   0.4429   0.4444    0.446   0.4476   0.4492   0.4508   0.4524    0.454   0.4556   0.4571   0.4587   0.4603   0.4619   0.4635   0.4651   0.4667   0.4683   0.4698   0.4714    0.473   0.4746   0.4762   0.4778   0.4794    0.481   0.4825   0.4841   0.4857   0.4873   0.4889   0.4905   0.4921   0.4937   0.4952   0.4968   0.4984
    S      0.0   0.3188   0.1217   0.2075   0.1843   0.3264   0.2344   0.1312   0.2859   0.2348   0.2988   0.1557   0.1711      1.0   0.1038   0.5573   0.3256   0.1844    0.289   0.1534   0.8296    0.171   0.1203   0.5061   0.2408   0.6405   0.1258   0.1302   0.2215   0.0868   0.4608   0.3737   0.9566   0.8049   0.2041   0.3162   0.3013   0.3273   0.2428   0.6655   0.1373   0.1179   0.3608   0.1452    0.448   0.2592    0.417   0.3886    0.124   0.2382   0.2376   0.3585   0.1814   0.5081   0.3514   0.4076   0.1669   0.1331   0.1548   0.1828   0.0762   0.2339   0.1082   0.0709   0.1072   0.8245   0.2128   0.2928   0.1528   0.0663   0.0857   0.4304   0.5065   0.3745   0.1579   0.1848   0.3451   0.1728   0.2979   0.3114   0.1858   0.2786   0.1986   0.3854   0.0859   0.1414   0.3152   0.3496   0.6908   0.3228   0.1731   0.4329   0.2083   0.9168   0.3498   0.3084   0.0947   0.1985   0.1118   0.1743   0.1912   0.3624   0.1738    0.301   0.0908   0.3067   0.1927   0.0841     0.31   0.1401   0.2722     0.13   0.3277    0.292   0.1492   0.2346   0.4428   0.0749   0.0339   0.0502   0.4439   0.1075   0.2968   0.2257     0.09   0.4934   0.2194   0.1505   0.2344   0.3897   0.2076   0.1397   0.1263   0.1894   0.6687   0.2719   0.1853   0.0367   0.2174   0.2126   0.2171   0.0505   0.1489   0.3597   0.4372   0.0384   0.2808    0.308   0.1631   0.4466   0.0688   0.0802   0.3142   0.3258   0.4131   0.3994   0.4296   0.1837   0.4375   0.2284   0.2383   0.1689   0.0824   0.2988   0.0434   0.2002   0.5947   0.2296   0.1679   0.2973   0.3486   0.1708   0.2313   0.0606   0.3417   0.2711    0.234    0.257   0.3592   0.1344   0.2547   0.5115    0.227    0.072   0.3038   0.2668   0.3305    0.248    0.119   0.2612   0.1538   0.2164   0.3764   0.4615   0.1409   0.5227   0.3605   0.8551   0.1145   0.4521   0.3683   0.3526   0.3912   0.1823   0.3534    0.284   0.2734   0.1494   0.7373   0.0981   0.4851   0.3204   0.1372    0.507   0.3086   0.2089   0.1915   0.0526   0.2823   0.1595   0.1244   0.2181   0.4014   0.1417   0.2721   0.4616   0.2576   0.1442   0.1375   0.0912   0.0639   0.2759   0.2397   0.2042   0.2732   0.2612   0.3424   0.4808   0.1166   0.4175   0.1852     0.17   0.2497   0.2058   0.3322   0.1945   0.2992   0.0371   0.1505   0.2954   0.4596   0.2498    0.193    0.119   0.2379   0.1883   0.2428   0.3888   0.4076   0.3854   0.2882   0.5068   0.1074   0.1769   0.0548   0.2767   0.2632    0.342    0.265   0.3767   0.3274   0.0663    0.196   0.1468   0.1266   0.3216   0.1193    0.734   0.4179   0.2712   0.2307   0.0572   0.1187   0.2081   0.1279    0.137   0.1068   0.8092   0.1087   0.1332   0.3745   0.2846   0.1849   0.1963   0.0437   0.2147   0.4302     0.21   0.0385   0.0281   0.1868   0.2341   0.1775   0.0955   0.1821   0.4812   0.1169   0.1925   0.2857   0.2998   0.5312   0.5757   0.5844    0.257   0.2183
  snr    -19.2
    H     5.57
 exon    False

M: eiip
 freq      0.0   0.0016   0.0032   0.0048   0.0063   0.0079   0.0095   0.0111   0.0127   0.0143   0.0159   0.0175    0.019   0.0206   0.0222   0.0238   0.0254    0.027   0.0286   0.0302   0.0317   0.0333   0.0349   0.0365   0.0381   0.0397   0.0413   0.0429   0.0444    0.046   0.0476   0.0492   0.0508   0.0524    0.054   0.0556   0.0571   0.0587   0.0603   0.0619   0.0635   0.0651   0.0667   0.0683   0.0698   0.0714    0.073   0.0746   0.0762   0.0778   0.0794    0.081   0.0825   0.0841   0.0857   0.0873   0.0889   0.0905   0.0921   0.0937   0.0952   0.0968   0.0984      0.1   0.1016   0.1032   0.1048   0.1063   0.1079   0.1095   0.1111   0.1127   0.1143   0.1159   0.1175    0.119   0.1206   0.1222   0.1238   0.1254    0.127   0.1286   0.1302   0.1317   0.1333   0.1349   0.1365   0.1381   0.1397   0.1413   0.1429   0.1444    0.146   0.1476   0.1492   0.1508   0.1524    0.154   0.1556   0.1571   0.1587   0.1603   0.1619   0.1635   0.1651   0.1667   0.1683   0.1698   0.1714    0.173   0.1746   0.1762   0.1778   0.1794    0.181   0.1825   0.1841   0.1857   0.1873   0.1889   0.1905   0.1921   0.1937   0.1952   0.1968   0.1984      0.2   0.2016   0.2032   0.2048   0.2063   0.2079   0.2095   0.2111   0.2127   0.2143   0.2159   0.2175    0.219   0.2206   0.2222   0.2238   0.2254    0.227   0.2286   0.2302   0.2317   0.2333   0.2349   0.2365   0.2381   0.2397   0.2413   0.2429   0.2444    0.246   0.2476   0.2492   0.2508   0.2524    0.254   0.2556   0.2571   0.2587   0.2603   0.2619   0.2635   0.2651   0.2667   0.2683   0.2698   0.2714    0.273   0.2746   0.2762   0.2778   0.2794    0.281   0.2825   0.2841   0.2857   0.2873   0.2889   0.2905   0.2921   0.2937   0.2952   0.2968   0.2984      0.3   0.3016   0.3032   0.3048   0.3063   0.3079   0.3095   0.3111   0.3127   0.3143   0.3159   0.3175    0.319   0.3206   0.3222   0.3238   0.3254    0.327   0.3286   0.3302   0.3317   0.3333   0.3349   0.3365   0.3381   0.3397   0.3413   0.3429   0.3444    0.346   0.3476   0.3492   0.3508   0.3524    0.354   0.3556   0.3571   0.3587   0.3603   0.3619   0.3635   0.3651   0.3667   0.3683   0.3698   0.3714    0.373   0.3746   0.3762   0.3778   0.3794    0.381   0.3825   0.3841   0.3857   0.3873   0.3889   0.3905   0.3921   0.3937   0.3952   0.3968   0.3984      0.4   0.4016   0.4032   0.4048   0.4063   0.4079   0.4095   0.4111   0.4127   0.4143   0.4159   0.4175    0.419   0.4206   0.4222   0.4238   0.4254    0.427   0.4286   0.4302   0.4317   0.4333   0.4349   0.4365   0.4381   0.4397   0.4413   0.4429   0.4444    0.446   0.4476   0.4492   0.4508   0.4524    0.454   0.4556   0.4571   0.4587   0.4603   0.4619   0.4635   0.4651   0.4667   0.4683   0.4698   0.4714    0.473   0.4746   0.4762   0.4778   0.4794    0.481   0.4825   0.4841   0.4857   0.4873   0.4889   0.4905   0.4921   0.4937   0.4952   0.4968   0.4984
    S      0.0   0.0127    0.098   0.3932   0.1637   0.5118   0.0317   0.1751   0.3723   0.4563   0.1731   0.0511    0.071   0.3122   0.2065   0.2569   0.4515   0.0487   0.3477   0.1344   0.2253   0.3884   0.0071   0.2883   0.0179   0.7251   0.0743    0.012   0.3152   0.0474   0.1162   0.2431   0.0377   0.6391   0.0572   0.0366   0.4884   0.2445   0.3928   0.0555   0.1661   0.1245   0.0802   0.0906   0.5128   0.1032   0.1724   0.2306   0.2696    0.131   0.2343   0.1689   0.1037   0.4292   0.5116   0.0745   0.1809   0.1308   0.1099    0.121    0.026   0.1897   0.0216   0.1472   0.0456   0.0786   0.0853   0.0615   0.0305   0.0664   0.0165     0.07   0.9646   0.4633   0.0841   0.0707   0.3902   0.1516   0.5151   0.1334   0.1979   0.0861     0.03   0.0168   0.0718   0.1475   0.4758   0.0689   0.0343   0.2116   0.2505   0.2482    0.007   0.1563   0.5264   0.4305   0.0578   0.0544   0.0634   0.0916   0.1286   0.1907    0.075   0.4463    0.098   0.6292   0.0572   0.1903   0.3798   0.0331   0.1731   0.2174    0.101   0.0596    0.208   0.3988   0.1049   0.0145   0.0537   0.0544   0.0912   0.0023   0.1964   0.1073   0.0222   0.3744   0.1048   0.2285   0.0763   0.0543   0.2553     0.13   0.0685    0.195   0.0028    0.077   0.1264   0.0552   0.0541    0.191   0.1434   0.0287    0.049   0.0228   0.0006   0.0321   0.3153   0.0597   0.2603   0.0063   0.1289   0.0608   0.2694   0.3157   0.3489   0.1635   0.0919   0.0621   0.1755   0.1261    0.007   0.0726   0.0569   0.5386   0.0808   0.1421   0.1618    0.158   0.1179   0.3537    0.158   0.0198   0.1713   0.0101   0.7979   0.1845   0.0905   0.0546    0.288   0.2092   0.1705   0.4993   0.0447   0.1073    0.229   0.1057   0.0695   0.1052   0.0046    0.033   0.3084   0.2087   0.4179   0.3599   0.0222    0.715   0.5098   0.5244   0.0413   0.3373   0.8555   0.0689   0.2958   0.1315   0.0777   0.3727   0.1302   0.0637   0.3412    0.153   0.9347   0.1872   0.1101   0.7746   0.2581   0.0086     0.35   0.0684    0.035   0.1069   0.0331   0.5093   0.2025   0.2249   0.4254   0.3752   0.2128   0.1353   0.0302   0.1641   0.0178   0.5615   0.0402   0.1965   0.5335   0.0717   0.1052      1.0   0.0875   0.0654   0.0347   0.0746    0.039   0.0958   0.7086    0.439   0.4532   0.0108   0.2156   0.3237   0.2061   0.3942   0.0491   0.0828   0.1892   0.0136   0.2038   0.1639   0.0776    0.526   0.4357   0.1112   0.1665   0.1692   0.1324   0.2006    0.107   0.2595   0.0892   0.4522   0.0464     0.03   0.0295   0.2152   0.0032   0.4987   0.2231   0.6023   0.0878   0.0943   0.1131   0.1029   0.0722   0.1097   0.1114    0.105   0.0009   0.9186   0.0364   0.1466   0.3729   0.1223   0.0523   0.1226    0.057   0.0392   0.2426   0.0103   0.0443   0.0112   0.1769   0.1315   0.1919   0.0252   0.0096   0.0161   0.2379   0.2203   0.4969   0.4473   0.3305   0.1695   0.5508   0.0584   0.0722
  snr   -17.79
    H     5.34
 exon    False

M: qpsk
 freq      0.0   0.0016   0.0032   0.0048   0.0063   0.0079   0.0095   0.0111   0.0127   0.0143   0.0159   0.0175    0.019   0.0206   0.0222   0.0238   0.0254    0.027   0.0286   0.0302   0.0317   0.0333   0.0349   0.0365   0.0381   0.0397   0.0413   0.0429   0.0444    0.046   0.0476   0.0492   0.0508   0.0524    0.054   0.0556   0.0571   0.0587   0.0603   0.0619   0.0635   0.0651   0.0667   0.0683   0.0698   0.0714    0.073   0.0746   0.0762   0.0778   0.0794    0.081   0.0825   0.0841   0.0857   0.0873   0.0889   0.0905   0.0921   0.0937   0.0952   0.0968   0.0984      0.1   0.1016   0.1032   0.1048   0.1063   0.1079   0.1095   0.1111   0.1127   0.1143   0.1159   0.1175    0.119   0.1206   0.1222   0.1238   0.1254    0.127   0.1286   0.1302   0.1317   0.1333   0.1349   0.1365   0.1381   0.1397   0.1413   0.1429   0.1444    0.146   0.1476   0.1492   0.1508   0.1524    0.154   0.1556   0.1571   0.1587   0.1603   0.1619   0.1635   0.1651   0.1667   0.1683   0.1698   0.1714    0.173   0.1746   0.1762   0.1778   0.1794    0.181   0.1825   0.1841   0.1857   0.1873   0.1889   0.1905   0.1921   0.1937   0.1952   0.1968   0.1984      0.2   0.2016   0.2032   0.2048   0.2063   0.2079   0.2095   0.2111   0.2127   0.2143   0.2159   0.2175    0.219   0.2206   0.2222   0.2238   0.2254    0.227   0.2286   0.2302   0.2317   0.2333   0.2349   0.2365   0.2381   0.2397   0.2413   0.2429   0.2444    0.246   0.2476   0.2492   0.2508   0.2524    0.254   0.2556   0.2571   0.2587   0.2603   0.2619   0.2635   0.2651   0.2667   0.2683   0.2698   0.2714    0.273   0.2746   0.2762   0.2778   0.2794    0.281   0.2825   0.2841   0.2857   0.2873   0.2889   0.2905   0.2921   0.2937   0.2952   0.2968   0.2984      0.3   0.3016   0.3032   0.3048   0.3063   0.3079   0.3095   0.3111   0.3127   0.3143   0.3159   0.3175    0.319   0.3206   0.3222   0.3238   0.3254    0.327   0.3286   0.3302   0.3317   0.3333   0.3349   0.3365   0.3381   0.3397   0.3413   0.3429   0.3444    0.346   0.3476   0.3492   0.3508   0.3524    0.354   0.3556   0.3571   0.3587   0.3603   0.3619   0.3635   0.3651   0.3667   0.3683   0.3698   0.3714    0.373   0.3746   0.3762   0.3778   0.3794    0.381   0.3825   0.3841   0.3857   0.3873   0.3889   0.3905   0.3921   0.3937   0.3952   0.3968   0.3984      0.4   0.4016   0.4032   0.4048   0.4063   0.4079   0.4095   0.4111   0.4127   0.4143   0.4159   0.4175    0.419   0.4206   0.4222   0.4238   0.4254    0.427   0.4286   0.4302   0.4317   0.4333   0.4349   0.4365   0.4381   0.4397   0.4413   0.4429   0.4444    0.446   0.4476   0.4492   0.4508   0.4524    0.454   0.4556   0.4571   0.4587   0.4603   0.4619   0.4635   0.4651   0.4667   0.4683   0.4698   0.4714    0.473   0.4746   0.4762   0.4778   0.4794    0.481   0.4825   0.4841   0.4857   0.4873   0.4889   0.4905   0.4921   0.4937   0.4952   0.4968   0.4984
    S      0.0   0.1947   0.1201   0.0665    0.187   0.2156   0.1975    0.042   0.2241   0.2629   0.1021   0.1234   0.0881   0.9626      0.1   0.6446    0.292   0.0385     0.25   0.1137   0.6867   0.1596   0.1036   0.5902   0.2006   0.6756   0.1175    0.136   0.2301   0.0988   0.4332   0.3687   0.6606   0.8053   0.2172   0.3621   0.2875   0.2786   0.2825   0.6905   0.1588   0.1234   0.3758   0.1558   0.0494   0.0918    0.376   0.2971   0.0432    0.256   0.2662   0.3254   0.1826   0.1785   0.1882   0.3077   0.1631   0.0742   0.1667   0.1904   0.0819   0.1217   0.1175   0.0317   0.1024   0.3779   0.1054   0.0796   0.0363   0.0563   0.0831    0.389   0.3508   0.3907   0.0938   0.1786   0.2047    0.172   0.1022    0.196   0.1831    0.182   0.1249   0.1161   0.0845   0.1525    0.333   0.2528   0.3755   0.3757   0.1756   0.1417   0.0733   0.6824   0.2028   0.1742   0.1102   0.1275   0.1195   0.1411   0.1071   0.2378   0.1924    0.318   0.0692   0.3309   0.1169   0.0349   0.2332   0.0379   0.1343   0.1512   0.1905   0.3184   0.0677   0.2362   0.4546   0.0474   0.0314   0.0468    0.148   0.0853   0.1394   0.2157   0.0438   0.2527   0.1393   0.1431   0.2335   0.1511    0.108   0.0999   0.1352    0.024   0.4619   0.0587   0.2156   0.0322   0.1336   0.1712   0.2092   0.0507   0.1401   0.2503   0.4193   0.0268   0.3027   0.3621   0.1111   0.5238     0.08   0.0316   0.2603   0.2462   0.0826     0.26   0.4269   0.1355   0.3223   0.2669   0.0917   0.0997   0.0904   0.3088   0.0341   0.1644   0.5116   0.1138   0.1935   0.2775   0.0436    0.132   0.1009   0.0384   0.3001   0.0052   0.0957   0.2473   0.1468   0.0993   0.2332   0.2532   0.1198   0.0485   0.3494   0.2593   0.3173   0.1436   0.0925   0.2742   0.1643   0.2385   0.3859   0.3481   0.0361   0.2153   0.3448      1.0   0.0987   0.3053   0.1973   0.3811   0.3587   0.0979   0.2604   0.1801     0.32   0.1099   0.3668   0.1117   0.5534   0.2717   0.1403   0.3532   0.2815   0.1405   0.1115   0.0524   0.1885   0.1254   0.0472   0.2149   0.4549   0.1432   0.0637   0.4836   0.2972   0.1536   0.0858   0.0968   0.0475   0.3068   0.1234   0.1359   0.1604   0.1377   0.2653   0.4353   0.1091   0.3089   0.1388   0.1624   0.2688   0.1833   0.2735   0.1666   0.3423   0.0213   0.1758   0.0572   0.4436   0.1048   0.1735   0.0887   0.1449   0.0562   0.0691   0.2968   0.2921   0.3718   0.1694   0.2587   0.0735   0.1613   0.0508    0.196   0.2201   0.2098   0.2377   0.1918   0.3657   0.0588   0.1215    0.165   0.1134   0.3771   0.0967   0.7623   0.2865   0.2994   0.1874    0.061   0.1193   0.1978   0.0614   0.0695   0.0641   0.8294   0.0959   0.0804   0.2286   0.2986   0.1332   0.2265   0.0199   0.2377   0.3982   0.0993   0.0362   0.0106   0.2143   0.1897   0.1268   0.1023   0.1429   0.3246   0.1168   0.2056   0.2799   0.2052   0.4433   0.5237    0.468   0.1035   0.1124
  snr   -18.14
    H     5.51
 exon    False

M: mem
 freq      0.0   0.0016   0.0032   0.0048   0.0063   0.0079   0.0095   0.0111   0.0127   0.0143   0.0159   0.0175    0.019   0.0206   0.0222   0.0238   0.0254    0.027   0.0286   0.0302   0.0317   0.0333   0.0349   0.0365   0.0381   0.0397   0.0413   0.0429   0.0444    0.046   0.0476   0.0492   0.0508   0.0524    0.054   0.0556   0.0571   0.0587   0.0603   0.0619   0.0635   0.0651   0.0667   0.0683   0.0698   0.0714    0.073   0.0746   0.0762   0.0778   0.0794    0.081   0.0825   0.0841   0.0857   0.0873   0.0889   0.0905   0.0921   0.0937   0.0952   0.0968   0.0984      0.1   0.1016   0.1032   0.1048   0.1063   0.1079   0.1095   0.1111   0.1127   0.1143   0.1159   0.1175    0.119   0.1206   0.1222   0.1238   0.1254    0.127   0.1286   0.1302   0.1317   0.1333   0.1349   0.1365   0.1381   0.1397   0.1413   0.1429   0.1444    0.146   0.1476   0.1492   0.1508   0.1524    0.154   0.1556   0.1571   0.1587   0.1603   0.1619   0.1635   0.1651   0.1667   0.1683   0.1698   0.1714    0.173   0.1746   0.1762   0.1778   0.1794    0.181   0.1825   0.1841   0.1857   0.1873   0.1889   0.1905   0.1921   0.1937   0.1952   0.1968   0.1984      0.2   0.2016   0.2032   0.2048   0.2063   0.2079   0.2095   0.2111   0.2127   0.2143   0.2159   0.2175    0.219   0.2206   0.2222   0.2238   0.2254    0.227   0.2286   0.2302   0.2317   0.2333   0.2349   0.2365   0.2381   0.2397   0.2413   0.2429   0.2444    0.246   0.2476   0.2492   0.2508   0.2524    0.254   0.2556   0.2571   0.2587   0.2603   0.2619   0.2635   0.2651   0.2667   0.2683   0.2698   0.2714    0.273   0.2746   0.2762   0.2778   0.2794    0.281   0.2825   0.2841   0.2857   0.2873   0.2889   0.2905   0.2921   0.2937   0.2952   0.2968   0.2984      0.3   0.3016   0.3032   0.3048   0.3063   0.3079   0.3095   0.3111   0.3127   0.3143   0.3159   0.3175    0.319   0.3206   0.3222   0.3238   0.3254    0.327   0.3286   0.3302   0.3317   0.3333   0.3349   0.3365   0.3381   0.3397   0.3413   0.3429   0.3444    0.346   0.3476   0.3492   0.3508   0.3524    0.354   0.3556   0.3571   0.3587   0.3603   0.3619   0.3635   0.3651   0.3667   0.3683   0.3698   0.3714    0.373   0.3746   0.3762   0.3778   0.3794    0.381   0.3825   0.3841   0.3857   0.3873   0.3889   0.3905   0.3921   0.3937   0.3952   0.3968   0.3984      0.4   0.4016   0.4032   0.4048   0.4063   0.4079   0.4095   0.4111   0.4127   0.4143   0.4159   0.4175    0.419   0.4206   0.4222   0.4238   0.4254    0.427   0.4286   0.4302   0.4317   0.4333   0.4349   0.4365   0.4381   0.4397   0.4413   0.4429   0.4444    0.446   0.4476   0.4492   0.4508   0.4524    0.454   0.4556   0.4571   0.4587   0.4603   0.4619   0.4635   0.4651   0.4667   0.4683   0.4698   0.4714    0.473   0.4746   0.4762   0.4778   0.4794    0.481   0.4825   0.4841   0.4857   0.4873   0.4889   0.4905   0.4921   0.4937   0.4952   0.4968   0.4984
    S      0.0   0.0523   0.0845   0.2063   0.1868   0.3279   0.1146   0.1035   0.2962   0.1279   0.1905   0.0228   0.0471   0.6383   0.1001   0.3269   0.4131    0.049   0.3295   0.0623   0.2913     0.21     0.06   0.5847   0.1085   0.8768   0.0915   0.0699   0.0626   0.0001   0.3042   0.1376    0.234    0.575   0.1929   0.2087   0.3025   0.1432   0.2866   0.1092   0.0625   0.0392    0.058   0.1403   0.3238   0.0984   0.0346   0.4247    0.163   0.0922   0.2347   0.0517   0.1045    0.107   0.2902    0.094   0.1472   0.0867   0.1284   0.1305   0.0293   0.2432    0.081   0.0826    0.067   0.1142   0.0013   0.0181   0.0333   0.0051    0.016    0.177   0.6685   0.1881   0.0693   0.0022   0.3189   0.1427    0.267   0.0689   0.0996   0.0588   0.0424   0.0309   0.0193   0.0795   0.5429   0.0438   0.0382   0.0221   0.0443    0.118   0.0072   0.1477   0.4749   0.3787   0.0002    0.146   0.0918   0.1064   0.1161   0.1236    0.001   0.1795   0.1301   0.2144    0.013   0.1013   0.4272   0.0246   0.1425   0.1725   0.0786   0.0196   0.1207   0.1034    0.381   0.0001   0.0543   0.0215   0.0033   0.0272   0.1284   0.1178   0.0139   0.0585   0.1543   0.0469   0.0102   0.0498    0.195   0.1685   0.0772   0.0888   0.1048   0.0392   0.1635   0.0596   0.0106   0.1928    0.258   0.0166   0.1433   0.0738   0.1368   0.0038   0.3374   0.0676   0.0569   0.2122   0.0844   0.0712   0.2865   0.1356   0.1918   0.0976   0.1089   0.0602   0.0328   0.1058   0.0173   0.0427   0.0281   0.1422   0.0336     0.05   0.0815   0.0545   0.1919   0.0459   0.0738   0.0628   0.0227   0.0109   0.6006   0.1313   0.0065   0.0053   0.1282   0.1159    0.026   0.3129   0.0015   0.1086   0.2298   0.1624   0.2177   0.1941   0.0183    0.036   0.2806   0.1731   0.1239   0.1501   0.0215   0.2412   0.5028      1.0   0.0729   0.2108   0.4564   0.1633   0.1161   0.1783   0.0097   0.1305   0.2314   0.0494   0.2574   0.1055   0.5835   0.0708   0.1908   0.1707    0.155   0.0136   0.1485   0.0253   0.1101   0.1596   0.0122   0.1839   0.3562   0.1743   0.1989   0.3669   0.1957   0.1729   0.0336   0.1593   0.0393   0.2675   0.0259   0.0553   0.2346   0.0808   0.0153   0.6776   0.0109   0.1457     0.06   0.1613   0.1793   0.0004   0.2952    0.243   0.1855   0.0075   0.0775   0.1041   0.0017   0.1252   0.0215   0.0385    0.027   0.0022   0.1361    0.228   0.0394      0.5   0.1715   0.0155   0.1481   0.0893   0.0609    0.077   0.0404   0.0813   0.1335   0.3427   0.1795    0.036   0.0418   0.0944   0.0237     0.11   0.0654   0.1698   0.1474   0.0084   0.1945     0.03   0.0066   0.1403   0.0482   0.0094   0.0105   0.3542   0.0073   0.1472   0.1355   0.0302   0.0664   0.0146   0.0548   0.0156    0.467   0.0182   0.0492   0.0012   0.0693   0.1202   0.0779   0.0086   0.0366   0.1031   0.1025   0.0881   0.4405   0.2497   0.3232   0.0103   0.1945   0.0364   0.0017
  snr   -16.32
    H     5.31
 exon    False

M: alg1
 freq      0.0   0.0016   0.0032   0.0048   0.0063   0.0079   0.0095   0.0111   0.0127   0.0143   0.0159   0.0175    0.019   0.0206   0.0222   0.0238   0.0254    0.027   0.0286   0.0302   0.0317   0.0333   0.0349   0.0365   0.0381   0.0397   0.0413   0.0429   0.0444    0.046   0.0476   0.0492   0.0508   0.0524    0.054   0.0556   0.0571   0.0587   0.0603   0.0619   0.0635   0.0651   0.0667   0.0683   0.0698   0.0714    0.073   0.0746   0.0762   0.0778   0.0794    0.081   0.0825   0.0841   0.0857   0.0873   0.0889   0.0905   0.0921   0.0937   0.0952   0.0968   0.0984      0.1   0.1016   0.1032   0.1048   0.1063   0.1079   0.1095   0.1111   0.1127   0.1143   0.1159   0.1175    0.119   0.1206   0.1222   0.1238   0.1254    0.127   0.1286   0.1302   0.1317   0.1333   0.1349   0.1365   0.1381   0.1397   0.1413   0.1429   0.1444    0.146   0.1476   0.1492   0.1508   0.1524    0.154   0.1556   0.1571   0.1587   0.1603   0.1619   0.1635   0.1651   0.1667   0.1683   0.1698   0.1714    0.173   0.1746   0.1762   0.1778   0.1794    0.181   0.1825   0.1841   0.1857   0.1873   0.1889   0.1905   0.1921   0.1937   0.1952   0.1968   0.1984      0.2   0.2016   0.2032   0.2048   0.2063   0.2079   0.2095   0.2111   0.2127   0.2143   0.2159   0.2175    0.219   0.2206   0.2222   0.2238   0.2254    0.227   0.2286   0.2302   0.2317   0.2333   0.2349   0.2365   0.2381   0.2397   0.2413   0.2429   0.2444    0.246   0.2476   0.2492   0.2508   0.2524    0.254   0.2556   0.2571   0.2587   0.2603   0.2619   0.2635   0.2651   0.2667   0.2683   0.2698   0.2714    0.273   0.2746   0.2762   0.2778   0.2794    0.281   0.2825   0.2841   0.2857   0.2873   0.2889   0.2905   0.2921   0.2937   0.2952   0.2968   0.2984      0.3   0.3016   0.3032   0.3048   0.3063   0.3079   0.3095   0.3111   0.3127   0.3143   0.3159   0.3175    0.319   0.3206   0.3222   0.3238   0.3254    0.327   0.3286   0.3302   0.3317   0.3333   0.3349   0.3365   0.3381   0.3397   0.3413   0.3429   0.3444    0.346   0.3476   0.3492   0.3508   0.3524    0.354   0.3556   0.3571   0.3587   0.3603   0.3619   0.3635   0.3651   0.3667   0.3683   0.3698   0.3714    0.373   0.3746   0.3762   0.3778   0.3794    0.381   0.3825   0.3841   0.3857   0.3873   0.3889   0.3905   0.3921   0.3937   0.3952   0.3968   0.3984      0.4   0.4016   0.4032   0.4048   0.4063   0.4079   0.4095   0.4111   0.4127   0.4143   0.4159   0.4175    0.419   0.4206   0.4222   0.4238   0.4254    0.427   0.4286   0.4302   0.4317   0.4333   0.4349   0.4365   0.4381   0.4397   0.4413   0.4429   0.4444    0.446   0.4476   0.4492   0.4508   0.4524    0.454   0.4556   0.4571   0.4587   0.4603   0.4619   0.4635   0.4651   0.4667   0.4683   0.4698   0.4714    0.473   0.4746   0.4762   0.4778   0.4794    0.481   0.4825   0.4841   0.4857   0.4873   0.4889   0.4905   0.4921   0.4937   0.4952   0.4968   0.4984
    S      0.0   0.0626   0.0662   0.1181   0.1775   0.2308   0.1176   0.0746   0.3083   0.3098    0.101   0.0897   0.1088   0.7644   0.1241   0.3302   0.3283    0.025   0.2443   0.0706   0.3096   0.2518   0.0367   0.4018   0.0876   0.6183   0.0616   0.0591   0.2196   0.0527   0.2784   0.1533   0.4112      1.0   0.0852   0.1246   0.3371   0.3478   0.3671   0.1165   0.1383   0.0862   0.0764   0.1295   0.1232   0.0881   0.2524    0.186   0.0916   0.1447   0.2628   0.2225   0.1798    0.125   0.2081   0.2364   0.2139   0.0428   0.1379   0.1389   0.0267   0.1051   0.0562   0.0556    0.088   0.1501   0.0068   0.0742     0.02   0.0241    0.017   0.0926   0.5664   0.4872   0.1156   0.1139   0.1633   0.2091    0.154   0.2526   0.2435   0.0775   0.1285   0.1157   0.0685    0.128   0.3574   0.1466   0.1281   0.2064   0.1533   0.0466   0.0653   0.5334   0.2555   0.2493   0.0547   0.0584   0.0575   0.1517   0.0492   0.1066   0.0698   0.2751   0.0614   0.4323   0.1346    0.067   0.2054    0.044   0.0578   0.2053   0.0369   0.0662   0.1045   0.2422   0.1908   0.0405    0.037   0.0619   0.0618   0.0407   0.0784   0.0981   0.0189   0.1636    0.104   0.1214   0.1604   0.0935   0.1029   0.0959   0.1135   0.0248   0.2427   0.0513   0.1396   0.0354   0.0674   0.1222   0.1175   0.0289   0.0608   0.1052   0.1183   0.0097   0.2475    0.117   0.0871   0.1295   0.1118   0.0324   0.1673   0.1924   0.0671   0.2679   0.1292   0.0421   0.0701   0.1351    0.064   0.0692   0.0415   0.3098   0.0398   0.1046   0.4149   0.0399   0.1636   0.1574   0.0137   0.0862   0.0403   0.0428   0.4713   0.0243   0.0382   0.1333   0.0532   0.1425   0.0776   0.3735   0.0146   0.0571    0.236   0.1735    0.136   0.0737   0.0398   0.1038   0.2229   0.2323   0.2792   0.2988   0.0162   0.1783   0.3682   0.7069   0.0567   0.1202   0.3331   0.1086   0.2448   0.0679   0.0366   0.1189   0.1878   0.1193    0.153    0.153   0.7591    0.221   0.0961   0.2603   0.1961   0.0631   0.1565   0.0544   0.0575   0.0955   0.0276   0.2892   0.3299   0.2026   0.1162   0.3276    0.236   0.1569   0.0384   0.1245   0.0281   0.4047   0.0215   0.0755   0.2437   0.0611   0.2907   0.5687   0.0861   0.2541   0.1302   0.0712   0.1148   0.0489    0.343   0.2618   0.3381   0.0108   0.2078   0.0507   0.2522   0.1109   0.1336   0.0498   0.0676   0.0265   0.0828   0.1943    0.198   0.4062   0.2353   0.0302   0.0787   0.1325   0.0781   0.0707   0.2469   0.1548   0.2224   0.2885   0.1433   0.0597   0.1172   0.2276   0.0506   0.4036   0.0955   0.4195   0.2559    0.092   0.0925   0.0664   0.0542    0.206   0.0274   0.0149   0.0444   0.5652   0.0536   0.0654   0.2219   0.2124     0.14   0.1346   0.0226   0.0657   0.2657   0.0953   0.0324   0.0037   0.1411   0.2122   0.0988   0.0271   0.0568   0.2087   0.1447   0.2749   0.3342   0.2067   0.1911   0.1006   0.4968   0.0508   0.0086
  snr   -16.88
    H     5.44
 exon    False

M: alg2
 freq      0.0   0.0016   0.0032   0.0048   0.0063   0.0079   0.0095   0.0111   0.0127   0.0143   0.0159   0.0175    0.019   0.0206   0.0222   0.0238   0.0254    0.027   0.0286   0.0302   0.0317   0.0333   0.0349   0.0365   0.0381   0.0397   0.0413   0.0429   0.0444    0.046   0.0476   0.0492   0.0508   0.0524    0.054   0.0556   0.0571   0.0587   0.0603   0.0619   0.0635   0.0651   0.0667   0.0683   0.0698   0.0714    0.073   0.0746   0.0762   0.0778   0.0794    0.081   0.0825   0.0841   0.0857   0.0873   0.0889   0.0905   0.0921   0.0937   0.0952   0.0968   0.0984      0.1   0.1016   0.1032   0.1048   0.1063   0.1079   0.1095   0.1111   0.1127   0.1143   0.1159   0.1175    0.119   0.1206   0.1222   0.1238   0.1254    0.127   0.1286   0.1302   0.1317   0.1333   0.1349   0.1365   0.1381   0.1397   0.1413   0.1429   0.1444    0.146   0.1476   0.1492   0.1508   0.1524    0.154   0.1556   0.1571   0.1587   0.1603   0.1619   0.1635   0.1651   0.1667   0.1683   0.1698   0.1714    0.173   0.1746   0.1762   0.1778   0.1794    0.181   0.1825   0.1841   0.1857   0.1873   0.1889   0.1905   0.1921   0.1937   0.1952   0.1968   0.1984      0.2   0.2016   0.2032   0.2048   0.2063   0.2079   0.2095   0.2111   0.2127   0.2143   0.2159   0.2175    0.219   0.2206   0.2222   0.2238   0.2254    0.227   0.2286   0.2302   0.2317   0.2333   0.2349   0.2365   0.2381   0.2397   0.2413   0.2429   0.2444    0.246   0.2476   0.2492   0.2508   0.2524    0.254   0.2556   0.2571   0.2587   0.2603   0.2619   0.2635   0.2651   0.2667   0.2683   0.2698   0.2714    0.273   0.2746   0.2762   0.2778   0.2794    0.281   0.2825   0.2841   0.2857   0.2873   0.2889   0.2905   0.2921   0.2937   0.2952   0.2968   0.2984      0.3   0.3016   0.3032   0.3048   0.3063   0.3079   0.3095   0.3111   0.3127   0.3143   0.3159   0.3175    0.319   0.3206   0.3222   0.3238   0.3254    0.327   0.3286   0.3302   0.3317   0.3333   0.3349   0.3365   0.3381   0.3397   0.3413   0.3429   0.3444    0.346   0.3476   0.3492   0.3508   0.3524    0.354   0.3556   0.3571   0.3587   0.3603   0.3619   0.3635   0.3651   0.3667   0.3683   0.3698   0.3714    0.373   0.3746   0.3762   0.3778   0.3794    0.381   0.3825   0.3841   0.3857   0.3873   0.3889   0.3905   0.3921   0.3937   0.3952   0.3968   0.3984      0.4   0.4016   0.4032   0.4048   0.4063   0.4079   0.4095   0.4111   0.4127   0.4143   0.4159   0.4175    0.419   0.4206   0.4222   0.4238   0.4254    0.427   0.4286   0.4302   0.4317   0.4333   0.4349   0.4365   0.4381   0.4397   0.4413   0.4429   0.4444    0.446   0.4476   0.4492   0.4508   0.4524    0.454   0.4556   0.4571   0.4587   0.4603   0.4619   0.4635   0.4651   0.4667   0.4683   0.4698   0.4714    0.473   0.4746   0.4762   0.4778   0.4794    0.481   0.4825   0.4841   0.4857   0.4873   0.4889   0.4905   0.4921   0.4937   0.4952   0.4968   0.4984
    S      0.0   0.0736   0.0508   0.0323   0.0958   0.1136   0.0847   0.0532   0.1458   0.1028   0.1595   0.0633   0.0982   0.1523   0.0139   0.1367    0.152   0.1465   0.0235   0.0062   0.0432   0.0484   0.0861   0.0636   0.2142   0.0605   0.0782   0.0209   0.1187    0.062   0.0832   0.1471   0.2958   0.3287   0.0908   0.0488   0.0327   0.2686   0.0624    0.115   0.0595   0.0295   0.0893   0.0134   0.1908    0.235   0.3987    0.244    0.016   0.0533   0.0383    0.338   0.0689   0.1657   0.1404   0.1365   0.0796   0.0397   0.0859   0.0187   0.0126   0.1621   0.0301   0.0057   0.0576    0.222   0.0056   0.1578   0.0893   0.0078   0.0068   0.1439   0.1578   0.2142   0.0807    0.144   0.1514   0.0743   0.0252   0.2392   0.1382   0.2092   0.0958   0.3739   0.0363   0.0344   0.0435   0.0993   0.1115   0.1889    0.073   0.1714   0.1914      1.0   0.0751   0.1143   0.0578   0.1705   0.0233     0.06   0.0937   0.0166   0.0841   0.0901   0.0331   0.1243    0.166   0.0053   0.1165   0.1188   0.0585   0.0346   0.0684   0.0807   0.0743   0.0719   0.2117   0.0663   0.0042   0.0385     0.16   0.0233   0.1798   0.0127   0.0138    0.175   0.1885   0.0497   0.2476   0.1288     0.03   0.0679    0.066    0.041   0.4827   0.1246   0.0655   0.0061   0.0607   0.0199   0.0815   0.0384   0.0899   0.0383   0.0532   0.0061    0.041   0.1575   0.0067   0.1423   0.0234   0.0569   0.0382   0.0322   0.0991   0.1696   0.0404   0.1054   0.1143   0.0983   0.1086   0.1497   0.0246   0.0847   0.0032   0.0313   0.4052    0.072   0.0149   0.0522   0.1293   0.0322   0.0325   0.0387   0.0303   0.1543   0.0777   0.2386   0.0537   0.0724   0.0633   0.2589   0.0235   0.0285   0.1395   0.0234   0.2518   0.1478   0.0321   0.1455   0.0141   0.0498   0.1982   0.1036   0.0858   0.0118   0.1364    0.116   0.0118   0.1231   0.0211   0.0598   0.2913   0.0869   0.0405   0.0323    0.054   0.1362   0.1021   0.0408   0.1723   0.1179   0.0389   0.0297   0.0273   0.1313   0.0238   0.0174   0.1604   0.0442   0.0334   0.0524    0.058   0.0433   0.0587   0.0417   0.1272   0.0297    0.119   0.0109   0.0561   0.1078    0.042   0.0705   0.0422     0.05   0.3647   0.0877    0.092     0.12   0.0723   0.0895   0.0607   0.0457   0.0266   0.0545   0.1162   0.0049   0.0975   0.0427   0.3388   0.0112    0.205   0.0746   0.0685    0.066   0.0756   0.0495   0.1761   0.1661   0.1013   0.0735   0.0266   0.1266    0.011   0.0782   0.2363   0.2186   0.0869   0.1939   0.0462   0.0195   0.1676   0.0939   0.1063   0.2005    0.013   0.3829   0.3182   0.1236   0.0631   0.0247   0.0631   0.0564    0.008   0.0016   0.1146   0.3271   0.0494   0.0607    0.078   0.2274   0.0793   0.1273   0.0202   0.1016    0.196   0.1086    0.004   0.0094    0.086   0.1757    0.012   0.0244   0.1702   0.1366   0.0392   0.1483   0.0738   0.0108   0.2464   0.0897   0.2319   0.0588   0.0125
  snr   -14.85
    H      5.4
 exon    False