>YPR063C
N: 423
Methods: voss, eiip, qpsk, mem, alg1, alg2

M: voss
 freq      0.0   0.0024   0.0047   0.0071   0.0095   0.0118   0.0142   0.0165   0.0189   0.0213   0.0236    0.026   0.0284   0.0307   0.0331   0.0355   0.0378   0.0402   0.0426   0.0449   0.0473   0.0496    0.052   0.0544   0.0567   0.0591   0.0615   0.0638   0.0662   0.0686   0.0709   0.0733   0.0757    0.078   0.0804   0.0827   0.0851   0.0875   0.0898   0.0922   0.0946   0.0969   0.0993   0.1017    0.104   0.1064   0.1087   0.1111   0.1135   0.1158   0.1182   0.1206   0.1229   0.1253   0.1277     0.13   0.1324   0.1348   0.1371   0.1395   0.1418   0.1442   0.1466   0.1489   0.1513   0.1537    0.156   0.1584   0.1608   0.1631   0.1655   0.1678   0.1702   0.1726   0.1749   0.1773   0.1797    0.182   0.1844   0.1868   0.1891   0.1915   0.1939   0.1962   0.1986   0.2009   0.2033   0.2057    0.208   0.2104   0.2128   0.2151   0.2175   0.2199   0.2222   0.2246    0.227   0.2293   0.2317    0.234   0.2364   0.2388   0.2411   0.2435   0.2459   0.2482   0.2506    0.253   0.2553   0.2577     0.26   0.2624   0.2648   0.2671   0.2695   0.2719   0.2742   0.2766    0.279   0.2813   0.2837   0.2861   0.2884   0.2908   0.2931   0.2955   0.2979   0.3002   0.3026    0.305   0.3073   0.3097   0.3121   0.3144   0.3168   0.3191   0.3215   0.3239   0.3262   0.3286    0.331   0.3333   0.3357   0.3381   0.3404   0.3428   0.3452   0.3475   0.3499   0.3522   0.3546    0.357   0.3593   0.3617   0.3641   0.3664   0.3688   0.3712   0.3735   0.3759   0.3783   0.3806    0.383   0.3853   0.3877   0.3901   0.3924   0.3948   0.3972   0.3995   0.4019   0.4043   0.4066    0.409   0.4113   0.4137   0.4161   0.4184   0.4208   0.4232   0.4255   0.4279   0.4303   0.4326    0.435   0.4374   0.4397   0.4421   0.4444   0.4468   0.4492   0.4515   0.4539   0.4563   0.4586    0.461   0.4634   0.4657   0.4681   0.4704   0.4728   0.4752   0.4775   0.4799   0.4823   0.4846    0.487   0.4894   0.4917   0.4941   0.4965   0.4988
    S      0.0   0.2078   0.3356   0.6185   0.0825   0.2357   0.3431   0.1988   0.1482   0.4241   0.2574   0.1062   0.3239   0.4441   0.4879   0.3227    0.543   0.2189   0.0824   0.4079   0.1193      1.0   0.5129    0.384   0.4435   0.0227   0.4601   0.4671   0.1815   0.1129     0.37   0.0553   0.1831   0.1531   0.1776   0.3921   0.1049   0.2462    0.319   0.1298   0.6168   0.1655   0.2451   0.2985   0.2318   0.3675   0.4508   0.2889   0.6521   0.3449   0.1444   0.1623   0.3151   0.1906   0.4707   0.1198   0.0779   0.2127   0.4143   0.5216   0.0588   0.1022   0.3012   0.1108    0.132   0.4457   0.0984   0.3703   0.3125    0.308   0.3892   0.3166    0.209   0.4807   0.1693   0.1792    0.125   0.4766   0.2232   0.0929   0.2357   0.5474   0.3058   0.4512   0.6735   0.2633   0.4243   0.3185   0.2013   0.2106   0.2495   0.4192   0.1343   0.4379   0.4329     0.12   0.2449   0.3172    0.406   0.1307   0.0882   0.2837   0.5025   0.2785   0.8658    0.225   0.3822   0.3629   0.2611   0.1764   0.5679   0.3279   0.1525   0.4157   0.2645   0.3481   0.4062   0.1725   0.4062   0.2077   0.4673   0.3029   0.3566   0.5873   0.1766   0.4008   0.2768   0.0282   0.0652   0.1916   0.4283    0.289    0.185   0.3793   0.1502   0.1927   0.2484   0.2113   0.6606    0.501   0.4631   0.8755   0.2778   0.2415   0.9454   0.2839   0.6617    0.314   0.2255   0.3759   0.1536   0.0884   0.5056   0.2827   0.1826   0.1887   0.2081   0.2415   0.1135   0.2295   0.3918   0.3218   0.3208    0.307   0.2859   0.4308   0.1228   0.4765   0.2306   0.2699   0.1402   0.0813   0.2613   0.1983    0.155   0.1441   0.2902    0.329   0.3448   0.2109   0.7337    0.219   0.4426   0.1021   0.3042   0.5083   0.3411   0.1062   0.6028   0.1945   0.4185   0.1501   0.0723   0.1594   0.1942   0.2039   0.5566   0.0615   0.4648   0.1556   0.1283     0.12   0.1828   0.1027   0.3001   0.3745   0.4031   0.2411   0.2976   0.0739    0.278   0.2847
  snr   -17.93
    H      5.2
 exon    False

M: eiip
 freq      0.0   0.0024   0.0047   0.0071   0.0095   0.0118   0.0142   0.0165   0.0189   0.0213   0.0236    0.026   0.0284   0.0307   0.0331   0.0355   0.0378   0.0402   0.0426   0.0449   0.0473   0.0496    0.052   0.0544   0.0567   0.0591   0.0615   0.0638   0.0662   0.0686   0.0709   0.0733   0.0757    0.078   0.0804   0.0827   0.0851   0.0875   0.0898   0.0922   0.0946   0.0969   0.0993   0.1017    0.104   0.1064   0.1087   0.1111   0.1135   0.1158   0.1182   0.1206   0.1229   0.1253   0.1277     0.13   0.1324   0.1348   0.1371   0.1395   0.1418   0.1442   0.1466   0.1489   0.1513   0.1537    0.156   0.1584   0.1608   0.1631   0.1655   0.1678   0.1702   0.1726   0.1749   0.1773   0.1797    0.182   0.1844   0.1868   0.1891   0.1915   0.1939   0.1962   0.1986   0.2009   0.2033   0.2057    0.208   0.2104   0.2128   0.2151   0.2175   0.2199   0.2222   0.2246    0.227   0.2293   0.2317    0.234   0.2364   0.2388   0.2411   0.2435   0.2459   0.2482   0.2506    0.253   0.2553   0.2577     0.26   0.2624   0.2648   0.2671   0.2695   0.2719   0.2742   0.2766    0.279   0.2813   0.2837   0.2861   0.2884   0.2908   0.2931   0.2955   0.2979   0.3002   0.3026    0.305   0.3073   0.3097   0.3121   0.3144   0.3168   0.3191   0.3215   0.3239   0.3262   0.3286    0.331   0.3333   0.3357   0.3381   0.3404   0.3428   0.3452   0.3475   0.3499   0.3522   0.3546    0.357   0.3593   0.3617   0.3641   0.3664   0.3688   0.3712   0.3735   0.3759   0.3783   0.3806    0.383   0.3853   0.3877   0.3901   0.3924   0.3948   0.3972   0.3995   0.4019   0.4043   0.4066    0.409   0.4113   0.4137   0.4161   0.4184   0.4208   0.4232   0.4255   0.4279   0.4303   0.4326    0.435   0.4374   0.4397   0.4421   0.4444   0.4468   0.4492   0.4515   0.4539   0.4563   0.4586    0.461   0.4634   0.4657   0.4681   0.4704   0.4728   0.4752   0.4775   0.4799   0.4823   0.4846    0.487   0.4894   0.4917   0.4941   0.4965   0.4988
    S      0.0   0.0673   0.0704   0.1152   0.0229   0.0704   0.0939   0.1909    0.132   0.0444   0.0407   0.1337   0.0255   0.0562   0.0168   0.0665   0.1437   0.3662   0.0391   0.0614   0.1581    0.121   0.2758    0.171   0.3478   0.0013   0.1481    0.102   0.2316   0.0905   0.0496   0.0216    0.004   0.0819   0.2302   0.1384    0.088   0.2261   0.3872   0.0631   0.7128   0.0661   0.2315   0.1911   0.0785   0.3303   0.3211   0.2107    0.378   0.0282    0.217   0.1092   0.0288   0.2497   0.0184   0.0309   0.0366    0.322    0.194   0.2486   0.0518   0.0977   0.4428    0.108   0.0833   0.4252   0.0016   0.2455   0.2848   0.0003   0.5538   0.0581   0.0309   0.1407   0.0973   0.1335     0.08    0.071   0.0543   0.0534   0.0554    0.063   0.0564   0.2153   0.8123   0.1131   0.2845   0.0395   0.0348   0.0535   0.3554   0.0332   0.0242   0.0392   0.3658    0.052   0.2082   0.0264   0.1101   0.1666   0.0553   0.0132   0.1516   0.1302    0.012   0.1661    0.347   0.2736   0.0274   0.0393   0.1016   0.0144   0.0107   0.5367   0.1611    0.158   0.0844   0.0118   0.0126   0.1878   0.0257   0.0092   0.1539   0.5745   0.1527   0.1565   0.2682    0.006   0.0342   0.0182   0.2521   0.0513   0.2571   0.0964   0.2373   0.0696   0.0089   0.0472   0.0433   0.1258   0.0073   0.9874   0.0124   0.2081    0.902   0.1456   0.3656   0.1695     0.11   0.1015   0.1327   0.0925   0.1413   0.1269   0.0845   0.0521   0.1032    0.334   0.0026   0.0725   0.0551   0.4074   0.1273   0.0687   0.0164   0.0825   0.1539   0.1732   0.1117   0.3858   0.0036    0.041   0.3999   0.0611   0.0245   0.2258   0.2185   0.1972   0.0633   0.0161   0.4743   0.0217   0.1981   0.0103    0.199   0.3436   0.1275   0.0605      1.0   0.1309   0.0134   0.1299   0.0132   0.1942   0.0548   0.0955   0.4147   0.0521   0.4007   0.1757   0.0435   0.2032   0.0716   0.0134   0.0018   0.0907   0.0899   0.0178   0.1515   0.0972    0.056   0.1932
  snr   -14.92
    H     4.89
 exon    False

M: qpsk
 freq      0.0   0.0024   0.0047   0.0071   0.0095   0.0118   0.0142   0.0165   0.0189   0.0213   0.0236    0.026   0.0284   0.0307   0.0331   0.0355   0.0378   0.0402   0.0426   0.0449   0.0473   0.0496    0.052   0.0544   0.0567   0.0591   0.0615   0.0638   0.0662   0.0686   0.0709   0.0733   0.0757    0.078   0.0804   0.0827   0.0851   0.0875   0.0898   0.0922   0.0946   0.0969   0.0993   0.1017    0.104   0.1064   0.1087   0.1111   0.1135   0.1158   0.1182   0.1206   0.1229   0.1253   0.1277     0.13   0.1324   0.1348   0.1371   0.1395   0.1418   0.1442   0.1466   0.1489   0.1513   0.1537    0.156   0.1584   0.1608   0.1631   0.1655   0.1678   0.1702   0.1726   0.1749   0.1773   0.1797    0.182   0.1844   0.1868   0.1891   0.1915   0.1939   0.1962   0.1986   0.2009   0.2033   0.2057    0.208   0.2104   0.2128   0.2151   0.2175   0.2199   0.2222   0.2246    0.227   0.2293   0.2317    0.234   0.2364   0.2388   0.2411   0.2435   0.2459   0.2482   0.2506    0.253   0.2553   0.2577     0.26   0.2624   0.2648   0.2671   0.2695   0.2719   0.2742   0.2766    0.279   0.2813   0.2837   0.2861   0.2884   0.2908   0.2931   0.2955   0.2979   0.3002   0.3026    0.305   0.3073   0.3097   0.3121   0.3144   0.3168   0.3191   0.3215   0.3239   0.3262   0.3286    0.331   0.3333   0.3357   0.3381   0.3404   0.3428   0.3452   0.3475   0.3499   0.3522   0.3546    0.357   0.3593   0.3617   0.3641   0.3664   0.3688   0.3712   0.3735   0.3759   0.3783   0.3806    0.383   0.3853   0.3877   0.3901   0.3924   0.3948   0.3972   0.3995   0.4019   0.4043   0.4066    0.409   0.4113   0.4137   0.4161   0.4184   0.4208   0.4232   0.4255   0.4279   0.4303   0.4326    0.435   0.4374   0.4397   0.4421   0.4444   0.4468   0.4492   0.4515   0.4539   0.4563   0.4586    0.461   0.4634   0.4657   0.4681   0.4704   0.4728   0.4752   0.4775   0.4799   0.4823   0.4846    0.487   0.4894   0.4917   0.4941   0.4965   0.4988
    S      0.0   0.2727   0.3159    0.192   0.1091   0.1509   0.1186   0.0729   0.1522   0.5381   0.2457   0.1291   0.1786   0.4508   0.2255   0.1605   0.7127   0.1556   0.0615   0.4828   0.1379   0.5225     0.49   0.4744   0.4055   0.0296     0.13   0.3794   0.2221   0.0789   0.3279   0.0677   0.2317   0.1671   0.2347   0.3428   0.0888   0.1987   0.1947   0.1656   0.8393   0.1415   0.2002   0.3322     0.26   0.1115   0.4343   0.3963   0.5161   0.2527   0.1521   0.0065    0.262   0.0997   0.5647   0.0666   0.0897   0.1208   0.4104   0.4212   0.0425   0.0919   0.3184   0.1108   0.1435    0.542   0.0972   0.1695   0.3199    0.195   0.3386   0.3456   0.2584   0.5355   0.1277   0.1995   0.1584   0.3748   0.2954   0.0783   0.3038   0.5074    0.131   0.5306   0.5086   0.0147   0.2839   0.2536   0.1807   0.2638   0.1966   0.5114   0.1533   0.4043    0.572   0.1315   0.1515   0.3166   0.1747   0.1231   0.1126   0.0867   0.3808   0.2583   0.8004   0.1514   0.4587   0.3299   0.2786   0.1177   0.5367   0.4321   0.1595    0.571    0.073   0.3168   0.5069   0.1321    0.477   0.1028   0.5372   0.3018   0.2351   0.5862    0.194   0.2229   0.2413   0.0343   0.0896   0.1696   0.4582   0.3591   0.1345   0.4352   0.1252   0.2118   0.3376   0.2423   0.9037   0.4936   0.5247      1.0   0.2362   0.1326   0.8037   0.0821   0.7393   0.4113   0.1357   0.2893   0.0673   0.0326    0.636   0.2918   0.2324   0.0989   0.0919   0.3303   0.1132   0.3126   0.3677   0.4218   0.0941   0.3249   0.2537   0.2523   0.1322   0.4689   0.2961   0.2474   0.1334   0.0246   0.2147   0.1093   0.0922     0.15    0.387   0.3219   0.3351   0.2125   0.8626   0.1948    0.485   0.0861   0.1202   0.1002   0.1776   0.1427    0.645   0.1506   0.4215   0.1768    0.042   0.1511   0.2344   0.1421   0.6888   0.0343   0.6155   0.1989   0.0799   0.1019   0.0409   0.1284   0.1766   0.4061   0.2492   0.1343   0.3722   0.0975   0.3147   0.3011
  snr   -17.55
    H     5.13
 exon     True

M: mem
 freq      0.0   0.0024   0.0047   0.0071   0.0095   0.0118   0.0142   0.0166    0.019   0.0213   0.0237   0.0261   0.0284   0.0308   0.0332   0.0355   0.0379   0.0403   0.0427    0.045   0.0474   0.0498   0.0521   0.0545   0.0569   0.0592   0.0616    0.064   0.0664   0.0687   0.0711   0.0735   0.0758   0.0782   0.0806   0.0829   0.0853   0.0877     0.09   0.0924   0.0948   0.0972   0.0995   0.1019   0.1043   0.1066    0.109   0.1114   0.1137   0.1161   0.1185   0.1209   0.1232   0.1256    0.128   0.1303   0.1327   0.1351   0.1374   0.1398   0.1422   0.1445   0.1469   0.1493   0.1517    0.154   0.1564   0.1588   0.1611   0.1635   0.1659   0.1682   0.1706    0.173   0.1754   0.1777   0.1801   0.1825   0.1848   0.1872   0.1896   0.1919   0.1943   0.1967   0.1991   0.2014   0.2038   0.2062   0.2085   0.2109   0.2133   0.2156    0.218   0.2204   0.2227   0.2251   0.2275   0.2299   0.2322   0.2346    0.237   0.2393   0.2417   0.2441   0.2464   0.2488   0.2512   0.2536   0.2559   0.2583   0.2607    0.263   0.2654   0.2678   0.2701   0.2725   0.2749   0.2773   0.2796    0.282   0.2844   0.2867   0.2891   0.2915   0.2938   0.2962   0.2986   0.3009   0.3033   0.3057   0.3081   0.3104   0.3128   0.3152   0.3175   0.3199   0.3223   0.3246    0.327   0.3294   0.3318   0.3341   0.3365   0.3389   0.3412   0.3436    0.346   0.3483   0.3507   0.3531   0.3555   0.3578   0.3602   0.3626   0.3649   0.3673   0.3697    0.372   0.3744   0.3768   0.3791   0.3815   0.3839   0.3863   0.3886    0.391   0.3934   0.3957   0.3981   0.4005   0.4028   0.4052   0.4076     0.41   0.4123   0.4147   0.4171   0.4194   0.4218   0.4242   0.4265   0.4289   0.4313   0.4336    0.436   0.4384   0.4408   0.4431   0.4455   0.4479   0.4502   0.4526    0.455   0.4573   0.4597   0.4621   0.4645   0.4668   0.4692   0.4716   0.4739   0.4763   0.4787    0.481   0.4834   0.4858   0.4882   0.4905   0.4929   0.4953   0.4976
    S      0.0   0.0129    0.223   0.2891   0.0053   0.0521   0.1703   0.0029   0.1436   0.3491   0.0529   0.0644   0.4058   0.1591   0.5263   0.1425   0.0189   0.0305   0.0443   0.0712   0.0919    0.224    0.747   0.1632   0.0369   0.0083   0.2515   0.1801   0.1641   0.0847   0.5708    0.028   0.1018   0.0173   0.2175    0.137   0.1114      0.0   0.0694   0.1757   0.8095   0.1218   0.2239   0.2615   0.3311   0.0518    0.145   0.5374   0.5785   0.1971   0.1467   0.0336   0.4762   0.0865    0.265   0.0801   0.0723   0.1151   0.0269   0.1112   0.0072   0.0084   0.1185   0.1729   0.0467   0.6772   0.2032   0.0476   0.0449   0.1705   0.2122   0.2691   0.0081    0.165   0.0043   0.0529    0.353    0.446   0.3793   0.0745   0.0288      1.0   0.0335   0.6124   0.3441    0.041   0.1377   0.1174    0.074   0.1512   0.1265   0.1426   0.0251   0.0889   0.3147   0.1706   0.0625   0.1254   0.1029   0.0528   0.0524   0.2091   0.5905   0.0284   0.0875   0.0529   0.6859   0.0712   0.0978   0.0633   0.0023    0.042    0.096   0.4539   0.0759   0.2937   0.1243   0.1121   0.1489   0.1261   0.7739   0.6043   0.1865   0.3359   0.3121   0.2112    0.099   0.0014   0.0667   0.1709   0.2984   0.1193   0.2618   0.3099   0.0876   0.0703   0.1693   0.3203   0.5075   0.2851    0.337   0.1741   0.3173   0.2426   0.5671   0.1867   0.1735   0.3072    0.121   0.0634    0.018   0.0289   0.2335   0.2301   0.0804   0.0639    0.094   0.1393   0.0911    0.121   0.1386   0.6209   0.0218    0.195    0.202   0.1128   0.4007   0.0298   0.1578   0.3921   0.0014   0.0531   0.0961   0.3269    0.026     0.02   0.1771   0.2026   0.6021   0.1049   0.7684   0.5803   0.1973   0.3607   0.0194   0.1165   0.0084   0.5862   0.0318   0.0234   0.0227   0.4265   0.0278   0.0399   0.0212   0.1596   0.4696   0.0851   0.2043   0.1704   0.1307   0.0425   0.0498   0.1015   0.5483   0.3403   0.1261   0.4094   0.0547   0.3438     0.12
  snr   -15.99
    H     4.93
 exon    False

M: alg1
 freq      0.0   0.0024   0.0047   0.0071   0.0095   0.0118   0.0142   0.0165   0.0189   0.0213   0.0236    0.026   0.0284   0.0307   0.0331   0.0355   0.0378   0.0402   0.0426   0.0449   0.0473   0.0496    0.052   0.0544   0.0567   0.0591   0.0615   0.0638   0.0662   0.0686   0.0709   0.0733   0.0757    0.078   0.0804   0.0827   0.0851   0.0875   0.0898   0.0922   0.0946   0.0969   0.0993   0.1017    0.104   0.1064   0.1087   0.1111   0.1135   0.1158   0.1182   0.1206   0.1229   0.1253   0.1277     0.13   0.1324   0.1348   0.1371   0.1395   0.1418   0.1442   0.1466   0.1489   0.1513   0.1537    0.156   0.1584   0.1608   0.1631   0.1655   0.1678   0.1702   0.1726   0.1749   0.1773   0.1797    0.182   0.1844   0.1868   0.1891   0.1915   0.1939   0.1962   0.1986   0.2009   0.2033   0.2057    0.208   0.2104   0.2128   0.2151   0.2175   0.2199   0.2222   0.2246    0.227   0.2293   0.2317    0.234   0.2364   0.2388   0.2411   0.2435   0.2459   0.2482   0.2506    0.253   0.2553   0.2577     0.26   0.2624   0.2648   0.2671   0.2695   0.2719   0.2742   0.2766    0.279   0.2813   0.2837   0.2861   0.2884   0.2908   0.2931   0.2955   0.2979   0.3002   0.3026    0.305   0.3073   0.3097   0.3121   0.3144   0.3168   0.3191   0.3215   0.3239   0.3262   0.3286    0.331   0.3333   0.3357   0.3381   0.3404   0.3428   0.3452   0.3475   0.3499   0.3522   0.3546    0.357   0.3593   0.3617   0.3641   0.3664   0.3688   0.3712   0.3735   0.3759   0.3783   0.3806    0.383   0.3853   0.3877   0.3901   0.3924   0.3948   0.3972   0.3995   0.4019   0.4043   0.4066    0.409   0.4113   0.4137   0.4161   0.4184   0.4208   0.4232   0.4255   0.4279   0.4303   0.4326    0.435   0.4374   0.4397   0.4421   0.4444   0.4468   0.4492   0.4515   0.4539   0.4563   0.4586    0.461   0.4634   0.4657   0.4681   0.4704   0.4728   0.4752   0.4775   0.4799   0.4823   0.4846    0.487   0.4894   0.4917   0.4941   0.4965   0.4988
    S      0.0   0.2033   0.1979   0.1764   0.0821   0.1266   0.1174   0.1499   0.0635     0.17   0.1718   0.1232   0.0453   0.2134   0.0676   0.1149   0.5315   0.2384   0.0459   0.3279   0.1304   0.3287   0.1183   0.3601   0.4493   0.0162    0.105   0.2885   0.1895   0.0512   0.0362   0.0308   0.0988   0.1463   0.1431   0.2091   0.0703   0.2544     0.21   0.0303   0.5293   0.0632   0.1089   0.0965   0.1051   0.1885     0.34    0.106   0.2326     0.14   0.1246   0.0639    0.027   0.1714   0.2077   0.0408   0.0415   0.1805   0.3523   0.2625   0.0335   0.1028   0.3198   0.0501    0.117   0.1898   0.0121   0.2325   0.3541   0.1274   0.2692    0.105   0.1833   0.3746   0.1132    0.142   0.0643   0.0351   0.0584    0.031   0.2257   0.0348   0.0699   0.1718   0.6364    0.077   0.2856   0.1805   0.0908    0.181    0.198   0.2237   0.0931   0.2653   0.3094   0.0525   0.1796   0.2057   0.1195   0.1342   0.0823   0.0544   0.1612    0.116   0.4586   0.1883   0.2025   0.2738   0.1756   0.0431   0.3216   0.2162   0.0653   0.3631   0.0931   0.2664   0.2733   0.0577   0.2021   0.1727   0.0844   0.0492   0.1043   0.4258    0.092   0.1118   0.2072   0.0158   0.0687   0.0956   0.1841   0.1727   0.1706   0.0913   0.1681   0.1357   0.1686   0.0503   0.2182   0.2329   0.1687      1.0   0.0395   0.1852   0.6327   0.1053   0.6455   0.1097   0.1207   0.2417    0.078   0.0587   0.2385   0.2477   0.0922   0.0509   0.0783   0.2441   0.0612   0.1446   0.1605   0.1869   0.1224   0.1438   0.0719   0.2009   0.1192   0.2612   0.0964   0.2781   0.0579   0.0305   0.2291   0.0556   0.0607    0.185   0.3238    0.129   0.0317   0.1119    0.471   0.0956   0.1039   0.0065   0.1776   0.2042   0.1726   0.0548   0.6204   0.1212   0.2546   0.0689   0.0106   0.1832   0.0919   0.0726   0.4993   0.0327   0.5171   0.0835   0.0493   0.1215   0.0707   0.0659   0.0699    0.044   0.1099    0.084   0.1668   0.0733   0.0811   0.1126
  snr   -15.36
    H     5.08
 exon     True

M: alg2
 freq      0.0   0.0024   0.0047   0.0071   0.0095   0.0118   0.0142   0.0165   0.0189   0.0213   0.0236    0.026   0.0284   0.0307   0.0331   0.0355   0.0378   0.0402   0.0426   0.0449   0.0473   0.0496    0.052   0.0544   0.0567   0.0591   0.0615   0.0638   0.0662   0.0686   0.0709   0.0733   0.0757    0.078   0.0804   0.0827   0.0851   0.0875   0.0898   0.0922   0.0946   0.0969   0.0993   0.1017    0.104   0.1064   0.1087   0.1111   0.1135   0.1158   0.1182   0.1206   0.1229   0.1253   0.1277     0.13   0.1324   0.1348   0.1371   0.1395   0.1418   0.1442   0.1466   0.1489   0.1513   0.1537    0.156   0.1584   0.1608   0.1631   0.1655   0.1678   0.1702   0.1726   0.1749   0.1773   0.1797    0.182   0.1844   0.1868   0.1891   0.1915   0.1939   0.1962   0.1986   0.2009   0.2033   0.2057    0.208   0.2104   0.2128   0.2151   0.2175   0.2199   0.2222   0.2246    0.227   0.2293   0.2317    0.234   0.2364   0.2388   0.2411   0.2435   0.2459   0.2482   0.2506    0.253   0.2553   0.2577     0.26   0.2624   0.2648   0.2671   0.2695   0.2719   0.2742   0.2766    0.279   0.2813   0.2837   0.2861   0.2884   0.2908   0.2931   0.2955   0.2979   0.3002   0.3026    0.305   0.3073   0.3097   0.3121   0.3144   0.3168   0.3191   0.3215   0.3239   0.3262   0.3286    0.331   0.3333   0.3357   0.3381   0.3404   0.3428   0.3452   0.3475   0.3499   0.3522   0.3546    0.357   0.3593   0.3617   0.3641   0.3664   0.3688   0.3712   0.3735   0.3759   0.3783   0.3806    0.383   0.3853   0.3877   0.3901   0.3924   0.3948   0.3972   0.3995   0.4019   0.4043   0.4066    0.409   0.4113   0.4137   0.4161   0.4184   0.4208   0.4232   0.4255   0.4279   0.4303   0.4326    0.435   0.4374   0.4397   0.4421   0.4444   0.4468   0.4492   0.4515   0.4539   0.4563   0.4586    0.461   0.4634   0.4657   0.4681   0.4704   0.4728   0.4752   0.4775   0.4799   0.4823   0.4846    0.487   0.4894   0.4917   0.4941   0.4965   0.4988
    S      0.0    0.143   0.3236   0.5486   0.0508   0.0921   0.1379   0.0501   0.0315   0.1735   0.1566   0.0333   0.2425   0.1928   0.3655   0.2977   0.3167   0.0065   0.0638    0.283   0.0139      1.0   0.0949   0.3096    0.022   0.0092   0.1818   0.3757   0.0559   0.0599   0.0583   0.0306   0.0489   0.0375   0.0234   0.3278   0.0584    0.003   0.1166   0.0203   0.1055   0.1137   0.0547   0.0726    0.122   0.1254   0.1153    0.019   0.0846   0.3478   0.0174    0.087   0.1342   0.0151   0.1312   0.0138   0.0453   0.0305   0.3102   0.3835   0.0321   0.0039   0.0256   0.0248   0.0888   0.0628   0.0061   0.1607   0.0167   0.3408   0.0683   0.1618   0.1785   0.0653   0.1288   0.1001   0.0445   0.1975   0.0185   0.0289   0.1803   0.1622    0.078   0.1794    0.047   0.1408   0.0278   0.2729   0.1036   0.1653   0.0192   0.2481   0.0778   0.3216   0.0524   0.0578   0.1325   0.3177   0.3589   0.0083   0.0467   0.2512   0.1453   0.1494   0.8448   0.0678   0.0052   0.2228   0.2279   0.0774   0.4806   0.1906    0.005    0.083   0.1732   0.2713   0.0867   0.1489   0.2386   0.0225   0.0237    0.069   0.1106   0.1922   0.0612   0.2773   0.0288   0.0152   0.0312   0.1221   0.0922   0.1273   0.0405   0.0143    0.009   0.0615   0.0912   0.0343    0.109   0.3609   0.0266   0.2373   0.0227   0.1163   0.1907   0.1706   0.1463   0.0127   0.1412   0.3353   0.0864   0.0395   0.2383   0.0987   0.0741   0.1266   0.1671   0.0474    0.096   0.0844   0.3052   0.0067   0.1628   0.2147   0.0466   0.3411   0.0263   0.3639   0.0727   0.0018   0.0838   0.0644   0.0199   0.0365   0.1397    0.004   0.0871    0.158    0.067   0.0937    0.224   0.1063   0.0859   0.0361   0.1801   0.3154    0.212   0.0101   0.0461   0.0496   0.3346   0.0296    0.043   0.0371   0.0496   0.1399    0.352   0.0252   0.2494   0.0162   0.0122   0.0049   0.1256   0.0516   0.2421   0.0595   0.2254   0.2123   0.1418   0.0095   0.1192   0.1038
  snr   -14.25
    H     4.93
 exon    False