>YPR096C
N: 303
Methods: voss, eiip, qpsk, mem, tbpse, snrse

M: voss
 freq      0.0   0.0033   0.0066   0.0099   0.0132   0.0165   0.0198   0.0231   0.0264   0.0297    0.033   0.0363   0.0396   0.0429   0.0462   0.0495   0.0528   0.0561   0.0594   0.0627    0.066   0.0693   0.0726   0.0759   0.0792   0.0825   0.0858   0.0891   0.0924   0.0957    0.099   0.1023   0.1056   0.1089   0.1122   0.1155   0.1188   0.1221   0.1254   0.1287    0.132   0.1353   0.1386   0.1419   0.1452   0.1485   0.1518   0.1551   0.1584   0.1617    0.165   0.1683   0.1716   0.1749   0.1782   0.1815   0.1848   0.1881   0.1914   0.1947    0.198   0.2013   0.2046   0.2079   0.2112   0.2145   0.2178   0.2211   0.2244   0.2277    0.231   0.2343   0.2376   0.2409   0.2442   0.2475   0.2508   0.2541   0.2574   0.2607    0.264   0.2673   0.2706   0.2739   0.2772   0.2805   0.2838   0.2871   0.2904   0.2937    0.297   0.3003   0.3036   0.3069   0.3102   0.3135   0.3168   0.3201   0.3234   0.3267     0.33   0.3333   0.3366   0.3399   0.3432   0.3465   0.3498   0.3531   0.3564   0.3597    0.363   0.3663   0.3696   0.3729   0.3762   0.3795   0.3828   0.3861   0.3894   0.3927    0.396   0.3993   0.4026   0.4059   0.4092   0.4125   0.4158   0.4191   0.4224   0.4257    0.429   0.4323   0.4356   0.4389   0.4422   0.4455   0.4488   0.4521   0.4554   0.4587    0.462   0.4653   0.4686   0.4719   0.4752   0.4785   0.4818   0.4851   0.4884   0.4917    0.495   0.4983
    S      0.0   0.3194      1.0   0.6697    0.514   0.4832   0.3881   0.3845    0.166   0.5942   0.2887   0.3114   0.0933   0.0543    0.385   0.3348   0.3378   0.3803     0.24    0.549   0.2906   0.4102   0.2939   0.3435   0.0895   0.1082   0.2423   0.1787   0.2754   0.0933   0.2858   0.2534   0.1222   0.4218   0.4079    0.658   0.2348   0.6014   0.2317   0.5523   0.1099   0.0198   0.3531   0.1822   0.3896   0.4525   0.3975   0.0655   0.1819   0.2228   0.5854   0.2261   0.1579   0.0965   0.3452    0.317    0.286   0.3331   0.3213   0.1029   0.3318   0.4114   0.3213   0.0981   0.3542     0.14   0.1449   0.2756   0.2145   0.0711   0.2101   0.4567   0.1546   0.1115   0.0496   0.0631   0.3694   0.4415   0.2575   0.0846   0.3323   0.2245   0.0648   0.2131   0.1166   0.1869   0.1284   0.5273   0.2091   0.3064   0.2962   0.0182   0.1872   0.4036   0.2827   0.0461   0.2965   0.1065   0.6689   0.1553   0.9507    0.191   0.5255   0.4342   0.7194   0.1094   0.1193   0.3509   0.2266   0.0535   0.1795   0.3851   0.2143   0.3363   0.4902   0.2522   0.1556   0.0841   0.0698   0.4478   0.4098   0.1461   0.3051    0.027   0.3187   0.4106   0.2145   0.5827   0.1847    0.247   0.2739   0.7303   0.0829   0.0642   0.0782    0.248   0.5725   0.3384   0.3591   0.2876   0.3043   0.4328   0.2324   0.3592   0.0819   0.1711   0.0899   0.0198   0.1819   0.2281   0.2639   0.1275
  snr   -16.21
    H     4.82
 exon    False

M: eiip
 freq      0.0   0.0033   0.0066   0.0099   0.0132   0.0165   0.0198   0.0231   0.0264   0.0297    0.033   0.0363   0.0396   0.0429   0.0462   0.0495   0.0528   0.0561   0.0594   0.0627    0.066   0.0693   0.0726   0.0759   0.0792   0.0825   0.0858   0.0891   0.0924   0.0957    0.099   0.1023   0.1056   0.1089   0.1122   0.1155   0.1188   0.1221   0.1254   0.1287    0.132   0.1353   0.1386   0.1419   0.1452   0.1485   0.1518   0.1551   0.1584   0.1617    0.165   0.1683   0.1716   0.1749   0.1782   0.1815   0.1848   0.1881   0.1914   0.1947    0.198   0.2013   0.2046   0.2079   0.2112   0.2145   0.2178   0.2211   0.2244   0.2277    0.231   0.2343   0.2376   0.2409   0.2442   0.2475   0.2508   0.2541   0.2574   0.2607    0.264   0.2673   0.2706   0.2739   0.2772   0.2805   0.2838   0.2871   0.2904   0.2937    0.297   0.3003   0.3036   0.3069   0.3102   0.3135   0.3168   0.3201   0.3234   0.3267     0.33   0.3333   0.3366   0.3399   0.3432   0.3465   0.3498   0.3531   0.3564   0.3597    0.363   0.3663   0.3696   0.3729   0.3762   0.3795   0.3828   0.3861   0.3894   0.3927    0.396   0.3993   0.4026   0.4059   0.4092   0.4125   0.4158   0.4191   0.4224   0.4257    0.429   0.4323   0.4356   0.4389   0.4422   0.4455   0.4488   0.4521   0.4554   0.4587    0.462   0.4653   0.4686   0.4719   0.4752   0.4785   0.4818   0.4851   0.4884   0.4917    0.495   0.4983
    S      0.0   0.2873   0.3309    0.456   0.0465   0.2543   0.1167   0.0808   0.0963   0.2426   0.4152   0.0136    0.027   0.0737     0.02   0.0862   0.0612   0.4737   0.0289   0.0032   0.2945   0.0068   0.1446   0.0273   0.0202   0.0593   0.0126   0.2598   0.0067   0.0745   0.0091   0.2966   0.1377    0.309   0.1305   0.4985   0.1525      1.0   0.0137   0.5963   0.1195    0.028   0.1375   0.0328   0.2793   0.6235   0.0926   0.0703    0.223   0.2272   0.0323   0.1813   0.0426   0.1037   0.0245   0.0377   0.0144   0.0891   0.1002    0.003   0.0594   0.1589   0.2123   0.0971   0.4382   0.0473    0.051   0.3139   0.0525   0.0208   0.1328   0.4635   0.0105   0.0816   0.0217   0.0899   0.4357   0.4756    0.176   0.0012   0.2322   0.2441   0.0386   0.0819   0.0989   0.0363   0.0517   0.3511   0.0726   0.2018   0.2954   0.0185   0.2298   0.1486   0.1027    0.046   0.0799   0.0528   0.4969   0.0891   0.1468   0.1757   0.1509   0.4604   0.0762   0.1364   0.0215   0.3032    0.251   0.0577   0.1226   0.2359   0.1648   0.1346   0.3168   0.3926   0.1185   0.0294   0.0028   0.0049   0.1133   0.0204   0.0723    0.018   0.3317   0.0379   0.1701   0.0038   0.1441   0.0811   0.0774     0.56    0.048   0.0303   0.0554   0.1911   0.2264   0.2461   0.0375   0.3385    0.086   0.0405   0.0784    0.097   0.0159   0.0372   0.0027   0.0076   0.0405   0.2051   0.2458   0.0023
  snr    -13.4
    H     4.55
 exon    False

M: qpsk
 freq      0.0   0.0033   0.0066   0.0099   0.0132   0.0165   0.0198   0.0231   0.0264   0.0297    0.033   0.0363   0.0396   0.0429   0.0462   0.0495   0.0528   0.0561   0.0594   0.0627    0.066   0.0693   0.0726   0.0759   0.0792   0.0825   0.0858   0.0891   0.0924   0.0957    0.099   0.1023   0.1056   0.1089   0.1122   0.1155   0.1188   0.1221   0.1254   0.1287    0.132   0.1353   0.1386   0.1419   0.1452   0.1485   0.1518   0.1551   0.1584   0.1617    0.165   0.1683   0.1716   0.1749   0.1782   0.1815   0.1848   0.1881   0.1914   0.1947    0.198   0.2013   0.2046   0.2079   0.2112   0.2145   0.2178   0.2211   0.2244   0.2277    0.231   0.2343   0.2376   0.2409   0.2442   0.2475   0.2508   0.2541   0.2574   0.2607    0.264   0.2673   0.2706   0.2739   0.2772   0.2805   0.2838   0.2871   0.2904   0.2937    0.297   0.3003   0.3036   0.3069   0.3102   0.3135   0.3168   0.3201   0.3234   0.3267     0.33   0.3333   0.3366   0.3399   0.3432   0.3465   0.3498   0.3531   0.3564   0.3597    0.363   0.3663   0.3696   0.3729   0.3762   0.3795   0.3828   0.3861   0.3894   0.3927    0.396   0.3993   0.4026   0.4059   0.4092   0.4125   0.4158   0.4191   0.4224   0.4257    0.429   0.4323   0.4356   0.4389   0.4422   0.4455   0.4488   0.4521   0.4554   0.4587    0.462   0.4653   0.4686   0.4719   0.4752   0.4785   0.4818   0.4851   0.4884   0.4917    0.495   0.4983
    S      0.0   0.3222      1.0   0.6842   0.2874   0.4235   0.2679   0.3095   0.1475   0.5428   0.2813   0.1797    0.098   0.0574   0.1647   0.2792   0.2702   0.3974   0.0739   0.4966   0.3309   0.4721   0.2168   0.2184   0.0195   0.1021    0.158   0.1981   0.2674    0.064   0.1936   0.2707   0.0964   0.2866   0.3041   0.5024   0.2429   0.5292   0.2652    0.587   0.0211   0.0201   0.3895   0.0529   0.0835   0.4178   0.4044   0.0704   0.1285   0.1007   0.2571   0.1464   0.1807   0.0951   0.1013   0.2109   0.3018   0.2285   0.2732   0.0837   0.1237   0.2925   0.3267   0.0858   0.2161   0.0771   0.1272   0.0591    0.117   0.0529   0.1215   0.4719   0.0906   0.1062   0.0553   0.0571    0.321   0.2592   0.2116   0.0946   0.3327   0.2032   0.0578   0.1019   0.0772   0.1411    0.105   0.5665   0.0469   0.2216   0.1156   0.0205   0.1976   0.1919    0.124   0.0528   0.1149    0.084   0.4113   0.1787   0.5779   0.2089   0.5434   0.4533   0.5237   0.1182   0.1352   0.2892   0.2327   0.0216   0.0418   0.2477    0.146   0.3025    0.293   0.1475   0.1099    0.069   0.0694   0.1375   0.2892   0.1433   0.1253   0.0241   0.3645   0.2376   0.1743   0.3839   0.2041   0.1109   0.1548   0.8205   0.0374   0.0367   0.0262   0.2801   0.6308   0.3782   0.1423   0.2022   0.1273   0.4255   0.0863   0.1892   0.0263   0.1111    0.059   0.0207   0.1144   0.0909   0.2811   0.1095
  snr   -15.03
    H     4.75
 exon    False

M: mem
 freq      0.0   0.0033   0.0066   0.0099   0.0132   0.0166   0.0199   0.0232   0.0265   0.0298   0.0331   0.0364   0.0397    0.043   0.0464   0.0497    0.053   0.0563   0.0596   0.0629   0.0662   0.0695   0.0728   0.0762   0.0795   0.0828   0.0861   0.0894   0.0927    0.096   0.0993   0.1026    0.106   0.1093   0.1126   0.1159   0.1192   0.1225   0.1258   0.1291   0.1325   0.1358   0.1391   0.1424   0.1457    0.149   0.1523   0.1556   0.1589   0.1623   0.1656   0.1689   0.1722   0.1755   0.1788   0.1821   0.1854   0.1887   0.1921   0.1954   0.1987    0.202   0.2053   0.2086   0.2119   0.2152   0.2185   0.2219   0.2252   0.2285   0.2318   0.2351   0.2384   0.2417    0.245   0.2483   0.2517    0.255   0.2583   0.2616   0.2649   0.2682   0.2715   0.2748   0.2781   0.2815   0.2848   0.2881   0.2914   0.2947    0.298   0.3013   0.3046   0.3079   0.3113   0.3146   0.3179   0.3212   0.3245   0.3278   0.3311   0.3344   0.3377   0.3411   0.3444   0.3477    0.351   0.3543   0.3576   0.3609   0.3642   0.3675   0.3709   0.3742   0.3775   0.3808   0.3841   0.3874   0.3907    0.394   0.3974   0.4007    0.404   0.4073   0.4106   0.4139   0.4172   0.4205   0.4238   0.4272   0.4305   0.4338   0.4371   0.4404   0.4437    0.447   0.4503   0.4536    0.457   0.4603   0.4636   0.4669   0.4702   0.4735   0.4768   0.4801   0.4834   0.4868   0.4901   0.4934   0.4967
    S      0.0   0.3622   0.7489   0.5517    0.017   0.2827    0.042   0.4417   0.0669   0.3411   0.0787   0.0654   0.0817   0.0154   0.0247   0.1225   0.0887   0.0222   0.0586   0.5672   0.0479   0.5979   0.2396   0.0141   0.0211   0.0921   0.0824   0.0623   0.2253   0.0186   0.2794   0.0693   0.0136    0.039   0.0711   0.5412   0.3136   0.0711   0.2148   0.2983   0.0482   0.0029   0.2929   0.0272   0.0102   0.1182   0.3659    0.016   0.1415   0.1141   0.1199      0.0    0.206   0.0028   0.1036   0.2589   0.2252   0.2585   0.5762   0.0639   0.0256   0.1123   0.2421   0.0104    0.007    0.174   0.0143   0.0331   0.1199   0.1868   0.0829    0.079   0.0376    0.087   0.0192    0.091   0.2465   0.5339   0.0256   0.1189   0.1954   0.0168   0.0061   0.0637   0.0208    0.055    0.075   0.3708    0.044    0.246   0.0744   0.0181   0.1335   0.2256   0.0795   0.1209   0.0882   0.0237   0.5324   0.0024    0.462   0.1616   0.7776   0.1711   0.3427   0.1305   0.0556   0.4638   0.0676   0.0012   0.1623   0.0228   0.0701   0.2612   0.1521    0.018   0.0165    0.127   0.0123   0.0068   0.3803   0.0987   0.2794    0.063   0.0352   0.2838   0.2841   0.0688   0.1613   0.0692   0.2657   0.4553   0.0141   0.0715   0.0381   0.3218      1.0   0.0217   0.0042   0.0218   0.5285   0.0361   0.0737   0.2918    0.207   0.1312   0.0248   0.0538   0.0325    0.106   0.2576
  snr   -13.63
    H     4.49
 exon    False

M: tbpse
 freq      0.0   0.0033   0.0066   0.0099   0.0132   0.0165   0.0198   0.0231   0.0264   0.0297    0.033   0.0363   0.0396   0.0429   0.0462   0.0495   0.0528   0.0561   0.0594   0.0627    0.066   0.0693   0.0726   0.0759   0.0792   0.0825   0.0858   0.0891   0.0924   0.0957    0.099   0.1023   0.1056   0.1089   0.1122   0.1155   0.1188   0.1221   0.1254   0.1287    0.132   0.1353   0.1386   0.1419   0.1452   0.1485   0.1518   0.1551   0.1584   0.1617    0.165   0.1683   0.1716   0.1749   0.1782   0.1815   0.1848   0.1881   0.1914   0.1947    0.198   0.2013   0.2046   0.2079   0.2112   0.2145   0.2178   0.2211   0.2244   0.2277    0.231   0.2343   0.2376   0.2409   0.2442   0.2475   0.2508   0.2541   0.2574   0.2607    0.264   0.2673   0.2706   0.2739   0.2772   0.2805   0.2838   0.2871   0.2904   0.2937    0.297   0.3003   0.3036   0.3069   0.3102   0.3135   0.3168   0.3201   0.3234   0.3267     0.33   0.3333   0.3366   0.3399   0.3432   0.3465   0.3498   0.3531   0.3564   0.3597    0.363   0.3663   0.3696   0.3729   0.3762   0.3795   0.3828   0.3861   0.3894   0.3927    0.396   0.3993   0.4026   0.4059   0.4092   0.4125   0.4158   0.4191   0.4224   0.4257    0.429   0.4323   0.4356   0.4389   0.4422   0.4455   0.4488   0.4521   0.4554   0.4587    0.462   0.4653   0.4686   0.4719   0.4752   0.4785   0.4818   0.4851   0.4884   0.4917    0.495   0.4983
    S      0.0   0.3982      1.0   0.8189   0.0843   0.4255    0.068   0.1693   0.1236   0.0645   0.2045   0.0539   0.0132   0.0588   0.0805   0.1817   0.1283   0.2122   0.0121   0.3146    0.238   0.2538   0.1929   0.1306    0.004    0.012   0.0942   0.1285   0.1975   0.0141   0.0257   0.0491   0.0701   0.1269   0.2055   0.1495   0.1594   0.2704   0.1117   0.5563   0.0474    0.015   0.2467   0.0049   0.0679    0.099   0.2937   0.0469   0.1446   0.0891   0.1219    0.036   0.1663   0.0582   0.0287   0.1642   0.2543   0.0216   0.1574   0.0412   0.0504   0.1378   0.0246   0.0296   0.0902   0.0748   0.0966   0.1159   0.1008   0.0495   0.1505    0.328    0.057   0.0064   0.0079   0.0493    0.309   0.4587    0.024   0.0627   0.0731   0.1302   0.0442   0.0142   0.0738    0.075   0.0309   0.0614    0.006   0.1583   0.0976    0.012   0.0895   0.2364   0.0096   0.0262   0.1056   0.0323   0.3905   0.0106   0.1547    0.266   0.0885   0.1754   0.2004    0.084   0.0373   0.4395   0.0707   0.0147   0.0395   0.0275   0.0349   0.1963   0.0293   0.1718   0.0067   0.0716   0.0497   0.0484   0.0681   0.0407   0.0917    0.017   0.0855   0.1537   0.2572   0.2166   0.1997    0.048   0.0576   0.7876   0.0438    0.023   0.0443   0.2796   0.6256   0.0898   0.0504   0.1126   0.0368   0.1263    0.097   0.1701   0.0033   0.0898   0.0321   0.0149   0.0288   0.0889   0.0191    0.048
  snr   -12.71
    H     4.53
 exon    False

M: snrse
 freq      0.0   0.0033   0.0066   0.0099   0.0132   0.0165   0.0198   0.0231   0.0264   0.0297    0.033   0.0363   0.0396   0.0429   0.0462   0.0495   0.0528   0.0561   0.0594   0.0627    0.066   0.0693   0.0726   0.0759   0.0792   0.0825   0.0858   0.0891   0.0924   0.0957    0.099   0.1023   0.1056   0.1089   0.1122   0.1155   0.1188   0.1221   0.1254   0.1287    0.132   0.1353   0.1386   0.1419   0.1452   0.1485   0.1518   0.1551   0.1584   0.1617    0.165   0.1683   0.1716   0.1749   0.1782   0.1815   0.1848   0.1881   0.1914   0.1947    0.198   0.2013   0.2046   0.2079   0.2112   0.2145   0.2178   0.2211   0.2244   0.2277    0.231   0.2343   0.2376   0.2409   0.2442   0.2475   0.2508   0.2541   0.2574   0.2607    0.264   0.2673   0.2706   0.2739   0.2772   0.2805   0.2838   0.2871   0.2904   0.2937    0.297   0.3003   0.3036   0.3069   0.3102   0.3135   0.3168   0.3201   0.3234   0.3267     0.33   0.3333   0.3366   0.3399   0.3432   0.3465   0.3498   0.3531   0.3564   0.3597    0.363   0.3663   0.3696   0.3729   0.3762   0.3795   0.3828   0.3861   0.3894   0.3927    0.396   0.3993   0.4026   0.4059   0.4092   0.4125   0.4158   0.4191   0.4224   0.4257    0.429   0.4323   0.4356   0.4389   0.4422   0.4455   0.4488   0.4521   0.4554   0.4587    0.462   0.4653   0.4686   0.4719   0.4752   0.4785   0.4818   0.4851   0.4884   0.4917    0.495   0.4983
    S      0.0   0.2193      1.0   0.6491   0.3745   0.4127   0.2576   0.0744   0.1281   0.2371   0.1468   0.1848   0.0206   0.0547   0.2418   0.2797    0.271   0.2989   0.0766   0.3186   0.2683   0.1073   0.1228   0.3082   0.0138   0.0009   0.1829   0.1326   0.1944   0.0163   0.0556   0.0616   0.0701   0.1983   0.3452    0.038   0.0688   0.2317   0.0405   0.4509   0.0079   0.0163   0.2441   0.0562    0.078   0.1079   0.2266   0.0673   0.0583    0.014   0.3125   0.0739   0.0977    0.085    0.131   0.1311   0.2152   0.0449   0.0826   0.0535     0.08   0.1477   0.0025    0.054   0.0877   0.0394   0.1623   0.0276   0.0893   0.0338   0.1118    0.388   0.1306   0.0178   0.0018   0.0312    0.154   0.1652    0.002   0.0378   0.0455   0.1788   0.0685   0.0248   0.0834   0.1386   0.0798    0.035   0.0284    0.157   0.0107    0.018   0.1034   0.0796    0.081   0.0394   0.0296   0.0345   0.2769   0.0123   0.4197   0.1761   0.0078   0.2904   0.2341   0.1077   0.0142   0.1899   0.0541   0.0087   0.0297   0.0342   0.0607   0.1925   0.0395   0.0964   0.0135    0.068   0.0437   0.2437   0.0934    0.034   0.0043   0.0051   0.1869   0.2217   0.1163   0.3694   0.1265   0.0056    0.005   0.9226    0.008   0.0044   0.0137   0.2757   0.4414   0.0751   0.1418   0.1341   0.0243   0.0942   0.0806   0.0932    0.016   0.0157   0.0075   0.0187   0.0129   0.0711    0.033   0.0464
  snr   -12.69
    H     4.51
 exon    False