>YPR010C-A
N: 219
Methods: voss, eiip, qpsk, mem, tbpse, snrse

M: voss
 freq      0.0   0.0046   0.0091   0.0137   0.0183   0.0228   0.0274    0.032   0.0365   0.0411   0.0457   0.0502   0.0548   0.0594   0.0639   0.0685   0.0731   0.0776   0.0822   0.0868   0.0913   0.0959   0.1005    0.105   0.1096   0.1142   0.1187   0.1233   0.1279   0.1324    0.137   0.1416   0.1461   0.1507   0.1553   0.1598   0.1644   0.1689   0.1735   0.1781   0.1826   0.1872   0.1918   0.1963   0.2009   0.2055     0.21   0.2146   0.2192   0.2237   0.2283   0.2329   0.2374    0.242   0.2466   0.2511   0.2557   0.2603   0.2648   0.2694    0.274   0.2785   0.2831   0.2877   0.2922   0.2968   0.3014   0.3059   0.3105   0.3151   0.3196   0.3242   0.3288   0.3333   0.3379   0.3425    0.347   0.3516   0.3562   0.3607   0.3653   0.3699   0.3744    0.379   0.3836   0.3881   0.3927   0.3973   0.4018   0.4064    0.411   0.4155   0.4201   0.4247   0.4292   0.4338   0.4384   0.4429   0.4475   0.4521   0.4566   0.4612   0.4658   0.4703   0.4749   0.4795    0.484   0.4886   0.4932   0.4977
    S      0.0   0.3352   0.5151   0.4103   0.3311   0.3119    0.349   0.2705   0.7016   0.3182   0.3896   0.6749   0.1247   0.5385   0.7275   0.2855   0.3332   0.2527    0.359   0.5166   0.5515   0.1208   0.3098   0.2001    0.634   0.3583   0.5856   0.5794   0.2394    0.063   0.1039   0.1051   0.5775    0.115   0.5269   0.7126   0.4926   0.3817   0.1276   0.5724   0.3097   0.5195   0.4017   0.2668   0.3967   0.3462   0.3183   0.4376   0.1205   0.4396   0.3549   0.6406   0.3238   0.1594   0.2107   0.1095   0.5164   0.6483   0.2582   0.1448   0.3712   0.3083      1.0    0.248   0.1376    0.264   0.2084   0.3471   0.1241   0.8939   0.5341   0.2459   0.1854   0.7065   0.1257   0.4959   0.3248   0.2091   0.3634   0.2375   0.4919   0.5566   0.2074   0.4326   0.8085    0.343   0.5192    0.376   0.1358   0.4649   0.1775   0.3535    0.334   0.2346   0.5033   0.3836   0.3477   0.6441   0.3354   0.2371   0.6421   0.1893   0.2388   0.0916   0.6194    0.445   0.3846   0.3428   0.2325    0.568
  snr   -16.02
    H     4.56
 exon    False

M: eiip
 freq      0.0   0.0046   0.0091   0.0137   0.0183   0.0228   0.0274    0.032   0.0365   0.0411   0.0457   0.0502   0.0548   0.0594   0.0639   0.0685   0.0731   0.0776   0.0822   0.0868   0.0913   0.0959   0.1005    0.105   0.1096   0.1142   0.1187   0.1233   0.1279   0.1324    0.137   0.1416   0.1461   0.1507   0.1553   0.1598   0.1644   0.1689   0.1735   0.1781   0.1826   0.1872   0.1918   0.1963   0.2009   0.2055     0.21   0.2146   0.2192   0.2237   0.2283   0.2329   0.2374    0.242   0.2466   0.2511   0.2557   0.2603   0.2648   0.2694    0.274   0.2785   0.2831   0.2877   0.2922   0.2968   0.3014   0.3059   0.3105   0.3151   0.3196   0.3242   0.3288   0.3333   0.3379   0.3425    0.347   0.3516   0.3562   0.3607   0.3653   0.3699   0.3744    0.379   0.3836   0.3881   0.3927   0.3973   0.4018   0.4064    0.411   0.4155   0.4201   0.4247   0.4292   0.4338   0.4384   0.4429   0.4475   0.4521   0.4566   0.4612   0.4658   0.4703   0.4749   0.4795    0.484   0.4886   0.4932   0.4977
    S      0.0   0.0422   0.0088   0.0542   0.3534   0.1059   0.0114    0.003   0.0254   0.3749   0.1711   0.3054   0.0577   0.3284   0.3709   0.1051   0.0463   0.0363   0.0053   0.0021   0.1595    0.049   0.1145   0.0832      1.0   0.1215   0.5603    0.001    0.046   0.0352   0.0691   0.0306   0.2784   0.0694   0.2463   0.2361   0.1003    0.283   0.0274   0.6503   0.1812   0.2462   0.4521   0.0477   0.0472   0.3091   0.0242   0.0927   0.0618   0.6549   0.0776   0.1639   0.0908   0.0762   0.1422   0.0912    0.074   0.0532   0.1781   0.0283   0.2271   0.2473   0.2183   0.0506   0.1378   0.3077   0.1097   0.1156   0.0791    0.739   0.1876   0.2305   0.0775   0.7139   0.0065   0.5341   0.2977    0.077    0.312   0.0675   0.0043   0.7679   0.2068   0.1582   0.6785   0.0612   0.1352   0.2802   0.0987   0.0175   0.1172   0.0676   0.3886   0.2146    0.023   0.2194   0.0733    0.191   0.0445   0.0314   0.1502   0.0315   0.0179   0.0624   0.1247   0.0454   0.1726   0.2304   0.0056   0.2592
  snr   -12.62
    H     4.22
 exon    False

M: qpsk
 freq      0.0   0.0046   0.0091   0.0137   0.0183   0.0228   0.0274    0.032   0.0365   0.0411   0.0457   0.0502   0.0548   0.0594   0.0639   0.0685   0.0731   0.0776   0.0822   0.0868   0.0913   0.0959   0.1005    0.105   0.1096   0.1142   0.1187   0.1233   0.1279   0.1324    0.137   0.1416   0.1461   0.1507   0.1553   0.1598   0.1644   0.1689   0.1735   0.1781   0.1826   0.1872   0.1918   0.1963   0.2009   0.2055     0.21   0.2146   0.2192   0.2237   0.2283   0.2329   0.2374    0.242   0.2466   0.2511   0.2557   0.2603   0.2648   0.2694    0.274   0.2785   0.2831   0.2877   0.2922   0.2968   0.3014   0.3059   0.3105   0.3151   0.3196   0.3242   0.3288   0.3333   0.3379   0.3425    0.347   0.3516   0.3562   0.3607   0.3653   0.3699   0.3744    0.379   0.3836   0.3881   0.3927   0.3973   0.4018   0.4064    0.411   0.4155   0.4201   0.4247   0.4292   0.4338   0.4384   0.4429   0.4475   0.4521   0.4566   0.4612   0.4658   0.4703   0.4749   0.4795    0.484   0.4886   0.4932   0.4977
    S      0.0   0.2983    0.331   0.1849   0.2228   0.1801   0.3175   0.2593   0.3842   0.1349    0.157   0.7941   0.1294   0.4092   0.7074   0.1054    0.408   0.2389   0.2723   0.6351   0.3588   0.1227   0.3856   0.1879   0.7113   0.3756   0.7343    0.221   0.1853    0.062   0.1073   0.0812   0.0512   0.0514   0.5601   0.6567   0.1318   0.3865   0.0886   0.5063   0.3331   0.2737   0.4976   0.3404   0.3706   0.3399   0.1701   0.3741   0.1493   0.4827   0.2064   0.4509   0.1303   0.1987   0.0387   0.0834   0.5786   0.3807   0.0576   0.1837   0.2779   0.0321   0.9787   0.2668   0.1547   0.3149   0.2267   0.3849   0.0718      1.0    0.577   0.2538   0.1894   0.5434   0.0577   0.4311   0.3312   0.2255   0.4039   0.2703   0.5032   0.4691   0.2418   0.4752   0.6264   0.2165   0.3919   0.4098    0.165    0.415   0.1034   0.4282   0.1329   0.1229   0.4986   0.1052   0.3352    0.479   0.3443   0.2413   0.7056   0.2251   0.1801   0.0232   0.6101   0.3472   0.1067   0.3659   0.1835   0.4237
  snr   -15.27
    H     4.49
 exon     True

M: mem
 freq      0.0   0.0046   0.0092   0.0138   0.0183   0.0229   0.0275   0.0321   0.0367   0.0413   0.0459   0.0505    0.055   0.0596   0.0642   0.0688   0.0734    0.078   0.0826   0.0872   0.0917   0.0963   0.1009   0.1055   0.1101   0.1147   0.1193   0.1239   0.1284    0.133   0.1376   0.1422   0.1468   0.1514    0.156   0.1606   0.1651   0.1697   0.1743   0.1789   0.1835   0.1881   0.1927   0.1972   0.2018   0.2064    0.211   0.2156   0.2202   0.2248   0.2294   0.2339   0.2385   0.2431   0.2477   0.2523   0.2569   0.2615   0.2661   0.2706   0.2752   0.2798   0.2844    0.289   0.2936   0.2982   0.3028   0.3073   0.3119   0.3165   0.3211   0.3257   0.3303   0.3349   0.3394    0.344   0.3486   0.3532   0.3578   0.3624    0.367   0.3716   0.3761   0.3807   0.3853   0.3899   0.3945   0.3991   0.4037   0.4083   0.4128   0.4174    0.422   0.4266   0.4312   0.4358   0.4404    0.445   0.4495   0.4541   0.4587   0.4633   0.4679   0.4725   0.4771   0.4817   0.4862   0.4908   0.4954
    S      0.0    0.074   0.0893     0.06   0.2157   0.0035   0.0055   0.0762   0.3916   0.0622   0.0647   0.4425   0.0964   0.2696   0.1007   0.0226   0.0925   0.1231   0.2659   0.1208   0.0674   0.0969   0.1998   0.0663   0.6178    0.198   0.6807   0.4145   0.0908   0.0291   0.0682   0.0187   0.0258   0.0596   0.7938   0.3737   0.0141   0.2155   0.1774   0.4048   0.0527   0.1586   0.2699   0.1061   0.1282   0.1941   0.4766   0.3957   0.2596   0.2016   0.1389   0.0147   0.0067   0.0939   0.0041   0.0207   0.3273   0.0799   0.0229   0.0122   0.2134   0.0975   0.4346    0.138   0.0926   0.3596   0.3496   0.1069   0.0825      1.0   0.2612   0.2781   0.0473   0.0173   0.1618   0.0728   0.1736   0.5502   0.0922   0.0956   0.0285   0.5269    0.198   0.0172   0.5133   0.1945   0.5169   0.0561   0.1217   0.1447    0.182    0.011   0.1366   0.0319   0.0544   0.1886   0.4384   0.1081   0.0108   0.1686   0.3831   0.0294   0.0276   0.0235   0.3919   0.0031   0.2047   0.2632   0.0518
  snr   -12.74
    H     4.24
 exon     True

M: tbpse
 freq      0.0   0.0046   0.0091   0.0137   0.0183   0.0228   0.0274    0.032   0.0365   0.0411   0.0457   0.0502   0.0548   0.0594   0.0639   0.0685   0.0731   0.0776   0.0822   0.0868   0.0913   0.0959   0.1005    0.105   0.1096   0.1142   0.1187   0.1233   0.1279   0.1324    0.137   0.1416   0.1461   0.1507   0.1553   0.1598   0.1644   0.1689   0.1735   0.1781   0.1826   0.1872   0.1918   0.1963   0.2009   0.2055     0.21   0.2146   0.2192   0.2237   0.2283   0.2329   0.2374    0.242   0.2466   0.2511   0.2557   0.2603   0.2648   0.2694    0.274   0.2785   0.2831   0.2877   0.2922   0.2968   0.3014   0.3059   0.3105   0.3151   0.3196   0.3242   0.3288   0.3333   0.3379   0.3425    0.347   0.3516   0.3562   0.3607   0.3653   0.3699   0.3744    0.379   0.3836   0.3881   0.3927   0.3973   0.4018   0.4064    0.411   0.4155   0.4201   0.4247   0.4292   0.4338   0.4384   0.4429   0.4475   0.4521   0.4566   0.4612   0.4658   0.4703   0.4749   0.4795    0.484   0.4886   0.4932   0.4977
    S      0.0    0.203   0.2245   0.1998   0.3379   0.2402   0.2014   0.1391   0.3178   0.4575   0.2746   0.3558   0.0577   0.3495   0.7068   0.2011   0.1967   0.0978   0.0989   0.3383   0.5898   0.0295   0.2142    0.116   0.8234   0.2126   0.3469     0.15   0.1162   0.0507   0.1093   0.0727   0.5796   0.0801   0.1835   0.1532   0.3124   0.2753   0.0897   0.6183   0.3589   0.4148   0.2486   0.1244   0.1595   0.3835   0.0368    0.022   0.0734   0.5058   0.3313    0.467   0.2296   0.1322   0.2095   0.1526   0.2792   0.2892   0.2964   0.0991   0.3449   0.3556   0.4404   0.1212   0.1272   0.1591   0.1291   0.0603   0.0963   0.5047   0.4536   0.1949   0.1605      1.0   0.0334   0.4454   0.3036   0.0989   0.1931   0.1919   0.2905    0.654   0.1911   0.2708   0.5243   0.2259   0.2526   0.2181   0.1402   0.2494   0.1866   0.2364   0.5449   0.2135   0.2474   0.3572   0.1713   0.1149   0.2428   0.1059   0.3011   0.0942   0.1218   0.1047   0.3404   0.2175   0.4038   0.1124   0.0963   0.4271
  snr   -14.31
    H     4.48
 exon     True

M: snrse
 freq      0.0   0.0046   0.0091   0.0137   0.0183   0.0228   0.0274    0.032   0.0365   0.0411   0.0457   0.0502   0.0548   0.0594   0.0639   0.0685   0.0731   0.0776   0.0822   0.0868   0.0913   0.0959   0.1005    0.105   0.1096   0.1142   0.1187   0.1233   0.1279   0.1324    0.137   0.1416   0.1461   0.1507   0.1553   0.1598   0.1644   0.1689   0.1735   0.1781   0.1826   0.1872   0.1918   0.1963   0.2009   0.2055     0.21   0.2146   0.2192   0.2237   0.2283   0.2329   0.2374    0.242   0.2466   0.2511   0.2557   0.2603   0.2648   0.2694    0.274   0.2785   0.2831   0.2877   0.2922   0.2968   0.3014   0.3059   0.3105   0.3151   0.3196   0.3242   0.3288   0.3333   0.3379   0.3425    0.347   0.3516   0.3562   0.3607   0.3653   0.3699   0.3744    0.379   0.3836   0.3881   0.3927   0.3973   0.4018   0.4064    0.411   0.4155   0.4201   0.4247   0.4292   0.4338   0.4384   0.4429   0.4475   0.4521   0.4566   0.4612   0.4658   0.4703   0.4749   0.4795    0.484   0.4886   0.4932   0.4977
    S      0.0   0.2771   0.4426   0.2887   0.0281   0.1305   0.2446   0.1247   0.1061   0.0101   0.2059   0.4213   0.1046   0.1979   0.4127   0.1393   0.0806   0.1424   0.0576   0.0647   0.0245   0.1076   0.2113   0.0035   0.2021   0.3247   0.3617   0.2287    0.049   0.0121   0.0683   0.0718   0.1101   0.0483   0.2786   0.5829   0.2736   0.0744    0.037   0.1785   0.1564   0.2978   0.0978   0.0209   0.3932   0.1926   0.1877   0.1722    0.009   0.1343   0.0057   0.4355   0.1347   0.0467    0.061   0.0092   0.1786    0.375   0.0629   0.0572    0.129   0.0537      1.0   0.0865   0.0825   0.0769   0.0346   0.0885   0.0614   0.5795   0.1471   0.0075   0.0412   0.1394   0.0371   0.0284   0.1757   0.1853   0.0237    0.036   0.4087   0.1277   0.0582   0.0802   0.3158   0.1485   0.0927   0.0094   0.0455   0.0421   0.0671   0.2127   0.0089   0.0517   0.3225   0.0814   0.3378   0.3581    0.256   0.0135   0.5074   0.0281   0.1484   0.0216   0.0485   0.2238   0.0855   0.1228   0.2168   0.1676
  snr   -12.14
    H     4.29
 exon    False