>YPR071W
N: 636
Methods: voss, eiip, qpsk, mem, tbpse, snrse

M: voss
 freq      0.0   0.0016   0.0031   0.0047   0.0063   0.0079   0.0094    0.011   0.0126   0.0142   0.0157   0.0173   0.0189   0.0204    0.022   0.0236   0.0252   0.0267   0.0283   0.0299   0.0314    0.033   0.0346   0.0362   0.0377   0.0393   0.0409   0.0425    0.044   0.0456   0.0472   0.0487   0.0503   0.0519   0.0535    0.055   0.0566   0.0582   0.0597   0.0613   0.0629   0.0645    0.066   0.0676   0.0692   0.0708   0.0723   0.0739   0.0755    0.077   0.0786   0.0802   0.0818   0.0833   0.0849   0.0865   0.0881   0.0896   0.0912   0.0928   0.0943   0.0959   0.0975   0.0991   0.1006   0.1022   0.1038   0.1053   0.1069   0.1085   0.1101   0.1116   0.1132   0.1148   0.1164   0.1179   0.1195   0.1211   0.1226   0.1242   0.1258   0.1274   0.1289   0.1305   0.1321   0.1336   0.1352   0.1368   0.1384   0.1399   0.1415   0.1431   0.1447   0.1462   0.1478   0.1494   0.1509   0.1525   0.1541   0.1557   0.1572   0.1588   0.1604   0.1619   0.1635   0.1651   0.1667   0.1682   0.1698   0.1714    0.173   0.1745   0.1761   0.1777   0.1792   0.1808   0.1824    0.184   0.1855   0.1871   0.1887   0.1903   0.1918   0.1934    0.195   0.1965   0.1981   0.1997   0.2013   0.2028   0.2044    0.206   0.2075   0.2091   0.2107   0.2123   0.2138   0.2154    0.217   0.2186   0.2201   0.2217   0.2233   0.2248   0.2264    0.228   0.2296   0.2311   0.2327   0.2343   0.2358   0.2374    0.239   0.2406   0.2421   0.2437   0.2453   0.2469   0.2484     0.25   0.2516   0.2531   0.2547   0.2563   0.2579   0.2594    0.261   0.2626   0.2642   0.2657   0.2673   0.2689   0.2704    0.272   0.2736   0.2752   0.2767   0.2783   0.2799   0.2814    0.283   0.2846   0.2862   0.2877   0.2893   0.2909   0.2925    0.294   0.2956   0.2972   0.2987   0.3003   0.3019   0.3035    0.305   0.3066   0.3082   0.3097   0.3113   0.3129   0.3145    0.316   0.3176   0.3192   0.3208   0.3223   0.3239   0.3255    0.327   0.3286   0.3302   0.3318   0.3333   0.3349   0.3365   0.3381   0.3396   0.3412   0.3428   0.3443   0.3459   0.3475   0.3491   0.3506   0.3522   0.3538   0.3553   0.3569   0.3585   0.3601   0.3616   0.3632   0.3648   0.3664   0.3679   0.3695   0.3711   0.3726   0.3742   0.3758   0.3774   0.3789   0.3805   0.3821   0.3836   0.3852   0.3868   0.3884   0.3899   0.3915   0.3931   0.3947   0.3962   0.3978   0.3994   0.4009   0.4025   0.4041   0.4057   0.4072   0.4088   0.4104   0.4119   0.4135   0.4151   0.4167   0.4182   0.4198   0.4214    0.423   0.4245   0.4261   0.4277   0.4292   0.4308   0.4324    0.434   0.4355   0.4371   0.4387   0.4403   0.4418   0.4434    0.445   0.4465   0.4481   0.4497   0.4513   0.4528   0.4544    0.456   0.4575   0.4591   0.4607   0.4623   0.4638   0.4654    0.467   0.4686   0.4701   0.4717   0.4733   0.4748   0.4764    0.478   0.4796   0.4811   0.4827   0.4843   0.4858   0.4874    0.489   0.4906   0.4921   0.4937   0.4953   0.4969   0.4984
    S      0.0   0.2754   0.6837   0.8297   0.5591   0.4047   0.1528   0.1045   0.5191   0.1738   0.5457   0.2837   0.1085   0.1449   0.2592   0.2777   0.1643   0.8035   0.2294   0.4916   0.1958   0.2037   0.3006   0.3998   0.6829   0.2546   0.2637    0.253   0.1402   0.2164   0.2522    0.613   0.0619   0.1462   0.3433   0.7498   0.2518   0.1664   0.3264   0.2771   0.1996   0.2666   0.2537   0.1039   0.1153   0.3349   0.2772   0.2619   0.5315   0.4545    0.293   0.4744   0.2181   0.3117   0.2594   0.2162   0.1084    0.066    0.066   0.0646   0.1804   0.1191   0.1347   0.1652   0.1662   0.2017   0.4068   0.9591   0.1196   0.1195   0.3135   0.1348   0.2137   0.5779   0.4153   0.1847   0.5934   0.3326    0.341   0.2878   0.2502   0.4801   0.2584   0.2323   0.2647   0.3468   0.2713   0.1718   0.2858   0.1595   0.0928   0.3588   0.0666   0.3187   0.1101   0.2442   0.2354   0.4231   0.2814   0.1689   0.2593   0.2491   0.5696    0.217   0.1133   0.1832   0.2375   0.3196    0.218   0.1109   0.0844   0.1284   0.5898   0.0398   0.0495   0.0186   0.2832   0.4944   0.1959    0.232   0.1807   0.1553   0.2189   0.1372    0.212   0.2527   0.2479   0.1031   0.3713   0.1916   0.3373    0.442   0.2025   0.1148   0.0333   0.3722   0.3672   0.1457    0.173   0.2497    0.323   0.3527   0.1352      1.0   0.3974   0.2851   0.1217   0.1892   0.3171   0.2133    0.253   0.2621   0.5092   0.1088   0.3996   0.0811   0.3569    0.282   0.2373   0.2859   0.2817   0.3769   0.2374   0.1853    0.184   0.1165   0.4663   0.1615   0.2692   0.7879   0.2034   0.6859   0.6683   0.2799   0.3068   0.6885     0.23   0.0871   0.7236   0.1305   0.4568   0.1384    0.177   0.4028    0.085   0.2014   0.1309   0.0952   0.4052   0.1723    0.152   0.1164   0.3212   0.2769    0.268   0.1384    0.041   0.6254   0.1896   0.0806   0.1237   0.2613   0.2116   0.7352   0.3328   0.1547   0.4951   0.2605   0.2012   0.2296    0.219   0.3585   0.4501   0.2973   0.3034   0.6875   0.1533   0.0984    0.422   0.2304   0.1567   0.4036    0.146   0.1875   0.1198   0.0918   0.4718   0.3472   0.2374   0.2639   0.3407    0.258   0.0969   0.2193   0.5377   0.2423   0.3575   0.7676   0.0763   0.1682   0.2904     0.17   0.1877    0.165   0.2429   0.5279   0.4817   0.1519   0.4525    0.155   0.3607      0.2   0.0453   0.3883   0.1494   0.1965   0.2774    0.417   0.0366   0.0861   0.3248   0.3757    0.194   0.7967   0.0919   0.2176    0.204   0.1645   0.2464   0.2181   0.5051   0.5359    0.121   0.1863   0.1743   0.0617   0.2931   0.4958   0.3001   0.3896   0.1811   0.2465   0.5927   0.1499   0.4045   0.2576   0.3891   0.1471   0.3276   0.1967   0.1298   0.0335   0.2019   0.1603   0.4627   0.1772   0.7016   0.3678   0.4916   0.4039   0.1492   0.1517   0.1402   0.0459   0.4181    0.265   0.2249   0.2106   0.0877   0.0595   0.1898   0.0664   0.3636   0.0306   0.2552   0.1445   0.3887   0.1043
  snr   -19.38
    H     5.58
 exon    False

M: eiip
 freq      0.0   0.0016   0.0031   0.0047   0.0063   0.0079   0.0094    0.011   0.0126   0.0142   0.0157   0.0173   0.0189   0.0204    0.022   0.0236   0.0252   0.0267   0.0283   0.0299   0.0314    0.033   0.0346   0.0362   0.0377   0.0393   0.0409   0.0425    0.044   0.0456   0.0472   0.0487   0.0503   0.0519   0.0535    0.055   0.0566   0.0582   0.0597   0.0613   0.0629   0.0645    0.066   0.0676   0.0692   0.0708   0.0723   0.0739   0.0755    0.077   0.0786   0.0802   0.0818   0.0833   0.0849   0.0865   0.0881   0.0896   0.0912   0.0928   0.0943   0.0959   0.0975   0.0991   0.1006   0.1022   0.1038   0.1053   0.1069   0.1085   0.1101   0.1116   0.1132   0.1148   0.1164   0.1179   0.1195   0.1211   0.1226   0.1242   0.1258   0.1274   0.1289   0.1305   0.1321   0.1336   0.1352   0.1368   0.1384   0.1399   0.1415   0.1431   0.1447   0.1462   0.1478   0.1494   0.1509   0.1525   0.1541   0.1557   0.1572   0.1588   0.1604   0.1619   0.1635   0.1651   0.1667   0.1682   0.1698   0.1714    0.173   0.1745   0.1761   0.1777   0.1792   0.1808   0.1824    0.184   0.1855   0.1871   0.1887   0.1903   0.1918   0.1934    0.195   0.1965   0.1981   0.1997   0.2013   0.2028   0.2044    0.206   0.2075   0.2091   0.2107   0.2123   0.2138   0.2154    0.217   0.2186   0.2201   0.2217   0.2233   0.2248   0.2264    0.228   0.2296   0.2311   0.2327   0.2343   0.2358   0.2374    0.239   0.2406   0.2421   0.2437   0.2453   0.2469   0.2484     0.25   0.2516   0.2531   0.2547   0.2563   0.2579   0.2594    0.261   0.2626   0.2642   0.2657   0.2673   0.2689   0.2704    0.272   0.2736   0.2752   0.2767   0.2783   0.2799   0.2814    0.283   0.2846   0.2862   0.2877   0.2893   0.2909   0.2925    0.294   0.2956   0.2972   0.2987   0.3003   0.3019   0.3035    0.305   0.3066   0.3082   0.3097   0.3113   0.3129   0.3145    0.316   0.3176   0.3192   0.3208   0.3223   0.3239   0.3255    0.327   0.3286   0.3302   0.3318   0.3333   0.3349   0.3365   0.3381   0.3396   0.3412   0.3428   0.3443   0.3459   0.3475   0.3491   0.3506   0.3522   0.3538   0.3553   0.3569   0.3585   0.3601   0.3616   0.3632   0.3648   0.3664   0.3679   0.3695   0.3711   0.3726   0.3742   0.3758   0.3774   0.3789   0.3805   0.3821   0.3836   0.3852   0.3868   0.3884   0.3899   0.3915   0.3931   0.3947   0.3962   0.3978   0.3994   0.4009   0.4025   0.4041   0.4057   0.4072   0.4088   0.4104   0.4119   0.4135   0.4151   0.4167   0.4182   0.4198   0.4214    0.423   0.4245   0.4261   0.4277   0.4292   0.4308   0.4324    0.434   0.4355   0.4371   0.4387   0.4403   0.4418   0.4434    0.445   0.4465   0.4481   0.4497   0.4513   0.4528   0.4544    0.456   0.4575   0.4591   0.4607   0.4623   0.4638   0.4654    0.467   0.4686   0.4701   0.4717   0.4733   0.4748   0.4764    0.478   0.4796   0.4811   0.4827   0.4843   0.4858   0.4874    0.489   0.4906   0.4921   0.4937   0.4953   0.4969   0.4984
    S      0.0   0.0142   0.1528      1.0   0.0324   0.4576   0.1123   0.0318   0.0027   0.0199   0.1679   0.3443   0.1365   0.1114   0.0247   0.0369   0.0094   0.0659   0.1205   0.0915   0.0494   0.0567   0.0129   0.0887   0.0253   0.0234   0.1233   0.1615   0.0024   0.0899    0.138   0.0646   0.0595   0.0749   0.1443   0.3253   0.0837   0.0814   0.3697   0.0442    0.216   0.0921    0.038   0.0076   0.0753   0.1017   0.1072   0.2667   0.1007   0.4403   0.1047   0.0168   0.1816   0.0944   0.2016   0.0411   0.0076   0.0051   0.0358   0.0531   0.0029   0.0031   0.0563   0.0201   0.0662   0.1364   0.1747   0.5303   0.0164   0.0913   0.0222   0.0474   0.0318   0.2818   0.0068   0.0043   0.7742   0.0277   0.4333   0.0343   0.1193   0.0667   0.1232   0.0805   0.0909   0.0712   0.0961   0.1499   0.1715   0.0003   0.0035   0.0628   0.0099   0.1895   0.0574   0.0912   0.0143   0.0978   0.0364   0.0808   0.0943   0.2792   0.1651   0.1108   0.0095   0.0669   0.0384   0.3084   0.1985    0.087   0.0494   0.0139    0.286   0.0085   0.0671   0.0209   0.1646   0.1603   0.1229   0.0011    0.068   0.0514    0.015   0.1761    0.009   0.0553   0.1216   0.0614   0.0953   0.0846   0.1519    0.021   0.0848   0.0011   0.0162   0.0481   0.0241   0.1258   0.0788   0.2025   0.0213    0.033    0.116   0.3679   0.1741   0.0382   0.1307   0.0703   0.0808   0.0404   0.0121   0.1099   0.4874     0.05   0.0481    0.064   0.1617   0.0624   0.2013   0.2808   0.0617   0.3262   0.0897   0.1403   0.0178   0.1275    0.292   0.0314   0.2751   0.1958   0.0416   0.0604   0.2495    0.041   0.3759   0.9099   0.1571   0.0037   0.2294   0.0085   0.3006    0.105   0.0345   0.0998   0.0464   0.0292    0.124    0.076   0.0083    0.197   0.0611   0.0218   0.2566   0.1747   0.0242   0.0633    0.006   0.0414   0.0706   0.0854   0.0192   0.0935   0.0016   0.0894   0.0096   0.1363   0.0156    0.045   0.0257   0.2614   0.0613   0.2313   0.1086   0.3073   0.0842   0.0828   0.1576   0.1124   0.0842   0.1169   0.1392   0.4999   0.1202   0.0076   0.0269   0.0393   0.0246   0.0734   0.2327   0.0925   0.1645   0.2993   0.0055   0.0676   0.5665   0.0945    0.185   0.0226   0.0797   0.0368   0.1133   0.0668   0.1384    0.068   0.0554   0.4256   0.0176   0.0694   0.2649   0.1353   0.0211   0.0285   0.0289   0.1501    0.072    0.079   0.0094   0.1257   0.0207   0.0619   0.0352   0.1369    0.006   0.0106   0.0494   0.0063   0.0449   0.0205   0.0368   0.2315   0.1027   0.2655   0.1441   0.1866   0.0297   0.0475   0.0453   0.0931    0.029   0.1831   0.0605   0.1975   0.5056   0.0187   0.0483   0.0876   0.2012   0.0568   0.0333   0.1089   0.0646   0.0006   0.0084   0.1528   0.2871   0.0025   0.3496    0.356   0.3718   0.1213   0.0154   0.0595   0.0338   0.0476   0.0296   0.0579   0.0488   0.0215   0.0843   0.0244   0.0065   0.0739   0.0532   0.0047    0.049   0.0181   0.2371   0.1206
  snr   -15.41
    H     5.27
 exon    False

M: qpsk
 freq      0.0   0.0016   0.0031   0.0047   0.0063   0.0079   0.0094    0.011   0.0126   0.0142   0.0157   0.0173   0.0189   0.0204    0.022   0.0236   0.0252   0.0267   0.0283   0.0299   0.0314    0.033   0.0346   0.0362   0.0377   0.0393   0.0409   0.0425    0.044   0.0456   0.0472   0.0487   0.0503   0.0519   0.0535    0.055   0.0566   0.0582   0.0597   0.0613   0.0629   0.0645    0.066   0.0676   0.0692   0.0708   0.0723   0.0739   0.0755    0.077   0.0786   0.0802   0.0818   0.0833   0.0849   0.0865   0.0881   0.0896   0.0912   0.0928   0.0943   0.0959   0.0975   0.0991   0.1006   0.1022   0.1038   0.1053   0.1069   0.1085   0.1101   0.1116   0.1132   0.1148   0.1164   0.1179   0.1195   0.1211   0.1226   0.1242   0.1258   0.1274   0.1289   0.1305   0.1321   0.1336   0.1352   0.1368   0.1384   0.1399   0.1415   0.1431   0.1447   0.1462   0.1478   0.1494   0.1509   0.1525   0.1541   0.1557   0.1572   0.1588   0.1604   0.1619   0.1635   0.1651   0.1667   0.1682   0.1698   0.1714    0.173   0.1745   0.1761   0.1777   0.1792   0.1808   0.1824    0.184   0.1855   0.1871   0.1887   0.1903   0.1918   0.1934    0.195   0.1965   0.1981   0.1997   0.2013   0.2028   0.2044    0.206   0.2075   0.2091   0.2107   0.2123   0.2138   0.2154    0.217   0.2186   0.2201   0.2217   0.2233   0.2248   0.2264    0.228   0.2296   0.2311   0.2327   0.2343   0.2358   0.2374    0.239   0.2406   0.2421   0.2437   0.2453   0.2469   0.2484     0.25   0.2516   0.2531   0.2547   0.2563   0.2579   0.2594    0.261   0.2626   0.2642   0.2657   0.2673   0.2689   0.2704    0.272   0.2736   0.2752   0.2767   0.2783   0.2799   0.2814    0.283   0.2846   0.2862   0.2877   0.2893   0.2909   0.2925    0.294   0.2956   0.2972   0.2987   0.3003   0.3019   0.3035    0.305   0.3066   0.3082   0.3097   0.3113   0.3129   0.3145    0.316   0.3176   0.3192   0.3208   0.3223   0.3239   0.3255    0.327   0.3286   0.3302   0.3318   0.3333   0.3349   0.3365   0.3381   0.3396   0.3412   0.3428   0.3443   0.3459   0.3475   0.3491   0.3506   0.3522   0.3538   0.3553   0.3569   0.3585   0.3601   0.3616   0.3632   0.3648   0.3664   0.3679   0.3695   0.3711   0.3726   0.3742   0.3758   0.3774   0.3789   0.3805   0.3821   0.3836   0.3852   0.3868   0.3884   0.3899   0.3915   0.3931   0.3947   0.3962   0.3978   0.3994   0.4009   0.4025   0.4041   0.4057   0.4072   0.4088   0.4104   0.4119   0.4135   0.4151   0.4167   0.4182   0.4198   0.4214    0.423   0.4245   0.4261   0.4277   0.4292   0.4308   0.4324    0.434   0.4355   0.4371   0.4387   0.4403   0.4418   0.4434    0.445   0.4465   0.4481   0.4497   0.4513   0.4528   0.4544    0.456   0.4575   0.4591   0.4607   0.4623   0.4638   0.4654    0.467   0.4686   0.4701   0.4717   0.4733   0.4748   0.4764    0.478   0.4796   0.4811   0.4827   0.4843   0.4858   0.4874    0.489   0.4906   0.4921   0.4937   0.4953   0.4969   0.4984
    S      0.0   0.1381   0.3705      1.0   0.3383   0.3636   0.1607   0.0837   0.3926   0.1549   0.2178   0.2248   0.1062   0.1735   0.2041   0.1613   0.1548   0.7448   0.2275   0.5969   0.1414    0.224   0.3266   0.3942   0.7974   0.0878   0.3204   0.2138   0.1302    0.268   0.1453   0.7221   0.0207   0.0738   0.3131   0.8686   0.2706   0.1462   0.3226   0.2194   0.2442   0.2746   0.1959   0.1276   0.0502   0.2164   0.2509   0.3198   0.4532   0.4917   0.3142   0.4495   0.1391   0.3533   0.3152   0.2457   0.0682   0.0364   0.0084   0.0116   0.0602   0.1288   0.1491   0.1701   0.0174   0.2289   0.4716   0.7795   0.0135   0.0915   0.1109   0.0478    0.189   0.6996   0.2269   0.2051   0.4804   0.1259   0.3645   0.2662   0.0041   0.3466   0.0264   0.2634   0.0435   0.4284   0.0682    0.168   0.2179   0.0938   0.0594   0.3403   0.0496   0.0496   0.0068    0.203   0.1942   0.2644   0.2291   0.1725   0.2431    0.185   0.5466   0.1185   0.0727   0.1686   0.2804   0.3936   0.1621   0.1328   0.0649   0.1513   0.3345   0.0469   0.0355   0.0125   0.3344   0.5749   0.1811   0.1143   0.1593    0.185   0.2237     0.13   0.1742   0.2088   0.2974   0.0602    0.022   0.0514   0.3786   0.4339   0.2244   0.1368   0.0262   0.1013   0.3976   0.1171   0.0924   0.1445    0.368   0.2865   0.1596    0.784   0.4786   0.1308   0.1324   0.1679   0.3829   0.2134   0.1938   0.0134   0.4479   0.0971   0.4768   0.0653   0.3968   0.2359   0.2135   0.2475   0.1098   0.3721   0.1577   0.2048   0.1913   0.0363   0.4664   0.1494   0.2704   0.4062   0.1148   0.7607   0.5949    0.154   0.2927     0.74   0.1884   0.0827   0.0291   0.1556   0.4309   0.0881   0.1515   0.3312   0.0935    0.203   0.1023   0.0897   0.3607    0.121   0.0318   0.1097   0.3048   0.3362    0.312   0.0397   0.0305   0.4962   0.0995   0.0965   0.0877   0.0389   0.1391   0.4646   0.1895   0.0567   0.5735   0.2104   0.1668   0.2396   0.2003   0.2629   0.4649   0.3373   0.2298   0.0692   0.1092   0.1184   0.3375   0.1668   0.1147   0.3214   0.0362   0.1462   0.1246   0.0192    0.312   0.2065   0.2423   0.2956   0.0283   0.2215   0.0896   0.2316   0.5287   0.1416   0.3881   0.4207   0.0937   0.1059   0.2256   0.0488   0.1756   0.1873   0.3005   0.5907   0.4737   0.1059   0.1874   0.1439   0.3997   0.0452   0.0288   0.3346   0.1566   0.1121   0.0511   0.1241   0.0392   0.0888   0.3339   0.1219   0.0888   0.8536    0.106   0.0845   0.0895   0.1575   0.2159   0.1132   0.5497   0.5176   0.1448   0.1578   0.0793   0.0454   0.1002   0.5047   0.0729    0.461   0.1709   0.1887   0.6216   0.1275   0.2689   0.1135   0.1467   0.0938   0.2233   0.1721   0.1444    0.014   0.1922   0.0967   0.0622   0.2038   0.7313   0.1738   0.4897   0.2521   0.1182   0.1631   0.1278   0.0482   0.3976   0.2253   0.2257   0.2446   0.0834    0.066   0.2246   0.0724   0.1919   0.0223   0.2857   0.1595   0.4336      0.1
  snr    -18.5
    H     5.48
 exon    False

M: mem
 freq      0.0   0.0016   0.0031   0.0047   0.0063   0.0079   0.0094    0.011   0.0126   0.0142   0.0157   0.0173   0.0189   0.0204    0.022   0.0236   0.0252   0.0267   0.0283   0.0299   0.0314    0.033   0.0346   0.0362   0.0377   0.0393   0.0409   0.0425    0.044   0.0456   0.0472   0.0487   0.0503   0.0519   0.0535    0.055   0.0566   0.0582   0.0597   0.0613   0.0629   0.0645    0.066   0.0676   0.0692   0.0708   0.0723   0.0739   0.0755    0.077   0.0786   0.0802   0.0818   0.0833   0.0849   0.0865   0.0881   0.0896   0.0912   0.0928   0.0943   0.0959   0.0975   0.0991   0.1006   0.1022   0.1038   0.1053   0.1069   0.1085   0.1101   0.1116   0.1132   0.1148   0.1164   0.1179   0.1195   0.1211   0.1226   0.1242   0.1258   0.1274   0.1289   0.1305   0.1321   0.1336   0.1352   0.1368   0.1384   0.1399   0.1415   0.1431   0.1447   0.1462   0.1478   0.1494   0.1509   0.1525   0.1541   0.1557   0.1572   0.1588   0.1604   0.1619   0.1635   0.1651   0.1667   0.1682   0.1698   0.1714    0.173   0.1745   0.1761   0.1777   0.1792   0.1808   0.1824    0.184   0.1855   0.1871   0.1887   0.1903   0.1918   0.1934    0.195   0.1965   0.1981   0.1997   0.2013   0.2028   0.2044    0.206   0.2075   0.2091   0.2107   0.2123   0.2138   0.2154    0.217   0.2186   0.2201   0.2217   0.2233   0.2248   0.2264    0.228   0.2296   0.2311   0.2327   0.2343   0.2358   0.2374    0.239   0.2406   0.2421   0.2437   0.2453   0.2469   0.2484     0.25   0.2516   0.2531   0.2547   0.2563   0.2579   0.2594    0.261   0.2626   0.2642   0.2657   0.2673   0.2689   0.2704    0.272   0.2736   0.2752   0.2767   0.2783   0.2799   0.2814    0.283   0.2846   0.2862   0.2877   0.2893   0.2909   0.2925    0.294   0.2956   0.2972   0.2987   0.3003   0.3019   0.3035    0.305   0.3066   0.3082   0.3097   0.3113   0.3129   0.3145    0.316   0.3176   0.3192   0.3208   0.3223   0.3239   0.3255    0.327   0.3286   0.3302   0.3318   0.3333   0.3349   0.3365   0.3381   0.3396   0.3412   0.3428   0.3443   0.3459   0.3475   0.3491   0.3506   0.3522   0.3538   0.3553   0.3569   0.3585   0.3601   0.3616   0.3632   0.3648   0.3664   0.3679   0.3695   0.3711   0.3726   0.3742   0.3758   0.3774   0.3789   0.3805   0.3821   0.3836   0.3852   0.3868   0.3884   0.3899   0.3915   0.3931   0.3947   0.3962   0.3978   0.3994   0.4009   0.4025   0.4041   0.4057   0.4072   0.4088   0.4104   0.4119   0.4135   0.4151   0.4167   0.4182   0.4198   0.4214    0.423   0.4245   0.4261   0.4277   0.4292   0.4308   0.4324    0.434   0.4355   0.4371   0.4387   0.4403   0.4418   0.4434    0.445   0.4465   0.4481   0.4497   0.4513   0.4528   0.4544    0.456   0.4575   0.4591   0.4607   0.4623   0.4638   0.4654    0.467   0.4686   0.4701   0.4717   0.4733   0.4748   0.4764    0.478   0.4796   0.4811   0.4827   0.4843   0.4858   0.4874    0.489   0.4906   0.4921   0.4937   0.4953   0.4969   0.4984
    S      0.0   0.1291   0.2768      1.0   0.3476   0.2747   0.0911   0.0251   0.0964   0.0844   0.0241   0.2192   0.0963   0.1099   0.1118    0.008    0.046   0.3771   0.1161   0.1459   0.1256   0.0907   0.0688    0.109   0.0076   0.0806   0.1356   0.0683   0.0362   0.1203   0.1492    0.077    0.019   0.0243   0.2578   0.6727    0.175   0.0282   0.3011   0.1108   0.2203   0.2136   0.0942   0.0197   0.0305   0.0012   0.0444   0.2614   0.3428   0.4534   0.1606   0.0099   0.0676   0.1154   0.2818   0.0114   0.0071   0.0236    0.004    0.009   0.0525   0.0055   0.0797   0.0107      0.0   0.1263   0.1059   0.7114   0.0112    0.068   0.0974   0.0152   0.1058    0.338   0.1644   0.0034   0.4017   0.0767   0.3236   0.1446   0.0009   0.3532   0.0012   0.0954   0.0024   0.0755   0.0014   0.1619   0.1579   0.0479   0.0458   0.2148   0.0092   0.0288   0.0047   0.1863   0.0007   0.2522   0.0749   0.0808   0.1932   0.1803   0.4422   0.1043   0.0011   0.1558    0.082   0.3964   0.0933   0.1234   0.0289   0.0155   0.0209   0.0144   0.0352   0.0098   0.2338   0.1554   0.0467   0.0458   0.0864   0.0958   0.0457   0.1035   0.0525   0.0252   0.0781   0.0085   0.0167   0.0046    0.201   0.1114   0.1938   0.0005   0.0087   0.0359   0.1071   0.0718   0.0083   0.1362   0.0956   0.1572   0.1081    0.597    0.301   0.0078    0.104   0.0589   0.1047   0.0248   0.0854   0.0002   0.4449   0.0984   0.1201    0.064   0.2963   0.2023   0.0894   0.2373   0.0363   0.1859   0.1107   0.2067   0.0725   0.0344   0.3477   0.0189   0.1792   0.3385   0.0327   0.1975   0.1655    0.083   0.2298   0.6908    0.071   0.0184   0.0117    0.006   0.1388   0.0377   0.0752   0.2648   0.0384   0.0794   0.0458   0.0626   0.0289   0.0971   0.0032   0.0476   0.2026   0.2626   0.0071   0.0044   0.0221   0.3337   0.0123   0.0895   0.0167   0.0165   0.0398   0.3207   0.0836   0.0414    0.079   0.1957    0.047   0.2014   0.1988   0.0643   0.2982   0.3008    0.161   0.0745   0.0919   0.1205   0.2953   0.0858   0.0635   0.2802   0.0179   0.0648   0.0311   0.0018    0.257   0.2031   0.1508   0.1263   0.0077   0.1869   0.0103   0.1824   0.5287   0.0119   0.3737   0.1297   0.0904   0.0142   0.1548   0.0484   0.1698     0.12   0.0916   0.3616   0.1349   0.0406   0.0485    0.143   0.0288   0.0098   0.0179   0.3034   0.1628   0.0176   0.0552   0.0186   0.0389   0.0861   0.1583   0.0127   0.0322   0.0496   0.0813   0.0762    0.058   0.0147   0.0351   0.0731   0.0429   0.1057   0.1395   0.1545   0.0139   0.0341   0.0231   0.1404   0.0588   0.2704   0.0342   0.0659   0.3309   0.0869    0.057   0.1173   0.0093   0.0371   0.1734   0.1579   0.0564   0.0064   0.0539   0.0542   0.0267   0.0113   0.7557   0.1017   0.3334   0.0076   0.0942   0.1377   0.0756   0.0293   0.1926   0.2261   0.0062   0.0761   0.0723   0.0475   0.0123   0.0651   0.1748   0.0126   0.0844   0.0096   0.4539   0.0721
  snr   -15.74
    H     5.27
 exon    False

M: tbpse
 freq      0.0   0.0016   0.0031   0.0047   0.0063   0.0079   0.0094    0.011   0.0126   0.0142   0.0157   0.0173   0.0189   0.0204    0.022   0.0236   0.0252   0.0267   0.0283   0.0299   0.0314    0.033   0.0346   0.0362   0.0377   0.0393   0.0409   0.0425    0.044   0.0456   0.0472   0.0487   0.0503   0.0519   0.0535    0.055   0.0566   0.0582   0.0597   0.0613   0.0629   0.0645    0.066   0.0676   0.0692   0.0708   0.0723   0.0739   0.0755    0.077   0.0786   0.0802   0.0818   0.0833   0.0849   0.0865   0.0881   0.0896   0.0912   0.0928   0.0943   0.0959   0.0975   0.0991   0.1006   0.1022   0.1038   0.1053   0.1069   0.1085   0.1101   0.1116   0.1132   0.1148   0.1164   0.1179   0.1195   0.1211   0.1226   0.1242   0.1258   0.1274   0.1289   0.1305   0.1321   0.1336   0.1352   0.1368   0.1384   0.1399   0.1415   0.1431   0.1447   0.1462   0.1478   0.1494   0.1509   0.1525   0.1541   0.1557   0.1572   0.1588   0.1604   0.1619   0.1635   0.1651   0.1667   0.1682   0.1698   0.1714    0.173   0.1745   0.1761   0.1777   0.1792   0.1808   0.1824    0.184   0.1855   0.1871   0.1887   0.1903   0.1918   0.1934    0.195   0.1965   0.1981   0.1997   0.2013   0.2028   0.2044    0.206   0.2075   0.2091   0.2107   0.2123   0.2138   0.2154    0.217   0.2186   0.2201   0.2217   0.2233   0.2248   0.2264    0.228   0.2296   0.2311   0.2327   0.2343   0.2358   0.2374    0.239   0.2406   0.2421   0.2437   0.2453   0.2469   0.2484     0.25   0.2516   0.2531   0.2547   0.2563   0.2579   0.2594    0.261   0.2626   0.2642   0.2657   0.2673   0.2689   0.2704    0.272   0.2736   0.2752   0.2767   0.2783   0.2799   0.2814    0.283   0.2846   0.2862   0.2877   0.2893   0.2909   0.2925    0.294   0.2956   0.2972   0.2987   0.3003   0.3019   0.3035    0.305   0.3066   0.3082   0.3097   0.3113   0.3129   0.3145    0.316   0.3176   0.3192   0.3208   0.3223   0.3239   0.3255    0.327   0.3286   0.3302   0.3318   0.3333   0.3349   0.3365   0.3381   0.3396   0.3412   0.3428   0.3443   0.3459   0.3475   0.3491   0.3506   0.3522   0.3538   0.3553   0.3569   0.3585   0.3601   0.3616   0.3632   0.3648   0.3664   0.3679   0.3695   0.3711   0.3726   0.3742   0.3758   0.3774   0.3789   0.3805   0.3821   0.3836   0.3852   0.3868   0.3884   0.3899   0.3915   0.3931   0.3947   0.3962   0.3978   0.3994   0.4009   0.4025   0.4041   0.4057   0.4072   0.4088   0.4104   0.4119   0.4135   0.4151   0.4167   0.4182   0.4198   0.4214    0.423   0.4245   0.4261   0.4277   0.4292   0.4308   0.4324    0.434   0.4355   0.4371   0.4387   0.4403   0.4418   0.4434    0.445   0.4465   0.4481   0.4497   0.4513   0.4528   0.4544    0.456   0.4575   0.4591   0.4607   0.4623   0.4638   0.4654    0.467   0.4686   0.4701   0.4717   0.4733   0.4748   0.4764    0.478   0.4796   0.4811   0.4827   0.4843   0.4858   0.4874    0.489   0.4906   0.4921   0.4937   0.4953   0.4969   0.4984
    S      0.0   0.2771   0.6309   0.4652   0.5849   0.0998    0.108   0.0868    0.507   0.1886   0.1471   0.1277   0.0339   0.0874   0.2271   0.1109   0.0619   0.9965   0.1158   0.3721   0.2104   0.2311   0.2501   0.3694   0.4508   0.1468   0.2425   0.1147   0.1116   0.2189   0.1579   0.3264   0.0077   0.0275   0.3234      1.0   0.1022   0.0323    0.178   0.1366   0.0949   0.2383   0.2713   0.0971   0.0462   0.1524   0.1636   0.1111   0.5673   0.2189   0.3017   0.2625   0.0425   0.1159   0.1513   0.0906   0.0523   0.0385   0.0126   0.0074    0.109    0.096   0.0662   0.0565   0.0569   0.1609   0.0648   0.5917   0.0701   0.0465   0.1924   0.0667    0.257   0.3304    0.287    0.121   0.0554   0.2871    0.126   0.1871   0.0592   0.5403   0.0711   0.1244   0.0894   0.1161   0.0865   0.1513    0.087   0.1291    0.087   0.2305   0.0451   0.0618    0.024   0.1536   0.0875   0.4274   0.0861   0.1652   0.1803    0.072    0.404   0.1197   0.0376   0.1402   0.2027   0.2897   0.1014   0.1296   0.0194   0.1061    0.178   0.0142    0.013   0.0065   0.1016   0.2621   0.0325   0.0998   0.1224   0.1552   0.0779   0.0113   0.2279   0.1568   0.0366   0.0204   0.1546   0.0459   0.3112   0.3663   0.2637   0.0661   0.0121   0.1932   0.3049   0.0386   0.0423   0.1092   0.3686   0.2029   0.0319   0.6159   0.4258   0.0857   0.0784   0.0421   0.2371   0.1568   0.2456   0.0791   0.3197   0.1048   0.3803   0.0617   0.2076   0.3108   0.0234   0.2036   0.1233    0.041   0.1272   0.1389    0.147   0.0087   0.4939   0.0641   0.0722   0.4744   0.1581   0.7244   0.1999   0.1794   0.0645   0.2402   0.1201   0.0703   0.2741   0.0526   0.1846   0.0559   0.1923    0.297   0.0182   0.1043   0.0039    0.021   0.1254   0.0155   0.0358   0.1032   0.2043   0.2357   0.1621   0.0367   0.0257   0.7673   0.0777   0.0524   0.0801   0.0988   0.1857   0.7261   0.1312   0.0193    0.433   0.2409   0.0689   0.0632   0.2407   0.0492   0.5391   0.1801   0.2938   0.3563   0.0775   0.0777   0.4008   0.0638   0.0619   0.1468   0.0133   0.0984   0.0406   0.0205   0.4724   0.2536   0.0766   0.2943   0.0853   0.1263   0.0742   0.2983   0.2698   0.1043   0.2944   0.7216   0.0429   0.0933   0.2491   0.0956   0.1617   0.0613   0.2502    0.453   0.4776   0.0513   0.0988   0.1279   0.2274   0.0787   0.0109   0.3009   0.1504   0.0982   0.1667   0.2193   0.0293   0.0591   0.4107   0.1676   0.0937   0.3279   0.0776   0.2007   0.1051   0.0649   0.1977   0.0064   0.3115   0.1337   0.0681   0.1001   0.1095   0.0155   0.1629    0.457   0.1869   0.2958   0.1276   0.0442   0.2561   0.1481   0.1639    0.179   0.1085   0.0687   0.3713   0.1642   0.0562   0.0167   0.1378    0.038   0.1063   0.1362   0.8078   0.0523   0.3589   0.1685   0.1543   0.1544   0.0845   0.0031   0.5346   0.2888   0.1082   0.2545   0.0689   0.0406   0.0659   0.0538   0.3396   0.0268   0.2345    0.096   0.3818   0.0125
  snr   -17.41
    H      5.4
 exon    False

M: snrse
 freq      0.0   0.0016   0.0031   0.0047   0.0063   0.0079   0.0094    0.011   0.0126   0.0142   0.0157   0.0173   0.0189   0.0204    0.022   0.0236   0.0252   0.0267   0.0283   0.0299   0.0314    0.033   0.0346   0.0362   0.0377   0.0393   0.0409   0.0425    0.044   0.0456   0.0472   0.0487   0.0503   0.0519   0.0535    0.055   0.0566   0.0582   0.0597   0.0613   0.0629   0.0645    0.066   0.0676   0.0692   0.0708   0.0723   0.0739   0.0755    0.077   0.0786   0.0802   0.0818   0.0833   0.0849   0.0865   0.0881   0.0896   0.0912   0.0928   0.0943   0.0959   0.0975   0.0991   0.1006   0.1022   0.1038   0.1053   0.1069   0.1085   0.1101   0.1116   0.1132   0.1148   0.1164   0.1179   0.1195   0.1211   0.1226   0.1242   0.1258   0.1274   0.1289   0.1305   0.1321   0.1336   0.1352   0.1368   0.1384   0.1399   0.1415   0.1431   0.1447   0.1462   0.1478   0.1494   0.1509   0.1525   0.1541   0.1557   0.1572   0.1588   0.1604   0.1619   0.1635   0.1651   0.1667   0.1682   0.1698   0.1714    0.173   0.1745   0.1761   0.1777   0.1792   0.1808   0.1824    0.184   0.1855   0.1871   0.1887   0.1903   0.1918   0.1934    0.195   0.1965   0.1981   0.1997   0.2013   0.2028   0.2044    0.206   0.2075   0.2091   0.2107   0.2123   0.2138   0.2154    0.217   0.2186   0.2201   0.2217   0.2233   0.2248   0.2264    0.228   0.2296   0.2311   0.2327   0.2343   0.2358   0.2374    0.239   0.2406   0.2421   0.2437   0.2453   0.2469   0.2484     0.25   0.2516   0.2531   0.2547   0.2563   0.2579   0.2594    0.261   0.2626   0.2642   0.2657   0.2673   0.2689   0.2704    0.272   0.2736   0.2752   0.2767   0.2783   0.2799   0.2814    0.283   0.2846   0.2862   0.2877   0.2893   0.2909   0.2925    0.294   0.2956   0.2972   0.2987   0.3003   0.3019   0.3035    0.305   0.3066   0.3082   0.3097   0.3113   0.3129   0.3145    0.316   0.3176   0.3192   0.3208   0.3223   0.3239   0.3255    0.327   0.3286   0.3302   0.3318   0.3333   0.3349   0.3365   0.3381   0.3396   0.3412   0.3428   0.3443   0.3459   0.3475   0.3491   0.3506   0.3522   0.3538   0.3553   0.3569   0.3585   0.3601   0.3616   0.3632   0.3648   0.3664   0.3679   0.3695   0.3711   0.3726   0.3742   0.3758   0.3774   0.3789   0.3805   0.3821   0.3836   0.3852   0.3868   0.3884   0.3899   0.3915   0.3931   0.3947   0.3962   0.3978   0.3994   0.4009   0.4025   0.4041   0.4057   0.4072   0.4088   0.4104   0.4119   0.4135   0.4151   0.4167   0.4182   0.4198   0.4214    0.423   0.4245   0.4261   0.4277   0.4292   0.4308   0.4324    0.434   0.4355   0.4371   0.4387   0.4403   0.4418   0.4434    0.445   0.4465   0.4481   0.4497   0.4513   0.4528   0.4544    0.456   0.4575   0.4591   0.4607   0.4623   0.4638   0.4654    0.467   0.4686   0.4701   0.4717   0.4733   0.4748   0.4764    0.478   0.4796   0.4811   0.4827   0.4843   0.4858   0.4874    0.489   0.4906   0.4921   0.4937   0.4953   0.4969   0.4984
    S      0.0   0.0677   0.1672      1.0    0.205   0.3246   0.0798   0.0154   0.0255   0.0502   0.0325   0.2262   0.1089    0.111   0.0754   0.0144   0.0465   0.1735   0.1117   0.1133   0.0815   0.0492   0.0441   0.0718   0.0171    0.052   0.1023   0.0867   0.0219   0.0866   0.1273   0.1076    0.028   0.0423   0.2035   0.4475   0.1752   0.0591   0.3064   0.0943   0.2275   0.1719   0.0442   0.0082   0.0299   0.0318   0.0334   0.2771   0.2153   0.4645   0.1167   0.0053   0.1069   0.1307   0.2726   0.0373   0.0027   0.0178   0.0092   0.0169   0.0304   0.0021   0.0831   0.0258   0.0094   0.1063   0.1848   0.6281   0.0027   0.0769   0.0581   0.0108    0.053   0.3476   0.1071   0.0015   0.5227   0.0283   0.3533   0.1176    0.016   0.2219   0.0223   0.1045   0.0079    0.112   0.0175   0.1388   0.1725   0.0239   0.0264   0.1813   0.0035   0.0603   0.0107   0.1615   0.0026   0.1598   0.0802   0.0559   0.1693   0.2031   0.3698    0.089   0.0013   0.1307   0.0562   0.3501    0.096   0.0962   0.0408    0.007   0.1111   0.0169   0.0408   0.0109   0.2471   0.1833   0.0888   0.0322   0.0679   0.0694   0.0518   0.1336   0.0176   0.0339   0.1285   0.0267   0.0125   0.0107   0.1481   0.0586   0.1327   0.0012   0.0095   0.0209   0.0733   0.0934   0.0263   0.1444   0.0354   0.1322   0.1255   0.5415   0.2221   0.0098   0.1014   0.0758   0.0945   0.0228   0.0459   0.0146   0.4272   0.0755   0.0743   0.0562   0.2798   0.1357     0.14   0.2153   0.0225   0.2689   0.1062   0.1866   0.0521    0.054   0.2572    0.033   0.2122   0.2793   0.0202   0.0805   0.2457   0.0506   0.2777    0.759   0.0724   0.0086   0.0183   0.0151   0.1812   0.0445   0.0383   0.2168   0.0493   0.0719   0.0791   0.0736   0.0416   0.1309   0.0123   0.0289    0.183   0.2292   0.0171   0.0091   0.0181   0.1646   0.0113   0.0861   0.0067   0.0248   0.0126   0.1876   0.0682   0.0667    0.031   0.1413   0.0544   0.2314    0.142   0.1394   0.1818   0.2988   0.1127   0.0232   0.0938   0.1115   0.2121   0.0971   0.0686   0.3063   0.0441   0.0518   0.0418   0.0052   0.1521   0.1493   0.1817   0.0749   0.0333   0.1893    0.007   0.1134    0.532    0.024   0.3195   0.0271   0.0896   0.0198   0.1069    0.039   0.1409   0.1245   0.0549   0.3014   0.0681   0.0434   0.1155   0.1234   0.0356   0.0049   0.0228    0.254   0.1292   0.0207   0.0229   0.0223   0.0336   0.0794   0.0784   0.0348   0.0213   0.0831   0.0704   0.0336   0.0415   0.0268   0.0123   0.1214   0.0536   0.2033     0.14   0.1553   0.0041   0.0391   0.0161   0.0958   0.0308   0.2447   0.0204    0.111   0.3809    0.058   0.0652   0.0862   0.0635   0.0445   0.0941   0.1265   0.0612    0.004   0.0371   0.0726   0.0713   0.0018   0.5686   0.1589    0.314    0.046   0.0595   0.1064   0.0635     0.04   0.0849   0.1562   0.0296   0.0321   0.0647   0.0428   0.0272   0.0588   0.1066   0.0087   0.0607   0.0133   0.3737   0.0924
  snr   -15.26
    H     5.28
 exon    False