>YPR187W
N: 468
Methods: voss, eiip, qpsk, mem, tbpse, snrse

M: voss
 freq      0.0   0.0021   0.0043   0.0064   0.0085   0.0107   0.0128    0.015   0.0171   0.0192   0.0214   0.0235   0.0256   0.0278   0.0299   0.0321   0.0342   0.0363   0.0385   0.0406   0.0427   0.0449    0.047   0.0491   0.0513   0.0534   0.0556   0.0577   0.0598    0.062   0.0641   0.0662   0.0684   0.0705   0.0726   0.0748   0.0769   0.0791   0.0812   0.0833   0.0855   0.0876   0.0897   0.0919    0.094   0.0962   0.0983   0.1004   0.1026   0.1047   0.1068    0.109   0.1111   0.1132   0.1154   0.1175   0.1197   0.1218   0.1239   0.1261   0.1282   0.1303   0.1325   0.1346   0.1368   0.1389    0.141   0.1432   0.1453   0.1474   0.1496   0.1517   0.1538    0.156   0.1581   0.1603   0.1624   0.1645   0.1667   0.1688   0.1709   0.1731   0.1752   0.1774   0.1795   0.1816   0.1838   0.1859    0.188   0.1902   0.1923   0.1944   0.1966   0.1987   0.2009    0.203   0.2051   0.2073   0.2094   0.2115   0.2137   0.2158   0.2179   0.2201   0.2222   0.2244   0.2265   0.2286   0.2308   0.2329    0.235   0.2372   0.2393   0.2415   0.2436   0.2457   0.2479     0.25   0.2521   0.2543   0.2564   0.2585   0.2607   0.2628    0.265   0.2671   0.2692   0.2714   0.2735   0.2756   0.2778   0.2799   0.2821   0.2842   0.2863   0.2885   0.2906   0.2927   0.2949    0.297   0.2991   0.3013   0.3034   0.3056   0.3077   0.3098    0.312   0.3141   0.3162   0.3184   0.3205   0.3226   0.3248   0.3269   0.3291   0.3312   0.3333   0.3355   0.3376   0.3397   0.3419    0.344   0.3462   0.3483   0.3504   0.3526   0.3547   0.3568    0.359   0.3611   0.3632   0.3654   0.3675   0.3697   0.3718   0.3739   0.3761   0.3782   0.3803   0.3825   0.3846   0.3868   0.3889    0.391   0.3932   0.3953   0.3974   0.3996   0.4017   0.4038    0.406   0.4081   0.4103   0.4124   0.4145   0.4167   0.4188   0.4209   0.4231   0.4252   0.4274   0.4295   0.4316   0.4338   0.4359    0.438   0.4402   0.4423   0.4444   0.4466   0.4487   0.4509    0.453   0.4551   0.4573   0.4594   0.4615   0.4637   0.4658   0.4679   0.4701   0.4722   0.4744   0.4765   0.4786   0.4808   0.4829    0.485   0.4872   0.4893   0.4915   0.4936   0.4957   0.4979
    S      0.0   0.5805   0.0588   0.1325   0.1194   0.2079   0.1074   0.1399    0.161   0.1397    0.029   0.1137   0.0281   0.4117   0.0786   0.1667   0.0772    0.061   0.1563   0.2481   0.1068   0.2816   0.1559   0.1641   0.3615   0.1581   0.1806   0.1553   0.1465    0.207   0.2511   0.2303   0.3522   0.0517   0.1969   0.2217   0.1345   0.1214   0.1896   0.3437   0.1848   0.2303   0.0877   0.2498   0.1189    0.024   0.1897   0.3744   0.0618   0.0358   0.2375   0.2286   0.0773   0.3834   0.1916   0.2018   0.3294   0.2095   0.1517   0.0609    0.155   0.1878   0.3302   0.0219    0.261   0.0567   0.0854   0.4655   0.4563   0.0917   0.2074   0.0482   0.1451   0.1678   0.0715   0.1395   0.0611   0.0641   0.2765   0.0584   0.2746   0.1311   0.3351   0.0611   0.0236   0.0679   0.1378   0.1064   0.0256   0.1893   0.0801   0.4023   0.1179   0.1487   0.1057   0.3096   0.0825   0.2346   0.2054   0.0725   0.1165   0.1691   0.2707   0.1384   0.1147   0.1718   0.0201   0.1137   0.1524   0.0506   0.2057   0.1768   0.1425   0.1162   0.1854   0.0785   0.0315   0.1084   0.3881   0.0694   0.0507   0.2634   0.0795   0.0634   0.3712   0.1003   0.1829   0.2275   0.4159   0.0245   0.0931    0.217   0.3689   0.2419   0.0728   0.0236    0.201   0.1128   0.0865   0.1144   0.0693   0.1047    0.134   0.1162   0.1323     0.19   0.1107   0.1957   0.3421   0.0908   0.1478   0.2043   0.1755   0.1308    0.105   0.3674      1.0   0.4222    0.177   0.1591   0.1703   0.2236   0.1572   0.0846   0.1876   0.2227   0.0732   0.2073   0.1578   0.1209   0.0879   0.1143   0.1501   0.0643   0.0865   0.1964   0.0946   0.1198   0.1045   0.1347   0.1934   0.1121   0.1515   0.0784   0.2299   0.2003   0.1024   0.1221   0.1189   0.1177   0.3291   0.1646   0.0821   0.2067   0.1214   0.1399   0.1726   0.0597   0.0633   0.0401   0.2446   0.1762   0.1983    0.038    0.162   0.0592     0.11   0.0853   0.0443   0.2427   0.0424     0.08   0.0406   0.0278    0.204   0.0559   0.1125   0.1311   0.0788   0.0224   0.0607   0.0261   0.1427    0.192   0.0672   0.2964   0.0535   0.1647   0.1455   0.1003   0.0749   0.1253   0.2341   0.1483
  snr   -15.58
    H     5.24
 exon     True

M: eiip
 freq      0.0   0.0021   0.0043   0.0064   0.0085   0.0107   0.0128    0.015   0.0171   0.0192   0.0214   0.0235   0.0256   0.0278   0.0299   0.0321   0.0342   0.0363   0.0385   0.0406   0.0427   0.0449    0.047   0.0491   0.0513   0.0534   0.0556   0.0577   0.0598    0.062   0.0641   0.0662   0.0684   0.0705   0.0726   0.0748   0.0769   0.0791   0.0812   0.0833   0.0855   0.0876   0.0897   0.0919    0.094   0.0962   0.0983   0.1004   0.1026   0.1047   0.1068    0.109   0.1111   0.1132   0.1154   0.1175   0.1197   0.1218   0.1239   0.1261   0.1282   0.1303   0.1325   0.1346   0.1368   0.1389    0.141   0.1432   0.1453   0.1474   0.1496   0.1517   0.1538    0.156   0.1581   0.1603   0.1624   0.1645   0.1667   0.1688   0.1709   0.1731   0.1752   0.1774   0.1795   0.1816   0.1838   0.1859    0.188   0.1902   0.1923   0.1944   0.1966   0.1987   0.2009    0.203   0.2051   0.2073   0.2094   0.2115   0.2137   0.2158   0.2179   0.2201   0.2222   0.2244   0.2265   0.2286   0.2308   0.2329    0.235   0.2372   0.2393   0.2415   0.2436   0.2457   0.2479     0.25   0.2521   0.2543   0.2564   0.2585   0.2607   0.2628    0.265   0.2671   0.2692   0.2714   0.2735   0.2756   0.2778   0.2799   0.2821   0.2842   0.2863   0.2885   0.2906   0.2927   0.2949    0.297   0.2991   0.3013   0.3034   0.3056   0.3077   0.3098    0.312   0.3141   0.3162   0.3184   0.3205   0.3226   0.3248   0.3269   0.3291   0.3312   0.3333   0.3355   0.3376   0.3397   0.3419    0.344   0.3462   0.3483   0.3504   0.3526   0.3547   0.3568    0.359   0.3611   0.3632   0.3654   0.3675   0.3697   0.3718   0.3739   0.3761   0.3782   0.3803   0.3825   0.3846   0.3868   0.3889    0.391   0.3932   0.3953   0.3974   0.3996   0.4017   0.4038    0.406   0.4081   0.4103   0.4124   0.4145   0.4167   0.4188   0.4209   0.4231   0.4252   0.4274   0.4295   0.4316   0.4338   0.4359    0.438   0.4402   0.4423   0.4444   0.4466   0.4487   0.4509    0.453   0.4551   0.4573   0.4594   0.4615   0.4637   0.4658   0.4679   0.4701   0.4722   0.4744   0.4765   0.4786   0.4808   0.4829    0.485   0.4872   0.4893   0.4915   0.4936   0.4957   0.4979
    S      0.0   0.1266   0.0081   0.0427   0.0119   0.0422   0.0502   0.0136   0.1262   0.1117      0.0   0.0562   0.0212    0.152   0.0261   0.0477   0.0352   0.0213    0.177   0.0785   0.0194   0.1197   0.0842   0.1598   0.1662   0.0074   0.0723   0.1214   0.0163   0.0454    0.111   0.1145   0.2875   0.0128   0.1442   0.0925   0.0587   0.0986   0.1542    0.044   0.0181    0.049   0.0228   0.0047   0.1254   0.0145    0.048   0.1193   0.0091   0.0141   0.0923   0.1711   0.0177   0.1244   0.1712   0.2132   0.0129   0.1151   0.0959   0.0028   0.0001   0.1759    0.009   0.0003   0.0444   0.0619   0.0368    0.266   0.0361   0.0883   0.0057   0.0152   0.0905   0.0951   0.0019   0.0385   0.0449   0.0221   0.1131   0.0272   0.0811   0.0709   0.0112   0.0286   0.0038   0.0385   0.1081   0.0241   0.0026   0.1871   0.0054   0.1817   0.0037   0.1095   0.0476   0.1007   0.0191   0.0201   0.1787   0.0238     0.05   0.0825   0.1309   0.1363   0.0867   0.0213   0.0128   0.0598   0.0359   0.0448   0.0378   0.0458   0.1596   0.0416   0.0011   0.0197   0.0157   0.0389   0.0102   0.0401   0.0114   0.1118   0.0932   0.0526   0.1135   0.0452   0.0297   0.0673   0.0702   0.0026   0.0608   0.0812   0.2878   0.1884   0.0276   0.0057   0.1246   0.0108   0.0324   0.0227   0.0043   0.0385   0.1608   0.0271   0.0422   0.0133   0.0228   0.1405   0.1872   0.0307   0.0408   0.1722   0.0646   0.0089   0.1131    0.158      1.0   0.0066   0.0355    0.116   0.0247   0.2069   0.0444   0.0388   0.0386   0.0439    0.018   0.1105   0.0475   0.0383    0.005   0.0728   0.0262   0.0295   0.0507   0.0014   0.0585   0.0673   0.0578   0.0653   0.1409   0.0139    0.068   0.0306   0.1436   0.1413   0.0003   0.0645   0.0717   0.0599   0.3249   0.0017   0.0084   0.0777    0.045     0.09   0.0395   0.0073   0.0254   0.0236   0.1705    0.008   0.1356   0.0154   0.1334    0.064   0.0885   0.0072   0.0285   0.0479   0.0093   0.0008   0.0275   0.0001   0.0456   0.0142    0.103   0.0479   0.0224   0.0075   0.0084   0.0173   0.0586   0.0033   0.0706   0.3684   0.0156   0.1425   0.0946   0.0424   0.0266   0.0392   0.2373   0.0217
  snr   -11.87
    H     4.95
 exon     True

M: qpsk
 freq      0.0   0.0021   0.0043   0.0064   0.0085   0.0107   0.0128    0.015   0.0171   0.0192   0.0214   0.0235   0.0256   0.0278   0.0299   0.0321   0.0342   0.0363   0.0385   0.0406   0.0427   0.0449    0.047   0.0491   0.0513   0.0534   0.0556   0.0577   0.0598    0.062   0.0641   0.0662   0.0684   0.0705   0.0726   0.0748   0.0769   0.0791   0.0812   0.0833   0.0855   0.0876   0.0897   0.0919    0.094   0.0962   0.0983   0.1004   0.1026   0.1047   0.1068    0.109   0.1111   0.1132   0.1154   0.1175   0.1197   0.1218   0.1239   0.1261   0.1282   0.1303   0.1325   0.1346   0.1368   0.1389    0.141   0.1432   0.1453   0.1474   0.1496   0.1517   0.1538    0.156   0.1581   0.1603   0.1624   0.1645   0.1667   0.1688   0.1709   0.1731   0.1752   0.1774   0.1795   0.1816   0.1838   0.1859    0.188   0.1902   0.1923   0.1944   0.1966   0.1987   0.2009    0.203   0.2051   0.2073   0.2094   0.2115   0.2137   0.2158   0.2179   0.2201   0.2222   0.2244   0.2265   0.2286   0.2308   0.2329    0.235   0.2372   0.2393   0.2415   0.2436   0.2457   0.2479     0.25   0.2521   0.2543   0.2564   0.2585   0.2607   0.2628    0.265   0.2671   0.2692   0.2714   0.2735   0.2756   0.2778   0.2799   0.2821   0.2842   0.2863   0.2885   0.2906   0.2927   0.2949    0.297   0.2991   0.3013   0.3034   0.3056   0.3077   0.3098    0.312   0.3141   0.3162   0.3184   0.3205   0.3226   0.3248   0.3269   0.3291   0.3312   0.3333   0.3355   0.3376   0.3397   0.3419    0.344   0.3462   0.3483   0.3504   0.3526   0.3547   0.3568    0.359   0.3611   0.3632   0.3654   0.3675   0.3697   0.3718   0.3739   0.3761   0.3782   0.3803   0.3825   0.3846   0.3868   0.3889    0.391   0.3932   0.3953   0.3974   0.3996   0.4017   0.4038    0.406   0.4081   0.4103   0.4124   0.4145   0.4167   0.4188   0.4209   0.4231   0.4252   0.4274   0.4295   0.4316   0.4338   0.4359    0.438   0.4402   0.4423   0.4444   0.4466   0.4487   0.4509    0.453   0.4551   0.4573   0.4594   0.4615   0.4637   0.4658   0.4679   0.4701   0.4722   0.4744   0.4765   0.4786   0.4808   0.4829    0.485   0.4872   0.4893   0.4915   0.4936   0.4957   0.4979
    S      0.0   0.0798   0.0458   0.0985   0.1108   0.1391   0.1381   0.1547   0.1921   0.1115   0.0427   0.0142   0.0095   0.5018    0.115   0.0269   0.0704   0.0523   0.2241   0.3307   0.0731   0.0589   0.2347   0.1217   0.4331    0.097   0.1619   0.2037   0.1145   0.2145   0.3545   0.2708    0.516   0.0151   0.1862   0.3333    0.185   0.1661   0.2421   0.3732   0.0623   0.1486   0.0677   0.3606   0.0683   0.0257   0.2806   0.4556   0.0598   0.0431   0.1888    0.069   0.0734   0.4812   0.2783   0.2112   0.2847   0.2886   0.1978   0.0818   0.1687   0.2007   0.3948   0.0106   0.2943   0.0552    0.098   0.6015   0.2842   0.0767   0.2625   0.0533   0.1124   0.1045   0.1038   0.0233   0.0493   0.0744   0.3832   0.0743   0.1028   0.1485   0.3807   0.0527   0.0288   0.0974   0.0437   0.0657   0.0288   0.1609   0.0949   0.4714   0.1018   0.1425   0.1422   0.0641   0.1008    0.054   0.0871   0.0789   0.0924   0.2102   0.2633   0.1202   0.1477   0.0795   0.0268    0.083   0.2264   0.0286   0.0916   0.1772   0.1838   0.0971   0.1632   0.0372   0.0414    0.135   0.2839    0.083   0.0122    0.276   0.0983   0.0746   0.2234   0.1368   0.2286   0.0831   0.5581   0.0203   0.1307   0.2944   0.5444   0.2463   0.0653   0.0263   0.2403   0.1544     0.03    0.093   0.1029   0.1296   0.0974   0.1322   0.1987   0.2129   0.0964   0.1184   0.4366    0.135   0.1157   0.3064   0.2447   0.1435   0.1524   0.4203      1.0    0.378    0.068   0.1475   0.2412   0.1889   0.2289   0.0922   0.1337   0.0718   0.0581   0.1212   0.2162   0.0518   0.0392   0.1001   0.2256   0.0353   0.1081   0.2964   0.0867   0.1159   0.1075   0.1766   0.1608   0.0957   0.2046   0.0603   0.2115   0.2645   0.1325   0.0689   0.0564   0.1762   0.3223   0.2373   0.0291    0.311   0.1724   0.0898   0.2248   0.0538   0.0599   0.0549   0.2526   0.1128   0.2816   0.0539   0.0707   0.0855   0.1385   0.0727   0.0537   0.2359   0.0542   0.0465   0.0337   0.0274   0.1481   0.0704   0.1655   0.0605    0.074   0.0231    0.079   0.0211   0.1732    0.118   0.0626   0.3583   0.0427   0.2117   0.2084   0.1305   0.0805   0.1498   0.3496   0.1032
  snr   -15.56
    H     5.17
 exon     True

M: mem
 freq      0.0   0.0021   0.0043   0.0064   0.0085   0.0107   0.0128    0.015   0.0171   0.0192   0.0214   0.0235   0.0256   0.0278   0.0299   0.0321   0.0342   0.0363   0.0385   0.0406   0.0427   0.0449    0.047   0.0491   0.0513   0.0534   0.0556   0.0577   0.0598    0.062   0.0641   0.0662   0.0684   0.0705   0.0726   0.0748   0.0769   0.0791   0.0812   0.0833   0.0855   0.0876   0.0897   0.0919    0.094   0.0962   0.0983   0.1004   0.1026   0.1047   0.1068    0.109   0.1111   0.1132   0.1154   0.1175   0.1197   0.1218   0.1239   0.1261   0.1282   0.1303   0.1325   0.1346   0.1368   0.1389    0.141   0.1432   0.1453   0.1474   0.1496   0.1517   0.1538    0.156   0.1581   0.1603   0.1624   0.1645   0.1667   0.1688   0.1709   0.1731   0.1752   0.1774   0.1795   0.1816   0.1838   0.1859    0.188   0.1902   0.1923   0.1944   0.1966   0.1987   0.2009    0.203   0.2051   0.2073   0.2094   0.2115   0.2137   0.2158   0.2179   0.2201   0.2222   0.2244   0.2265   0.2286   0.2308   0.2329    0.235   0.2372   0.2393   0.2415   0.2436   0.2457   0.2479     0.25   0.2521   0.2543   0.2564   0.2585   0.2607   0.2628    0.265   0.2671   0.2692   0.2714   0.2735   0.2756   0.2778   0.2799   0.2821   0.2842   0.2863   0.2885   0.2906   0.2927   0.2949    0.297   0.2991   0.3013   0.3034   0.3056   0.3077   0.3098    0.312   0.3141   0.3162   0.3184   0.3205   0.3226   0.3248   0.3269   0.3291   0.3312   0.3333   0.3355   0.3376   0.3397   0.3419    0.344   0.3462   0.3483   0.3504   0.3526   0.3547   0.3568    0.359   0.3611   0.3632   0.3654   0.3675   0.3697   0.3718   0.3739   0.3761   0.3782   0.3803   0.3825   0.3846   0.3868   0.3889    0.391   0.3932   0.3953   0.3974   0.3996   0.4017   0.4038    0.406   0.4081   0.4103   0.4124   0.4145   0.4167   0.4188   0.4209   0.4231   0.4252   0.4274   0.4295   0.4316   0.4338   0.4359    0.438   0.4402   0.4423   0.4444   0.4466   0.4487   0.4509    0.453   0.4551   0.4573   0.4594   0.4615   0.4637   0.4658   0.4679   0.4701   0.4722   0.4744   0.4765   0.4786   0.4808   0.4829    0.485   0.4872   0.4893   0.4915   0.4936   0.4957   0.4979
    S      0.0   0.0397    0.038    0.015   0.0233   0.1284   0.1188   0.0036   0.2116   0.1125    0.017   0.0338    0.008   0.5874    0.106   0.0203   0.0697   0.0135   0.1916   0.3709   0.0136   0.0246   0.0695   0.1911   0.5093   0.0242   0.0841   0.1228   0.0997   0.2003   0.3892   0.2498   0.7109   0.0113   0.2374   0.1099   0.2178   0.1898   0.3433   0.2187   0.0084    0.013   0.0412   0.1857   0.0664   0.0138   0.0017   0.4783    0.032   0.0019   0.2161   0.1507    0.048   0.2457   0.2718   0.3202   0.0868   0.2893   0.1781   0.0319   0.1076    0.128    0.163   0.0072   0.1615   0.0882   0.0732   0.3811   0.0343   0.0703   0.1374   0.0096   0.0983   0.0144   0.0578   0.0223   0.0445   0.0031   0.0519   0.0346   0.0784    0.046   0.1505   0.0196   0.0046    0.039   0.0731    0.049    0.001   0.1489   0.0754   0.0044   0.0777   0.0464   0.1704   0.0827   0.0478   0.0111   0.1119   0.0721   0.1135   0.1878   0.0035   0.1536   0.1924   0.0288   0.0144    0.116   0.0648   0.0557    0.073   0.0561   0.1735   0.0867   0.0312   0.0303   0.0256   0.1414   0.1992    0.039    0.012   0.1613   0.1314    0.031   0.1638   0.0039   0.0705   0.0207      0.2   0.0072   0.1654   0.0576   0.6481   0.0778   0.0754   0.0114   0.2509   0.1318   0.0004   0.0247   0.0342   0.0791   0.1157   0.0175   0.0029   0.0789   0.0084    0.021    0.133   0.0673   0.0285   0.4031   0.2663   0.0385   0.1084   0.1768      1.0    0.178   0.0354   0.0263   0.0105    0.147   0.2302   0.0111   0.0129    0.012   0.0188    0.014   0.0758     0.02   0.0104   0.0456   0.0702   0.0084    0.118   0.1233   0.0279   0.0269   0.0478    0.213   0.2071   0.0269   0.2345   0.0682   0.0551   0.0469   0.0631   0.0678   0.0581   0.2157    0.145   0.1216   0.0131   0.0054   0.0035   0.0323   0.2181   0.0164   0.0466   0.0087   0.0431    0.086   0.0606   0.0388   0.0847    0.073   0.1948   0.0662   0.0431   0.0326   0.0432   0.0072   0.0417   0.0155   0.0565   0.0362   0.1669   0.0021   0.0224   0.0129   0.0486   0.0306   0.0868   0.0605   0.0731   0.2936   0.0437   0.1268   0.1858   0.0492   0.0954   0.1607   0.3417   0.0203
  snr   -13.67
    H     4.92
 exon     True

M: tbpse
 freq      0.0   0.0021   0.0043   0.0064   0.0085   0.0107   0.0128    0.015   0.0171   0.0192   0.0214   0.0235   0.0256   0.0278   0.0299   0.0321   0.0342   0.0363   0.0385   0.0406   0.0427   0.0449    0.047   0.0491   0.0513   0.0534   0.0556   0.0577   0.0598    0.062   0.0641   0.0662   0.0684   0.0705   0.0726   0.0748   0.0769   0.0791   0.0812   0.0833   0.0855   0.0876   0.0897   0.0919    0.094   0.0962   0.0983   0.1004   0.1026   0.1047   0.1068    0.109   0.1111   0.1132   0.1154   0.1175   0.1197   0.1218   0.1239   0.1261   0.1282   0.1303   0.1325   0.1346   0.1368   0.1389    0.141   0.1432   0.1453   0.1474   0.1496   0.1517   0.1538    0.156   0.1581   0.1603   0.1624   0.1645   0.1667   0.1688   0.1709   0.1731   0.1752   0.1774   0.1795   0.1816   0.1838   0.1859    0.188   0.1902   0.1923   0.1944   0.1966   0.1987   0.2009    0.203   0.2051   0.2073   0.2094   0.2115   0.2137   0.2158   0.2179   0.2201   0.2222   0.2244   0.2265   0.2286   0.2308   0.2329    0.235   0.2372   0.2393   0.2415   0.2436   0.2457   0.2479     0.25   0.2521   0.2543   0.2564   0.2585   0.2607   0.2628    0.265   0.2671   0.2692   0.2714   0.2735   0.2756   0.2778   0.2799   0.2821   0.2842   0.2863   0.2885   0.2906   0.2927   0.2949    0.297   0.2991   0.3013   0.3034   0.3056   0.3077   0.3098    0.312   0.3141   0.3162   0.3184   0.3205   0.3226   0.3248   0.3269   0.3291   0.3312   0.3333   0.3355   0.3376   0.3397   0.3419    0.344   0.3462   0.3483   0.3504   0.3526   0.3547   0.3568    0.359   0.3611   0.3632   0.3654   0.3675   0.3697   0.3718   0.3739   0.3761   0.3782   0.3803   0.3825   0.3846   0.3868   0.3889    0.391   0.3932   0.3953   0.3974   0.3996   0.4017   0.4038    0.406   0.4081   0.4103   0.4124   0.4145   0.4167   0.4188   0.4209   0.4231   0.4252   0.4274   0.4295   0.4316   0.4338   0.4359    0.438   0.4402   0.4423   0.4444   0.4466   0.4487   0.4509    0.453   0.4551   0.4573   0.4594   0.4615   0.4637   0.4658   0.4679   0.4701   0.4722   0.4744   0.4765   0.4786   0.4808   0.4829    0.485   0.4872   0.4893   0.4915   0.4936   0.4957   0.4979
    S      0.0   0.2908   0.0291   0.0677   0.0464   0.0853   0.0659   0.0324   0.1005   0.1218   0.0024   0.0619   0.0221   0.2276   0.0295   0.0848   0.0317   0.0259   0.1713   0.1036   0.0505   0.1732   0.0977   0.1348   0.1441   0.0584   0.1171   0.1264   0.0628   0.1141   0.1349   0.1604   0.2532   0.0209   0.1493   0.1115   0.0639    0.105    0.131    0.084   0.0705   0.1058   0.0384   0.0224   0.1196   0.0133   0.0693    0.215   0.0058   0.0192   0.1193   0.1572   0.0427   0.2037   0.1651   0.1823   0.0903   0.1394   0.1183   0.0012   0.0391   0.1763   0.0742   0.0089   0.1156   0.0477   0.0589    0.287    0.159   0.0878   0.0448   0.0254   0.0768   0.1201   0.0066   0.0732   0.0388   0.0316   0.1523   0.0268   0.1103   0.0921   0.0797   0.0325   0.0091   0.0484   0.1061   0.0329   0.0069   0.1878   0.0214   0.2334   0.0351   0.1154   0.0373   0.1591   0.0362   0.0814   0.1691   0.0359    0.041   0.1034   0.1712   0.1192   0.0703   0.0773    0.015   0.0489   0.0431   0.0348   0.0975    0.095   0.1525   0.0619   0.0397     0.04    0.023   0.0602   0.1306   0.0383   0.0246   0.1754   0.0821   0.0558   0.1772   0.0555   0.0349   0.1141   0.1138   0.0089   0.0633   0.0991   0.3074   0.2059   0.0303   0.0127   0.1254   0.0224   0.0507   0.0542   0.0055   0.0609   0.1434   0.0424   0.0586   0.0563   0.0479   0.1597   0.1947   0.0378   0.0801   0.1558   0.0436   0.0156   0.1139   0.1934      1.0   0.1241   0.0803   0.1305   0.0456   0.1942   0.0534   0.0534   0.0866    0.112   0.0391   0.1432   0.0684   0.0486   0.0306   0.0802   0.0349   0.0383   0.0648   0.0072   0.0617   0.0768   0.0704   0.0842    0.151   0.0225   0.0732   0.0232   0.1704     0.16   0.0178   0.0576   0.0872   0.0589   0.3284   0.0155   0.0285   0.1018   0.0597   0.1087   0.0635   0.0198   0.0302   0.0268   0.1908   0.0771   0.1475   0.0194   0.1388   0.0625   0.0694   0.0382    0.036    0.102   0.0049   0.0201   0.0203   0.0074    0.085   0.0237   0.1072   0.0777   0.0262   0.0061   0.0151   0.0128   0.0829   0.0616   0.0655   0.3439   0.0302   0.1563   0.1067   0.0421   0.0348   0.0727   0.2317   0.0635
  snr   -12.94
    H     5.12
 exon     True

M: snrse
 freq      0.0   0.0021   0.0043   0.0064   0.0085   0.0107   0.0128    0.015   0.0171   0.0192   0.0214   0.0235   0.0256   0.0278   0.0299   0.0321   0.0342   0.0363   0.0385   0.0406   0.0427   0.0449    0.047   0.0491   0.0513   0.0534   0.0556   0.0577   0.0598    0.062   0.0641   0.0662   0.0684   0.0705   0.0726   0.0748   0.0769   0.0791   0.0812   0.0833   0.0855   0.0876   0.0897   0.0919    0.094   0.0962   0.0983   0.1004   0.1026   0.1047   0.1068    0.109   0.1111   0.1132   0.1154   0.1175   0.1197   0.1218   0.1239   0.1261   0.1282   0.1303   0.1325   0.1346   0.1368   0.1389    0.141   0.1432   0.1453   0.1474   0.1496   0.1517   0.1538    0.156   0.1581   0.1603   0.1624   0.1645   0.1667   0.1688   0.1709   0.1731   0.1752   0.1774   0.1795   0.1816   0.1838   0.1859    0.188   0.1902   0.1923   0.1944   0.1966   0.1987   0.2009    0.203   0.2051   0.2073   0.2094   0.2115   0.2137   0.2158   0.2179   0.2201   0.2222   0.2244   0.2265   0.2286   0.2308   0.2329    0.235   0.2372   0.2393   0.2415   0.2436   0.2457   0.2479     0.25   0.2521   0.2543   0.2564   0.2585   0.2607   0.2628    0.265   0.2671   0.2692   0.2714   0.2735   0.2756   0.2778   0.2799   0.2821   0.2842   0.2863   0.2885   0.2906   0.2927   0.2949    0.297   0.2991   0.3013   0.3034   0.3056   0.3077   0.3098    0.312   0.3141   0.3162   0.3184   0.3205   0.3226   0.3248   0.3269   0.3291   0.3312   0.3333   0.3355   0.3376   0.3397   0.3419    0.344   0.3462   0.3483   0.3504   0.3526   0.3547   0.3568    0.359   0.3611   0.3632   0.3654   0.3675   0.3697   0.3718   0.3739   0.3761   0.3782   0.3803   0.3825   0.3846   0.3868   0.3889    0.391   0.3932   0.3953   0.3974   0.3996   0.4017   0.4038    0.406   0.4081   0.4103   0.4124   0.4145   0.4167   0.4188   0.4209   0.4231   0.4252   0.4274   0.4295   0.4316   0.4338   0.4359    0.438   0.4402   0.4423   0.4444   0.4466   0.4487   0.4509    0.453   0.4551   0.4573   0.4594   0.4615   0.4637   0.4658   0.4679   0.4701   0.4722   0.4744   0.4765   0.4786   0.4808   0.4829    0.485   0.4872   0.4893   0.4915   0.4936   0.4957   0.4979
    S      0.0   0.1136   0.0095    0.063   0.0261   0.0328    0.053   0.0343   0.0983   0.1101    0.003   0.0379   0.0205   0.1139   0.0208   0.0381   0.0246   0.0263   0.1875    0.046   0.0312   0.1178   0.1218   0.1257   0.0886   0.0198   0.0904   0.1419   0.0138   0.0474   0.0873   0.1151    0.204   0.0075   0.1219   0.1367   0.0382   0.0906   0.1071   0.0503   0.0209   0.0714    0.021   0.0151   0.1245    0.015   0.1074   0.1065    0.002   0.0246   0.0686   0.1228   0.0237   0.1661   0.1671   0.1682   0.0438   0.1056   0.1013   0.0029   0.0087   0.1928   0.0503   0.0005   0.0673    0.046   0.0434   0.2868   0.0753     0.09   0.0239   0.0261   0.0735   0.1214   0.0038   0.0323   0.0385   0.0373   0.1944   0.0323   0.0558   0.0994   0.0389   0.0338   0.0086   0.0524   0.0896    0.014   0.0076   0.1906    0.004   0.2998   0.0028    0.134   0.0223   0.0748   0.0307   0.0089    0.158    0.023   0.0224   0.0839   0.2027   0.1155   0.0605   0.0268   0.0161   0.0308   0.0599   0.0296   0.0318   0.0738   0.1634   0.0356   0.0147   0.0197   0.0198   0.0343   0.0194   0.0446   0.0089   0.1377   0.0813   0.0639   0.0938   0.0778   0.0447   0.0676   0.1311   0.0055   0.0456   0.1327   0.2521   0.2336   0.0166   0.0089    0.109   0.0041   0.0386   0.0401   0.0106   0.0474   0.1527   0.0509    0.086   0.0319   0.0448   0.1693   0.2477   0.0418    0.063   0.1312   0.0247   0.0139   0.1276   0.2096      1.0   0.0441   0.0308    0.152   0.0715   0.2067   0.0269   0.0602   0.0693   0.0589   0.0273   0.1411   0.0775   0.0306   0.0045   0.0854   0.0484   0.0348   0.0472   0.0145    0.068   0.0845   0.0685   0.0505     0.12   0.0145    0.047    0.012   0.1885   0.2016   0.0103   0.0463   0.0675   0.0375   0.3811   0.0108   0.0039   0.1491   0.0857   0.1073   0.0262   0.0145   0.0246   0.0355     0.23   0.0114   0.1916   0.0175   0.1256   0.0679   0.0577   0.0074   0.0313   0.0984   0.0028   0.0016   0.0179   0.0016   0.0614   0.0185    0.102   0.0627   0.0265   0.0059   0.0109   0.0098   0.0799   0.0082   0.0662   0.3917   0.0143   0.1681   0.0975   0.0535   0.0161   0.0346   0.2372   0.0429
  snr   -12.23
    H     4.99
 exon     True