>YPR203W
N: 309
Methods: voss, eiip, qpsk, mem, alg1, alg2

M: voss
 freq      0.0   0.0032   0.0065   0.0097   0.0129   0.0162   0.0194   0.0227   0.0259   0.0291   0.0324   0.0356   0.0388   0.0421   0.0453   0.0485   0.0518    0.055   0.0583   0.0615   0.0647    0.068   0.0712   0.0744   0.0777   0.0809   0.0841   0.0874   0.0906   0.0939   0.0971   0.1003   0.1036   0.1068     0.11   0.1133   0.1165   0.1197    0.123   0.1262   0.1294   0.1327   0.1359   0.1392   0.1424   0.1456   0.1489   0.1521   0.1553   0.1586   0.1618    0.165   0.1683   0.1715   0.1748    0.178   0.1812   0.1845   0.1877   0.1909   0.1942   0.1974   0.2006   0.2039   0.2071   0.2104   0.2136   0.2168   0.2201   0.2233   0.2265   0.2298    0.233   0.2362   0.2395   0.2427    0.246   0.2492   0.2524   0.2557   0.2589   0.2621   0.2654   0.2686   0.2718   0.2751   0.2783   0.2816   0.2848    0.288   0.2913   0.2945   0.2977    0.301   0.3042   0.3074   0.3107   0.3139   0.3172   0.3204   0.3236   0.3269   0.3301   0.3333   0.3366   0.3398    0.343   0.3463   0.3495   0.3528    0.356   0.3592   0.3625   0.3657   0.3689   0.3722   0.3754   0.3786   0.3819   0.3851   0.3883   0.3916   0.3948   0.3981   0.4013   0.4045   0.4078    0.411   0.4142   0.4175   0.4207   0.4239   0.4272   0.4304   0.4337   0.4369   0.4401   0.4434   0.4466   0.4498   0.4531   0.4563   0.4595   0.4628    0.466   0.4693   0.4725   0.4757    0.479   0.4822   0.4854   0.4887   0.4919   0.4951   0.4984
    S      0.0   0.2577   0.4525   0.9793   0.1096   0.1927   0.6257   0.2823   0.2648   0.0923   0.6758   0.4985   0.5531   0.2571   0.3196   0.2617   0.5871   0.1914   0.3099   0.6535   0.4267   0.4071   0.7185    0.124   0.4067   0.6491   0.6109   0.1841   0.4848   0.5452   0.6146   0.2797   0.3016   0.3813   0.4226   0.1757   0.0573   0.4304   0.1369   0.2981   0.4726   0.1504   0.1892   0.1418   0.2059   0.3826   0.2523   0.2087   0.0874   0.3002   0.0913   0.4083   0.1921   0.5482   0.4128   0.3092   0.1761   0.4335   0.3172   0.2344   0.5858   0.3036   0.7512   0.1326   0.1219   0.3986   0.5241   0.3354   0.6204   0.0478   0.1364      1.0   0.3076    0.488   0.3267   0.5284   0.2103   0.5826   0.1059   0.1551   0.1367   0.1668   0.2775   0.2122   0.2291   0.2884   0.4068   0.0734   0.3231   0.2265   0.2162   0.2392   0.1272   0.7445    0.207   0.1784   0.1784   0.3696   0.2671   0.6061   0.3834   0.5843   0.0801   0.1809     0.45   0.2333   0.0729   0.2161   0.3398   0.5885    0.218   0.3917   0.5235   0.3218   0.2922   0.1083   0.2871   0.3714   0.2959   0.2695   0.4902   0.3645   0.2003   0.1622   0.4731   0.2049   0.5557   0.1229    0.247   0.0703   0.1653   0.3024   0.3099   0.3811   0.1312   0.4458     0.65   0.2678   0.1531   0.6127   0.3061   0.5138    0.458   0.9999    0.298   0.1887   0.3357   0.1114    0.532   0.2817   0.4001   0.2536   0.6441     0.43   0.4694
  snr   -17.13
    H     4.88
 exon    False

M: eiip
 freq      0.0   0.0032   0.0065   0.0097   0.0129   0.0162   0.0194   0.0227   0.0259   0.0291   0.0324   0.0356   0.0388   0.0421   0.0453   0.0485   0.0518    0.055   0.0583   0.0615   0.0647    0.068   0.0712   0.0744   0.0777   0.0809   0.0841   0.0874   0.0906   0.0939   0.0971   0.1003   0.1036   0.1068     0.11   0.1133   0.1165   0.1197    0.123   0.1262   0.1294   0.1327   0.1359   0.1392   0.1424   0.1456   0.1489   0.1521   0.1553   0.1586   0.1618    0.165   0.1683   0.1715   0.1748    0.178   0.1812   0.1845   0.1877   0.1909   0.1942   0.1974   0.2006   0.2039   0.2071   0.2104   0.2136   0.2168   0.2201   0.2233   0.2265   0.2298    0.233   0.2362   0.2395   0.2427    0.246   0.2492   0.2524   0.2557   0.2589   0.2621   0.2654   0.2686   0.2718   0.2751   0.2783   0.2816   0.2848    0.288   0.2913   0.2945   0.2977    0.301   0.3042   0.3074   0.3107   0.3139   0.3172   0.3204   0.3236   0.3269   0.3301   0.3333   0.3366   0.3398    0.343   0.3463   0.3495   0.3528    0.356   0.3592   0.3625   0.3657   0.3689   0.3722   0.3754   0.3786   0.3819   0.3851   0.3883   0.3916   0.3948   0.3981   0.4013   0.4045   0.4078    0.411   0.4142   0.4175   0.4207   0.4239   0.4272   0.4304   0.4337   0.4369   0.4401   0.4434   0.4466   0.4498   0.4531   0.4563   0.4595   0.4628    0.466   0.4693   0.4725   0.4757    0.479   0.4822   0.4854   0.4887   0.4919   0.4951   0.4984
    S      0.0   0.0733   0.0687    0.681    0.134   0.0559   0.1051   0.0587   0.2752   0.0832    0.124   0.1664    0.107   0.1141   0.1501   0.1052   0.1315   0.1393   0.0944   0.0258   0.1216   0.6496   0.2679   0.0269   0.0319     0.07   0.8744   0.0413   0.0416   0.6109   0.3847   0.3231   0.2693   0.2508   0.5641   0.1257   0.0462   0.2674   0.1426    0.271   0.4412   0.2422   0.0021   0.0743   0.0306   0.0961   0.0815   0.1667   0.0671   0.0176   0.1553   0.5183   0.1087   0.5432   0.1525   0.0523   0.1328    0.609   0.2613   0.1527   0.0638   0.0331    0.157   0.1107   0.0485   0.1821   0.4929   0.4157   0.6658   0.0559    0.105   0.0332   0.2564   0.2341   0.0813   0.5611   0.0186   0.5696   0.0441   0.0219   0.1647   0.0305   0.5126   0.0436   0.0077   0.4311   0.0167   0.1303   0.3232    0.159    0.043   0.3898   0.1742   0.2513   0.0267    0.019   0.2092   0.3064   0.1702   0.2495   0.1521   0.7242   0.0572   0.0809   0.2203    0.064   0.0956   0.2922   0.4239   0.7282   0.3151    0.245   0.4305   0.2527   0.4621   0.1217   0.0961   0.0087   0.5179   0.1764   0.5238   0.3255   0.2005   0.1214   0.3542   0.1588   0.1671   0.0362   0.2905   0.0305   0.1522   0.5039   0.0483   0.2309   0.0958   0.3593   0.2909   0.1512   0.0311      1.0   0.3098   0.6501   0.7215   0.0512    0.516   0.0822   0.2204   0.2114   0.0099   0.0038   0.4862   0.0289    0.249   0.1887   0.3483
  snr   -15.24
    H     4.66
 exon    False

M: qpsk
 freq      0.0   0.0032   0.0065   0.0097   0.0129   0.0162   0.0194   0.0227   0.0259   0.0291   0.0324   0.0356   0.0388   0.0421   0.0453   0.0485   0.0518    0.055   0.0583   0.0615   0.0647    0.068   0.0712   0.0744   0.0777   0.0809   0.0841   0.0874   0.0906   0.0939   0.0971   0.1003   0.1036   0.1068     0.11   0.1133   0.1165   0.1197    0.123   0.1262   0.1294   0.1327   0.1359   0.1392   0.1424   0.1456   0.1489   0.1521   0.1553   0.1586   0.1618    0.165   0.1683   0.1715   0.1748    0.178   0.1812   0.1845   0.1877   0.1909   0.1942   0.1974   0.2006   0.2039   0.2071   0.2104   0.2136   0.2168   0.2201   0.2233   0.2265   0.2298    0.233   0.2362   0.2395   0.2427    0.246   0.2492   0.2524   0.2557   0.2589   0.2621   0.2654   0.2686   0.2718   0.2751   0.2783   0.2816   0.2848    0.288   0.2913   0.2945   0.2977    0.301   0.3042   0.3074   0.3107   0.3139   0.3172   0.3204   0.3236   0.3269   0.3301   0.3333   0.3366   0.3398    0.343   0.3463   0.3495   0.3528    0.356   0.3592   0.3625   0.3657   0.3689   0.3722   0.3754   0.3786   0.3819   0.3851   0.3883   0.3916   0.3948   0.3981   0.4013   0.4045   0.4078    0.411   0.4142   0.4175   0.4207   0.4239   0.4272   0.4304   0.4337   0.4369   0.4401   0.4434   0.4466   0.4498   0.4531   0.4563   0.4595   0.4628    0.466   0.4693   0.4725   0.4757    0.479   0.4822   0.4854   0.4887   0.4919   0.4951   0.4984
    S      0.0   0.1152    0.278      1.0   0.0586   0.1776   0.3033   0.1795   0.2101   0.0729   0.4041   0.0596   0.2618   0.2716    0.327   0.2353   0.2005    0.144   0.0715   0.4242   0.4005   0.3696   0.7676   0.0601   0.2333   0.4241   0.3638   0.1365   0.2259   0.5603   0.3502   0.1743   0.0954    0.127   0.3476   0.1605   0.0496   0.3107    0.044   0.0101   0.4881   0.1507   0.1018   0.0982   0.1822   0.0283   0.1698   0.0141   0.0399    0.155   0.0359   0.2405   0.1859   0.5916   0.3737    0.188   0.1817   0.3169   0.2233   0.1785   0.5736   0.3181   0.4775   0.1431   0.0364   0.1643   0.4922    0.317   0.5928   0.0493    0.063   0.7782   0.2493   0.4993   0.2649   0.2091   0.1744   0.5452   0.1053   0.1432   0.0686   0.1001   0.2286    0.137   0.1812   0.1556   0.3227   0.0406   0.2518   0.2095   0.0678   0.1724   0.0491   0.4229   0.0815   0.1523   0.1405   0.2129   0.0197   0.6392   0.4268    0.508   0.0664   0.1584   0.4044   0.1578   0.0454   0.1537   0.3649   0.1459    0.182   0.4284   0.5025   0.2315   0.3204   0.0614   0.2557    0.304   0.2372   0.3015   0.4266   0.3545   0.1196   0.1738   0.2169   0.1214   0.5095   0.1355   0.2123   0.0694   0.1625   0.3281   0.2829   0.3048   0.1462   0.3861   0.5047   0.2376   0.1076   0.6133    0.342   0.5294   0.2511   0.5142   0.1959    0.155   0.3701   0.0949   0.2971   0.1284   0.4494   0.2779   0.6396   0.3845    0.164
  snr   -15.83
    H     4.81
 exon    False

M: mem
 freq      0.0   0.0032   0.0065   0.0097    0.013   0.0162   0.0195   0.0227    0.026   0.0292   0.0325   0.0357    0.039   0.0422   0.0455   0.0487   0.0519   0.0552   0.0584   0.0617   0.0649   0.0682   0.0714   0.0747   0.0779   0.0812   0.0844   0.0877   0.0909   0.0942   0.0974   0.1006   0.1039   0.1071   0.1104   0.1136   0.1169   0.1201   0.1234   0.1266   0.1299   0.1331   0.1364   0.1396   0.1429   0.1461   0.1494   0.1526   0.1558   0.1591   0.1623   0.1656   0.1688   0.1721   0.1753   0.1786   0.1818   0.1851   0.1883   0.1916   0.1948   0.1981   0.2013   0.2045   0.2078    0.211   0.2143   0.2175   0.2208    0.224   0.2273   0.2305   0.2338    0.237   0.2403   0.2435   0.2468     0.25   0.2532   0.2565   0.2597    0.263   0.2662   0.2695   0.2727    0.276   0.2792   0.2825   0.2857    0.289   0.2922   0.2955   0.2987   0.3019   0.3052   0.3084   0.3117   0.3149   0.3182   0.3214   0.3247   0.3279   0.3312   0.3344   0.3377   0.3409   0.3442   0.3474   0.3506   0.3539   0.3571   0.3604   0.3636   0.3669   0.3701   0.3734   0.3766   0.3799   0.3831   0.3864   0.3896   0.3929   0.3961   0.3994   0.4026   0.4058   0.4091   0.4123   0.4156   0.4188   0.4221   0.4253   0.4286   0.4318   0.4351   0.4383   0.4416   0.4448   0.4481   0.4513   0.4545   0.4578    0.461   0.4643   0.4675   0.4708    0.474   0.4773   0.4805   0.4838    0.487   0.4903   0.4935   0.4968
    S      0.0   0.2276   0.3047   0.2664   0.0076   0.0248   0.3264   0.2141   0.0969   0.0498      1.0   0.5065   0.6452   0.0388   0.2278   0.0617   0.5621   0.1003   0.4543   0.8624   0.1748   0.1104   0.0062   0.1169   0.3093   0.6061   0.0136   0.1767   0.6198   0.3915   0.3734   0.1934     0.36    0.269   0.0552   0.0951   0.0519   0.2989   0.1215   0.2578   0.0804   0.0304   0.1729   0.0647   0.1723   0.2869   0.2371   0.1377   0.0229   0.2341   0.0471   0.1016   0.0462   0.2403   0.3278   0.0962   0.2284   0.1613   0.2498   0.0423   0.0951   0.1016   0.3691   0.0215   0.0652   0.0939   0.2033   0.0607   0.4103   0.0307   0.1856   0.3148   0.1326   0.0618   0.1048   0.3475   0.0636   0.3789   0.0017   0.0786   0.0858   0.2245     0.03   0.5077   0.0462    0.063    0.123   0.0464   0.3843   0.0796   0.0365   0.0286   0.0692   0.0804   0.1292   0.1243    0.007   0.0856    0.424   0.3303   0.0142   0.0425   0.0011   0.1551   0.1537   0.1705    0.003   0.0976   0.3273    0.307   0.1089   0.0071   0.2107   0.1158     0.01   0.0987   0.1352   0.0017    0.004   0.0148   0.1702   0.1839   0.0611   0.0585    0.605   0.1312   0.3925   0.0142   0.2948   0.0189   0.0265   0.0263   0.1481   0.2102   0.0208   0.4809   0.1272   0.0725   0.0061   0.0832    0.069   0.0025   0.1923   0.4595   0.0054   0.1847   0.0142   0.0764   0.7715   0.0094   0.0543   0.0135   0.3035   0.3163
  snr   -14.18
    H     4.58
 exon    False

M: alg1
 freq      0.0   0.0032   0.0065   0.0097   0.0129   0.0162   0.0194   0.0227   0.0259   0.0291   0.0324   0.0356   0.0388   0.0421   0.0453   0.0485   0.0518    0.055   0.0583   0.0615   0.0647    0.068   0.0712   0.0744   0.0777   0.0809   0.0841   0.0874   0.0906   0.0939   0.0971   0.1003   0.1036   0.1068     0.11   0.1133   0.1165   0.1197    0.123   0.1262   0.1294   0.1327   0.1359   0.1392   0.1424   0.1456   0.1489   0.1521   0.1553   0.1586   0.1618    0.165   0.1683   0.1715   0.1748    0.178   0.1812   0.1845   0.1877   0.1909   0.1942   0.1974   0.2006   0.2039   0.2071   0.2104   0.2136   0.2168   0.2201   0.2233   0.2265   0.2298    0.233   0.2362   0.2395   0.2427    0.246   0.2492   0.2524   0.2557   0.2589   0.2621   0.2654   0.2686   0.2718   0.2751   0.2783   0.2816   0.2848    0.288   0.2913   0.2945   0.2977    0.301   0.3042   0.3074   0.3107   0.3139   0.3172   0.3204   0.3236   0.3269   0.3301   0.3333   0.3366   0.3398    0.343   0.3463   0.3495   0.3528    0.356   0.3592   0.3625   0.3657   0.3689   0.3722   0.3754   0.3786   0.3819   0.3851   0.3883   0.3916   0.3948   0.3981   0.4013   0.4045   0.4078    0.411   0.4142   0.4175   0.4207   0.4239   0.4272   0.4304   0.4337   0.4369   0.4401   0.4434   0.4466   0.4498   0.4531   0.4563   0.4595   0.4628    0.466   0.4693   0.4725   0.4757    0.479   0.4822   0.4854   0.4887   0.4919   0.4951   0.4984
    S      0.0   0.2443   0.4906      1.0   0.0833   0.1365   0.5014    0.333   0.1993   0.0367   0.8593   0.3338   0.6039   0.1765   0.4546   0.1085   0.6162    0.091   0.2086   0.8191   0.2406   0.3737   0.4376   0.1608   0.4986   0.7591   0.4112   0.2313   0.4576   0.7705   0.2177   0.2674   0.0865   0.2792    0.361   0.2506   0.0416   0.5334    0.044   0.1126   0.6041   0.0893   0.2135   0.0383   0.1805   0.3185   0.3341   0.1065   0.0278   0.2618   0.0173   0.3122   0.1824   0.6366   0.6514   0.2389   0.2763   0.1578   0.2213   0.2297   0.4805   0.2959   0.7208   0.1109   0.1193   0.3127   0.6011   0.2841   0.8592   0.0586   0.1369   0.8058   0.1393   0.4474   0.3582   0.2647    0.215     0.64   0.1213   0.0827   0.0327   0.2378   0.0861   0.2446   0.2053   0.1389   0.3545   0.0263   0.2141   0.3114   0.1706   0.0329   0.0745   0.5817   0.1987   0.1135   0.1668   0.2935   0.1634   0.8656   0.1892   0.5936   0.0921   0.2503   0.3399   0.3425   0.0596   0.1548   0.4288   0.2001   0.1218   0.4131   0.6559    0.375   0.2377   0.0432   0.2603    0.306   0.2476   0.1304   0.4189   0.1881   0.0816    0.154   0.2431   0.2113     0.78   0.0898   0.2892   0.1092   0.2383   0.3204    0.212   0.2289   0.1792   0.0981   0.8826   0.3185   0.1507   0.6713   0.2361   0.2566   0.2574    0.964   0.0271   0.1717   0.2353   0.0927   0.5632   0.3002   0.5896   0.1575   0.6463   0.3627   0.1855
  snr   -16.61
    H     4.78
 exon    False

M: alg2
 freq      0.0   0.0032   0.0065   0.0097   0.0129   0.0162   0.0194   0.0227   0.0259   0.0291   0.0324   0.0356   0.0388   0.0421   0.0453   0.0485   0.0518    0.055   0.0583   0.0615   0.0647    0.068   0.0712   0.0744   0.0777   0.0809   0.0841   0.0874   0.0906   0.0939   0.0971   0.1003   0.1036   0.1068     0.11   0.1133   0.1165   0.1197    0.123   0.1262   0.1294   0.1327   0.1359   0.1392   0.1424   0.1456   0.1489   0.1521   0.1553   0.1586   0.1618    0.165   0.1683   0.1715   0.1748    0.178   0.1812   0.1845   0.1877   0.1909   0.1942   0.1974   0.2006   0.2039   0.2071   0.2104   0.2136   0.2168   0.2201   0.2233   0.2265   0.2298    0.233   0.2362   0.2395   0.2427    0.246   0.2492   0.2524   0.2557   0.2589   0.2621   0.2654   0.2686   0.2718   0.2751   0.2783   0.2816   0.2848    0.288   0.2913   0.2945   0.2977    0.301   0.3042   0.3074   0.3107   0.3139   0.3172   0.3204   0.3236   0.3269   0.3301   0.3333   0.3366   0.3398    0.343   0.3463   0.3495   0.3528    0.356   0.3592   0.3625   0.3657   0.3689   0.3722   0.3754   0.3786   0.3819   0.3851   0.3883   0.3916   0.3948   0.3981   0.4013   0.4045   0.4078    0.411   0.4142   0.4175   0.4207   0.4239   0.4272   0.4304   0.4337   0.4369   0.4401   0.4434   0.4466   0.4498   0.4531   0.4563   0.4595   0.4628    0.466   0.4693   0.4725   0.4757    0.479   0.4822   0.4854   0.4887   0.4919   0.4951   0.4984
    S      0.0   0.1988   0.2927   0.5711   0.0465   0.1431   0.5295   0.2389   0.1236    0.002   0.1392   0.2683   0.3166   0.1464   0.0337    0.101   0.4763   0.0552   0.1051   0.2392   0.0197   0.0345   0.4151   0.0641   0.3646   0.5411   0.1941   0.0765   0.1037   0.0664   0.1947   0.0958   0.0852   0.1076   0.0697   0.0835   0.0025   0.2369   0.0222   0.1323   0.0692   0.0114   0.1601   0.0016   0.0795   0.2661   0.1568   0.1079   0.0202   0.1856    0.011   0.1074   0.1144   0.0899   0.0711   0.1924    0.022   0.0708   0.0299   0.0921   0.4404   0.0706   0.6223   0.0659    0.058   0.3256   0.1694   0.0651   0.0761   0.0172   0.0549   0.5496   0.1036    0.025    0.273   0.1578   0.1579   0.0307   0.0461   0.0067   0.0082   0.1106   0.0201   0.0245   0.1715   0.0363   0.3805   0.0109   0.0907   0.1161   0.1676   0.0104   0.0475   0.5755   0.1936   0.0164   0.0565   0.2257   0.1856   0.0013   0.1326   0.1569   0.0401   0.0727   0.2746   0.0723   0.0116   0.0269   0.0047   0.1379   0.0573   0.1525   0.0974   0.1481   0.0545    0.005   0.0817   0.3122    0.046   0.1009   0.0092   0.1673   0.0521   0.0538    0.065   0.0612     0.03   0.0529   0.0721   0.0085   0.0598   0.0227   0.1093    0.196    0.009   0.0989   0.4221   0.0756   0.1048   0.0623   0.1404   0.0719    0.123      1.0   0.0073   0.1463   0.0746   0.0099   0.3242   0.1964   0.0094   0.1286   0.3967   0.2356   0.1972
  snr   -13.08
    H     4.58
 exon    False