>YPR200C
N: 393
Methods: voss, eiip, qpsk, mem, tbpse, snrse

M: voss
 freq      0.0   0.0025   0.0051   0.0076   0.0102   0.0127   0.0153   0.0178   0.0204   0.0229   0.0254    0.028   0.0305   0.0331   0.0356   0.0382   0.0407   0.0433   0.0458   0.0483   0.0509   0.0534    0.056   0.0585   0.0611   0.0636   0.0662   0.0687   0.0712   0.0738   0.0763   0.0789   0.0814    0.084   0.0865   0.0891   0.0916   0.0941   0.0967   0.0992   0.1018   0.1043   0.1069   0.1094    0.112   0.1145    0.117   0.1196   0.1221   0.1247   0.1272   0.1298   0.1323   0.1349   0.1374   0.1399   0.1425    0.145   0.1476   0.1501   0.1527   0.1552   0.1578   0.1603   0.1628   0.1654   0.1679   0.1705    0.173   0.1756   0.1781   0.1807   0.1832   0.1858   0.1883   0.1908   0.1934   0.1959   0.1985    0.201   0.2036   0.2061   0.2087   0.2112   0.2137   0.2163   0.2188   0.2214   0.2239   0.2265    0.229   0.2316   0.2341   0.2366   0.2392   0.2417   0.2443   0.2468   0.2494   0.2519   0.2545    0.257   0.2595   0.2621   0.2646   0.2672   0.2697   0.2723   0.2748   0.2774   0.2799   0.2824    0.285   0.2875   0.2901   0.2926   0.2952   0.2977   0.3003   0.3028   0.3053   0.3079   0.3104    0.313   0.3155   0.3181   0.3206   0.3232   0.3257   0.3282   0.3308   0.3333   0.3359   0.3384    0.341   0.3435   0.3461   0.3486   0.3511   0.3537   0.3562   0.3588   0.3613   0.3639   0.3664    0.369   0.3715    0.374   0.3766   0.3791   0.3817   0.3842   0.3868   0.3893   0.3919   0.3944   0.3969   0.3995    0.402   0.4046   0.4071   0.4097   0.4122   0.4148   0.4173   0.4198   0.4224   0.4249   0.4275     0.43   0.4326   0.4351   0.4377   0.4402   0.4427   0.4453   0.4478   0.4504   0.4529   0.4555    0.458   0.4606   0.4631   0.4656   0.4682   0.4707   0.4733   0.4758   0.4784   0.4809   0.4835    0.486   0.4885   0.4911   0.4936   0.4962   0.4987
    S      0.0   0.2155   0.1071   0.5171   0.4942   0.3874   0.3647   0.2212   0.2511   0.1103   0.3027   0.0907   0.2428   0.2879   0.1375   0.4678   0.1091   0.2481   0.1475   0.2294   0.2927   0.3081   0.0504   0.4659   0.6173   0.2007   0.3074   0.6865   0.3489   0.1853   0.2966   0.4189   0.1746   0.4342   0.0504   0.1612    0.218   0.3804   0.0519    0.324   0.8572   0.3759   0.1576   0.7199   0.4805   0.1413   0.1783   0.1663   0.5483   0.3721   0.5505   0.1707   0.4374   0.1562   0.1341     0.47   0.2122   0.2781   0.5552   0.7782   0.3155   0.3574   0.5742   0.2971   0.2805   0.5162   0.2717   0.3089   0.3315   0.3202   0.3159   0.2107   0.1418   0.2413   0.2096    0.324   0.1645   0.2035   0.6191   0.6219   0.3041   0.3804   0.3831    0.252   0.0938   0.2039   0.2954   0.2956   0.2515   0.2371   0.2197   0.6136    0.329   0.1921   0.2126   0.1131   0.1687   0.3015   0.3618   0.3371      1.0   0.3058   0.2532    0.981   0.2242   0.1034    0.223   0.2722   0.2462   0.3644    0.084   0.1396   0.2839   0.0904   0.1087   0.2063   0.2477   0.3723   0.4416   0.5264   0.4743   0.5011   0.5004   0.1702   0.1597   0.1657   0.1609   0.3885   0.1981   0.3189   0.5991   0.7422   0.1557   0.2513    0.348   0.0786   0.3182   0.6635   0.2658   0.3418   0.1255   0.3065   0.2033   0.3037    0.015   0.3505   0.5094   0.3644   0.1463   0.4307    0.237   0.2998   0.2932   0.2366   0.5163   0.3151   0.2931   0.2702   0.3217   0.2189   0.4196   0.1472   0.5481   0.2701   0.1849   0.0766   0.1482   0.1367   0.1396   0.1948   0.2594   0.1199   0.0578   0.3022   0.2665   0.2068   0.0636   0.6754   0.0776   0.2869   0.1456   0.3507   0.2409   0.3433    0.432   0.2993   0.1877   0.8662   0.1822   0.1455   0.3194   0.1321   0.1653   0.1447   0.0901   0.0551   0.2588
  snr   -17.62
    H     5.12
 exon    False

M: eiip
 freq      0.0   0.0025   0.0051   0.0076   0.0102   0.0127   0.0153   0.0178   0.0204   0.0229   0.0254    0.028   0.0305   0.0331   0.0356   0.0382   0.0407   0.0433   0.0458   0.0483   0.0509   0.0534    0.056   0.0585   0.0611   0.0636   0.0662   0.0687   0.0712   0.0738   0.0763   0.0789   0.0814    0.084   0.0865   0.0891   0.0916   0.0941   0.0967   0.0992   0.1018   0.1043   0.1069   0.1094    0.112   0.1145    0.117   0.1196   0.1221   0.1247   0.1272   0.1298   0.1323   0.1349   0.1374   0.1399   0.1425    0.145   0.1476   0.1501   0.1527   0.1552   0.1578   0.1603   0.1628   0.1654   0.1679   0.1705    0.173   0.1756   0.1781   0.1807   0.1832   0.1858   0.1883   0.1908   0.1934   0.1959   0.1985    0.201   0.2036   0.2061   0.2087   0.2112   0.2137   0.2163   0.2188   0.2214   0.2239   0.2265    0.229   0.2316   0.2341   0.2366   0.2392   0.2417   0.2443   0.2468   0.2494   0.2519   0.2545    0.257   0.2595   0.2621   0.2646   0.2672   0.2697   0.2723   0.2748   0.2774   0.2799   0.2824    0.285   0.2875   0.2901   0.2926   0.2952   0.2977   0.3003   0.3028   0.3053   0.3079   0.3104    0.313   0.3155   0.3181   0.3206   0.3232   0.3257   0.3282   0.3308   0.3333   0.3359   0.3384    0.341   0.3435   0.3461   0.3486   0.3511   0.3537   0.3562   0.3588   0.3613   0.3639   0.3664    0.369   0.3715    0.374   0.3766   0.3791   0.3817   0.3842   0.3868   0.3893   0.3919   0.3944   0.3969   0.3995    0.402   0.4046   0.4071   0.4097   0.4122   0.4148   0.4173   0.4198   0.4224   0.4249   0.4275     0.43   0.4326   0.4351   0.4377   0.4402   0.4427   0.4453   0.4478   0.4504   0.4529   0.4555    0.458   0.4606   0.4631   0.4656   0.4682   0.4707   0.4733   0.4758   0.4784   0.4809   0.4835    0.486   0.4885   0.4911   0.4936   0.4962   0.4987
    S      0.0   0.2414   0.0187   0.0489    0.214   0.1557    0.018   0.0231   0.1219    0.063    0.035   0.0402   0.1183   0.3796   0.0488   0.1738   0.0175   0.0867   0.0074   0.0623   0.2871   0.3589   0.0403   0.3682   0.8759   0.0426   0.0268   0.7001   0.3157   0.2124    0.059   0.2279   0.0407   0.2287   0.0505   0.0139   0.0603   0.3202   0.0098   0.1977   0.0214   0.4474   0.0214    0.016   0.2491   0.0567   0.0239   0.0152   0.3712   0.0936   0.3707   0.0487   0.0602   0.0969   0.0532    0.083   0.3211   0.0435   0.0111   0.1172   0.1757   0.2897   0.0489   0.1042    0.141    0.321   0.0655    0.062   0.0179    0.159   0.1534    0.092   0.1555    0.164   0.0535    0.093    0.041   0.2597   0.4434   0.1712   0.0187   0.4126   0.1595   0.1374   0.0309   0.0129   0.0213   0.1564   0.1185   0.0771   0.1348    0.298   0.0222   0.1086   0.0001   0.0333   0.0922   0.0369   0.2592    0.009    0.451   0.0277   0.2918   0.6978   0.0711   0.0798   0.1045    0.109   0.1781   0.4684   0.0138   0.1878   0.0093   0.0472    0.024   0.2238   0.0971   0.2775   0.0559   0.2513   0.1955   0.1087   0.1579   0.1346    0.029   0.0711   0.0142   0.2783   0.1187   0.2596   0.1438   0.5289   0.0428   0.1723   0.1692    0.064   0.1728   0.3142   0.0068    0.141   0.0575   0.2936   0.1901   0.2556   0.0108   0.3352   0.1099   0.1556   0.1871   0.0793   0.1675   0.2003   0.0274   0.1744   0.1927    0.068   0.1587   0.1012   0.3797   0.0297   0.0282   0.0952   0.0081    0.276    0.012   0.0145   0.1719   0.0173   0.1005    0.097   0.0868   0.0372   0.0443   0.0007    0.115   0.0955   0.0071   0.0073   0.0097   0.2234   0.1488   0.0982    0.207   0.0784   0.2463   0.3097   0.1161      1.0   0.1736   0.1378   0.0438   0.0918   0.0428   0.1269   0.0639   0.0079   0.2594
  snr    -14.4
    H     4.85
 exon    False

M: qpsk
 freq      0.0   0.0025   0.0051   0.0076   0.0102   0.0127   0.0153   0.0178   0.0204   0.0229   0.0254    0.028   0.0305   0.0331   0.0356   0.0382   0.0407   0.0433   0.0458   0.0483   0.0509   0.0534    0.056   0.0585   0.0611   0.0636   0.0662   0.0687   0.0712   0.0738   0.0763   0.0789   0.0814    0.084   0.0865   0.0891   0.0916   0.0941   0.0967   0.0992   0.1018   0.1043   0.1069   0.1094    0.112   0.1145    0.117   0.1196   0.1221   0.1247   0.1272   0.1298   0.1323   0.1349   0.1374   0.1399   0.1425    0.145   0.1476   0.1501   0.1527   0.1552   0.1578   0.1603   0.1628   0.1654   0.1679   0.1705    0.173   0.1756   0.1781   0.1807   0.1832   0.1858   0.1883   0.1908   0.1934   0.1959   0.1985    0.201   0.2036   0.2061   0.2087   0.2112   0.2137   0.2163   0.2188   0.2214   0.2239   0.2265    0.229   0.2316   0.2341   0.2366   0.2392   0.2417   0.2443   0.2468   0.2494   0.2519   0.2545    0.257   0.2595   0.2621   0.2646   0.2672   0.2697   0.2723   0.2748   0.2774   0.2799   0.2824    0.285   0.2875   0.2901   0.2926   0.2952   0.2977   0.3003   0.3028   0.3053   0.3079   0.3104    0.313   0.3155   0.3181   0.3206   0.3232   0.3257   0.3282   0.3308   0.3333   0.3359   0.3384    0.341   0.3435   0.3461   0.3486   0.3511   0.3537   0.3562   0.3588   0.3613   0.3639   0.3664    0.369   0.3715    0.374   0.3766   0.3791   0.3817   0.3842   0.3868   0.3893   0.3919   0.3944   0.3969   0.3995    0.402   0.4046   0.4071   0.4097   0.4122   0.4148   0.4173   0.4198   0.4224   0.4249   0.4275     0.43   0.4326   0.4351   0.4377   0.4402   0.4427   0.4453   0.4478   0.4504   0.4529   0.4555    0.458   0.4606   0.4631   0.4656   0.4682   0.4707   0.4733   0.4758   0.4784   0.4809   0.4835    0.486   0.4885   0.4911   0.4936   0.4962   0.4987
    S      0.0   0.0471   0.0803    0.206   0.5042   0.1879   0.2137   0.1096   0.2592   0.0612   0.2635   0.0982   0.2043   0.2632   0.1282   0.2461    0.048   0.1569   0.1248   0.2233   0.3311   0.3471   0.0333   0.1564   0.6602   0.1112   0.3105   0.7571   0.1385   0.2067   0.2893   0.3513   0.0595   0.1842   0.0397   0.0451   0.1498   0.3975   0.0457   0.3516   0.2787   0.4216   0.1538   0.1521    0.527   0.1505   0.1627   0.0912    0.213   0.2867   0.3872   0.0904   0.3811   0.0233   0.1278   0.3377   0.1993   0.1581   0.2739   0.8263   0.3376   0.2433   0.2417   0.1852   0.2766    0.254   0.1569   0.3204   0.0624   0.1832   0.1579   0.1889   0.1439   0.2518   0.0682    0.178   0.1542   0.1939   0.2734   0.2949   0.1942   0.3573    0.274   0.2263    0.104   0.1137   0.0967    0.236   0.2252   0.2362   0.1195   0.6571   0.1235    0.065   0.1551   0.0616   0.1616   0.3232   0.3811   0.1793   0.9348   0.1742   0.2517      1.0   0.1851   0.0794   0.2472   0.2815   0.2578   0.3905   0.0744   0.1117   0.2079   0.0747   0.1049   0.2046   0.2181   0.3073   0.4562   0.5566   0.3115   0.4753   0.5437   0.1564   0.1648   0.0018   0.1218   0.2247   0.2218   0.3015   0.3277   0.7551   0.1401   0.1798   0.3633   0.0852   0.0399   0.4577   0.1931   0.0014   0.0557   0.0599   0.0714   0.3327   0.0105    0.264   0.4694   0.0082    0.096   0.4181   0.2337   0.3154    0.288   0.1665   0.2383    0.287   0.0826   0.0343   0.2286   0.1064   0.1314   0.1547    0.221   0.2534   0.0912   0.0486    0.076   0.0928   0.1549   0.1658   0.1514   0.0927   0.0386   0.2447   0.2709   0.1434   0.0685   0.7328   0.0138   0.2965   0.1631   0.3044   0.1211   0.3851   0.1717   0.2921   0.1706   0.4703   0.1849     0.16    0.297   0.0423   0.1238   0.1549   0.0611    0.051   0.2602
  snr   -16.32
    H     5.04
 exon    False

M: mem
 freq      0.0   0.0026   0.0051   0.0077   0.0102   0.0128   0.0153   0.0179   0.0204    0.023   0.0255   0.0281   0.0306   0.0332   0.0357   0.0383   0.0408   0.0434   0.0459   0.0485    0.051   0.0536   0.0561   0.0587   0.0612   0.0638   0.0663   0.0689   0.0714    0.074   0.0765   0.0791   0.0816   0.0842   0.0867   0.0893   0.0918   0.0944   0.0969   0.0995    0.102   0.1046   0.1071   0.1097   0.1122   0.1148   0.1173   0.1199   0.1224    0.125   0.1276   0.1301   0.1327   0.1352   0.1378   0.1403   0.1429   0.1454    0.148   0.1505   0.1531   0.1556   0.1582   0.1607   0.1633   0.1658   0.1684   0.1709   0.1735    0.176   0.1786   0.1811   0.1837   0.1862   0.1888   0.1913   0.1939   0.1964    0.199   0.2015   0.2041   0.2066   0.2092   0.2117   0.2143   0.2168   0.2194   0.2219   0.2245    0.227   0.2296   0.2321   0.2347   0.2372   0.2398   0.2423   0.2449   0.2474     0.25   0.2526   0.2551   0.2577   0.2602   0.2628   0.2653   0.2679   0.2704    0.273   0.2755   0.2781   0.2806   0.2832   0.2857   0.2883   0.2908   0.2934   0.2959   0.2985    0.301   0.3036   0.3061   0.3087   0.3112   0.3138   0.3163   0.3189   0.3214    0.324   0.3265   0.3291   0.3316   0.3342   0.3367   0.3393   0.3418   0.3444   0.3469   0.3495    0.352   0.3546   0.3571   0.3597   0.3622   0.3648   0.3673   0.3699   0.3724    0.375   0.3776   0.3801   0.3827   0.3852   0.3878   0.3903   0.3929   0.3954    0.398   0.4005   0.4031   0.4056   0.4082   0.4107   0.4133   0.4158   0.4184   0.4209   0.4235    0.426   0.4286   0.4311   0.4337   0.4362   0.4388   0.4413   0.4439   0.4464    0.449   0.4515   0.4541   0.4566   0.4592   0.4617   0.4643   0.4668   0.4694   0.4719   0.4745    0.477   0.4796   0.4821   0.4847   0.4872   0.4898   0.4923   0.4949   0.4974
    S      0.0   0.1157   0.0267    0.025   0.1793    0.544   0.2056   0.0282   0.2196   0.2392   0.1813   0.0742   0.0389   0.1577   0.1587   0.0193   0.1505   0.5115   0.1305   0.1602   0.0894   0.2704   0.0683   0.3241   0.3778   0.0182   0.4525   0.8288   0.0814   0.0401   0.4765   0.0495    0.135   0.1101    0.051   0.1288   0.0759   0.1388    0.067   0.5068   0.3268   0.3368    0.195   0.0143   0.7064   0.0935   0.3586   0.2084     0.11   0.0602   0.0558   0.1114   0.3421   0.0344   0.0961   0.2251   0.1993   0.1281   0.1494      1.0   0.0882   0.4368   0.1648   0.1697   0.6218   0.6688   0.2653   0.2367    0.105   0.1703   0.1117   0.0444   0.1191   0.0992   0.0104   0.1609   0.0477   0.1367   0.0044   0.1415   0.2212   0.4012   0.4339   0.1286   0.0307   0.0456   0.0079   0.0168   0.0409   0.1215   0.0358   0.3168   0.0101   0.0157    0.198   0.0643    0.024   0.7129   0.1389   0.2091   0.8561   0.0334   0.2371   0.0088   0.2155   0.0332   0.0981   0.1104   0.0192   0.4531   0.0392   0.0222   0.3308   0.0915   0.0411   0.2688   0.0155   0.1837   0.4256   0.2136   0.0508    0.694   0.0794   0.0378   0.1948   0.0278   0.1092   0.0077   0.2618   0.1935   0.7243   0.0341   0.0064   0.0328   0.3593   0.0656   0.1421   0.2434     0.25    0.189   0.1627   0.0173   0.0808   0.0975   0.0712   0.0168   0.4211   0.2959   0.0422   0.5684   0.3306   0.4958   0.2108   0.1091   0.1469   0.6294   0.1115   0.0433   0.1948   0.0247   0.0656   0.2264   0.1387   0.0084   0.0103   0.0407   0.0657   0.0938   0.1171   0.6501   0.0206   0.0429   0.0624   0.2807   0.0679   0.0295   0.6937   0.3432   0.1015   0.0792   0.0614   0.6018   0.0922   0.2332   0.0902   0.2038   0.4606   0.3005   0.1326   0.0849   0.2489   0.0234   0.0381   0.0581   0.2177   0.0174
  snr   -15.52
    H     4.83
 exon    False

M: tbpse
 freq      0.0   0.0025   0.0051   0.0076   0.0102   0.0127   0.0153   0.0178   0.0204   0.0229   0.0254    0.028   0.0305   0.0331   0.0356   0.0382   0.0407   0.0433   0.0458   0.0483   0.0509   0.0534    0.056   0.0585   0.0611   0.0636   0.0662   0.0687   0.0712   0.0738   0.0763   0.0789   0.0814    0.084   0.0865   0.0891   0.0916   0.0941   0.0967   0.0992   0.1018   0.1043   0.1069   0.1094    0.112   0.1145    0.117   0.1196   0.1221   0.1247   0.1272   0.1298   0.1323   0.1349   0.1374   0.1399   0.1425    0.145   0.1476   0.1501   0.1527   0.1552   0.1578   0.1603   0.1628   0.1654   0.1679   0.1705    0.173   0.1756   0.1781   0.1807   0.1832   0.1858   0.1883   0.1908   0.1934   0.1959   0.1985    0.201   0.2036   0.2061   0.2087   0.2112   0.2137   0.2163   0.2188   0.2214   0.2239   0.2265    0.229   0.2316   0.2341   0.2366   0.2392   0.2417   0.2443   0.2468   0.2494   0.2519   0.2545    0.257   0.2595   0.2621   0.2646   0.2672   0.2697   0.2723   0.2748   0.2774   0.2799   0.2824    0.285   0.2875   0.2901   0.2926   0.2952   0.2977   0.3003   0.3028   0.3053   0.3079   0.3104    0.313   0.3155   0.3181   0.3206   0.3232   0.3257   0.3282   0.3308   0.3333   0.3359   0.3384    0.341   0.3435   0.3461   0.3486   0.3511   0.3537   0.3562   0.3588   0.3613   0.3639   0.3664    0.369   0.3715    0.374   0.3766   0.3791   0.3817   0.3842   0.3868   0.3893   0.3919   0.3944   0.3969   0.3995    0.402   0.4046   0.4071   0.4097   0.4122   0.4148   0.4173   0.4198   0.4224   0.4249   0.4275     0.43   0.4326   0.4351   0.4377   0.4402   0.4427   0.4453   0.4478   0.4504   0.4529   0.4555    0.458   0.4606   0.4631   0.4656   0.4682   0.4707   0.4733   0.4758   0.4784   0.4809   0.4835    0.486   0.4885   0.4911   0.4936   0.4962   0.4987
    S      0.0    0.013   0.0868    0.179   0.3726   0.0141   0.0869    0.159   0.1529   0.0027   0.1477   0.0559   0.1415    0.197   0.0367   0.2997   0.0289     0.01   0.0083   0.0304   0.2787   0.2631   0.0075   0.1052   0.5182   0.1417   0.0193   0.5256   0.0259   0.1606   0.0488   0.4141   0.0292   0.0854   0.0165   0.0518   0.1122   0.3747   0.0102   0.1092   0.5249   0.3391   0.0012   0.3388   0.1951   0.0985   0.0068   0.0441   0.0368   0.3363   0.1509   0.0074    0.255   0.0057   0.1045   0.2717   0.1311   0.2014   0.3372   0.1788    0.303   0.0719   0.2145   0.0349   0.0396   0.0117    0.016   0.1902    0.141   0.0999   0.0356   0.1539   0.0856   0.2181   0.0239   0.0218   0.1248   0.1264   0.0298   0.1296   0.1879   0.1368   0.0056   0.1236   0.0275   0.1375   0.1541   0.1606   0.2714   0.1255   0.0085   0.2139   0.1109   0.0506   0.0823   0.0386   0.1414   0.0089   0.2784   0.1322   0.8163   0.0482   0.1166      1.0   0.0309   0.0825   0.1067   0.0996   0.2756   0.2922   0.0535   0.0831   0.0491   0.0251   0.0761   0.0936   0.2503   0.3233   0.1754   0.1486   0.3006   0.2929   0.1474   0.0812   0.0857   0.0218   0.1202   0.0342   0.1347   0.1751   0.0572   0.8249   0.1206   0.0723   0.2388   0.0311   0.0356   0.1793   0.0944   0.0447   0.0672   0.0175   0.0559   0.2822   0.0109   0.1116   0.2011   0.0469    0.039   0.0583   0.1557   0.1876   0.0019   0.0739   0.0127   0.0133   0.1055   0.0242   0.1298   0.0295   0.1193   0.0486   0.2498   0.1211   0.1238    0.062    0.022   0.0843   0.0869   0.0068   0.0346   0.0089   0.0308   0.0397   0.0525   0.0097   0.0136   0.0199   0.0309    0.119   0.0979   0.2479   0.0557   0.0551   0.0267   0.1571    0.074   0.1632   0.0943   0.1524   0.1625   0.0301    0.059   0.0866   0.0038   0.0035   0.2074
  snr   -13.83
    H     4.82
 exon    False

M: snrse
 freq      0.0   0.0025   0.0051   0.0076   0.0102   0.0127   0.0153   0.0178   0.0204   0.0229   0.0254    0.028   0.0305   0.0331   0.0356   0.0382   0.0407   0.0433   0.0458   0.0483   0.0509   0.0534    0.056   0.0585   0.0611   0.0636   0.0662   0.0687   0.0712   0.0738   0.0763   0.0789   0.0814    0.084   0.0865   0.0891   0.0916   0.0941   0.0967   0.0992   0.1018   0.1043   0.1069   0.1094    0.112   0.1145    0.117   0.1196   0.1221   0.1247   0.1272   0.1298   0.1323   0.1349   0.1374   0.1399   0.1425    0.145   0.1476   0.1501   0.1527   0.1552   0.1578   0.1603   0.1628   0.1654   0.1679   0.1705    0.173   0.1756   0.1781   0.1807   0.1832   0.1858   0.1883   0.1908   0.1934   0.1959   0.1985    0.201   0.2036   0.2061   0.2087   0.2112   0.2137   0.2163   0.2188   0.2214   0.2239   0.2265    0.229   0.2316   0.2341   0.2366   0.2392   0.2417   0.2443   0.2468   0.2494   0.2519   0.2545    0.257   0.2595   0.2621   0.2646   0.2672   0.2697   0.2723   0.2748   0.2774   0.2799   0.2824    0.285   0.2875   0.2901   0.2926   0.2952   0.2977   0.3003   0.3028   0.3053   0.3079   0.3104    0.313   0.3155   0.3181   0.3206   0.3232   0.3257   0.3282   0.3308   0.3333   0.3359   0.3384    0.341   0.3435   0.3461   0.3486   0.3511   0.3537   0.3562   0.3588   0.3613   0.3639   0.3664    0.369   0.3715    0.374   0.3766   0.3791   0.3817   0.3842   0.3868   0.3893   0.3919   0.3944   0.3969   0.3995    0.402   0.4046   0.4071   0.4097   0.4122   0.4148   0.4173   0.4198   0.4224   0.4249   0.4275     0.43   0.4326   0.4351   0.4377   0.4402   0.4427   0.4453   0.4478   0.4504   0.4529   0.4555    0.458   0.4606   0.4631   0.4656   0.4682   0.4707   0.4733   0.4758   0.4784   0.4809   0.4835    0.486   0.4885   0.4911   0.4936   0.4962   0.4987
    S      0.0   0.0083   0.0563   0.0831   0.3861    0.046   0.0207   0.1613   0.0705   0.0098   0.1101   0.0475   0.1446   0.1463   0.0107   0.2326   0.0512   0.0505    0.015   0.1103   0.2669   0.1834   0.0011   0.0466   0.4248   0.1076   0.0222   0.2806   0.0541   0.1738   0.0179   0.3637   0.0473   0.0438   0.0054   0.0594   0.0585   0.2788   0.0012   0.1134   0.4722   0.2398   0.0319   0.2112    0.067    0.134   0.0251    0.013   0.0217   0.2168   0.2549   0.0069   0.2159   0.0024   0.0614   0.1156    0.102    0.187   0.2888   0.0184   0.3709   0.0198   0.0765    0.095   0.0893   0.0335    0.012   0.3216   0.0945   0.0336    0.086   0.1114   0.0768   0.1292   0.0111   0.0121   0.1293   0.1423   0.0943   0.0477   0.1835   0.1269   0.0357   0.1376   0.0692   0.0831   0.1205   0.2197    0.241    0.077   0.0364   0.4377   0.0419   0.0344   0.1253   0.0264   0.1439   0.0226   0.1554   0.2026   0.4721   0.0436   0.0862      1.0   0.0988   0.0667   0.0704   0.1799    0.243   0.1901   0.0696   0.0769   0.0471   0.0501   0.1118   0.0404   0.2392   0.3111   0.2579   0.3257   0.3522   0.2486   0.3212   0.1318   0.1324   0.0147   0.1553   0.1005   0.1553   0.2534   0.1678   0.7374   0.1175    0.112   0.1484   0.0108   0.0281   0.0845   0.1696   0.0267   0.0642   0.0098   0.0475   0.2898   0.0101   0.1105   0.3258   0.0385   0.0478    0.007   0.1308   0.1649   0.0617    0.022   0.0388   0.0578   0.0732   0.0049   0.1584   0.0352   0.0377    0.087   0.2513   0.1952   0.0842   0.0401   0.0245   0.0513   0.0606   0.0224   0.0055   0.0389   0.0272   0.0135   0.1476   0.0393   0.0228   0.1934     0.03   0.1848   0.0509   0.1184   0.0244   0.1197   0.0224   0.1596   0.0428   0.2018   0.1507   0.1126   0.2909   0.0387   0.0731   0.1331   0.0021   0.0053   0.2461
  snr   -13.62
    H     4.85
 exon    False